974 84
0 1374
1 2886
2 562
3 1410
4 2788
5 1185
6 179
7 2276
8 2115
9 1170
10 2474
11 1810
12 1116
13 1985
14 967
15 349
16 193
17 142
18 326
19 1303
20 2070
21 609
22 478
23 1524
24 762
25 1166
26 447
27 782
28 966
29 710
30 690
31 396
32 2563
33 1154
34 2595
35 1174
36 1999
37 1761
38 1773
39 633
40 2404
41 2776
42 2644
43 546
44 305
45 1581
46 2193
47 956
48 2623
49 1349
50 415
51 1195
52 3000
53 2192
54 2924
55 955
56 132
57 716
58 2280
59 1703
60 1118
61 776
62 1810
63 2097
64 1930
65 1437
66 572
67 2296
68 1873
69 2175
70 2957
71 851
72 2144
73 978
74 2655
75 385
76 2461
77 996
78 2505
79 1091
80 2108
81 2681
82 1351
83 276
84 2220
85 775
86 2690
87 143
88 2603
89 2910
90 381
91 560
92 513
93 1159
94 754
95 2082
96 772
97 926
98 799
99 2730
100 224
101 2118
102 53
103 2456
104 1526
105 782
106 658
107 2762
108 1884
109 2006
110 2929
111 515
112 349
113 1402
114 1201
115 1148
116 1164
117 958
118 2555
119 2536
120 1813
121 2847
122 836
123 585
124 289
125 1270
126 1002
127 855
128 2108
129 1980
130 1154
131 2107
132 448
133 2871
134 558
135 232
136 486
137 886
138 486
139 2268
140 711
141 370
142 1105
143 1127
144 499
145 1983
146 2928
147 2816
148 2946
149 1404
150 889
151 2392
152 22
153 2072
154 1700
155 369
156 905
157 569
158 2353
159 2096
160 486
161 1386
162 2169
163 2436
164 2767
165 432
166 2047
167 1000
168 1993
169 2593
170 210
171 36
172 436
173 873
174 1998
175 2876
176 2397
177 1607
178 483
179 2132
180 2073
181 1077
182 185
183 1896
184 2068
185 1073
186 852
187 2160
188 1749
189 1847
190 2500
191 1025
192 2220
193 1819
194 2774
195 97
196 1946
197 1767
198 1113
199 728
200 2645
201 2222
202 474
203 2431
204 1298
205 904
206 2656
207 1828
208 2359
209 348
210 1763
211 1161
212 55
213 2531
214 279
215 1270
216 2371
217 2079
218 510
219 1165
220 1011
221 397
222 2056
223 341
224 1642
225 851
226 2223
227 584
228 1110
229 2958
230 977
231 817
232 181
233 2372
234 1544
235 1752
236 2557
237 2926
238 494
239 1632
240 2833
241 1717
242 1201
243 1009
244 1888
245 338
246 2501
247 196
248 38
249 371
250 660
251 2269
252 506
253 2392
254 1863
255 1580
256 2318
257 2739
258 2492
259 2554
260 14
261 1663
262 1505
263 879
264 1699
265 2406
266 1958
267 1448
268 280
269 522
270 1473
271 2909
272 1484
273 1417
274 1010
275 538
276 1138
277 1391
278 1716
279 518
280 1694
281 2615
282 783
283 1145
284 1166
285 2997
286 1091
287 2634
288 2068
289 911
290 2381
291 2397
292 2574
293 1300
294 2683
295 583
296 881
297 1767
298 2712
299 2463
300 511
301 2940
302 2360
303 162
304 2873
305 2779
306 1029
307 1988
308 2621
309 878
310 759
311 2705
312 2816
313 1612
314 2073
315 2062
316 2949
317 748
318 2612
319 2008
320 1009
321 1138
322 2641
323 1617
324 1698
325 1939
326 2170
327 2981
328 1638
329 1562
330 1981
331 441
332 128
333 884
334 223
335 292
336 2557
337 2334
338 66
339 2372
340 2607
341 2441
342 1229
343 2192
344 154
345 2599
346 79
347 263
348 71
349 212
350 1253
351 1050
352 446
353 225
354 1240
355 1900
356 1393
357 1406
358 475
359 623
360 619
361 2562
362 1616
363 436
364 244
365 2648
366 1105
367 506
368 1962
369 743
370 1924
371 593
372 2931
373 1995
374 29
375 2477
376 2164
377 2214
378 230
379 1791
380 1276
381 1558
382 2255
383 1012
384 1307
385 179
386 1087
387 347
388 210
389 2538
390 1321
391 766
392 1977
393 915
394 1167
395 187
396 2906
397 1095
398 533
399 1465
400 2759
401 956
402 327
403 279
404 1435
405 137
406 2267
407 2662
408 275
409 2203
410 2749
411 403
412 2554
413 1959
414 1618
415 1342
416 1695
417 2395
418 300
419 985
420 709
421 1310
422 322
423 2059
424 168
425 1266
426 1236
427 1028
428 582
429 1903
430 2355
431 2748
432 1661
433 2316
434 509
435 1224
436 997
437 2922
438 2492
439 319
440 2286
441 329
442 420
443 987
444 2233
445 977
446 2401
447 544
448 213
449 834
450 227
451 1612
452 1533
453 291
454 1141
455 122
456 734
457 1254
458 19
459 2779
460 852
461 238
462 932
463 583
464 1713
465 723
466 1851
467 514
468 13
469 483
470 1537
471 14
472 1538
473 2305
474 2231
475 438
476 446
477 1956
478 2629
479 627
480 719
481 1004
482 2463
483 1388
484 1120
485 2937
486 532
487 1225
488 1138
489 1848
490 2319
491 2352
492 572
493 1980
494 591
495 1276
496 1271
497 2204
498 2069
499 505
500 2137
501 949
502 1422
503 671
504 235
505 268
506 2403
507 25
508 1029
509 2167
510 162
511 561
512 1822
513 1431
514 666
515 2770
516 2841
517 747
518 1911
519 2897
520 140
521 2248
522 459
523 1238
524 877
525 666
526 2924
527 1585
528 172
529 2117
530 547
531 301
532 2214
533 2905
534 1497
535 2444
536 2893
537 1989
538 337
539 136
540 2237
541 969
542 2337
543 2700
544 183
545 2695
546 1820
547 1663
548 278
549 2001
550 949
551 59
552 1675
553 2375
554 1492
555 2689
556 2328
557 269
558 922
559 2575
560 1556
561 2068
562 1645
563 1954
564 945
565 1077
566 1605
567 884
568 2114
569 1063
570 1167
571 708
572 1337
573 2231
574 176
575 308
576 2089
577 904
578 2013
579 2960
580 1066
581 501
582 1464
583 1259
584 196
585 913
586 1034
587 1382
588 2663
589 510
590 2444
591 338
592 1768
593 1582
594 1315
595 2366
596 1666
597 1210
598 2195
599 306
600 2078
601 59
602 2990
603 169
604 448
605 350
606 265
607 1526
608 795
609 1375
610 477
611 1203
612 159
613 1549
614 766
615 2621
616 1383
617 2540
618 503
619 1865
620 2535
621 140
622 2017
623 2732
624 2598
625 1601
626 1974
627 832
628 989
629 24
630 2114
631 1851
632 851
633 1616
634 788
635 461
636 1441
637 1798
638 918
639 851
640 2044
641 703
642 2596
643 248
644 571
645 248
646 2355
647 111
648 1691
649 1243
650 252
651 229
652 2187
653 1771
654 1840
655 315
656 2604
657 1589
658 516
659 1842
660 2085
661 2255
662 26
663 977
664 2124
665 2854
666 1308
667 2734
668 186
669 1682
670 387
671 567
672 111
673 1868
674 2983
675 1072
676 451
677 896
678 2472
679 2241
680 1810
681 1738
682 2415
683 1825
684 1974
685 490
686 1605
687 2235
688 2258
689 409
690 2008
691 1067
692 574
693 209
694 392
695 347
696 407
697 1852
698 2427
699 1081
700 2616
701 2067
702 1313
703 2230
704 1860
705 2876
706 817
707 671
708 1327
709 965
710 432
711 2747
712 2021
713 664
714 371
715 670
716 17
717 2236
718 166
719 214
720 1749
721 364
722 36
723 1048
724 2451
725 1049
726 2042
727 2153
728 575
729 2075
730 1767
731 1252
732 390
733 1992
734 1160
735 1087
736 1606
737 639
738 638
739 402
740 2098
741 1269
742 814
743 2196
744 328
745 325
746 1736
747 1300
748 2177
749 649
750 470
751 1411
752 982
753 2831
754 2275
755 122
756 1086
757 1735
758 128
759 425
760 2117
761 2454
762 1421
763 421
764 2124
765 2043
766 1509
767 316
768 195
769 101
770 2995
771 359
772 1620
773 1338
774 630
775 1483
776 573
777 220
778 2971
779 457
780 1479
781 1832
782 2103
783 51
784 617
785 1535
786 2582
787 2722
788 848
789 2491
790 1649
791 1766
792 2079
793 372
794 2183
795 2775
796 106
797 2868
798 997
799 2024
800 1627
801 1933
802 2685
803 140
804 963
805 8
806 1916
807 1831
808 403
809 1494
810 2876
811 1312
812 85
813 1147
814 512
815 1286
816 1309
817 2284
818 839
819 2988
820 318
821 774
822 1768
823 1099
824 676
825 1665
826 2552
827 141
828 1584
829 1410
830 2297
831 2511
832 2851
833 2805
834 719
835 1407
836 1575
837 2894
838 1072
839 1008
840 1453
841 2184
842 1916
843 102
844 566
845 1503
846 283
847 2193
848 2983
849 683
850 1952
851 2546
852 822
853 1490
854 153
855 21
856 2575
857 2829
858 2885
859 6
860 2465
861 1051
862 2461
863 2166
864 777
865 61
866 1292
867 1277
868 2112
869 1662
870 1801
871 1766
872 2249
873 1249
874 883
875 1254
876 138
877 2937
878 1479
879 2379
880 304
881 1702
882 1601
883 373
884 1704
885 1424
886 463
887 382
888 2916
889 2043
890 265
891 2923
892 2677
893 141
894 2578
895 2344
896 1807
897 2604
898 2961
899 1840
900 2
901 2230
902 1267
903 2011
904 1264
905 1746
906 2208
907 1300
908 1226
909 588
910 833
911 2984
912 811
913 553
914 1186
915 2498
916 1920
917 2816
918 1260
919 2099
920 2385
921 300
922 1437
923 2671
924 558
925 2421
926 1885
927 224
928 1262
929 695
930 2936
931 22
932 1856
933 121
934 64
935 2492
936 872
937 1345
938 1018
939 902
940 2607
941 2031
942 1595
943 1550
944 2463
945 231
946 558
947 2436
948 1180
949 856
950 1091
951 1142
952 180
953 1538
954 2607
955 2823
956 2901
957 2270
958 185
959 2335
960 2569
961 1036
962 1226
963 1492
964 1055
965 420
966 1724
967 1222
968 286
969 1769
970 2635
971 2241
972 2905
973 1058

