491 99
0 659
1 2065
2 2049
3 1586
4 2763
5 2757
6 1987
7 2575
8 1086
9 1090
10 1545
11 1053
12 1124
13 2781
14 2676
15 584
16 2048
17 677
18 1960
19 2769
20 2069
21 2338
22 2538
23 306
24 2058
25 2710
26 1865
27 2193
28 527
29 1912
30 2209
31 236
32 2022
33 370
34 48
35 1921
36 510
37 1733
38 1232
39 1059
40 1411
41 818
42 2718
43 1373
44 760
45 2767
46 2878
47 1847
48 392
49 2381
50 1367
51 2005
52 178
53 143
54 1209
55 292
56 1316
57 661
58 1369
59 993
60 2895
61 1796
62 206
63 2256
64 1602
65 629
66 584
67 2393
68 314
69 2330
70 2847
71 1413
72 2807
73 1344
74 2169
75 2606
76 1519
77 2981
78 1116
79 1986
80 2583
81 1036
82 188
83 2385
84 1319
85 889
86 1938
87 594
88 2703
89 1258
90 365
91 1662
92 358
93 52
94 1170
95 471
96 619
97 1630
98 933
99 1567
100 2648
101 209
102 2996
103 1414
104 2827
105 171
106 1312
107 428
108 2676
109 1852
110 2636
111 2042
112 1103
113 1506
114 779
115 296
116 1109
117 2546
118 1836
119 1026
120 1927
121 2143
122 594
123 1463
124 2261
125 2281
126 604
127 2403
128 2527
129 645
130 2646
131 2112
132 209
133 2809
134 7
135 60
136 672
137 474
138 475
139 1760
140 1262
141 1414
142 2096
143 285
144 518
145 2427
146 1589
147 379
148 1968
149 1549
150 2039
151 1206
152 1770
153 1295
154 1782
155 1008
156 855
157 1498
158 1299
159 2677
160 1224
161 2263
162 2626
163 1643
164 32
165 1649
166 956
167 2864
168 1990
169 1423
170 627
171 1487
172 1581
173 1112
174 840
175 91
176 1923
177 2357
178 292
179 803
180 197
181 1369
182 2914
183 740
184 2224
185 291
186 2261
187 495
188 120
189 1880
190 2771
191 2587
192 276
193 1560
194 2446
195 205
196 2649
197 2333
198 1056
199 2826
200 868
201 461
202 2050
203 674
204 1984
205 1726
206 1173
207 2983
208 1907
209 965
210 1105
211 1269
212 2931
213 2693
214 1396
215 169
216 2117
217 258
218 440
219 1980
220 2068
221 2512
222 618
223 836
224 2775
225 2119
226 2689
227 1867
228 415
229 2213
230 135
231 381
232 2744
233 1874
234 1086
235 942
236 462
237 1112
238 2980
239 1650
240 1199
241 1219
242 2667
243 2679
244 2024
245 2285
246 777
247 1197
248 48
249 2541
250 1429
251 1954
252 409
253 2201
254 819
255 2544
256 1415
257 1585
258 743
259 2902
260 2647
261 2369
262 1538
263 1040
264 280
265 696
266 1576
267 516
268 558
269 1251
270 989
271 2367
272 1301
273 733
274 1302
275 205
276 321
277 508
278 1652
279 2798
280 2735
281 2884
282 2710
283 2096
284 1609
285 941
286 1512
287 1739
288 1880
289 2477
290 1470
291 2828
292 2897
293 784
294 1876
295 1483
296 726
297 2954
298 1176
299 164
300 607
301 1616
302 1084
303 856
304 1589
305 199
306 1170
307 1100
308 1798
309 1893
310 1895
311 2157
312 1727
313 99
314 2380
315 984
316 2082
317 1865
318 1693
319 1775
320 2809
321 572
322 598
323 981
324 103
325 989
326 1609
327 1024
328 137
329 2043
330 2219
331 133
332 903
333 389
334 517
335 2586
336 2479
337 2281
338 357
339 143
340 133
341 1472
342 2830
343 869
344 805
345 2164
346 287
347 50
348 1024
349 1793
350 1244
351 1396
352 1274
353 355
354 1043
355 499
356 2297
357 655
358 396
359 2598
360 1075
361 755
362 1687
363 2376
364 1952
365 2765
366 370
367 783
368 1574
369 2559
370 75
371 1574
372 2905
373 1811
374 677
375 1756
376 2176
377 2036
378 910
379 597
380 1429
381 168
382 803
383 1316
384 1144
385 274
386 1057
387 2927
388 2127
389 1530
390 1866
391 1465
392 2287
393 2450
394 2765
395 2171
396 2779
397 788
398 1760
399 2410
400 488
401 1000
402 2705
403 2277
404 1880
405 1326
406 1272
407 1007
408 2051
409 1982
410 457
411 82
412 397
413 2510
414 2482
415 1353
416 2413
417 1603
418 197
419 2790
420 1653
421 2692
422 1308
423 1895
424 1908
425 1992
426 2168
427 1809
428 370
429 1898
430 2779
431 1564
432 564
433 735
434 1348
435 440
436 314
437 1578
438 1501
439 2028
440 72
441 784
442 85
443 61
444 1599
445 1762
446 2070
447 681
448 1756
449 1609
450 887
451 128
452 899
453 793
454 1154
455 110
456 643
457 1577
458 880
459 443
460 2071
461 2982
462 2765
463 2868
464 1360
465 1119
466 2446
467 1416
468 1728
469 2034
470 518
471 182
472 2038
473 29
474 2440
475 1445
476 1992
477 1368
478 1206
479 1678
480 1867
481 1039
482 2322
483 2757
484 1826
485 2888
486 2379
487 1609
488 105
489 847
490 133

