159 45
0 1718
1 1611
2 2476
3 1035
4 2968
5 2126
6 2745
7 1392
8 2699
9 309
10 663
11 166
12 1584
13 2177
14 23
15 2016
16 371
17 2272
18 2579
19 1419
20 1510
21 2945
22 1430
23 1720
24 223
25 1092
26 2385
27 365
28 699
29 778
30 1846
31 913
32 2841
33 2308
34 1778
35 773
36 1962
37 955
38 1149
39 1011
40 1474
41 409
42 1554
43 618
44 848
45 733
46 79
47 1151
48 2782
49 887
50 2381
51 840
52 1400
53 103
54 752
55 2883
56 1847
57 218
58 522
59 2500
60 1622
61 1841
62 269
63 1015
64 1754
65 1475
66 1053
67 2520
68 1144
69 1607
70 2962
71 1256
72 721
73 1194
74 2587
75 2438
76 26
77 1949
78 1134
79 2776
80 2121
81 1063
82 2161
83 1357
84 2290
85 196
86 2493
87 2842
88 61
89 1516
90 1436
91 1881
92 2127
93 2244
94 1908
95 2372
96 2848
97 1616
98 2728
99 2295
100 2648
101 308
102 1069
103 612
104 1941
105 515
106 1312
107 1832
108 2526
109 235
110 1620
111 2504
112 1836
113 1295
114 457
115 1035
116 55
117 2543
118 51
119 413
120 2097
121 2862
122 86
123 2737
124 2125
125 2508
126 2436
127 565
128 2730
129 206
130 1103
131 2339
132 563
133 2034
134 1598
135 1003
136 1661
137 106
138 1234
139 2240
140 222
141 73
142 1794
143 2243
144 444
145 1990
146 1074
147 1096
148 2959
149 1169
150 1947
151 1688
152 110
153 439
154 292
155 2913
156 833
157 1227
158 1793

