454 50
0 2851
1 1540
2 2432
3 2185
4 893
5 2102
6 26
7 493
8 1727
9 2977
10 2260
11 815
12 2031
13 1317
14 2974
15 1881
16 175
17 2303
18 1093
19 893
20 1329
21 1398
22 959
23 1532
24 1459
25 710
26 2583
27 2313
28 2828
29 156
30 1929
31 635
32 2755
33 182
34 864
35 1285
36 1764
37 2922
38 2666
39 1628
40 882
41 2988
42 2307
43 2801
44 1148
45 1406
46 1514
47 2583
48 418
49 99
50 2911
51 2101
52 1106
53 1192
54 2831
55 312
56 927
57 2390
58 884
59 1892
60 2658
61 2903
62 1470
63 2039
64 1128
65 1095
66 423
67 107
68 2026
69 1437
70 541
71 1184
72 2886
73 1586
74 1339
75 1524
76 1675
77 1049
78 109
79 2797
80 1364
81 2091
82 1141
83 1903
84 513
85 1407
86 123
87 1749
88 992
89 1716
90 548
91 550
92 390
93 1569
94 1025
95 471
96 339
97 47
98 1098
99 2337
100 1340
101 1602
102 177
103 2662
104 1235
105 1028
106 2725
107 680
108 446
109 2925
110 1722
111 652
112 377
113 1738
114 1070
115 2819
116 1013
117 2484
118 2525
119 258
120 606
121 1126
122 483
123 2397
124 188
125 1633
126 353
127 772
128 2794
129 935
130 2632
131 1938
132 1871
133 1198
134 904
135 2537
136 2885
137 1647
138 90
139 31
140 1099
141 1872
142 1938
143 1868
144 2644
145 13
146 1833
147 811
148 1315
149 501
150 2980
151 2905
152 2277
153 2426
154 2432
155 1895
156 2464
157 1169
158 1493
159 1053
160 1652
161 2738
162 1935
163 146
164 1179
165 2715
166 33
167 5
168 300
169 2122
170 1440
171 1306
172 599
173 2885
174 346
175 416
176 2416
177 2516
178 980
179 2446
180 1602
181 1610
182 963
183 427
184 1049
185 2414
186 2455
187 129
188 349
189 80
190 17
191 1880
192 1100
193 1937
194 1239
195 965
196 642
197 1636
198 2793
199 183
200 470
201 260
202 2456
203 1895
204 1015
205 1572
206 42
207 722
208 994
209 1450
210 1724
211 1007
212 972
213 2310
214 707
215 2422
216 2189
217 1976
218 2958
219 2899
220 1860
221 1332
222 2532
223 2221
224 1631
225 829
226 1643
227 714
228 2055
229 1812
230 2380
231 559
232 12
233 1848
234 740
235 728
236 2137
237 1135
238 966
239 1964
240 760
241 2309
242 2758
243 569
244 750
245 2120
246 856
247 395
248 1302
249 489
250 1491
251 270
252 279
253 2655
254 1552
255 1476
256 1348
257 2354
258 833
259 2310
260 2334
261 394
262 1623
263 2337
264 2398
265 2246
266 2745
267 2269
268 1539
269 1349
270 985
271 1147
272 1434
273 1958
274 1005
275 2520
276 35
277 2838
278 2199
279 1099
280 552
281 610
282 2054
283 423
284 2045
285 470
286 1449
287 2315
288 1260
289 1150
290 707
291 281
292 2913
293 1160
294 2865
295 888
296 2678
297 1977
298 2353
299 1447
300 581
301 2577
302 1512
303 441
304 2237
305 1631
306 2934
307 288
308 2944
309 972
310 2912
311 617
312 2751
313 1580
314 33
315 1768
316 1368
317 1186
318 3000
319 1579
320 1613
321 778
322 1467
323 2393
324 30
325 2221
326 994
327 1579
328 988
329 132
330 1259
331 2021
332 366
333 2580
334 976
335 2139
336 2878
337 2829
338 1284
339 1542
340 1004
341 2974
342 1284
343 758
344 1601
345 476
346 791
347 156
348 850
349 2707
350 2249
351 2607
352 1512
353 1358
354 768
355 2903
356 2083
357 1614
358 2237
359 902
360 1076
361 343
362 2814
363 1719
364 2302
365 102
366 235
367 2387
368 2377
369 640
370 981
371 70
372 744
373 2782
374 2232
375 1366
376 2601
377 2860
378 784
379 699
380 2747
381 1717
382 122
383 1124
384 36
385 1974
386 112
387 1339
388 164
389 1478
390 2925
391 2915
392 804
393 313
394 1287
395 2435
396 2174
397 1932
398 1026
399 2760
400 1126
401 910
402 2724
403 1815
404 2744
405 2009
406 169
407 390
408 1085
409 2265
410 1400
411 752
412 1701
413 635
414 79
415 1298
416 396
417 326
418 1287
419 2213
420 569
421 2512
422 1633
423 591
424 2523
425 1472
426 1206
427 1207
428 886
429 2129
430 317
431 1167
432 391
433 80
434 2146
435 1752
436 3000
437 890
438 1271
439 2326
440 1035
441 226
442 957
443 83
444 1341
445 1722
446 1126
447 339
448 881
449 1720
450 1609
451 456
452 981
453 1348

