389 9
0 2739
1 842
2 2261
3 2976
4 1653
5 2375
6 2633
7 660
8 2084
9 2236
10 1200
11 162
12 2819
13 1748
14 2699
15 1963
16 197
17 622
18 2677
19 486
20 1367
21 471
22 2317
23 934
24 2195
25 85
26 48
27 2131
28 1750
29 847
30 1564
31 977
32 1627
33 1299
34 2884
35 1489
36 2860
37 2710
38 1793
39 2783
40 1991
41 612
42 1282
43 1276
44 360
45 950
46 1446
47 446
48 2472
49 2647
50 1415
51 680
52 1977
53 2230
54 767
55 444
56 285
57 2888
58 2321
59 2348
60 2675
61 159
62 848
63 1826
64 1999
65 2573
66 2474
67 2024
68 2460
69 743
70 2965
71 766
72 354
73 9
74 2870
75 1409
76 2405
77 1411
78 1070
79 1936
80 2070
81 2149
82 1950
83 1694
84 1918
85 1160
86 1202
87 1883
88 735
89 2627
90 1570
91 1521
92 825
93 1168
94 2280
95 1475
96 1431
97 669
98 2709
99 2030
100 2636
101 1693
102 1656
103 2756
104 2529
105 113
106 2172
107 2398
108 205
109 2893
110 1967
111 2514
112 163
113 2454
114 2981
115 2178
116 740
117 741
118 1842
119 1956
120 2493
121 513
122 2920
123 1659
124 2349
125 2301
126 500
127 2136
128 1079
129 512
130 2526
131 1834
132 255
133 922
134 2087
135 701
136 1134
137 41
138 731
139 1386
140 680
141 887
142 327
143 2677
144 749
145 1712
146 1795
147 1193
148 2856
149 2676
150 2478
151 1386
152 1640
153 2244
154 1331
155 286
156 154
157 1797
158 919
159 739
160 767
161 1115
162 1632
163 1077
164 987
165 2860
166 42
167 517
168 2446
169 1218
170 774
171 368
172 2157
173 2881
174 2248
175 782
176 399
177 774
178 1983
179 2449
180 1395
181 593
182 1163
183 398
184 647
185 2944
186 46
187 1033
188 2435
189 1519
190 699
191 687
192 1732
193 2837
194 129
195 789
196 977
197 1397
198 1495
199 2242
200 346
201 804
202 435
203 2611
204 1742
205 1908
206 1286
207 1669
208 16
209 398
210 2338
211 2805
212 1743
213 52
214 2056
215 885
216 1640
217 1931
218 2785
219 2064
220 1260
221 1617
222 1699
223 2311
224 381
225 1791
226 1639
227 31
228 1870
229 1758
230 1383
231 1186
232 1526
233 2596
234 2733
235 1306
236 839
237 311
238 95
239 197
240 754
241 2122
242 2848
243 2330
244 12
245 734
246 1369
247 2702
248 2466
249 640
250 2344
251 468
252 2457
253 1428
254 1839
255 869
256 2224
257 241
258 1264
259 2742
260 2138
261 1909
262 1886
263 421
264 282
265 2160
266 1164
267 741
268 197
269 697
270 296
271 2409
272 1568
273 2312
274 1819
275 1279
276 2161
277 580
278 1306
279 504
280 453
281 1910
282 1174
283 2485
284 2805
285 61
286 2676
287 2675
288 1358
289 178
290 1761
291 2309
292 1895
293 483
294 952
295 1514
296 631
297 1824
298 846
299 767
300 1275
301 554
302 2156
303 2130
304 1452
305 941
306 807
307 1787
308 2400
309 2565
310 2498
311 2815
312 664
313 2383
314 1871
315 946
316 2554
317 1618
318 91
319 798
320 930
321 58
322 8
323 1215
324 1509
325 2884
326 1432
327 2527
328 2293
329 397
330 2652
331 1560
332 343
333 2467
334 1155
335 430
336 2269
337 1090
338 202
339 2504
340 2597
341 720
342 667
343 973
344 1750
345 1177
346 1831
347 316
348 397
349 1580
350 761
351 1461
352 2858
353 116
354 1010
355 1713
356 1615
357 127
358 721
359 624
360 838
361 977
362 2657
363 1138
364 1244
365 2968
366 955
367 890
368 2245
369 1760
370 303
371 1588
372 1329
373 2309
374 838
375 1819
376 1656
377 1598
378 2841
379 724
380 2835
381 2276
382 1574
383 2222
384 522
385 694
386 751
387 1810
388 1432

