820 83
0 657
1 86
2 2952
3 2110
4 2940
5 1327
6 1092
7 5
8 314
9 2776
10 1394
11 1311
12 2481
13 2051
14 1566
15 2235
16 1490
17 2188
18 1998
19 2677
20 683
21 269
22 90
23 1946
24 862
25 97
26 1773
27 561
28 1606
29 116
30 902
31 2284
32 2681
33 1175
34 414
35 2139
36 2331
37 1372
38 230
39 1503
40 308
41 1324
42 2292
43 306
44 2953
45 2782
46 1373
47 2677
48 63
49 1377
50 514
51 1111
52 731
53 1872
54 321
55 81
56 469
57 230
58 2287
59 1355
60 1634
61 2559
62 2441
63 28
64 2873
65 1743
66 2553
67 2831
68 1573
69 775
70 523
71 1080
72 2490
73 428
74 1145
75 1633
76 115
77 371
78 2521
79 1400
80 1134
81 2053
82 2380
83 2381
84 1200
85 2490
86 485
87 404
88 1705
89 945
90 2600
91 189
92 608
93 294
94 2149
95 2788
96 215
97 1295
98 1270
99 1721
100 1557
101 527
102 2714
103 1670
104 1947
105 2749
106 1792
107 1952
108 957
109 540
110 2980
111 514
112 1111
113 1233
114 1568
115 1356
116 1991
117 1433
118 2475
119 2020
120 2618
121 1625
122 2726
123 2570
124 2041
125 1873
126 325
127 2549
128 930
129 351
130 1722
131 402
132 2489
133 456
134 508
135 2214
136 1599
137 1484
138 2276
139 91
140 1147
141 99
142 1625
143 1303
144 2255
145 2858
146 1778
147 70
148 1589
149 2716
150 1404
151 2754
152 1371
153 1720
154 2113
155 1365
156 2022
157 2355
158 832
159 1755
160 1217
161 1055
162 3
163 1997
164 2039
165 2031
166 2424
167 1565
168 84
169 54
170 110
171 797
172 207
173 2224
174 863
175 1854
176 440
177 2759
178 1250
179 231
180 646
181 762
182 1034
183 845
184 2339
185 2028
186 1472
187 2705
188 1393
189 492
190 1057
191 2762
192 357
193 356
194 574
195 1646
196 1526
197 1499
198 1852
199 2866
200 583
201 303
202 1332
203 2957
204 2899
205 1938
206 694
207 395
208 142
209 1568
210 905
211 1904
212 2771
213 773
214 1369
215 2473
216 1021
217 448
218 2815
219 1049
220 985
221 1362
222 991
223 311
224 968
225 2858
226 2915
227 1720
228 2849
229 382
230 326
231 2063
232 343
233 1920
234 859
235 172
236 429
237 2172
238 2996
239 2879
240 1017
241 582
242 2390
243 538
244 1472
245 2234
246 1069
247 1104
248 2442
249 1088
250 1981
251 918
252 138
253 1234
254 1182
255 1071
256 2879
257 1597
258 2107
259 2185
260 2771
261 2923
262 1332
263 2865
264 2706
265 1451
266 1320
267 2897
268 2045
269 20
270 1778
271 1706
272 1873
273 155
274 1155
275 1631
276 2211
277 432
278 1453
279 1974
280 229
281 53
282 2219
283 771
284 242
285 1620
286 1644
287 125
288 1597
289 1072
290 1127
291 295
292 1866
293 59
294 1276
295 2743
296 988
297 481
298 2892
299 1482
300 349
301 2037
302 651
303 460
304 2960
305 728
306 573
307 30
308 2401
309 1987
310 1489
311 1779
312 2985
313 443
314 2628
315 2717
316 1454
317 2056
318 1096
319 1186
320 2583
321 669
322 2609
323 2913
324 2980
325 2726
326 1626
327 1048
328 88
329 1059
330 2249
331 2418
332 142
333 1715
334 2640
335 78
336 680
337 1088
338 919
339 2079
340 1776
341 1002
342 2199
343 89
344 2703
345 2817
346 223
347 1918
348 1840
349 223
350 1464
351 1723
352 2145
353 2397
354 2135
355 2415
356 1677
357 516
358 2008
359 1973
360 2620
361 398
362 905
363 2657
364 725
365 2528
366 1345
367 2446
368 1449
369 1792
370 1007
371 1148
372 665
373 1106
374 1270
375 58
376 2633
377 1619
378 2875
379 1934
380 2617
381 2671
382 2109
383 2200
384 210
385 1317
386 1818
387 762
388 966
389 2567
390 1911
391 1651
392 1136
393 2398
394 236
395 431
396 2968
397 2266
398 121
399 1023
400 1154
401 1081
402 930
403 2416
404 552
405 325
406 373
407 1073
408 1814
409 2636
410 2444
411 960
412 366
413 1208
414 1018
415 1244
416 1062
417 2924
418 1311
419 2181
420 1862
421 9
422 2048
423 1585
424 2652
425 5
426 2668
427 1203
428 1907
429 1479
430 2815
431 1839
432 1189
433 1962
434 2885
435 893
436 1090
437 2421
438 2444
439 1066
440 548
441 878
442 2848
443 2518
444 2343
445 2817
446 2880
447 2014
448 2603
449 2182
450 1051
451 200
452 758
453 2605
454 2729
455 377
456 982
457 2986
458 768
459 732
460 635
461 2691
462 1846
463 1504
464 2616
465 1862
466 1465
467 2479
468 2610
469 2895
470 1948
471 1769
472 656
473 919
474 2172
475 2153
476 2781
477 701
478 2413
479 2109
480 729
481 1686
482 1214
483 1275
484 1240
485 2521
486 2975
487 9
488 2015
489 2814
490 750
491 483
492 738
493 2006
494 1057
495 187
496 589
497 1037
498 2
499 737
500 1096
501 1011
502 2957
503 2980
504 2271
505 2829
506 1055
507 2961
508 2303
509 2707
510 1837
511 207
512 2315
513 1331
514 64
515 23
516 550
517 484
518 1509
519 2069
520 439
521 1288
522 2126
523 2935
524 748
525 1447
526 2256
527 2016
528 1275
529 2063
530 2238
531 2692
532 2070
533 2574
534 1089
535 512
536 2481
537 1454
538 1666
539 762
540 2836
541 1044
542 2280
543 1685
544 806
545 2824
546 2423
547 1540
548 909
549 1328
550 2331
551 597
552 2699
553 2261
554 1466
555 1298
556 2100
557 557
558 2660
559 281
560 299
561 1762
562 511
563 2340
564 346
565 2879
566 1855
567 980
568 57
569 2698
570 1221
571 557
572 1981
573 155
574 1778
575 599
576 2870
577 1034
578 1326
579 806
580 1499
581 2167
582 726
583 410
584 2460
585 1671
586 878
587 2013
588 613
589 2447
590 387
591 413
592 2151
593 1765
594 796
595 2563
596 2373
597 2684
598 194
599 165
600 82
601 1335
602 1928
603 673
604 1985
605 2200
606 2140
607 1588
608 2882
609 182
610 2083
611 824
612 171
613 497
614 2267
615 2231
616 51
617 1222
618 2338
619 56
620 1139
621 1081
622 2537
623 605
624 2590
625 1176
626 2028
627 735
628 2664
629 1936
630 399
631 2681
632 1930
633 1614
634 836
635 1677
636 2062
637 1564
638 2040
639 2782
640 1385
641 2521
642 2517
643 2231
644 2604
645 36
646 1794
647 1032
648 774
649 667
650 2724
651 2125
652 1093
653 1883
654 217
655 2488
656 912
657 2203
658 133
659 1442
660 543
661 2002
662 1334
663 225
664 1097
665 2831
666 1452
667 1414
668 722
669 2712
670 1636
671 2247
672 639
673 1499
674 1106
675 2158
676 1344
677 1763
678 1207
679 50
680 1577
681 1408
682 1505
683 2416
684 703
685 229
686 1835
687 932
688 170
689 1966
690 560
691 938
692 431
693 166
694 1719
695 613
696 350
697 954
698 2536
699 1256
700 571
701 787
702 893
703 2432
704 781
705 770
706 1573
707 992
708 671
709 1549
710 2364
711 1178
712 122
713 1088
714 583
715 2099
716 1224
717 2139
718 988
719 2166
720 1390
721 2904
722 1822
723 2437
724 1027
725 682
726 1157
727 1597
728 256
729 2072
730 735
731 2530
732 2415
733 1810
734 2582
735 850
736 1640
737 2348
738 276
739 448
740 2744
741 2556
742 1539
743 440
744 2711
745 1744
746 2986
747 1890
748 503
749 1033
750 2080
751 1589
752 743
753 975
754 53
755 1874
756 706
757 1683
758 1427
759 1472
760 2943
761 577
762 1869
763 803
764 703
765 1197
766 2978
767 1766
768 392
769 2565
770 2867
771 322
772 1738
773 1786
774 2985
775 2312
776 1462
777 927
778 2675
779 1975
780 1420
781 604
782 2515
783 970
784 1421
785 2434
786 2019
787 54
788 2568
789 523
790 1312
791 2205
792 803
793 270
794 305
795 878
796 589
797 1125
798 2659
799 1303
800 523
801 374
802 2643
803 2235
804 245
805 849
806 1868
807 2938
808 912
809 601
810 637
811 2199
812 2103
813 1158
814 1975
815 2697
816 2012
817 2950
818 1034
819 1237

