238 13
0 1961
1 1004
2 540
3 1885
4 1749
5 1005
6 1986
7 2044
8 1341
9 1008
10 1691
11 442
12 2113
13 146
14 2073
15 2874
16 2306
17 337
18 625
19 31
20 696
21 2031
22 2040
23 1655
24 1783
25 290
26 2466
27 1636
28 1261
29 884
30 1128
31 369
32 327
33 519
34 2857
35 1950
36 2949
37 2752
38 1894
39 117
40 2712
41 1869
42 2770
43 2900
44 2446
45 593
46 2853
47 1187
48 1025
49 965
50 429
51 650
52 505
53 649
54 2789
55 921
56 1746
57 2869
58 553
59 1304
60 692
61 2885
62 2923
63 1554
64 1903
65 578
66 2436
67 1927
68 2530
69 1564
70 468
71 1116
72 2598
73 1038
74 137
75 2841
76 2878
77 1687
78 1941
79 2690
80 1828
81 1896
82 312
83 2707
84 2008
85 1778
86 1631
87 1992
88 1778
89 179
90 1350
91 727
92 1970
93 2198
94 1438
95 666
96 2692
97 331
98 1266
99 545
100 2814
101 2016
102 1883
103 577
104 2631
105 687
106 976
107 2931
108 2389
109 1167
110 2935
111 2749
112 573
113 622
114 2059
115 2981
116 755
117 2317
118 1776
119 373
120 1821
121 1043
122 752
123 2686
124 1490
125 2054
126 177
127 144
128 1111
129 585
130 144
131 1749
132 2237
133 1153
134 640
135 527
136 1073
137 778
138 98
139 2604
140 2865
141 363
142 2693
143 107
144 2800
145 2180
146 1621
147 2243
148 2263
149 1798
150 1921
151 950
152 783
153 2297
154 410
155 2615
156 2288
157 233
158 2723
159 1858
160 771
161 928
162 168
163 2660
164 725
165 1381
166 400
167 2174
168 1993
169 2857
170 2203
171 121
172 1151
173 1542
174 291
175 2855
176 2660
177 102
178 2222
179 1033
180 1677
181 1991
182 1793
183 696
184 2503
185 1613
186 2532
187 1791
188 2472
189 2936
190 1348
191 1480
192 2216
193 1841
194 1022
195 958
196 441
197 1187
198 1671
199 503
200 2129
201 1132
202 2711
203 534
204 980
205 1099
206 526
207 1777
208 2333
209 1512
210 2067
211 349
212 1989
213 2278
214 544
215 2402
216 1732
217 667
218 1963
219 382
220 808
221 992
222 2683
223 2918
224 1576
225 2282
226 1208
227 1040
228 2281
229 300
230 2546
231 2180
232 1708
233 2988
234 273
235 2053
236 692
237 2968

