182 37
0 2670
1 1539
2 726
3 348
4 841
5 351
6 2514
7 1101
8 565
9 834
10 1822
11 2746
12 386
13 611
14 2956
15 131
16 890
17 208
18 2579
19 605
20 2998
21 248
22 2117
23 2919
24 2700
25 1330
26 2324
27 2464
28 1544
29 344
30 2865
31 68
32 2025
33 139
34 1670
35 2370
36 38
37 2691
38 645
39 771
40 664
41 602
42 170
43 1013
44 1920
45 1967
46 448
47 2844
48 2444
49 1454
50 2061
51 658
52 2693
53 244
54 1619
55 1887
56 2230
57 2132
58 400
59 2999
60 1622
61 1800
62 2894
63 1312
64 2380
65 764
66 1191
67 1759
68 205
69 1701
70 2228
71 2097
72 2951
73 1980
74 367
75 34
76 1038
77 811
78 1944
79 2669
80 1070
81 1760
82 1414
83 2129
84 2303
85 536
86 1723
87 1900
88 110
89 526
90 1905
91 2213
92 525
93 854
94 1057
95 1891
96 1423
97 528
98 2462
99 1863
100 1633
101 2737
102 1175
103 2243
104 2883
105 2110
106 345
107 2783
108 735
109 1405
110 1858
111 2509
112 2531
113 934
114 2730
115 151
116 2573
117 82
118 1735
119 2395
120 1450
121 2532
122 257
123 125
124 2820
125 2249
126 2286
127 1865
128 2588
129 1606
130 2188
131 1541
132 731
133 2646
134 2807
135 2587
136 2915
137 1663
138 1681
139 901
140 752
141 1444
142 2377
143 2547
144 584
145 1055
146 178
147 1740
148 2318
149 1326
150 1043
151 1739
152 1633
153 2831
154 717
155 1645
156 1052
157 604
158 1847
159 1208
160 440
161 2732
162 1065
163 840
164 1623
165 864
166 748
167 2877
168 2763
169 2161
170 2556
171 1319
172 193
173 2417
174 1536
175 2781
176 838
177 680
178 51
179 47
180 245
181 808

