167 25
0 2761
1 1205
2 2245
3 1521
4 2767
5 846
6 828
7 199
8 1356
9 1303
10 991
11 1082
12 324
13 689
14 771
15 216
16 1547
17 2534
18 1381
19 1713
20 401
21 175
22 1658
23 2547
24 2464
25 1165
26 1483
27 795
28 946
29 1836
30 821
31 989
32 1729
33 1963
34 532
35 405
36 2343
37 2731
38 95
39 187
40 2996
41 2740
42 1791
43 272
44 1972
45 1319
46 821
47 1284
48 2826
49 1061
50 1650
51 1202
52 1505
53 273
54 515
55 2219
56 2807
57 808
58 2053
59 903
60 1017
61 1276
62 1528
63 1118
64 253
65 1181
66 1234
67 2968
68 791
69 1593
70 1165
71 1199
72 548
73 425
74 1613
75 2264
76 1511
77 1361
78 2073
79 2072
80 42
81 1978
82 2629
83 803
84 533
85 2964
86 771
87 2305
88 193
89 558
90 491
91 2751
92 1501
93 1573
94 1442
95 1377
96 488
97 753
98 775
99 2862
100 725
101 488
102 1705
103 266
104 1995
105 805
106 529
107 1407
108 1066
109 2934
110 1882
111 2087
112 443
113 622
114 2194
115 474
116 1443
117 1695
118 617
119 306
120 1006
121 474
122 2528
123 2621
124 2671
125 2179
126 2116
127 976
128 58
129 35
130 2243
131 2484
132 796
133 2062
134 1841
135 2219
136 2383
137 2477
138 924
139 1231
140 1221
141 2798
142 2795
143 522
144 1788
145 2288
146 1981
147 362
148 833
149 808
150 2287
151 2939
152 1667
153 455
154 13
155 2761
156 737
157 1376
158 1673
159 17
160 1838
161 528
162 343
163 2299
164 2224
165 910
166 236

