951 23
0 802
1 570
2 1014
3 2279
4 2318
5 281
6 2661
7 208
8 1596
9 238
10 1977
11 2256
12 2386
13 557
14 2264
15 2405
16 2230
17 943
18 1383
19 2230
20 775
21 710
22 297
23 157
24 898
25 2798
26 429
27 960
28 270
29 1754
30 43
31 2184
32 1406
33 1986
34 439
35 1828
36 128
37 69
38 1264
39 2980
40 292
41 1670
42 953
43 586
44 1355
45 2698
46 238
47 1174
48 1989
49 1920
50 280
51 1435
52 1885
53 1337
54 1786
55 2144
56 42
57 2627
58 2777
59 1780
60 1029
61 1280
62 1763
63 472
64 10
65 1533
66 113
67 2000
68 1618
69 1629
70 2162
71 1482
72 1357
73 174
74 2070
75 316
76 2717
77 1333
78 2617
79 2012
80 2495
81 2698
82 2877
83 2717
84 2832
85 1781
86 2952
87 1788
88 1864
89 2344
90 1287
91 2364
92 1945
93 1756
94 1333
95 245
96 626
97 2553
98 525
99 130
100 271
101 2622
102 2299
103 2238
104 71
105 2591
106 2143
107 1484
108 2055
109 2148
110 1736
111 2862
112 2616
113 1469
114 629
115 929
116 1153
117 1539
118 1911
119 740
120 2788
121 79
122 2166
123 903
124 1365
125 1837
126 2527
127 1695
128 2946
129 2645
130 1517
131 2485
132 2598
133 59
134 818
135 747
136 1081
137 1939
138 1170
139 455
140 107
141 1165
142 311
143 1837
144 1770
145 661
146 1047
147 1960
148 2899
149 2388
150 2114
151 2786
152 1807
153 340
154 1237
155 1918
156 2395
157 914
158 467
159 2523
160 1177
161 2494
162 263
163 620
164 1108
165 2986
166 693
167 374
168 2710
169 282
170 1589
171 162
172 113
173 2828
174 2249
175 1234
176 1991
177 557
178 2110
179 2016
180 1361
181 1626
182 1389
183 2646
184 2536
185 1884
186 1470
187 1515
188 76
189 260
190 2983
191 1229
192 2322
193 2412
194 1536
195 243
196 1645
197 1622
198 2185
199 366
200 2421
201 2628
202 2169
203 2869
204 1610
205 2876
206 1599
207 1242
208 1740
209 696
210 2019
211 2905
212 2423
213 1141
214 1996
215 1862
216 427
217 797
218 2633
219 564
220 921
221 932
222 1776
223 2447
224 1403
225 195
226 847
227 2837
228 1904
229 2902
230 276
231 1877
232 393
233 2532
234 2967
235 344
236 1486
237 483
238 109
239 984
240 880
241 2891
242 75
243 598
244 2479
245 1187
246 2049
247 66
248 639
249 2303
250 1975
251 1870
252 2009
253 1958
254 719
255 392
256 2618
257 2927
258 1215
259 2814
260 317
261 2776
262 2982
263 652
264 1780
265 1433
266 2622
267 813
268 586
269 2069
270 1593
271 2003
272 2036
273 1385
274 2950
275 2527
276 1673
277 2284
278 325
279 1890
280 320
281 149
282 1659
283 2630
284 263
285 1372
286 1255
287 2129
288 2659
289 1260
290 346
291 1348
292 1831
293 315
294 2224
295 612
296 2569
297 2726
298 639
299 1537
300 591
301 2464
302 2094
303 2202
304 921
305 735
306 1005
307 1857
308 106
309 2705
310 2362
311 1769
312 1008
313 890
314 2412
315 1475
316 1930
317 2169
318 334
319 2599
320 1744
321 2391
322 1539
323 2698
324 1798
325 238
326 943
327 2217
328 616
329 564
330 181
331 542
332 43
333 2621
334 730
335 1799
336 212
337 1672
338 2467
339 2839
340 1202
341 241
342 631
343 1334
344 2135
345 23
346 2163
347 2709
348 170
349 2629
350 595
351 1824
352 1503
353 1817
354 1658
355 1629
356 2853
357 886
358 2096
359 1565
360 2048
361 2480
362 1023
363 1120
364 2071
365 2461
366 2596
367 222
368 613
369 2919
370 1841
371 2905
372 999
373 2597
374 1343
375 484
376 2187
377 323
378 432
379 2968
380 282
381 583
382 1892
383 512
384 229
385 637
386 1090
387 1829
388 1570
389 144
390 492
391 1692
392 2926
393 2563
394 602
395 1863
396 2747
397 732
398 2872
399 854
400 2773
401 1302
402 1640
403 2079
404 1793
405 1067
406 195
407 2637
408 2876
409 2338
410 2861
411 1991
412 2605
413 97
414 140
415 519
416 2197
417 1911
418 1834
419 1566
420 425
421 2753
422 2185
423 2063
424 2281
425 2781
426 743
427 991
428 2073
429 2498
430 592
431 819
432 2694
433 2155
434 2343
435 1129
436 385
437 890
438 509
439 505
440 2295
441 361
442 799
443 1573
444 1879
445 1111
446 447
447 1663
448 1315
449 2247
450 902
451 2154
452 2409
453 2960
454 2329
455 2251
456 942
457 2308
458 1377
459 656
460 1101
461 2170
462 191
463 2029
464 1731
465 1573
466 1077
467 331
468 1169
469 2337
470 1294
471 894
472 2359
473 1529
474 655
475 1587
476 1328
477 2167
478 2420
479 2625
480 25
481 2483
482 1846
483 1723
484 1540
485 2854
486 344
487 1652
488 1165
489 2036
490 1890
491 259
492 2863
493 2482
494 2694
495 679
496 1401
497 290
498 2688
499 2666
500 2158
501 1280
502 1585
503 418
504 1898
505 747
506 1838
507 196
508 2613
509 167
510 1924
511 2104
512 2338
513 145
514 2753
515 1525
516 742
517 2039
518 60
519 1340
520 2066
521 1037
522 2729
523 159
524 1911
525 1181
526 1983
527 1394
528 1784
529 1362
530 2277
531 1820
532 2126
533 1505
534 2884
535 1278
536 1516
537 1325
538 2438
539 1317
540 204
541 1567
542 1792
543 2070
544 770
545 1765
546 322
547 2627
548 1624
549 1398
550 420
551 672
552 1297
553 1411
554 350
555 1353
556 1113
557 1034
558 1614
559 1946
560 1902
561 2281
562 389
563 460
564 2805
565 1432
566 298
567 1839
568 377
569 1838
570 859
571 1324
572 602
573 1998
574 841
575 668
576 2121
577 234
578 67
579 890
580 717
581 2305
582 1336
583 161
584 1228
585 2664
586 277
587 876
588 2330
589 839
590 437
591 2217
592 86
593 2789
594 2847
595 763
596 1568
597 1373
598 1547
599 1631
600 2489
601 2437
602 449
603 1595
604 1495
605 2267
606 2160
607 2211
608 156
609 1588
610 2592
611 2817
612 1994
613 2352
614 2410
615 1999
616 2698
617 1246
618 2700
619 616
620 2150
621 508
622 903
623 643
624 2895
625 1670
626 305
627 1429
628 1839
629 1578
630 2789
631 2714
632 2014
633 554
634 1686
635 1616
636 626
637 1225
638 2826
639 2965
640 305
641 885
642 2288
643 588
644 297
645 1819
646 1646
647 2802
648 547
649 2435
650 1889
651 951
652 1947
653 2952
654 1021
655 2136
656 2027
657 1815
658 2799
659 255
660 2607
661 309
662 518
663 543
664 2919
665 773
666 1592
667 1955
668 697
669 2262
670 2664
671 1816
672 2286
673 1954
674 2261
675 741
676 1938
677 96
678 1370
679 2767
680 460
681 936
682 2114
683 715
684 487
685 1659
686 9
687 2843
688 1161
689 2437
690 1981
691 2674
692 2942
693 1452
694 192
695 2177
696 1665
697 2262
698 321
699 328
700 919
701 1137
702 454
703 2333
704 478
705 2843
706 805
707 1085
708 1047
709 1574
710 2305
711 253
712 469
713 1241
714 1661
715 868
716 1182
717 998
718 1282
719 2394
720 2321
721 765
722 193
723 1128
724 720
725 743
726 924
727 179
728 2293
729 2586
730 1288
731 125
732 2842
733 726
734 854
735 1326
736 638
737 549
738 2612
739 39
740 997
741 558
742 2352
743 627
744 1976
745 338
746 1086
747 1723
748 451
749 2145
750 1193
751 1245
752 670
753 1968
754 1331
755 976
756 1133
757 2414
758 1351
759 1529
760 220
761 1421
762 821
763 2663
764 176
765 430
766 2892
767 2999
768 2726
769 346
770 2069
771 431
772 2393
773 1138
774 2026
775 2083
776 1318
777 45
778 728
779 1493
780 2200
781 1356
782 1426
783 450
784 1298
785 2549
786 2723
787 1619
788 1058
789 7
790 1301
791 2460
792 1819
793 2264
794 1813
795 2269
796 1435
797 1161
798 894
799 1803
800 296
801 115
802 1001
803 1966
804 576
805 60
806 1812
807 2167
808 2002
809 659
810 614
811 466
812 1017
813 2461
814 2774
815 1718
816 2367
817 454
818 2801
819 1843
820 288
821 457
822 1598
823 39
824 1213
825 699
826 2139
827 1670
828 144
829 742
830 614
831 2046
832 1382
833 50
834 347
835 503
836 1948
837 2294
838 191
839 405
840 782
841 2765
842 709
843 183
844 57
845 1666
846 1179
847 2424
848 642
849 1193
850 338
851 2237
852 552
853 2014
854 2078
855 1635
856 1431
857 2546
858 2303
859 1633
860 1952
861 1324
862 2795
863 1114
864 2538
865 189
866 2184
867 428
868 818
869 1281
870 1754
871 508
872 270
873 929
874 655
875 2238
876 1911
877 571
878 2514
879 1843
880 2681
881 1860
882 930
883 2467
884 2792
885 2423
886 2914
887 1735
888 1330
889 123
890 2076
891 1989
892 1922
893 1356
894 1763
895 766
896 2104
897 749
898 1163
899 284
900 202
901 1973
902 732
903 1543
904 341
905 2695
906 394
907 1972
908 54
909 952
910 340
911 2272
912 2212
913 1268
914 2899
915 631
916 575
917 2218
918 139
919 854
920 121
921 2069
922 341
923 739
924 1956
925 2420
926 2069
927 1685
928 2528
929 2343
930 1754
931 1028
932 86
933 2513
934 474
935 2847
936 2635
937 2586
938 1655
939 88
940 1072
941 1238
942 1446
943 2429
944 1756
945 1199
946 1624
947 2747
948 2345
949 203
950 2768

