883 88
0 1406
1 1676
2 2828
3 128
4 142
5 1867
6 657
7 1113
8 818
9 1158
10 1358
11 777
12 960
13 1887
14 2192
15 1525
16 36
17 2643
18 1594
19 2873
20 2589
21 1246
22 2627
23 2839
24 1789
25 1083
26 2772
27 1858
28 43
29 2093
30 972
31 2870
32 1873
33 1900
34 1897
35 339
36 1385
37 1598
38 2724
39 74
40 1596
41 2952
42 2297
43 2297
44 1334
45 387
46 82
47 529
48 1790
49 1390
50 2793
51 783
52 861
53 1333
54 723
55 914
56 435
57 1987
58 1740
59 304
60 2887
61 1108
62 666
63 2177
64 2999
65 1215
66 1005
67 2320
68 331
69 2566
70 13
71 1726
72 1191
73 321
74 326
75 728
76 624
77 2074
78 674
79 2052
80 1903
81 803
82 618
83 1231
84 2469
85 1453
86 2760
87 1386
88 2559
89 2392
90 2878
91 1683
92 1738
93 2693
94 2644
95 1740
96 1245
97 1799
98 137
99 28
100 1578
101 1869
102 14
103 811
104 919
105 591
106 366
107 1485
108 621
109 2409
110 986
111 614
112 2373
113 673
114 2568
115 1244
116 1143
117 2886
118 1722
119 485
120 2843
121 1612
122 2747
123 873
124 2081
125 2421
126 2971
127 1277
128 1334
129 2340
130 2816
131 62
132 2184
133 1290
134 1792
135 629
136 407
137 2335
138 1875
139 856
140 1230
141 18
142 2845
143 1760
144 1856
145 973
146 1483
147 1547
148 981
149 2538
150 1980
151 1299
152 2651
153 445
154 2530
155 143
156 481
157 1211
158 1307
159 792
160 2057
161 2905
162 1817
163 2897
164 2705
165 1887
166 452
167 2249
168 2256
169 2681
170 1330
171 1253
172 1242
173 2996
174 298
175 1890
176 2275
177 1975
178 1226
179 81
180 369
181 2141
182 915
183 207
184 2052
185 1240
186 2969
187 705
188 1307
189 2341
190 848
191 2698
192 383
193 241
194 1182
195 632
196 2907
197 1179
198 2034
199 258
200 1790
201 2353
202 854
203 1423
204 2910
205 2276
206 2818
207 898
208 613
209 904
210 2686
211 2480
212 1871
213 1563
214 279
215 1197
216 609
217 1301
218 500
219 1377
220 568
221 1400
222 2057
223 314
224 2484
225 705
226 2112
227 658
228 603
229 345
230 838
231 211
232 1544
233 895
234 1294
235 2576
236 538
237 1041
238 1087
239 2529
240 1899
241 2717
242 1837
243 2481
244 2070
245 73
246 2391
247 2806
248 694
249 1162
250 2982
251 1163
252 85
253 696
254 2711
255 2692
256 1942
257 2947
258 600
259 856
260 2534
261 1088
262 1611
263 2390
264 93
265 2085
266 1716
267 1424
268 2769
269 2693
270 1550
271 1032
272 678
273 2606
274 1891
275 2466
276 288
277 2116
278 2380
279 2476
280 1858
281 1099
282 2367
283 2033
284 2134
285 1684
286 1699
287 404
288 2979
289 2037
290 1994
291 1243
292 158
293 2360
294 2144
295 2917
296 1296
297 1941
298 2648
299 643
300 1433
301 1356
302 268
303 692
304 1448
305 736
306 1082
307 1073
308 1096
309 977
310 1636
311 2471
312 540
313 1045
314 1531
315 1333
316 344
317 2446
318 1600
319 1859
320 2467
321 2927
322 2832
323 2224
324 1348
325 302
326 2191
327 269
328 739
329 0
330 2570
331 2029
332 2360
333 2816
334 1672
335 2048
336 22
337 411
338 1697
339 2488
340 2895
341 123
342 2560
343 2054
344 2651
345 1865
346 774
347 2683
348 472
349 715
350 826
351 1677
352 15
353 2957
354 994
355 1424
356 261
357 17
358 1153
359 2091
360 212
361 417
362 113
363 2516
364 1890
365 361
366 2551
367 2768
368 2631
369 1990
370 2562
371 1840
372 1096
373 338
374 2894
375 2345
376 1815
377 655
378 795
379 1850
380 877
381 1111
382 2857
383 270
384 1081
385 1157
386 170
387 710
388 745
389 2776
390 515
391 591
392 1824
393 2532
394 1248
395 925
396 2251
397 752
398 979
399 2149
400 324
401 1203
402 546
403 2283
404 621
405 379
406 2954
407 1702
408 2501
409 165
410 1313
411 1434
412 77
413 2071
414 1757
415 301
416 1458
417 143
418 1203
419 2886
420 2783
421 2111
422 643
423 1492
424 2456
425 281
426 2686
427 1101
428 938
429 512
430 2621
431 288
432 980
433 587
434 2569
435 801
436 2655
437 346
438 2630
439 1786
440 42
441 1685
442 179
443 431
444 1584
445 957
446 1545
447 1147
448 1340
449 2606
450 870
451 201
452 96
453 105
454 942
455 1480
456 133
457 19
458 2347
459 752
460 685
461 945
462 521
463 1155
464 2854
465 1150
466 745
467 1652
468 769
469 1880
470 240
471 916
472 1222
473 18
474 2397
475 46
476 396
477 2869
478 2281
479 636
480 2023
481 1099
482 447
483 1714
484 2640
485 1622
486 2063
487 1142
488 2945
489 1025
490 2425
491 2961
492 2574
493 1420
494 102
495 1897
496 2939
497 1568
498 1586
499 782
500 196
501 30
502 647
503 2644
504 1322
505 350
506 2500
507 1589
508 143
509 1329
510 901
511 1536
512 2667
513 2973
514 631
515 1695
516 2746
517 870
518 366
519 1595
520 322
521 12
522 585
523 512
524 2751
525 307
526 1076
527 285
528 126
529 283
530 2279
531 2779
532 19
533 393
534 422
535 2424
536 1912
537 2707
538 1992
539 1254
540 1505
541 1990
542 1008
543 651
544 79
545 1165
546 2985
547 2970
548 2450
549 845
550 620
551 275
552 1610
553 1986
554 758
555 1
556 1589
557 2409
558 1986
559 2603
560 140
561 2858
562 2462
563 1422
564 946
565 1639
566 860
567 2275
568 1107
569 2688
570 129
571 1914
572 2207
573 1643
574 1424
575 1323
576 1681
577 1172
578 211
579 2431
580 766
581 62
582 1302
583 391
584 1385
585 99
586 1200
587 2936
588 669
589 2951
590 560
591 2964
592 1174
593 2514
594 1230
595 1067
596 1440
597 1638
598 2397
599 2562
600 117
601 2987
602 1810
603 1088
604 1299
605 2822
606 2638
607 2577
608 2778
609 481
610 2923
611 35
612 2143
613 598
614 1608
615 2392
616 1838
617 42
618 1252
619 2692
620 2061
621 264
622 1425
623 1092
624 2500
625 7
626 1710
627 2153
628 2520
629 1447
630 1165
631 1833
632 1100
633 646
634 2367
635 733
636 968
637 2744
638 525
639 2287
640 2604
641 2734
642 712
643 2744
644 1700
645 2730
646 164
647 2912
648 1384
649 1190
650 221
651 2658
652 419
653 704
654 1422
655 2793
656 816
657 1462
658 1627
659 1417
660 462
661 1238
662 1816
663 2552
664 861
665 64
666 1086
667 1816
668 2883
669 2752
670 1572
671 2131
672 960
673 2327
674 2731
675 441
676 871
677 1962
678 2909
679 898
680 1033
681 1360
682 1498
683 731
684 892
685 1699
686 1284
687 876
688 896
689 2431
690 177
691 1589
692 1571
693 1026
694 197
695 908
696 887
697 1610
698 1858
699 2507
700 32
701 290
702 1779
703 2308
704 625
705 2879
706 176
707 252
708 917
709 2378
710 1574
711 1750
712 1209
713 1185
714 1297
715 1861
716 2130
717 369
718 2917
719 1492
720 1012
721 2256
722 2550
723 907
724 2356
725 897
726 887
727 1292
728 231
729 2689
730 2193
731 2313
732 2348
733 981
734 385
735 177
736 236
737 1539
738 739
739 2065
740 483
741 2600
742 2965
743 215
744 2578
745 2316
746 1482
747 2397
748 704
749 686
750 2610
751 1013
752 1902
753 1890
754 2388
755 2203
756 1208
757 718
758 2635
759 1505
760 1291
761 188
762 424
763 1348
764 2448
765 220
766 1468
767 427
768 2058
769 2125
770 1562
771 1391
772 1431
773 1463
774 2780
775 871
776 2830
777 643
778 735
779 2488
780 2649
781 1733
782 2114
783 1157
784 994
785 1039
786 1939
787 92
788 2484
789 22
790 2007
791 1633
792 1767
793 652
794 1093
795 314
796 2396
797 472
798 1922
799 1086
800 261
801 1667
802 1956
803 12
804 1562
805 2489
806 696
807 1207
808 1041
809 2736
810 1095
811 1719
812 2683
813 1439
814 772
815 2408
816 26
817 2478
818 2241
819 1048
820 1430
821 2649
822 1475
823 2859
824 2629
825 1977
826 2334
827 2992
828 778
829 218
830 2245
831 1837
832 751
833 1399
834 1409
835 1964
836 2318
837 1434
838 1269
839 1521
840 2107
841 2838
842 2919
843 967
844 1274
845 2264
846 221
847 1643
848 1095
849 1913
850 1659
851 2360
852 2597
853 2342
854 1473
855 199
856 586
857 1415
858 136
859 346
860 1413
861 137
862 937
863 1398
864 2392
865 371
866 1408
867 1613
868 1091
869 1785
870 1710
871 681
872 2422
873 2953
874 61
875 1740
876 1520
877 52
878 2168
879 1702
880 2439
881 1826
882 2323

