140 90
0 177
1 2479
2 1794
3 527
4 2059
5 2110
6 2707
7 596
8 2877
9 999
10 151
11 2765
12 30
13 14
14 284
15 2779
16 1528
17 480
18 95
19 1238
20 1748
21 2643
22 2599
23 1002
24 1420
25 2872
26 637
27 1
28 1303
29 2371
30 1537
31 324
32 1370
33 1319
34 2210
35 1740
36 1842
37 640
38 2636
39 922
40 379
41 1720
42 1751
43 2785
44 1216
45 78
46 857
47 9
48 1603
49 1791
50 288
51 1636
52 2409
53 2579
54 2275
55 1231
56 604
57 2200
58 1765
59 1503
60 916
61 1881
62 2670
63 145
64 2870
65 1780
66 1507
67 984
68 2814
69 1545
70 2606
71 2080
72 470
73 584
74 1316
75 1766
76 1475
77 2408
78 2516
79 76
80 1622
81 1551
82 144
83 1732
84 2829
85 2723
86 2805
87 173
88 569
89 1170
90 1719
91 492
92 2942
93 245
94 2937
95 2028
96 245
97 2086
98 2391
99 2833
100 570
101 1897
102 72
103 608
104 2881
105 348
106 2355
107 2122
108 970
109 2919
110 2105
111 189
112 819
113 903
114 2988
115 1117
116 2961
117 1408
118 1893
119 594
120 483
121 376
122 1244
123 788
124 1123
125 581
126 704
127 298
128 1005
129 2432
130 715
131 1763
132 2505
133 162
134 2882
135 2663
136 1618
137 708
138 963
139 303

