272 0
0 1242
1 1176
2 770
3 2924
4 2418
5 1145
6 180
7 2609
8 2599
9 1784
10 1208
11 1858
12 1836
13 931
14 2746
15 1759
16 1075
17 2223
18 7
19 2730
20 1763
21 332
22 17
23 1351
24 630
25 498
26 2051
27 1231
28 1332
29 450
30 1683
31 1902
32 666
33 677
34 2804
35 1754
36 1387
37 1259
38 1878
39 1809
40 2960
41 449
42 2138
43 1656
44 2004
45 33
46 1411
47 2703
48 2026
49 1349
50 2765
51 609
52 1476
53 1995
54 1794
55 1766
56 561
57 1586
58 1063
59 2851
60 2885
61 425
62 1432
63 2936
64 2176
65 124
66 1796
67 1456
68 359
69 2728
70 2450
71 2079
72 2656
73 984
74 2444
75 1621
76 476
77 1861
78 353
79 1192
80 97
81 1604
82 2918
83 38
84 351
85 821
86 984
87 1321
88 2650
89 1732
90 2462
91 125
92 2728
93 217
94 2401
95 1040
96 609
97 1718
98 1754
99 2564
100 1982
101 2803
102 2298
103 1550
104 729
105 552
106 1442
107 72
108 2831
109 2026
110 1459
111 274
112 2215
113 2717
114 1853
115 2404
116 1049
117 2941
118 1434
119 2516
120 1530
121 2549
122 1663
123 2313
124 823
125 974
126 1287
127 1917
128 80
129 2453
130 2354
131 692
132 1134
133 1475
134 1511
135 1652
136 282
137 2934
138 60
139 2443
140 101
141 1165
142 955
143 746
144 181
145 1474
146 2447
147 417
148 2677
149 1077
150 844
151 1319
152 2984
153 804
154 2140
155 1386
156 1746
157 1668
158 854
159 693
160 1714
161 997
162 1392
163 539
164 2295
165 50
166 325
167 2673
168 548
169 184
170 2398
171 2951
172 416
173 29
174 1005
175 136
176 1404
177 2829
178 443
179 2600
180 867
181 2999
182 155
183 1014
184 2340
185 1359
186 2270
187 796
188 2636
189 611
190 1298
191 1516
192 873
193 514
194 822
195 1264
196 347
197 602
198 344
199 2689
200 0
201 2931
202 1533
203 1303
204 2013
205 2593
206 443
207 1181
208 1657
209 767
210 1182
211 714
212 1314
213 846
214 2975
215 1677
216 765
217 262
218 1715
219 1770
220 1009
221 307
222 2105
223 1905
224 554
225 2397
226 274
227 7
228 2366
229 2392
230 2276
231 2952
232 878
233 2280
234 23
235 841
236 40
237 1880
238 1690
239 1654
240 1092
241 2828
242 171
243 2570
244 2137
245 1727
246 2193
247 2074
248 261
249 2198
250 2546
251 880
252 1998
253 385
254 1615
255 1597
256 370
257 1395
258 2194
259 1587
260 806
261 2065
262 2415
263 1343
264 1136
265 1155
266 2061
267 2454
268 1937
269 7
270 2466
271 1856

