453 96
0 311
1 551
2 938
3 2572
4 231
5 1545
6 1023
7 706
8 153
9 2291
10 44
11 196
12 584
13 1559
14 2968
15 2935
16 2724
17 1443
18 2335
19 428
20 1651
21 1335
22 1038
23 1659
24 2156
25 2817
26 595
27 2526
28 569
29 184
30 1344
31 1196
32 197
33 631
34 2277
35 1385
36 1881
37 848
38 2792
39 2448
40 1065
41 2003
42 670
43 1462
44 1981
45 202
46 937
47 109
48 2313
49 109
50 1993
51 3
52 1779
53 527
54 2984
55 843
56 1080
57 1114
58 2568
59 2306
60 869
61 713
62 1580
63 2816
64 1485
65 1498
66 1033
67 2751
68 1287
69 2112
70 2609
71 873
72 255
73 552
74 446
75 2563
76 310
77 474
78 2738
79 1508
80 124
81 117
82 1752
83 1225
84 365
85 210
86 1825
87 1652
88 577
89 2412
90 1646
91 206
92 2903
93 1729
94 2558
95 536
96 135
97 108
98 1832
99 164
100 1229
101 36
102 2068
103 1605
104 1645
105 1603
106 2343
107 653
108 387
109 1216
110 496
111 2660
112 173
113 1562
114 879
115 2643
116 729
117 2855
118 440
119 465
120 1200
121 2807
122 2197
123 2040
124 982
125 1292
126 1049
127 215
128 678
129 888
130 1866
131 1422
132 531
133 1845
134 1019
135 2244
136 978
137 592
138 2673
139 2714
140 1787
141 837
142 1437
143 2443
144 2663
145 1029
146 1796
147 2596
148 1814
149 2593
150 608
151 951
152 1183
153 2555
154 1951
155 1028
156 1457
157 525
158 1532
159 2263
160 2120
161 521
162 1525
163 2217
164 262
165 61
166 1832
167 2080
168 222
169 607
170 1038
171 1645
172 1909
173 373
174 427
175 199
176 1092
177 1627
178 1353
179 2195
180 2209
181 2912
182 900
183 2251
184 1096
185 1376
186 1256
187 1801
188 2226
189 1347
190 1967
191 1340
192 168
193 2094
194 1161
195 22
196 2285
197 1180
198 426
199 2904
200 1232
201 1979
202 2409
203 2504
204 218
205 2037
206 483
207 2206
208 2555
209 2113
210 2987
211 1087
212 2413
213 2061
214 2759
215 2119
216 614
217 1214
218 267
219 2398
220 1145
221 1249
222 654
223 2681
224 824
225 344
226 1121
227 2220
228 1569
229 389
230 1880
231 2422
232 1226
233 2860
234 1123
235 2712
236 717
237 839
238 2640
239 1253
240 2522
241 2595
242 1467
243 1783
244 869
245 2184
246 479
247 777
248 922
249 2419
250 895
251 328
252 2377
253 1604
254 452
255 1075
256 2831
257 1979
258 859
259 2140
260 2561
261 898
262 81
263 1155
264 1298
265 547
266 798
267 2973
268 1476
269 479
270 2651
271 2412
272 2075
273 1233
274 794
275 2421
276 118
277 1961
278 2855
279 2132
280 2687
281 1647
282 447
283 20
284 337
285 2339
286 1694
287 236
288 617
289 2844
290 444
291 2708
292 1958
293 16
294 2962
295 2037
296 1660
297 2241
298 765
299 2181
300 922
301 1600
302 340
303 1314
304 2313
305 1134
306 267
307 11
308 433
309 91
310 286
311 1804
312 2484
313 669
314 32
315 221
316 375
317 1373
318 2982
319 589
320 1673
321 2409
322 2101
323 1346
324 2499
325 2759
326 636
327 1461
328 814
329 2923
330 2985
331 2049
332 839
333 1572
334 144
335 175
336 1553
337 1573
338 49
339 2972
340 1703
341 1912
342 1465
343 1022
344 2732
345 1147
346 1884
347 2318
348 2664
349 71
350 801
351 1724
352 876
353 500
354 2885
355 2224
356 908
357 2350
358 273
359 1614
360 265
361 910
362 2243
363 1832
364 740
365 1856
366 1810
367 1670
368 228
369 1979
370 1641
371 12
372 111
373 1257
374 2657
375 2886
376 670
377 1315
378 2040
379 1353
380 1040
381 867
382 1259
383 1840
384 87
385 893
386 1347
387 2812
388 1066
389 958
390 2226
391 1667
392 858
393 2894
394 218
395 2277
396 2722
397 2617
398 2661
399 1023
400 1726
401 915
402 1181
403 2842
404 2223
405 7
406 2136
407 1342
408 2869
409 53
410 527
411 1792
412 1882
413 1221
414 2044
415 187
416 2629
417 505
418 262
419 645
420 2144
421 178
422 1986
423 197
424 2234
425 613
426 1839
427 2884
428 1790
429 1459
430 2828
431 2742
432 1177
433 2634
434 229
435 754
436 2724
437 428
438 2900
439 2921
440 2068
441 1005
442 1023
443 2209
444 2317
445 834
446 2555
447 45
448 2201
449 2696
450 2483
451 438
452 1376

