979 7
0 2300
1 675
2 940
3 2941
4 2425
5 2810
6 1808
7 2899
8 2309
9 474
10 236
11 2265
12 138
13 1598
14 1052
15 1024
16 969
17 968
18 855
19 1130
20 682
21 2737
22 617
23 800
24 1037
25 2814
26 552
27 2654
28 2572
29 284
30 1155
31 545
32 2200
33 1704
34 511
35 2220
36 1428
37 506
38 90
39 2018
40 1966
41 1816
42 2695
43 2363
44 1954
45 688
46 419
47 2401
48 352
49 1011
50 2141
51 1812
52 2259
53 2148
54 2334
55 2628
56 1880
57 2868
58 582
59 2714
60 465
61 1990
62 246
63 2868
64 1915
65 9
66 2374
67 2883
68 1390
69 1983
70 1516
71 1132
72 2621
73 1787
74 1247
75 1889
76 1720
77 282
78 2252
79 2244
80 2556
81 1755
82 2819
83 274
84 2032
85 1342
86 1081
87 350
88 2238
89 994
90 1664
91 919
92 1064
93 1711
94 2514
95 1527
96 2573
97 188
98 79
99 13
100 2877
101 710
102 62
103 2578
104 1973
105 1528
106 2244
107 2344
108 1409
109 700
110 2765
111 1068
112 1588
113 40
114 223
115 1402
116 707
117 2980
118 2885
119 1793
120 605
121 2234
122 387
123 1705
124 2824
125 1997
126 952
127 163
128 2080
129 872
130 60
131 284
132 2606
133 2847
134 1859
135 2195
136 2708
137 474
138 309
139 2811
140 2654
141 1847
142 1311
143 1105
144 1262
145 2755
146 2750
147 2025
148 196
149 2290
150 2078
151 84
152 221
153 2399
154 1172
155 2688
156 562
157 2864
158 1388
159 535
160 94
161 1708
162 1437
163 671
164 1919
165 691
166 2337
167 2519
168 1203
169 2278
170 1391
171 1238
172 2671
173 2541
174 811
175 2215
176 1320
177 2691
178 1220
179 2590
180 1327
181 2714
182 1939
183 1079
184 1809
185 2881
186 2924
187 1008
188 1148
189 1234
190 2418
191 2584
192 707
193 1995
194 321
195 2654
196 2650
197 1392
198 655
199 2101
200 1403
201 182
202 2372
203 153
204 1717
205 1696
206 2241
207 1624
208 803
209 2316
210 1368
211 2088
212 2260
213 1070
214 1427
215 1898
216 1799
217 2494
218 1491
219 530
220 2204
221 2732
222 107
223 227
224 2562
225 1148
226 1358
227 2980
228 1241
229 1025
230 2590
231 767
232 2159
233 2244
234 1168
235 1906
236 2459
237 837
238 193
239 1240
240 1242
241 2018
242 1933
243 2687
244 791
245 142
246 1659
247 276
248 2757
249 408
250 1807
251 1101
252 1135
253 2791
254 646
255 2762
256 664
257 2051
258 219
259 2638
260 58
261 1179
262 1194
263 381
264 1677
265 90
266 2704
267 2235
268 642
269 1860
270 242
271 61
272 2609
273 506
274 1532
275 1115
276 2533
277 2092
278 2585
279 1925
280 2714
281 2902
282 2290
283 2464
284 1527
285 2980
286 719
287 1807
288 171
289 584
290 591
291 1203
292 1114
293 488
294 2553
295 2783
296 841
297 1571
298 1115
299 2926
300 2649
301 909
302 833
303 1576
304 1465
305 483
306 1848
307 203
308 483
309 2606
310 506
311 2250
312 2611
313 774
314 560
315 82
316 1441
317 1110
318 68
319 2752
320 1365
321 2569
322 1453
323 1547
324 519
325 459
326 2283
327 1456
328 1417
329 1162
330 1487
331 377
332 353
333 2672
334 1804
335 247
336 14
337 1753
338 2093
339 2303
340 2217
341 2096
342 303
343 18
344 1195
345 979
346 2924
347 1042
348 640
349 1044
350 2304
351 2368
352 1493
353 445
354 131
355 1811
356 1736
357 1242
358 2144
359 2139
360 1405
361 1466
362 2700
363 1006
364 95
365 713
366 1586
367 1201
368 35
369 1571
370 1962
371 1934
372 1434
373 743
374 2510
375 242
376 1754
377 522
378 843
379 212
380 2008
381 881
382 115
383 867
384 609
385 2472
386 385
387 2844
388 699
389 545
390 271
391 712
392 2846
393 2108
394 2987
395 1816
396 2968
397 2278
398 2755
399 1408
400 2117
401 2892
402 1049
403 161
404 652
405 1085
406 2098
407 2783
408 65
409 582
410 2393
411 1508
412 814
413 562
414 2512
415 1616
416 2104
417 1600
418 2152
419 1046
420 2112
421 2106
422 2500
423 1779
424 1623
425 2794
426 1390
427 2337
428 741
429 1917
430 2911
431 2661
432 781
433 829
434 1336
435 1726
436 426
437 209
438 1418
439 505
440 1458
441 743
442 2927
443 2147
444 1484
445 1521
446 1567
447 188
448 276
449 2208
450 1672
451 2061
452 616
453 472
454 2536
455 2399
456 1939
457 2208
458 511
459 915
460 1415
461 1722
462 1754
463 841
464 153
465 1841
466 2288
467 581
468 2598
469 2408
470 964
471 2986
472 38
473 260
474 1376
475 2856
476 2415
477 355
478 596
479 1514
480 1662
481 823
482 2345
483 2493
484 1860
485 2692
486 2368
487 2786
488 372
489 1682
490 897
491 1189
492 1500
493 954
494 1041
495 170
496 2482
497 1104
498 77
499 2071
500 2691
501 496
502 1258
503 2333
504 2383
505 1387
506 2983
507 2702
508 765
509 2759
510 1954
511 2093
512 2003
513 1777
514 2098
515 2919
516 647
517 939
518 715
519 2069
520 1844
521 1978
522 1356
523 2876
524 1944
525 2469
526 186
527 446
528 1160
529 1619
530 491
531 1872
532 2340
533 2667
534 1132
535 315
536 868
537 2627
538 1810
539 1337
540 1653
541 2260
542 1555
543 1755
544 970
545 1508
546 2730
547 1783
548 241
549 641
550 1105
551 2038
552 1672
553 2986
554 179
555 796
556 1950
557 1675
558 360
559 827
560 165
561 845
562 1810
563 2215
564 2874
565 669
566 1367
567 2024
568 1687
569 435
570 1805
571 230
572 853
573 1940
574 209
575 2174
576 1923
577 2203
578 1900
579 461
580 2897
581 2149
582 1750
583 1974
584 666
585 1683
586 2053
587 1510
588 1259
589 504
590 1588
591 2643
592 736
593 2424
594 1629
595 989
596 1624
597 33
598 968
599 2245
600 401
601 171
602 1787
603 1492
604 2756
605 2046
606 2461
607 2605
608 2684
609 45
610 2217
611 147
612 535
613 1018
614 1987
615 540
616 2062
617 444
618 539
619 2792
620 1064
621 2812
622 2637
623 129
624 280
625 2210
626 2655
627 152
628 56
629 232
630 2624
631 1574
632 818
633 2474
634 2914
635 1719
636 1210
637 452
638 632
639 400
640 1704
641 1583
642 2219
643 1871
644 1920
645 882
646 1453
647 399
648 2359
649 247
650 2018
651 740
652 2380
653 979
654 2484
655 2016
656 151
657 1716
658 2857
659 479
660 356
661 2928
662 462
663 1197
664 326
665 1512
666 1831
667 360
668 1994
669 588
670 1580
671 1573
672 2417
673 1623
674 640
675 130
676 775
677 2776
678 800
679 2028
680 2052
681 910
682 43
683 2810
684 644
685 2785
686 1616
687 1797
688 1861
689 785
690 2244
691 262
692 514
693 1285
694 1679
695 1863
696 1939
697 424
698 2921
699 2929
700 990
701 602
702 1448
703 368
704 354
705 2793
706 1413
707 112
708 690
709 488
710 1347
711 2875
712 143
713 1445
714 89
715 1412
716 1995
717 1258
718 782
719 230
720 265
721 2739
722 24
723 927
724 1980
725 1962
726 2719
727 1704
728 2470
729 2602
730 2621
731 2383
732 1131
733 19
734 1529
735 1250
736 363
737 1060
738 1420
739 2994
740 1484
741 571
742 318
743 554
744 714
745 2945
746 1089
747 624
748 722
749 329
750 830
751 1353
752 1499
753 983
754 2529
755 686
756 775
757 2848
758 855
759 176
760 721
761 2702
762 1044
763 1927
764 2252
765 1324
766 2337
767 718
768 1606
769 589
770 823
771 2365
772 1262
773 1197
774 1435
775 1557
776 1842
777 407
778 1436
779 57
780 2591
781 8
782 602
783 2706
784 1135
785 2057
786 516
787 2040
788 2939
789 1864
790 2339
791 897
792 506
793 406
794 591
795 2919
796 1646
797 2599
798 2569
799 1178
800 2368
801 1413
802 1418
803 2353
804 633
805 977
806 349
807 1904
808 515
809 1079
810 1908
811 233
812 1600
813 2612
814 2816
815 1958
816 939
817 1791
818 2467
819 19
820 413
821 1727
822 2552
823 517
824 523
825 289
826 6
827 9
828 2217
829 1988
830 418
831 2694
832 315
833 105
834 1689
835 2141
836 2355
837 939
838 2775
839 2830
840 996
841 987
842 1668
843 1247
844 1895
845 1911
846 2665
847 1711
848 715
849 391
850 2310
851 737
852 926
853 381
854 540
855 523
856 2689
857 105
858 2232
859 1074
860 1885
861 1394
862 2543
863 1178
864 1761
865 2284
866 2735
867 2303
868 526
869 2934
870 2792
871 1327
872 2011
873 168
874 751
875 1929
876 338
877 80
878 1106
879 2403
880 2096
881 174
882 609
883 1575
884 1605
885 2470
886 2980
887 1240
888 1847
889 172
890 2756
891 1597
892 1990
893 1554
894 129
895 1525
896 2060
897 2502
898 2098
899 2114
900 2143
901 336
902 1209
903 1120
904 1480
905 1929
906 2515
907 829
908 282
909 477
910 820
911 2087
912 1686
913 1019
914 2324
915 1728
916 1189
917 1703
918 392
919 355
920 167
921 2785
922 2228
923 1545
924 1037
925 1252
926 2310
927 2649
928 1932
929 1086
930 259
931 7
932 1893
933 1971
934 1709
935 2061
936 1322
937 1790
938 2627
939 1113
940 120
941 1246
942 1429
943 430
944 2490
945 183
946 974
947 1126
948 234
949 2645
950 1673
951 2883
952 2930
953 2864
954 1664
955 2878
956 1543
957 159
958 960
959 2670
960 2274
961 514
962 1115
963 2271
964 1288
965 2751
966 479
967 487
968 551
969 2384
970 970
971 2315
972 516
973 2798
974 1838
975 2253
976 880
977 46
978 2526

