552 56
0 81
1 1746
2 1953
3 1176
4 1152
5 2500
6 2351
7 1165
8 122
9 1997
10 1623
11 2064
12 1081
13 2205
14 1526
15 421
16 1306
17 555
18 322
19 2467
20 1658
21 2948
22 2875
23 2602
24 1449
25 196
26 1536
27 1191
28 1173
29 2276
30 1408
31 2300
32 664
33 512
34 1588
35 1890
36 1112
37 989
38 2545
39 32
40 1248
41 1914
42 1238
43 2355
44 926
45 1738
46 515
47 2808
48 2495
49 2019
50 2283
51 2794
52 1296
53 2085
54 980
55 2406
56 969
57 2202
58 1591
59 1799
60 391
61 2621
62 1722
63 1739
64 900
65 2780
66 1616
67 2167
68 759
69 2779
70 2927
71 1314
72 1010
73 82
74 1466
75 2927
76 101
77 1597
78 71
79 1531
80 424
81 166
82 2488
83 278
84 1398
85 1888
86 49
87 49
88 1322
89 736
90 2117
91 841
92 2814
93 2639
94 2484
95 2240
96 2642
97 2745
98 920
99 1531
100 2656
101 311
102 2260
103 36
104 2705
105 796
106 1956
107 2870
108 28
109 1683
110 2078
111 2293
112 476
113 1414
114 911
115 2554
116 2843
117 1149
118 2884
119 1429
120 2211
121 2130
122 991
123 1721
124 1229
125 2498
126 1454
127 1916
128 94
129 1335
130 1724
131 142
132 1236
133 2172
134 625
135 2292
136 1102
137 1656
138 1895
139 2741
140 1212
141 497
142 1605
143 230
144 720
145 2000
146 1409
147 44
148 1146
149 2689
150 1742
151 1293
152 2846
153 2151
154 400
155 724
156 2014
157 1002
158 1177
159 1687
160 2304
161 1507
162 1089
163 1554
164 2649
165 1801
166 2461
167 285
168 1666
169 850
170 37
171 2438
172 1532
173 2896
174 1918
175 1352
176 1192
177 2478
178 197
179 204
180 1328
181 2509
182 1373
183 1832
184 760
185 2578
186 662
187 871
188 1425
189 2691
190 1539
191 669
192 1696
193 2169
194 1685
195 2035
196 1667
197 632
198 2461
199 2822
200 742
201 683
202 2168
203 1789
204 1471
205 2869
206 533
207 2844
208 2166
209 378
210 2043
211 2534
212 685
213 1256
214 1497
215 1275
216 1158
217 500
218 1243
219 856
220 1590
221 2815
222 1135
223 957
224 2116
225 1839
226 2041
227 202
228 644
229 2323
230 2542
231 570
232 2992
233 2680
234 286
235 2187
236 1606
237 3000
238 2069
239 1475
240 1498
241 2957
242 2948
243 1699
244 918
245 2028
246 2287
247 2967
248 1722
249 982
250 2741
251 445
252 1955
253 1420
254 1864
255 868
256 2236
257 1629
258 8
259 692
260 1353
261 1178
262 1736
263 1614
264 2446
265 2074
266 2457
267 1033
268 333
269 1256
270 1875
271 399
272 2442
273 1253
274 2190
275 769
276 5
277 773
278 409
279 804
280 767
281 1507
282 2262
283 1980
284 210
285 78
286 1778
287 2558
288 2773
289 1885
290 852
291 413
292 2911
293 2239
294 1213
295 1727
296 1151
297 2127
298 668
299 2730
300 828
301 173
302 271
303 192
304 2566
305 2241
306 1142
307 1140
308 2822
309 1027
310 2867
311 347
312 1294
313 1700
314 17
315 2289
316 1168
317 1569
318 1557
319 1608
320 888
321 68
322 1020
323 262
324 2366
325 1273
326 100
327 2115
328 2964
329 2551
330 520
331 2128
332 853
333 1237
334 1083
335 2300
336 2610
337 2706
338 2011
339 829
340 2645
341 2614
342 1799
343 2531
344 881
345 1166
346 156
347 33
348 2913
349 196
350 259
351 2033
352 235
353 496
354 7
355 1534
356 558
357 1407
358 1756
359 1237
360 314
361 2773
362 2168
363 2296
364 1860
365 63
366 297
367 795
368 1935
369 24
370 1893
371 1565
372 429
373 1712
374 1327
375 93
376 272
377 1680
378 1241
379 2042
380 1935
381 226
382 2782
383 1021
384 2753
385 2549
386 1419
387 2774
388 611
389 2416
390 1428
391 542
392 1731
393 2445
394 2055
395 921
396 317
397 2401
398 2986
399 701
400 1005
401 1428
402 1025
403 963
404 1527
405 383
406 2648
407 2884
408 2915
409 884
410 1484
411 688
412 22
413 2660
414 230
415 2242
416 2514
417 248
418 403
419 2769
420 504
421 2225
422 1534
423 2067
424 2799
425 1291
426 2619
427 1511
428 736
429 1461
430 1673
431 1045
432 117
433 2254
434 2511
435 2410
436 2987
437 1791
438 1670
439 1104
440 2893
441 2544
442 2311
443 479
444 879
445 1412
446 1969
447 2960
448 455
449 2295
450 2659
451 2516
452 2169
453 972
454 830
455 2195
456 528
457 1124
458 209
459 2985
460 6
461 2999
462 1813
463 2228
464 2200
465 2720
466 330
467 1776
468 2084
469 1712
470 2194
471 146
472 421
473 1922
474 1891
475 5
476 2897
477 37
478 1808
479 1339
480 383
481 1772
482 1956
483 2835
484 442
485 176
486 2893
487 2493
488 2222
489 468
490 35
491 1768
492 2972
493 2178
494 416
495 2276
496 2172
497 595
498 613
499 2837
500 1670
501 1627
502 1990
503 2461
504 843
505 98
506 191
507 1398
508 1786
509 2448
510 1027
511 2797
512 2640
513 2631
514 1156
515 1397
516 2018
517 410
518 1259
519 1072
520 1428
521 1622
522 513
523 527
524 668
525 615
526 2831
527 377
528 1103
529 676
530 523
531 2414
532 2064
533 900
534 688
535 59
536 389
537 55
538 602
539 457
540 2382
541 2409
542 618
543 814
544 49
545 2217
546 1711
547 2361
548 1350
549 729
550 1626
551 686

