451 5
0 682
1 70
2 1779
3 1797
4 2251
5 1149
6 274
7 1244
8 1013
9 2833
10 108
11 2809
12 837
13 1380
14 723
15 945
16 714
17 1587
18 2785
19 796
20 585
21 2094
22 2011
23 69
24 145
25 1184
26 1154
27 1911
28 1580
29 2297
30 330
31 1678
32 1020
33 2533
34 502
35 2419
36 291
37 1462
38 831
39 1109
40 1636
41 232
42 1504
43 1978
44 2626
45 1806
46 49
47 2828
48 1706
49 367
50 1716
51 781
52 73
53 529
54 413
55 1934
56 2759
57 2364
58 74
59 1723
60 659
61 974
62 1315
63 2156
64 1377
65 1403
66 1784
67 1228
68 1535
69 2847
70 2515
71 827
72 681
73 290
74 710
75 334
76 2194
77 859
78 1421
79 2539
80 2292
81 658
82 1666
83 2338
84 2469
85 2297
86 681
87 1163
88 578
89 1870
90 776
91 605
92 605
93 32
94 2882
95 2006
96 1881
97 710
98 1608
99 2327
100 595
101 887
102 522
103 717
104 2990
105 448
106 1057
107 444
108 1059
109 1038
110 783
111 1787
112 2558
113 2271
114 2998
115 2312
116 1626
117 1711
118 1976
119 1013
120 749
121 1493
122 2092
123 339
124 2216
125 1614
126 338
127 2496
128 1485
129 2246
130 1962
131 2519
132 1057
133 365
134 1461
135 1483
136 641
137 2054
138 2101
139 745
140 1608
141 1109
142 2942
143 1222
144 618
145 1764
146 2297
147 1571
148 1704
149 2243
150 1440
151 560
152 1599
153 1010
154 819
155 2113
156 574
157 2314
158 1853
159 750
160 1209
161 399
162 892
163 1236
164 353
165 120
166 1591
167 1803
168 2676
169 1250
170 2540
171 1661
172 2064
173 1924
174 2584
175 1100
176 968
177 1585
178 531
179 1371
180 1473
181 674
182 1182
183 1766
184 301
185 407
186 1824
187 1301
188 2045
189 2829
190 1932
191 2713
192 1649
193 316
194 1420
195 796
196 1127
197 2822
198 2578
199 943
200 1956
201 1712
202 806
203 2815
204 2655
205 508
206 2616
207 187
208 2816
209 626
210 1775
211 82
212 660
213 2137
214 1500
215 31
216 868
217 2262
218 2190
219 2906
220 1897
221 1129
222 2777
223 2592
224 2821
225 508
226 2075
227 1217
228 2144
229 2476
230 446
231 2666
232 4
233 1554
234 2516
235 2660
236 1241
237 2318
238 2994
239 2096
240 2926
241 1280
242 1230
243 690
244 2983
245 268
246 2572
247 2464
248 2694
249 638
250 956
251 381
252 1998
253 2535
254 703
255 2539
256 397
257 2224
258 2375
259 731
260 437
261 1224
262 2441
263 1473
264 2617
265 916
266 2324
267 1557
268 658
269 2866
270 2622
271 1500
272 2596
273 532
274 86
275 2779
276 2181
277 422
278 2419
279 93
280 2398
281 1468
282 890
283 1431
284 2203
285 2929
286 1555
287 1318
288 683
289 2620
290 936
291 578
292 1174
293 2100
294 2136
295 2860
296 295
297 1840
298 288
299 2417
300 2650
301 2872
302 850
303 1714
304 650
305 87
306 1912
307 118
308 290
309 1786
310 2875
311 690
312 2390
313 972
314 23
315 2911
316 2459
317 1373
318 2874
319 1508
320 10
321 850
322 1465
323 10
324 2344
325 175
326 1374
327 2716
328 2081
329 1564
330 1632
331 2246
332 1518
333 1562
334 751
335 1401
336 2036
337 2979
338 1855
339 190
340 127
341 1245
342 1023
343 2494
344 818
345 1641
346 1933
347 1013
348 2396
349 1397
350 2594
351 1343
352 2273
353 1575
354 2751
355 2424
356 2325
357 1992
358 2890
359 2319
360 2160
361 1008
362 2602
363 2760
364 160
365 1405
366 1133
367 1692
368 380
369 661
370 794
371 961
372 763
373 1590
374 1556
375 2702
376 2151
377 1776
378 2733
379 1171
380 2830
381 700
382 113
383 432
384 1738
385 2410
386 2597
387 2786
388 1899
389 2160
390 2921
391 2696
392 1052
393 2543
394 1864
395 2364
396 2823
397 2943
398 1043
399 1677
400 809
401 1140
402 2922
403 266
404 1337
405 1594
406 2488
407 2940
408 2962
409 2960
410 1834
411 764
412 380
413 1870
414 2062
415 2864
416 385
417 2566
418 2281
419 2189
420 924
421 2910
422 803
423 2758
424 1598
425 1443
426 135
427 679
428 2218
429 474
430 2709
431 637
432 2006
433 2083
434 1800
435 2848
436 2862
437 2703
438 2405
439 1814
440 763
441 334
442 960
443 2308
444 258
445 852
446 2881
447 1107
448 2812
449 2874
450 69

