298 32
0 1134
1 2676
2 277
3 2157
4 2879
5 2776
6 231
7 1672
8 1841
9 172
10 506
11 765
12 344
13 2374
14 1945
15 1262
16 1600
17 1912
18 2518
19 661
20 2540
21 1757
22 2532
23 1239
24 1177
25 2816
26 2974
27 1999
28 2031
29 1204
30 821
31 1474
32 184
33 2000
34 440
35 2497
36 151
37 269
38 116
39 1210
40 1831
41 1826
42 2242
43 2722
44 798
45 1897
46 1300
47 1758
48 375
49 2247
50 1276
51 609
52 298
53 2871
54 2944
55 2948
56 1459
57 2636
58 262
59 1256
60 1754
61 595
62 26
63 582
64 2568
65 490
66 1833
67 769
68 1926
69 645
70 1667
71 1232
72 406
73 2425
74 735
75 259
76 2746
77 610
78 1595
79 602
80 1518
81 535
82 2240
83 1729
84 1047
85 1135
86 1097
87 1686
88 1628
89 52
90 9
91 1204
92 1840
93 289
94 2410
95 62
96 1064
97 1705
98 1920
99 300
100 1918
101 610
102 2831
103 1810
104 1806
105 641
106 377
107 994
108 1506
109 1549
110 1321
111 2391
112 957
113 744
114 2329
115 2779
116 588
117 609
118 1003
119 2544
120 2842
121 2924
122 903
123 2874
124 2704
125 1058
126 1869
127 2265
128 197
129 522
130 2385
131 2680
132 1232
133 490
134 1852
135 1508
136 767
137 2468
138 2794
139 211
140 436
141 1100
142 1564
143 1893
144 2653
145 962
146 2237
147 1477
148 2577
149 2349
150 1070
151 2234
152 1954
153 3
154 2754
155 1034
156 2512
157 133
158 1979
159 1208
160 1416
161 1028
162 1858
163 33
164 1239
165 1632
166 2297
167 2960
168 1519
169 2876
170 1743
171 470
172 322
173 736
174 264
175 2563
176 716
177 476
178 30
179 1203
180 1706
181 2614
182 617
183 504
184 400
185 2171
186 905
187 860
188 1193
189 1038
190 684
191 1102
192 1492
193 2270
194 668
195 2225
196 197
197 1209
198 2777
199 1889
200 2606
201 1136
202 2757
203 593
204 655
205 1752
206 1094
207 1848
208 1262
209 2629
210 2119
211 491
212 2780
213 2421
214 2392
215 2373
216 1289
217 818
218 125
219 1678
220 918
221 619
222 2827
223 2663
224 409
225 1329
226 451
227 626
228 2351
229 596
230 2482
231 735
232 1341
233 299
234 2912
235 2157
236 1386
237 211
238 2615
239 406
240 560
241 1693
242 514
243 835
244 575
245 1333
246 27
247 1465
248 2310
249 1614
250 1709
251 1314
252 1626
253 1379
254 2014
255 2956
256 200
257 2921
258 915
259 1508
260 2867
261 340
262 2574
263 2058
264 889
265 927
266 2305
267 784
268 536
269 192
270 2423
271 1134
272 2213
273 57
274 1156
275 2069
276 444
277 2602
278 2142
279 2044
280 1255
281 1047
282 1971
283 138
284 12
285 2167
286 700
287 830
288 955
289 289
290 2846
291 226
292 174
293 1319
294 2265
295 869
296 1207
297 116

