141 8
0 2507
1 1372
2 729
3 90
4 2919
5 468
6 1173
7 2159
8 78
9 203
10 146
11 1194
12 1735
13 2701
14 344
15 2518
16 1777
17 1810
18 764
19 333
20 1943
21 2411
22 2135
23 1172
24 2456
25 440
26 1397
27 2071
28 13
29 683
30 2320
31 1158
32 2235
33 2582
34 2904
35 179
36 2387
37 1163
38 344
39 2937
40 2711
41 2222
42 2145
43 2200
44 1177
45 918
46 358
47 2464
48 985
49 2718
50 1229
51 1349
52 1774
53 418
54 2413
55 1540
56 918
57 1588
58 510
59 1203
60 2476
61 301
62 2250
63 2504
64 2999
65 1279
66 297
67 300
68 1841
69 2364
70 2493
71 1016
72 1343
73 1914
74 2882
75 314
76 2381
77 1188
78 615
79 897
80 2148
81 235
82 2244
83 2339
84 2948
85 2987
86 2416
87 1797
88 312
89 2982
90 1576
91 2535
92 2159
93 2209
94 2549
95 202
96 2988
97 2416
98 2591
99 297
100 1948
101 572
102 1045
103 2418
104 1441
105 2490
106 2675
107 1679
108 2842
109 2144
110 1103
111 3
112 1880
113 1697
114 1995
115 247
116 629
117 70
118 1506
119 195
120 2222
121 1066
122 1607
123 797
124 2659
125 80
126 2194
127 80
128 2691
129 822
130 2954
131 2642
132 2661
133 133
134 2143
135 2707
136 347
137 2161
138 2525
139 877
140 305

