576 59
0 343
1 2173
2 2451
3 822
4 1434
5 2338
6 1590
7 819
8 2480
9 264
10 1204
11 133
12 1122
13 1534
14 430
15 653
16 1098
17 119
18 2748
19 2187
20 1674
21 2831
22 274
23 592
24 2270
25 166
26 1433
27 284
28 2440
29 388
30 287
31 1882
32 2239
33 1634
34 2817
35 1849
36 2934
37 2097
38 2437
39 612
40 671
41 1606
42 1673
43 985
44 2873
45 1533
46 1152
47 2152
48 2588
49 2037
50 1422
51 1036
52 551
53 315
54 1070
55 473
56 1628
57 2901
58 2650
59 2487
60 1957
61 1498
62 1544
63 2504
64 2074
65 1274
66 983
67 294
68 556
69 1842
70 1629
71 1546
72 221
73 2321
74 2420
75 1192
76 2861
77 255
78 852
79 846
80 2285
81 1059
82 2828
83 2013
84 515
85 2885
86 1326
87 109
88 2768
89 255
90 105
91 2007
92 1495
93 2794
94 2337
95 532
96 2206
97 1056
98 668
99 1485
100 1057
101 1449
102 364
103 1111
104 2371
105 2027
106 1470
107 2192
108 710
109 1041
110 2304
111 298
112 267
113 1344
114 1720
115 739
116 957
117 2898
118 373
119 2343
120 1569
121 1458
122 964
123 1450
124 2052
125 2332
126 2576
127 1775
128 2472
129 2631
130 2343
131 2205
132 1982
133 2304
134 1069
135 2210
136 1439
137 231
138 284
139 2601
140 1545
141 6
142 2556
143 990
144 1145
145 1682
146 1124
147 2343
148 1023
149 1460
150 989
151 1767
152 1817
153 1563
154 2986
155 2311
156 2595
157 2370
158 2177
159 2584
160 2260
161 492
162 1152
163 1225
164 1923
165 1716
166 2882
167 2411
168 1895
169 1329
170 722
171 2724
172 1994
173 2927
174 1579
175 2711
176 2273
177 1974
178 1463
179 1628
180 148
181 992
182 1068
183 2578
184 965
185 2678
186 57
187 2372
188 1880
189 1803
190 1184
191 611
192 2930
193 843
194 746
195 546
196 2631
197 33
198 2225
199 9
200 2354
201 572
202 1528
203 1943
204 1179
205 2919
206 2483
207 833
208 133
209 779
210 216
211 427
212 160
213 1722
214 1016
215 1559
216 1722
217 84
218 1762
219 1573
220 2731
221 223
222 1290
223 1084
224 682
225 2265
226 107
227 480
228 603
229 488
230 2046
231 1416
232 1531
233 1017
234 730
235 1001
236 10
237 1673
238 2710
239 1851
240 2926
241 102
242 1555
243 1692
244 535
245 1531
246 1267
247 1905
248 2119
249 2239
250 151
251 1375
252 1298
253 642
254 539
255 1615
256 646
257 612
258 822
259 1357
260 690
261 1749
262 1129
263 364
264 2246
265 1278
266 2021
267 1280
268 2221
269 2089
270 402
271 829
272 1997
273 1186
274 1389
275 1383
276 1654
277 2502
278 656
279 2475
280 811
281 2642
282 2940
283 851
284 1964
285 2365
286 831
287 1021
288 6
289 2975
290 1528
291 1818
292 1501
293 2481
294 62
295 2896
296 1967
297 2473
298 2864
299 2180
300 2186
301 2989
302 2302
303 2149
304 2142
305 155
306 1336
307 1151
308 1700
309 664
310 2260
311 2177
312 2720
313 1310
314 906
315 2499
316 2193
317 2975
318 1000
319 2362
320 1110
321 61
322 1447
323 223
324 2687
325 1642
326 2907
327 639
328 107
329 580
330 2656
331 677
332 594
333 974
334 823
335 1205
336 2017
337 366
338 436
339 1823
340 64
341 1084
342 1596
343 489
344 2601
345 2249
346 1422
347 81
348 1247
349 816
350 1480
351 2824
352 1840
353 306
354 2025
355 1261
356 1566
357 1087
358 974
359 1053
360 1304
361 348
362 2919
363 2660
364 1743
365 1182
366 2746
367 996
368 2405
369 2567
370 2072
371 1292
372 836
373 1778
374 1045
375 2160
376 973
377 2080
378 64
379 2988
380 767
381 1369
382 172
383 2317
384 1620
385 320
386 540
387 1881
388 284
389 651
390 1812
391 2757
392 1838
393 2969
394 1339
395 1071
396 2823
397 2139
398 1458
399 431
400 2499
401 678
402 1265
403 2027
404 1166
405 121
406 2239
407 1132
408 938
409 2276
410 1345
411 2890
412 929
413 689
414 970
415 1686
416 2179
417 836
418 1870
419 361
420 2913
421 1459
422 729
423 1729
424 2397
425 234
426 1029
427 2913
428 105
429 1743
430 1619
431 1139
432 1936
433 2737
434 849
435 2404
436 1638
437 2641
438 195
439 1436
440 1594
441 2830
442 1748
443 1986
444 1375
445 2460
446 478
447 1995
448 2994
449 1891
450 2190
451 770
452 2175
453 356
454 1674
455 1913
456 2107
457 2591
458 482
459 705
460 951
461 553
462 1459
463 1321
464 2605
465 1889
466 1813
467 2020
468 491
469 2299
470 39
471 2386
472 1517
473 1281
474 521
475 2637
476 260
477 2805
478 681
479 2616
480 2821
481 1713
482 768
483 1100
484 39
485 351
486 2258
487 2135
488 711
489 1508
490 782
491 1089
492 977
493 2819
494 2839
495 304
496 726
497 1638
498 2756
499 2637
500 2040
501 126
502 2629
503 1002
504 656
505 929
506 2535
507 822
508 1315
509 363
510 914
511 508
512 533
513 633
514 261
515 2666
516 604
517 935
518 694
519 2547
520 785
521 2259
522 114
523 10
524 1884
525 449
526 2997
527 1020
528 1872
529 2712
530 707
531 1329
532 1307
533 1664
534 550
535 2229
536 57
537 2607
538 2900
539 2997
540 734
541 2807
542 2962
543 2752
544 963
545 2806
546 315
547 2327
548 238
549 2201
550 1860
551 856
552 2912
553 2204
554 1567
555 2572
556 1162
557 2081
558 2127
559 755
560 334
561 31
562 1977
563 1811
564 1534
565 2089
566 1315
567 2497
568 1109
569 454
570 342
571 1735
572 318
573 1011
574 943
575 1454

