509 95
0 2833
1 449
2 216
3 828
4 2961
5 2241
6 1887
7 2
8 2618
9 2779
10 2599
11 30
12 1296
13 2326
14 1083
15 958
16 2120
17 2944
18 1738
19 2119
20 2240
21 1070
22 2079
23 518
24 846
25 2352
26 32
27 923
28 39
29 2385
30 400
31 1353
32 2595
33 2950
34 2434
35 2993
36 412
37 1506
38 1288
39 1746
40 891
41 2820
42 266
43 665
44 223
45 1588
46 2235
47 1848
48 2445
49 2486
50 1667
51 2439
52 1910
53 2218
54 1734
55 2910
56 1458
57 746
58 179
59 2469
60 2744
61 2903
62 2088
63 2765
64 41
65 662
66 2982
67 442
68 2736
69 554
70 801
71 1980
72 1438
73 534
74 735
75 2753
76 1149
77 2064
78 2856
79 1271
80 32
81 1003
82 1497
83 1377
84 948
85 2146
86 2509
87 1918
88 2137
89 797
90 1009
91 1028
92 1033
93 1301
94 1137
95 2379
96 1313
97 1026
98 928
99 23
100 2573
101 2556
102 428
103 567
104 290
105 2798
106 982
107 2145
108 271
109 252
110 1204
111 1447
112 997
113 478
114 1776
115 2613
116 1029
117 1852
118 116
119 2313
120 3
121 2948
122 1397
123 1115
124 2644
125 2499
126 432
127 1237
128 128
129 1841
130 2874
131 2889
132 507
133 1257
134 1830
135 1724
136 406
137 387
138 354
139 1003
140 946
141 875
142 366
143 2500
144 204
145 635
146 587
147 1181
148 651
149 1200
150 2047
151 2855
152 354
153 704
154 1705
155 1280
156 1028
157 1299
158 1285
159 2327
160 2243
161 1614
162 2077
163 100
164 1020
165 968
166 2330
167 1187
168 2462
169 2059
170 1335
171 277
172 1043
173 1062
174 2254
175 625
176 2535
177 1891
178 511
179 665
180 2440
181 745
182 1134
183 2378
184 2707
185 1928
186 2435
187 2996
188 2415
189 1917
190 339
191 108
192 824
193 933
194 2975
195 2486
196 2302
197 2781
198 1410
199 2067
200 154
201 2290
202 1271
203 2859
204 2718
205 1764
206 1136
207 2795
208 693
209 1284
210 2228
211 828
212 1527
213 1569
214 2854
215 2622
216 2592
217 2094
218 2957
219 673
220 1322
221 34
222 1675
223 982
224 2004
225 2337
226 2680
227 1791
228 343
229 602
230 630
231 999
232 843
233 2697
234 2218
235 449
236 1939
237 1959
238 920
239 579
240 2323
241 846
242 2932
243 1820
244 1569
245 308
246 1898
247 654
248 2622
249 757
250 711
251 2029
252 2160
253 273
254 2904
255 1248
256 2472
257 2375
258 2024
259 46
260 2649
261 1632
262 1524
263 2846
264 2224
265 277
266 2117
267 592
268 1449
269 474
270 2126
271 613
272 2507
273 306
274 2171
275 49
276 598
277 2067
278 774
279 1976
280 809
281 1607
282 1762
283 2611
284 1558
285 2718
286 2010
287 2636
288 2415
289 2213
290 1317
291 2697
292 2033
293 1872
294 2783
295 747
296 2027
297 2451
298 531
299 2168
300 2355
301 2597
302 322
303 471
304 809
305 1342
306 420
307 2953
308 2468
309 926
310 2280
311 17
312 1727
313 821
314 1979
315 657
316 210
317 1837
318 2489
319 175
320 1541
321 2023
322 2832
323 277
324 2896
325 614
326 413
327 2013
328 792
329 8
330 1868
331 2635
332 2325
333 1956
334 2568
335 1257
336 2904
337 1787
338 1480
339 2401
340 2480
341 1976
342 808
343 477
344 2312
345 2845
346 1629
347 2648
348 1142
349 1208
350 1306
351 35
352 1289
353 2180
354 1612
355 2754
356 490
357 887
358 1649
359 1401
360 1959
361 2190
362 1142
363 217
364 2603
365 2757
366 42
367 1033
368 1378
369 2931
370 1094
371 376
372 146
373 340
374 751
375 184
376 1062
377 2333
378 1076
379 1955
380 1801
381 872
382 2491
383 1418
384 999
385 2926
386 184
387 2007
388 1314
389 1735
390 2473
391 693
392 2348
393 721
394 1422
395 1785
396 102
397 1250
398 999
399 1053
400 336
401 1449
402 2986
403 1762
404 1516
405 2947
406 2661
407 2482
408 1148
409 529
410 1327
411 2042
412 2752
413 2792
414 2678
415 1031
416 627
417 631
418 1921
419 1929
420 153
421 2662
422 2825
423 1412
424 1181
425 1901
426 2093
427 2054
428 470
429 2319
430 1693
431 2240
432 2290
433 817
434 2552
435 876
436 1661
437 1496
438 1045
439 1541
440 2328
441 747
442 1057
443 1347
444 325
445 1146
446 1509
447 2791
448 1246
449 684
450 2764
451 1134
452 946
453 1306
454 2653
455 2034
456 1156
457 2674
458 2515
459 2976
460 154
461 1494
462 1918
463 1756
464 1178
465 283
466 483
467 791
468 2992
469 839
470 400
471 1331
472 556
473 427
474 1498
475 2682
476 154
477 1896
478 2531
479 2262
480 2893
481 1505
482 2373
483 2177
484 2739
485 2663
486 830
487 1390
488 1065
489 2768
490 1260
491 2377
492 730
493 1799
494 1426
495 45
496 1880
497 2592
498 2155
499 2304
500 38
501 1734
502 1121
503 437
504 1858
505 394
506 1098
507 1952
508 1230

