483 24
0 2920
1 1357
2 957
3 1218
4 2619
5 1227
6 2020
7 591
8 662
9 1966
10 2595
11 2784
12 2961
13 783
14 2391
15 932
16 931
17 1288
18 2480
19 777
20 1592
21 616
22 1492
23 301
24 772
25 2874
26 2788
27 476
28 2247
29 19
30 1751
31 1800
32 950
33 519
34 633
35 1358
36 2129
37 1317
38 1457
39 861
40 1020
41 2101
42 99
43 1977
44 2094
45 2550
46 2937
47 1676
48 862
49 168
50 2938
51 587
52 2475
53 2422
54 421
55 2119
56 693
57 1685
58 1491
59 690
60 646
61 1437
62 1400
63 2728
64 1911
65 746
66 249
67 2418
68 1271
69 1082
70 1274
71 1787
72 934
73 2896
74 2337
75 2
76 1111
77 2952
78 994
79 1082
80 2290
81 2399
82 2482
83 2876
84 1890
85 2317
86 2755
87 1473
88 2561
89 1731
90 1182
91 2064
92 2409
93 225
94 240
95 72
96 54
97 83
98 2186
99 262
100 2491
101 2119
102 2851
103 1317
104 594
105 383
106 1948
107 2092
108 1079
109 1822
110 1012
111 2204
112 1501
113 2437
114 1287
115 1584
116 708
117 2352
118 263
119 1530
120 247
121 1787
122 1312
123 614
124 2790
125 759
126 2870
127 1129
128 2684
129 1457
130 2553
131 2641
132 1657
133 2770
134 1245
135 869
136 1516
137 2353
138 1847
139 771
140 2907
141 1469
142 2763
143 2121
144 37
145 255
146 2381
147 607
148 1366
149 339
150 1254
151 490
152 2724
153 2857
154 2429
155 1327
156 660
157 2834
158 1122
159 2577
160 1805
161 1464
162 205
163 2312
164 284
165 1339
166 712
167 759
168 1468
169 2094
170 2229
171 109
172 2299
173 1561
174 729
175 903
176 246
177 2329
178 1184
179 940
180 1670
181 2156
182 2007
183 466
184 2575
185 2018
186 138
187 814
188 2121
189 1560
190 8
191 2485
192 780
193 1223
194 2203
195 938
196 2602
197 2113
198 1775
199 2831
200 1277
201 282
202 584
203 2943
204 1256
205 106
206 1364
207 2618
208 726
209 1802
210 470
211 2672
212 2229
213 2906
214 1610
215 488
216 2528
217 2948
218 1915
219 1892
220 1423
221 1900
222 285
223 2682
224 1809
225 363
226 2771
227 951
228 1157
229 293
230 509
231 2361
232 1129
233 702
234 1506
235 102
236 2057
237 536
238 609
239 1019
240 2267
241 116
242 2574
243 894
244 2079
245 2371
246 1913
247 1314
248 2951
249 2833
250 2487
251 1167
252 2533
253 1736
254 953
255 1347
256 2906
257 1763
258 280
259 109
260 1855
261 815
262 691
263 2860
264 1686
265 1022
266 773
267 2893
268 1941
269 44
270 1813
271 334
272 1205
273 341
274 63
275 1039
276 1212
277 527
278 360
279 160
280 1992
281 1718
282 560
283 1301
284 16
285 1016
286 1628
287 2608
288 2885
289 1912
290 2873
291 573
292 2728
293 2026
294 2444
295 917
296 2329
297 556
298 328
299 1204
300 168
301 2211
302 302
303 826
304 1115
305 260
306 1509
307 2346
308 360
309 1084
310 1155
311 2819
312 234
313 2935
314 814
315 1100
316 2149
317 496
318 2115
319 1696
320 1700
321 479
322 2434
323 2538
324 53
325 2534
326 2697
327 1734
328 341
329 1276
330 2249
331 1484
332 2810
333 125
334 1525
335 2887
336 205
337 1939
338 2792
339 427
340 1863
341 1306
342 267
343 2801
344 187
345 2750
346 2145
347 1044
348 2495
349 2556
350 362
351 1705
352 2776
353 850
354 1765
355 2243
356 1666
357 96
358 2770
359 658
360 211
361 473
362 384
363 797
364 2184
365 922
366 1147
367 1007
368 1623
369 1858
370 100
371 1150
372 1674
373 2860
374 476
375 972
376 1355
377 1318
378 658
379 1671
380 2148
381 2812
382 2172
383 1045
384 1312
385 319
386 1296
387 1085
388 1001
389 2902
390 2227
391 2726
392 2058
393 417
394 2859
395 2740
396 2495
397 965
398 1265
399 1219
400 495
401 9
402 2241
403 1343
404 2750
405 581
406 2001
407 2112
408 553
409 299
410 1729
411 978
412 1846
413 1567
414 2630
415 2474
416 1404
417 1962
418 2431
419 761
420 2048
421 1173
422 811
423 2174
424 2535
425 2096
426 441
427 1777
428 2934
429 1578
430 2819
431 692
432 1183
433 2945
434 293
435 2898
436 1320
437 1598
438 820
439 2930
440 2648
441 1940
442 1857
443 712
444 825
445 2633
446 1843
447 2144
448 1879
449 1040
450 332
451 262
452 2839
453 1134
454 2781
455 37
456 1138
457 245
458 860
459 1228
460 1941
461 349
462 1786
463 2280
464 2059
465 920
466 147
467 2472
468 628
469 2606
470 1358
471 1849
472 228
473 925
474 925
475 1071
476 292
477 2134
478 2260
479 543
480 337
481 2744
482 196

