589 15
0 66
1 1596
2 1899
3 1117
4 1908
5 1493
6 1302
7 819
8 1144
9 486
10 1238
11 1497
12 775
13 2472
14 107
15 1641
16 581
17 2461
18 2588
19 166
20 41
21 1503
22 963
23 1923
24 1377
25 2899
26 1598
27 645
28 1933
29 2931
30 1134
31 687
32 1403
33 1851
34 1361
35 1093
36 1333
37 2329
38 830
39 385
40 212
41 2124
42 845
43 2192
44 1180
45 2241
46 1243
47 87
48 2056
49 1899
50 2493
51 61
52 2369
53 2510
54 875
55 15
56 1155
57 1694
58 2487
59 2193
60 1702
61 414
62 1496
63 990
64 1938
65 163
66 2999
67 2133
68 952
69 68
70 439
71 1492
72 1795
73 1255
74 853
75 636
76 2876
77 2436
78 2598
79 1232
80 1900
81 1688
82 2136
83 2950
84 2201
85 1670
86 158
87 1633
88 995
89 1875
90 1490
91 792
92 1861
93 2505
94 1121
95 2370
96 2069
97 2518
98 2591
99 397
100 1461
101 1039
102 526
103 1072
104 1504
105 955
106 923
107 1101
108 947
109 1426
110 1508
111 1941
112 1221
113 1961
114 1684
115 1508
116 1269
117 1852
118 1061
119 1338
120 1815
121 1678
122 401
123 1974
124 1558
125 229
126 113
127 1623
128 950
129 1624
130 1259
131 881
132 1772
133 2955
134 463
135 1187
136 421
137 268
138 2060
139 2050
140 292
141 1628
142 2776
143 2442
144 187
145 402
146 1080
147 1135
148 1429
149 204
150 2354
151 2173
152 720
153 2546
154 918
155 2358
156 2837
157 903
158 2807
159 471
160 1088
161 876
162 1509
163 2045
164 628
165 1774
166 2616
167 2937
168 1291
169 1349
170 477
171 264
172 2266
173 2056
174 481
175 2752
176 903
177 1940
178 2246
179 1566
180 291
181 694
182 1637
183 2135
184 1557
185 1579
186 2833
187 404
188 1808
189 1420
190 1849
191 2459
192 1340
193 1483
194 1921
195 742
196 96
197 2746
198 1054
199 2679
200 123
201 1612
202 2668
203 337
204 1274
205 1508
206 2674
207 306
208 1714
209 1513
210 296
211 2052
212 1922
213 1227
214 805
215 1939
216 2044
217 2842
218 756
219 2675
220 740
221 1416
222 1553
223 208
224 2138
225 2743
226 332
227 2637
228 2720
229 1732
230 2253
231 413
232 463
233 600
234 798
235 1319
236 1310
237 2182
238 916
239 2351
240 380
241 1702
242 1626
243 2792
244 2899
245 2656
246 2459
247 2631
248 2692
249 2874
250 1014
251 933
252 1908
253 835
254 2303
255 365
256 404
257 56
258 2523
259 53
260 1006
261 2661
262 202
263 63
264 1919
265 2694
266 1482
267 723
268 83
269 2047
270 1433
271 2658
272 670
273 1451
274 1256
275 2800
276 9
277 2041
278 317
279 2336
280 2875
281 2313
282 1013
283 2072
284 520
285 873
286 1276
287 692
288 869
289 1971
290 975
291 2923
292 262
293 2884
294 1498
295 643
296 2791
297 23
298 592
299 2342
300 64
301 2818
302 2385
303 1366
304 2959
305 429
306 2003
307 2054
308 2268
309 1457
310 1833
311 778
312 1020
313 759
314 2657
315 1056
316 2940
317 2133
318 2066
319 1201
320 1749
321 1862
322 1641
323 2342
324 2439
325 439
326 297
327 1796
328 1566
329 865
330 2529
331 137
332 366
333 535
334 1696
335 2444
336 637
337 1121
338 947
339 1953
340 2797
341 1550
342 121
343 1465
344 2651
345 1534
346 990
347 1657
348 2161
349 2026
350 2854
351 1238
352 1002
353 1484
354 415
355 1360
356 1748
357 1197
358 2054
359 2136
360 2352
361 1416
362 1717
363 2746
364 2178
365 365
366 1427
367 971
368 749
369 2933
370 87
371 2012
372 2262
373 940
374 1807
375 634
376 1673
377 346
378 986
379 604
380 2169
381 1683
382 56
383 1555
384 467
385 1602
386 166
387 626
388 1055
389 1244
390 774
391 906
392 148
393 2589
394 296
395 1681
396 1781
397 2645
398 401
399 1641
400 1355
401 1674
402 952
403 1273
404 1523
405 863
406 300
407 1588
408 1674
409 2398
410 1149
411 1890
412 898
413 2260
414 1919
415 2776
416 1743
417 1530
418 1634
419 2555
420 2458
421 2047
422 1118
423 2185
424 1801
425 1946
426 81
427 1135
428 1668
429 549
430 1210
431 787
432 2232
433 2277
434 80
435 1812
436 1005
437 148
438 1728
439 1032
440 2061
441 1352
442 586
443 2442
444 1822
445 2697
446 432
447 1651
448 2882
449 445
450 1577
451 1663
452 1678
453 121
454 992
455 585
456 1336
457 514
458 463
459 817
460 1241
461 180
462 2287
463 946
464 589
465 683
466 1810
467 1212
468 2715
469 2323
470 2322
471 1886
472 2072
473 1934
474 430
475 1734
476 2946
477 1303
478 201
479 533
480 2763
481 1765
482 2501
483 1013
484 2566
485 174
486 2222
487 1298
488 27
489 583
490 1089
491 836
492 1852
493 356
494 2719
495 1770
496 296
497 651
498 180
499 92
500 1015
501 1519
502 1289
503 196
504 2172
505 833
506 1622
507 1282
508 2733
509 2990
510 497
511 2967
512 814
513 2953
514 124
515 2669
516 904
517 1726
518 2364
519 355
520 2456
521 1354
522 2871
523 1346
524 854
525 2683
526 1410
527 707
528 550
529 1668
530 2364
531 1982
532 315
533 1203
534 2575
535 705
536 806
537 1425
538 2793
539 2343
540 1106
541 268
542 278
543 1509
544 2237
545 1627
546 2073
547 272
548 485
549 1179
550 1108
551 2518
552 940
553 864
554 2933
555 2008
556 1111
557 448
558 2593
559 887
560 1472
561 2450
562 2554
563 2698
564 770
565 198
566 527
567 1067
568 1509
569 1503
570 1194
571 326
572 2717
573 2725
574 775
575 2440
576 626
577 1001
578 1662
579 1607
580 1557
581 2948
582 2502
583 1396
584 1415
585 1665
586 1640
587 1442
588 2303

