648 56
0 573
1 1041
2 2840
3 1794
4 1497
5 152
6 2915
7 2816
8 1926
9 2514
10 569
11 1487
12 1142
13 796
14 701
15 2547
16 2077
17 2689
18 2197
19 1005
20 693
21 720
22 2862
23 2327
24 2300
25 1070
26 600
27 2956
28 2589
29 2609
30 289
31 446
32 1476
33 2392
34 509
35 1215
36 1511
37 2830
38 422
39 1996
40 1039
41 1697
42 1475
43 1181
44 30
45 267
46 2871
47 2304
48 876
49 648
50 2032
51 2049
52 1184
53 690
54 2577
55 2034
56 2020
57 1833
58 956
59 2080
60 735
61 2533
62 1205
63 413
64 1914
65 2765
66 2322
67 2195
68 296
69 1994
70 1103
71 1417
72 2777
73 357
74 196
75 1888
76 1542
77 1374
78 1256
79 285
80 655
81 1193
82 1725
83 1763
84 352
85 2715
86 1527
87 2040
88 1027
89 2705
90 738
91 1871
92 1417
93 1424
94 127
95 1418
96 495
97 665
98 2131
99 1971
100 2016
101 2653
102 491
103 61
104 2682
105 2333
106 1473
107 1024
108 1489
109 2847
110 2497
111 2185
112 145
113 179
114 2609
115 116
116 129
117 2616
118 2134
119 1913
120 732
121 1321
122 1780
123 643
124 1964
125 942
126 591
127 2391
128 886
129 674
130 2580
131 2705
132 1807
133 1297
134 2300
135 987
136 1741
137 1089
138 1353
139 15
140 2031
141 681
142 627
143 2002
144 122
145 301
146 602
147 243
148 582
149 928
150 1684
151 773
152 546
153 935
154 80
155 1540
156 2099
157 928
158 931
159 1132
160 2740
161 195
162 239
163 1975
164 663
165 1128
166 1376
167 2776
168 1012
169 1957
170 2716
171 476
172 1249
173 2923
174 1443
175 2421
176 657
177 1992
178 2849
179 2000
180 2438
181 18
182 820
183 1176
184 1297
185 1377
186 1105
187 1206
188 1152
189 542
190 916
191 2640
192 595
193 1334
194 2711
195 1628
196 600
197 963
198 2645
199 576
200 1567
201 1434
202 2433
203 1077
204 677
205 480
206 2934
207 627
208 792
209 674
210 1324
211 220
212 1809
213 278
214 2122
215 1917
216 614
217 319
218 2337
219 2870
220 1198
221 1618
222 2942
223 1546
224 106
225 2839
226 254
227 2300
228 1858
229 1353
230 1650
231 605
232 231
233 1558
234 251
235 999
236 2580
237 2307
238 2966
239 1065
240 2177
241 2532
242 964
243 242
244 2788
245 2304
246 860
247 891
248 1202
249 1772
250 1183
251 638
252 311
253 2448
254 2996
255 1062
256 450
257 2985
258 1950
259 1362
260 1645
261 155
262 583
263 2921
264 1329
265 1410
266 2441
267 1992
268 1815
269 1089
270 314
271 282
272 1937
273 1795
274 1416
275 1746
276 2301
277 2789
278 337
279 2435
280 187
281 2359
282 227
283 541
284 2738
285 2069
286 2801
287 1950
288 215
289 2082
290 2887
291 2546
292 2002
293 625
294 1921
295 320
296 359
297 655
298 1013
299 186
300 1857
301 2022
302 2511
303 2573
304 1457
305 1632
306 1727
307 831
308 1457
309 1696
310 2724
311 421
312 20
313 2571
314 2523
315 931
316 559
317 1294
318 2993
319 2747
320 1702
321 2730
322 982
323 965
324 2437
325 790
326 537
327 2132
328 2440
329 2035
330 2912
331 354
332 227
333 1844
334 1704
335 1029
336 2540
337 1923
338 1685
339 2799
340 1558
341 68
342 2868
343 1840
344 774
345 1797
346 1463
347 1297
348 1630
349 103
350 2683
351 2202
352 765
353 188
354 1509
355 2898
356 1724
357 1089
358 1566
359 215
360 1417
361 2399
362 400
363 2694
364 1209
365 1449
366 1042
367 1069
368 1120
369 602
370 2505
371 36
372 690
373 2285
374 2962
375 1049
376 2833
377 1566
378 693
379 247
380 2766
381 786
382 2297
383 101
384 1641
385 2265
386 1596
387 683
388 1039
389 2729
390 1548
391 2529
392 2877
393 2247
394 2177
395 1866
396 7
397 630
398 1022
399 2493
400 1569
401 1721
402 305
403 2170
404 2437
405 2549
406 574
407 671
408 2787
409 1978
410 728
411 1355
412 464
413 1513
414 1120
415 480
416 93
417 848
418 549
419 2200
420 634
421 1741
422 505
423 1123
424 1886
425 1010
426 2454
427 1695
428 1727
429 929
430 1703
431 1601
432 1328
433 806
434 1632
435 1452
436 2908
437 307
438 1984
439 2228
440 1187
441 1058
442 2337
443 397
444 2150
445 2264
446 2752
447 1276
448 1123
449 860
450 2614
451 458
452 2053
453 2215
454 1081
455 322
456 695
457 2325
458 2119
459 2176
460 124
461 2659
462 20
463 500
464 223
465 210
466 532
467 2843
468 1334
469 1279
470 1709
471 2499
472 29
473 26
474 1748
475 2885
476 1908
477 1043
478 1408
479 1109
480 2741
481 2823
482 1120
483 1442
484 1852
485 2522
486 2799
487 524
488 2240
489 2021
490 1676
491 2967
492 2959
493 1400
494 2280
495 343
496 621
497 2067
498 870
499 2651
500 1035
501 1927
502 969
503 1716
504 759
505 166
506 2671
507 1132
508 1690
509 601
510 1308
511 895
512 1273
513 426
514 2421
515 786
516 678
517 483
518 235
519 1237
520 1606
521 1482
522 1900
523 2477
524 1251
525 1894
526 2751
527 1888
528 38
529 521
530 2222
531 2835
532 2740
533 1987
534 516
535 252
536 2216
537 1467
538 151
539 161
540 1560
541 208
542 2453
543 1081
544 2224
545 124
546 2599
547 2384
548 1801
549 1090
550 1327
551 1252
552 1975
553 1709
554 589
555 1860
556 1661
557 111
558 1376
559 748
560 2354
561 1014
562 424
563 721
564 2804
565 424
566 1661
567 487
568 721
569 1738
570 2800
571 2653
572 521
573 2836
574 1567
575 1470
576 762
577 1215
578 2637
579 2534
580 1062
581 1491
582 1254
583 2820
584 2732
585 91
586 1893
587 2385
588 891
589 1426
590 2607
591 936
592 1518
593 529
594 747
595 40
596 1090
597 1167
598 995
599 1024
600 802
601 2970
602 2689
603 1127
604 2929
605 2062
606 627
607 2711
608 2379
609 2504
610 2971
611 305
612 2294
613 768
614 87
615 2729
616 1773
617 1586
618 615
619 1645
620 7
621 1440
622 2916
623 2857
624 834
625 2602
626 2776
627 2227
628 1221
629 864
630 1172
631 2046
632 2246
633 2121
634 884
635 1292
636 2607
637 2898
638 2273
639 382
640 1957
641 1922
642 176
643 2368
644 1963
645 1312
646 2154
647 2331

