420 28
0 1481
1 2120
2 1679
3 2304
4 671
5 189
6 1129
7 102
8 1350
9 1209
10 2249
11 2072
12 2365
13 878
14 999
15 1982
16 1054
17 144
18 264
19 1147
20 2832
21 1528
22 506
23 2649
24 693
25 1470
26 2715
27 1603
28 1116
29 349
30 1444
31 556
32 292
33 2812
34 2214
35 234
36 2810
37 2092
38 228
39 1618
40 2
41 1376
42 806
43 2327
44 1002
45 2614
46 2927
47 2122
48 2521
49 1999
50 1497
51 671
52 1571
53 1622
54 1862
55 2520
56 1118
57 506
58 2524
59 189
60 1947
61 2788
62 1988
63 1407
64 942
65 2959
66 711
67 895
68 377
69 568
70 767
71 1051
72 681
73 751
74 758
75 81
76 2427
77 1964
78 2011
79 848
80 1569
81 1766
82 2266
83 865
84 2124
85 1692
86 760
87 1453
88 652
89 511
90 2579
91 1540
92 2961
93 1979
94 740
95 872
96 744
97 2257
98 2579
99 1528
100 1841
101 2739
102 1403
103 786
104 2434
105 2469
106 2094
107 1514
108 1374
109 2663
110 1782
111 498
112 2085
113 2899
114 1196
115 1882
116 2488
117 2175
118 1263
119 1581
120 1146
121 2543
122 1748
123 2737
124 1367
125 2531
126 1764
127 321
128 2197
129 2874
130 2109
131 1637
132 615
133 1027
134 2175
135 80
136 819
137 134
138 1500
139 111
140 2548
141 347
142 2336
143 2450
144 1013
145 1951
146 2399
147 1326
148 931
149 1473
150 1790
151 1668
152 646
153 2380
154 296
155 503
156 2912
157 1618
158 1726
159 1945
160 2095
161 2191
162 549
163 253
164 672
165 283
166 453
167 49
168 1181
169 1304
170 1808
171 2285
172 1548
173 1514
174 2812
175 1494
176 954
177 982
178 424
179 662
180 224
181 1128
182 2905
183 2690
184 1228
185 2639
186 2846
187 2322
188 2465
189 354
190 656
191 2621
192 2965
193 1901
194 824
195 2366
196 52
197 2167
198 1480
199 1633
200 1074
201 941
202 556
203 651
204 1489
205 1491
206 1988
207 246
208 2182
209 2719
210 1540
211 2090
212 2325
213 2499
214 2398
215 1993
216 609
217 66
218 990
219 1976
220 2837
221 2049
222 640
223 459
224 1874
225 1139
226 970
227 2763
228 1586
229 779
230 1398
231 2722
232 861
233 2367
234 2181
235 1249
236 2781
237 2167
238 707
239 300
240 2885
241 173
242 2141
243 1229
244 1
245 2621
246 1024
247 644
248 2106
249 62
250 1651
251 260
252 508
253 1333
254 964
255 1265
256 2642
257 926
258 2729
259 337
260 159
261 1117
262 2126
263 1754
264 1264
265 2768
266 2191
267 863
268 942
269 2318
270 182
271 1875
272 2087
273 388
274 2973
275 1531
276 921
277 2477
278 2729
279 2482
280 156
281 1337
282 1263
283 1848
284 2248
285 4
286 2259
287 2543
288 2749
289 949
290 535
291 2507
292 163
293 2119
294 1329
295 1657
296 2252
297 28
298 158
299 2559
300 94
301 1334
302 569
303 514
304 1057
305 2528
306 353
307 557
308 1390
309 282
310 533
311 2501
312 2096
313 2734
314 728
315 1710
316 870
317 628
318 2097
319 2337
320 26
321 1200
322 2101
323 1221
324 1850
325 1941
326 1401
327 1580
328 124
329 1913
330 684
331 1604
332 933
333 659
334 1673
335 1042
336 1965
337 1845
338 221
339 2273
340 2024
341 2346
342 531
343 913
344 2793
345 1772
346 1145
347 1343
348 1230
349 1963
350 2004
351 846
352 1641
353 2354
354 960
355 1400
356 51
357 510
358 1149
359 65
360 2327
361 533
362 474
363 2284
364 2320
365 2851
366 2317
367 2122
368 2168
369 705
370 2113
371 962
372 392
373 627
374 1380
375 181
376 72
377 2042
378 788
379 236
380 949
381 475
382 2870
383 243
384 2425
385 2020
386 1662
387 1440
388 2028
389 1641
390 1371
391 450
392 2359
393 19
394 409
395 1146
396 912
397 2047
398 1563
399 2324
400 1990
401 1596
402 2310
403 1404
404 2306
405 1351
406 1161
407 2082
408 188
409 1686
410 2841
411 1176
412 1844
413 1680
414 427
415 1571
416 2447
417 1337
418 2934
419 2934

