767 33
0 2279
1 2320
2 171
3 596
4 2148
5 199
6 1026
7 2063
8 1949
9 2888
10 2846
11 2857
12 170
13 1600
14 907
15 594
16 97
17 491
18 1817
19 414
20 1771
21 1663
22 2284
23 605
24 442
25 447
26 2205
27 270
28 718
29 1341
30 2558
31 808
32 2388
33 518
34 1613
35 2922
36 254
37 1569
38 2421
39 687
40 2888
41 2008
42 129
43 2359
44 23
45 570
46 1596
47 2056
48 2450
49 202
50 1649
51 633
52 2357
53 597
54 1537
55 183
56 2724
57 2864
58 2289
59 752
60 1275
61 2723
62 1743
63 2040
64 1153
65 1760
66 1027
67 2807
68 1512
69 1415
70 1933
71 2142
72 1025
73 2600
74 2308
75 1428
76 849
77 2791
78 331
79 2652
80 479
81 641
82 2301
83 547
84 564
85 986
86 539
87 2751
88 1118
89 1286
90 1499
91 2139
92 969
93 2974
94 2947
95 2618
96 1123
97 674
98 2250
99 564
100 1199
101 1954
102 2487
103 1765
104 1868
105 169
106 2056
107 1707
108 1347
109 1859
110 1138
111 1960
112 547
113 1901
114 2555
115 28
116 62
117 1109
118 2652
119 827
120 78
121 1072
122 1176
123 904
124 689
125 2877
126 718
127 2170
128 1225
129 2547
130 1162
131 1185
132 2554
133 1820
134 2233
135 627
136 1639
137 2325
138 167
139 185
140 30
141 584
142 2930
143 1325
144 2919
145 2327
146 1749
147 589
148 382
149 487
150 1171
151 2197
152 2029
153 429
154 754
155 2483
156 2398
157 2217
158 638
159 1310
160 326
161 490
162 682
163 944
164 746
165 75
166 1602
167 474
168 1116
169 2718
170 1818
171 1068
172 1852
173 2906
174 497
175 1583
176 4
177 2696
178 303
179 2596
180 59
181 537
182 2794
183 60
184 1148
185 2847
186 1274
187 747
188 1102
189 889
190 281
191 2455
192 555
193 2524
194 99
195 237
196 192
197 1799
198 262
199 2816
200 2346
201 2429
202 2160
203 470
204 2886
205 1848
206 1488
207 1153
208 1948
209 2109
210 2764
211 273
212 1326
213 889
214 622
215 2401
216 2559
217 2518
218 1336
219 1905
220 244
221 671
222 1584
223 2034
224 2431
225 27
226 293
227 16
228 872
229 2276
230 16
231 761
232 2848
233 703
234 0
235 2490
236 351
237 1843
238 1137
239 2134
240 533
241 155
242 2212
243 1368
244 101
245 2973
246 2110
247 77
248 853
249 762
250 273
251 2360
252 1922
253 1942
254 1943
255 1594
256 372
257 962
258 1764
259 1063
260 2885
261 510
262 1642
263 611
264 1475
265 1642
266 2430
267 2619
268 1277
269 2616
270 2651
271 1132
272 1092
273 63
274 1792
275 2931
276 456
277 591
278 2585
279 729
280 1167
281 684
282 2813
283 1447
284 1107
285 751
286 1271
287 1603
288 2204
289 710
290 1754
291 1869
292 2882
293 1910
294 496
295 2056
296 399
297 296
298 2184
299 1893
300 907
301 2194
302 2239
303 2665
304 1905
305 2632
306 1448
307 2368
308 224
309 657
310 587
311 2341
312 1581
313 610
314 1482
315 1731
316 1954
317 1151
318 1533
319 212
320 2042
321 2824
322 1612
323 1152
324 631
325 267
326 2453
327 920
328 148
329 2449
330 676
331 2270
332 652
333 2657
334 409
335 104
336 830
337 852
338 1652
339 715
340 2095
341 499
342 2578
343 2606
344 1654
345 2748
346 1243
347 5
348 1637
349 336
350 2787
351 2857
352 2838
353 2393
354 1359
355 989
356 515
357 23
358 304
359 933
360 1435
361 1810
362 2576
363 189
364 2691
365 2912
366 2114
367 22
368 2285
369 1530
370 219
371 1213
372 1910
373 729
374 1096
375 2798
376 2609
377 2503
378 566
379 2616
380 117
381 2179
382 2084
383 2229
384 1587
385 1548
386 2096
387 954
388 1709
389 2358
390 2284
391 2635
392 1034
393 404
394 2640
395 1131
396 2611
397 2791
398 1165
399 2391
400 2512
401 2201
402 1481
403 767
404 1061
405 491
406 2205
407 2376
408 510
409 2902
410 2030
411 1285
412 391
413 318
414 680
415 1129
416 2092
417 2861
418 1821
419 1655
420 333
421 2786
422 929
423 1377
424 1431
425 239
426 153
427 1298
428 1895
429 378
430 2809
431 851
432 1827
433 523
434 1080
435 2657
436 2561
437 207
438 1840
439 816
440 686
441 2233
442 138
443 777
444 2033
445 358
446 2544
447 1074
448 838
449 53
450 1954
451 1504
452 2040
453 2866
454 2954
455 2005
456 2297
457 2081
458 1551
459 1384
460 2412
461 2157
462 1146
463 2405
464 1209
465 2636
466 389
467 167
468 2154
469 2175
470 1215
471 75
472 1642
473 1008
474 2260
475 1933
476 1927
477 2289
478 2375
479 152
480 285
481 2746
482 2451
483 491
484 508
485 380
486 2813
487 1890
488 280
489 1324
490 24
491 2426
492 2853
493 2931
494 2189
495 2599
496 2360
497 660
498 72
499 2883
500 1925
501 1460
502 2931
503 507
504 1350
505 2194
506 1140
507 2567
508 2179
509 1641
510 2682
511 2229
512 810
513 2640
514 1735
515 1085
516 50
517 1491
518 2635
519 1408
520 1769
521 2162
522 55
523 2909
524 1381
525 1406
526 1096
527 2506
528 2009
529 2236
530 1192
531 1771
532 872
533 148
534 1801
535 2
536 2351
537 1812
538 2005
539 1465
540 1699
541 2009
542 2255
543 941
544 832
545 813
546 1251
547 283
548 2511
549 1813
550 674
551 481
552 1195
553 2696
554 2998
555 542
556 2035
557 2994
558 1865
559 401
560 2186
561 488
562 2299
563 2255
564 20
565 1166
566 1344
567 425
568 2544
569 5
570 2280
571 1793
572 2829
573 1007
574 2231
575 725
576 2557
577 2804
578 645
579 1103
580 393
581 1004
582 1104
583 399
584 700
585 320
586 154
587 2495
588 1757
589 2845
590 1876
591 1171
592 832
593 2727
594 592
595 77
596 1731
597 2189
598 1672
599 1907
600 1291
601 1792
602 1002
603 388
604 1594
605 2524
606 177
607 2741
608 1297
609 461
610 574
611 2914
612 2022
613 1804
614 446
615 160
616 2202
617 1064
618 847
619 1648
620 1787
621 2581
622 960
623 2995
624 2313
625 726
626 587
627 2469
628 2365
629 1715
630 1352
631 2932
632 433
633 326
634 2381
635 706
636 2913
637 350
638 1308
639 2752
640 1855
641 1485
642 1573
643 2171
644 1467
645 2593
646 947
647 301
648 904
649 2757
650 2328
651 216
652 744
653 350
654 871
655 1588
656 2760
657 561
658 867
659 168
660 67
661 1393
662 274
663 804
664 1863
665 2335
666 2868
667 2128
668 1026
669 235
670 1820
671 1983
672 1799
673 1369
674 819
675 1294
676 900
677 1119
678 546
679 929
680 2642
681 585
682 318
683 1069
684 1452
685 132
686 2913
687 285
688 916
689 2931
690 2841
691 2135
692 81
693 128
694 2081
695 2085
696 976
697 2453
698 32
699 1574
700 150
701 2240
702 1723
703 725
704 2258
705 1905
706 1779
707 2392
708 2177
709 2908
710 727
711 1287
712 2346
713 1682
714 2893
715 2535
716 384
717 1104
718 1435
719 2130
720 2007
721 870
722 1079
723 1948
724 969
725 2989
726 1510
727 227
728 2571
729 1817
730 1086
731 905
732 1600
733 2915
734 1742
735 2372
736 1928
737 1058
738 386
739 1181
740 552
741 735
742 2101
743 1876
744 2900
745 626
746 1591
747 289
748 1041
749 917
750 337
751 2843
752 2385
753 2746
754 770
755 2169
756 2173
757 1349
758 1659
759 455
760 268
761 1169
762 1579
763 2167
764 1613
765 31
766 554

