891 1
0 43
1 189
2 2324
3 408
4 1237
5 1314
6 2749
7 715
8 2288
9 1507
10 186
11 999
12 1854
13 2878
14 384
15 1835
16 112
17 1534
18 1030
19 2638
20 737
21 958
22 37
23 2449
24 1697
25 2440
26 1815
27 219
28 2935
29 1056
30 2103
31 546
32 1640
33 786
34 1431
35 2702
36 339
37 2655
38 977
39 227
40 1093
41 2945
42 1243
43 1866
44 1634
45 1156
46 1147
47 592
48 880
49 684
50 892
51 613
52 2808
53 346
54 984
55 230
56 2440
57 1449
58 1371
59 2297
60 1122
61 1399
62 2299
63 662
64 2347
65 1999
66 779
67 2020
68 1068
69 2872
70 1998
71 632
72 2316
73 1104
74 2770
75 89
76 1610
77 665
78 2305
79 2884
80 1066
81 72
82 2251
83 2135
84 277
85 23
86 2289
87 2297
88 2647
89 403
90 641
91 2117
92 1681
93 2368
94 2678
95 1664
96 912
97 32
98 1937
99 2733
100 2116
101 2433
102 856
103 2283
104 1022
105 1278
106 1269
107 1113
108 1093
109 2695
110 1425
111 576
112 938
113 932
114 1398
115 233
116 965
117 967
118 2224
119 2120
120 1574
121 44
122 1159
123 1129
124 1112
125 2677
126 900
127 2175
128 2704
129 42
130 2349
131 519
132 2835
133 1664
134 1852
135 577
136 2815
137 1819
138 2365
139 2242
140 2446
141 1080
142 2755
143 182
144 2343
145 2031
146 445
147 933
148 998
149 2898
150 1571
151 2723
152 52
153 88
154 2772
155 199
156 512
157 2163
158 2921
159 2246
160 1458
161 1243
162 2997
163 2579
164 498
165 2573
166 1150
167 206
168 414
169 1205
170 2350
171 2136
172 254
173 2565
174 2077
175 203
176 1350
177 2997
178 2676
179 1528
180 2334
181 1977
182 2037
183 350
184 2612
185 526
186 1068
187 2273
188 147
189 2993
190 2078
191 2061
192 578
193 362
194 1598
195 2467
196 1365
197 1634
198 2859
199 2477
200 1894
201 1296
202 1876
203 55
204 2504
205 278
206 1180
207 1189
208 2113
209 2441
210 275
211 2026
212 1620
213 2590
214 2200
215 1737
216 2827
217 56
218 469
219 395
220 112
221 1388
222 492
223 2970
224 519
225 2981
226 761
227 2555
228 103
229 2702
230 31
231 708
232 1466
233 839
234 2183
235 1911
236 1326
237 675
238 2595
239 892
240 1993
241 2187
242 2971
243 1087
244 2361
245 691
246 1072
247 1163
248 2175
249 1854
250 1043
251 2457
252 2885
253 2989
254 330
255 2893
256 2920
257 1381
258 431
259 1388
260 818
261 2590
262 1915
263 231
264 1801
265 1962
266 2694
267 66
268 2840
269 2457
270 1138
271 143
272 1430
273 1266
274 2660
275 2544
276 1228
277 2528
278 2780
279 1714
280 435
281 238
282 418
283 384
284 314
285 112
286 817
287 2366
288 1862
289 1115
290 1528
291 2283
292 1059
293 948
294 2175
295 1460
296 759
297 2891
298 606
299 682
300 2629
301 17
302 1532
303 349
304 1680
305 1541
306 2303
307 2542
308 762
309 2520
310 580
311 589
312 610
313 2537
314 1203
315 1022
316 1667
317 379
318 2467
319 1465
320 47
321 1036
322 1027
323 570
324 1385
325 1099
326 2576
327 2005
328 1894
329 2918
330 2572
331 1783
332 1370
333 2132
334 531
335 239
336 1323
337 1943
338 2480
339 1135
340 504
341 2242
342 1111
343 852
344 2631
345 2699
346 2864
347 1255
348 542
349 1040
350 2978
351 2861
352 2162
353 285
354 2150
355 914
356 1514
357 256
358 1295
359 1321
360 2990
361 2483
362 2216
363 1408
364 1994
365 2524
366 2092
367 871
368 2572
369 1197
370 1381
371 1314
372 1019
373 2761
374 1145
375 2779
376 1606
377 41
378 2031
379 620
380 1185
381 1786
382 1314
383 2180
384 2193
385 60
386 2985
387 2138
388 653
389 302
390 1298
391 1206
392 2672
393 813
394 1097
395 403
396 1195
397 1056
398 578
399 37
400 1110
401 928
402 1868
403 375
404 2995
405 1190
406 2768
407 2377
408 2793
409 944
410 2871
411 2574
412 2439
413 1962
414 1892
415 1870
416 1369
417 1190
418 913
419 1896
420 2259
421 28
422 1600
423 219
424 683
425 2389
426 185
427 1846
428 822
429 454
430 1624
431 1390
432 268
433 1710
434 697
435 2600
436 1030
437 1418
438 2814
439 1969
440 1127
441 1284
442 128
443 2991
444 1657
445 1758
446 128
447 1651
448 1594
449 367
450 2500
451 907
452 725
453 176
454 662
455 2761
456 2308
457 1071
458 1105
459 1603
460 2895
461 832
462 2516
463 672
464 2742
465 2905
466 1444
467 2077
468 340
469 2307
470 1965
471 2237
472 1547
473 1506
474 2283
475 1833
476 2578
477 2227
478 989
479 2144
480 1485
481 2039
482 215
483 2641
484 2969
485 1294
486 1028
487 2259
488 2712
489 2445
490 1677
491 494
492 2885
493 1289
494 1671
495 2309
496 1065
497 2823
498 678
499 1527
500 813
501 1395
502 283
503 1257
504 1339
505 1687
506 2989
507 1322
508 962
509 1909
510 1526
511 1770
512 2894
513 2814
514 830
515 1184
516 1129
517 1198
518 969
519 1013
520 307
521 1667
522 2903
523 2974
524 740
525 612
526 124
527 2520
528 2259
529 276
530 1287
531 1662
532 2419
533 2563
534 2774
535 808
536 1620
537 2004
538 2839
539 1792
540 2595
541 1284
542 1640
543 548
544 43
545 281
546 144
547 1730
548 1053
549 2814
550 2740
551 2120
552 1303
553 454
554 467
555 962
556 1319
557 132
558 332
559 1756
560 1977
561 888
562 937
563 468
564 866
565 83
566 1455
567 2510
568 1320
569 2753
570 2914
571 1266
572 1444
573 458
574 1218
575 364
576 464
577 2799
578 2426
579 675
580 296
581 2055
582 1787
583 743
584 281
585 1612
586 468
587 1590
588 133
589 1820
590 1776
591 1378
592 2898
593 266
594 183
595 1086
596 964
597 2570
598 555
599 852
600 1821
601 781
602 732
603 2264
604 1230
605 2606
606 1375
607 1915
608 2792
609 146
610 1991
611 2687
612 151
613 2277
614 2846
615 2522
616 1726
617 2183
618 116
619 2755
620 1924
621 2354
622 550
623 2303
624 2228
625 692
626 2531
627 2054
628 1533
629 2026
630 568
631 772
632 1284
633 1604
634 2243
635 255
636 2488
637 161
638 1750
639 1252
640 1218
641 1111
642 947
643 1944
644 1935
645 1247
646 2581
647 1625
648 565
649 1960
650 1547
651 2936
652 1782
653 1990
654 118
655 1247
656 2081
657 2513
658 1466
659 1177
660 2618
661 1501
662 1950
663 56
664 2084
665 1176
666 1211
667 2668
668 1747
669 13
670 2191
671 89
672 1474
673 1202
674 743
675 2138
676 1568
677 2359
678 2880
679 2583
680 2256
681 1705
682 2204
683 1397
684 1967
685 2935
686 528
687 465
688 2497
689 951
690 754
691 1379
692 963
693 1270
694 1712
695 2355
696 97
697 2719
698 1290
699 382
700 241
701 1220
702 1510
703 2491
704 2096
705 1661
706 607
707 1448
708 2960
709 1790
710 327
711 2791
712 775
713 1333
714 1999
715 1157
716 369
717 1321
718 1398
719 104
720 911
721 1767
722 1524
723 1906
724 630
725 1541
726 1705
727 1256
728 1216
729 1238
730 2040
731 366
732 2587
733 2037
734 2881
735 1153
736 1163
737 2494
738 1840
739 1656
740 1765
741 603
742 1150
743 2932
744 2572
745 771
746 1700
747 2866
748 2413
749 2744
750 2623
751 2610
752 66
753 1801
754 2376
755 127
756 2133
757 1370
758 2464
759 976
760 2609
761 2833
762 1916
763 2972
764 1501
765 1631
766 64
767 2086
768 2917
769 2126
770 756
771 1958
772 2577
773 1315
774 1481
775 623
776 238
777 176
778 1089
779 221
780 1151
781 2299
782 2551
783 208
784 2170
785 571
786 1503
787 1552
788 2488
789 1188
790 1528
791 2997
792 2483
793 607
794 832
795 338
796 2173
797 2116
798 2092
799 2096
800 2560
801 245
802 2752
803 1279
804 2940
805 2500
806 410
807 2217
808 273
809 935
810 1229
811 2694
812 430
813 758
814 1195
815 1731
816 1790
817 2717
818 448
819 1402
820 1450
821 329
822 1583
823 2158
824 413
825 1733
826 880
827 1134
828 1838
829 516
830 1582
831 578
832 870
833 2173
834 2659
835 898
836 2124
837 411
838 1116
839 1387
840 1368
841 2123
842 128
843 1706
844 1410
845 21
846 1657
847 1371
848 1239
849 2129
850 159
851 1887
852 2439
853 1279
854 2776
855 2488
856 886
857 1126
858 418
859 2170
860 2149
861 2667
862 586
863 1598
864 2283
865 1990
866 584
867 2902
868 903
869 1406
870 1385
871 2257
872 1411
873 2774
874 2692
875 2289
876 2328
877 467
878 1393
879 1637
880 2301
881 2005
882 134
883 1213
884 2413
885 1154
886 1494
887 662
888 2778
889 1870
890 2641

