930 17
0 2894
1 2802
2 105
3 584
4 204
5 669
6 1182
7 1599
8 1704
9 2847
10 2830
11 456
12 2674
13 1950
14 1351
15 315
16 1452
17 581
18 3
19 1650
20 1037
21 2894
22 1730
23 691
24 1039
25 1790
26 1564
27 742
28 2729
29 1527
30 1135
31 204
32 2774
33 109
34 2220
35 1631
36 2700
37 1720
38 1382
39 2720
40 1059
41 51
42 649
43 1387
44 1846
45 1230
46 86
47 2211
48 2599
49 2471
50 2235
51 2163
52 399
53 1508
54 869
55 96
56 993
57 232
58 2175
59 2103
60 1038
61 656
62 125
63 2276
64 1853
65 1325
66 2170
67 735
68 2618
69 2054
70 477
71 2265
72 1453
73 884
74 2805
75 551
76 1942
77 470
78 380
79 1275
80 1009
81 2227
82 1577
83 1244
84 1129
85 1944
86 1673
87 812
88 1062
89 730
90 1187
91 348
92 2726
93 622
94 666
95 2453
96 1174
97 1448
98 2758
99 2315
100 258
101 2516
102 922
103 35
104 425
105 1356
106 117
107 2586
108 2586
109 462
110 1432
111 2801
112 133
113 602
114 1532
115 2109
116 2513
117 2097
118 2896
119 1630
120 1499
121 647
122 623
123 316
124 304
125 298
126 1736
127 2864
128 545
129 2850
130 2819
131 816
132 1552
133 1243
134 1834
135 2012
136 1174
137 2054
138 2258
139 1100
140 1060
141 129
142 132
143 2254
144 2843
145 1300
146 170
147 756
148 1786
149 2944
150 252
151 2519
152 950
153 2156
154 1106
155 1829
156 760
157 2334
158 240
159 2956
160 2883
161 1734
162 481
163 1231
164 914
165 2655
166 327
167 2829
168 2405
169 1749
170 2846
171 96
172 2995
173 2976
174 1677
175 326
176 506
177 2034
178 369
179 115
180 1407
181 137
182 851
183 1570
184 1092
185 1275
186 2143
187 974
188 2719
189 1750
190 2112
191 2835
192 1424
193 1553
194 611
195 1598
196 950
197 2750
198 2190
199 748
200 877
201 921
202 1414
203 885
204 109
205 2129
206 1433
207 2475
208 364
209 2605
210 1572
211 565
212 949
213 2464
214 1391
215 1398
216 1305
217 1891
218 2995
219 2994
220 2212
221 1186
222 59
223 2712
224 51
225 2453
226 2510
227 2907
228 1375
229 928
230 1240
231 2599
232 1047
233 1056
234 1643
235 1610
236 1782
237 433
238 566
239 2931
240 1353
241 1224
242 1967
243 1784
244 2472
245 2701
246 1465
247 115
248 996
249 2198
250 659
251 2874
252 1037
253 1351
254 1726
255 327
256 2109
257 2827
258 1925
259 222
260 404
261 2670
262 1652
263 790
264 1327
265 2032
266 1615
267 2681
268 2874
269 432
270 956
271 940
272 203
273 1317
274 2670
275 1196
276 618
277 359
278 1235
279 1718
280 535
281 1318
282 694
283 382
284 1966
285 1385
286 239
287 703
288 373
289 2918
290 619
291 2793
292 1131
293 769
294 2313
295 571
296 538
297 2742
298 1395
299 1843
300 683
301 593
302 611
303 403
304 2958
305 1852
306 2779
307 1463
308 1186
309 1748
310 2080
311 643
312 324
313 2313
314 1170
315 767
316 1082
317 1554
318 461
319 10
320 663
321 2886
322 2155
323 13
324 1541
325 1891
326 409
327 38
328 588
329 415
330 1890
331 2469
332 299
333 2210
334 2740
335 789
336 832
337 745
338 858
339 2423
340 1009
341 2885
342 403
343 1866
344 359
345 1388
346 2228
347 2197
348 1671
349 2577
350 1713
351 2095
352 1253
353 215
354 2209
355 522
356 531
357 2085
358 1086
359 169
360 128
361 739
362 622
363 2170
364 2920
365 177
366 2784
367 1116
368 2022
369 398
370 2564
371 2984
372 373
373 905
374 2079
375 805
376 1081
377 1830
378 403
379 2200
380 2
381 1874
382 1440
383 1634
384 527
385 2132
386 2724
387 2151
388 74
389 1864
390 1201
391 916
392 1791
393 1703
394 296
395 1638
396 2814
397 1012
398 1440
399 2506
400 2468
401 1703
402 927
403 1
404 2817
405 2849
406 2085
407 2549
408 2998
409 1113
410 621
411 502
412 1241
413 351
414 2276
415 967
416 64
417 1288
418 2655
419 2163
420 180
421 1410
422 328
423 1539
424 1538
425 2924
426 458
427 1169
428 2626
429 2082
430 2141
431 1008
432 1301
433 1915
434 1981
435 2440
436 1097
437 2439
438 1778
439 663
440 29
441 2361
442 1020
443 1954
444 2056
445 2100
446 2813
447 2638
448 315
449 358
450 1999
451 1649
452 2456
453 1710
454 2691
455 2752
456 68
457 1571
458 1236
459 770
460 940
461 2470
462 4
463 1524
464 1162
465 3
466 1611
467 2441
468 186
469 2679
470 226
471 2723
472 2950
473 540
474 550
475 1864
476 284
477 2024
478 886
479 2948
480 2575
481 2139
482 1258
483 677
484 834
485 762
486 2623
487 1268
488 2874
489 203
490 745
491 2111
492 299
493 2520
494 1567
495 637
496 1361
497 2190
498 2333
499 2437
500 314
501 2088
502 114
503 450
504 2074
505 995
506 1553
507 851
508 1700
509 1517
510 2530
511 1538
512 1570
513 2887
514 348
515 2413
516 2540
517 2565
518 755
519 577
520 1368
521 927
522 2406
523 2123
524 1891
525 1147
526 1023
527 2745
528 1022
529 1956
530 1110
531 1908
532 2144
533 2175
534 2782
535 2526
536 2937
537 1849
538 2206
539 2030
540 505
541 2979
542 915
543 572
544 674
545 2855
546 2341
547 1602
548 1328
549 2362
550 2139
551 2442
552 2338
553 661
554 2831
555 1325
556 2983
557 1800
558 2000
559 2883
560 231
561 2143
562 1619
563 286
564 157
565 1738
566 847
567 1316
568 1059
569 1960
570 441
571 2520
572 1189
573 1727
574 2191
575 2428
576 1709
577 736
578 403
579 154
580 33
581 537
582 1217
583 2434
584 711
585 468
586 1138
587 771
588 595
589 1267
590 2827
591 1519
592 2714
593 515
594 2461
595 1586
596 2479
597 774
598 2253
599 831
600 2563
601 2465
602 2234
603 1948
604 97
605 332
606 2441
607 1404
608 2410
609 185
610 499
611 2351
612 2182
613 2746
614 571
615 68
616 1734
617 774
618 617
619 597
620 304
621 2076
622 304
623 1698
624 1012
625 2906
626 2618
627 1109
628 2860
629 2954
630 2628
631 2944
632 2396
633 37
634 1756
635 1407
636 781
637 1623
638 897
639 255
640 2877
641 2281
642 1524
643 2027
644 466
645 1203
646 2947
647 543
648 875
649 997
650 416
651 1357
652 432
653 1397
654 1984
655 2163
656 861
657 901
658 1823
659 375
660 2280
661 1549
662 555
663 1696
664 2173
665 1684
666 1086
667 984
668 396
669 913
670 1335
671 2153
672 1216
673 990
674 1960
675 955
676 2215
677 2660
678 2392
679 470
680 824
681 1349
682 459
683 1789
684 1671
685 165
686 2961
687 1670
688 331
689 352
690 2846
691 1401
692 2039
693 2382
694 2949
695 2420
696 2017
697 2242
698 852
699 2897
700 663
701 2260
702 1522
703 1673
704 2498
705 931
706 1732
707 1481
708 2953
709 956
710 1526
711 1028
712 92
713 2112
714 631
715 2661
716 1187
717 540
718 2247
719 1865
720 196
721 623
722 2732
723 1194
724 1394
725 531
726 2354
727 887
728 2486
729 1975
730 2110
731 2379
732 2167
733 827
734 2407
735 1858
736 1753
737 2286
738 2305
739 2504
740 2732
741 736
742 1333
743 553
744 2424
745 1383
746 104
747 611
748 855
749 2519
750 959
751 2681
752 195
753 1423
754 60
755 464
756 1301
757 474
758 248
759 1330
760 642
761 1871
762 2907
763 1538
764 2358
765 1809
766 1593
767 1215
768 2153
769 900
770 1250
771 240
772 2564
773 2757
774 2633
775 2330
776 1953
777 985
778 2950
779 1909
780 402
781 1851
782 819
783 1915
784 161
785 678
786 2998
787 1357
788 2400
789 487
790 1746
791 2386
792 461
793 330
794 2448
795 1502
796 1064
797 1677
798 1542
799 2220
800 1166
801 1639
802 2933
803 994
804 2568
805 344
806 2468
807 2170
808 1908
809 2561
810 679
811 2938
812 250
813 1537
814 1750
815 2551
816 111
817 2306
818 1315
819 1594
820 2624
821 2168
822 1638
823 1643
824 1982
825 2973
826 211
827 1826
828 1332
829 2183
830 1334
831 754
832 520
833 2772
834 2095
835 1683
836 1198
837 199
838 1396
839 2664
840 2699
841 46
842 1181
843 2937
844 1330
845 406
846 700
847 2726
848 246
849 1930
850 2979
851 2726
852 2577
853 1263
854 367
855 2776
856 964
857 946
858 2152
859 2646
860 1986
861 183
862 550
863 1992
864 2962
865 133
866 1814
867 1424
868 864
869 342
870 1321
871 2227
872 136
873 1480
874 111
875 2512
876 1913
877 1676
878 2638
879 1979
880 1001
881 2205
882 2320
883 790
884 1590
885 1254
886 635
887 2255
888 2049
889 2201
890 2543
891 823
892 1968
893 2025
894 361
895 1418
896 2575
897 2711
898 1596
899 1638
900 330
901 2565
902 2402
903 2212
904 1625
905 1121
906 93
907 1542
908 1171
909 1705
910 2329
911 2712
912 91
913 2777
914 2742
915 518
916 2886
917 2966
918 1559
919 2620
920 1343
921 2586
922 2068
923 14
924 221
925 1036
926 1922
927 2539
928 462
929 2214

