879 28
0 1379
1 2740
2 1914
3 1618
4 642
5 2732
6 442
7 1959
8 317
9 832
10 2288
11 1226
12 2793
13 947
14 2669
15 1330
16 2500
17 1335
18 457
19 995
20 1900
21 100
22 1749
23 658
24 1708
25 1475
26 587
27 2070
28 2222
29 2452
30 2112
31 144
32 1825
33 1178
34 903
35 2053
36 69
37 625
38 410
39 1562
40 2456
41 1404
42 1058
43 176
44 849
45 2801
46 2786
47 2933
48 1598
49 586
50 1225
51 305
52 2641
53 1028
54 1685
55 1005
56 1552
57 2853
58 2239
59 1117
60 586
61 933
62 2991
63 260
64 1919
65 2355
66 1516
67 2892
68 1527
69 1771
70 2743
71 1956
72 1344
73 772
74 14
75 4
76 962
77 974
78 1250
79 2049
80 1206
81 2192
82 2276
83 2566
84 1599
85 2171
86 2613
87 1979
88 140
89 399
90 1399
91 2253
92 698
93 463
94 692
95 584
96 2682
97 1052
98 1832
99 2401
100 2994
101 516
102 2887
103 2545
104 2428
105 2148
106 1070
107 770
108 1481
109 746
110 2644
111 2474
112 2046
113 2121
114 1721
115 2807
116 1587
117 2595
118 2444
119 2942
120 1863
121 2287
122 2840
123 1685
124 18
125 621
126 257
127 1980
128 2833
129 363
130 49
131 1726
132 2712
133 889
134 1989
135 278
136 423
137 297
138 378
139 2459
140 1446
141 1002
142 676
143 2627
144 2437
145 1037
146 309
147 663
148 1676
149 2662
150 2278
151 2509
152 712
153 2110
154 2687
155 400
156 2456
157 1380
158 1501
159 1817
160 84
161 1755
162 154
163 218
164 228
165 1691
166 439
167 1926
168 1445
169 47
170 1130
171 995
172 2715
173 1064
174 2720
175 678
176 742
177 2082
178 1686
179 1600
180 995
181 734
182 217
183 750
184 934
185 76
186 1693
187 1818
188 623
189 2264
190 679
191 2950
192 1205
193 2141
194 2003
195 1064
196 1550
197 971
198 770
199 2489
200 2620
201 405
202 2574
203 1917
204 2046
205 1901
206 1695
207 2997
208 2402
209 19
210 1842
211 658
212 2826
213 651
214 1034
215 2379
216 1119
217 755
218 2613
219 2412
220 1471
221 1343
222 2873
223 2767
224 2078
225 828
226 41
227 1468
228 364
229 715
230 828
231 1206
232 2705
233 582
234 324
235 2132
236 482
237 1382
238 152
239 2030
240 1185
241 2559
242 2714
243 2864
244 1592
245 374
246 338
247 2221
248 2499
249 1987
250 1599
251 1297
252 1480
253 562
254 1363
255 2958
256 75
257 1861
258 2872
259 63
260 1874
261 1262
262 2352
263 438
264 2426
265 2782
266 2327
267 224
268 408
269 2954
270 2934
271 1342
272 1555
273 973
274 2110
275 2392
276 1533
277 1375
278 2965
279 655
280 2724
281 2570
282 729
283 2859
284 2649
285 140
286 1959
287 2649
288 991
289 776
290 2543
291 392
292 937
293 2220
294 452
295 1568
296 2587
297 1385
298 13
299 1468
300 2490
301 921
302 160
303 2038
304 2219
305 599
306 1291
307 2910
308 820
309 535
310 143
311 1332
312 2267
313 323
314 2628
315 1410
316 425
317 1622
318 1001
319 400
320 1827
321 2353
322 1345
323 1082
324 2349
325 1772
326 257
327 1537
328 402
329 33
330 86
331 2492
332 714
333 654
334 351
335 2423
336 39
337 304
338 74
339 1882
340 493
341 1413
342 510
343 2145
344 624
345 789
346 381
347 622
348 2657
349 2992
350 1485
351 695
352 174
353 1277
354 1193
355 2543
356 1953
357 2778
358 1668
359 221
360 161
361 2637
362 2421
363 1506
364 1687
365 70
366 1824
367 1462
368 2885
369 1086
370 372
371 57
372 890
373 1765
374 1938
375 1160
376 1565
377 1740
378 896
379 2282
380 1076
381 2660
382 979
383 271
384 819
385 679
386 942
387 2247
388 1528
389 643
390 1800
391 535
392 1837
393 450
394 2235
395 2058
396 2927
397 1393
398 1979
399 1056
400 2330
401 697
402 1739
403 1411
404 1710
405 1940
406 123
407 612
408 1887
409 1465
410 982
411 1422
412 1652
413 2273
414 203
415 918
416 910
417 1185
418 1217
419 1486
420 1233
421 1223
422 44
423 2626
424 1916
425 1492
426 904
427 2508
428 420
429 357
430 561
431 1890
432 1360
433 2461
434 1526
435 249
436 1313
437 540
438 321
439 1528
440 415
441 787
442 2733
443 26
444 1726
445 1862
446 1825
447 2986
448 2153
449 1845
450 2816
451 2965
452 1774
453 2284
454 2266
455 568
456 555
457 2872
458 1083
459 1587
460 1277
461 1489
462 394
463 50
464 2902
465 2303
466 2619
467 1943
468 1667
469 2635
470 1030
471 701
472 2701
473 2512
474 805
475 2735
476 2431
477 2925
478 42
479 281
480 2540
481 1805
482 231
483 334
484 1622
485 995
486 121
487 925
488 413
489 2219
490 1650
491 1758
492 2129
493 1650
494 2049
495 924
496 961
497 1050
498 2198
499 2769
500 67
501 555
502 2495
503 374
504 1063
505 1030
506 2195
507 2301
508 2280
509 2438
510 1103
511 841
512 429
513 2473
514 1582
515 1493
516 1836
517 2245
518 482
519 731
520 100
521 663
522 632
523 2261
524 1008
525 2042
526 1187
527 2821
528 2744
529 2331
530 1184
531 1312
532 2941
533 665
534 1595
535 2697
536 1438
537 1235
538 641
539 1257
540 772
541 438
542 2482
543 325
544 2216
545 2041
546 254
547 303
548 2974
549 1437
550 1339
551 50
552 514
553 1097
554 1209
555 822
556 1835
557 2701
558 82
559 2448
560 300
561 2098
562 2435
563 577
564 2218
565 989
566 2096
567 2995
568 403
569 613
570 2550
571 1508
572 1818
573 1449
574 2822
575 2800
576 2985
577 2208
578 323
579 1121
580 561
581 2402
582 1471
583 2663
584 1700
585 2534
586 525
587 2012
588 2986
589 892
590 1377
591 656
592 1560
593 1758
594 2042
595 685
596 1937
597 1171
598 1734
599 17
600 2070
601 2705
602 2670
603 28
604 1671
605 2815
606 1196
607 1000
608 84
609 1820
610 2627
611 1925
612 947
613 2309
614 325
615 2291
616 542
617 2028
618 2419
619 2772
620 166
621 947
622 2867
623 1208
624 1351
625 2197
626 2986
627 1592
628 2683
629 1877
630 1335
631 514
632 211
633 907
634 1537
635 563
636 599
637 1836
638 2061
639 676
640 2887
641 271
642 1602
643 2114
644 1577
645 1092
646 980
647 1941
648 2912
649 2024
650 2707
651 2868
652 2589
653 1128
654 1438
655 1040
656 65
657 2186
658 1226
659 995
660 1232
661 19
662 1107
663 533
664 155
665 1286
666 682
667 2478
668 2667
669 670
670 1767
671 54
672 411
673 440
674 2877
675 1515
676 2628
677 1713
678 1925
679 2233
680 1908
681 479
682 2741
683 1653
684 367
685 2502
686 1293
687 1051
688 1614
689 67
690 2104
691 1351
692 1712
693 2861
694 878
695 2095
696 1449
697 2324
698 906
699 2477
700 853
701 1683
702 757
703 445
704 1186
705 233
706 2365
707 877
708 2244
709 2396
710 1303
711 774
712 284
713 769
714 12
715 2866
716 770
717 628
718 2800
719 2057
720 455
721 2049
722 2938
723 2317
724 2462
725 973
726 1891
727 441
728 808
729 2913
730 2368
731 947
732 1825
733 400
734 1391
735 2784
736 2081
737 2576
738 1276
739 2516
740 2346
741 2910
742 2187
743 1386
744 2943
745 2981
746 1977
747 2439
748 1523
749 2908
750 58
751 1287
752 1256
753 1056
754 489
755 1793
756 2045
757 553
758 1212
759 2452
760 616
761 1678
762 1939
763 1889
764 2223
765 2149
766 2454
767 1669
768 886
769 1781
770 614
771 2315
772 1411
773 525
774 2368
775 628
776 1565
777 1689
778 1200
779 92
780 1756
781 1402
782 2371
783 2394
784 2077
785 2512
786 2123
787 2831
788 2381
789 938
790 2577
791 1368
792 2024
793 49
794 261
795 1506
796 709
797 1398
798 2076
799 2752
800 942
801 326
802 1623
803 1656
804 1535
805 2242
806 2226
807 955
808 1946
809 451
810 1130
811 810
812 1128
813 2028
814 2494
815 1925
816 403
817 1938
818 2973
819 1260
820 160
821 632
822 1473
823 2278
824 2232
825 842
826 889
827 2764
828 2022
829 2373
830 888
831 1243
832 1579
833 376
834 1068
835 2851
836 2149
837 1767
838 681
839 2177
840 399
841 553
842 2122
843 558
844 2351
845 2682
846 510
847 1234
848 2711
849 2434
850 41
851 1752
852 2734
853 1356
854 433
855 2660
856 2418
857 2886
858 1893
859 635
860 2895
861 1593
862 2150
863 68
864 956
865 929
866 2229
867 899
868 1913
869 1901
870 1213
871 2592
872 2091
873 2941
874 2053
875 1414
876 2603
877 1925
878 190

