152 87
0 999
1 247
2 2549
3 178
4 392
5 2604
6 479
7 1196
8 1766
9 978
10 2526
11 2306
12 998
13 2911
14 2619
15 2594
16 1761
17 491
18 2847
19 2617
20 2834
21 891
22 1862
23 1429
24 2972
25 2884
26 764
27 75
28 195
29 2290
30 2196
31 761
32 805
33 462
34 2455
35 77
36 129
37 869
38 2082
39 1191
40 2599
41 2945
42 534
43 588
44 2266
45 1707
46 2236
47 12
48 328
49 632
50 2929
51 2408
52 997
53 2244
54 2241
55 1110
56 35
57 613
58 2334
59 723
60 2711
61 1270
62 491
63 962
64 2043
65 2283
66 1619
67 1780
68 1322
69 1459
70 90
71 634
72 272
73 1005
74 506
75 2212
76 379
77 1700
78 1461
79 993
80 2519
81 629
82 1547
83 822
84 317
85 780
86 124
87 2054
88 2464
89 2982
90 312
91 2899
92 229
93 251
94 2385
95 2555
96 634
97 1748
98 1528
99 2999
100 393
101 266
102 457
103 2548
104 1847
105 2403
106 1773
107 406
108 2423
109 2607
110 2366
111 196
112 1456
113 127
114 2648
115 1266
116 1375
117 54
118 863
119 1214
120 891
121 2560
122 2373
123 2366
124 1672
125 1054
126 1032
127 585
128 853
129 2554
130 2016
131 896
132 697
133 1523
134 2672
135 2492
136 620
137 607
138 2253
139 2184
140 1002
141 1340
142 2716
143 2581
144 1966
145 2854
146 932
147 2339
148 1459
149 2758
150 1332
151 2064

