439 50
0 2668
1 2654
2 1124
3 1248
4 1789
5 450
6 351
7 2355
8 482
9 257
10 467
11 1348
12 1361
13 2351
14 2733
15 769
16 2564
17 1700
18 1132
19 1066
20 652
21 2001
22 691
23 889
24 1584
25 2252
26 1540
27 2663
28 1270
29 2824
30 1759
31 1418
32 1309
33 85
34 2508
35 2265
36 395
37 2319
38 1161
39 390
40 1667
41 2881
42 348
43 2682
44 579
45 905
46 1964
47 1514
48 106
49 541
50 865
51 158
52 531
53 1090
54 1940
55 1114
56 268
57 2083
58 450
59 1527
60 1142
61 875
62 2427
63 668
64 2904
65 2544
66 1053
67 48
68 2039
69 2912
70 161
71 910
72 1093
73 2354
74 1141
75 2676
76 274
77 2206
78 931
79 2632
80 2785
81 1414
82 2901
83 693
84 1342
85 2691
86 2952
87 108
88 1550
89 2116
90 344
91 2596
92 1842
93 876
94 365
95 2381
96 148
97 2097
98 1935
99 2641
100 2785
101 1864
102 2135
103 474
104 1566
105 2241
106 2191
107 887
108 556
109 702
110 1468
111 1426
112 251
113 596
114 73
115 2323
116 378
117 2255
118 1012
119 41
120 2376
121 1162
122 2392
123 2899
124 385
125 1004
126 2591
127 2123
128 1559
129 744
130 2225
131 2291
132 1721
133 2188
134 371
135 2467
136 1049
137 2130
138 2608
139 1006
140 1721
141 1603
142 2915
143 2829
144 483
145 596
146 546
147 790
148 671
149 2959
150 542
151 2800
152 261
153 1131
154 2075
155 1029
156 931
157 2482
158 1264
159 136
160 2982
161 1132
162 2753
163 1327
164 1799
165 1956
166 2637
167 1972
168 2162
169 608
170 2498
171 1678
172 802
173 2235
174 514
175 1543
176 916
177 1016
178 2148
179 2181
180 2156
181 2322
182 187
183 2641
184 1373
185 2810
186 2567
187 2716
188 301
189 1217
190 559
191 1067
192 1137
193 723
194 1412
195 1551
196 2407
197 608
198 874
199 2357
200 2964
201 711
202 1149
203 967
204 1744
205 2725
206 89
207 2782
208 558
209 1377
210 1860
211 1665
212 1346
213 384
214 2143
215 378
216 2688
217 474
218 2723
219 33
220 246
221 2127
222 253
223 2041
224 2185
225 215
226 206
227 173
228 1912
229 543
230 1850
231 1270
232 2317
233 1061
234 155
235 2341
236 1927
237 230
238 1546
239 756
240 2496
241 2041
242 2560
243 66
244 170
245 452
246 2036
247 2820
248 238
249 1336
250 1085
251 521
252 1533
253 1864
254 62
255 342
256 2233
257 276
258 1893
259 2369
260 2077
261 1900
262 929
263 1476
264 2034
265 513
266 868
267 1227
268 1394
269 1617
270 2755
271 672
272 1092
273 2050
274 1479
275 2240
276 763
277 1344
278 71
279 657
280 2869
281 1215
282 1530
283 505
284 2275
285 1324
286 641
287 2100
288 829
289 1221
290 2090
291 2619
292 1622
293 378
294 1355
295 2892
296 782
297 2418
298 2116
299 2520
300 2432
301 2205
302 889
303 1047
304 228
305 1542
306 2668
307 189
308 2810
309 2375
310 1243
311 2308
312 2924
313 240
314 1841
315 819
316 2959
317 1518
318 1361
319 906
320 744
321 1965
322 1876
323 1072
324 447
325 2930
326 2893
327 2939
328 95
329 191
330 831
331 1220
332 2287
333 165
334 1470
335 1250
336 2572
337 966
338 396
339 1796
340 1700
341 2380
342 1
343 2277
344 2360
345 2680
346 608
347 33
348 868
349 2468
350 242
351 1270
352 580
353 1019
354 741
355 1327
356 1226
357 1245
358 747
359 2827
360 2749
361 439
362 245
363 1505
364 662
365 1975
366 504
367 13
368 1184
369 243
370 2370
371 91
372 64
373 1164
374 585
375 537
376 425
377 2758
378 1140
379 762
380 2117
381 2971
382 2522
383 2679
384 174
385 277
386 1847
387 1086
388 673
389 2828
390 2512
391 1380
392 717
393 1495
394 1294
395 2201
396 1503
397 1989
398 1369
399 65
400 937
401 1418
402 1449
403 2488
404 1234
405 1029
406 606
407 54
408 204
409 1553
410 880
411 477
412 2021
413 1891
414 1308
415 2369
416 276
417 148
418 1611
419 2742
420 1892
421 1776
422 2663
423 1665
424 856
425 1397
426 2030
427 1893
428 2716
429 1320
430 2119
431 1800
432 2255
433 2330
434 993
435 2822
436 2121
437 1782
438 2482

