332 11
0 3000
1 691
2 579
3 1422
4 391
5 991
6 2416
7 1939
8 1445
9 2292
10 1907
11 2789
12 2693
13 1101
14 2178
15 2178
16 634
17 2867
18 127
19 1710
20 305
21 1278
22 556
23 954
24 1055
25 1777
26 1034
27 2788
28 2426
29 2645
30 331
31 682
32 166
33 1510
34 2104
35 2856
36 586
37 2741
38 238
39 1461
40 2436
41 1923
42 2168
43 372
44 2478
45 2926
46 212
47 1442
48 917
49 1195
50 597
51 2202
52 1670
53 2977
54 1623
55 1987
56 548
57 1450
58 2337
59 2424
60 1276
61 2439
62 1604
63 1170
64 2562
65 4
66 1536
67 101
68 1364
69 1223
70 2929
71 2438
72 752
73 371
74 636
75 1227
76 2990
77 2420
78 1029
79 1180
80 2776
81 911
82 400
83 2077
84 1509
85 745
86 1071
87 1288
88 1741
89 1295
90 1971
91 1789
92 2831
93 990
94 1036
95 1486
96 1630
97 2776
98 168
99 1804
100 1334
101 879
102 1797
103 1033
104 764
105 2700
106 1229
107 938
108 1238
109 541
110 2415
111 898
112 2346
113 355
114 701
115 1793
116 2384
117 854
118 690
119 1525
120 2837
121 1520
122 240
123 2713
124 1167
125 1368
126 871
127 426
128 505
129 1335
130 1416
131 1191
132 2921
133 617
134 1810
135 2726
136 581
137 2969
138 530
139 2282
140 2447
141 2513
142 1256
143 2886
144 2534
145 2361
146 2068
147 2877
148 2086
149 2834
150 2177
151 2651
152 492
153 2137
154 1802
155 1158
156 253
157 529
158 1638
159 2472
160 2270
161 2859
162 136
163 2279
164 2600
165 671
166 750
167 865
168 916
169 967
170 328
171 1481
172 1731
173 2443
174 2534
175 1206
176 35
177 2721
178 994
179 969
180 2175
181 2569
182 1614
183 1684
184 432
185 1633
186 599
187 1128
188 2206
189 1733
190 1891
191 2975
192 2003
193 689
194 2002
195 765
196 737
197 1576
198 2947
199 2635
200 2687
201 2090
202 1769
203 2470
204 2032
205 2536
206 2072
207 2412
208 151
209 2042
210 1105
211 51
212 970
213 1386
214 745
215 2331
216 2169
217 1487
218 1615
219 1940
220 1232
221 2251
222 2174
223 452
224 1599
225 1216
226 2804
227 2756
228 654
229 2263
230 1231
231 2535
232 2470
233 2129
234 2535
235 1920
236 1796
237 75
238 545
239 901
240 693
241 1243
242 2054
243 2978
244 915
245 2962
246 1823
247 1979
248 2336
249 348
250 1082
251 1653
252 420
253 1072
254 2139
255 1461
256 272
257 1068
258 1071
259 2173
260 325
261 2664
262 402
263 2557
264 2093
265 1418
266 988
267 79
268 2505
269 821
270 2230
271 33
272 2369
273 1928
274 1627
275 2370
276 587
277 1667
278 1132
279 1989
280 655
281 198
282 1929
283 1848
284 2971
285 160
286 2736
287 1134
288 2530
289 1462
290 1977
291 201
292 2210
293 1694
294 2425
295 64
296 1732
297 619
298 2449
299 2213
300 2236
301 2403
302 945
303 771
304 2470
305 971
306 246
307 715
308 341
309 2174
310 334
311 1388
312 2573
313 2992
314 1715
315 2034
316 1087
317 366
318 2329
319 1176
320 696
321 899
322 356
323 1909
324 2175
325 2928
326 2728
327 2108
328 1224
329 1626
330 1530
331 2436

