246 69
0 2417
1 1194
2 2127
3 2466
4 38
5 1077
6 2082
7 2868
8 1205
9 789
10 1423
11 1565
12 414
13 392
14 2331
15 129
16 2598
17 844
18 1347
19 2451
20 338
21 2265
22 249
23 1743
24 204
25 2366
26 2320
27 2359
28 598
29 1810
30 1187
31 782
32 2018
33 1047
34 2300
35 2834
36 2365
37 2597
38 2077
39 2601
40 1823
41 2939
42 96
43 1439
44 2621
45 2526
46 473
47 2591
48 1780
49 1526
50 772
51 2824
52 2013
53 2113
54 790
55 2377
56 1747
57 1818
58 2137
59 2519
60 1183
61 2293
62 375
63 1686
64 298
65 1262
66 1093
67 2590
68 1249
69 1891
70 2322
71 1111
72 2782
73 406
74 2339
75 1722
76 2992
77 1442
78 430
79 1184
80 382
81 1540
82 1579
83 1047
84 1697
85 617
86 2266
87 1409
88 1777
89 1763
90 1623
91 2924
92 188
93 886
94 2649
95 1046
96 2695
97 422
98 2997
99 1150
100 2072
101 197
102 2545
103 1317
104 2064
105 935
106 1969
107 2723
108 378
109 1824
110 1863
111 1303
112 2756
113 163
114 821
115 688
116 126
117 1715
118 927
119 1622
120 1899
121 152
122 2788
123 2137
124 2711
125 55
126 2985
127 1512
128 2627
129 234
130 2081
131 740
132 491
133 16
134 56
135 1203
136 836
137 1127
138 1895
139 261
140 2845
141 2623
142 2413
143 6
144 810
145 2288
146 2177
147 1598
148 2324
149 237
150 1240
151 868
152 391
153 2921
154 363
155 2277
156 2461
157 82
158 2560
159 1814
160 1823
161 125
162 1593
163 1143
164 1951
165 1261
166 2088
167 1936
168 777
169 785
170 188
171 2784
172 1182
173 659
174 57
175 529
176 839
177 720
178 702
179 2521
180 2286
181 1230
182 282
183 1651
184 2198
185 2456
186 192
187 2582
188 2300
189 2222
190 477
191 194
192 2201
193 1186
194 2222
195 2915
196 415
197 1090
198 261
199 647
200 1787
201 1236
202 1194
203 1306
204 2476
205 1365
206 166
207 400
208 2513
209 531
210 1814
211 2119
212 192
213 2356
214 1618
215 1807
216 1505
217 1326
218 2621
219 1019
220 566
221 1202
222 2013
223 960
224 498
225 1970
226 64
227 1507
228 1413
229 1321
230 2254
231 1654
232 2944
233 2210
234 189
235 1755
236 2957
237 2824
238 2315
239 2830
240 1936
241 39
242 627
243 1322
244 2934
245 2188

