925 96
0 1440
1 119
2 2966
3 4
4 390
5 348
6 2907
7 1318
8 402
9 1637
10 2677
11 2412
12 1822
13 375
14 1025
15 1218
16 378
17 60
18 2462
19 236
20 1432
21 2731
22 2875
23 1931
24 375
25 2337
26 256
27 833
28 1229
29 0
30 637
31 1086
32 2131
33 2475
34 2368
35 803
36 2979
37 2482
38 2152
39 2351
40 610
41 1039
42 1704
43 1975
44 2364
45 1754
46 2977
47 723
48 1835
49 782
50 2858
51 2217
52 1895
53 1065
54 442
55 44
56 412
57 339
58 1734
59 1279
60 2928
61 2399
62 175
63 2484
64 1368
65 2705
66 2251
67 615
68 71
69 758
70 871
71 1126
72 91
73 1389
74 1492
75 136
76 1635
77 2665
78 438
79 1308
80 2944
81 2075
82 1674
83 1067
84 2615
85 2411
86 775
87 1705
88 134
89 83
90 2807
91 2852
92 1556
93 790
94 1149
95 193
96 1210
97 1515
98 2954
99 2345
100 1634
101 1785
102 1643
103 2652
104 1850
105 1685
106 2739
107 76
108 86
109 1375
110 306
111 2404
112 2630
113 1208
114 173
115 132
116 1733
117 363
118 2233
119 2969
120 2404
121 2625
122 351
123 1266
124 1564
125 137
126 1757
127 264
128 2993
129 2011
130 614
131 986
132 2659
133 123
134 836
135 1332
136 1968
137 1923
138 1563
139 2615
140 188
141 2419
142 367
143 1631
144 1093
145 2487
146 2397
147 2609
148 788
149 2235
150 2795
151 2233
152 1386
153 818
154 467
155 1721
156 1846
157 818
158 24
159 712
160 2518
161 2963
162 2765
163 271
164 2023
165 410
166 1960
167 2181
168 1134
169 1463
170 424
171 968
172 1830
173 208
174 2583
175 263
176 1178
177 514
178 1837
179 2076
180 2459
181 471
182 1912
183 1862
184 767
185 2651
186 1166
187 865
188 2449
189 129
190 1428
191 1036
192 307
193 1565
194 1088
195 2763
196 2237
197 2159
198 1176
199 1629
200 2662
201 463
202 659
203 778
204 1779
205 765
206 577
207 2063
208 921
209 1312
210 2396
211 2707
212 2678
213 402
214 1321
215 697
216 2353
217 2200
218 1374
219 2716
220 1890
221 1562
222 778
223 2634
224 2470
225 1417
226 612
227 1882
228 1148
229 1289
230 879
231 277
232 1011
233 235
234 2847
235 406
236 794
237 2917
238 2959
239 340
240 2344
241 942
242 847
243 1353
244 2358
245 1642
246 1197
247 2466
248 292
249 1121
250 2304
251 2645
252 1493
253 2562
254 2341
255 1024
256 2180
257 1911
258 2599
259 2366
260 1542
261 2012
262 865
263 1708
264 534
265 1507
266 26
267 1192
268 836
269 856
270 1614
271 1072
272 1604
273 2407
274 1785
275 1549
276 1597
277 1689
278 781
279 2015
280 991
281 253
282 2891
283 1754
284 2847
285 2921
286 1914
287 1959
288 237
289 2458
290 1925
291 2122
292 50
293 1460
294 2701
295 2096
296 2288
297 574
298 497
299 1867
300 379
301 752
302 1281
303 1749
304 2270
305 1326
306 194
307 1372
308 2954
309 2055
310 1200
311 2950
312 587
313 44
314 542
315 884
316 2682
317 206
318 559
319 1249
320 99
321 1772
322 308
323 165
324 2282
325 1646
326 2010
327 419
328 1137
329 2904
330 426
331 1000
332 92
333 1386
334 2793
335 2968
336 2161
337 1251
338 2404
339 1628
340 1607
341 759
342 522
343 1819
344 2093
345 2263
346 1981
347 981
348 1804
349 340
350 1389
351 2476
352 232
353 2346
354 1061
355 2947
356 2315
357 2981
358 1282
359 861
360 257
361 1726
362 1155
363 2235
364 2926
365 226
366 2175
367 2212
368 1218
369 693
370 678
371 2267
372 630
373 931
374 955
375 782
376 339
377 207
378 2683
379 1656
380 1287
381 906
382 838
383 1981
384 2197
385 38
386 197
387 2602
388 558
389 2414
390 2269
391 1240
392 1424
393 2765
394 2122
395 1977
396 1515
397 594
398 1675
399 1452
400 1367
401 2930
402 1929
403 675
404 2705
405 711
406 1264
407 1946
408 277
409 2266
410 2659
411 2492
412 289
413 1389
414 597
415 1476
416 1930
417 2580
418 2659
419 347
420 1994
421 138
422 2980
423 2876
424 2686
425 342
426 2528
427 927
428 2185
429 82
430 2241
431 1250
432 2223
433 930
434 242
435 2769
436 1929
437 2760
438 2800
439 824
440 1983
441 1566
442 927
443 329
444 1633
445 2864
446 290
447 2902
448 2691
449 1837
450 2481
451 1036
452 2616
453 2828
454 1655
455 612
456 2619
457 2662
458 1901
459 1419
460 2120
461 2338
462 497
463 1001
464 1463
465 2023
466 1980
467 1879
468 945
469 1005
470 1868
471 657
472 2965
473 1365
474 752
475 2441
476 2682
477 2330
478 1633
479 315
480 1921
481 1322
482 2172
483 2228
484 778
485 1861
486 1657
487 2480
488 2886
489 1381
490 788
491 1440
492 1001
493 306
494 212
495 2752
496 165
497 1921
498 974
499 1798
500 2675
501 902
502 768
503 767
504 2163
505 2532
506 1367
507 2545
508 441
509 2771
510 1622
511 2329
512 170
513 287
514 1169
515 828
516 1223
517 1213
518 1128
519 1860
520 2311
521 647
522 1219
523 170
524 1776
525 874
526 264
527 1857
528 1332
529 1168
530 1518
531 110
532 784
533 530
534 1258
535 799
536 2425
537 249
538 2031
539 765
540 2201
541 1751
542 1822
543 2237
544 1168
545 87
546 104
547 2014
548 2399
549 708
550 1290
551 2577
552 1082
553 2234
554 2452
555 1032
556 2256
557 1688
558 115
559 2056
560 2873
561 2399
562 58
563 2435
564 2736
565 2785
566 2451
567 2153
568 341
569 1048
570 292
571 2402
572 290
573 2558
574 1703
575 1352
576 1948
577 603
578 2610
579 2426
580 2376
581 2754
582 2563
583 2864
584 2620
585 1264
586 1222
587 95
588 627
589 2000
590 2597
591 2596
592 2826
593 96
594 1096
595 1203
596 717
597 878
598 129
599 1301
600 464
601 988
602 119
603 1166
604 536
605 2069
606 1680
607 1859
608 176
609 2743
610 2604
611 870
612 1387
613 1128
614 2041
615 1173
616 2342
617 690
618 325
619 1009
620 28
621 1984
622 907
623 213
624 2976
625 2731
626 588
627 2192
628 1564
629 860
630 530
631 2282
632 2178
633 1414
634 2033
635 179
636 592
637 1162
638 49
639 2328
640 93
641 857
642 415
643 263
644 2774
645 1192
646 1383
647 1137
648 2750
649 2993
650 614
651 2558
652 249
653 1940
654 1121
655 2767
656 2531
657 1314
658 336
659 1456
660 77
661 2495
662 2449
663 2583
664 951
665 2580
666 523
667 568
668 671
669 781
670 1699
671 1638
672 2040
673 1212
674 2143
675 505
676 1963
677 284
678 2860
679 711
680 162
681 2370
682 2642
683 612
684 1215
685 562
686 1354
687 2810
688 2165
689 459
690 260
691 1953
692 2105
693 2513
694 415
695 76
696 1280
697 1134
698 2622
699 2596
700 2580
701 2646
702 186
703 590
704 2328
705 644
706 584
707 582
708 996
709 749
710 400
711 1707
712 364
713 1789
714 2303
715 2
716 658
717 1230
718 2801
719 2517
720 1205
721 2436
722 2878
723 892
724 2332
725 1376
726 2960
727 2004
728 1481
729 2790
730 1583
731 2188
732 1525
733 2199
734 1694
735 2827
736 1624
737 262
738 1358
739 1076
740 1985
741 1220
742 2753
743 640
744 267
745 899
746 1354
747 1568
748 2819
749 762
750 2680
751 2664
752 1681
753 354
754 538
755 872
756 1639
757 2449
758 398
759 2212
760 1008
761 1451
762 2208
763 52
764 1630
765 2804
766 868
767 2522
768 241
769 2300
770 2408
771 1247
772 1153
773 2200
774 2144
775 2167
776 388
777 1456
778 967
779 216
780 342
781 1017
782 2821
783 1025
784 2022
785 941
786 2666
787 2048
788 389
789 538
790 50
791 1309
792 2394
793 532
794 1379
795 2260
796 2440
797 2858
798 2793
799 429
800 488
801 2198
802 1806
803 1579
804 2538
805 972
806 2233
807 312
808 1377
809 1822
810 651
811 248
812 1094
813 168
814 2457
815 1948
816 1639
817 2886
818 2101
819 1588
820 774
821 774
822 754
823 205
824 2200
825 1843
826 1544
827 2760
828 850
829 471
830 1993
831 1787
832 86
833 2514
834 2757
835 2871
836 2995
837 77
838 1962
839 225
840 2200
841 1027
842 2944
843 1204
844 2555
845 2729
846 2819
847 1231
848 2410
849 1508
850 1950
851 1227
852 1741
853 1145
854 2386
855 630
856 985
857 2626
858 2391
859 2338
860 681
861 251
862 2535
863 2816
864 383
865 499
866 1444
867 1998
868 2599
869 2294
870 2570
871 2791
872 125
873 2581
874 986
875 477
876 476
877 2555
878 812
879 586
880 362
881 1914
882 1371
883 2836
884 814
885 2687
886 1807
887 2483
888 1074
889 1510
890 827
891 222
892 314
893 1495
894 19
895 2054
896 1310
897 2199
898 2820
899 210
900 647
901 1505
902 2847
903 1216
904 1096
905 813
906 1150
907 401
908 2169
909 1049
910 1676
911 2176
912 83
913 768
914 36
915 336
916 2444
917 665
918 134
919 2535
920 2631
921 406
922 1280
923 1351
924 52

