385 88
0 1507
1 2203
2 277
3 1455
4 614
5 1623
6 2844
7 908
8 2631
9 2832
10 2826
11 719
12 1594
13 2550
14 1304
15 1502
16 30
17 7
18 2997
19 1707
20 0
21 2236
22 688
23 948
24 1893
25 2331
26 1253
27 180
28 306
29 607
30 2658
31 1204
32 758
33 1331
34 1026
35 1966
36 869
37 1005
38 1317
39 568
40 521
41 2650
42 1936
43 339
44 2585
45 2769
46 2172
47 46
48 164
49 1131
50 1344
51 2259
52 2536
53 2492
54 641
55 367
56 1402
57 2162
58 1718
59 1961
60 568
61 1989
62 2164
63 2298
64 1646
65 1353
66 2506
67 2933
68 2269
69 1095
70 352
71 2454
72 2061
73 377
74 1818
75 2362
76 2778
77 889
78 1005
79 455
80 640
81 1126
82 1243
83 710
84 869
85 2900
86 478
87 1692
88 536
89 2657
90 1905
91 1218
92 2403
93 450
94 461
95 2926
96 2830
97 140
98 926
99 1464
100 1623
101 1602
102 253
103 2643
104 1923
105 1962
106 2161
107 623
108 2771
109 926
110 1950
111 2754
112 1771
113 1337
114 1401
115 1913
116 2849
117 2175
118 1866
119 1712
120 2309
121 295
122 2192
123 2959
124 2701
125 2458
126 1443
127 1321
128 221
129 1249
130 1219
131 107
132 2061
133 2270
134 31
135 1310
136 634
137 2847
138 2247
139 1724
140 2179
141 1359
142 1220
143 391
144 2747
145 2802
146 2431
147 1540
148 210
149 1736
150 2262
151 784
152 2773
153 1753
154 2483
155 1892
156 2122
157 2372
158 375
159 2774
160 232
161 1706
162 1399
163 1650
164 998
165 2534
166 397
167 2885
168 1826
169 505
170 1691
171 2318
172 2251
173 1847
174 690
175 2549
176 1237
177 333
178 2453
179 559
180 820
181 2245
182 2510
183 2984
184 1142
185 2318
186 1992
187 2559
188 2594
189 1482
190 2973
191 369
192 1312
193 1258
194 909
195 1605
196 1621
197 2479
198 217
199 2566
200 942
201 2631
202 738
203 482
204 1644
205 2407
206 556
207 2435
208 400
209 775
210 352
211 1075
212 468
213 1103
214 1004
215 926
216 2422
217 2039
218 2447
219 1038
220 2623
221 2223
222 182
223 1000
224 2377
225 939
226 408
227 2754
228 2792
229 1001
230 2687
231 543
232 2195
233 597
234 2959
235 2828
236 1793
237 951
238 2801
239 2664
240 130
241 1310
242 2145
243 2342
244 2683
245 2366
246 2512
247 1760
248 1303
249 2350
250 1603
251 2303
252 344
253 770
254 1949
255 1806
256 1895
257 2297
258 416
259 480
260 616
261 562
262 927
263 568
264 1550
265 2434
266 686
267 567
268 1935
269 1550
270 861
271 2028
272 223
273 1692
274 1793
275 1028
276 2980
277 56
278 2185
279 2679
280 2925
281 2629
282 1194
283 1143
284 1250
285 512
286 611
287 2117
288 2970
289 635
290 1794
291 934
292 2235
293 466
294 1773
295 2336
296 2061
297 2886
298 944
299 2623
300 341
301 105
302 2811
303 1384
304 1872
305 2257
306 1431
307 1747
308 2251
309 443
310 1584
311 870
312 1291
313 2740
314 2826
315 36
316 1632
317 219
318 2277
319 192
320 2997
321 670
322 651
323 570
324 2381
325 2074
326 2700
327 1184
328 1829
329 2379
330 2405
331 585
332 2986
333 2351
334 960
335 1731
336 1408
337 1606
338 2245
339 2339
340 1188
341 1926
342 706
343 2886
344 1797
345 2625
346 222
347 103
348 1090
349 2393
350 358
351 2325
352 1808
353 2846
354 425
355 2468
356 1397
357 2305
358 1816
359 582
360 1231
361 2725
362 1681
363 1546
364 410
365 2879
366 819
367 482
368 1
369 1608
370 871
371 1593
372 796
373 538
374 2486
375 259
376 2677
377 956
378 2941
379 987
380 2857
381 671
382 637
383 94
384 988

