419 92
0 1027
1 1200
2 654
3 406
4 116
5 468
6 1535
7 882
8 1259
9 1424
10 1695
11 1473
12 1630
13 2880
14 529
15 1174
16 3000
17 1477
18 2072
19 2267
20 90
21 1869
22 60
23 1934
24 956
25 2380
26 2317
27 860
28 564
29 2793
30 1871
31 419
32 61
33 2502
34 178
35 93
36 2851
37 233
38 2964
39 397
40 2620
41 498
42 647
43 1589
44 1795
45 617
46 2037
47 2889
48 2034
49 1564
50 2687
51 54
52 1859
53 1798
54 2246
55 2829
56 2843
57 2680
58 1028
59 2396
60 2883
61 2570
62 750
63 2416
64 867
65 1522
66 1494
67 2687
68 1428
69 2401
70 1473
71 779
72 2569
73 1950
74 801
75 1489
76 1579
77 190
78 356
79 152
80 1240
81 1509
82 2475
83 1689
84 965
85 2807
86 1152
87 1156
88 1661
89 2850
90 356
91 1073
92 1647
93 2158
94 1162
95 2143
96 670
97 241
98 1982
99 1870
100 1504
101 2865
102 1875
103 657
104 1647
105 1672
106 2231
107 2539
108 1570
109 1699
110 446
111 2584
112 2312
113 85
114 1813
115 514
116 466
117 2686
118 2368
119 639
120 1050
121 2855
122 1671
123 788
124 642
125 2862
126 1317
127 334
128 773
129 877
130 818
131 773
132 2717
133 2106
134 120
135 2783
136 2139
137 333
138 15
139 1732
140 2108
141 583
142 31
143 2851
144 2507
145 28
146 2170
147 1698
148 986
149 1283
150 2702
151 11
152 384
153 2305
154 971
155 1151
156 910
157 1413
158 1457
159 1710
160 2555
161 62
162 1463
163 1289
164 2496
165 429
166 1430
167 906
168 112
169 2612
170 541
171 1667
172 726
173 2962
174 758
175 2355
176 1760
177 2199
178 1831
179 272
180 665
181 213
182 1637
183 402
184 2363
185 1225
186 1870
187 1157
188 1566
189 897
190 660
191 65
192 514
193 913
194 1282
195 2231
196 2067
197 2325
198 85
199 526
200 1624
201 1676
202 2319
203 896
204 954
205 34
206 2932
207 867
208 681
209 695
210 1658
211 2932
212 63
213 501
214 1052
215 700
216 2999
217 2972
218 2742
219 1140
220 1154
221 1241
222 1205
223 1350
224 2547
225 1566
226 1558
227 1947
228 443
229 1058
230 2969
231 1904
232 641
233 1626
234 887
235 896
236 913
237 747
238 537
239 582
240 2129
241 878
242 2183
243 2550
244 1402
245 719
246 1867
247 279
248 2779
249 2440
250 2438
251 2841
252 404
253 862
254 1104
255 982
256 1495
257 2092
258 1035
259 2237
260 501
261 2961
262 1073
263 2964
264 1576
265 919
266 1261
267 1667
268 1861
269 2512
270 896
271 1986
272 1502
273 2521
274 854
275 2334
276 1467
277 2
278 1750
279 1628
280 195
281 567
282 1256
283 2992
284 1982
285 1927
286 2322
287 2450
288 1487
289 2799
290 890
291 2274
292 939
293 2314
294 2508
295 572
296 2628
297 2848
298 86
299 134
300 932
301 2844
302 1421
303 376
304 885
305 761
306 2588
307 2879
308 1487
309 1687
310 810
311 493
312 2152
313 2936
314 2367
315 75
316 1979
317 799
318 1399
319 531
320 1773
321 1746
322 981
323 1419
324 450
325 942
326 2699
327 2424
328 2550
329 2515
330 2998
331 29
332 1324
333 2745
334 811
335 1682
336 921
337 2132
338 2170
339 1929
340 2356
341 748
342 1271
343 1962
344 1194
345 2520
346 1634
347 1716
348 1979
349 758
350 1855
351 2428
352 1308
353 890
354 200
355 507
356 1774
357 2318
358 2114
359 1610
360 1062
361 2893
362 2099
363 2020
364 2279
365 795
366 1692
367 1542
368 2729
369 1551
370 1671
371 179
372 2755
373 2847
374 1608
375 2753
376 2724
377 655
378 1380
379 345
380 892
381 620
382 680
383 2759
384 1561
385 89
386 1717
387 705
388 1767
389 2028
390 2401
391 1322
392 1515
393 1540
394 2382
395 1094
396 1608
397 396
398 419
399 2202
400 715
401 937
402 248
403 1917
404 1642
405 860
406 2120
407 1419
408 274
409 1695
410 367
411 1291
412 1709
413 1497
414 334
415 2666
416 2747
417 1713
418 1533

