630 27
0 2764
1 2847
2 2939
3 2167
4 2606
5 1650
6 1169
7 2357
8 1512
9 1339
10 2827
11 1294
12 656
13 2585
14 1923
15 1731
16 2430
17 1954
18 357
19 2123
20 1223
21 1348
22 729
23 1309
24 2535
25 1437
26 57
27 2375
28 677
29 460
30 857
31 1481
32 2492
33 314
34 220
35 1651
36 1265
37 923
38 2280
39 643
40 2782
41 1859
42 919
43 2004
44 2935
45 381
46 936
47 76
48 2751
49 1043
50 1744
51 2886
52 2737
53 91
54 2082
55 1361
56 2070
57 643
58 2601
59 2844
60 966
61 1868
62 1765
63 1449
64 2685
65 722
66 442
67 2188
68 586
69 1458
70 121
71 2807
72 277
73 2311
74 2330
75 2905
76 1397
77 1182
78 1498
79 694
80 959
81 2266
82 645
83 2917
84 2391
85 2711
86 1619
87 1167
88 2966
89 1958
90 1664
91 237
92 814
93 2338
94 1271
95 60
96 536
97 2116
98 447
99 2866
100 2811
101 2725
102 1192
103 1425
104 2923
105 987
106 2148
107 2118
108 2293
109 195
110 1879
111 1620
112 383
113 629
114 1630
115 959
116 2404
117 978
118 1448
119 1031
120 739
121 1143
122 2975
123 517
124 888
125 1538
126 1525
127 2729
128 2849
129 1469
130 1615
131 2335
132 2617
133 2245
134 319
135 1025
136 2928
137 1849
138 2550
139 1214
140 294
141 117
142 1735
143 555
144 2338
145 2932
146 2660
147 2104
148 2648
149 763
150 1356
151 1153
152 2784
153 2754
154 2917
155 952
156 2891
157 2942
158 715
159 13
160 2707
161 262
162 2211
163 444
164 26
165 911
166 1966
167 1792
168 2970
169 2274
170 186
171 2966
172 2566
173 1734
174 856
175 1799
176 2311
177 762
178 1175
179 2150
180 284
181 2243
182 1643
183 1823
184 1324
185 858
186 2087
187 2248
188 1782
189 1705
190 454
191 1898
192 714
193 1025
194 2009
195 529
196 914
197 2521
198 1976
199 2805
200 9
201 1151
202 2271
203 274
204 2498
205 1663
206 2208
207 2782
208 301
209 2749
210 2707
211 1846
212 2083
213 2522
214 2317
215 44
216 2316
217 2066
218 313
219 1392
220 1799
221 111
222 2973
223 2220
224 27
225 1787
226 409
227 515
228 1579
229 205
230 2200
231 2530
232 1373
233 2170
234 993
235 1698
236 1458
237 1317
238 2379
239 1735
240 1002
241 1949
242 1402
243 1691
244 1550
245 1155
246 1082
247 1382
248 1373
249 176
250 1766
251 2195
252 1933
253 370
254 2290
255 1967
256 2520
257 949
258 360
259 1776
260 1069
261 1655
262 406
263 979
264 2338
265 1435
266 2301
267 840
268 1121
269 525
270 1407
271 1150
272 938
273 304
274 130
275 815
276 452
277 107
278 2530
279 1035
280 2351
281 1644
282 2356
283 2759
284 851
285 1837
286 2395
287 519
288 70
289 1937
290 1758
291 2819
292 2396
293 275
294 512
295 2282
296 1326
297 1823
298 355
299 760
300 1807
301 1415
302 2377
303 1281
304 1218
305 450
306 1436
307 1235
308 1752
309 380
310 2532
311 1031
312 2003
313 263
314 2502
315 2683
316 1170
317 27
318 2813
319 2491
320 1429
321 892
322 2187
323 124
324 1681
325 1711
326 1327
327 2579
328 1015
329 560
330 210
331 964
332 753
333 378
334 1484
335 2082
336 1798
337 315
338 2431
339 2736
340 1285
341 97
342 1910
343 1546
344 2883
345 277
346 1275
347 2743
348 93
349 385
350 436
351 1316
352 2274
353 238
354 944
355 2121
356 2654
357 2436
358 2520
359 2236
360 2707
361 1807
362 1663
363 1282
364 2829
365 420
366 2248
367 1430
368 155
369 1601
370 1325
371 1522
372 2403
373 812
374 26
375 1917
376 1596
377 1333
378 1709
379 2952
380 1232
381 2264
382 1007
383 919
384 47
385 2251
386 2326
387 214
388 2104
389 562
390 1240
391 1075
392 334
393 2691
394 909
395 276
396 797
397 435
398 1507
399 2618
400 332
401 2417
402 1843
403 2519
404 250
405 2633
406 2694
407 955
408 745
409 237
410 2334
411 1012
412 2155
413 559
414 1223
415 2888
416 1340
417 2544
418 1816
419 1018
420 799
421 1201
422 78
423 543
424 244
425 1825
426 269
427 379
428 1055
429 2078
430 1872
431 402
432 2641
433 769
434 2814
435 759
436 1862
437 2873
438 157
439 1367
440 1506
441 2321
442 2283
443 2705
444 1086
445 1922
446 891
447 518
448 818
449 2922
450 516
451 715
452 233
453 2671
454 478
455 1105
456 2149
457 771
458 2844
459 2086
460 69
461 284
462 676
463 60
464 693
465 913
466 2173
467 1725
468 2126
469 345
470 829
471 1030
472 2339
473 1586
474 1714
475 2550
476 1808
477 2642
478 1511
479 1575
480 2996
481 940
482 2301
483 2488
484 2207
485 2254
486 2064
487 2251
488 1509
489 986
490 2025
491 1792
492 2679
493 256
494 625
495 2850
496 1391
497 2364
498 1630
499 2684
500 1743
501 609
502 225
503 1424
504 1006
505 1205
506 2966
507 2014
508 1668
509 109
510 2230
511 833
512 972
513 2383
514 763
515 2503
516 220
517 2208
518 1003
519 1205
520 2060
521 1401
522 2133
523 2755
524 635
525 201
526 2231
527 618
528 1658
529 1918
530 1664
531 2136
532 2996
533 1346
534 2887
535 2695
536 2490
537 14
538 480
539 453
540 1798
541 640
542 1504
543 783
544 1963
545 2521
546 2210
547 2079
548 759
549 1169
550 1392
551 1385
552 168
553 12
554 1749
555 1922
556 13
557 2209
558 511
559 1713
560 115
561 1617
562 2130
563 2337
564 549
565 1290
566 1705
567 614
568 800
569 431
570 2714
571 2836
572 2007
573 1061
574 2554
575 2383
576 1360
577 1237
578 1427
579 2702
580 570
581 985
582 1917
583 2086
584 327
585 861
586 1620
587 2476
588 769
589 1797
590 244
591 1194
592 2301
593 1075
594 2058
595 308
596 363
597 1755
598 80
599 938
600 2933
601 2874
602 1947
603 176
604 171
605 256
606 1681
607 862
608 1795
609 2001
610 1558
611 686
612 1806
613 1638
614 256
615 2674
616 738
617 857
618 1779
619 1649
620 2295
621 2195
622 312
623 2898
624 1693
625 1849
626 1343
627 2636
628 658
629 763

