740 6
0 1037
1 1763
2 2125
3 1595
4 562
5 2881
6 839
7 2560
8 2069
9 2962
10 2141
11 1285
12 2543
13 2124
14 2645
15 171
16 1771
17 2068
18 1490
19 1268
20 1633
21 1084
22 1280
23 2411
24 2091
25 1310
26 1628
27 2236
28 1676
29 2783
30 578
31 2657
32 482
33 1609
34 2376
35 1373
36 971
37 2599
38 2026
39 1950
40 236
41 2722
42 1614
43 2275
44 1216
45 1994
46 2565
47 2757
48 1604
49 403
50 1016
51 2767
52 238
53 332
54 2994
55 2129
56 970
57 2899
58 197
59 2819
60 840
61 2985
62 65
63 1908
64 767
65 2440
66 2678
67 1706
68 2048
69 935
70 385
71 2432
72 412
73 539
74 802
75 873
76 2577
77 109
78 753
79 2883
80 1904
81 2228
82 1260
83 448
84 1391
85 2448
86 2906
87 714
88 2861
89 2995
90 2514
91 104
92 2630
93 832
94 350
95 573
96 906
97 2673
98 1074
99 1159
100 1862
101 996
102 2542
103 996
104 2757
105 2248
106 855
107 2494
108 1744
109 2969
110 2880
111 2873
112 49
113 997
114 996
115 962
116 1225
117 2255
118 1107
119 2567
120 1237
121 272
122 1058
123 1837
124 2994
125 1649
126 726
127 2974
128 814
129 2097
130 1654
131 273
132 1309
133 2007
134 1260
135 2374
136 2431
137 1164
138 1852
139 2528
140 1768
141 171
142 210
143 1628
144 2754
145 553
146 2683
147 2434
148 594
149 664
150 2184
151 1857
152 1366
153 2031
154 1951
155 2415
156 2177
157 1953
158 1461
159 930
160 2030
161 76
162 2168
163 1430
164 1490
165 2006
166 89
167 50
168 484
169 682
170 359
171 1217
172 1632
173 579
174 2068
175 1913
176 2951
177 1083
178 2653
179 2293
180 1673
181 2819
182 182
183 1902
184 937
185 958
186 2634
187 2893
188 1024
189 1629
190 2478
191 127
192 2181
193 533
194 1947
195 2893
196 2103
197 1573
198 2447
199 1605
200 1021
201 1733
202 1590
203 581
204 2962
205 1467
206 125
207 2689
208 2356
209 1768
210 413
211 244
212 1732
213 1717
214 153
215 1394
216 1706
217 2003
218 453
219 2486
220 2622
221 1104
222 3000
223 57
224 2790
225 977
226 171
227 1231
228 2860
229 1404
230 1631
231 1164
232 1498
233 1141
234 2300
235 599
236 1749
237 2669
238 1049
239 2123
240 2848
241 602
242 516
243 2267
244 708
245 300
246 1540
247 1499
248 87
249 2806
250 422
251 2585
252 553
253 2183
254 429
255 1804
256 1574
257 2292
258 2330
259 1789
260 2348
261 1169
262 2625
263 2463
264 1782
265 2441
266 879
267 299
268 1938
269 1413
270 1379
271 2326
272 848
273 2415
274 437
275 693
276 1071
277 534
278 1317
279 1981
280 882
281 1697
282 111
283 1114
284 2476
285 2034
286 211
287 1345
288 1117
289 2197
290 957
291 530
292 1925
293 2166
294 1430
295 1011
296 2655
297 714
298 731
299 1122
300 1377
301 1415
302 1495
303 1853
304 165
305 452
306 1797
307 2239
308 2915
309 2831
310 2481
311 2283
312 2721
313 886
314 2781
315 2672
316 719
317 966
318 2689
319 2559
320 2369
321 2382
322 2032
323 1749
324 2811
325 1506
326 1925
327 904
328 1777
329 1704
330 1410
331 1770
332 2332
333 855
334 1906
335 2002
336 66
337 2455
338 2591
339 2967
340 1704
341 1224
342 1360
343 1772
344 1789
345 274
346 198
347 374
348 197
349 743
350 212
351 489
352 59
353 955
354 2880
355 2132
356 2725
357 151
358 188
359 984
360 1797
361 92
362 552
363 1219
364 1790
365 2816
366 2276
367 1342
368 2652
369 290
370 2387
371 153
372 2908
373 690
374 2075
375 2418
376 2786
377 2161
378 2924
379 365
380 2548
381 2403
382 1785
383 1920
384 2320
385 963
386 1522
387 1654
388 2992
389 2900
390 2095
391 672
392 2499
393 2030
394 2791
395 2735
396 176
397 1974
398 790
399 859
400 2638
401 1644
402 2476
403 2049
404 1012
405 647
406 2561
407 2842
408 711
409 2067
410 2041
411 1683
412 1575
413 2051
414 2570
415 576
416 2461
417 2318
418 540
419 2060
420 1771
421 2070
422 164
423 1542
424 2125
425 2448
426 2130
427 1611
428 2567
429 1745
430 1810
431 2697
432 1307
433 1866
434 2344
435 2812
436 972
437 2947
438 1641
439 1264
440 1820
441 547
442 2961
443 633
444 772
445 1817
446 2482
447 648
448 476
449 1699
450 1049
451 299
452 399
453 2479
454 2040
455 1147
456 437
457 114
458 576
459 1818
460 2510
461 1564
462 283
463 2076
464 724
465 88
466 503
467 1309
468 2310
469 1810
470 2137
471 881
472 182
473 1532
474 1038
475 2189
476 1257
477 1644
478 2983
479 1016
480 2751
481 1575
482 1208
483 1944
484 830
485 311
486 2112
487 832
488 5
489 2843
490 459
491 542
492 214
493 624
494 2739
495 2196
496 652
497 2530
498 154
499 2202
500 1986
501 465
502 601
503 2871
504 2526
505 2946
506 1644
507 1816
508 2319
509 2863
510 540
511 509
512 560
513 2743
514 1108
515 1449
516 810
517 64
518 1658
519 1895
520 2877
521 98
522 341
523 2125
524 755
525 1134
526 2060
527 751
528 61
529 2746
530 1581
531 1668
532 1874
533 857
534 1674
535 444
536 1267
537 1642
538 140
539 2255
540 2429
541 1327
542 2482
543 2250
544 1461
545 659
546 838
547 795
548 1839
549 2140
550 1068
551 2282
552 2841
553 1827
554 2404
555 2522
556 521
557 1598
558 2936
559 658
560 876
561 2685
562 2705
563 395
564 1516
565 344
566 112
567 954
568 2830
569 2346
570 1505
571 42
572 2285
573 1677
574 1459
575 2462
576 2757
577 2283
578 1980
579 1124
580 640
581 2122
582 751
583 1369
584 1420
585 1447
586 2748
587 2322
588 779
589 2010
590 1869
591 1843
592 2336
593 2128
594 2807
595 1062
596 579
597 1604
598 717
599 336
600 2640
601 2357
602 430
603 1870
604 1449
605 1776
606 1932
607 1503
608 1261
609 50
610 2924
611 1695
612 963
613 939
614 2560
615 1689
616 1853
617 196
618 880
619 840
620 1993
621 1448
622 1665
623 1483
624 1880
625 1316
626 480
627 814
628 244
629 1244
630 1908
631 1181
632 2217
633 1730
634 57
635 1904
636 2530
637 1363
638 381
639 1580
640 1442
641 2000
642 2885
643 551
644 554
645 881
646 1258
647 2298
648 1528
649 2443
650 1405
651 354
652 2129
653 1094
654 692
655 1275
656 747
657 2784
658 1026
659 1647
660 2047
661 454
662 172
663 1180
664 2091
665 2021
666 2266
667 694
668 2748
669 2481
670 1430
671 2735
672 219
673 421
674 74
675 2884
676 1411
677 517
678 633
679 173
680 1774
681 1869
682 2364
683 2249
684 1767
685 1421
686 17
687 2254
688 2747
689 2047
690 2635
691 2417
692 12
693 493
694 1602
695 1546
696 2508
697 422
698 1067
699 884
700 683
701 936
702 2750
703 876
704 371
705 1286
706 2749
707 934
708 2395
709 2633
710 2651
711 2295
712 878
713 1262
714 1039
715 2752
716 1804
717 543
718 1426
719 2075
720 159
721 2202
722 1606
723 645
724 2082
725 535
726 2264
727 82
728 1298
729 1995
730 1683
731 1143
732 2139
733 372
734 826
735 722
736 830
737 609
738 2871
739 2017

