661 4
0 2742
1 638
2 1170
3 1687
4 584
5 2891
6 2499
7 953
8 199
9 2010
10 1203
11 2983
12 779
13 725
14 588
15 2561
16 2317
17 2488
18 2938
19 345
20 391
21 780
22 2775
23 2057
24 2821
25 2858
26 328
27 1703
28 1507
29 2048
30 2285
31 216
32 2311
33 2429
34 2328
35 2659
36 2242
37 997
38 78
39 1144
40 2299
41 2814
42 302
43 1040
44 2580
45 1796
46 644
47 2744
48 407
49 3
50 2467
51 266
52 839
53 1796
54 1039
55 1109
56 2239
57 1742
58 1801
59 1851
60 1054
61 1093
62 2562
63 2463
64 2198
65 923
66 2458
67 247
68 469
69 59
70 995
71 754
72 1632
73 1584
74 597
75 2670
76 1490
77 2880
78 658
79 2327
80 393
81 2549
82 1086
83 1431
84 2364
85 60
86 540
87 2988
88 2648
89 927
90 778
91 1227
92 690
93 961
94 1065
95 2156
96 627
97 1649
98 1278
99 1336
100 1643
101 2735
102 1993
103 2924
104 1722
105 1753
106 2408
107 225
108 1850
109 2338
110 2582
111 2590
112 183
113 1074
114 258
115 2480
116 2935
117 2541
118 1359
119 806
120 2415
121 2103
122 1740
123 2016
124 2406
125 2509
126 2153
127 1228
128 1885
129 755
130 2999
131 1358
132 733
133 2632
134 374
135 365
136 1829
137 274
138 840
139 168
140 1547
141 2876
142 603
143 1857
144 266
145 12
146 2374
147 397
148 222
149 1982
150 425
151 217
152 456
153 2175
154 1197
155 317
156 48
157 2645
158 2284
159 1513
160 1305
161 1926
162 1588
163 789
164 1058
165 535
166 2411
167 435
168 2568
169 463
170 1033
171 2165
172 2744
173 2725
174 2512
175 1341
176 1185
177 31
178 1628
179 2648
180 521
181 864
182 2422
183 2410
184 1658
185 633
186 680
187 2554
188 2439
189 948
190 332
191 784
192 2091
193 137
194 2635
195 211
196 2641
197 338
198 1559
199 1072
200 109
201 2651
202 230
203 2556
204 608
205 2925
206 2431
207 958
208 878
209 2598
210 1462
211 2266
212 2860
213 1289
214 440
215 2997
216 1013
217 2335
218 2396
219 2859
220 1680
221 1162
222 1250
223 511
224 353
225 1175
226 1102
227 203
228 1816
229 721
230 2888
231 919
232 2111
233 2944
234 2683
235 931
236 1401
237 1476
238 1108
239 2127
240 2214
241 427
242 2373
243 1126
244 84
245 2312
246 2006
247 935
248 210
249 990
250 236
251 1325
252 1780
253 1254
254 339
255 1876
256 1027
257 2665
258 2448
259 1884
260 2178
261 2945
262 902
263 2221
264 86
265 2101
266 1481
267 1308
268 1982
269 1137
270 247
271 1029
272 137
273 2368
274 1241
275 748
276 758
277 129
278 1313
279 729
280 1995
281 1667
282 1874
283 1211
284 2631
285 2124
286 1423
287 2342
288 1937
289 301
290 2358
291 234
292 7
293 2911
294 2133
295 1488
296 2637
297 1288
298 1534
299 406
300 312
301 2144
302 118
303 2273
304 692
305 547
306 1112
307 2083
308 34
309 770
310 1429
311 637
312 1595
313 2955
314 2920
315 948
316 2964
317 1319
318 1486
319 1160
320 38
321 2545
322 2497
323 457
324 1263
325 2109
326 2814
327 2690
328 2686
329 491
330 2624
331 807
332 1430
333 947
334 1495
335 2562
336 2094
337 1740
338 1118
339 2211
340 1372
341 1662
342 1349
343 720
344 998
345 782
346 1453
347 2739
348 1885
349 581
350 700
351 1776
352 2452
353 1897
354 614
355 848
356 2910
357 464
358 612
359 3000
360 1688
361 2581
362 399
363 361
364 2502
365 1807
366 1630
367 878
368 1115
369 2839
370 2819
371 694
372 1904
373 599
374 907
375 2108
376 1706
377 947
378 1695
379 1918
380 2011
381 2721
382 353
383 1787
384 317
385 1230
386 1126
387 734
388 1712
389 740
390 2671
391 1077
392 394
393 1896
394 1593
395 2095
396 169
397 2517
398 2306
399 1518
400 922
401 2949
402 1597
403 1246
404 758
405 568
406 426
407 2690
408 1457
409 2622
410 866
411 1352
412 349
413 2993
414 2966
415 242
416 1289
417 2768
418 2720
419 846
420 1378
421 2708
422 4
423 540
424 1618
425 2720
426 468
427 937
428 1068
429 240
430 782
431 1679
432 109
433 981
434 1190
435 780
436 1467
437 2820
438 2918
439 175
440 423
441 430
442 196
443 2380
444 2261
445 616
446 2996
447 1292
448 2843
449 719
450 2218
451 1384
452 1566
453 1956
454 2343
455 1159
456 1410
457 2556
458 887
459 1873
460 955
461 632
462 542
463 2501
464 1721
465 367
466 2139
467 39
468 618
469 1753
470 2613
471 2721
472 2855
473 1276
474 48
475 2826
476 2545
477 70
478 1181
479 2396
480 741
481 307
482 1440
483 2545
484 351
485 2754
486 2135
487 1844
488 2397
489 2918
490 382
491 2904
492 2470
493 2907
494 1462
495 886
496 2877
497 1695
498 2262
499 2539
500 1119
501 1054
502 387
503 2527
504 2448
505 1598
506 1656
507 1325
508 352
509 3000
510 1413
511 393
512 706
513 1454
514 1766
515 2118
516 1328
517 72
518 2026
519 659
520 1512
521 1150
522 655
523 2433
524 1139
525 1171
526 1589
527 2636
528 318
529 2559
530 117
531 2711
532 1313
533 864
534 1960
535 689
536 2078
537 480
538 2119
539 2827
540 1004
541 2497
542 2109
543 1737
544 1498
545 1325
546 2516
547 1980
548 1487
549 2182
550 1201
551 1515
552 2337
553 2247
554 2268
555 2872
556 2985
557 276
558 1179
559 2902
560 1200
561 2965
562 930
563 2632
564 2615
565 2089
566 2107
567 1364
568 1731
569 2015
570 2931
571 1180
572 988
573 57
574 222
575 866
576 1777
577 956
578 2896
579 436
580 2969
581 2325
582 404
583 1634
584 2075
585 628
586 2130
587 2365
588 2339
589 1588
590 20
591 542
592 2227
593 2597
594 2263
595 863
596 2265
597 1599
598 2014
599 1583
600 1111
601 1205
602 2675
603 189
604 1246
605 2409
606 993
607 523
608 2335
609 647
610 1189
611 1815
612 1049
613 2804
614 1945
615 2766
616 408
617 2583
618 2152
619 2720
620 2584
621 1473
622 1126
623 2629
624 2202
625 2311
626 940
627 961
628 2799
629 2228
630 2229
631 2935
632 2259
633 582
634 2019
635 2421
636 1201
637 1624
638 1813
639 1012
640 1909
641 1650
642 2307
643 2207
644 2734
645 1154
646 2079
647 1510
648 2338
649 1074
650 1258
651 1202
652 757
653 1078
654 256
655 1377
656 1666
657 2320
658 2670
659 377
660 2649

