134 69
0 1703
1 390
2 2673
3 1830
4 1143
5 298
6 2168
7 1949
8 2468
9 562
10 384
11 2689
12 2440
13 144
14 1776
15 2339
16 1060
17 1457
18 2760
19 2291
20 2205
21 1080
22 903
23 1277
24 1015
25 2206
26 589
27 2610
28 1080
29 1746
30 332
31 300
32 391
33 1807
34 1486
35 2023
36 2438
37 638
38 2927
39 460
40 1614
41 2231
42 444
43 694
44 1642
45 827
46 2632
47 2361
48 2684
49 2716
50 2650
51 2098
52 2475
53 124
54 2275
55 181
56 310
57 1796
58 2203
59 1238
60 375
61 112
62 1774
63 2996
64 2670
65 56
66 1965
67 1252
68 441
69 1928
70 2447
71 1916
72 1164
73 326
74 1784
75 2161
76 2613
77 649
78 500
79 771
80 1112
81 1655
82 2052
83 2239
84 2135
85 1821
86 2576
87 1241
88 1398
89 2352
90 2582
91 1571
92 737
93 780
94 2983
95 2054
96 1590
97 2485
98 2186
99 530
100 2844
101 1100
102 809
103 2953
104 778
105 701
106 2570
107 1430
108 647
109 1272
110 1377
111 232
112 1629
113 1539
114 2065
115 96
116 2969
117 355
118 587
119 129
120 2402
121 47
122 2050
123 1764
124 2736
125 2938
126 128
127 1205
128 2484
129 1404
130 2192
131 1756
132 1849
133 411

