882 5
0 1333
1 1279
2 363
3 2053
4 2288
5 2313
6 540
7 1861
8 42
9 1371
10 1531
11 2982
12 1835
13 1203
14 485
15 1313
16 1546
17 1877
18 2043
19 2953
20 2802
21 148
22 2990
23 1691
24 567
25 77
26 604
27 2644
28 2217
29 1330
30 1664
31 2555
32 2084
33 2216
34 720
35 2333
36 2147
37 847
38 800
39 1336
40 1953
41 2515
42 1888
43 2489
44 590
45 2331
46 75
47 1028
48 203
49 232
50 833
51 2424
52 493
53 2480
54 2099
55 1688
56 1384
57 374
58 1602
59 2546
60 1344
61 1444
62 519
63 2817
64 1478
65 2743
66 1259
67 1411
68 560
69 2674
70 21
71 20
72 1119
73 757
74 2090
75 852
76 357
77 2497
78 2696
79 1720
80 2491
81 1519
82 172
83 465
84 2656
85 1357
86 2465
87 2776
88 2345
89 2237
90 2050
91 1508
92 1940
93 769
94 2923
95 2670
96 1748
97 2352
98 2242
99 2305
100 2564
101 1338
102 2181
103 1556
104 179
105 889
106 1584
107 1023
108 2822
109 931
110 2349
111 1034
112 966
113 1497
114 304
115 2716
116 2008
117 2698
118 147
119 234
120 2701
121 2386
122 244
123 305
124 1179
125 2082
126 1654
127 2235
128 1560
129 1173
130 1788
131 1049
132 70
133 356
134 2821
135 2997
136 2956
137 1703
138 2246
139 547
140 815
141 1377
142 2397
143 2256
144 829
145 241
146 1661
147 1901
148 2111
149 1153
150 121
151 2414
152 374
153 1344
154 1719
155 88
156 2859
157 2238
158 128
159 376
160 2237
161 1025
162 2989
163 466
164 1622
165 1154
166 2496
167 334
168 198
169 2632
170 816
171 2592
172 181
173 375
174 325
175 1841
176 1195
177 1352
178 1849
179 889
180 1489
181 602
182 1350
183 240
184 1343
185 155
186 1238
187 1686
188 966
189 348
190 1151
191 2929
192 1311
193 1775
194 2778
195 651
196 1497
197 223
198 132
199 2801
200 1084
201 6
202 2358
203 1135
204 1930
205 882
206 44
207 857
208 2739
209 2998
210 2763
211 1880
212 2986
213 2551
214 247
215 324
216 1027
217 1190
218 2490
219 1236
220 647
221 992
222 325
223 2011
224 2161
225 2011
226 2941
227 1354
228 2125
229 2998
230 903
231 810
232 2019
233 1474
234 511
235 854
236 41
237 1588
238 2525
239 2030
240 1466
241 1948
242 2406
243 143
244 462
245 2340
246 1886
247 2445
248 494
249 1460
250 1082
251 1191
252 2189
253 519
254 1194
255 2740
256 1789
257 1653
258 1374
259 1934
260 1859
261 1305
262 513
263 320
264 2504
265 300
266 1214
267 1507
268 540
269 304
270 1588
271 2303
272 2579
273 762
274 528
275 433
276 2269
277 2724
278 2263
279 1692
280 548
281 486
282 2636
283 1582
284 683
285 1922
286 1949
287 1177
288 1829
289 1499
290 173
291 439
292 2779
293 1226
294 2417
295 1679
296 1256
297 2414
298 2963
299 254
300 2645
301 2153
302 2883
303 1196
304 1010
305 1873
306 2217
307 2615
308 2743
309 2094
310 270
311 1461
312 2476
313 986
314 2643
315 1989
316 1096
317 1026
318 130
319 2064
320 465
321 2515
322 2494
323 2806
324 2323
325 2169
326 2033
327 2617
328 973
329 2399
330 753
331 551
332 2999
333 1507
334 1106
335 1518
336 1545
337 240
338 301
339 1343
340 2381
341 494
342 2853
343 1120
344 1092
345 698
346 666
347 2282
348 1797
349 1026
350 2842
351 1278
352 1774
353 287
354 2019
355 2074
356 397
357 2706
358 2000
359 2421
360 386
361 680
362 969
363 1318
364 2691
365 1666
366 653
367 1226
368 1147
369 2689
370 1069
371 1970
372 1146
373 1338
374 1746
375 1954
376 1322
377 499
378 1577
379 1379
380 759
381 467
382 1608
383 870
384 423
385 2151
386 2622
387 1412
388 2435
389 1575
390 3000
391 1517
392 2622
393 1851
394 2742
395 963
396 1440
397 2724
398 1592
399 2455
400 352
401 511
402 193
403 1900
404 693
405 299
406 1966
407 890
408 2720
409 1766
410 2987
411 2671
412 2588
413 505
414 2615
415 1837
416 1834
417 820
418 277
419 131
420 137
421 2846
422 2696
423 181
424 1752
425 311
426 777
427 951
428 1096
429 402
430 2428
431 796
432 2589
433 1275
434 1858
435 2979
436 2640
437 408
438 2899
439 1259
440 225
441 2620
442 1828
443 1008
444 1484
445 2800
446 2614
447 2759
448 2607
449 1797
450 332
451 2486
452 2026
453 919
454 1079
455 1839
456 1329
457 1310
458 149
459 885
460 993
461 2724
462 346
463 816
464 417
465 2636
466 2463
467 2144
468 1023
469 1143
470 1728
471 271
472 581
473 813
474 2262
475 1909
476 2009
477 2583
478 1327
479 2481
480 1573
481 541
482 2487
483 1360
484 1116
485 44
486 1665
487 1802
488 597
489 1402
490 1684
491 1830
492 1948
493 1815
494 755
495 2235
496 1151
497 2884
498 1541
499 1086
500 311
501 2115
502 1252
503 1331
504 931
505 677
506 1817
507 836
508 2379
509 83
510 2631
511 2023
512 714
513 948
514 996
515 181
516 953
517 1298
518 1405
519 2817
520 1189
521 1268
522 2901
523 2008
524 2000
525 1307
526 1444
527 410
528 963
529 1800
530 174
531 2060
532 604
533 1870
534 1291
535 483
536 740
537 1425
538 1361
539 1603
540 1820
541 1166
542 392
543 243
544 2462
545 1737
546 1313
547 638
548 64
549 1613
550 2509
551 539
552 2416
553 1652
554 92
555 1088
556 1965
557 1675
558 2264
559 1233
560 1960
561 2408
562 291
563 772
564 1924
565 231
566 1944
567 244
568 1294
569 1635
570 1775
571 1721
572 0
573 2519
574 227
575 1746
576 1483
577 1617
578 465
579 2309
580 617
581 213
582 2381
583 1157
584 1563
585 1478
586 224
587 214
588 1667
589 481
590 1067
591 364
592 2390
593 1011
594 2454
595 1485
596 2560
597 2069
598 343
599 290
600 1752
601 1392
602 1956
603 430
604 1749
605 1258
606 1532
607 1432
608 1133
609 1866
610 1546
611 317
612 2979
613 12
614 1724
615 2373
616 472
617 153
618 2155
619 2956
620 1049
621 2069
622 287
623 1971
624 405
625 2054
626 2020
627 2537
628 1715
629 1899
630 572
631 1676
632 247
633 1961
634 2151
635 1077
636 2770
637 957
638 1364
639 775
640 1524
641 345
642 2619
643 2267
644 143
645 2728
646 2561
647 2552
648 2349
649 1085
650 974
651 2747
652 1806
653 88
654 989
655 2633
656 1550
657 2014
658 1550
659 802
660 504
661 1511
662 25
663 1212
664 149
665 2620
666 6
667 800
668 1208
669 1875
670 1552
671 2456
672 2634
673 1939
674 295
675 2132
676 1024
677 2356
678 374
679 1020
680 1590
681 2770
682 1148
683 2339
684 2154
685 1894
686 2867
687 2980
688 1192
689 2210
690 1797
691 992
692 1011
693 1905
694 1674
695 771
696 98
697 2839
698 1368
699 200
700 1659
701 987
702 704
703 668
704 1946
705 1548
706 2342
707 437
708 2885
709 2605
710 914
711 866
712 2339
713 176
714 831
715 1986
716 2445
717 491
718 1797
719 1346
720 706
721 1461
722 2708
723 2864
724 616
725 1701
726 2025
727 1302
728 1153
729 2505
730 2820
731 1116
732 1617
733 452
734 2020
735 1312
736 2310
737 916
738 2187
739 921
740 106
741 1491
742 2500
743 1760
744 616
745 34
746 410
747 1552
748 2133
749 1737
750 676
751 2904
752 1577
753 2147
754 289
755 84
756 1160
757 1461
758 628
759 2016
760 136
761 2451
762 1934
763 6
764 1209
765 2200
766 1177
767 2189
768 107
769 1573
770 150
771 2640
772 1665
773 1808
774 2244
775 2133
776 274
777 613
778 1988
779 1225
780 1095
781 55
782 2050
783 2269
784 836
785 2338
786 1173
787 697
788 681
789 994
790 1764
791 1013
792 1057
793 1890
794 1461
795 1025
796 2089
797 2212
798 1758
799 272
800 1530
801 734
802 1180
803 292
804 1475
805 261
806 1293
807 84
808 2929
809 1924
810 2030
811 22
812 2870
813 289
814 2250
815 2649
816 1470
817 283
818 2091
819 912
820 61
821 2793
822 538
823 2573
824 437
825 1653
826 68
827 1086
828 1460
829 1771
830 942
831 2909
832 936
833 1085
834 931
835 460
836 950
837 2731
838 2511
839 1187
840 2126
841 130
842 2980
843 502
844 2718
845 2237
846 748
847 1672
848 2235
849 1632
850 2102
851 2840
852 365
853 812
854 2089
855 253
856 1418
857 836
858 429
859 1388
860 2826
861 2530
862 526
863 997
864 2996
865 902
866 2164
867 2109
868 2162
869 1677
870 371
871 2459
872 1033
873 2039
874 477
875 643
876 2974
877 1831
878 2555
879 1341
880 2677
881 1601

