515 9
0 1058
1 625
2 917
3 1764
4 1750
5 2839
6 1232
7 2563
8 457
9 2559
10 428
11 1301
12 983
13 1986
14 225
15 2514
16 1608
17 70
18 2574
19 1264
20 1135
21 250
22 1152
23 2994
24 2516
25 2815
26 1692
27 2938
28 632
29 978
30 2351
31 2893
32 1009
33 611
34 1410
35 2919
36 2774
37 1624
38 584
39 2452
40 1604
41 2991
42 541
43 2072
44 1142
45 1228
46 339
47 2223
48 949
49 2656
50 557
51 2046
52 629
53 562
54 130
55 355
56 508
57 2049
58 1833
59 83
60 2558
61 2043
62 1022
63 2541
64 56
65 1070
66 2907
67 276
68 2163
69 2191
70 2007
71 1793
72 2413
73 1020
74 805
75 1210
76 696
77 449
78 2907
79 856
80 2286
81 504
82 403
83 1385
84 2485
85 576
86 1822
87 2097
88 2229
89 975
90 2717
91 1579
92 1539
93 397
94 391
95 217
96 332
97 728
98 377
99 2701
100 1855
101 1952
102 372
103 2078
104 1926
105 2873
106 369
107 281
108 2794
109 2082
110 1522
111 2184
112 1681
113 1369
114 2847
115 157
116 2581
117 2306
118 1447
119 810
120 1456
121 2551
122 138
123 643
124 2610
125 1480
126 996
127 697
128 2275
129 525
130 1167
131 2780
132 649
133 1760
134 2595
135 329
136 1738
137 1580
138 2682
139 1588
140 1676
141 2518
142 43
143 598
144 2008
145 1059
146 2618
147 638
148 264
149 814
150 406
151 2440
152 687
153 1271
154 1058
155 1099
156 1852
157 476
158 1958
159 1451
160 1413
161 1817
162 730
163 1041
164 1640
165 1886
166 2602
167 1601
168 981
169 35
170 1377
171 292
172 768
173 292
174 1043
175 944
176 2097
177 1420
178 1468
179 1718
180 1869
181 1461
182 2841
183 208
184 1376
185 1515
186 479
187 1301
188 420
189 984
190 110
191 1752
192 1628
193 66
194 2783
195 621
196 2377
197 998
198 2844
199 314
200 2953
201 2646
202 1381
203 2590
204 2412
205 1038
206 2303
207 1395
208 997
209 2257
210 1278
211 598
212 2981
213 2908
214 1725
215 2387
216 1386
217 333
218 584
219 2661
220 740
221 318
222 2525
223 2672
224 1496
225 1860
226 2239
227 2500
228 1
229 767
230 111
231 1572
232 1809
233 1950
234 116
235 2559
236 94
237 1318
238 354
239 1305
240 371
241 2450
242 639
243 869
244 2730
245 2209
246 404
247 1453
248 2361
249 2084
250 707
251 1037
252 2421
253 1710
254 2341
255 2121
256 969
257 2961
258 836
259 2847
260 180
261 1046
262 2969
263 57
264 910
265 2357
266 1161
267 1696
268 907
269 669
270 1270
271 1001
272 1973
273 2613
274 327
275 2049
276 108
277 1590
278 853
279 1000
280 2859
281 2527
282 1886
283 615
284 1787
285 734
286 2678
287 1011
288 1925
289 1748
290 66
291 1776
292 2483
293 2851
294 981
295 2348
296 2778
297 1167
298 723
299 1466
300 371
301 2935
302 2966
303 2504
304 2824
305 359
306 1271
307 578
308 225
309 384
310 432
311 1463
312 1329
313 681
314 1878
315 2722
316 286
317 2635
318 974
319 1538
320 2800
321 2533
322 1603
323 392
324 1810
325 480
326 1786
327 1426
328 243
329 2661
330 2202
331 898
332 1870
333 2909
334 1659
335 1331
336 1252
337 168
338 2309
339 2969
340 750
341 2206
342 1159
343 288
344 1480
345 2058
346 1156
347 285
348 2979
349 1778
350 1133
351 152
352 184
353 225
354 650
355 250
356 2277
357 585
358 545
359 2422
360 1897
361 2572
362 438
363 2674
364 2951
365 1070
366 1070
367 1344
368 1085
369 1219
370 2617
371 563
372 1825
373 2614
374 2588
375 2193
376 1190
377 2220
378 2624
379 1759
380 794
381 2019
382 2960
383 2060
384 849
385 1592
386 1750
387 2382
388 516
389 623
390 447
391 1834
392 2695
393 1368
394 2396
395 1178
396 1291
397 973
398 1973
399 854
400 827
401 1801
402 1402
403 169
404 1992
405 2328
406 843
407 663
408 2417
409 396
410 1653
411 58
412 2886
413 2365
414 2327
415 1412
416 2708
417 522
418 67
419 590
420 1990
421 1225
422 2606
423 2310
424 2696
425 1566
426 188
427 2553
428 560
429 2839
430 337
431 2879
432 1275
433 2732
434 2699
435 2216
436 1867
437 1113
438 730
439 1015
440 2902
441 2259
442 443
443 2692
444 2645
445 346
446 11
447 669
448 2183
449 1457
450 1096
451 2010
452 1189
453 1488
454 1535
455 2544
456 2270
457 337
458 2776
459 2540
460 553
461 243
462 434
463 1723
464 1459
465 1539
466 2675
467 942
468 1945
469 1724
470 481
471 1708
472 2489
473 140
474 2869
475 1130
476 486
477 1873
478 2123
479 2416
480 332
481 2876
482 1582
483 1219
484 2322
485 1294
486 129
487 324
488 701
489 1139
490 2197
491 273
492 1920
493 1444
494 2974
495 973
496 928
497 1482
498 2199
499 1813
500 2347
501 2593
502 1227
503 2588
504 2985
505 1819
506 881
507 879
508 1886
509 408
510 2194
511 2603
512 2285
513 2273
514 1949

