333 91
0 232
1 744
2 1778
3 1586
4 848
5 1883
6 1581
7 50
8 987
9 953
10 1525
11 992
12 935
13 1463
14 2122
15 610
16 421
17 2023
18 170
19 2454
20 2639
21 1086
22 2286
23 251
24 2039
25 933
26 2372
27 65
28 1609
29 1530
30 766
31 2420
32 1714
33 336
34 671
35 1180
36 2910
37 524
38 930
39 1717
40 1556
41 1812
42 1770
43 492
44 290
45 1858
46 911
47 1553
48 735
49 502
50 2816
51 1080
52 2679
53 967
54 243
55 628
56 1794
57 2527
58 1668
59 2298
60 1485
61 1975
62 221
63 2421
64 2054
65 1068
66 664
67 259
68 1416
69 569
70 2603
71 1370
72 1570
73 1650
74 2080
75 525
76 123
77 2513
78 1392
79 467
80 595
81 1429
82 1216
83 2246
84 1862
85 838
86 2717
87 1754
88 591
89 2633
90 1815
91 1068
92 2305
93 580
94 2149
95 223
96 2074
97 2163
98 1555
99 690
100 2843
101 1900
102 2696
103 1645
104 2796
105 1192
106 2662
107 2532
108 417
109 2036
110 471
111 2793
112 2111
113 152
114 760
115 610
116 2077
117 1120
118 1948
119 692
120 167
121 1962
122 94
123 2696
124 2927
125 2202
126 1957
127 481
128 2532
129 1421
130 686
131 2082
132 1098
133 2390
134 2097
135 387
136 2287
137 1208
138 1817
139 2130
140 1152
141 2819
142 125
143 1844
144 1535
145 2674
146 2560
147 513
148 339
149 1658
150 1207
151 985
152 2593
153 2631
154 783
155 832
156 2353
157 1055
158 1855
159 2301
160 2549
161 811
162 2061
163 750
164 289
165 1249
166 1645
167 1252
168 1750
169 291
170 217
171 807
172 2278
173 2633
174 2700
175 1530
176 26
177 1685
178 882
179 2996
180 261
181 1964
182 2289
183 1772
184 2135
185 2049
186 862
187 2114
188 370
189 1865
190 2594
191 305
192 2885
193 1024
194 529
195 1738
196 935
197 1117
198 711
199 2334
200 2031
201 2651
202 1504
203 2165
204 2718
205 594
206 2568
207 695
208 1051
209 320
210 772
211 2900
212 1334
213 1563
214 1574
215 2101
216 1746
217 1235
218 499
219 346
220 190
221 1561
222 1925
223 18
224 1729
225 152
226 712
227 2854
228 1089
229 1888
230 616
231 2853
232 636
233 989
234 2354
235 2756
236 2799
237 2536
238 1824
239 2967
240 1891
241 2459
242 2124
243 2113
244 257
245 1556
246 2662
247 2756
248 1980
249 2144
250 1451
251 712
252 2129
253 1257
254 2076
255 1861
256 998
257 825
258 1198
259 2262
260 796
261 1702
262 1903
263 2986
264 808
265 1724
266 609
267 2407
268 1780
269 124
270 88
271 1372
272 2147
273 515
274 1269
275 1149
276 2997
277 976
278 2328
279 1602
280 1210
281 2159
282 2647
283 1485
284 1314
285 11
286 1491
287 342
288 2338
289 918
290 2115
291 490
292 416
293 1158
294 1730
295 1213
296 1663
297 197
298 1055
299 1641
300 450
301 57
302 2309
303 1202
304 440
305 610
306 2237
307 1012
308 1984
309 527
310 1529
311 1949
312 2298
313 1565
314 2415
315 2857
316 1707
317 1810
318 2248
319 1362
320 454
321 2539
322 782
323 1948
324 2069
325 155
326 1579
327 184
328 1957
329 71
330 2525
331 2410
332 388

