416 53
0 2242
1 2620
2 1169
3 2635
4 617
5 2073
6 2379
7 2380
8 2900
9 1801
10 1686
11 862
12 764
13 907
14 2228
15 827
16 1078
17 2487
18 75
19 2701
20 2857
21 1169
22 898
23 1923
24 590
25 640
26 1039
27 2267
28 1390
29 588
30 2160
31 2782
32 1551
33 1867
34 1951
35 680
36 172
37 2396
38 2333
39 153
40 378
41 2275
42 1282
43 2589
44 2625
45 133
46 1204
47 117
48 2632
49 2825
50 1135
51 140
52 2367
53 427
54 1463
55 787
56 2268
57 828
58 288
59 2881
60 2070
61 201
62 74
63 1091
64 2230
65 2870
66 100
67 2690
68 1238
69 2930
70 1359
71 158
72 2159
73 2039
74 2718
75 1599
76 974
77 2551
78 2301
79 2577
80 2398
81 2442
82 1076
83 300
84 928
85 1855
86 1488
87 1153
88 1348
89 1542
90 948
91 2407
92 2888
93 746
94 1733
95 2920
96 1300
97 2249
98 1811
99 2376
100 2305
101 115
102 344
103 2511
104 2219
105 2157
106 1819
107 1515
108 825
109 260
110 2326
111 1242
112 2992
113 1239
114 2805
115 231
116 2440
117 2320
118 2112
119 2249
120 1859
121 2106
122 1386
123 408
124 138
125 217
126 2386
127 2989
128 173
129 157
130 524
131 188
132 1430
133 2054
134 2641
135 709
136 1971
137 1775
138 1067
139 414
140 2603
141 1209
142 2397
143 2901
144 2343
145 693
146 798
147 1265
148 1767
149 2919
150 2763
151 842
152 645
153 708
154 2329
155 402
156 1354
157 2009
158 2164
159 2127
160 1771
161 1021
162 1158
163 1049
164 2655
165 89
166 2288
167 1890
168 2655
169 446
170 2788
171 2269
172 1339
173 192
174 1256
175 249
176 2031
177 40
178 2254
179 1438
180 2664
181 986
182 689
183 1830
184 22
185 1036
186 727
187 1784
188 2830
189 2276
190 668
191 2299
192 2066
193 2790
194 1945
195 775
196 1057
197 1550
198 2718
199 1047
200 1826
201 1940
202 1845
203 2840
204 592
205 1774
206 1194
207 84
208 2816
209 1419
210 2196
211 2976
212 593
213 1924
214 476
215 2279
216 2762
217 1260
218 665
219 367
220 2250
221 2186
222 1689
223 826
224 2101
225 758
226 541
227 2853
228 2781
229 1366
230 1552
231 2051
232 1279
233 786
234 974
235 239
236 1548
237 577
238 1197
239 2146
240 839
241 665
242 582
243 1676
244 2944
245 2736
246 785
247 1748
248 1970
249 2291
250 246
251 484
252 1453
253 872
254 821
255 1157
256 1931
257 2314
258 1743
259 1075
260 157
261 1593
262 2732
263 2423
264 670
265 234
266 84
267 2483
268 4
269 270
270 2008
271 1933
272 1886
273 516
274 802
275 1134
276 2372
277 670
278 2298
279 979
280 1851
281 375
282 2891
283 610
284 1187
285 1812
286 2652
287 153
288 464
289 1837
290 588
291 1732
292 1011
293 2441
294 15
295 634
296 2528
297 1184
298 2122
299 2433
300 1300
301 345
302 148
303 304
304 333
305 566
306 2187
307 419
308 1771
309 633
310 2124
311 1114
312 660
313 2499
314 2450
315 1482
316 1278
317 498
318 1459
319 1487
320 1815
321 1958
322 1497
323 2064
324 1013
325 1309
326 2734
327 2669
328 1928
329 1205
330 1002
331 1238
332 432
333 881
334 2772
335 2882
336 409
337 1904
338 500
339 1563
340 1097
341 2733
342 665
343 2996
344 761
345 2655
346 2149
347 1871
348 1933
349 2002
350 380
351 1420
352 267
353 2737
354 2236
355 2488
356 1474
357 2943
358 1396
359 439
360 2538
361 2958
362 1167
363 1723
364 1624
365 519
366 1980
367 12
368 2037
369 24
370 1932
371 2288
372 2895
373 102
374 881
375 1494
376 881
377 241
378 2953
379 319
380 735
381 2710
382 1791
383 1379
384 2099
385 2433
386 1738
387 1091
388 2479
389 2554
390 2198
391 2611
392 2542
393 101
394 515
395 796
396 1712
397 583
398 2502
399 2417
400 1330
401 736
402 2457
403 1997
404 772
405 711
406 2277
407 1434
408 2311
409 8
410 1033
411 2332
412 1218
413 711
414 19
415 2631

