272 94
0 881
1 2174
2 1148
3 1349
4 187
5 121
6 2528
7 763
8 2242
9 2640
10 863
11 252
12 554
13 1535
14 602
15 1473
16 1006
17 2835
18 1285
19 2742
20 1875
21 315
22 2692
23 1760
24 422
25 548
26 1040
27 2306
28 2550
29 2614
30 190
31 2230
32 707
33 1596
34 2865
35 2119
36 1856
37 2811
38 2507
39 1875
40 2997
41 1055
42 917
43 2130
44 1384
45 225
46 2982
47 745
48 2106
49 809
50 1774
51 311
52 2372
53 1848
54 1022
55 2831
56 2418
57 1729
58 121
59 1616
60 1694
61 1818
62 2459
63 1392
64 2412
65 271
66 2045
67 1555
68 2251
69 2303
70 1698
71 1095
72 2654
73 2905
74 1109
75 226
76 298
77 479
78 688
79 1079
80 2187
81 315
82 1449
83 344
84 1098
85 2169
86 555
87 2574
88 465
89 2952
90 398
91 2487
92 437
93 1429
94 1999
95 2912
96 1111
97 341
98 51
99 408
100 1740
101 419
102 1432
103 400
104 1636
105 822
106 915
107 2309
108 43
109 2693
110 1270
111 135
112 2193
113 2133
114 2446
115 1209
116 80
117 873
118 1066
119 1676
120 2864
121 2045
122 611
123 2163
124 2804
125 1312
126 427
127 2206
128 2761
129 2644
130 914
131 685
132 391
133 878
134 2138
135 1355
136 2519
137 496
138 1100
139 44
140 1446
141 1123
142 2446
143 1355
144 2323
145 1094
146 564
147 1633
148 1704
149 1643
150 2846
151 1415
152 43
153 2005
154 1609
155 1118
156 2866
157 2617
158 1303
159 2445
160 2243
161 1029
162 1251
163 1078
164 2231
165 923
166 474
167 2772
168 2951
169 685
170 2092
171 2791
172 274
173 2247
174 2270
175 534
176 2395
177 21
178 1551
179 9
180 1545
181 1945
182 2482
183 2667
184 536
185 402
186 2523
187 1637
188 2948
189 980
190 372
191 167
192 1276
193 2721
194 1363
195 1958
196 2209
197 2261
198 1330
199 797
200 2364
201 1782
202 2762
203 859
204 949
205 450
206 2979
207 984
208 999
209 2853
210 1043
211 2559
212 542
213 1828
214 2590
215 2005
216 203
217 1054
218 2887
219 1940
220 1772
221 1160
222 2353
223 559
224 1678
225 2969
226 2827
227 2608
228 2190
229 935
230 205
231 1413
232 653
233 2478
234 2007
235 1949
236 2044
237 1504
238 2645
239 1856
240 454
241 1756
242 1426
243 2116
244 1380
245 2219
246 2256
247 334
248 1473
249 1474
250 2972
251 2237
252 2756
253 2319
254 1851
255 2914
256 1050
257 885
258 2151
259 836
260 548
261 2578
262 2307
263 812
264 369
265 2706
266 2285
267 1717
268 2957
269 1549
270 1690
271 2799

