539 73
0 990
1 2920
2 2124
3 329
4 2808
5 2418
6 1940
7 1273
8 1603
9 1222
10 1962
11 2722
12 2486
13 2753
14 300
15 499
16 838
17 393
18 392
19 1002
20 2000
21 779
22 1569
23 88
24 631
25 1853
26 1986
27 2579
28 748
29 2032
30 1693
31 177
32 706
33 1290
34 882
35 437
36 1663
37 915
38 1418
39 856
40 1457
41 2072
42 650
43 359
44 1245
45 2389
46 559
47 2156
48 389
49 2731
50 1353
51 2914
52 2080
53 2336
54 874
55 2539
56 2663
57 163
58 865
59 2977
60 2819
61 2301
62 1410
63 779
64 2547
65 845
66 1737
67 2026
68 532
69 2890
70 1398
71 1802
72 2607
73 1097
74 1604
75 299
76 1950
77 1744
78 140
79 1818
80 2324
81 2790
82 1399
83 2792
84 2234
85 878
86 262
87 75
88 1327
89 2232
90 2835
91 2043
92 901
93 2316
94 2590
95 1621
96 1771
97 489
98 765
99 1490
100 2123
101 2683
102 989
103 882
104 173
105 2804
106 2540
107 1347
108 18
109 2718
110 2332
111 2420
112 2203
113 1334
114 1164
115 1879
116 2014
117 2392
118 2800
119 1240
120 1492
121 2945
122 260
123 1943
124 1873
125 173
126 637
127 2640
128 2611
129 1505
130 2784
131 507
132 1668
133 2022
134 292
135 1562
136 2897
137 733
138 1359
139 333
140 2210
141 1827
142 1976
143 1752
144 1958
145 2950
146 2696
147 499
148 2071
149 2894
150 1874
151 352
152 2100
153 2813
154 1319
155 1995
156 234
157 185
158 1080
159 2300
160 49
161 2551
162 491
163 1016
164 2096
165 1003
166 168
167 2501
168 410
169 2282
170 2063
171 2313
172 1793
173 684
174 1678
175 1819
176 607
177 224
178 288
179 2036
180 2479
181 500
182 862
183 2389
184 2858
185 938
186 2047
187 218
188 586
189 2144
190 1927
191 626
192 1364
193 2510
194 2909
195 948
196 2368
197 2381
198 1169
199 898
200 2439
201 812
202 726
203 1768
204 1943
205 2385
206 1998
207 1861
208 2227
209 549
210 2018
211 2598
212 2115
213 1556
214 2347
215 1045
216 909
217 2825
218 1677
219 2438
220 1120
221 771
222 1190
223 1877
224 1316
225 2181
226 320
227 1293
228 1593
229 1527
230 2499
231 1470
232 995
233 2627
234 2876
235 2944
236 2953
237 2657
238 2058
239 79
240 2945
241 2807
242 1719
243 876
244 2735
245 2982
246 1635
247 2310
248 2326
249 1579
250 1166
251 1120
252 1254
253 371
254 2634
255 949
256 1669
257 1952
258 2484
259 200
260 1957
261 2844
262 2192
263 2425
264 1287
265 2243
266 935
267 1981
268 1395
269 1453
270 512
271 1776
272 377
273 1964
274 2327
275 257
276 2022
277 862
278 2658
279 2145
280 773
281 907
282 1474
283 702
284 1817
285 1074
286 2148
287 2106
288 2330
289 1586
290 1026
291 2685
292 2270
293 898
294 1194
295 930
296 1818
297 2617
298 879
299 995
300 733
301 710
302 1528
303 121
304 2505
305 800
306 206
307 1066
308 2003
309 1126
310 1800
311 566
312 661
313 2699
314 2437
315 2202
316 2479
317 880
318 1415
319 342
320 1932
321 2966
322 2553
323 2885
324 1944
325 2747
326 2922
327 1358
328 2057
329 186
330 2952
331 2920
332 1362
333 2529
334 1957
335 2808
336 690
337 49
338 2174
339 2958
340 2545
341 749
342 2059
343 2361
344 1593
345 1437
346 2413
347 94
348 2442
349 1936
350 1711
351 2439
352 2162
353 699
354 2970
355 1344
356 1028
357 1198
358 1655
359 2864
360 552
361 2141
362 1869
363 625
364 1581
365 2297
366 239
367 2503
368 2219
369 1806
370 616
371 10
372 1007
373 885
374 907
375 717
376 2966
377 2104
378 630
379 834
380 363
381 1247
382 1368
383 2700
384 129
385 2952
386 882
387 278
388 1660
389 2194
390 2834
391 980
392 452
393 767
394 2877
395 2280
396 2187
397 1851
398 1209
399 992
400 2126
401 83
402 274
403 2110
404 2142
405 2869
406 2772
407 2155
408 643
409 641
410 1218
411 771
412 2643
413 5
414 2313
415 2049
416 1079
417 1324
418 471
419 1630
420 1487
421 1227
422 458
423 524
424 2708
425 48
426 200
427 475
428 1734
429 1945
430 1341
431 1846
432 420
433 982
434 2783
435 604
436 1031
437 2318
438 491
439 1966
440 1806
441 1020
442 1199
443 80
444 563
445 2289
446 1071
447 1603
448 2766
449 2527
450 1833
451 1026
452 468
453 1374
454 1361
455 1774
456 1382
457 929
458 2174
459 796
460 1180
461 176
462 1739
463 641
464 1068
465 801
466 1040
467 1030
468 1686
469 1650
470 2956
471 1183
472 2952
473 2890
474 2617
475 1926
476 1170
477 659
478 679
479 1778
480 1046
481 2859
482 1699
483 2013
484 1470
485 912
486 343
487 2069
488 2140
489 2076
490 1338
491 92
492 2695
493 911
494 2204
495 1150
496 2721
497 2016
498 1918
499 688
500 1406
501 642
502 2140
503 1553
504 1094
505 1183
506 774
507 1043
508 1567
509 1885
510 134
511 268
512 1945
513 1041
514 2873
515 2829
516 1340
517 1905
518 2898
519 1628
520 2454
521 2718
522 743
523 1472
524 340
525 1630
526 1419
527 669
528 2766
529 1884
530 737
531 2644
532 1084
533 1939
534 2459
535 2211
536 2779
537 1630
538 336

