160 59
0 2666
1 852
2 2024
3 1918
4 483
5 619
6 360
7 680
8 2856
9 1518
10 976
11 2171
12 1990
13 2147
14 552
15 1412
16 482
17 1850
18 2585
19 2275
20 2336
21 1197
22 1368
23 491
24 2138
25 273
26 1637
27 1096
28 2553
29 530
30 2
31 1355
32 1255
33 1063
34 527
35 2975
36 178
37 1937
38 1197
39 1031
40 2922
41 1330
42 1807
43 2966
44 1371
45 1512
46 244
47 1712
48 2557
49 2304
50 193
51 2096
52 1940
53 2261
54 2895
55 1245
56 2940
57 1450
58 1344
59 886
60 1835
61 1687
62 298
63 1025
64 2214
65 1909
66 2341
67 224
68 688
69 522
70 2706
71 2647
72 2007
73 1906
74 384
75 997
76 2147
77 1304
78 1090
79 2658
80 112
81 2280
82 159
83 45
84 1651
85 513
86 190
87 725
88 1196
89 1006
90 1841
91 973
92 1351
93 467
94 2049
95 2790
96 1326
97 883
98 2388
99 816
100 2039
101 2808
102 2345
103 930
104 1626
105 1319
106 838
107 2290
108 2097
109 1269
110 1702
111 861
112 573
113 848
114 1765
115 31
116 1476
117 96
118 28
119 593
120 1185
121 2675
122 2388
123 555
124 2560
125 436
126 1651
127 789
128 850
129 1685
130 2844
131 152
132 1120
133 1622
134 1035
135 2414
136 285
137 2178
138 463
139 1056
140 2574
141 2391
142 2957
143 1141
144 2507
145 2937
146 2416
147 251
148 2569
149 873
150 2472
151 1256
152 1918
153 1548
154 371
155 51
156 1200
157 2395
158 380
159 2771

