824 75
0 2951
1 1753
2 2878
3 1515
4 730
5 1402
6 2787
7 966
8 983
9 512
10 2842
11 2610
12 1915
13 1589
14 108
15 1973
16 915
17 752
18 2154
19 241
20 2691
21 1826
22 361
23 163
24 2280
25 2129
26 1316
27 2734
28 2650
29 1332
30 857
31 1703
32 835
33 808
34 1815
35 2303
36 1090
37 1544
38 868
39 396
40 382
41 2561
42 2404
43 2747
44 2811
45 296
46 2768
47 1581
48 1685
49 1839
50 1939
51 1357
52 50
53 1269
54 872
55 1208
56 2008
57 1411
58 222
59 1375
60 372
61 374
62 1394
63 1899
64 669
65 2681
66 500
67 378
68 1397
69 2266
70 2987
71 356
72 1197
73 2629
74 2228
75 2698
76 1026
77 807
78 78
79 263
80 1204
81 2898
82 1888
83 1530
84 1680
85 2072
86 469
87 2797
88 2685
89 56
90 2790
91 2814
92 426
93 286
94 2821
95 1002
96 2229
97 1684
98 616
99 2413
100 2595
101 2741
102 827
103 2417
104 1419
105 1729
106 1383
107 2089
108 1210
109 2708
110 970
111 2929
112 1005
113 2370
114 1836
115 1770
116 1413
117 683
118 132
119 2025
120 116
121 878
122 432
123 2680
124 2420
125 1308
126 1059
127 382
128 2080
129 68
130 2971
131 1277
132 846
133 2473
134 685
135 2198
136 1497
137 767
138 767
139 915
140 1576
141 2019
142 200
143 486
144 984
145 755
146 2092
147 2037
148 2356
149 2893
150 2668
151 1904
152 1954
153 2877
154 2102
155 1733
156 1028
157 1061
158 2888
159 621
160 2672
161 1779
162 1414
163 2867
164 101
165 541
166 326
167 525
168 1531
169 2501
170 872
171 855
172 809
173 854
174 1733
175 865
176 1280
177 856
178 1692
179 2831
180 263
181 2422
182 2128
183 2611
184 1687
185 169
186 2331
187 403
188 2583
189 2011
190 2241
191 859
192 2691
193 1773
194 1370
195 2284
196 2648
197 2004
198 1369
199 1322
200 1930
201 2130
202 2429
203 1858
204 2545
205 1333
206 2676
207 1937
208 2465
209 1952
210 636
211 1584
212 292
213 1236
214 2713
215 1247
216 535
217 2449
218 2300
219 1631
220 327
221 2289
222 2429
223 1420
224 1128
225 2413
226 1483
227 244
228 2569
229 1931
230 1449
231 2010
232 2635
233 1458
234 1890
235 2880
236 832
237 1058
238 806
239 1527
240 2439
241 2330
242 384
243 944
244 1534
245 1051
246 1421
247 1913
248 991
249 2767
250 2735
251 1700
252 1217
253 511
254 2706
255 1864
256 1293
257 2841
258 1148
259 1013
260 991
261 1125
262 11
263 2259
264 2104
265 1956
266 2688
267 194
268 1896
269 17
270 2842
271 2493
272 1637
273 1653
274 465
275 2490
276 2543
277 2447
278 1881
279 1497
280 1432
281 1367
282 2764
283 2357
284 2564
285 761
286 789
287 2675
288 284
289 2138
290 823
291 1052
292 2319
293 1011
294 2659
295 1300
296 42
297 2866
298 185
299 1719
300 421
301 10
302 48
303 832
304 998
305 1054
306 1518
307 322
308 2395
309 422
310 1940
311 2805
312 437
313 1758
314 2390
315 2853
316 2476
317 2414
318 2299
319 2834
320 1129
321 102
322 705
323 644
324 2350
325 2444
326 670
327 739
328 1466
329 298
330 834
331 441
332 2930
333 2349
334 2928
335 972
336 553
337 1230
338 526
339 2231
340 2390
341 2993
342 1329
343 2914
344 1211
345 13
346 1919
347 453
348 446
349 2688
350 1808
351 12
352 2125
353 200
354 2132
355 1460
356 2343
357 2789
358 207
359 2483
360 2443
361 2110
362 2984
363 349
364 1589
365 56
366 1915
367 643
368 1824
369 2556
370 2708
371 2862
372 1095
373 2381
374 1716
375 1607
376 930
377 2637
378 142
379 2114
380 2928
381 995
382 2139
383 2730
384 985
385 157
386 114
387 1823
388 1725
389 1983
390 643
391 30
392 1492
393 936
394 2100
395 2488
396 2029
397 2324
398 2756
399 1964
400 1753
401 1450
402 900
403 2179
404 200
405 1354
406 1279
407 431
408 698
409 1979
410 2305
411 1014
412 1247
413 2632
414 983
415 1726
416 321
417 1143
418 401
419 2682
420 409
421 1872
422 192
423 2231
424 426
425 624
426 979
427 480
428 2294
429 980
430 2541
431 669
432 2336
433 1261
434 12
435 696
436 988
437 473
438 84
439 2392
440 1717
441 853
442 1050
443 1638
444 397
445 913
446 2469
447 2728
448 2412
449 1581
450 944
451 1658
452 826
453 852
454 399
455 1850
456 2812
457 2328
458 524
459 1508
460 1460
461 792
462 685
463 2966
464 1218
465 698
466 816
467 915
468 2297
469 495
470 1667
471 1587
472 91
473 2649
474 916
475 1568
476 2029
477 2382
478 1420
479 2149
480 1638
481 402
482 1290
483 1569
484 2497
485 150
486 2982
487 519
488 2777
489 2139
490 381
491 1906
492 58
493 543
494 1751
495 2150
496 281
497 2352
498 149
499 1253
500 984
501 2227
502 2810
503 1819
504 1883
505 1709
506 568
507 805
508 854
509 2359
510 784
511 2986
512 1659
513 91
514 2968
515 2822
516 1853
517 1807
518 1624
519 1792
520 1791
521 2960
522 2345
523 553
524 142
525 1810
526 530
527 2180
528 1383
529 326
530 2404
531 863
532 772
533 1790
534 2908
535 2355
536 1357
537 2265
538 1304
539 493
540 1864
541 2292
542 1790
543 2334
544 1250
545 947
546 1141
547 2390
548 2018
549 1968
550 2771
551 1286
552 3
553 2355
554 182
555 985
556 1331
557 2730
558 2396
559 1016
560 1851
561 2393
562 484
563 1564
564 948
565 1413
566 1753
567 1859
568 859
569 1071
570 1381
571 2964
572 2144
573 583
574 1336
575 833
576 463
577 2433
578 1384
579 1341
580 1794
581 2906
582 762
583 2381
584 57
585 1088
586 2961
587 2065
588 2211
589 2022
590 468
591 2725
592 2165
593 814
594 2682
595 244
596 329
597 1152
598 406
599 2443
600 209
601 833
602 2932
603 1292
604 1479
605 2566
606 873
607 2885
608 2194
609 889
610 1538
611 1667
612 2813
613 1501
614 1194
615 2903
616 769
617 2670
618 2335
619 2325
620 1541
621 2632
622 86
623 2297
624 569
625 1476
626 1153
627 2308
628 133
629 377
630 2526
631 2193
632 1390
633 1364
634 489
635 56
636 353
637 236
638 1676
639 1513
640 100
641 2841
642 612
643 642
644 2320
645 896
646 1865
647 1804
648 922
649 1107
650 210
651 2716
652 1876
653 1094
654 2981
655 2656
656 1120
657 1992
658 1894
659 1
660 1503
661 76
662 613
663 2526
664 1734
665 1424
666 466
667 601
668 2050
669 2068
670 669
671 2343
672 2138
673 2619
674 2640
675 534
676 2292
677 312
678 377
679 473
680 1711
681 2982
682 547
683 962
684 2699
685 1769
686 355
687 2890
688 82
689 1738
690 2440
691 1801
692 1497
693 816
694 2387
695 181
696 2777
697 862
698 1086
699 2653
700 956
701 704
702 2343
703 1264
704 2514
705 1965
706 1545
707 1492
708 2002
709 2522
710 1093
711 212
712 2227
713 2948
714 1376
715 2608
716 1521
717 2839
718 935
719 824
720 2296
721 988
722 2197
723 410
724 61
725 1033
726 1981
727 1275
728 2987
729 2329
730 1007
731 72
732 1303
733 2417
734 2987
735 2255
736 71
737 1360
738 143
739 1850
740 2917
741 2270
742 469
743 1731
744 1444
745 2177
746 82
747 964
748 692
749 2491
750 2352
751 1818
752 35
753 1522
754 1986
755 2389
756 687
757 2055
758 1805
759 928
760 552
761 2084
762 960
763 1075
764 1724
765 2110
766 949
767 57
768 1356
769 1921
770 82
771 1093
772 2995
773 2452
774 1623
775 2399
776 1855
777 45
778 2249
779 2936
780 682
781 1925
782 2245
783 633
784 1562
785 1362
786 918
787 2350
788 2384
789 385
790 2236
791 2253
792 773
793 164
794 1254
795 1651
796 1426
797 113
798 2990
799 2019
800 729
801 450
802 2098
803 2674
804 1504
805 2679
806 932
807 1133
808 2514
809 1141
810 2669
811 1027
812 1286
813 1075
814 1197
815 1101
816 1989
817 2627
818 1245
819 946
820 2526
821 2943
822 976
823 1473

