188 77
0 2259
1 2854
2 1869
3 1341
4 2059
5 1203
6 1163
7 220
8 1891
9 1891
10 955
11 2391
12 837
13 578
14 1442
15 76
16 883
17 2816
18 642
19 610
20 994
21 850
22 62
23 2143
24 1026
25 1623
26 984
27 1215
28 1494
29 565
30 748
31 90
32 168
33 1709
34 133
35 802
36 1092
37 1451
38 1832
39 1505
40 2111
41 1991
42 1766
43 1746
44 2082
45 2125
46 2388
47 574
48 510
49 242
50 55
51 2868
52 1535
53 924
54 2174
55 867
56 515
57 2232
58 881
59 2357
60 2663
61 1016
62 1697
63 107
64 706
65 1907
66 233
67 2228
68 1390
69 488
70 1364
71 1115
72 559
73 786
74 1786
75 647
76 1825
77 1830
78 2337
79 1092
80 1371
81 2354
82 1957
83 283
84 1161
85 144
86 225
87 53
88 1354
89 2081
90 2346
91 1925
92 2074
93 2861
94 1703
95 2253
96 2293
97 1783
98 742
99 2527
100 2970
101 1189
102 2375
103 604
104 2230
105 1173
106 507
107 2394
108 1537
109 1040
110 2675
111 1421
112 421
113 1743
114 252
115 606
116 2041
117 646
118 1379
119 2040
120 473
121 516
122 888
123 1419
124 1151
125 194
126 899
127 1554
128 2856
129 2231
130 2234
131 1535
132 504
133 2429
134 826
135 2457
136 280
137 2408
138 251
139 285
140 2725
141 359
142 2676
143 2731
144 2454
145 373
146 2736
147 1923
148 2227
149 277
150 2209
151 624
152 2114
153 212
154 346
155 1688
156 990
157 1321
158 1112
159 1238
160 566
161 656
162 2749
163 2606
164 10
165 1997
166 2080
167 2316
168 2225
169 1114
170 2918
171 725
172 2262
173 1848
174 1895
175 1481
176 805
177 870
178 381
179 882
180 1924
181 816
182 2695
183 1176
184 553
185 2641
186 1521
187 2647

