865 85
0 2333
1 2138
2 2019
3 1450
4 1806
5 1230
6 2320
7 2013
8 1510
9 2381
10 2230
11 21
12 678
13 1714
14 360
15 1503
16 26
17 1733
18 240
19 2741
20 2945
21 1639
22 2963
23 621
24 1754
25 2532
26 1283
27 267
28 242
29 2382
30 933
31 1599
32 1097
33 2883
34 2646
35 1589
36 2622
37 2411
38 2589
39 1166
40 905
41 1272
42 2068
43 2031
44 73
45 1385
46 693
47 2208
48 1218
49 2892
50 2265
51 733
52 2225
53 1533
54 1716
55 2521
56 991
57 1150
58 1419
59 2706
60 1164
61 2285
62 1874
63 741
64 1863
65 2598
66 1219
67 1461
68 459
69 1052
70 448
71 2631
72 1948
73 894
74 1366
75 603
76 1206
77 847
78 982
79 446
80 1783
81 2708
82 914
83 309
84 2624
85 2716
86 1746
87 750
88 1538
89 644
90 1137
91 112
92 131
93 1328
94 774
95 1671
96 1166
97 2667
98 2524
99 1354
100 2368
101 1004
102 1101
103 411
104 77
105 1707
106 361
107 2916
108 615
109 1664
110 2920
111 2889
112 908
113 1276
114 815
115 2654
116 635
117 2393
118 1849
119 188
120 2357
121 1654
122 1870
123 2504
124 911
125 223
126 2203
127 2902
128 2512
129 2603
130 929
131 185
132 2956
133 2354
134 957
135 1168
136 2052
137 972
138 1719
139 2736
140 1869
141 1447
142 746
143 1274
144 1276
145 1320
146 790
147 660
148 2659
149 2500
150 317
151 2386
152 2720
153 2523
154 2362
155 747
156 655
157 2498
158 1362
159 535
160 2069
161 125
162 598
163 828
164 2232
165 463
166 1032
167 2257
168 1226
169 1443
170 2101
171 1703
172 332
173 307
174 627
175 358
176 1
177 1679
178 1921
179 23
180 1980
181 1347
182 1330
183 360
184 2727
185 474
186 202
187 996
188 2181
189 2195
190 2506
191 2203
192 1207
193 1583
194 734
195 1634
196 1582
197 1741
198 29
199 1028
200 2976
201 2489
202 214
203 1309
204 2877
205 1741
206 2714
207 1394
208 2503
209 2524
210 2269
211 2745
212 1511
213 323
214 2901
215 1929
216 1482
217 2559
218 2488
219 2348
220 30
221 49
222 1697
223 2038
224 2625
225 1238
226 777
227 2254
228 664
229 1260
230 79
231 317
232 2084
233 1781
234 2721
235 699
236 129
237 2639
238 1028
239 644
240 1443
241 1097
242 1977
243 2639
244 608
245 2624
246 1964
247 1209
248 2042
249 1592
250 1675
251 902
252 298
253 2368
254 2574
255 1172
256 996
257 2357
258 1907
259 1916
260 1078
261 391
262 437
263 1294
264 146
265 2788
266 926
267 2413
268 1905
269 144
270 2262
271 1206
272 2462
273 1342
274 205
275 1385
276 641
277 891
278 2375
279 2174
280 1459
281 2368
282 2371
283 496
284 1372
285 625
286 2549
287 2988
288 112
289 135
290 2230
291 2289
292 2898
293 427
294 804
295 2663
296 2792
297 1077
298 1222
299 2566
300 402
301 1448
302 1779
303 2527
304 1583
305 2449
306 1388
307 341
308 1183
309 783
310 2155
311 681
312 208
313 1306
314 1642
315 851
316 670
317 321
318 1501
319 146
320 2204
321 2872
322 1765
323 1149
324 2804
325 198
326 726
327 1460
328 1827
329 321
330 2624
331 2954
332 2513
333 1988
334 1542
335 1829
336 1386
337 1212
338 2546
339 1586
340 1498
341 318
342 2894
343 3
344 1119
345 2665
346 1896
347 2118
348 2026
349 1535
350 2719
351 1367
352 2961
353 267
354 1469
355 324
356 2112
357 385
358 905
359 1084
360 1800
361 2456
362 2204
363 1241
364 2806
365 245
366 1700
367 2237
368 1161
369 2797
370 974
371 1125
372 1233
373 2495
374 1149
375 1645
376 2176
377 1464
378 2591
379 1044
380 1083
381 1379
382 638
383 1054
384 2289
385 1770
386 145
387 1939
388 1932
389 858
390 1293
391 1283
392 1142
393 826
394 493
395 2332
396 1785
397 425
398 1368
399 2579
400 2775
401 2102
402 2142
403 2058
404 194
405 151
406 1464
407 2439
408 2280
409 141
410 1463
411 2680
412 2153
413 940
414 2753
415 1482
416 897
417 1732
418 310
419 1862
420 1202
421 1783
422 230
423 2062
424 2353
425 2125
426 2831
427 1063
428 937
429 2197
430 528
431 1308
432 2804
433 2232
434 603
435 1253
436 1300
437 7
438 2298
439 1508
440 1744
441 2825
442 1105
443 1050
444 1480
445 1683
446 368
447 1640
448 252
449 2845
450 1605
451 1906
452 100
453 2522
454 1764
455 721
456 491
457 2977
458 299
459 2174
460 1286
461 2400
462 641
463 1305
464 2671
465 2113
466 2577
467 973
468 1740
469 486
470 2945
471 2716
472 2499
473 2862
474 2409
475 2862
476 1696
477 763
478 966
479 1442
480 1898
481 1516
482 1105
483 790
484 702
485 2487
486 2956
487 2944
488 829
489 1930
490 1048
491 1003
492 1440
493 1213
494 2470
495 2171
496 189
497 1598
498 1129
499 1400
500 2925
501 310
502 1099
503 1714
504 316
505 517
506 2619
507 396
508 626
509 2198
510 1425
511 8
512 1159
513 834
514 1071
515 393
516 1254
517 1076
518 2575
519 508
520 1227
521 2737
522 2758
523 161
524 1455
525 549
526 2648
527 2508
528 224
529 88
530 860
531 1693
532 2086
533 159
534 501
535 2874
536 2482
537 1500
538 1033
539 2513
540 799
541 2293
542 2823
543 2784
544 1386
545 804
546 180
547 1263
548 2315
549 526
550 508
551 1867
552 85
553 389
554 975
555 200
556 1440
557 388
558 2615
559 2672
560 696
561 2486
562 1356
563 1537
564 1767
565 2729
566 2541
567 2902
568 2616
569 1669
570 358
571 921
572 61
573 1523
574 724
575 1660
576 2691
577 841
578 1217
579 1041
580 1315
581 2477
582 369
583 1843
584 2750
585 642
586 2647
587 2093
588 2420
589 2390
590 242
591 240
592 2530
593 2701
594 2034
595 2619
596 1677
597 2568
598 1638
599 867
600 2065
601 2893
602 2221
603 570
604 1741
605 729
606 1891
607 1347
608 763
609 347
610 2220
611 2966
612 1717
613 2745
614 865
615 1681
616 1984
617 1239
618 2967
619 767
620 1600
621 1476
622 1113
623 2659
624 2016
625 1776
626 2771
627 2418
628 536
629 2658
630 2740
631 669
632 2731
633 2348
634 2521
635 438
636 425
637 480
638 1536
639 234
640 2417
641 403
642 1587
643 2744
644 1956
645 55
646 2518
647 2396
648 1552
649 622
650 2956
651 1989
652 2224
653 599
654 2517
655 1159
656 20
657 2742
658 2945
659 2679
660 2618
661 1558
662 2697
663 1255
664 933
665 2669
666 291
667 1866
668 2128
669 2400
670 1284
671 2446
672 2099
673 76
674 1207
675 2181
676 306
677 917
678 156
679 668
680 1468
681 221
682 1888
683 2084
684 753
685 590
686 1371
687 870
688 2938
689 2188
690 93
691 2467
692 1108
693 272
694 458
695 475
696 2543
697 1010
698 2562
699 726
700 2622
701 975
702 2248
703 363
704 1546
705 917
706 1711
707 1878
708 2533
709 2584
710 2337
711 644
712 1397
713 686
714 531
715 728
716 2333
717 1737
718 640
719 1098
720 2214
721 1638
722 2416
723 2142
724 557
725 2982
726 440
727 2621
728 206
729 632
730 1810
731 69
732 2561
733 1986
734 806
735 2290
736 1247
737 2073
738 51
739 1815
740 1767
741 2814
742 1649
743 1312
744 2432
745 1269
746 77
747 176
748 1766
749 421
750 1616
751 39
752 2982
753 1046
754 1561
755 2676
756 1175
757 2990
758 994
759 1798
760 1294
761 1798
762 55
763 2247
764 1367
765 2494
766 1778
767 2709
768 1342
769 226
770 488
771 908
772 1067
773 50
774 45
775 1798
776 1405
777 2847
778 1891
779 2976
780 1983
781 1649
782 1168
783 1946
784 2979
785 2704
786 1951
787 237
788 435
789 2656
790 1079
791 1145
792 112
793 599
794 1088
795 2382
796 2599
797 2359
798 572
799 1059
800 967
801 2318
802 2109
803 1342
804 624
805 1825
806 583
807 2591
808 877
809 348
810 1306
811 2995
812 1476
813 2841
814 1148
815 387
816 2378
817 2209
818 2938
819 2738
820 2298
821 673
822 502
823 2923
824 1166
825 2378
826 1852
827 1046
828 650
829 1166
830 1377
831 1629
832 1078
833 403
834 2306
835 2516
836 302
837 2517
838 2690
839 23
840 188
841 2623
842 215
843 2104
844 2799
845 1396
846 2986
847 190
848 2984
849 2645
850 2963
851 2108
852 193
853 2155
854 345
855 1013
856 492
857 2698
858 1651
859 773
860 2028
861 2892
862 2378
863 681
864 1862

