114 14
0 2203
1 2330
2 102
3 1321
4 2041
5 4
6 2506
7 634
8 460
9 2506
10 727
11 195
12 2021
13 161
14 2959
15 2019
16 914
17 1350
18 459
19 2081
20 963
21 1250
22 1248
23 1156
24 1704
25 1655
26 1298
27 924
28 505
29 952
30 2095
31 2850
32 4
33 315
34 1655
35 224
36 1754
37 763
38 299
39 2861
40 179
41 1071
42 509
43 1359
44 2239
45 2528
46 35
47 1066
48 870
49 1186
50 2717
51 1002
52 1442
53 2152
54 2420
55 1656
56 2659
57 1629
58 1180
59 419
60 633
61 2983
62 715
63 2561
64 2440
65 2898
66 2697
67 2668
68 685
69 1571
70 2936
71 2117
72 1173
73 2826
74 706
75 1770
76 1371
77 207
78 1225
79 2613
80 1496
81 1597
82 2094
83 1818
84 2273
85 1757
86 1860
87 1754
88 399
89 1302
90 2395
91 1759
92 840
93 2758
94 971
95 531
96 1213
97 2911
98 648
99 1188
100 2217
101 1736
102 2247
103 937
104 708
105 1839
106 2659
107 1084
108 405
109 1847
110 2774
111 1154
112 2722
113 1480

