888 84
0 2590
1 1534
2 1376
3 1234
4 608
5 2258
6 2924
7 2214
8 2240
9 2760
10 929
11 1687
12 2513
13 2954
14 2977
15 2150
16 2534
17 1079
18 664
19 1398
20 244
21 1548
22 1336
23 1402
24 1784
25 1595
26 1713
27 342
28 848
29 943
30 867
31 904
32 440
33 2012
34 2332
35 1194
36 1239
37 1155
38 427
39 1599
40 1131
41 1906
42 901
43 2590
44 682
45 2044
46 2118
47 1130
48 2399
49 1010
50 1775
51 654
52 2290
53 1621
54 937
55 1581
56 1224
57 2690
58 563
59 1883
60 1512
61 1518
62 2362
63 1016
64 1981
65 1705
66 1855
67 1117
68 1291
69 487
70 1882
71 646
72 834
73 548
74 1077
75 647
76 608
77 1314
78 392
79 2120
80 1228
81 85
82 1217
83 1669
84 48
85 1033
86 2281
87 2835
88 2771
89 647
90 100
91 1
92 1229
93 378
94 1550
95 2897
96 1541
97 529
98 495
99 1534
100 1074
101 2580
102 1997
103 699
104 2147
105 2118
106 1335
107 2913
108 744
109 898
110 855
111 2189
112 2643
113 436
114 1024
115 2522
116 1762
117 2315
118 2218
119 779
120 863
121 1861
122 955
123 53
124 2703
125 1153
126 902
127 2955
128 2048
129 1626
130 2609
131 2586
132 1300
133 1651
134 725
135 1613
136 1824
137 490
138 2342
139 2855
140 715
141 1508
142 2523
143 2965
144 567
145 1829
146 1934
147 2542
148 1573
149 401
150 1932
151 1823
152 922
153 874
154 142
155 980
156 154
157 1755
158 2472
159 2478
160 1931
161 846
162 178
163 2704
164 1855
165 1124
166 773
167 23
168 804
169 990
170 1914
171 2169
172 1639
173 297
174 830
175 2812
176 1827
177 2109
178 2344
179 269
180 2422
181 451
182 956
183 1781
184 1883
185 603
186 2207
187 577
188 1797
189 76
190 2435
191 1149
192 2576
193 2233
194 963
195 242
196 1205
197 671
198 835
199 1225
200 2436
201 2885
202 1908
203 158
204 437
205 2877
206 1945
207 2271
208 2442
209 974
210 892
211 1850
212 2784
213 334
214 2256
215 1827
216 1098
217 2551
218 690
219 673
220 2375
221 1796
222 750
223 613
224 1315
225 641
226 1140
227 564
228 1101
229 2246
230 1581
231 1369
232 477
233 1243
234 2147
235 1960
236 2083
237 72
238 1688
239 198
240 1545
241 1558
242 1862
243 823
244 2845
245 26
246 708
247 1302
248 2014
249 1010
250 2436
251 894
252 1461
253 334
254 2
255 2588
256 2543
257 1627
258 821
259 1279
260 2263
261 103
262 459
263 265
264 2824
265 83
266 18
267 1129
268 1061
269 504
270 1609
271 692
272 276
273 839
274 1982
275 1822
276 151
277 2813
278 795
279 2477
280 2682
281 2355
282 349
283 2438
284 1211
285 2284
286 759
287 1243
288 1311
289 740
290 1664
291 586
292 840
293 2269
294 1049
295 1220
296 1383
297 2011
298 2427
299 2950
300 2748
301 1390
302 951
303 2158
304 1647
305 2441
306 1715
307 1735
308 1182
309 705
310 329
311 2409
312 880
313 2295
314 1648
315 2383
316 1462
317 786
318 2880
319 52
320 1398
321 1822
322 498
323 2387
324 2106
325 752
326 273
327 1285
328 2481
329 305
330 639
331 1553
332 557
333 2666
334 2352
335 2488
336 1775
337 1922
338 1318
339 1608
340 2183
341 1024
342 514
343 232
344 449
345 205
346 643
347 819
348 670
349 828
350 638
351 2295
352 1330
353 1678
354 2414
355 2526
356 1989
357 96
358 2845
359 517
360 971
361 2118
362 1670
363 516
364 1318
365 1854
366 65
367 1479
368 1796
369 2823
370 989
371 2928
372 2757
373 2964
374 2695
375 2741
376 2492
377 941
378 2622
379 91
380 1035
381 2321
382 843
383 2148
384 1079
385 1121
386 256
387 2104
388 729
389 338
390 646
391 375
392 1694
393 1616
394 2764
395 1822
396 2741
397 564
398 759
399 261
400 1244
401 1269
402 2643
403 1360
404 614
405 1911
406 2319
407 1228
408 2621
409 1282
410 2332
411 444
412 935
413 2517
414 422
415 1924
416 1521
417 600
418 2748
419 1485
420 1704
421 499
422 1019
423 1316
424 1187
425 1024
426 450
427 1328
428 669
429 2391
430 750
431 2350
432 1163
433 1617
434 325
435 2269
436 2743
437 2848
438 290
439 1449
440 1784
441 2093
442 283
443 854
444 2995
445 1979
446 2584
447 1540
448 2530
449 1964
450 445
451 2520
452 1687
453 1656
454 1648
455 2072
456 590
457 272
458 891
459 1731
460 2515
461 1433
462 1962
463 2000
464 757
465 76
466 986
467 591
468 556
469 1151
470 2806
471 2925
472 1869
473 2379
474 1145
475 122
476 1184
477 1691
478 2592
479 1784
480 1988
481 62
482 2097
483 335
484 2649
485 2555
486 2066
487 347
488 1635
489 1302
490 353
491 650
492 2235
493 75
494 413
495 2430
496 1970
497 264
498 2136
499 390
500 466
501 2906
502 1317
503 2488
504 784
505 1194
506 2154
507 1114
508 1936
509 43
510 2758
511 1113
512 2766
513 2816
514 1836
515 1172
516 1758
517 20
518 2563
519 2301
520 395
521 2390
522 968
523 700
524 1117
525 1802
526 59
527 2781
528 1888
529 269
530 2095
531 1415
532 1372
533 1749
534 1632
535 2851
536 920
537 1970
538 744
539 2033
540 2128
541 942
542 376
543 935
544 945
545 29
546 2757
547 2033
548 2168
549 386
550 2189
551 1738
552 2294
553 2121
554 2177
555 1037
556 2413
557 1349
558 2317
559 487
560 2982
561 939
562 2906
563 1472
564 279
565 2563
566 1308
567 678
568 1397
569 2637
570 1387
571 2055
572 2270
573 1536
574 1054
575 437
576 1563
577 460
578 2586
579 2565
580 74
581 2738
582 310
583 598
584 580
585 727
586 1323
587 1402
588 1940
589 2352
590 2740
591 2949
592 480
593 2654
594 337
595 2577
596 2789
597 2208
598 869
599 2425
600 1067
601 1745
602 882
603 160
604 1490
605 426
606 1710
607 1538
608 1150
609 343
610 1602
611 80
612 1084
613 1286
614 2569
615 356
616 612
617 999
618 1609
619 1464
620 488
621 1724
622 2283
623 1813
624 2694
625 1769
626 2523
627 386
628 2802
629 2016
630 1512
631 2455
632 426
633 1695
634 830
635 2946
636 1057
637 2402
638 2883
639 2415
640 757
641 2507
642 732
643 2995
644 2816
645 2348
646 1350
647 1457
648 2895
649 764
650 1279
651 2714
652 1722
653 1815
654 2540
655 407
656 1726
657 2957
658 1542
659 2125
660 922
661 225
662 2889
663 2855
664 2231
665 1975
666 1971
667 2958
668 2848
669 2112
670 1624
671 1664
672 2721
673 1457
674 1465
675 83
676 28
677 967
678 2741
679 2736
680 2445
681 2144
682 2929
683 1813
684 125
685 1858
686 1807
687 394
688 375
689 2052
690 1148
691 1027
692 1310
693 465
694 2045
695 25
696 272
697 1183
698 814
699 2814
700 251
701 1604
702 1205
703 1612
704 272
705 167
706 55
707 585
708 1304
709 152
710 1706
711 2984
712 447
713 1263
714 1694
715 2438
716 1841
717 2846
718 2789
719 2243
720 2342
721 790
722 378
723 648
724 2014
725 969
726 330
727 1751
728 944
729 531
730 2888
731 2497
732 1883
733 1164
734 1375
735 2014
736 1917
737 2967
738 1860
739 1525
740 2028
741 1687
742 845
743 2841
744 1754
745 2021
746 2099
747 532
748 2428
749 1544
750 2228
751 853
752 459
753 1270
754 677
755 2307
756 2522
757 302
758 706
759 649
760 2921
761 81
762 577
763 562
764 249
765 2423
766 2576
767 2787
768 94
769 2470
770 845
771 1186
772 652
773 2626
774 921
775 1573
776 2866
777 1378
778 1918
779 2383
780 2213
781 556
782 1974
783 2884
784 283
785 2642
786 1213
787 1418
788 1161
789 2230
790 258
791 693
792 1104
793 1115
794 2814
795 240
796 2377
797 925
798 694
799 2896
800 760
801 25
802 773
803 2761
804 1764
805 1577
806 2660
807 1373
808 215
809 2296
810 1318
811 165
812 2868
813 466
814 1467
815 970
816 2858
817 2488
818 1090
819 2308
820 1684
821 2811
822 472
823 1803
824 119
825 2169
826 1202
827 2481
828 865
829 2156
830 823
831 566
832 2855
833 1275
834 2467
835 1479
836 2956
837 1199
838 2792
839 1695
840 1567
841 331
842 1129
843 2681
844 2733
845 1189
846 1790
847 517
848 1929
849 198
850 2360
851 2403
852 2191
853 1195
854 1436
855 1810
856 109
857 382
858 1263
859 1233
860 1005
861 2605
862 2353
863 1984
864 1025
865 2382
866 612
867 821
868 849
869 2111
870 1822
871 2040
872 1017
873 1301
874 2042
875 1986
876 2346
877 1693
878 2599
879 1307
880 2981
881 2342
882 59
883 2083
884 2980
885 1882
886 2160
887 580

