351 2
0 437
1 1063
2 2092
3 647
4 2688
5 1595
6 1299
7 2523
8 2027
9 258
10 427
11 470
12 1341
13 775
14 1093
15 1264
16 132
17 1206
18 465
19 1259
20 657
21 2529
22 1654
23 2519
24 2893
25 607
26 1496
27 2088
28 1938
29 554
30 2697
31 231
32 68
33 2263
34 1080
35 920
36 732
37 1490
38 1146
39 2529
40 1842
41 388
42 2334
43 371
44 1343
45 374
46 2854
47 2331
48 2504
49 2530
50 980
51 140
52 312
53 442
54 381
55 2086
56 2741
57 1224
58 579
59 45
60 1910
61 714
62 2167
63 2873
64 363
65 2745
66 1637
67 265
68 16
69 220
70 1507
71 2056
72 1936
73 2033
74 3
75 375
76 2349
77 2183
78 19
79 357
80 2592
81 672
82 609
83 45
84 2736
85 175
86 529
87 127
88 2985
89 1041
90 838
91 641
92 789
93 493
94 197
95 1052
96 139
97 348
98 192
99 1232
100 2616
101 2860
102 589
103 1829
104 2059
105 1531
106 1737
107 1184
108 1808
109 2767
110 1795
111 886
112 1692
113 2254
114 2376
115 701
116 1264
117 2873
118 2592
119 2738
120 731
121 82
122 207
123 569
124 1183
125 2889
126 983
127 1070
128 1940
129 2603
130 1383
131 1911
132 1431
133 2274
134 341
135 1181
136 2190
137 1395
138 885
139 811
140 2122
141 1743
142 952
143 1782
144 1441
145 1741
146 1773
147 579
148 406
149 1463
150 1480
151 944
152 2858
153 2158
154 2960
155 2779
156 144
157 2357
158 394
159 824
160 807
161 2858
162 2131
163 2398
164 1053
165 105
166 1892
167 1872
168 461
169 924
170 2320
171 2398
172 2623
173 1242
174 533
175 2272
176 2254
177 1922
178 2369
179 235
180 31
181 1472
182 952
183 1007
184 437
185 1518
186 1717
187 1246
188 899
189 1275
190 1745
191 2000
192 85
193 1639
194 1193
195 2256
196 577
197 2777
198 1804
199 2222
200 851
201 556
202 2509
203 2059
204 1486
205 154
206 109
207 632
208 315
209 1784
210 2220
211 605
212 1332
213 578
214 794
215 443
216 310
217 1755
218 1247
219 802
220 660
221 723
222 2969
223 1848
224 391
225 2540
226 2565
227 2504
228 534
229 2372
230 2871
231 1767
232 1463
233 1945
234 2595
235 2515
236 1868
237 702
238 1392
239 195
240 1008
241 2551
242 154
243 1419
244 2204
245 2122
246 319
247 857
248 867
249 1862
250 1626
251 930
252 841
253 1633
254 191
255 87
256 1827
257 2487
258 2552
259 1269
260 895
261 664
262 1559
263 1812
264 1070
265 882
266 2800
267 1866
268 1848
269 1215
270 2824
271 207
272 2927
273 536
274 1467
275 2054
276 2497
277 2916
278 1026
279 1763
280 1293
281 2603
282 2572
283 1893
284 2221
285 531
286 663
287 2885
288 186
289 1732
290 958
291 540
292 12
293 698
294 2859
295 1443
296 1657
297 2061
298 96
299 478
300 1420
301 96
302 1791
303 187
304 953
305 2335
306 745
307 1568
308 1760
309 1141
310 237
311 2031
312 1422
313 1127
314 194
315 740
316 1233
317 2201
318 2789
319 2571
320 1210
321 2387
322 663
323 2257
324 1946
325 1076
326 348
327 2813
328 1486
329 2362
330 2101
331 2260
332 2356
333 2011
334 2095
335 1715
336 2680
337 2181
338 2734
339 2509
340 1974
341 41
342 30
343 2596
344 2452
345 193
346 2400
347 780
348 1932
349 2179
350 835

