957 45
0 1778
1 1759
2 926
3 243
4 2765
5 1489
6 1847
7 1052
8 1950
9 2927
10 1824
11 2018
12 554
13 2331
14 1572
15 1221
16 518
17 1060
18 601
19 1214
20 657
21 2208
22 1914
23 76
24 2332
25 257
26 1818
27 2247
28 379
29 746
30 1008
31 2855
32 2055
33 2910
34 1000
35 392
36 2866
37 1429
38 166
39 2159
40 1284
41 636
42 1619
43 548
44 1541
45 546
46 160
47 741
48 2439
49 1591
50 1892
51 2492
52 198
53 1867
54 2284
55 51
56 386
57 977
58 1932
59 1475
60 1767
61 2803
62 124
63 1688
64 120
65 172
66 1748
67 802
68 633
69 2396
70 167
71 2036
72 1790
73 1323
74 1411
75 1684
76 144
77 2495
78 665
79 1936
80 140
81 2903
82 2579
83 92
84 2461
85 2440
86 1361
87 164
88 2772
89 7
90 2278
91 1729
92 231
93 2451
94 2245
95 1787
96 1285
97 1085
98 2171
99 432
100 1165
101 2069
102 2742
103 2372
104 2578
105 2521
106 803
107 515
108 1155
109 1680
110 833
111 2976
112 2719
113 66
114 480
115 2298
116 1650
117 1078
118 2130
119 1194
120 1576
121 69
122 1263
123 575
124 1320
125 1274
126 1448
127 1567
128 224
129 1896
130 1885
131 1381
132 1848
133 363
134 2340
135 3000
136 2206
137 1617
138 2373
139 974
140 1020
141 797
142 1032
143 1749
144 2435
145 1786
146 2224
147 2346
148 2473
149 2529
150 2700
151 43
152 261
153 243
154 534
155 2928
156 1019
157 2512
158 2730
159 1589
160 2820
161 1318
162 1508
163 2270
164 535
165 1308
166 1815
167 87
168 1843
169 869
170 880
171 608
172 848
173 357
174 95
175 0
176 1720
177 22
178 268
179 230
180 936
181 547
182 2238
183 1949
184 932
185 662
186 2477
187 2042
188 1431
189 2344
190 2824
191 137
192 2504
193 2805
194 795
195 802
196 2786
197 1264
198 607
199 906
200 2738
201 873
202 1919
203 93
204 1827
205 2424
206 664
207 2249
208 1697
209 2990
210 2211
211 1885
212 2543
213 227
214 1381
215 2247
216 1005
217 1306
218 1491
219 411
220 1705
221 1031
222 2598
223 756
224 1767
225 1406
226 167
227 175
228 2637
229 960
230 2769
231 740
232 102
233 1092
234 2904
235 1931
236 738
237 1987
238 54
239 1952
240 1937
241 550
242 1550
243 2161
244 2750
245 616
246 1271
247 1780
248 1301
249 1830
250 339
251 2744
252 598
253 1741
254 1199
255 1793
256 834
257 2572
258 2007
259 1486
260 540
261 2607
262 2315
263 2016
264 2302
265 1013
266 1365
267 819
268 78
269 447
270 1941
271 2954
272 281
273 2302
274 620
275 1475
276 2225
277 1456
278 1983
279 2887
280 2929
281 2836
282 2947
283 2296
284 2846
285 2215
286 1022
287 2329
288 649
289 83
290 2973
291 104
292 1469
293 2000
294 1873
295 710
296 1236
297 2090
298 2283
299 1880
300 1709
301 30
302 2404
303 974
304 2922
305 1685
306 1324
307 1589
308 1862
309 2219
310 2743
311 688
312 352
313 2606
314 1824
315 1891
316 2981
317 212
318 1124
319 125
320 467
321 1860
322 2396
323 1498
324 2301
325 857
326 1406
327 1410
328 631
329 1490
330 178
331 1843
332 373
333 1563
334 2303
335 808
336 2509
337 1221
338 1677
339 1740
340 311
341 1780
342 1676
343 2842
344 1181
345 2118
346 763
347 2761
348 2152
349 1843
350 2906
351 888
352 2381
353 2820
354 837
355 1034
356 1265
357 2792
358 2374
359 407
360 976
361 1359
362 359
363 465
364 1100
365 2160
366 375
367 590
368 1954
369 2620
370 2677
371 889
372 434
373 897
374 2183
375 2891
376 1410
377 2472
378 885
379 1440
380 88
381 2733
382 2488
383 2303
384 2957
385 834
386 2196
387 2616
388 1789
389 2654
390 1352
391 1925
392 198
393 831
394 1107
395 1776
396 1408
397 2204
398 345
399 2272
400 1439
401 2925
402 1639
403 695
404 2834
405 2667
406 1360
407 1360
408 840
409 578
410 1535
411 880
412 2109
413 529
414 1060
415 400
416 553
417 107
418 35
419 1451
420 2252
421 953
422 2242
423 383
424 1483
425 1077
426 58
427 1656
428 77
429 220
430 1400
431 2547
432 2636
433 1416
434 2780
435 1072
436 2351
437 1706
438 2373
439 1518
440 2149
441 2872
442 2639
443 1166
444 2797
445 2118
446 2198
447 1114
448 1510
449 1358
450 760
451 1956
452 660
453 1254
454 403
455 2280
456 1829
457 1986
458 1639
459 2831
460 1609
461 1685
462 844
463 1910
464 1068
465 2651
466 476
467 575
468 38
469 2525
470 248
471 1525
472 1656
473 243
474 2986
475 277
476 1330
477 584
478 153
479 174
480 2951
481 1231
482 919
483 2159
484 1036
485 66
486 1966
487 2271
488 2249
489 2183
490 1263
491 1737
492 2404
493 2461
494 1742
495 2722
496 2308
497 70
498 2519
499 2933
500 2624
501 424
502 374
503 638
504 2338
505 2838
506 2
507 1840
508 567
509 2281
510 1214
511 2625
512 1349
513 269
514 1737
515 1680
516 2974
517 2660
518 665
519 1420
520 687
521 1828
522 1798
523 1714
524 2706
525 1470
526 261
527 806
528 2882
529 1956
530 669
531 2774
532 305
533 919
534 1244
535 906
536 2515
537 2284
538 1862
539 2602
540 2233
541 2670
542 510
543 839
544 906
545 2402
546 2725
547 1194
548 2200
549 2593
550 1766
551 615
552 2898
553 750
554 2556
555 1414
556 359
557 2002
558 208
559 2404
560 2470
561 323
562 2563
563 1314
564 1867
565 2144
566 919
567 2687
568 2854
569 153
570 919
571 115
572 1857
573 2636
574 2507
575 2820
576 105
577 2416
578 1360
579 785
580 1151
581 1868
582 2838
583 1506
584 1914
585 1834
586 2829
587 79
588 1487
589 956
590 904
591 453
592 327
593 2171
594 38
595 1390
596 69
597 888
598 2974
599 266
600 977
601 2617
602 2178
603 2924
604 1644
605 1755
606 730
607 2430
608 562
609 1069
610 2054
611 291
612 1679
613 2710
614 1064
615 1688
616 362
617 1665
618 806
619 585
620 2439
621 1201
622 1029
623 2064
624 2811
625 843
626 2937
627 2144
628 2640
629 1867
630 411
631 992
632 2479
633 1365
634 2953
635 2523
636 1862
637 1491
638 1018
639 2628
640 613
641 2596
642 2843
643 1326
644 1715
645 244
646 1653
647 2639
648 784
649 1141
650 2757
651 2044
652 2971
653 1318
654 2842
655 780
656 675
657 1921
658 2928
659 1941
660 113
661 290
662 167
663 2930
664 1551
665 1030
666 1865
667 2520
668 1804
669 1155
670 1564
671 387
672 996
673 382
674 2212
675 944
676 591
677 775
678 2317
679 1379
680 863
681 905
682 2720
683 2825
684 42
685 1007
686 20
687 934
688 2963
689 1612
690 990
691 1101
692 1275
693 2760
694 2301
695 1729
696 829
697 806
698 717
699 1631
700 590
701 2507
702 1072
703 2935
704 68
705 184
706 248
707 690
708 2293
709 799
710 1353
711 568
712 2436
713 2757
714 1842
715 1482
716 1982
717 491
718 1938
719 2124
720 846
721 2614
722 465
723 445
724 1101
725 1007
726 833
727 1806
728 1060
729 2048
730 2634
731 1735
732 2956
733 153
734 696
735 2565
736 2076
737 110
738 1764
739 2433
740 1886
741 1826
742 1471
743 2458
744 2331
745 1240
746 45
747 589
748 2270
749 2106
750 948
751 2031
752 653
753 1683
754 2430
755 1232
756 485
757 1358
758 543
759 2807
760 1914
761 1834
762 2262
763 1798
764 2848
765 2633
766 104
767 1977
768 2560
769 858
770 1889
771 1061
772 1269
773 1565
774 986
775 2572
776 2006
777 1740
778 113
779 2762
780 1520
781 806
782 369
783 748
784 2494
785 255
786 2682
787 874
788 520
789 318
790 2099
791 16
792 1300
793 2252
794 2465
795 1174
796 423
797 2617
798 366
799 60
800 2110
801 1077
802 2245
803 139
804 2716
805 1282
806 378
807 2066
808 1825
809 1343
810 2960
811 2640
812 311
813 1461
814 1020
815 1781
816 2865
817 1093
818 910
819 1404
820 926
821 7
822 2294
823 1855
824 1990
825 2278
826 279
827 1720
828 2751
829 2199
830 738
831 2246
832 325
833 1918
834 1640
835 623
836 740
837 2581
838 349
839 2963
840 1336
841 2391
842 719
843 1348
844 246
845 2821
846 1143
847 510
848 1962
849 439
850 1804
851 2559
852 481
853 1452
854 1970
855 1655
856 1441
857 2667
858 1445
859 878
860 2989
861 2464
862 2204
863 949
864 119
865 2479
866 839
867 523
868 931
869 2585
870 1049
871 1827
872 1700
873 1281
874 2953
875 1944
876 2830
877 1646
878 770
879 2303
880 77
881 1292
882 2254
883 811
884 821
885 26
886 2135
887 1921
888 1750
889 2793
890 126
891 340
892 728
893 2936
894 2348
895 857
896 477
897 1248
898 999
899 126
900 364
901 1838
902 104
903 2286
904 1686
905 807
906 1358
907 2288
908 2548
909 2221
910 173
911 523
912 2259
913 1193
914 407
915 889
916 242
917 549
918 999
919 241
920 1000
921 972
922 545
923 241
924 291
925 1405
926 2197
927 2796
928 2760
929 37
930 1882
931 2864
932 2501
933 6
934 848
935 1511
936 694
937 247
938 2731
939 1308
940 1148
941 233
942 2045
943 2621
944 2651
945 2295
946 1897
947 496
948 2944
949 2375
950 2324
951 2233
952 2073
953 263
954 416
955 2322
956 2868

