799 96
0 1717
1 1192
2 2911
3 2927
4 2077
5 227
6 2994
7 2428
8 1639
9 225
10 947
11 357
12 1124
13 184
14 940
15 1989
16 1524
17 2611
18 1034
19 475
20 2068
21 596
22 2892
23 2953
24 2462
25 591
26 1105
27 147
28 1827
29 130
30 445
31 1663
32 2136
33 1902
34 1909
35 1953
36 2508
37 1870
38 2532
39 1648
40 920
41 1889
42 1931
43 1479
44 1979
45 1146
46 2602
47 1591
48 152
49 2644
50 2672
51 2200
52 641
53 2011
54 1680
55 2101
56 1094
57 2233
58 1780
59 1339
60 1961
61 33
62 227
63 1853
64 1560
65 2417
66 1367
67 2363
68 1796
69 1809
70 2536
71 568
72 713
73 1456
74 1929
75 2522
76 2523
77 1024
78 1734
79 1255
80 331
81 1470
82 2871
83 984
84 1505
85 2801
86 2725
87 1773
88 2668
89 645
90 2324
91 802
92 2983
93 2143
94 818
95 2077
96 2656
97 923
98 462
99 758
100 2568
101 2048
102 2438
103 327
104 2770
105 2041
106 2942
107 1175
108 1261
109 1971
110 711
111 2583
112 2368
113 2554
114 2464
115 2470
116 2191
117 580
118 420
119 1026
120 916
121 2458
122 2539
123 2460
124 367
125 578
126 2422
127 2622
128 2665
129 1185
130 958
131 1625
132 498
133 235
134 366
135 2375
136 1581
137 2179
138 16
139 2067
140 2908
141 2036
142 981
143 643
144 319
145 2559
146 2435
147 440
148 1216
149 1990
150 2346
151 2802
152 1252
153 2969
154 2149
155 1980
156 2337
157 161
158 873
159 2663
160 899
161 629
162 1254
163 2528
164 1942
165 2684
166 313
167 1910
168 1896
169 2358
170 2084
171 179
172 371
173 2127
174 2289
175 191
176 2124
177 251
178 2349
179 184
180 289
181 1184
182 1184
183 1389
184 290
185 900
186 1113
187 959
188 1011
189 2958
190 336
191 1142
192 1619
193 1483
194 144
195 789
196 647
197 1010
198 178
199 1844
200 1729
201 2909
202 1866
203 1496
204 2623
205 2967
206 1619
207 29
208 1786
209 2218
210 377
211 2643
212 2495
213 818
214 1198
215 1192
216 120
217 2685
218 628
219 2608
220 1786
221 2903
222 1782
223 2528
224 1871
225 1702
226 2093
227 1331
228 2060
229 2912
230 1933
231 2198
232 1236
233 184
234 870
235 2714
236 2465
237 2250
238 2510
239 1962
240 2069
241 2667
242 690
243 1263
244 1622
245 1912
246 166
247 319
248 1620
249 764
250 1301
251 811
252 2195
253 2251
254 765
255 2933
256 478
257 2669
258 1625
259 2342
260 1172
261 1315
262 912
263 1028
264 1780
265 1771
266 2522
267 1121
268 1558
269 1109
270 979
271 2836
272 334
273 29
274 57
275 2119
276 107
277 1084
278 161
279 1279
280 208
281 2557
282 2599
283 1149
284 267
285 2286
286 1099
287 1620
288 614
289 1016
290 2831
291 2692
292 2812
293 2293
294 2968
295 278
296 2911
297 2751
298 901
299 2120
300 1485
301 697
302 2443
303 1268
304 104
305 2802
306 1670
307 2528
308 405
309 486
310 1833
311 1922
312 684
313 1149
314 2824
315 1791
316 906
317 1525
318 2411
319 85
320 666
321 223
322 1449
323 2108
324 2007
325 1362
326 822
327 2620
328 2740
329 2837
330 2797
331 1090
332 2503
333 1610
334 1314
335 2385
336 835
337 2105
338 339
339 2328
340 2410
341 1869
342 2217
343 151
344 1364
345 2525
346 1090
347 2226
348 2056
349 364
350 435
351 2935
352 2240
353 880
354 1665
355 1614
356 1123
357 1262
358 798
359 788
360 479
361 2459
362 138
363 2806
364 1514
365 585
366 1111
367 108
368 2514
369 2010
370 712
371 674
372 941
373 998
374 1242
375 1502
376 2983
377 1706
378 2318
379 1297
380 148
381 2524
382 996
383 2946
384 1276
385 2927
386 2416
387 2298
388 1270
389 262
390 927
391 410
392 24
393 330
394 2316
395 555
396 1255
397 1994
398 1310
399 1818
400 84
401 1399
402 1543
403 822
404 441
405 641
406 416
407 2974
408 1006
409 2758
410 35
411 376
412 1782
413 2703
414 586
415 2753
416 1988
417 1892
418 534
419 2839
420 2790
421 1101
422 385
423 2087
424 2457
425 516
426 1997
427 2759
428 578
429 962
430 2548
431 1044
432 94
433 98
434 1983
435 2133
436 1087
437 221
438 869
439 2758
440 133
441 2139
442 2721
443 2472
444 1137
445 317
446 538
447 2680
448 1581
449 372
450 999
451 294
452 2580
453 2854
454 1600
455 90
456 1197
457 2967
458 2060
459 2368
460 1327
461 2215
462 1267
463 1562
464 2025
465 1953
466 270
467 2319
468 335
469 162
470 2597
471 478
472 2276
473 1302
474 517
475 203
476 2378
477 204
478 1048
479 1972
480 2756
481 111
482 2671
483 58
484 1295
485 2287
486 2403
487 2206
488 2745
489 986
490 842
491 1355
492 1971
493 776
494 2736
495 2998
496 1935
497 1843
498 2999
499 1270
500 1293
501 514
502 1804
503 660
504 1327
505 2959
506 1530
507 2477
508 952
509 110
510 2398
511 1719
512 1484
513 2126
514 1972
515 1945
516 2231
517 1255
518 2526
519 2398
520 1086
521 2645
522 84
523 352
524 2496
525 1329
526 1572
527 2689
528 623
529 238
530 1624
531 1446
532 40
533 1424
534 2724
535 2245
536 2039
537 33
538 754
539 130
540 2551
541 2196
542 1867
543 875
544 144
545 1553
546 2786
547 1162
548 340
549 2877
550 2548
551 1865
552 1925
553 2719
554 827
555 1726
556 1465
557 1879
558 231
559 2426
560 2292
561 2098
562 1082
563 2847
564 81
565 321
566 1087
567 1854
568 2492
569 2382
570 2823
571 2549
572 1229
573 1666
574 1700
575 2509
576 2426
577 352
578 2050
579 2867
580 1798
581 1006
582 1197
583 924
584 2839
585 1082
586 2671
587 1110
588 623
589 1667
590 53
591 1801
592 85
593 406
594 1394
595 1920
596 827
597 212
598 1619
599 2686
600 2909
601 1164
602 358
603 688
604 1412
605 1768
606 1591
607 1785
608 2791
609 488
610 1698
611 293
612 946
613 986
614 2110
615 218
616 441
617 283
618 1549
619 20
620 2964
621 75
622 1954
623 983
624 1601
625 871
626 1900
627 2550
628 1645
629 2675
630 856
631 95
632 398
633 35
634 540
635 1115
636 33
637 1342
638 1826
639 1611
640 834
641 119
642 82
643 1788
644 1900
645 210
646 2382
647 824
648 1108
649 2437
650 240
651 2943
652 852
653 984
654 654
655 1486
656 1127
657 9
658 1128
659 1516
660 675
661 2833
662 2097
663 506
664 1233
665 1671
666 2170
667 2807
668 2027
669 737
670 746
671 2455
672 956
673 377
674 2867
675 2013
676 2655
677 2981
678 2918
679 2392
680 1039
681 362
682 729
683 2345
684 1006
685 1609
686 1249
687 136
688 2844
689 1737
690 646
691 113
692 1773
693 2701
694 853
695 361
696 2642
697 1460
698 484
699 2963
700 1996
701 2490
702 1544
703 1025
704 1146
705 277
706 701
707 1375
708 121
709 2409
710 1165
711 1341
712 1570
713 2460
714 646
715 2261
716 602
717 728
718 979
719 466
720 2625
721 2039
722 595
723 836
724 1732
725 2403
726 2374
727 2822
728 2039
729 605
730 800
731 462
732 274
733 2811
734 2639
735 504
736 177
737 1797
738 2802
739 4
740 1170
741 1224
742 931
743 1085
744 1522
745 1746
746 1663
747 446
748 251
749 475
750 2765
751 2167
752 67
753 2244
754 672
755 934
756 2596
757 1898
758 1887
759 2774
760 461
761 1325
762 1824
763 330
764 430
765 2466
766 2251
767 2401
768 2599
769 2447
770 2659
771 146
772 108
773 1238
774 327
775 2063
776 2270
777 2736
778 325
779 2251
780 153
781 1516
782 1061
783 803
784 2193
785 2733
786 1450
787 2046
788 487
789 662
790 1089
791 1818
792 2753
793 1195
794 1050
795 284
796 1357
797 2028
798 1811

