595 14
0 2559
1 2673
2 1556
3 916
4 330
5 2943
6 12
7 1680
8 494
9 2227
10 257
11 2345
12 1686
13 2370
14 1359
15 1332
16 1897
17 2859
18 711
19 792
20 2281
21 1922
22 1996
23 1846
24 534
25 2700
26 1742
27 751
28 1791
29 207
30 296
31 1949
32 931
33 2697
34 452
35 1062
36 1766
37 1065
38 692
39 1472
40 1904
41 2539
42 1741
43 2938
44 307
45 1854
46 2271
47 599
48 1988
49 460
50 2251
51 415
52 1407
53 2813
54 2722
55 2095
56 2316
57 2449
58 1785
59 2831
60 1730
61 93
62 1364
63 2563
64 161
65 2933
66 1032
67 1409
68 2270
69 1218
70 2495
71 935
72 1233
73 1290
74 3000
75 1865
76 627
77 2038
78 580
79 677
80 1940
81 1699
82 843
83 2400
84 1442
85 6
86 1664
87 1191
88 250
89 2054
90 168
91 1216
92 353
93 2354
94 1089
95 766
96 1670
97 1949
98 131
99 2343
100 2289
101 786
102 1307
103 1494
104 26
105 1612
106 539
107 1705
108 168
109 924
110 1600
111 1437
112 2523
113 1687
114 2172
115 948
116 599
117 1223
118 1661
119 366
120 1381
121 1775
122 129
123 2220
124 1857
125 31
126 1322
127 939
128 1387
129 64
130 1887
131 2027
132 2651
133 2381
134 1487
135 1354
136 1297
137 2285
138 2856
139 2259
140 1018
141 1467
142 534
143 913
144 1243
145 1612
146 959
147 148
148 1596
149 102
150 574
151 2621
152 684
153 1414
154 2873
155 2121
156 2248
157 1190
158 1949
159 1491
160 323
161 2220
162 1480
163 2647
164 1463
165 486
166 2084
167 836
168 2063
169 1116
170 79
171 2827
172 776
173 457
174 456
175 1184
176 1285
177 2910
178 2932
179 928
180 1148
181 2840
182 831
183 275
184 1710
185 674
186 545
187 838
188 2158
189 2684
190 2122
191 1555
192 1084
193 2629
194 710
195 713
196 2945
197 2257
198 1741
199 183
200 1925
201 2405
202 2140
203 2169
204 297
205 2759
206 1600
207 498
208 629
209 2951
210 764
211 875
212 2647
213 1183
214 892
215 331
216 410
217 2763
218 2073
219 2517
220 2865
221 1609
222 2874
223 1544
224 2426
225 893
226 1777
227 868
228 2562
229 1746
230 642
231 643
232 1090
233 2099
234 750
235 1983
236 1089
237 2699
238 2291
239 2501
240 642
241 2385
242 2838
243 789
244 2351
245 945
246 2709
247 629
248 2517
249 398
250 31
251 2343
252 1820
253 2969
254 727
255 599
256 775
257 2981
258 2154
259 647
260 14
261 2306
262 1825
263 1083
264 2857
265 108
266 984
267 2870
268 1366
269 980
270 2874
271 2326
272 2978
273 1550
274 2175
275 2483
276 734
277 1965
278 2596
279 2798
280 1912
281 425
282 436
283 2312
284 308
285 528
286 21
287 2091
288 1338
289 579
290 853
291 2327
292 1178
293 2162
294 1864
295 2289
296 2520
297 387
298 1679
299 616
300 2395
301 951
302 504
303 762
304 163
305 2520
306 455
307 985
308 2973
309 2597
310 1684
311 2026
312 303
313 2882
314 376
315 1623
316 1687
317 1259
318 1215
319 427
320 489
321 1785
322 2140
323 2398
324 2448
325 743
326 1623
327 785
328 2381
329 241
330 270
331 2737
332 2539
333 1858
334 1091
335 2751
336 971
337 2609
338 2971
339 500
340 558
341 1234
342 451
343 1484
344 1462
345 1033
346 2930
347 2727
348 664
349 1303
350 1730
351 1006
352 2738
353 1164
354 1051
355 579
356 2266
357 502
358 2918
359 2896
360 2569
361 175
362 1673
363 2160
364 537
365 2517
366 1796
367 2572
368 430
369 1834
370 1443
371 186
372 2678
373 2244
374 71
375 658
376 1426
377 105
378 1605
379 1501
380 491
381 2614
382 58
383 2225
384 32
385 1283
386 248
387 2420
388 1928
389 1131
390 2964
391 2569
392 2469
393 2782
394 545
395 330
396 1370
397 82
398 2625
399 646
400 397
401 2078
402 752
403 238
404 644
405 964
406 2962
407 2918
408 26
409 2715
410 2425
411 779
412 2763
413 2113
414 167
415 831
416 1290
417 782
418 277
419 2173
420 510
421 2400
422 2358
423 2812
424 2799
425 1437
426 1847
427 2158
428 1565
429 2969
430 2682
431 306
432 239
433 2701
434 1872
435 605
436 1298
437 1328
438 442
439 1735
440 2028
441 1936
442 12
443 2955
444 60
445 2072
446 272
447 799
448 598
449 2729
450 2567
451 640
452 671
453 406
454 2749
455 1339
456 792
457 598
458 2790
459 261
460 1679
461 1649
462 432
463 2674
464 503
465 342
466 2256
467 2470
468 1913
469 1032
470 983
471 1385
472 2427
473 776
474 2232
475 298
476 2924
477 98
478 2166
479 15
480 2672
481 1418
482 122
483 2114
484 2033
485 2652
486 2173
487 991
488 52
489 2062
490 2662
491 2100
492 1427
493 2368
494 465
495 2075
496 318
497 2317
498 2801
499 1546
500 2992
501 2886
502 2753
503 2675
504 2290
505 674
506 2980
507 1240
508 2733
509 2013
510 2090
511 2883
512 625
513 1788
514 2168
515 266
516 611
517 2364
518 2857
519 2678
520 363
521 2023
522 588
523 1620
524 1729
525 1054
526 1275
527 1961
528 959
529 2436
530 531
531 952
532 2426
533 2114
534 263
535 440
536 479
537 1438
538 1464
539 2523
540 2677
541 1809
542 2417
543 656
544 1071
545 272
546 1615
547 1192
548 1005
549 278
550 1624
551 780
552 404
553 100
554 2977
555 2544
556 1498
557 691
558 1831
559 570
560 1710
561 1750
562 1239
563 131
564 1648
565 1745
566 578
567 374
568 2354
569 195
570 1551
571 401
572 1427
573 2961
574 2492
575 41
576 433
577 331
578 2222
579 1115
580 228
581 1489
582 955
583 1893
584 578
585 908
586 2803
587 214
588 2024
589 2612
590 2037
591 1051
592 2539
593 2031
594 2511

