489 66
0 2006
1 2579
2 457
3 2193
4 1094
5 2518
6 1014
7 1868
8 2061
9 1292
10 2655
11 133
12 2497
13 2215
14 1454
15 2668
16 294
17 1529
18 2879
19 566
20 2394
21 2698
22 2481
23 191
24 1433
25 1274
26 1407
27 178
28 2834
29 1832
30 2755
31 2216
32 823
33 308
34 1744
35 109
36 199
37 2189
38 1070
39 799
40 2919
41 2503
42 1031
43 1486
44 2661
45 228
46 385
47 701
48 2225
49 2418
50 1537
51 2574
52 2470
53 1242
54 1330
55 636
56 397
57 2351
58 1137
59 897
60 112
61 2868
62 1538
63 2429
64 2451
65 1385
66 145
67 492
68 2225
69 950
70 598
71 168
72 218
73 2474
74 1341
75 1779
76 2461
77 554
78 1716
79 1729
80 114
81 1253
82 2372
83 834
84 1615
85 577
86 1000
87 355
88 1131
89 2520
90 2175
91 1277
92 831
93 1887
94 98
95 2643
96 2396
97 2406
98 1475
99 2824
100 2742
101 2138
102 1737
103 294
104 512
105 219
106 139
107 2955
108 212
109 649
110 2388
111 1714
112 1540
113 2452
114 641
115 251
116 2286
117 2494
118 1364
119 1441
120 850
121 2728
122 1342
123 2888
124 1431
125 171
126 657
127 411
128 976
129 1480
130 2019
131 1569
132 1809
133 397
134 1107
135 1455
136 1448
137 1798
138 480
139 585
140 1011
141 344
142 647
143 1490
144 2632
145 396
146 1592
147 2609
148 595
149 1466
150 1459
151 2958
152 2443
153 2784
154 2320
155 353
156 2365
157 1444
158 1438
159 53
160 1882
161 2369
162 388
163 2029
164 232
165 1261
166 2467
167 2691
168 956
169 92
170 282
171 1245
172 533
173 1307
174 2799
175 1638
176 1611
177 207
178 634
179 2031
180 2254
181 1303
182 1324
183 2173
184 2144
185 741
186 2439
187 1705
188 2312
189 1308
190 2227
191 331
192 81
193 2219
194 2037
195 840
196 986
197 1523
198 2867
199 2661
200 1919
201 784
202 579
203 1744
204 2964
205 699
206 2022
207 2943
208 660
209 250
210 421
211 881
212 995
213 224
214 1685
215 1096
216 1063
217 1714
218 1876
219 393
220 1425
221 2466
222 2997
223 35
224 1588
225 2770
226 2353
227 1345
228 713
229 807
230 760
231 397
232 367
233 2560
234 2377
235 453
236 1876
237 254
238 2650
239 670
240 1309
241 1813
242 1960
243 978
244 1350
245 1913
246 1648
247 2762
248 945
249 100
250 2376
251 1406
252 422
253 754
254 644
255 377
256 2430
257 680
258 2398
259 2372
260 1808
261 1211
262 1358
263 1954
264 1640
265 1493
266 572
267 154
268 293
269 1493
270 2605
271 2997
272 824
273 622
274 869
275 2183
276 1965
277 181
278 2093
279 2715
280 2451
281 1161
282 1390
283 2102
284 1947
285 807
286 712
287 610
288 52
289 1497
290 2902
291 462
292 2962
293 1398
294 1230
295 566
296 691
297 2020
298 2613
299 2907
300 1061
301 2158
302 1309
303 2572
304 2536
305 2089
306 1749
307 328
308 1451
309 315
310 375
311 380
312 2747
313 1973
314 1110
315 274
316 2081
317 1194
318 1233
319 2005
320 2513
321 1564
322 2143
323 1074
324 1923
325 1592
326 2512
327 1391
328 85
329 2224
330 1743
331 1625
332 1878
333 2981
334 1907
335 935
336 1183
337 2677
338 2148
339 2866
340 1975
341 1654
342 471
343 621
344 2546
345 1429
346 2732
347 1809
348 2038
349 1445
350 2726
351 884
352 1909
353 611
354 112
355 1886
356 2383
357 451
358 2598
359 230
360 2888
361 1144
362 728
363 179
364 1880
365 759
366 2779
367 1155
368 2913
369 652
370 546
371 2316
372 968
373 2732
374 1263
375 2279
376 1605
377 687
378 2651
379 2915
380 2198
381 583
382 2570
383 65
384 1549
385 2816
386 2796
387 1679
388 977
389 1088
390 443
391 648
392 388
393 2401
394 2847
395 2167
396 2532
397 1508
398 586
399 2602
400 683
401 1124
402 661
403 2072
404 710
405 2675
406 2029
407 622
408 126
409 1559
410 667
411 2230
412 2586
413 1909
414 1292
415 2852
416 858
417 838
418 946
419 88
420 175
421 906
422 1336
423 319
424 1106
425 190
426 35
427 2133
428 785
429 1117
430 2006
431 2324
432 2554
433 1120
434 1464
435 1662
436 753
437 1453
438 1285
439 2271
440 1238
441 2608
442 2419
443 1804
444 2374
445 1329
446 2122
447 1969
448 1635
449 1696
450 1222
451 2722
452 27
453 695
454 2385
455 2621
456 1244
457 923
458 539
459 1465
460 1520
461 1892
462 389
463 2501
464 1075
465 754
466 545
467 2544
468 506
469 748
470 26
471 2667
472 2084
473 2080
474 1000
475 148
476 2266
477 2144
478 538
479 3000
480 2740
481 946
482 2599
483 1431
484 1543
485 2951
486 1147
487 1503
488 893

