279 51
0 529
1 1488
2 2706
3 2331
4 248
5 58
6 687
7 1844
8 2065
9 922
10 2018
11 1794
12 2692
13 260
14 2691
15 2740
16 1549
17 835
18 2989
19 2788
20 173
21 2945
22 1805
23 1261
24 667
25 1455
26 2033
27 2280
28 843
29 85
30 1483
31 1827
32 190
33 2900
34 2603
35 831
36 942
37 182
38 964
39 607
40 496
41 600
42 667
43 2674
44 2878
45 2257
46 1990
47 2152
48 557
49 2423
50 1759
51 73
52 398
53 2629
54 2854
55 649
56 2673
57 1714
58 2973
59 541
60 2836
61 1076
62 1377
63 114
64 526
65 2783
66 2251
67 1309
68 2582
69 1865
70 1874
71 2063
72 2461
73 2644
74 1002
75 2533
76 2785
77 2042
78 259
79 2327
80 2199
81 457
82 268
83 1528
84 262
85 1116
86 1534
87 854
88 419
89 1293
90 295
91 2917
92 1414
93 2083
94 713
95 56
96 1505
97 2812
98 1033
99 1329
100 337
101 2653
102 2659
103 1957
104 14
105 43
106 512
107 374
108 1945
109 167
110 2108
111 2668
112 281
113 705
114 253
115 1231
116 1070
117 1444
118 2966
119 1539
120 908
121 878
122 1325
123 2839
124 1603
125 68
126 223
127 799
128 653
129 2111
130 657
131 2045
132 1219
133 16
134 953
135 1443
136 2810
137 808
138 2481
139 1742
140 2927
141 2163
142 2809
143 709
144 2002
145 316
146 2545
147 2385
148 2222
149 1790
150 2654
151 732
152 1291
153 275
154 2546
155 546
156 288
157 2755
158 1400
159 255
160 340
161 1535
162 468
163 1799
164 2505
165 2948
166 1264
167 1380
168 992
169 2038
170 1221
171 286
172 1515
173 2372
174 1080
175 469
176 547
177 311
178 166
179 1977
180 1981
181 1836
182 1602
183 252
184 381
185 0
186 2542
187 1431
188 130
189 2950
190 2608
191 2669
192 675
193 2487
194 2073
195 1545
196 375
197 2399
198 276
199 576
200 2748
201 339
202 2336
203 529
204 1655
205 2617
206 769
207 2039
208 2277
209 1972
210 1627
211 2046
212 847
213 971
214 1060
215 312
216 959
217 2088
218 852
219 498
220 1939
221 200
222 599
223 2554
224 1813
225 451
226 1972
227 259
228 2589
229 2238
230 782
231 2990
232 2505
233 2782
234 247
235 395
236 2964
237 2605
238 1580
239 2783
240 1596
241 1942
242 257
243 777
244 1683
245 672
246 2690
247 1591
248 2719
249 2678
250 1331
251 267
252 1021
253 1443
254 2657
255 1016
256 963
257 1715
258 2612
259 2783
260 1631
261 1124
262 898
263 1782
264 1695
265 310
266 1193
267 1270
268 777
269 2381
270 2736
271 1991
272 1096
273 2717
274 1114
275 2846
276 464
277 2118
278 1551

