555 70
0 2795
1 1813
2 2038
3 881
4 1950
5 1262
6 1968
7 2267
8 2203
9 153
10 29
11 914
12 1472
13 848
14 1131
15 2141
16 178
17 1751
18 2454
19 1933
20 2809
21 30
22 1532
23 2119
24 1377
25 914
26 2411
27 651
28 1352
29 2187
30 450
31 2546
32 2088
33 2042
34 476
35 1775
36 2382
37 118
38 2396
39 2480
40 2203
41 655
42 1614
43 1053
44 1793
45 782
46 1904
47 2779
48 94
49 702
50 997
51 1575
52 2267
53 2570
54 2906
55 407
56 1347
57 819
58 2116
59 2797
60 1871
61 1571
62 868
63 410
64 1816
65 2784
66 1898
67 2185
68 1233
69 2804
70 1638
71 80
72 1622
73 439
74 2647
75 658
76 1185
77 1790
78 289
79 1969
80 814
81 849
82 2663
83 677
84 2176
85 2354
86 2848
87 2756
88 146
89 2454
90 1019
91 1426
92 2241
93 640
94 1213
95 1513
96 2173
97 1034
98 970
99 590
100 2497
101 2354
102 2525
103 786
104 2248
105 1719
106 2884
107 74
108 1600
109 2770
110 2448
111 999
112 290
113 2427
114 623
115 1393
116 2535
117 1984
118 153
119 1973
120 313
121 1734
122 126
123 2604
124 786
125 2637
126 1112
127 228
128 2894
129 1155
130 489
131 712
132 2208
133 2480
134 1172
135 2841
136 548
137 2377
138 1091
139 1030
140 49
141 2029
142 347
143 36
144 2400
145 317
146 840
147 2909
148 1601
149 1066
150 2238
151 2912
152 1184
153 698
154 1995
155 937
156 559
157 2545
158 812
159 415
160 1111
161 917
162 355
163 2597
164 2543
165 2182
166 2875
167 2856
168 2116
169 2000
170 108
171 1252
172 2511
173 2201
174 322
175 1253
176 868
177 886
178 2123
179 918
180 1427
181 2925
182 393
183 653
184 448
185 1970
186 1038
187 2824
188 2086
189 741
190 2503
191 1332
192 1177
193 1411
194 2803
195 48
196 1105
197 550
198 636
199 65
200 2399
201 532
202 1741
203 1543
204 1487
205 2564
206 2154
207 1733
208 2654
209 654
210 2032
211 2079
212 331
213 686
214 2269
215 350
216 1705
217 2989
218 1004
219 2185
220 2284
221 343
222 795
223 992
224 1974
225 944
226 171
227 259
228 2100
229 896
230 1941
231 2432
232 157
233 875
234 2987
235 1461
236 2310
237 2591
238 7
239 1356
240 352
241 2804
242 1157
243 781
244 1005
245 1563
246 1568
247 2340
248 1606
249 2359
250 2369
251 1101
252 2844
253 127
254 1430
255 118
256 1212
257 724
258 52
259 2067
260 2230
261 2812
262 2526
263 2852
264 2031
265 2839
266 316
267 1057
268 2472
269 1244
270 1081
271 1871
272 2735
273 1601
274 2561
275 2613
276 237
277 1458
278 1878
279 1317
280 2036
281 650
282 2456
283 2764
284 1126
285 2169
286 969
287 194
288 372
289 526
290 630
291 196
292 2092
293 731
294 1867
295 2345
296 1288
297 988
298 911
299 532
300 2252
301 1959
302 1520
303 2396
304 2010
305 243
306 1916
307 2264
308 510
309 2677
310 637
311 2588
312 1678
313 150
314 1521
315 2193
316 1414
317 67
318 126
319 2810
320 67
321 179
322 2087
323 2854
324 1965
325 157
326 786
327 1290
328 1982
329 2548
330 2553
331 1115
332 1698
333 2170
334 889
335 436
336 1949
337 1402
338 2401
339 1563
340 691
341 2347
342 2875
343 1124
344 1610
345 1510
346 454
347 1080
348 2557
349 1896
350 814
351 807
352 2255
353 1411
354 36
355 2989
356 145
357 1792
358 2484
359 1339
360 2906
361 1588
362 725
363 2866
364 1427
365 2886
366 114
367 1744
368 1372
369 38
370 2762
371 2652
372 2440
373 2175
374 2627
375 449
376 590
377 2770
378 2574
379 1859
380 1811
381 2961
382 850
383 2001
384 844
385 2260
386 2168
387 2941
388 1854
389 1530
390 455
391 2574
392 250
393 2436
394 2013
395 150
396 2234
397 1886
398 1694
399 1886
400 2631
401 782
402 1316
403 377
404 2231
405 202
406 1672
407 2752
408 775
409 2082
410 1644
411 651
412 2583
413 1007
414 2199
415 2715
416 240
417 799
418 1768
419 14
420 2011
421 1185
422 2041
423 1303
424 2056
425 1508
426 937
427 1521
428 2250
429 2807
430 1912
431 2621
432 1579
433 1108
434 1258
435 696
436 2974
437 2259
438 2112
439 1190
440 472
441 612
442 1641
443 614
444 2220
445 1302
446 1439
447 1557
448 2459
449 1641
450 1726
451 1897
452 289
453 2410
454 299
455 2936
456 675
457 881
458 607
459 445
460 2212
461 654
462 2157
463 131
464 1944
465 1946
466 1315
467 2185
468 1554
469 2563
470 2984
471 1251
472 1077
473 378
474 2975
475 2841
476 1991
477 392
478 485
479 991
480 2743
481 2432
482 1312
483 165
484 591
485 824
486 1152
487 1712
488 508
489 2056
490 626
491 2133
492 327
493 1535
494 2866
495 2824
496 1907
497 2347
498 2695
499 922
500 696
501 106
502 1543
503 1241
504 107
505 38
506 1891
507 2234
508 534
509 497
510 85
511 309
512 1022
513 2776
514 998
515 58
516 644
517 2855
518 2765
519 2565
520 1972
521 759
522 44
523 2105
524 1133
525 2907
526 913
527 1365
528 1144
529 118
530 2323
531 1763
532 1544
533 2385
534 2663
535 2018
536 530
537 1014
538 851
539 1250
540 2126
541 2527
542 1496
543 2197
544 2552
545 1875
546 1769
547 465
548 854
549 2782
550 2219
551 1493
552 1635
553 348
554 586

