232 12
0 745
1 632
2 2200
3 1818
4 221
5 1037
6 2612
7 1324
8 1186
9 2919
10 2887
11 1649
12 1418
13 2557
14 901
15 2711
16 2745
17 1293
18 2268
19 1433
20 1838
21 1905
22 807
23 1057
24 2552
25 1738
26 1536
27 2431
28 2484
29 2553
30 2403
31 2276
32 1498
33 1797
34 346
35 1630
36 369
37 1515
38 1620
39 2426
40 2696
41 82
42 1705
43 2095
44 561
45 915
46 1157
47 2605
48 2345
49 1968
50 2087
51 1848
52 1457
53 1109
54 461
55 1242
56 1631
57 1526
58 1851
59 615
60 726
61 807
62 875
63 1428
64 913
65 783
66 1315
67 2157
68 898
69 403
70 1579
71 2613
72 2818
73 478
74 2219
75 2664
76 1890
77 2252
78 721
79 887
80 1029
81 2272
82 2814
83 1283
84 1556
85 1023
86 2994
87 761
88 1641
89 2390
90 1484
91 1994
92 2803
93 2510
94 1876
95 261
96 1362
97 544
98 612
99 2734
100 2371
101 2007
102 796
103 2083
104 2221
105 1960
106 491
107 2071
108 439
109 451
110 993
111 724
112 973
113 1060
114 1559
115 2944
116 2121
117 2796
118 2062
119 1496
120 747
121 2933
122 1937
123 1063
124 1056
125 1756
126 2566
127 2633
128 1544
129 1217
130 485
131 2379
132 2860
133 2481
134 206
135 1254
136 1572
137 688
138 2560
139 1036
140 1430
141 2485
142 1200
143 1305
144 181
145 1398
146 169
147 2713
148 2772
149 1615
150 608
151 1129
152 729
153 2116
154 2920
155 2022
156 973
157 417
158 292
159 292
160 2979
161 2574
162 767
163 679
164 794
165 946
166 418
167 1159
168 2244
169 2938
170 1774
171 468
172 588
173 1441
174 1858
175 1531
176 2319
177 304
178 791
179 1720
180 405
181 1404
182 1560
183 2387
184 977
185 2848
186 203
187 904
188 71
189 259
190 727
191 586
192 2262
193 2716
194 801
195 1569
196 1880
197 555
198 2527
199 1675
200 792
201 1920
202 752
203 2236
204 1832
205 1008
206 1846
207 2286
208 2468
209 2251
210 1483
211 1316
212 1829
213 2236
214 1225
215 969
216 2643
217 1183
218 906
219 136
220 798
221 34
222 2441
223 503
224 550
225 2195
226 1470
227 1738
228 630
229 2385
230 638
231 195

