850 65
0 638
1 1279
2 851
3 2007
4 1396
5 2467
6 2024
7 1102
8 1068
9 895
10 409
11 1459
12 2302
13 2234
14 1379
15 1437
16 2541
17 1907
18 2398
19 2922
20 183
21 227
22 1127
23 1767
24 2262
25 955
26 567
27 124
28 98
29 245
30 72
31 832
32 2906
33 920
34 621
35 2503
36 490
37 2774
38 970
39 1229
40 1185
41 2441
42 1616
43 2505
44 550
45 2882
46 1274
47 2169
48 95
49 503
50 1676
51 739
52 2829
53 2508
54 459
55 1186
56 2893
57 750
58 814
59 2908
60 1439
61 493
62 1716
63 2054
64 57
65 578
66 1371
67 2440
68 2637
69 1112
70 128
71 571
72 2278
73 401
74 814
75 595
76 1188
77 2580
78 295
79 467
80 811
81 2103
82 697
83 978
84 1272
85 2173
86 1129
87 491
88 1323
89 1498
90 1886
91 1848
92 1013
93 1761
94 716
95 340
96 1891
97 2949
98 2532
99 394
100 1882
101 2626
102 286
103 11
104 1246
105 1044
106 1184
107 826
108 2212
109 4
110 1672
111 2240
112 1062
113 1205
114 253
115 390
116 166
117 2920
118 502
119 744
120 666
121 1447
122 1948
123 1925
124 1052
125 587
126 2429
127 2595
128 2602
129 921
130 2948
131 857
132 1185
133 756
134 842
135 2465
136 2547
137 2754
138 505
139 2221
140 785
141 1520
142 2024
143 397
144 2457
145 2619
146 748
147 1769
148 159
149 959
150 795
151 287
152 2236
153 2056
154 496
155 2090
156 313
157 1748
158 1612
159 2368
160 79
161 189
162 651
163 433
164 1908
165 2927
166 2461
167 1381
168 2907
169 1310
170 2991
171 974
172 246
173 1529
174 31
175 2285
176 569
177 1324
178 2110
179 1370
180 1244
181 2764
182 584
183 632
184 2086
185 1172
186 2442
187 2309
188 2327
189 1966
190 2606
191 2934
192 703
193 2116
194 2170
195 2153
196 527
197 1596
198 2692
199 2168
200 2135
201 584
202 2304
203 651
204 933
205 1798
206 1068
207 1324
208 1783
209 810
210 2230
211 2749
212 47
213 1283
214 2839
215 1878
216 1771
217 1396
218 565
219 1474
220 2400
221 1346
222 2866
223 1835
224 196
225 925
226 2971
227 839
228 2985
229 1796
230 2830
231 2618
232 1687
233 977
234 1680
235 1214
236 262
237 2131
238 591
239 2220
240 2156
241 47
242 1063
243 1236
244 696
245 93
246 257
247 432
248 2829
249 1289
250 2829
251 2043
252 66
253 2030
254 2578
255 1477
256 1525
257 54
258 2290
259 1542
260 2867
261 696
262 627
263 2907
264 2633
265 750
266 1580
267 2641
268 2126
269 1456
270 222
271 2434
272 2361
273 938
274 2432
275 1786
276 1056
277 2689
278 2817
279 1577
280 1226
281 1099
282 2268
283 1273
284 2176
285 1339
286 2866
287 782
288 1757
289 2794
290 2945
291 1117
292 1171
293 1525
294 2244
295 2338
296 2532
297 2111
298 1273
299 2270
300 2398
301 422
302 301
303 703
304 309
305 1887
306 605
307 2153
308 743
309 1952
310 1044
311 1815
312 265
313 2943
314 853
315 420
316 2661
317 2967
318 1528
319 2139
320 1683
321 266
322 2306
323 31
324 2128
325 537
326 2353
327 521
328 76
329 115
330 2217
331 2333
332 477
333 2152
334 1954
335 2960
336 456
337 816
338 2639
339 1709
340 2951
341 1398
342 161
343 104
344 2030
345 1124
346 1121
347 2787
348 252
349 934
350 1965
351 154
352 2898
353 162
354 2481
355 1669
356 1671
357 2396
358 1796
359 627
360 2030
361 42
362 1107
363 1868
364 635
365 1291
366 405
367 1073
368 758
369 2932
370 867
371 1834
372 1313
373 1840
374 2647
375 2287
376 2492
377 892
378 1749
379 224
380 2457
381 293
382 2949
383 1444
384 2548
385 1792
386 2332
387 61
388 1827
389 2874
390 745
391 1489
392 1800
393 2556
394 1933
395 2903
396 1761
397 840
398 277
399 865
400 606
401 374
402 1037
403 2352
404 1107
405 1708
406 2276
407 129
408 2280
409 2154
410 1324
411 1831
412 2631
413 2566
414 1142
415 1049
416 1275
417 2192
418 907
419 2579
420 2887
421 2846
422 1271
423 274
424 672
425 2595
426 984
427 1042
428 1243
429 64
430 2066
431 2024
432 2683
433 1110
434 441
435 1474
436 1247
437 1950
438 778
439 2173
440 55
441 2394
442 1866
443 2979
444 1690
445 1194
446 400
447 424
448 1772
449 605
450 1339
451 1190
452 1813
453 336
454 1380
455 1152
456 2744
457 137
458 2010
459 87
460 2652
461 1763
462 2084
463 1493
464 1800
465 1303
466 1850
467 2649
468 850
469 2385
470 2891
471 65
472 2115
473 18
474 1671
475 1914
476 2568
477 2839
478 2488
479 1830
480 1452
481 129
482 2209
483 2166
484 224
485 1860
486 975
487 910
488 1166
489 221
490 1804
491 135
492 2363
493 2081
494 843
495 1616
496 486
497 1722
498 1567
499 9
500 112
501 1066
502 2743
503 85
504 2662
505 248
506 7
507 2294
508 2352
509 172
510 2091
511 2168
512 2590
513 390
514 2310
515 2402
516 524
517 1503
518 491
519 239
520 1652
521 2131
522 1614
523 2638
524 212
525 358
526 2067
527 2279
528 1386
529 1806
530 1791
531 1563
532 2493
533 1132
534 1490
535 1830
536 2543
537 954
538 2573
539 660
540 1473
541 794
542 1184
543 1104
544 2932
545 142
546 2756
547 2146
548 548
549 2861
550 2864
551 631
552 1495
553 350
554 2100
555 2560
556 326
557 1042
558 1702
559 427
560 996
561 1155
562 1091
563 2254
564 1684
565 603
566 2613
567 610
568 372
569 1562
570 1826
571 1329
572 1456
573 1385
574 1078
575 1885
576 2035
577 1194
578 1146
579 2082
580 48
581 1655
582 1644
583 353
584 2059
585 1597
586 1296
587 2826
588 2429
589 2498
590 717
591 2659
592 1028
593 494
594 1344
595 1606
596 1630
597 2485
598 1227
599 2047
600 478
601 968
602 1042
603 1721
604 1750
605 2485
606 222
607 147
608 1116
609 237
610 1930
611 442
612 95
613 1812
614 484
615 2422
616 2486
617 1126
618 2655
619 1323
620 1045
621 2111
622 1297
623 821
624 110
625 1041
626 1683
627 1102
628 1687
629 1911
630 442
631 1898
632 828
633 173
634 2417
635 1000
636 2380
637 1845
638 689
639 2067
640 1654
641 1956
642 1387
643 2496
644 881
645 357
646 657
647 159
648 424
649 1480
650 948
651 1761
652 246
653 1227
654 2686
655 2878
656 1511
657 1420
658 2514
659 1229
660 203
661 339
662 2939
663 2735
664 857
665 1365
666 1567
667 1509
668 2224
669 2735
670 2987
671 1452
672 276
673 1907
674 2222
675 987
676 1319
677 2
678 398
679 792
680 1225
681 86
682 2713
683 1933
684 2079
685 1060
686 2128
687 2624
688 2833
689 1042
690 2477
691 409
692 143
693 118
694 489
695 801
696 2205
697 2572
698 2683
699 1643
700 950
701 2658
702 750
703 724
704 1532
705 877
706 2573
707 585
708 139
709 2340
710 2781
711 1774
712 2227
713 381
714 2695
715 2068
716 36
717 1808
718 400
719 1569
720 2672
721 2514
722 383
723 1494
724 2324
725 2450
726 2235
727 1181
728 1767
729 1559
730 759
731 2542
732 2507
733 2720
734 2664
735 335
736 161
737 200
738 1127
739 1403
740 935
741 158
742 901
743 1763
744 2680
745 1679
746 53
747 2563
748 1662
749 1541
750 611
751 1063
752 2558
753 2025
754 1840
755 2175
756 1140
757 2268
758 2298
759 2505
760 2028
761 1520
762 87
763 2201
764 2999
765 2259
766 2698
767 246
768 1793
769 511
770 1630
771 2365
772 2268
773 1177
774 2874
775 2743
776 915
777 1037
778 2723
779 1347
780 2766
781 2990
782 1236
783 837
784 75
785 157
786 921
787 516
788 2939
789 735
790 1973
791 2563
792 2217
793 2012
794 2496
795 960
796 1909
797 1619
798 744
799 618
800 2827
801 1000
802 1173
803 2686
804 708
805 2100
806 2983
807 1773
808 2114
809 2267
810 2568
811 2426
812 1232
813 1346
814 2816
815 1153
816 789
817 1775
818 2703
819 2201
820 1848
821 878
822 561
823 2598
824 2512
825 792
826 167
827 1106
828 2204
829 300
830 1666
831 313
832 991
833 2620
834 372
835 2313
836 2655
837 20
838 2163
839 1456
840 1700
841 2781
842 2946
843 832
844 543
845 711
846 2198
847 1685
848 285
849 193

