841 96
0 660
1 2770
2 36
3 166
4 1052
5 2368
6 858
7 1802
8 2186
9 1306
10 2752
11 410
12 12
13 1620
14 2810
15 2087
16 1315
17 157
18 572
19 1215
20 1696
21 157
22 284
23 907
24 1481
25 2998
26 977
27 634
28 1359
29 1020
30 1023
31 2501
32 335
33 1135
34 2951
35 1493
36 1921
37 2958
38 2170
39 665
40 64
41 2560
42 255
43 2390
44 1571
45 2837
46 1423
47 2775
48 1226
49 205
50 1151
51 913
52 2464
53 2466
54 1342
55 2478
56 2488
57 1352
58 2684
59 837
60 2511
61 1338
62 1738
63 2932
64 1454
65 2776
66 2787
67 2651
68 1716
69 2865
70 967
71 537
72 1596
73 2587
74 1122
75 2863
76 449
77 1812
78 774
79 2200
80 2768
81 2281
82 840
83 2678
84 333
85 2694
86 2200
87 2538
88 2428
89 1076
90 2359
91 933
92 1025
93 2314
94 485
95 166
96 974
97 1322
98 2133
99 1810
100 1034
101 2446
102 31
103 2982
104 1735
105 1929
106 1887
107 2981
108 2650
109 1170
110 992
111 2232
112 29
113 622
114 332
115 910
116 1150
117 1742
118 2772
119 2623
120 1743
121 2872
122 972
123 1820
124 2015
125 1195
126 1695
127 807
128 40
129 176
130 389
131 1701
132 1618
133 568
134 1520
135 1626
136 203
137 1189
138 357
139 2687
140 42
141 2892
142 846
143 2584
144 957
145 2379
146 2285
147 789
148 281
149 924
150 608
151 2601
152 401
153 2658
154 1828
155 375
156 763
157 172
158 562
159 2946
160 1871
161 219
162 2513
163 439
164 562
165 884
166 1606
167 182
168 1391
169 2366
170 2827
171 2382
172 255
173 783
174 2641
175 1822
176 2700
177 891
178 1961
179 2788
180 2245
181 1804
182 2130
183 983
184 1693
185 1547
186 2971
187 1067
188 2858
189 2678
190 589
191 2986
192 1008
193 1719
194 1268
195 2610
196 1129
197 211
198 1422
199 1094
200 319
201 1501
202 1988
203 1338
204 1440
205 2555
206 2331
207 2962
208 575
209 1840
210 1058
211 2173
212 2718
213 493
214 731
215 158
216 947
217 866
218 762
219 2649
220 1894
221 1739
222 2636
223 783
224 2795
225 2029
226 1367
227 1327
228 2569
229 524
230 433
231 884
232 1029
233 1289
234 830
235 1415
236 2074
237 1277
238 152
239 922
240 994
241 1588
242 1707
243 235
244 1319
245 872
246 2085
247 2953
248 210
249 472
250 2818
251 840
252 2473
253 1424
254 830
255 747
256 1366
257 620
258 2569
259 1921
260 2579
261 1763
262 304
263 1153
264 1280
265 2618
266 2194
267 1374
268 494
269 516
270 852
271 1083
272 720
273 1755
274 2293
275 1943
276 2809
277 1947
278 622
279 306
280 2067
281 992
282 29
283 2115
284 1114
285 97
286 2450
287 1487
288 2251
289 2022
290 2801
291 2288
292 518
293 1524
294 847
295 2942
296 458
297 74
298 1136
299 863
300 1103
301 2560
302 932
303 1145
304 36
305 1271
306 2303
307 1761
308 1398
309 216
310 2912
311 1259
312 1019
313 2383
314 1566
315 358
316 1415
317 2560
318 1117
319 2574
320 1976
321 2622
322 1072
323 1647
324 381
325 876
326 2031
327 46
328 2815
329 264
330 687
331 2455
332 1284
333 2192
334 2843
335 967
336 59
337 370
338 1580
339 2887
340 1134
341 2181
342 975
343 1082
344 1541
345 2258
346 1783
347 1658
348 656
349 2146
350 2805
351 2551
352 2530
353 2980
354 2680
355 395
356 1389
357 2022
358 597
359 2655
360 522
361 2208
362 2431
363 1482
364 1175
365 2440
366 1008
367 235
368 2873
369 12
370 309
371 633
372 2244
373 2121
374 2989
375 1283
376 2193
377 591
378 862
379 1924
380 198
381 2933
382 1156
383 65
384 2703
385 2000
386 1818
387 682
388 388
389 289
390 120
391 2147
392 2559
393 2505
394 2201
395 1832
396 250
397 909
398 2888
399 1350
400 1214
401 2755
402 1174
403 765
404 2896
405 248
406 2081
407 496
408 231
409 1764
410 2345
411 2350
412 4
413 1235
414 1521
415 2589
416 2377
417 2454
418 1309
419 2134
420 613
421 264
422 285
423 2293
424 814
425 981
426 112
427 1440
428 1986
429 2861
430 1627
431 659
432 348
433 340
434 2491
435 374
436 1572
437 1612
438 2499
439 402
440 1982
441 154
442 1854
443 919
444 1840
445 1850
446 1011
447 1495
448 2992
449 1303
450 2224
451 1764
452 617
453 873
454 556
455 448
456 283
457 1894
458 2816
459 1590
460 291
461 363
462 1612
463 2436
464 2488
465 1686
466 2482
467 2959
468 1794
469 2331
470 1199
471 330
472 1444
473 1152
474 2957
475 2910
476 89
477 2268
478 996
479 1599
480 441
481 2345
482 2810
483 1865
484 1083
485 358
486 2530
487 872
488 1882
489 1969
490 1853
491 2645
492 1354
493 1918
494 1225
495 1561
496 1845
497 2635
498 2331
499 919
500 1912
501 866
502 592
503 2876
504 1883
505 224
506 2853
507 329
508 2042
509 210
510 2594
511 607
512 859
513 581
514 1566
515 18
516 2124
517 2080
518 2160
519 2290
520 1728
521 2114
522 1040
523 1109
524 1081
525 566
526 847
527 2569
528 2725
529 368
530 2600
531 1453
532 2651
533 1961
534 1889
535 2096
536 2986
537 2275
538 1331
539 1435
540 940
541 474
542 2602
543 344
544 839
545 1014
546 224
547 2562
548 794
549 2358
550 985
551 611
552 1048
553 421
554 1
555 1336
556 2979
557 876
558 1267
559 2036
560 2352
561 506
562 981
563 2036
564 13
565 1536
566 962
567 1739
568 374
569 512
570 2662
571 131
572 1750
573 2679
574 2313
575 2323
576 1969
577 2462
578 547
579 696
580 2821
581 265
582 2619
583 2757
584 1184
585 1469
586 1814
587 1397
588 1926
589 1910
590 758
591 1735
592 1835
593 2081
594 1905
595 2471
596 1499
597 2881
598 2516
599 174
600 1403
601 506
602 642
603 1190
604 1272
605 758
606 174
607 2430
608 2026
609 2602
610 879
611 771
612 2742
613 377
614 60
615 1421
616 600
617 2610
618 921
619 356
620 1567
621 2861
622 624
623 2181
624 1162
625 470
626 405
627 2294
628 1635
629 1761
630 1464
631 1225
632 2064
633 1731
634 2738
635 666
636 568
637 2528
638 1007
639 1681
640 2313
641 2415
642 1017
643 54
644 872
645 2590
646 1719
647 142
648 2558
649 1572
650 2969
651 1723
652 2019
653 21
654 1804
655 665
656 1332
657 1387
658 526
659 77
660 172
661 963
662 1300
663 2482
664 2215
665 2996
666 627
667 1670
668 1066
669 1979
670 2953
671 2688
672 70
673 1719
674 469
675 1136
676 2527
677 1926
678 396
679 1918
680 932
681 1817
682 1734
683 619
684 1311
685 649
686 359
687 663
688 483
689 96
690 1624
691 459
692 1932
693 2759
694 779
695 482
696 1139
697 904
698 2785
699 1320
700 728
701 2904
702 1075
703 1684
704 2007
705 2475
706 920
707 2180
708 2630
709 2397
710 942
711 2421
712 2199
713 2770
714 1938
715 2308
716 1317
717 2595
718 1599
719 2697
720 1168
721 2961
722 265
723 1169
724 2634
725 1800
726 1184
727 2611
728 1533
729 1917
730 1374
731 1976
732 582
733 2516
734 2424
735 1574
736 1577
737 1681
738 384
739 2786
740 1222
741 582
742 909
743 52
744 1422
745 829
746 214
747 2029
748 2042
749 2653
750 889
751 1655
752 578
753 1436
754 960
755 1384
756 964
757 779
758 1922
759 1052
760 1031
761 990
762 263
763 232
764 1602
765 1820
766 2785
767 2045
768 1502
769 2635
770 462
771 942
772 2602
773 1599
774 2863
775 424
776 363
777 1885
778 1826
779 2433
780 1936
781 2558
782 174
783 2993
784 536
785 2690
786 1104
787 2386
788 333
789 2013
790 1572
791 2315
792 2633
793 1487
794 1593
795 431
796 857
797 2623
798 790
799 446
800 984
801 2074
802 774
803 2853
804 29
805 2693
806 1568
807 1378
808 1292
809 414
810 1490
811 587
812 2156
813 2762
814 655
815 982
816 2336
817 2282
818 2114
819 144
820 1261
821 2284
822 2720
823 991
824 304
825 203
826 19
827 1449
828 2922
829 2504
830 1145
831 936
832 112
833 2971
834 1731
835 465
836 2666
837 1793
838 2420
839 566
840 2631

