826 76
0 2585
1 1440
2 1621
3 583
4 913
5 1570
6 588
7 430
8 2890
9 751
10 1388
11 1445
12 2538
13 59
14 1326
15 1971
16 452
17 2985
18 289
19 409
20 1455
21 70
22 1858
23 1652
24 2643
25 797
26 1351
27 721
28 2857
29 593
30 50
31 1193
32 1104
33 1719
34 1318
35 525
36 608
37 1440
38 678
39 1253
40 2847
41 840
42 583
43 15
44 1808
45 2353
46 2075
47 935
48 506
49 639
50 1396
51 191
52 1802
53 126
54 683
55 848
56 1084
57 142
58 17
59 1155
60 747
61 1258
62 914
63 872
64 1852
65 652
66 192
67 2476
68 2279
69 1764
70 1029
71 1161
72 1445
73 2909
74 1505
75 1479
76 2233
77 2184
78 1878
79 35
80 1975
81 1011
82 2667
83 705
84 2554
85 157
86 2908
87 848
88 2318
89 1950
90 803
91 982
92 2322
93 1083
94 1184
95 933
96 2871
97 2028
98 366
99 1732
100 461
101 2473
102 1500
103 1521
104 1975
105 2257
106 2535
107 988
108 2218
109 415
110 2160
111 1132
112 2213
113 2096
114 2077
115 2887
116 2781
117 2854
118 603
119 148
120 2441
121 2478
122 2539
123 2115
124 605
125 2364
126 1167
127 1
128 159
129 548
130 1815
131 720
132 470
133 415
134 2524
135 893
136 1975
137 1022
138 1171
139 1258
140 431
141 2718
142 1490
143 1911
144 2984
145 54
146 2627
147 2679
148 700
149 1460
150 2177
151 2001
152 896
153 2565
154 2019
155 1707
156 1317
157 852
158 2868
159 1277
160 2653
161 1470
162 1488
163 2791
164 1792
165 210
166 38
167 2508
168 265
169 2899
170 556
171 1888
172 1184
173 275
174 2161
175 1759
176 2264
177 663
178 2075
179 992
180 2158
181 2219
182 2987
183 2902
184 769
185 448
186 2817
187 1064
188 2777
189 298
190 2773
191 177
192 2534
193 2636
194 1304
195 2997
196 288
197 569
198 573
199 862
200 911
201 251
202 2455
203 728
204 2062
205 1826
206 490
207 2750
208 2983
209 2491
210 2394
211 745
212 877
213 2917
214 2350
215 1712
216 479
217 1376
218 2997
219 110
220 2211
221 449
222 2134
223 2762
224 773
225 318
226 2107
227 306
228 791
229 100
230 2167
231 2849
232 521
233 545
234 270
235 439
236 921
237 2245
238 860
239 10
240 1682
241 287
242 1879
243 892
244 1540
245 729
246 1399
247 1837
248 260
249 2928
250 2812
251 2452
252 2904
253 707
254 1087
255 724
256 1181
257 998
258 1700
259 1942
260 2360
261 1218
262 907
263 2409
264 1293
265 2687
266 1165
267 356
268 324
269 2885
270 346
271 2654
272 870
273 2967
274 2425
275 1477
276 1439
277 638
278 488
279 2686
280 531
281 1589
282 1558
283 712
284 438
285 2056
286 266
287 1903
288 2514
289 2834
290 1828
291 2321
292 2363
293 1807
294 1472
295 1047
296 2161
297 2959
298 1836
299 414
300 822
301 875
302 1760
303 1254
304 38
305 1024
306 2424
307 1668
308 2797
309 713
310 2524
311 316
312 2714
313 98
314 2120
315 1060
316 2483
317 109
318 2663
319 1657
320 2323
321 1928
322 1530
323 2711
324 27
325 253
326 2499
327 136
328 1038
329 1161
330 271
331 1228
332 2872
333 1134
334 815
335 252
336 2079
337 648
338 1132
339 230
340 904
341 598
342 1381
343 545
344 88
345 1661
346 1751
347 2896
348 851
349 1308
350 1392
351 1607
352 1799
353 1056
354 1364
355 2951
356 2996
357 2168
358 434
359 639
360 215
361 2596
362 244
363 2086
364 2857
365 1596
366 1614
367 992
368 2872
369 71
370 974
371 2321
372 190
373 2888
374 220
375 139
376 1930
377 967
378 135
379 1342
380 1927
381 584
382 598
383 1161
384 22
385 866
386 547
387 1713
388 730
389 844
390 2788
391 2672
392 1649
393 2214
394 2342
395 174
396 1998
397 1635
398 1902
399 1329
400 442
401 2886
402 1296
403 2974
404 466
405 1318
406 183
407 1484
408 1277
409 2986
410 1390
411 1067
412 706
413 1558
414 687
415 2756
416 412
417 1887
418 1720
419 1757
420 1051
421 104
422 928
423 777
424 2418
425 2795
426 326
427 1798
428 1394
429 1630
430 1973
431 2694
432 1254
433 681
434 2546
435 586
436 2641
437 2717
438 251
439 2621
440 1636
441 1045
442 964
443 597
444 2677
445 2742
446 2528
447 1287
448 2532
449 1541
450 757
451 2751
452 850
453 201
454 2541
455 1885
456 1060
457 1195
458 1014
459 566
460 1413
461 83
462 886
463 2454
464 80
465 1054
466 893
467 1069
468 292
469 2504
470 1847
471 1739
472 1672
473 1453
474 961
475 1612
476 1007
477 585
478 89
479 2001
480 1589
481 2176
482 2236
483 1854
484 109
485 2935
486 254
487 443
488 857
489 2609
490 324
491 1184
492 510
493 1192
494 2026
495 653
496 925
497 2812
498 2425
499 665
500 1334
501 940
502 1804
503 824
504 430
505 269
506 2005
507 1431
508 2708
509 1365
510 2381
511 30
512 2216
513 144
514 406
515 741
516 31
517 437
518 1374
519 951
520 1297
521 598
522 803
523 1404
524 2371
525 2958
526 2265
527 2651
528 1867
529 623
530 1387
531 1078
532 2043
533 1441
534 1379
535 2447
536 2165
537 1175
538 1443
539 2117
540 2258
541 2489
542 1757
543 1208
544 103
545 1403
546 1039
547 453
548 2843
549 2113
550 2312
551 1479
552 435
553 2190
554 1342
555 1701
556 1983
557 126
558 1645
559 1784
560 2811
561 1823
562 2719
563 2608
564 2368
565 1811
566 803
567 1434
568 313
569 2802
570 581
571 279
572 1065
573 2933
574 667
575 1374
576 2929
577 1560
578 2305
579 1613
580 109
581 1212
582 778
583 68
584 2645
585 1983
586 2604
587 859
588 1382
589 359
590 1064
591 901
592 164
593 195
594 2329
595 2622
596 986
597 2232
598 2730
599 1250
600 1322
601 1506
602 371
603 1944
604 2849
605 147
606 857
607 2717
608 2709
609 2148
610 1951
611 2382
612 2429
613 2697
614 343
615 912
616 2441
617 1339
618 2285
619 846
620 383
621 76
622 2293
623 1820
624 1348
625 427
626 2066
627 1200
628 2103
629 1149
630 1640
631 1547
632 1291
633 1903
634 567
635 1376
636 2877
637 1499
638 977
639 1339
640 253
641 2119
642 1663
643 398
644 207
645 1458
646 89
647 1135
648 4
649 712
650 2066
651 927
652 652
653 1635
654 2902
655 1883
656 2922
657 2273
658 2121
659 1242
660 2767
661 2626
662 1604
663 2196
664 491
665 1799
666 2153
667 1792
668 1245
669 503
670 1769
671 1447
672 631
673 485
674 2877
675 2424
676 1286
677 1404
678 1401
679 1818
680 2840
681 823
682 1364
683 456
684 1935
685 648
686 77
687 1545
688 40
689 676
690 1726
691 1628
692 2557
693 1456
694 1364
695 798
696 2692
697 1534
698 1080
699 1368
700 863
701 2642
702 1355
703 1533
704 1121
705 1615
706 1848
707 1377
708 1389
709 2458
710 601
711 269
712 2047
713 2743
714 1816
715 2539
716 268
717 2480
718 1760
719 2853
720 1711
721 2077
722 165
723 1567
724 516
725 1365
726 675
727 2878
728 2483
729 649
730 824
731 202
732 2436
733 1099
734 1940
735 1972
736 1316
737 2104
738 1988
739 2028
740 1538
741 1169
742 1128
743 2647
744 2189
745 2483
746 695
747 1467
748 1279
749 356
750 1738
751 2621
752 1005
753 2246
754 1063
755 50
756 1974
757 515
758 652
759 345
760 540
761 2445
762 410
763 33
764 793
765 2145
766 250
767 2336
768 403
769 1039
770 369
771 2774
772 1719
773 1141
774 1028
775 1584
776 2829
777 2187
778 181
779 2935
780 2396
781 1108
782 2281
783 1228
784 771
785 1768
786 1761
787 2787
788 2818
789 1131
790 2901
791 1203
792 348
793 2706
794 1725
795 1980
796 2905
797 100
798 1389
799 1611
800 2274
801 1116
802 1403
803 494
804 2604
805 2552
806 2256
807 124
808 1899
809 2788
810 2944
811 1228
812 1391
813 2555
814 307
815 2640
816 1342
817 1199
818 595
819 1937
820 146
821 2871
822 2870
823 991
824 836
825 1926

