66 76
0 868
1 572
2 1225
3 1571
4 2558
5 2870
6 1182
7 1897
8 373
9 1914
10 1846
11 2337
12 271
13 1120
14 1086
15 817
16 2316
17 2847
18 1750
19 1688
20 2487
21 1670
22 2121
23 2279
24 875
25 1304
26 2649
27 1458
28 1076
29 2758
30 368
31 1179
32 2333
33 882
34 2822
35 2611
36 2065
37 1238
38 1717
39 159
40 1961
41 2801
42 2157
43 354
44 610
45 1105
46 2133
47 2376
48 2040
49 1830
50 1507
51 1982
52 2472
53 858
54 2314
55 1513
56 639
57 188
58 2832
59 1453
60 1779
61 868
62 2469
63 984
64 1756
65 2115

