979 23
0 2815
1 2730
2 1430
3 471
4 2354
5 79
6 201
7 246
8 1177
9 2479
10 144
11 1417
12 1428
13 923
14 264
15 2608
16 1572
17 2171
18 1114
19 2852
20 1128
21 2336
22 2810
23 922
24 1486
25 889
26 2376
27 467
28 197
29 522
30 1104
31 1342
32 259
33 1103
34 2658
35 386
36 2318
37 212
38 1350
39 1878
40 2799
41 1773
42 927
43 1424
44 2847
45 473
46 212
47 2155
48 2145
49 575
50 1391
51 1385
52 2708
53 215
54 790
55 337
56 2659
57 1515
58 292
59 2156
60 2506
61 2207
62 2061
63 1731
64 448
65 2415
66 206
67 1429
68 531
69 1577
70 856
71 1340
72 2689
73 117
74 856
75 1992
76 2568
77 1012
78 2311
79 973
80 1693
81 2260
82 78
83 1195
84 1154
85 2845
86 256
87 1307
88 2842
89 2361
90 1763
91 300
92 2032
93 3
94 1802
95 675
96 633
97 149
98 1068
99 1240
100 2706
101 989
102 7
103 2347
104 2936
105 390
106 2456
107 2192
108 2363
109 1880
110 935
111 575
112 701
113 1971
114 321
115 2023
116 2264
117 1983
118 321
119 1233
120 2626
121 479
122 136
123 991
124 1161
125 630
126 290
127 1878
128 362
129 2018
130 1192
131 1147
132 1363
133 1489
134 1983
135 1956
136 260
137 2421
138 137
139 734
140 2718
141 2973
142 1059
143 245
144 507
145 2728
146 872
147 2117
148 782
149 354
150 642
151 591
152 762
153 1273
154 2184
155 2562
156 899
157 1335
158 688
159 816
160 2282
161 1861
162 2806
163 799
164 1474
165 1245
166 2980
167 2194
168 2839
169 175
170 660
171 592
172 780
173 2286
174 1060
175 2984
176 2898
177 1231
178 2205
179 2562
180 574
181 2986
182 1638
183 1216
184 1188
185 108
186 2024
187 2801
188 1605
189 437
190 161
191 1356
192 1304
193 2002
194 2651
195 2288
196 2653
197 1179
198 229
199 783
200 2088
201 314
202 2969
203 1160
204 132
205 174
206 406
207 2628
208 837
209 2546
210 2157
211 1253
212 1332
213 394
214 2976
215 1698
216 1014
217 2205
218 79
219 272
220 947
221 2532
222 2380
223 1365
224 341
225 2523
226 2301
227 170
228 792
229 715
230 1400
231 2148
232 426
233 1375
234 433
235 1759
236 2134
237 496
238 920
239 788
240 2732
241 1446
242 249
243 138
244 2172
245 1431
246 1794
247 432
248 1295
249 1863
250 905
251 2132
252 2819
253 1301
254 2438
255 2650
256 1202
257 1129
258 1798
259 2224
260 481
261 1280
262 1240
263 1959
264 1108
265 876
266 1353
267 1803
268 2742
269 1508
270 1559
271 1811
272 954
273 701
274 1803
275 2222
276 330
277 1232
278 1009
279 70
280 2964
281 683
282 2745
283 2487
284 1599
285 823
286 2802
287 2366
288 2994
289 2901
290 1906
291 211
292 423
293 487
294 2277
295 370
296 2786
297 444
298 2855
299 1403
300 1910
301 2155
302 2637
303 475
304 457
305 715
306 222
307 1150
308 1794
309 2745
310 1461
311 1244
312 915
313 1040
314 1529
315 2193
316 2522
317 1939
318 2568
319 1844
320 2156
321 2980
322 676
323 1551
324 462
325 2064
326 1187
327 2577
328 275
329 2745
330 711
331 859
332 640
333 1792
334 2108
335 293
336 762
337 2040
338 1714
339 1353
340 2753
341 970
342 2311
343 1383
344 734
345 1824
346 452
347 2319
348 1708
349 1414
350 2148
351 1667
352 1065
353 232
354 2227
355 2548
356 2215
357 178
358 2935
359 1099
360 930
361 2729
362 743
363 1223
364 899
365 1629
366 1087
367 2098
368 2850
369 685
370 34
371 2034
372 92
373 2096
374 1560
375 2445
376 1988
377 1220
378 2673
379 2618
380 2845
381 1681
382 822
383 502
384 1546
385 1753
386 2746
387 1628
388 2720
389 1604
390 1488
391 2724
392 1588
393 2551
394 2877
395 658
396 644
397 2520
398 2067
399 2663
400 2940
401 1115
402 902
403 1750
404 1890
405 2632
406 1302
407 2133
408 479
409 2358
410 1208
411 1976
412 1433
413 1496
414 315
415 303
416 2940
417 1761
418 1932
419 1533
420 1798
421 740
422 357
423 2363
424 2596
425 1634
426 414
427 2109
428 2656
429 2202
430 1395
431 5
432 1100
433 706
434 2301
435 1688
436 591
437 874
438 2303
439 936
440 1498
441 2129
442 1921
443 1789
444 2975
445 1865
446 2685
447 2588
448 2466
449 2811
450 1994
451 1427
452 1754
453 256
454 1490
455 318
456 2752
457 1568
458 1422
459 947
460 1610
461 923
462 1657
463 2473
464 1841
465 2802
466 2758
467 2870
468 953
469 106
470 1264
471 2128
472 85
473 964
474 1945
475 404
476 1648
477 216
478 514
479 1968
480 2803
481 2703
482 1202
483 653
484 398
485 51
486 1511
487 2851
488 1064
489 2294
490 2996
491 461
492 2764
493 1373
494 535
495 323
496 2521
497 2927
498 2323
499 1221
500 1625
501 326
502 2961
503 2548
504 1798
505 2471
506 20
507 2101
508 2772
509 2279
510 1376
511 2029
512 306
513 2065
514 1334
515 2017
516 1106
517 1293
518 16
519 2059
520 2144
521 2192
522 599
523 749
524 1728
525 2737
526 2074
527 2278
528 163
529 1545
530 943
531 1595
532 2257
533 1391
534 1454
535 273
536 1274
537 2637
538 2553
539 322
540 2838
541 1677
542 571
543 2576
544 705
545 631
546 2376
547 674
548 2711
549 438
550 2730
551 2769
552 1617
553 1287
554 2423
555 329
556 603
557 1210
558 2731
559 2755
560 1773
561 1455
562 37
563 580
564 2338
565 2074
566 2446
567 1436
568 579
569 2585
570 83
571 860
572 2379
573 1184
574 2466
575 1744
576 2037
577 278
578 947
579 1583
580 2227
581 2951
582 1798
583 746
584 2070
585 1911
586 1029
587 1041
588 504
589 2511
590 2718
591 2996
592 2506
593 213
594 2371
595 936
596 2903
597 934
598 570
599 846
600 82
601 322
602 2806
603 1090
604 74
605 2221
606 1196
607 1256
608 2715
609 536
610 202
611 738
612 225
613 552
614 483
615 2706
616 241
617 541
618 1873
619 1392
620 400
621 2461
622 2674
623 1840
624 1450
625 353
626 45
627 212
628 2573
629 2703
630 1909
631 1595
632 1622
633 2390
634 1945
635 609
636 611
637 1032
638 2703
639 170
640 2920
641 2481
642 729
643 259
644 963
645 1057
646 834
647 2714
648 1760
649 2314
650 1662
651 1843
652 2376
653 1546
654 2741
655 1218
656 1858
657 184
658 1463
659 2818
660 1996
661 570
662 1650
663 38
664 1884
665 2016
666 2353
667 270
668 2145
669 199
670 2353
671 2074
672 2275
673 1715
674 1997
675 2648
676 1179
677 2188
678 2282
679 1371
680 2594
681 1689
682 905
683 103
684 1877
685 2567
686 0
687 543
688 1609
689 2289
690 1240
691 406
692 2761
693 2352
694 2418
695 452
696 1878
697 2784
698 19
699 1934
700 125
701 527
702 297
703 628
704 2856
705 2250
706 847
707 77
708 2930
709 1177
710 2394
711 1486
712 1467
713 497
714 664
715 730
716 712
717 2351
718 1043
719 679
720 621
721 1356
722 1357
723 1811
724 1509
725 2315
726 1304
727 1153
728 1663
729 2252
730 1361
731 1259
732 2524
733 50
734 361
735 2607
736 2289
737 427
738 346
739 2572
740 1708
741 798
742 2965
743 183
744 2452
745 1117
746 2362
747 542
748 1442
749 2457
750 1224
751 2230
752 24
753 2438
754 2395
755 373
756 854
757 837
758 2977
759 574
760 991
761 1714
762 897
763 219
764 2625
765 376
766 1211
767 2159
768 2556
769 1851
770 1481
771 2764
772 2800
773 9
774 1743
775 2667
776 2246
777 1234
778 1660
779 2118
780 742
781 374
782 2780
783 934
784 1246
785 399
786 637
787 2295
788 931
789 1658
790 686
791 2494
792 2907
793 967
794 2453
795 736
796 2076
797 2023
798 1282
799 2449
800 1685
801 2788
802 2709
803 372
804 2779
805 398
806 626
807 1896
808 943
809 1307
810 2719
811 1951
812 1260
813 1007
814 329
815 976
816 1502
817 2231
818 1545
819 1891
820 7
821 1148
822 2999
823 2682
824 1132
825 1584
826 835
827 864
828 669
829 2507
830 538
831 1244
832 896
833 2274
834 2928
835 868
836 2534
837 1840
838 2720
839 2919
840 638
841 1237
842 981
843 1053
844 1386
845 44
846 2622
847 719
848 640
849 2132
850 359
851 1701
852 1775
853 2345
854 2646
855 2476
856 528
857 1789
858 2276
859 1342
860 2196
861 1843
862 1948
863 328
864 1705
865 358
866 1446
867 1950
868 2633
869 1189
870 48
871 579
872 1112
873 1814
874 2842
875 1853
876 39
877 2316
878 1135
879 2499
880 1747
881 2472
882 114
883 373
884 2902
885 1157
886 2723
887 180
888 1819
889 2411
890 2860
891 2670
892 1202
893 863
894 1446
895 2157
896 368
897 2690
898 1723
899 1530
900 630
901 2577
902 2395
903 2448
904 2781
905 2585
906 2786
907 893
908 1497
909 2625
910 1365
911 764
912 2709
913 290
914 1636
915 1011
916 1247
917 232
918 1221
919 50
920 2667
921 2364
922 78
923 411
924 2368
925 1117
926 515
927 1617
928 348
929 2185
930 326
931 336
932 1115
933 335
934 2777
935 1338
936 710
937 95
938 2890
939 1859
940 734
941 1886
942 910
943 55
944 1628
945 1843
946 2689
947 1502
948 2173
949 1211
950 2144
951 2336
952 1075
953 2484
954 2307
955 2746
956 2428
957 1768
958 2050
959 2020
960 529
961 2451
962 2172
963 1845
964 2850
965 2205
966 907
967 299
968 587
969 2870
970 211
971 651
972 942
973 2837
974 282
975 772
976 1016
977 178
978 808

