927 24
0 2928
1 1152
2 495
3 2074
4 1246
5 1658
6 486
7 1810
8 1715
9 2856
10 1788
11 5
12 1519
13 1513
14 725
15 1977
16 2349
17 2318
18 1554
19 1162
20 1365
21 537
22 1879
23 1301
24 346
25 2590
26 502
27 1677
28 1240
29 2145
30 39
31 1487
32 843
33 2159
34 123
35 2269
36 2280
37 611
38 1262
39 2552
40 2130
41 1058
42 359
43 1344
44 925
45 627
46 2630
47 89
48 1803
49 620
50 1848
51 2329
52 1225
53 185
54 2774
55 2316
56 2357
57 1755
58 1949
59 1265
60 1698
61 15
62 413
63 1657
64 2655
65 1244
66 2660
67 1742
68 1077
69 1866
70 814
71 618
72 194
73 292
74 1793
75 573
76 1064
77 1746
78 2436
79 796
80 1858
81 2337
82 1014
83 2633
84 2137
85 1036
86 2387
87 2589
88 1607
89 2845
90 2349
91 2361
92 2453
93 111
94 751
95 1145
96 2924
97 2343
98 1618
99 2511
100 2637
101 1371
102 194
103 38
104 564
105 1541
106 1117
107 2397
108 2142
109 2060
110 903
111 2468
112 1736
113 2643
114 1235
115 381
116 1120
117 1002
118 1870
119 2659
120 2581
121 2856
122 1026
123 1050
124 2157
125 1186
126 2222
127 2466
128 1684
129 2529
130 1681
131 1678
132 1090
133 174
134 1180
135 2772
136 1440
137 2378
138 659
139 1405
140 1583
141 1369
142 2260
143 1520
144 722
145 2063
146 2888
147 602
148 325
149 505
150 609
151 1349
152 475
153 1847
154 432
155 483
156 958
157 1671
158 2428
159 1274
160 330
161 13
162 1437
163 1914
164 1397
165 1266
166 2013
167 1996
168 1489
169 1554
170 1119
171 1304
172 40
173 2023
174 161
175 2702
176 411
177 2290
178 2956
179 2487
180 2775
181 1955
182 1030
183 38
184 2191
185 222
186 1332
187 2131
188 2591
189 90
190 2962
191 430
192 81
193 724
194 338
195 2951
196 604
197 2041
198 1196
199 209
200 2708
201 7
202 853
203 509
204 771
205 2722
206 706
207 935
208 1919
209 520
210 1868
211 271
212 1534
213 1660
214 700
215 658
216 1358
217 2346
218 937
219 1945
220 979
221 1822
222 734
223 926
224 1984
225 2684
226 1733
227 894
228 1636
229 2625
230 2055
231 216
232 71
233 981
234 155
235 1289
236 120
237 2891
238 2911
239 1776
240 1645
241 1540
242 1358
243 1943
244 2848
245 2942
246 283
247 2071
248 2111
249 279
250 2500
251 1253
252 2490
253 472
254 2842
255 1534
256 2844
257 72
258 661
259 1587
260 584
261 1810
262 2518
263 2271
264 619
265 1818
266 27
267 1212
268 2179
269 1196
270 85
271 278
272 1205
273 2309
274 306
275 514
276 2389
277 803
278 2227
279 2387
280 537
281 826
282 852
283 1010
284 1927
285 1851
286 717
287 1245
288 974
289 2765
290 980
291 2541
292 923
293 2506
294 2149
295 1910
296 2598
297 1641
298 163
299 1127
300 1382
301 2782
302 2491
303 798
304 1031
305 1387
306 2955
307 2661
308 295
309 2560
310 166
311 627
312 1255
313 1749
314 2743
315 2357
316 2372
317 244
318 736
319 2505
320 1054
321 146
322 1196
323 2844
324 2415
325 2069
326 1653
327 707
328 1768
329 1966
330 878
331 625
332 818
333 777
334 1541
335 2544
336 2271
337 2550
338 1947
339 2486
340 401
341 158
342 437
343 423
344 1347
345 315
346 350
347 2434
348 1062
349 1283
350 1067
351 1000
352 1627
353 1147
354 511
355 439
356 2066
357 1364
358 2701
359 1700
360 1018
361 535
362 1426
363 1342
364 1366
365 895
366 2111
367 2641
368 1292
369 452
370 838
371 2517
372 2384
373 2005
374 71
375 2890
376 2072
377 537
378 2991
379 2051
380 1045
381 1459
382 1287
383 1259
384 1773
385 1108
386 2459
387 1480
388 284
389 1518
390 527
391 2826
392 1540
393 2205
394 1290
395 2348
396 1270
397 334
398 995
399 801
400 1191
401 1654
402 1340
403 1434
404 2024
405 1503
406 899
407 2238
408 797
409 2138
410 1924
411 1734
412 1702
413 144
414 1491
415 635
416 1384
417 1709
418 2378
419 1853
420 1650
421 2599
422 2942
423 1293
424 2072
425 930
426 186
427 809
428 1591
429 2091
430 1780
431 1931
432 506
433 727
434 1788
435 1777
436 52
437 1933
438 1524
439 2830
440 514
441 1087
442 2867
443 1333
444 2850
445 1412
446 1728
447 731
448 2198
449 2049
450 760
451 1031
452 1445
453 2580
454 543
455 2784
456 1360
457 669
458 1235
459 794
460 711
461 1939
462 2395
463 2465
464 1994
465 1196
466 1703
467 2625
468 2062
469 2972
470 942
471 926
472 254
473 419
474 1177
475 636
476 2491
477 468
478 2394
479 61
480 2864
481 805
482 159
483 1006
484 1735
485 296
486 2281
487 291
488 0
489 2094
490 212
491 1436
492 2255
493 13
494 2596
495 859
496 2701
497 2287
498 1688
499 1114
500 299
501 1456
502 798
503 2122
504 1239
505 457
506 2833
507 1494
508 1132
509 132
510 2384
511 1095
512 2451
513 1857
514 1603
515 2829
516 134
517 819
518 926
519 2379
520 2012
521 1870
522 1865
523 2762
524 2107
525 882
526 1442
527 2694
528 1155
529 1283
530 1970
531 2365
532 2207
533 541
534 2410
535 911
536 2258
537 1079
538 681
539 1859
540 427
541 2587
542 1721
543 21
544 2759
545 2138
546 2902
547 1699
548 869
549 2787
550 825
551 5
552 2474
553 2587
554 740
555 1985
556 1146
557 4
558 1410
559 261
560 1117
561 965
562 1045
563 647
564 1884
565 1593
566 2790
567 1020
568 1734
569 1836
570 69
571 1320
572 963
573 1563
574 723
575 1363
576 1098
577 1572
578 2514
579 2686
580 2511
581 242
582 103
583 1258
584 2721
585 609
586 2238
587 2458
588 2413
589 586
590 883
591 1497
592 2303
593 2973
594 2782
595 256
596 2303
597 1971
598 1716
599 2109
600 325
601 2603
602 818
603 322
604 1236
605 174
606 1788
607 2628
608 108
609 1022
610 1365
611 2756
612 1253
613 1749
614 2608
615 2230
616 1725
617 2178
618 563
619 1129
620 2430
621 28
622 528
623 2696
624 1856
625 54
626 2224
627 202
628 1441
629 1012
630 680
631 1265
632 1905
633 1063
634 1387
635 2772
636 2555
637 293
638 1895
639 2882
640 573
641 2266
642 2051
643 627
644 776
645 1836
646 649
647 2224
648 1197
649 41
650 1347
651 404
652 2030
653 1187
654 1638
655 706
656 1817
657 1582
658 1958
659 1220
660 604
661 1055
662 190
663 718
664 2053
665 1656
666 116
667 1380
668 1309
669 549
670 461
671 1193
672 2719
673 2068
674 2696
675 2330
676 172
677 2076
678 943
679 14
680 1009
681 2229
682 2486
683 252
684 2073
685 1046
686 2366
687 2761
688 1268
689 1398
690 165
691 2849
692 2905
693 1373
694 1312
695 106
696 1071
697 1322
698 1803
699 1410
700 1251
701 1901
702 250
703 1888
704 772
705 569
706 865
707 954
708 1870
709 1941
710 116
711 2975
712 617
713 167
714 498
715 1988
716 1964
717 2480
718 2517
719 694
720 1065
721 923
722 764
723 2892
724 2030
725 1884
726 1343
727 871
728 230
729 45
730 2259
731 1367
732 2102
733 370
734 1273
735 2430
736 864
737 723
738 1186
739 649
740 2831
741 2917
742 2026
743 879
744 2666
745 1939
746 1091
747 2380
748 2146
749 1915
750 2653
751 861
752 1299
753 370
754 2305
755 1549
756 2799
757 2133
758 20
759 901
760 2399
761 1830
762 1735
763 2894
764 1347
765 2393
766 1492
767 928
768 1987
769 1713
770 1741
771 11
772 2616
773 346
774 2405
775 2132
776 1796
777 603
778 2607
779 823
780 679
781 1913
782 1679
783 2856
784 902
785 1999
786 1049
787 992
788 14
789 928
790 593
791 79
792 2079
793 2561
794 2895
795 555
796 884
797 1886
798 1618
799 2678
800 1481
801 2776
802 2395
803 2673
804 1137
805 1287
806 2919
807 1766
808 1770
809 2120
810 2890
811 209
812 1781
813 1020
814 2212
815 741
816 2509
817 284
818 1039
819 1016
820 1112
821 2170
822 1961
823 2034
824 2808
825 1949
826 352
827 1279
828 2368
829 1721
830 1179
831 1731
832 1601
833 1218
834 2827
835 1536
836 2579
837 2711
838 2892
839 1702
840 1883
841 2079
842 2584
843 2668
844 1222
845 1483
846 2572
847 2981
848 2268
849 1944
850 1644
851 2476
852 1212
853 823
854 1191
855 191
856 1273
857 1543
858 290
859 1973
860 2106
861 1172
862 252
863 70
864 1144
865 1815
866 95
867 1194
868 506
869 71
870 2197
871 4
872 633
873 2720
874 1591
875 424
876 2392
877 33
878 1027
879 2029
880 1591
881 1269
882 1866
883 63
884 245
885 1638
886 401
887 1186
888 1141
889 1199
890 2722
891 383
892 1399
893 2929
894 1946
895 2148
896 2914
897 2259
898 2316
899 775
900 1586
901 2835
902 1409
903 1765
904 1550
905 1791
906 1069
907 1945
908 2527
909 652
910 648
911 379
912 1835
913 1007
914 1846
915 157
916 1974
917 203
918 2593
919 2831
920 2893
921 2593
922 920
923 2849
924 2137
925 2380
926 108

