997 62
0 1248
1 1921
2 2414
3 1371
4 955
5 10
6 799
7 2489
8 973
9 624
10 1538
11 519
12 270
13 708
14 652
15 1717
16 1649
17 1170
18 353
19 2018
20 634
21 2347
22 638
23 1903
24 472
25 2572
26 1904
27 121
28 1911
29 2221
30 1727
31 2797
32 1343
33 2217
34 1742
35 1121
36 713
37 998
38 2414
39 505
40 2053
41 1042
42 1996
43 1270
44 1121
45 1918
46 1845
47 1526
48 1735
49 79
50 1212
51 469
52 11
53 1308
54 2014
55 2455
56 2841
57 2772
58 1427
59 410
60 2553
61 2023
62 138
63 983
64 1586
65 2956
66 1447
67 144
68 1918
69 1091
70 1965
71 959
72 2731
73 2814
74 2302
75 620
76 21
77 1744
78 595
79 1896
80 2985
81 2271
82 2070
83 97
84 1348
85 605
86 2895
87 2754
88 2864
89 1536
90 2618
91 1358
92 666
93 2410
94 1591
95 60
96 1984
97 1517
98 30
99 2664
100 1712
101 424
102 438
103 1265
104 2432
105 1433
106 1234
107 133
108 1970
109 1619
110 2987
111 2391
112 835
113 1268
114 1469
115 100
116 832
117 1491
118 655
119 2733
120 1015
121 280
122 2782
123 2997
124 1075
125 1990
126 2228
127 1944
128 87
129 870
130 2947
131 666
132 1623
133 25
134 404
135 2083
136 66
137 481
138 2646
139 2052
140 2528
141 1681
142 2844
143 1067
144 1473
145 882
146 720
147 2972
148 1886
149 2941
150 2022
151 209
152 1154
153 2934
154 1935
155 2025
156 539
157 2455
158 1312
159 1903
160 1322
161 2578
162 2424
163 1692
164 348
165 2958
166 43
167 2503
168 1897
169 2690
170 1806
171 2883
172 1084
173 2285
174 1826
175 2253
176 1730
177 1509
178 2996
179 395
180 818
181 1264
182 1719
183 1623
184 1703
185 1154
186 977
187 2426
188 227
189 1931
190 1671
191 94
192 1849
193 1860
194 1899
195 2517
196 371
197 2495
198 1576
199 2256
200 115
201 2427
202 2884
203 1445
204 2780
205 2169
206 1377
207 2123
208 1181
209 2583
210 1891
211 2891
212 1688
213 2260
214 2179
215 1973
216 624
217 131
218 121
219 1023
220 1102
221 1725
222 2514
223 933
224 582
225 1055
226 1276
227 2604
228 1057
229 2406
230 1086
231 655
232 2166
233 2204
234 1634
235 2232
236 2833
237 2836
238 204
239 935
240 222
241 2915
242 1401
243 1746
244 1210
245 2727
246 2949
247 2862
248 2418
249 97
250 2057
251 2366
252 32
253 425
254 2829
255 179
256 1905
257 1208
258 776
259 2437
260 1639
261 1815
262 1113
263 1963
264 2930
265 221
266 1064
267 2456
268 1696
269 1643
270 551
271 1591
272 2207
273 2121
274 1389
275 2356
276 174
277 2399
278 1365
279 436
280 901
281 2079
282 279
283 2719
284 1401
285 1496
286 1613
287 2789
288 2
289 1630
290 2425
291 2586
292 1451
293 1572
294 430
295 25
296 364
297 2863
298 1847
299 2202
300 632
301 1157
302 1557
303 1739
304 888
305 274
306 479
307 629
308 948
309 2156
310 1935
311 1999
312 323
313 358
314 1174
315 245
316 2187
317 330
318 1964
319 2257
320 734
321 1141
322 2724
323 2117
324 1244
325 2985
326 2821
327 310
328 2574
329 2849
330 136
331 1555
332 1842
333 629
334 1155
335 362
336 2280
337 991
338 1004
339 176
340 1504
341 2866
342 2176
343 2879
344 2621
345 316
346 1455
347 2969
348 823
349 1382
350 2449
351 207
352 2182
353 1272
354 2221
355 853
356 516
357 731
358 2560
359 1213
360 1990
361 2439
362 1536
363 542
364 773
365 1124
366 1116
367 1294
368 743
369 367
370 2723
371 133
372 1532
373 1245
374 851
375 157
376 2345
377 2679
378 686
379 1776
380 2705
381 2618
382 733
383 2478
384 2450
385 1138
386 2705
387 121
388 621
389 468
390 1758
391 2215
392 2612
393 2228
394 1902
395 1055
396 1239
397 151
398 2980
399 1225
400 254
401 2317
402 2005
403 2769
404 2785
405 2710
406 261
407 1444
408 2414
409 1807
410 0
411 258
412 206
413 2297
414 2699
415 2243
416 2279
417 2522
418 124
419 387
420 1774
421 604
422 524
423 2429
424 1679
425 2542
426 1446
427 2748
428 1190
429 2314
430 925
431 2942
432 926
433 186
434 1082
435 2115
436 940
437 2989
438 615
439 1651
440 29
441 1887
442 1775
443 2152
444 1421
445 724
446 2633
447 2173
448 2404
449 1866
450 1716
451 2708
452 1493
453 546
454 922
455 1538
456 1093
457 2882
458 1678
459 1818
460 634
461 734
462 2126
463 2274
464 1117
465 1816
466 1584
467 2986
468 2837
469 1752
470 338
471 2242
472 1131
473 921
474 2573
475 1588
476 2340
477 1678
478 1313
479 2251
480 1432
481 1182
482 2909
483 2899
484 63
485 1396
486 594
487 1834
488 1090
489 2977
490 1099
491 2726
492 1515
493 1677
494 2247
495 845
496 2563
497 2405
498 1585
499 2983
500 635
501 1842
502 952
503 2479
504 901
505 1563
506 312
507 838
508 2153
509 2600
510 1742
511 1192
512 2176
513 866
514 337
515 2973
516 56
517 631
518 1203
519 2196
520 1507
521 1395
522 1089
523 2374
524 430
525 2133
526 2417
527 1792
528 1581
529 1588
530 45
531 1316
532 2397
533 1661
534 792
535 2624
536 2625
537 548
538 2222
539 2535
540 1937
541 2992
542 1197
543 2349
544 2226
545 1616
546 1854
547 1954
548 810
549 1642
550 2969
551 1814
552 810
553 2193
554 1566
555 627
556 2280
557 554
558 1587
559 2832
560 2697
561 1148
562 637
563 1177
564 315
565 340
566 2935
567 1033
568 285
569 2803
570 1996
571 630
572 63
573 1797
574 1573
575 2025
576 1007
577 896
578 418
579 2586
580 1462
581 2821
582 1330
583 1525
584 1204
585 468
586 2370
587 614
588 147
589 900
590 383
591 1774
592 2866
593 1077
594 1621
595 27
596 2075
597 1185
598 1653
599 244
600 1263
601 725
602 451
603 491
604 1879
605 2623
606 2354
607 943
608 1547
609 495
610 1038
611 1839
612 1579
613 1534
614 1111
615 2397
616 2518
617 2227
618 170
619 2649
620 1643
621 2114
622 2957
623 1455
624 1649
625 2970
626 1671
627 475
628 1119
629 1858
630 1956
631 2567
632 2193
633 1225
634 26
635 250
636 598
637 1816
638 514
639 2970
640 2274
641 2471
642 2187
643 2373
644 2751
645 1674
646 1108
647 1327
648 1922
649 194
650 917
651 2210
652 521
653 1126
654 1087
655 1247
656 1998
657 2262
658 1457
659 1089
660 2848
661 2753
662 816
663 1089
664 1437
665 411
666 106
667 1626
668 1712
669 1680
670 2932
671 1141
672 2364
673 2118
674 2585
675 2429
676 1632
677 1169
678 2597
679 791
680 2983
681 838
682 1479
683 535
684 1999
685 1041
686 2657
687 2487
688 2557
689 734
690 911
691 2639
692 2945
693 883
694 69
695 1314
696 1743
697 1254
698 2806
699 2855
700 2625
701 1598
702 1475
703 996
704 215
705 2884
706 1389
707 2779
708 1942
709 1775
710 2668
711 480
712 2368
713 1884
714 2447
715 1893
716 1280
717 1462
718 70
719 213
720 522
721 2419
722 1305
723 2532
724 729
725 2641
726 1373
727 1072
728 2236
729 2310
730 908
731 2729
732 496
733 306
734 2214
735 1803
736 2535
737 2862
738 1914
739 1202
740 898
741 2113
742 159
743 1455
744 1793
745 1073
746 1208
747 442
748 684
749 1268
750 345
751 125
752 2884
753 1755
754 2510
755 855
756 2469
757 1927
758 648
759 157
760 2334
761 2166
762 1311
763 308
764 619
765 1886
766 2139
767 2125
768 1231
769 1573
770 2286
771 939
772 744
773 1458
774 1477
775 2879
776 2631
777 74
778 1744
779 1381
780 1810
781 376
782 155
783 2776
784 798
785 2561
786 1453
787 150
788 991
789 2001
790 103
791 1857
792 446
793 2922
794 1460
795 2614
796 602
797 1754
798 1640
799 2122
800 677
801 1243
802 2853
803 2949
804 869
805 212
806 2133
807 2906
808 587
809 576
810 1488
811 33
812 1838
813 2271
814 1893
815 1114
816 2737
817 437
818 659
819 1689
820 1520
821 980
822 234
823 1807
824 305
825 1644
826 1164
827 1192
828 2687
829 1858
830 2164
831 2168
832 546
833 1542
834 2039
835 91
836 911
837 1575
838 413
839 2829
840 2432
841 2447
842 2986
843 2890
844 1251
845 2849
846 2730
847 2588
848 1653
849 2110
850 14
851 2283
852 1528
853 701
854 2170
855 1418
856 2163
857 1102
858 2807
859 1475
860 1355
861 835
862 1576
863 1866
864 2908
865 1511
866 179
867 1738
868 1720
869 122
870 1224
871 617
872 1240
873 1065
874 1267
875 848
876 247
877 963
878 1761
879 466
880 1175
881 215
882 1106
883 841
884 1230
885 582
886 2590
887 2770
888 1745
889 1179
890 2419
891 1781
892 1237
893 198
894 1392
895 2143
896 1446
897 1618
898 1385
899 68
900 844
901 1034
902 2418
903 361
904 413
905 1022
906 1472
907 690
908 392
909 1857
910 444
911 1056
912 1582
913 156
914 1501
915 2264
916 1364
917 2818
918 2662
919 1906
920 2425
921 2940
922 816
923 14
924 1240
925 2904
926 2046
927 687
928 92
929 977
930 2570
931 1008
932 2656
933 2759
934 1806
935 804
936 761
937 1777
938 74
939 1806
940 1189
941 2394
942 1542
943 2764
944 1879
945 2267
946 2604
947 149
948 554
949 483
950 2946
951 107
952 2786
953 1169
954 162
955 1024
956 2642
957 1525
958 1239
959 534
960 1950
961 657
962 1840
963 82
964 401
965 137
966 1406
967 2097
968 590
969 2501
970 2778
971 1642
972 562
973 2055
974 2657
975 2514
976 505
977 1887
978 1835
979 2387
980 530
981 2298
982 2504
983 939
984 1113
985 690
986 1628
987 2675
988 669
989 2718
990 1904
991 759
992 1368
993 2695
994 550
995 1385
996 433

