936 100
0 333
1 2297
2 751
3 1412
4 2702
5 1662
6 961
7 2384
8 1477
9 1255
10 392
11 1558
12 750
13 1006
14 132
15 945
16 2313
17 2170
18 1600
19 1112
20 1153
21 1960
22 2782
23 924
24 1109
25 2347
26 2031
27 889
28 810
29 438
30 1502
31 1631
32 2160
33 596
34 1588
35 2565
36 722
37 1604
38 2804
39 2134
40 1197
41 1059
42 1835
43 2625
44 513
45 2229
46 179
47 2488
48 2173
49 832
50 102
51 2923
52 696
53 1275
54 2609
55 1628
56 218
57 244
58 1330
59 491
60 479
61 2793
62 1567
63 2244
64 1837
65 352
66 2166
67 400
68 1934
69 2672
70 172
71 1584
72 574
73 1656
74 2754
75 216
76 1777
77 380
78 1340
79 477
80 307
81 2739
82 1154
83 1469
84 2780
85 1342
86 2767
87 2339
88 1769
89 2538
90 2956
91 489
92 941
93 2567
94 1362
95 1622
96 2915
97 2322
98 1785
99 1157
100 1167
101 1
102 1916
103 2790
104 1121
105 762
106 2880
107 959
108 2651
109 477
110 2284
111 2091
112 143
113 2781
114 470
115 1547
116 1604
117 1113
118 1393
119 1477
120 1511
121 1690
122 1288
123 2324
124 1708
125 2281
126 2018
127 1832
128 2841
129 1191
130 1361
131 2951
132 2559
133 1597
134 2274
135 973
136 1407
137 1770
138 2032
139 1675
140 133
141 693
142 2056
143 31
144 774
145 1562
146 2514
147 1424
148 2634
149 1692
150 2844
151 2287
152 2568
153 185
154 2173
155 492
156 1692
157 1941
158 38
159 1224
160 2802
161 936
162 705
163 2659
164 145
165 138
166 2293
167 1989
168 2110
169 1734
170 2307
171 2810
172 2049
173 2440
174 2892
175 1404
176 241
177 1081
178 1195
179 2799
180 2405
181 2430
182 1707
183 2722
184 2210
185 2405
186 528
187 154
188 221
189 888
190 1427
191 1613
192 2319
193 1768
194 259
195 1093
196 1800
197 53
198 539
199 2033
200 519
201 2455
202 1324
203 2956
204 1904
205 2769
206 1580
207 1918
208 1595
209 1509
210 1840
211 2118
212 1156
213 412
214 2518
215 1963
216 936
217 2998
218 2960
219 992
220 954
221 1702
222 51
223 2254
224 2364
225 302
226 745
227 8
228 1213
229 423
230 2545
231 1430
232 1902
233 1530
234 2574
235 2150
236 611
237 2521
238 1084
239 1198
240 499
241 2965
242 2359
243 200
244 2551
245 899
246 1626
247 1745
248 1328
249 2489
250 22
251 699
252 864
253 2063
254 2006
255 751
256 2570
257 1637
258 1825
259 2018
260 971
261 937
262 2518
263 1904
264 1356
265 2342
266 2135
267 485
268 1686
269 789
270 889
271 2831
272 368
273 2208
274 2880
275 1929
276 723
277 2229
278 2775
279 1339
280 1458
281 578
282 1511
283 2786
284 1268
285 26
286 171
287 1113
288 2211
289 103
290 2727
291 1656
292 2799
293 1088
294 509
295 1295
296 1000
297 2990
298 1529
299 2624
300 1936
301 2187
302 2338
303 2346
304 923
305 2614
306 890
307 2256
308 444
309 1889
310 2737
311 1430
312 2942
313 1104
314 2930
315 1321
316 1622
317 1659
318 1639
319 1632
320 1107
321 726
322 1273
323 648
324 2076
325 1788
326 2404
327 278
328 71
329 295
330 2111
331 221
332 2921
333 2389
334 2944
335 78
336 2939
337 2314
338 2806
339 281
340 33
341 1560
342 768
343 4
344 1789
345 1133
346 2300
347 219
348 2457
349 2305
350 2182
351 496
352 42
353 252
354 614
355 1616
356 211
357 2198
358 1755
359 2766
360 673
361 2375
362 2307
363 1585
364 329
365 2582
366 2918
367 1419
368 2546
369 1532
370 1785
371 325
372 2587
373 776
374 2223
375 2885
376 2491
377 2103
378 2435
379 1934
380 688
381 2080
382 2367
383 1579
384 1374
385 2518
386 1858
387 615
388 894
389 2273
390 670
391 1407
392 1599
393 1777
394 2650
395 2352
396 2383
397 1954
398 358
399 2489
400 2881
401 116
402 2008
403 2240
404 1698
405 1533
406 819
407 2093
408 2256
409 1580
410 90
411 1894
412 2866
413 2261
414 993
415 910
416 1276
417 2246
418 2752
419 192
420 1691
421 2553
422 1460
423 1528
424 1033
425 2016
426 1150
427 1224
428 11
429 2063
430 349
431 231
432 2627
433 260
434 816
435 2202
436 730
437 2136
438 1470
439 1885
440 149
441 2215
442 691
443 1002
444 2809
445 2571
446 2280
447 2742
448 1382
449 195
450 136
451 1250
452 2482
453 2533
454 2999
455 1885
456 1579
457 1204
458 383
459 599
460 2264
461 2806
462 2133
463 1232
464 612
465 2926
466 311
467 415
468 1193
469 1738
470 1032
471 1814
472 551
473 1310
474 2263
475 1745
476 1314
477 2735
478 1127
479 1477
480 2916
481 1454
482 2572
483 1170
484 1876
485 2230
486 2977
487 2591
488 1042
489 1708
490 1476
491 1294
492 328
493 624
494 364
495 991
496 1209
497 2636
498 396
499 1248
500 1745
501 414
502 1397
503 1432
504 2006
505 1609
506 2405
507 2669
508 2515
509 992
510 152
511 1827
512 784
513 953
514 1048
515 2420
516 933
517 2029
518 308
519 2542
520 343
521 2193
522 1929
523 425
524 2333
525 2033
526 1110
527 922
528 161
529 1888
530 1178
531 699
532 2812
533 565
534 1046
535 2737
536 180
537 2997
538 2922
539 672
540 1459
541 977
542 494
543 2
544 1611
545 2589
546 104
547 58
548 1024
549 1981
550 1467
551 338
552 22
553 890
554 2424
555 1398
556 1134
557 1189
558 2326
559 2900
560 2437
561 2055
562 2150
563 2447
564 1257
565 2002
566 2892
567 465
568 1618
569 1546
570 1991
571 82
572 2995
573 1117
574 2177
575 906
576 202
577 1041
578 1803
579 2538
580 2751
581 543
582 11
583 1206
584 546
585 2696
586 1547
587 2665
588 801
589 486
590 529
591 841
592 2589
593 1103
594 1792
595 2455
596 1581
597 486
598 2653
599 330
600 932
601 1739
602 1744
603 1511
604 2726
605 968
606 477
607 2291
608 2057
609 2295
610 716
611 514
612 284
613 1477
614 1075
615 1038
616 908
617 1191
618 2854
619 372
620 2114
621 1961
622 53
623 2631
624 2345
625 19
626 1405
627 1956
628 440
629 1378
630 2655
631 1805
632 2380
633 257
634 2308
635 2066
636 572
637 1491
638 734
639 1752
640 923
641 1777
642 505
643 2799
644 1113
645 433
646 1371
647 1077
648 1129
649 50
650 1381
651 862
652 1957
653 1028
654 2072
655 199
656 2033
657 949
658 1465
659 2647
660 1809
661 2845
662 2340
663 1784
664 2343
665 163
666 1837
667 2338
668 2728
669 270
670 1452
671 2808
672 2090
673 2466
674 2265
675 1744
676 191
677 2821
678 2851
679 2889
680 175
681 2236
682 2486
683 246
684 346
685 1745
686 2835
687 2170
688 702
689 2836
690 1798
691 1493
692 641
693 2036
694 2043
695 2145
696 520
697 2172
698 2616
699 1366
700 2798
701 72
702 2398
703 1436
704 2137
705 2725
706 2223
707 1668
708 1386
709 2494
710 972
711 2698
712 2234
713 1560
714 117
715 253
716 519
717 1351
718 65
719 1615
720 385
721 631
722 2717
723 1146
724 615
725 1849
726 1825
727 831
728 222
729 931
730 1948
731 2598
732 2216
733 1272
734 2118
735 1253
736 2196
737 2608
738 2140
739 1103
740 64
741 201
742 1772
743 922
744 2694
745 1316
746 474
747 2412
748 2387
749 1594
750 2763
751 1425
752 1683
753 2180
754 761
755 1187
756 1133
757 48
758 31
759 93
760 2705
761 2434
762 2375
763 1567
764 285
765 1653
766 368
767 2837
768 2615
769 2023
770 2307
771 837
772 1831
773 1945
774 2265
775 2129
776 682
777 2636
778 2016
779 1050
780 348
781 1237
782 2217
783 60
784 1314
785 760
786 2774
787 2019
788 1566
789 1383
790 2840
791 264
792 750
793 1033
794 1543
795 1399
796 1449
797 200
798 2900
799 1270
800 1169
801 2745
802 1674
803 2601
804 2798
805 2522
806 260
807 2540
808 2889
809 1389
810 1569
811 1619
812 2712
813 2745
814 2020
815 1747
816 2140
817 540
818 934
819 464
820 1902
821 261
822 1499
823 884
824 1872
825 211
826 2431
827 2680
828 196
829 1410
830 2329
831 925
832 438
833 1459
834 2494
835 2616
836 2074
837 1893
838 199
839 1958
840 969
841 2482
842 2320
843 1600
844 1291
845 2024
846 2598
847 75
848 2123
849 1443
850 357
851 569
852 2474
853 2463
854 2276
855 1317
856 1622
857 2745
858 1994
859 2144
860 2872
861 2270
862 513
863 2627
864 1011
865 1684
866 1937
867 2618
868 1395
869 2012
870 2001
871 1118
872 2116
873 2826
874 1609
875 508
876 484
877 995
878 1493
879 2844
880 1421
881 1449
882 2555
883 2650
884 2677
885 1818
886 2732
887 1565
888 1641
889 2531
890 785
891 1576
892 2671
893 0
894 2774
895 2990
896 1728
897 2667
898 141
899 2459
900 1323
901 2586
902 1943
903 1838
904 1434
905 339
906 1985
907 1444
908 1107
909 330
910 557
911 1112
912 1028
913 1964
914 2550
915 1717
916 710
917 2040
918 1166
919 2551
920 1015
921 629
922 2288
923 2585
924 1258
925 478
926 141
927 1577
928 2896
929 856
930 1398
931 2043
932 1328
933 2383
934 2994
935 305

