547 14
0 1597
1 330
2 653
3 1269
4 1793
5 508
6 1443
7 1311
8 1018
9 346
10 1155
11 2743
12 1367
13 1009
14 776
15 310
16 749
17 485
18 2136
19 58
20 1998
21 813
22 1107
23 2028
24 892
25 2479
26 2800
27 2437
28 2849
29 588
30 1988
31 898
32 2605
33 1129
34 773
35 2104
36 965
37 753
38 2896
39 2121
40 1990
41 1182
42 2591
43 467
44 1161
45 1250
46 2997
47 463
48 2641
49 834
50 839
51 164
52 2807
53 1696
54 2508
55 1827
56 485
57 1551
58 2427
59 2215
60 46
61 948
62 1663
63 859
64 1334
65 397
66 2836
67 2325
68 2240
69 2262
70 1000
71 2847
72 2544
73 486
74 2050
75 958
76 522
77 1305
78 2992
79 1247
80 2183
81 662
82 2076
83 2302
84 2295
85 2564
86 541
87 700
88 914
89 2682
90 2411
91 1627
92 1416
93 1305
94 2587
95 1542
96 991
97 1937
98 1195
99 2818
100 1362
101 156
102 1909
103 2003
104 77
105 2342
106 133
107 2315
108 2806
109 2984
110 2400
111 1672
112 1779
113 1738
114 483
115 1926
116 2941
117 2059
118 842
119 147
120 1384
121 809
122 304
123 2
124 1816
125 2989
126 794
127 1940
128 1598
129 1679
130 2618
131 1822
132 2671
133 1329
134 1063
135 2073
136 2986
137 719
138 357
139 1856
140 2446
141 2553
142 2877
143 2468
144 123
145 1118
146 2123
147 1947
148 2842
149 720
150 1330
151 2715
152 1359
153 2184
154 2032
155 2206
156 1326
157 1047
158 1610
159 2227
160 2086
161 739
162 2731
163 1315
164 2810
165 1293
166 1496
167 2117
168 368
169 1895
170 206
171 2721
172 2236
173 279
174 1896
175 918
176 925
177 2891
178 1198
179 654
180 2522
181 2338
182 2730
183 898
184 2706
185 2450
186 2051
187 2477
188 2081
189 2530
190 2929
191 86
192 734
193 1091
194 2369
195 2502
196 2929
197 1930
198 2996
199 518
200 1602
201 751
202 1576
203 2397
204 265
205 2254
206 168
207 1474
208 2631
209 1176
210 656
211 247
212 1744
213 2236
214 471
215 2917
216 203
217 2178
218 1507
219 1432
220 544
221 885
222 353
223 2160
224 238
225 2841
226 1694
227 1724
228 2696
229 2197
230 1586
231 169
232 988
233 897
234 2914
235 1312
236 744
237 1118
238 1298
239 2421
240 471
241 1276
242 478
243 2394
244 1711
245 514
246 2449
247 2289
248 2367
249 2028
250 469
251 1749
252 2495
253 1968
254 1005
255 1816
256 1864
257 2302
258 1502
259 1839
260 1513
261 573
262 2826
263 339
264 1222
265 1425
266 2122
267 1192
268 2228
269 2598
270 2981
271 2208
272 541
273 2761
274 2071
275 2001
276 2860
277 1510
278 2652
279 1437
280 2856
281 59
282 649
283 708
284 2017
285 652
286 2232
287 2024
288 960
289 2578
290 851
291 2294
292 433
293 994
294 613
295 2273
296 673
297 2861
298 630
299 1487
300 2022
301 1770
302 2499
303 465
304 881
305 1099
306 1977
307 52
308 2010
309 1439
310 2436
311 1315
312 1114
313 109
314 967
315 2626
316 71
317 1516
318 2428
319 277
320 2293
321 742
322 1596
323 1588
324 1258
325 2572
326 320
327 762
328 188
329 2919
330 1687
331 2647
332 1182
333 1483
334 1695
335 2779
336 2657
337 2013
338 710
339 1571
340 1714
341 2713
342 1735
343 1350
344 2822
345 2852
346 720
347 2226
348 1296
349 2300
350 1308
351 1517
352 2620
353 2299
354 1247
355 588
356 1046
357 191
358 2516
359 2397
360 783
361 2012
362 151
363 601
364 1869
365 457
366 926
367 634
368 375
369 212
370 1937
371 1507
372 1922
373 1342
374 2957
375 745
376 2988
377 232
378 2161
379 2275
380 320
381 1011
382 455
383 2446
384 2193
385 441
386 1887
387 1185
388 1842
389 2223
390 758
391 609
392 923
393 669
394 1025
395 94
396 880
397 2365
398 2898
399 1511
400 2803
401 238
402 1444
403 1032
404 2975
405 1284
406 2499
407 2312
408 1518
409 2476
410 2660
411 501
412 907
413 1045
414 929
415 2285
416 64
417 2256
418 510
419 2520
420 2317
421 635
422 2349
423 838
424 167
425 1638
426 1113
427 2384
428 1464
429 38
430 2099
431 2279
432 2145
433 2600
434 1654
435 2227
436 621
437 2514
438 2327
439 1587
440 1699
441 546
442 2262
443 2149
444 89
445 1627
446 152
447 2179
448 524
449 2041
450 2547
451 2575
452 372
453 1555
454 869
455 1394
456 2579
457 353
458 1272
459 1701
460 83
461 1624
462 1637
463 2145
464 1427
465 2434
466 2877
467 2728
468 466
469 1643
470 592
471 424
472 2199
473 2391
474 2844
475 440
476 483
477 2869
478 1901
479 2359
480 2548
481 211
482 945
483 316
484 1685
485 1662
486 238
487 914
488 2647
489 1345
490 671
491 248
492 2583
493 2508
494 994
495 410
496 1695
497 348
498 2084
499 432
500 1279
501 634
502 109
503 2453
504 2435
505 1738
506 799
507 2242
508 2323
509 1008
510 2330
511 1048
512 2958
513 1059
514 78
515 2722
516 2245
517 1622
518 515
519 1350
520 1183
521 899
522 2609
523 1957
524 1855
525 1444
526 1987
527 769
528 651
529 2520
530 2751
531 1128
532 1727
533 2978
534 2446
535 2390
536 444
537 2240
538 2704
539 256
540 1944
541 209
542 1566
543 2959
544 2907
545 593
546 2129

