277 61
0 1821
1 963
2 1515
3 1837
4 2253
5 1987
6 2818
7 2265
8 2540
9 431
10 618
11 1694
12 2922
13 521
14 1803
15 2666
16 817
17 1229
18 2779
19 1402
20 2673
21 2597
22 2233
23 367
24 2618
25 317
26 1501
27 2268
28 1662
29 2971
30 484
31 1945
32 2386
33 2785
34 2854
35 1013
36 2581
37 1314
38 439
39 1580
40 2601
41 2077
42 1071
43 1525
44 1068
45 2411
46 2505
47 871
48 2857
49 2319
50 120
51 1341
52 962
53 1962
54 1434
55 2890
56 662
57 1147
58 254
59 2479
60 1709
61 1148
62 1518
63 1280
64 2580
65 1360
66 120
67 1923
68 2010
69 2460
70 581
71 2350
72 1418
73 1116
74 2049
75 2164
76 1082
77 2896
78 2962
79 2032
80 1516
81 2258
82 1901
83 1894
84 2085
85 41
86 2796
87 2836
88 612
89 173
90 2215
91 2282
92 574
93 2332
94 1309
95 354
96 162
97 2479
98 2724
99 889
100 685
101 1106
102 1285
103 1721
104 2422
105 1056
106 1895
107 821
108 220
109 2945
110 385
111 616
112 513
113 1336
114 894
115 338
116 750
117 2522
118 194
119 1142
120 763
121 314
122 2528
123 1443
124 2670
125 0
126 330
127 1206
128 490
129 1171
130 1436
131 2046
132 1000
133 435
134 2652
135 55
136 527
137 1786
138 116
139 1109
140 2933
141 732
142 776
143 2782
144 2944
145 2749
146 1924
147 1924
148 2912
149 2264
150 1844
151 368
152 1102
153 2376
154 2790
155 2003
156 1817
157 378
158 799
159 1581
160 2758
161 1458
162 2231
163 239
164 539
165 2781
166 999
167 1924
168 1567
169 693
170 494
171 2653
172 2923
173 2849
174 2923
175 766
176 2336
177 1385
178 1574
179 2537
180 2867
181 1074
182 2279
183 1120
184 947
185 1326
186 401
187 270
188 1947
189 2903
190 561
191 1472
192 2131
193 611
194 332
195 1352
196 2893
197 1144
198 1336
199 2561
200 475
201 1258
202 1053
203 2440
204 2848
205 961
206 1846
207 2695
208 1941
209 1820
210 1593
211 1814
212 287
213 2853
214 12
215 1912
216 152
217 2794
218 2857
219 531
220 2575
221 595
222 2943
223 1325
224 322
225 607
226 934
227 100
228 2450
229 762
230 1741
231 1090
232 623
233 1392
234 1216
235 1441
236 2054
237 1523
238 126
239 961
240 1049
241 1015
242 2175
243 2778
244 617
245 1524
246 2749
247 2583
248 540
249 2144
250 254
251 1867
252 2528
253 2089
254 2655
255 684
256 2585
257 2504
258 1954
259 2910
260 691
261 1425
262 1934
263 2180
264 1297
265 1368
266 2139
267 871
268 2599
269 347
270 552
271 892
272 201
273 2193
274 901
275 1630
276 1011

