209 25
0 219
1 770
2 2715
3 2696
4 2352
5 1434
6 2549
7 2506
8 2946
9 1075
10 1392
11 1015
12 633
13 2928
14 2875
15 2730
16 491
17 2581
18 2303
19 1458
20 1951
21 449
22 1328
23 2115
24 207
25 2490
26 1797
27 640
28 1080
29 1709
30 48
31 108
32 1014
33 434
34 1119
35 2915
36 112
37 2976
38 2105
39 611
40 2199
41 259
42 2358
43 631
44 1331
45 712
46 2326
47 494
48 341
49 187
50 669
51 2904
52 1728
53 273
54 1235
55 2467
56 2186
57 2424
58 1139
59 123
60 2716
61 1414
62 311
63 1145
64 1532
65 2438
66 2341
67 777
68 1984
69 1015
70 2849
71 139
72 287
73 2661
74 779
75 1430
76 2927
77 587
78 2628
79 2216
80 11
81 2697
82 529
83 1646
84 2900
85 21
86 784
87 1407
88 1611
89 365
90 2048
91 2733
92 404
93 995
94 2904
95 200
96 1880
97 288
98 1235
99 2049
100 2039
101 1825
102 2034
103 466
104 2166
105 2334
106 1689
107 1080
108 747
109 331
110 2699
111 942
112 24
113 312
114 2069
115 1572
116 940
117 6
118 575
119 2525
120 163
121 345
122 2502
123 1618
124 1484
125 2278
126 2809
127 1154
128 2702
129 1671
130 2299
131 1004
132 15
133 1692
134 1084
135 498
136 2082
137 1999
138 144
139 334
140 872
141 1965
142 951
143 2974
144 2429
145 344
146 1625
147 284
148 2514
149 24
150 1282
151 1642
152 367
153 1383
154 290
155 1205
156 1024
157 926
158 303
159 679
160 2944
161 2144
162 1427
163 2315
164 1292
165 1599
166 2217
167 1968
168 1343
169 988
170 2607
171 1973
172 2928
173 1612
174 2143
175 2678
176 2433
177 1366
178 357
179 1532
180 46
181 968
182 2534
183 1474
184 2282
185 2821
186 1404
187 197
188 189
189 1668
190 100
191 641
192 707
193 2931
194 2903
195 1050
196 1972
197 453
198 361
199 1540
200 1680
201 1537
202 1332
203 726
204 1896
205 643
206 1484
207 2441
208 2345

