358 12
0 1459
1 2107
2 811
3 61
4 1241
5 2185
6 1068
7 2637
8 128
9 2981
10 2275
11 244
12 1899
13 1303
14 2880
15 1532
16 193
17 2239
18 2809
19 706
20 2791
21 1393
22 565
23 949
24 2985
25 2783
26 1098
27 2601
28 1507
29 1316
30 1766
31 2201
32 1949
33 1584
34 2640
35 651
36 1256
37 1099
38 1674
39 1208
40 2686
41 2258
42 655
43 214
44 2840
45 2686
46 407
47 2986
48 2024
49 817
50 1424
51 2202
52 2388
53 880
54 2134
55 634
56 2075
57 1729
58 2612
59 2396
60 1184
61 2704
62 1405
63 2248
64 267
65 2672
66 2652
67 239
68 787
69 1777
70 2789
71 792
72 854
73 1393
74 794
75 956
76 685
77 2215
78 1118
79 2656
80 2974
81 2248
82 1952
83 1145
84 1685
85 2595
86 1998
87 2511
88 1784
89 2722
90 2873
91 912
92 2345
93 1488
94 882
95 947
96 748
97 914
98 1973
99 2915
100 576
101 15
102 2895
103 2272
104 1872
105 274
106 1043
107 1733
108 546
109 341
110 2223
111 2778
112 2399
113 2474
114 2714
115 370
116 476
117 2380
118 1212
119 2184
120 1032
121 1352
122 2539
123 2434
124 2427
125 646
126 1693
127 1087
128 670
129 2661
130 857
131 1809
132 2923
133 1542
134 1722
135 2510
136 345
137 1670
138 1756
139 1762
140 676
141 1838
142 1902
143 2336
144 438
145 1445
146 446
147 789
148 2400
149 2257
150 577
151 995
152 104
153 2804
154 2187
155 1925
156 200
157 2142
158 754
159 359
160 1025
161 32
162 1072
163 920
164 414
165 0
166 618
167 2614
168 1782
169 2116
170 1350
171 1939
172 1198
173 276
174 2059
175 141
176 2681
177 2995
178 1124
179 1113
180 2314
181 315
182 1498
183 5
184 566
185 142
186 2301
187 2303
188 1127
189 964
190 2615
191 1510
192 595
193 286
194 1753
195 315
196 1918
197 228
198 774
199 603
200 1490
201 2005
202 897
203 885
204 243
205 1163
206 975
207 1347
208 525
209 2028
210 249
211 552
212 2563
213 1782
214 2147
215 2328
216 1059
217 2183
218 1409
219 1940
220 2542
221 1574
222 665
223 1602
224 1024
225 2560
226 662
227 2076
228 2544
229 2034
230 2467
231 565
232 439
233 940
234 2186
235 2907
236 2366
237 274
238 1132
239 161
240 511
241 1829
242 2315
243 1727
244 2299
245 1844
246 2041
247 314
248 503
249 696
250 992
251 2355
252 29
253 2859
254 2437
255 43
256 1525
257 1701
258 180
259 2217
260 1066
261 1408
262 877
263 1088
264 850
265 2661
266 1998
267 1960
268 2535
269 2741
270 966
271 1110
272 2233
273 2923
274 2075
275 2064
276 350
277 2646
278 1743
279 2286
280 2877
281 723
282 1002
283 2473
284 2259
285 1455
286 208
287 1433
288 498
289 1336
290 1889
291 2443
292 1004
293 466
294 285
295 2701
296 1392
297 2230
298 1185
299 1634
300 1962
301 2366
302 279
303 1406
304 1424
305 827
306 1239
307 2599
308 109
309 2440
310 937
311 2903
312 2343
313 1577
314 2440
315 938
316 2889
317 1637
318 1204
319 1273
320 2287
321 751
322 2878
323 1705
324 2394
325 562
326 2403
327 1263
328 2081
329 1072
330 616
331 2584
332 956
333 1074
334 2498
335 1351
336 310
337 627
338 2763
339 1035
340 293
341 1996
342 1632
343 839
344 260
345 337
346 2165
347 789
348 2846
349 1534
350 514
351 2099
352 1386
353 2941
354 2971
355 1941
356 1090
357 466

