150 49
0 1544
1 1442
2 716
3 109
4 975
5 2624
6 2519
7 131
8 834
9 1090
10 2618
11 2017
12 2455
13 810
14 1623
15 862
16 1800
17 2459
18 434
19 9
20 2270
21 2239
22 2958
23 1507
24 1571
25 1339
26 386
27 2100
28 249
29 1549
30 2590
31 2333
32 1360
33 225
34 2744
35 2452
36 1611
37 2470
38 2278
39 2258
40 2525
41 2826
42 2982
43 2813
44 1892
45 1826
46 2175
47 523
48 1349
49 2399
50 1487
51 1127
52 2503
53 1078
54 401
55 1093
56 1397
57 2261
58 1226
59 2371
60 734
61 322
62 193
63 1265
64 2424
65 993
66 1058
67 325
68 1302
69 1628
70 1924
71 2804
72 2607
73 754
74 1290
75 625
76 2177
77 1626
78 117
79 864
80 2866
81 1907
82 1849
83 784
84 1436
85 1211
86 2979
87 2036
88 644
89 2303
90 1880
91 471
92 535
93 2453
94 2420
95 287
96 2176
97 2598
98 735
99 532
100 2998
101 2888
102 2597
103 1428
104 89
105 715
106 252
107 1217
108 1835
109 2636
110 2239
111 2480
112 820
113 2492
114 1397
115 317
116 714
117 2011
118 243
119 956
120 525
121 351
122 2825
123 102
124 2563
125 1149
126 27
127 2986
128 612
129 2185
130 153
131 2340
132 1466
133 1779
134 2716
135 2301
136 2143
137 1616
138 1908
139 2111
140 2136
141 1785
142 591
143 2116
144 2014
145 2625
146 2175
147 204
148 2084
149 1254

