320 39
0 1846
1 601
2 1341
3 1906
4 968
5 106
6 1388
7 2332
8 2137
9 90
10 1575
11 1609
12 1534
13 1488
14 1054
15 263
16 1946
17 1249
18 1441
19 854
20 346
21 484
22 2565
23 705
24 1961
25 775
26 450
27 1237
28 2873
29 437
30 1593
31 2078
32 1532
33 231
34 2001
35 298
36 582
37 733
38 1793
39 1281
40 2008
41 434
42 927
43 2498
44 421
45 2324
46 894
47 1143
48 2161
49 1705
50 1695
51 1721
52 306
53 832
54 380
55 1713
56 300
57 775
58 256
59 1530
60 564
61 233
62 1389
63 361
64 1113
65 267
66 1518
67 1424
68 602
69 2824
70 883
71 2668
72 589
73 782
74 1833
75 2526
76 2663
77 1804
78 2367
79 2992
80 2308
81 709
82 2616
83 2561
84 622
85 42
86 2461
87 179
88 1328
89 1635
90 635
91 166
92 227
93 1274
94 1773
95 1708
96 2017
97 2081
98 1558
99 925
100 1923
101 795
102 598
103 2039
104 1312
105 587
106 893
107 1734
108 1695
109 45
110 2152
111 847
112 2392
113 91
114 2889
115 1126
116 184
117 2645
118 1213
119 2700
120 2066
121 2249
122 1772
123 2104
124 1411
125 851
126 1710
127 835
128 1880
129 1967
130 583
131 2658
132 2124
133 86
134 389
135 2070
136 2745
137 2217
138 144
139 60
140 113
141 2248
142 2932
143 1644
144 2097
145 1730
146 1727
147 1415
148 2733
149 773
150 2080
151 2126
152 380
153 97
154 1829
155 2375
156 55
157 837
158 2156
159 1192
160 186
161 2899
162 1272
163 390
164 431
165 723
166 2159
167 1738
168 621
169 2858
170 1510
171 2706
172 2463
173 2698
174 1831
175 1659
176 1815
177 2397
178 481
179 442
180 1771
181 2065
182 2432
183 2784
184 2169
185 1141
186 1408
187 272
188 572
189 2221
190 2253
191 2211
192 2243
193 536
194 3
195 2414
196 2724
197 2024
198 2652
199 2236
200 2820
201 1228
202 231
203 2610
204 651
205 1787
206 341
207 1020
208 2386
209 1404
210 1004
211 251
212 1971
213 571
214 36
215 1754
216 1777
217 541
218 1271
219 1904
220 2024
221 2253
222 508
223 1812
224 84
225 682
226 1807
227 605
228 1357
229 1365
230 1519
231 1973
232 2235
233 793
234 152
235 2380
236 2299
237 2609
238 299
239 2095
240 1871
241 1899
242 376
243 1646
244 1581
245 2274
246 268
247 400
248 2991
249 204
250 513
251 2939
252 2367
253 63
254 669
255 2206
256 692
257 2536
258 152
259 1785
260 542
261 435
262 1115
263 1014
264 2424
265 1544
266 2255
267 560
268 2743
269 315
270 1003
271 1622
272 470
273 2626
274 2879
275 311
276 2091
277 977
278 2997
279 82
280 2966
281 1195
282 2369
283 408
284 1645
285 558
286 1209
287 2523
288 1444
289 2978
290 1244
291 1724
292 1689
293 811
294 24
295 2859
296 853
297 1257
298 1150
299 1270
300 740
301 1863
302 1061
303 2119
304 1210
305 1891
306 1330
307 2710
308 2374
309 2123
310 1075
311 2212
312 2361
313 2037
314 894
315 924
316 1569
317 2785
318 2085
319 331

