167 95
0 1058
1 2874
2 2196
3 2750
4 1081
5 624
6 2290
7 318
8 1321
9 46
10 1831
11 109
12 1048
13 1659
14 2743
15 2002
16 2580
17 1630
18 1839
19 2029
20 2511
21 271
22 2914
23 1170
24 2299
25 893
26 1204
27 2961
28 54
29 2750
30 221
31 2352
32 2290
33 959
34 2839
35 1975
36 2296
37 1158
38 285
39 627
40 2874
41 471
42 522
43 322
44 1889
45 599
46 1286
47 2929
48 2835
49 259
50 246
51 1465
52 1192
53 265
54 96
55 808
56 697
57 1647
58 1660
59 981
60 713
61 1424
62 2500
63 1077
64 1833
65 191
66 1822
67 1867
68 2516
69 2135
70 1533
71 2367
72 408
73 713
74 1804
75 1862
76 2250
77 1333
78 1384
79 393
80 1616
81 1629
82 1832
83 1219
84 1446
85 1857
86 1026
87 1925
88 568
89 1678
90 2577
91 2244
92 816
93 2626
94 1805
95 2689
96 227
97 2606
98 608
99 981
100 1338
101 1406
102 624
103 2827
104 862
105 1025
106 2662
107 502
108 2200
109 1843
110 2414
111 2928
112 1911
113 2833
114 2769
115 375
116 504
117 1041
118 942
119 2355
120 2573
121 2464
122 1100
123 2630
124 674
125 2573
126 2563
127 975
128 2301
129 414
130 2902
131 364
132 408
133 1049
134 743
135 2734
136 2901
137 959
138 1424
139 343
140 2133
141 266
142 2197
143 146
144 1248
145 1163
146 1481
147 889
148 734
149 1782
150 2719
151 2657
152 1188
153 832
154 1588
155 2375
156 636
157 1222
158 1803
159 1364
160 2034
161 511
162 11
163 1345
164 530
165 2519
166 2996

