907 53
0 2
1 582
2 1416
3 1246
4 873
5 1826
6 874
7 1215
8 2422
9 2900
10 2898
11 665
12 1719
13 1356
14 175
15 1917
16 2440
17 2220
18 1673
19 606
20 1873
21 1581
22 2170
23 1846
24 2381
25 1901
26 228
27 2675
28 978
29 1504
30 2857
31 896
32 2043
33 1751
34 795
35 756
36 88
37 1568
38 542
39 2748
40 2741
41 2666
42 2011
43 1834
44 2910
45 1639
46 2807
47 1537
48 392
49 855
50 1817
51 826
52 892
53 11
54 1795
55 1389
56 282
57 1907
58 1977
59 1604
60 319
61 1639
62 1158
63 1216
64 338
65 1131
66 1399
67 135
68 846
69 765
70 2399
71 2243
72 32
73 2769
74 1782
75 1832
76 2704
77 1122
78 2514
79 2338
80 352
81 2156
82 2849
83 1074
84 846
85 459
86 1944
87 3
88 1582
89 455
90 1627
91 2512
92 2193
93 2733
94 1938
95 543
96 1523
97 2126
98 2235
99 1128
100 1604
101 2074
102 2418
103 2753
104 882
105 699
106 726
107 370
108 1400
109 2864
110 1140
111 106
112 915
113 1314
114 159
115 1021
116 1826
117 2793
118 1333
119 2495
120 1444
121 14
122 2740
123 284
124 1871
125 1065
126 35
127 743
128 1315
129 902
130 2948
131 1434
132 2247
133 2983
134 282
135 1175
136 1021
137 545
138 2945
139 1217
140 1645
141 240
142 2738
143 210
144 2402
145 1928
146 820
147 528
148 920
149 26
150 2831
151 1017
152 166
153 1980
154 1974
155 1504
156 2852
157 259
158 1811
159 814
160 2184
161 824
162 2727
163 2723
164 950
165 2482
166 95
167 2285
168 1036
169 1116
170 1646
171 1646
172 2384
173 1695
174 1747
175 2390
176 2235
177 2457
178 763
179 166
180 2037
181 1542
182 2853
183 396
184 290
185 611
186 2362
187 984
188 2203
189 1979
190 713
191 1736
192 924
193 237
194 2252
195 323
196 579
197 516
198 2874
199 2705
200 1780
201 443
202 1500
203 2587
204 1104
205 2009
206 1610
207 1362
208 2554
209 811
210 2309
211 85
212 79
213 780
214 2053
215 2462
216 1925
217 1650
218 1008
219 800
220 778
221 1964
222 127
223 226
224 1816
225 237
226 570
227 1649
228 897
229 2027
230 1645
231 2459
232 2448
233 381
234 2838
235 2301
236 2135
237 2488
238 612
239 1897
240 457
241 2104
242 1359
243 9
244 1401
245 932
246 299
247 2581
248 319
249 1819
250 421
251 2287
252 1317
253 2095
254 2800
255 665
256 1268
257 740
258 426
259 1783
260 1093
261 716
262 2097
263 2352
264 196
265 165
266 792
267 1935
268 306
269 1399
270 2464
271 148
272 2965
273 1194
274 2417
275 2527
276 2753
277 227
278 1736
279 818
280 240
281 240
282 2495
283 2935
284 269
285 717
286 1301
287 557
288 2457
289 1344
290 848
291 2697
292 1094
293 801
294 1117
295 511
296 2191
297 951
298 759
299 2075
300 1668
301 550
302 1954
303 435
304 42
305 1598
306 2284
307 818
308 172
309 1128
310 1652
311 662
312 122
313 836
314 1974
315 1455
316 2397
317 2043
318 1098
319 736
320 1763
321 699
322 2238
323 2779
324 1088
325 892
326 2658
327 1789
328 444
329 2744
330 2031
331 831
332 2190
333 2079
334 1974
335 1131
336 2005
337 2888
338 1830
339 2357
340 1127
341 1131
342 2444
343 29
344 474
345 2524
346 604
347 411
348 2836
349 123
350 1123
351 1815
352 1972
353 2940
354 549
355 349
356 436
357 1448
358 1313
359 2896
360 1047
361 2823
362 339
363 1518
364 1306
365 1994
366 1319
367 1336
368 1395
369 2456
370 2642
371 575
372 1389
373 1604
374 1146
375 504
376 280
377 2188
378 550
379 1879
380 316
381 53
382 2478
383 178
384 2232
385 1220
386 195
387 148
388 940
389 2869
390 833
391 1851
392 740
393 887
394 1056
395 1578
396 2990
397 2119
398 1643
399 2253
400 1391
401 1859
402 127
403 1052
404 1517
405 2057
406 1511
407 1464
408 1385
409 1383
410 649
411 2377
412 238
413 1628
414 2393
415 1732
416 328
417 496
418 1585
419 2686
420 499
421 804
422 2683
423 1922
424 152
425 2248
426 2750
427 1210
428 872
429 2579
430 77
431 2421
432 1718
433 1294
434 1117
435 1643
436 216
437 1364
438 1599
439 1119
440 2125
441 2944
442 1984
443 651
444 43
445 1104
446 1687
447 400
448 2278
449 1843
450 209
451 2790
452 323
453 1922
454 1287
455 1364
456 668
457 848
458 610
459 1904
460 2810
461 1528
462 1259
463 2545
464 1829
465 1400
466 1994
467 2439
468 1178
469 1864
470 1425
471 2568
472 1963
473 988
474 2888
475 434
476 38
477 1125
478 1889
479 2055
480 1513
481 2756
482 682
483 2793
484 1201
485 749
486 1769
487 507
488 1024
489 861
490 1708
491 468
492 1656
493 1501
494 1542
495 1738
496 1019
497 2103
498 2466
499 2909
500 2309
501 462
502 1036
503 614
504 447
505 1725
506 2991
507 580
508 1554
509 2930
510 622
511 167
512 1601
513 2284
514 1205
515 677
516 2404
517 2531
518 2799
519 1436
520 1910
521 467
522 92
523 220
524 2888
525 2909
526 1459
527 2456
528 2753
529 2372
530 685
531 2331
532 2996
533 1696
534 528
535 2890
536 1300
537 1953
538 2746
539 631
540 536
541 1918
542 1755
543 764
544 385
545 1171
546 335
547 986
548 154
549 1483
550 440
551 1728
552 2917
553 1966
554 2351
555 529
556 2329
557 894
558 1804
559 144
560 402
561 885
562 1819
563 1023
564 1641
565 1534
566 2788
567 1489
568 234
569 2538
570 2217
571 2933
572 345
573 1572
574 1473
575 2853
576 47
577 1334
578 1524
579 964
580 2531
581 613
582 2815
583 1107
584 121
585 1549
586 638
587 1925
588 619
589 2385
590 2408
591 100
592 1465
593 894
594 2226
595 1739
596 2479
597 422
598 319
599 20
600 1151
601 1727
602 2771
603 1289
604 1290
605 2018
606 2496
607 747
608 1337
609 2737
610 92
611 1465
612 1192
613 1876
614 985
615 2814
616 1815
617 930
618 65
619 1265
620 705
621 2719
622 1405
623 1073
624 2044
625 2619
626 71
627 28
628 2852
629 824
630 1353
631 2501
632 1131
633 2108
634 649
635 481
636 1191
637 2258
638 2356
639 885
640 208
641 1678
642 1035
643 2922
644 340
645 1841
646 2502
647 2637
648 1727
649 1855
650 848
651 43
652 2887
653 2828
654 2325
655 815
656 1807
657 2389
658 2748
659 234
660 170
661 433
662 1347
663 1563
664 772
665 1227
666 2753
667 1833
668 995
669 1856
670 219
671 1933
672 2893
673 279
674 2137
675 1043
676 648
677 67
678 1195
679 418
680 591
681 2158
682 59
683 2018
684 2268
685 338
686 2491
687 2193
688 776
689 2407
690 1806
691 2625
692 2124
693 1201
694 1150
695 1619
696 890
697 1743
698 1846
699 2522
700 195
701 1244
702 513
703 1539
704 1545
705 1423
706 656
707 679
708 195
709 1738
710 1503
711 1981
712 1124
713 828
714 1800
715 1673
716 521
717 1238
718 608
719 2222
720 1824
721 2877
722 1654
723 2042
724 393
725 1887
726 1580
727 2402
728 1260
729 2317
730 1502
731 307
732 2569
733 945
734 2875
735 2304
736 304
737 286
738 626
739 661
740 2496
741 937
742 1209
743 594
744 515
745 2844
746 263
747 2060
748 1330
749 1898
750 532
751 378
752 1067
753 608
754 2868
755 1653
756 2637
757 2046
758 2655
759 206
760 933
761 2444
762 2406
763 2143
764 1943
765 1274
766 1027
767 2257
768 140
769 2363
770 1075
771 1750
772 1032
773 2698
774 119
775 410
776 1105
777 2395
778 2996
779 2528
780 2301
781 899
782 1708
783 1361
784 1468
785 1935
786 1551
787 2279
788 1615
789 947
790 80
791 1712
792 1031
793 1264
794 2600
795 2424
796 648
797 1809
798 2998
799 2412
800 1845
801 1756
802 420
803 1296
804 2473
805 450
806 1738
807 1603
808 887
809 953
810 122
811 1616
812 519
813 423
814 2079
815 2396
816 1232
817 2031
818 401
819 1020
820 980
821 340
822 615
823 2751
824 2389
825 161
826 1581
827 978
828 1704
829 2524
830 1653
831 1362
832 2540
833 2470
834 1024
835 333
836 2659
837 2075
838 2522
839 2894
840 1388
841 128
842 2649
843 511
844 2398
845 896
846 2727
847 1967
848 1772
849 42
850 1018
851 2028
852 1869
853 1697
854 464
855 2206
856 2186
857 1945
858 2383
859 1191
860 392
861 1003
862 217
863 2196
864 1631
865 816
866 2298
867 2334
868 726
869 2467
870 1999
871 2081
872 2284
873 2525
874 1299
875 1017
876 2065
877 209
878 1750
879 2811
880 515
881 2757
882 1891
883 2577
884 256
885 292
886 2316
887 2242
888 2428
889 162
890 2826
891 1975
892 909
893 2572
894 2835
895 2967
896 1461
897 1847
898 66
899 2295
900 1435
901 1716
902 1678
903 709
904 2909
905 1860
906 28

