435 54
0 1756
1 1111
2 651
3 2277
4 2382
5 201
6 1667
7 1814
8 744
9 770
10 1871
11 1265
12 1350
13 2380
14 250
15 2913
16 760
17 2060
18 302
19 1502
20 195
21 2965
22 2819
23 966
24 1524
25 462
26 2677
27 664
28 1595
29 2347
30 2233
31 871
32 1421
33 176
34 1187
35 542
36 821
37 2310
38 959
39 2726
40 2127
41 2381
42 2403
43 2179
44 1593
45 1519
46 1780
47 2072
48 1872
49 1028
50 2034
51 4
52 2702
53 162
54 1096
55 1041
56 2558
57 430
58 786
59 1229
60 703
61 1101
62 1669
63 643
64 2226
65 1241
66 1903
67 2120
68 2973
69 2546
70 846
71 745
72 2081
73 1336
74 1088
75 2392
76 374
77 1480
78 1399
79 2242
80 120
81 91
82 1758
83 998
84 2220
85 916
86 1673
87 1835
88 374
89 2551
90 1218
91 2682
92 1839
93 1185
94 1556
95 84
96 1887
97 2366
98 2763
99 2961
100 1813
101 2494
102 1281
103 134
104 962
105 2208
106 99
107 440
108 2924
109 2981
110 1490
111 759
112 1210
113 2678
114 864
115 612
116 366
117 2063
118 1168
119 136
120 1390
121 370
122 772
123 1119
124 952
125 2063
126 1336
127 2658
128 2413
129 1576
130 1670
131 1011
132 2788
133 385
134 2595
135 2785
136 965
137 2162
138 656
139 747
140 686
141 678
142 2257
143 751
144 828
145 16
146 1570
147 2196
148 2241
149 357
150 2197
151 47
152 1186
153 2876
154 1928
155 575
156 2096
157 2989
158 2235
159 2994
160 2719
161 189
162 1149
163 2743
164 2959
165 359
166 363
167 1633
168 1073
169 1192
170 2243
171 2696
172 2163
173 1875
174 2161
175 1639
176 1086
177 1654
178 1542
179 175
180 4
181 2682
182 946
183 68
184 567
185 1362
186 2935
187 2542
188 1812
189 2260
190 1580
191 618
192 1751
193 246
194 1090
195 1946
196 2698
197 1370
198 35
199 1406
200 2495
201 90
202 558
203 1241
204 2821
205 2622
206 1604
207 1933
208 234
209 2696
210 281
211 1443
212 1057
213 585
214 618
215 2984
216 557
217 2232
218 1523
219 2015
220 1821
221 2275
222 2745
223 1157
224 701
225 2057
226 535
227 2354
228 1062
229 2651
230 1511
231 1054
232 336
233 1463
234 2031
235 1439
236 2768
237 1485
238 242
239 550
240 2401
241 2027
242 214
243 694
244 1257
245 632
246 2420
247 181
248 1372
249 2082
250 2943
251 2652
252 3
253 1737
254 1075
255 1056
256 347
257 2071
258 107
259 905
260 339
261 321
262 595
263 2230
264 2936
265 1625
266 918
267 495
268 353
269 678
270 2443
271 1577
272 2736
273 1588
274 1900
275 796
276 1569
277 1100
278 156
279 527
280 436
281 1887
282 1315
283 1562
284 2324
285 1955
286 1903
287 564
288 2866
289 83
290 1339
291 1924
292 2395
293 495
294 1942
295 706
296 710
297 994
298 499
299 2264
300 654
301 1263
302 163
303 2261
304 2249
305 2864
306 1352
307 202
308 1885
309 1692
310 228
311 2955
312 2271
313 1604
314 2007
315 750
316 1848
317 2644
318 1950
319 1308
320 2446
321 831
322 949
323 1296
324 670
325 1336
326 1577
327 519
328 936
329 2112
330 507
331 25
332 2174
333 574
334 1971
335 1906
336 657
337 429
338 2716
339 264
340 826
341 900
342 17
343 544
344 1245
345 2309
346 59
347 66
348 2286
349 385
350 1086
351 1069
352 183
353 2016
354 2974
355 2109
356 725
357 864
358 585
359 2957
360 923
361 1531
362 2383
363 2137
364 1240
365 287
366 1820
367 951
368 2337
369 1035
370 861
371 741
372 2023
373 1552
374 1420
375 208
376 2849
377 1565
378 1253
379 2241
380 1438
381 350
382 1752
383 1222
384 557
385 577
386 1704
387 2372
388 1964
389 775
390 2395
391 749
392 691
393 1814
394 341
395 1407
396 308
397 177
398 1283
399 2925
400 2466
401 1047
402 306
403 1697
404 2998
405 1226
406 2885
407 2751
408 1800
409 979
410 2497
411 316
412 1032
413 46
414 1823
415 1535
416 1377
417 974
418 2384
419 2463
420 2536
421 1194
422 1993
423 628
424 593
425 1969
426 742
427 1032
428 2859
429 1735
430 2681
431 1531
432 1472
433 2638
434 2132

