650 93
0 2415
1 835
2 1276
3 1106
4 1385
5 177
6 1573
7 1230
8 904
9 2300
10 24
11 2353
12 2437
13 1010
14 1512
15 2957
16 2338
17 885
18 2572
19 2956
20 2293
21 1933
22 2617
23 1289
24 261
25 2744
26 211
27 1823
28 817
29 2050
30 2528
31 1974
32 1411
33 1467
34 1116
35 2274
36 2243
37 999
38 996
39 540
40 720
41 2712
42 632
43 1539
44 1028
45 1017
46 1313
47 2429
48 38
49 2986
50 953
51 2720
52 2451
53 1180
54 1441
55 2039
56 1576
57 2665
58 1415
59 648
60 2846
61 2089
62 2861
63 1079
64 1702
65 976
66 2385
67 1964
68 530
69 2009
70 1153
71 2987
72 2837
73 1473
74 2581
75 6
76 310
77 1415
78 2141
79 2791
80 2851
81 1358
82 685
83 1174
84 2874
85 1109
86 937
87 1576
88 2223
89 1783
90 2553
91 327
92 884
93 2047
94 161
95 435
96 2345
97 2708
98 2807
99 645
100 136
101 2665
102 930
103 24
104 1467
105 290
106 2948
107 2987
108 2167
109 1059
110 891
111 727
112 478
113 2387
114 737
115 1563
116 1672
117 908
118 2836
119 118
120 2971
121 478
122 2105
123 2372
124 371
125 1886
126 2885
127 308
128 2820
129 956
130 2144
131 2033
132 2740
133 2821
134 256
135 462
136 2573
137 2428
138 2656
139 185
140 456
141 666
142 636
143 528
144 1742
145 443
146 617
147 2315
148 1196
149 641
150 291
151 1177
152 2604
153 2733
154 2224
155 1963
156 2035
157 1222
158 736
159 1485
160 1757
161 2617
162 2549
163 120
164 424
165 265
166 1858
167 1116
168 1621
169 2228
170 1082
171 1035
172 1450
173 2053
174 2317
175 350
176 2910
177 2544
178 1813
179 831
180 1904
181 407
182 1836
183 2247
184 842
185 2385
186 24
187 753
188 39
189 2896
190 1917
191 27
192 1740
193 278
194 1118
195 771
196 1846
197 2947
198 284
199 912
200 2250
201 1051
202 715
203 2005
204 2820
205 13
206 630
207 1701
208 2518
209 773
210 2858
211 779
212 2793
213 2218
214 1166
215 2836
216 2827
217 855
218 2623
219 143
220 2051
221 2075
222 988
223 2472
224 2065
225 860
226 1716
227 1028
228 128
229 1608
230 694
231 1316
232 496
233 1755
234 1502
235 2979
236 765
237 272
238 1255
239 2844
240 2046
241 2435
242 2365
243 1447
244 666
245 1602
246 1856
247 1361
248 2783
249 527
250 2235
251 1176
252 1612
253 2090
254 2223
255 693
256 2153
257 2663
258 2664
259 2369
260 1361
261 1292
262 1384
263 1575
264 2671
265 2103
266 2785
267 2623
268 2779
269 452
270 1130
271 717
272 416
273 2695
274 2702
275 824
276 2019
277 1329
278 1859
279 783
280 2524
281 901
282 2625
283 1572
284 1637
285 2203
286 2285
287 79
288 1790
289 2855
290 382
291 1674
292 283
293 815
294 1810
295 990
296 1487
297 800
298 1556
299 2753
300 2269
301 2976
302 940
303 812
304 230
305 1170
306 716
307 1376
308 861
309 2632
310 1520
311 1018
312 2995
313 2716
314 1181
315 2147
316 1472
317 458
318 2281
319 1674
320 415
321 1537
322 132
323 2793
324 407
325 1693
326 1583
327 2021
328 2606
329 366
330 251
331 1802
332 1011
333 1106
334 2093
335 801
336 2414
337 1816
338 1502
339 1251
340 2287
341 1492
342 2906
343 1949
344 1639
345 155
346 1770
347 455
348 2435
349 1895
350 682
351 2033
352 2932
353 950
354 2001
355 2853
356 972
357 1352
358 2244
359 2765
360 178
361 670
362 1054
363 947
364 537
365 1473
366 2770
367 1208
368 2843
369 1137
370 353
371 218
372 1400
373 1679
374 970
375 1657
376 186
377 416
378 2451
379 2462
380 2403
381 670
382 59
383 2536
384 294
385 1751
386 2104
387 2196
388 2359
389 1708
390 1884
391 867
392 975
393 1298
394 2464
395 1485
396 2981
397 2327
398 1230
399 1431
400 974
401 2402
402 2934
403 1863
404 1356
405 446
406 1277
407 2891
408 37
409 42
410 2440
411 2850
412 515
413 2284
414 2287
415 1554
416 2891
417 1281
418 1134
419 863
420 2174
421 689
422 2185
423 121
424 2645
425 583
426 1424
427 749
428 1824
429 1750
430 497
431 1583
432 711
433 2432
434 250
435 1854
436 1586
437 50
438 2021
439 2119
440 2322
441 1158
442 817
443 2166
444 1161
445 429
446 1752
447 1170
448 1395
449 60
450 1537
451 1892
452 2596
453 1847
454 2173
455 303
456 2428
457 2710
458 1750
459 264
460 2731
461 1958
462 2703
463 1916
464 855
465 2141
466 1695
467 531
468 2452
469 512
470 873
471 2893
472 2528
473 598
474 263
475 1318
476 2430
477 1930
478 790
479 133
480 2015
481 1311
482 608
483 2629
484 2512
485 960
486 2795
487 2347
488 574
489 2094
490 533
491 2275
492 2540
493 1274
494 1977
495 1847
496 1665
497 1151
498 29
499 1876
500 1210
501 2620
502 1779
503 724
504 1910
505 836
506 2700
507 1134
508 917
509 1768
510 2198
511 2459
512 1252
513 2726
514 506
515 406
516 1416
517 1423
518 2842
519 2792
520 1483
521 2254
522 2493
523 817
524 339
525 454
526 2099
527 417
528 1741
529 2483
530 2484
531 1093
532 1096
533 2884
534 2375
535 2306
536 2932
537 1434
538 2933
539 2144
540 250
541 2865
542 2934
543 629
544 60
545 2207
546 1352
547 1424
548 1353
549 2689
550 1571
551 2436
552 2904
553 1300
554 1956
555 2878
556 2785
557 755
558 283
559 574
560 2207
561 1286
562 2897
563 383
564 1702
565 251
566 1998
567 1533
568 1906
569 781
570 1907
571 1901
572 1874
573 141
574 2378
575 1161
576 2793
577 1183
578 565
579 1679
580 265
581 1664
582 1322
583 2385
584 1049
585 703
586 2986
587 2340
588 89
589 2426
590 1539
591 2782
592 1288
593 894
594 99
595 1562
596 253
597 360
598 2880
599 1118
600 713
601 1421
602 146
603 2697
604 1150
605 2910
606 2909
607 312
608 1092
609 1338
610 2669
611 1655
612 717
613 551
614 1316
615 1470
616 515
617 2600
618 1744
619 1832
620 2822
621 636
622 2447
623 1135
624 1286
625 2922
626 2082
627 1942
628 943
629 1974
630 470
631 1319
632 2264
633 1885
634 1477
635 772
636 1518
637 1067
638 1671
639 1165
640 1072
641 1704
642 1006
643 444
644 1241
645 2841
646 1935
647 1207
648 297
649 2297

