861 62
0 2846
1 1902
2 1774
3 93
4 930
5 728
6 469
7 1564
8 2990
9 459
10 785
11 2249
12 2919
13 26
14 2957
15 308
16 2604
17 1973
18 2139
19 273
20 1167
21 2190
22 1943
23 2937
24 693
25 2739
26 668
27 81
28 2461
29 59
30 455
31 2310
32 2701
33 832
34 2513
35 1955
36 2576
37 939
38 1808
39 48
40 1858
41 2846
42 1841
43 1494
44 1968
45 1819
46 155
47 1610
48 2957
49 1763
50 1555
51 1436
52 1313
53 1031
54 18
55 2527
56 1492
57 2877
58 2322
59 1621
60 520
61 1662
62 2878
63 2824
64 1566
65 2324
66 773
67 1525
68 363
69 713
70 1536
71 2251
72 120
73 1471
74 2521
75 2460
76 2621
77 304
78 36
79 734
80 351
81 1899
82 2861
83 641
84 2661
85 2269
86 1341
87 1860
88 467
89 371
90 1255
91 1233
92 365
93 2614
94 949
95 2636
96 1165
97 528
98 2235
99 1830
100 260
101 2892
102 237
103 2521
104 2053
105 1958
106 2808
107 666
108 1203
109 2753
110 1552
111 1705
112 1482
113 2373
114 205
115 1605
116 1975
117 2628
118 1639
119 1398
120 2939
121 1614
122 1935
123 1557
124 51
125 1795
126 1979
127 109
128 284
129 2380
130 222
131 1185
132 2662
133 928
134 1316
135 2951
136 2223
137 568
138 1476
139 150
140 2205
141 1719
142 293
143 2755
144 219
145 2011
146 2369
147 2553
148 2345
149 2027
150 1884
151 2528
152 224
153 843
154 259
155 297
156 610
157 74
158 2500
159 2235
160 1294
161 457
162 1511
163 655
164 1686
165 194
166 1238
167 1088
168 1133
169 2272
170 425
171 2626
172 2084
173 2032
174 745
175 691
176 1142
177 2392
178 171
179 1178
180 1364
181 1536
182 504
183 1749
184 2513
185 2538
186 1355
187 1997
188 1748
189 3000
190 2479
191 1102
192 2835
193 1482
194 48
195 2582
196 2132
197 965
198 1362
199 410
200 1530
201 1359
202 1297
203 1727
204 437
205 1611
206 1797
207 2926
208 1684
209 2497
210 317
211 514
212 891
213 2792
214 2162
215 863
216 1671
217 2812
218 418
219 1593
220 1644
221 2844
222 2422
223 2000
224 2698
225 16
226 2229
227 1338
228 198
229 537
230 1318
231 241
232 2944
233 2468
234 577
235 1063
236 453
237 1362
238 2847
239 2672
240 293
241 1551
242 435
243 124
244 831
245 1114
246 1173
247 1466
248 1032
249 1263
250 277
251 651
252 2664
253 1622
254 2960
255 1156
256 113
257 577
258 510
259 368
260 2175
261 2498
262 2416
263 1238
264 1931
265 49
266 2292
267 2003
268 35
269 2478
270 2107
271 1081
272 2220
273 1593
274 497
275 664
276 148
277 349
278 2708
279 1919
280 1914
281 1236
282 2687
283 2632
284 2848
285 1152
286 2031
287 460
288 1710
289 1293
290 886
291 2623
292 2019
293 1269
294 1288
295 1922
296 1111
297 2683
298 1942
299 2858
300 751
301 2548
302 2392
303 2379
304 2127
305 2868
306 2420
307 1831
308 880
309 2173
310 1103
311 1778
312 2466
313 1694
314 2496
315 1711
316 2230
317 1461
318 1309
319 389
320 555
321 2283
322 1352
323 1723
324 1008
325 2325
326 999
327 591
328 2159
329 2830
330 1659
331 1957
332 2414
333 2488
334 311
335 2235
336 2328
337 393
338 2567
339 374
340 1449
341 2911
342 418
343 2872
344 1234
345 1524
346 1294
347 90
348 2837
349 807
350 1036
351 1654
352 636
353 411
354 383
355 1826
356 499
357 2358
358 2564
359 58
360 2052
361 240
362 1038
363 2488
364 1540
365 2303
366 726
367 932
368 1065
369 2684
370 365
371 2486
372 263
373 2017
374 693
375 240
376 125
377 2187
378 2821
379 2674
380 2654
381 117
382 2473
383 2916
384 2903
385 1438
386 958
387 760
388 2213
389 1574
390 45
391 154
392 2303
393 2798
394 2647
395 2879
396 2695
397 2034
398 846
399 2491
400 168
401 1339
402 402
403 806
404 1987
405 1383
406 905
407 1161
408 1655
409 2301
410 2965
411 1649
412 2329
413 1621
414 2532
415 2560
416 454
417 2565
418 17
419 2739
420 1364
421 298
422 2189
423 2899
424 1882
425 923
426 1457
427 2734
428 2367
429 2301
430 1339
431 1243
432 2118
433 2057
434 2783
435 1253
436 484
437 1865
438 878
439 145
440 1159
441 320
442 1187
443 537
444 301
445 2908
446 2146
447 1188
448 1270
449 2753
450 2137
451 606
452 1187
453 353
454 2558
455 2853
456 936
457 1904
458 1189
459 539
460 919
461 775
462 720
463 393
464 2324
465 1132
466 1680
467 226
468 973
469 2565
470 1867
471 2185
472 1173
473 1221
474 2946
475 2211
476 2855
477 1057
478 647
479 2922
480 2727
481 2951
482 1927
483 1262
484 532
485 865
486 823
487 1442
488 1247
489 422
490 652
491 941
492 2465
493 1357
494 1844
495 1146
496 2860
497 2028
498 2650
499 292
500 2021
501 1660
502 1288
503 2521
504 582
505 304
506 2260
507 370
508 2434
509 888
510 1100
511 2395
512 1524
513 1136
514 2567
515 1394
516 2886
517 1782
518 604
519 2959
520 251
521 1061
522 1557
523 463
524 1668
525 2005
526 465
527 1689
528 1883
529 1057
530 1989
531 768
532 111
533 2960
534 545
535 396
536 1562
537 960
538 304
539 1924
540 963
541 1939
542 2925
543 2881
544 433
545 2618
546 880
547 520
548 604
549 1984
550 2452
551 2504
552 1305
553 890
554 2531
555 609
556 1345
557 419
558 1299
559 213
560 60
561 902
562 2372
563 546
564 503
565 630
566 404
567 1241
568 1140
569 617
570 2371
571 943
572 1071
573 1656
574 1448
575 973
576 1897
577 2606
578 609
579 2141
580 96
581 172
582 868
583 598
584 1100
585 1074
586 2650
587 155
588 404
589 2593
590 2555
591 111
592 29
593 2082
594 2050
595 2485
596 2100
597 232
598 2952
599 836
600 2943
601 2885
602 860
603 1706
604 1303
605 1536
606 1946
607 2941
608 2998
609 1551
610 212
611 2260
612 541
613 1233
614 102
615 2611
616 2054
617 1776
618 1880
619 1668
620 2180
621 1821
622 1840
623 937
624 696
625 1259
626 129
627 2760
628 404
629 2981
630 489
631 279
632 694
633 2058
634 2156
635 934
636 2705
637 786
638 286
639 1817
640 198
641 224
642 208
643 850
644 33
645 264
646 1594
647 1327
648 1484
649 2335
650 1068
651 2942
652 1813
653 49
654 80
655 245
656 1880
657 1932
658 1686
659 2467
660 1780
661 1618
662 1417
663 774
664 1535
665 2034
666 660
667 916
668 462
669 1688
670 347
671 2699
672 2574
673 1106
674 1501
675 2902
676 2939
677 501
678 459
679 556
680 2558
681 2588
682 1590
683 624
684 22
685 1723
686 321
687 1251
688 2861
689 605
690 484
691 1489
692 235
693 1083
694 1900
695 263
696 287
697 377
698 2946
699 315
700 1497
701 1366
702 2672
703 2501
704 2455
705 1975
706 1053
707 2857
708 1922
709 650
710 918
711 110
712 380
713 584
714 2804
715 2797
716 1255
717 1599
718 333
719 986
720 367
721 2249
722 2064
723 802
724 2001
725 678
726 911
727 1273
728 1701
729 2666
730 2930
731 2791
732 1085
733 2033
734 2937
735 1447
736 185
737 1744
738 1881
739 2275
740 2149
741 2034
742 878
743 339
744 2648
745 1528
746 604
747 1225
748 1244
749 674
750 2349
751 2274
752 263
753 1423
754 2940
755 1993
756 223
757 841
758 1218
759 1821
760 2220
761 1649
762 2041
763 1866
764 1766
765 2693
766 2967
767 2659
768 1455
769 2030
770 2946
771 636
772 642
773 453
774 2062
775 267
776 507
777 637
778 645
779 968
780 1128
781 2688
782 1893
783 1673
784 1671
785 1572
786 2973
787 945
788 2261
789 863
790 1149
791 595
792 16
793 2037
794 2391
795 2072
796 106
797 2715
798 1875
799 2352
800 1669
801 288
802 632
803 2835
804 502
805 2359
806 2506
807 795
808 1232
809 2356
810 1738
811 1100
812 1787
813 1213
814 1268
815 1316
816 2984
817 475
818 746
819 2478
820 143
821 2189
822 2781
823 494
824 1390
825 2829
826 318
827 419
828 1185
829 2932
830 2651
831 547
832 54
833 2419
834 2028
835 1945
836 951
837 2672
838 1481
839 80
840 2705
841 79
842 1917
843 368
844 189
845 292
846 370
847 1981
848 2025
849 22
850 6
851 1261
852 897
853 2526
854 2446
855 1657
856 519
857 316
858 999
859 2863
860 1914

