297 98
0 524
1 1538
2 1467
3 97
4 9
5 777
6 1677
7 116
8 2216
9 1805
10 1246
11 2105
12 2654
13 2679
14 1138
15 844
16 2117
17 2166
18 2199
19 2640
20 113
21 708
22 2253
23 1046
24 2923
25 1509
26 1682
27 2693
28 465
29 2956
30 2785
31 2137
32 2085
33 1028
34 560
35 195
36 1174
37 2271
38 1199
39 718
40 532
41 2510
42 2590
43 2150
44 457
45 405
46 3000
47 596
48 746
49 1391
50 2536
51 2975
52 668
53 1306
54 2335
55 920
56 2768
57 1415
58 52
59 2201
60 1913
61 2127
62 2150
63 950
64 2785
65 1010
66 2899
67 1358
68 2495
69 916
70 944
71 1712
72 1265
73 377
74 260
75 1716
76 1037
77 2797
78 906
79 1767
80 912
81 957
82 2738
83 1509
84 1770
85 1167
86 1718
87 2845
88 1435
89 263
90 462
91 2443
92 2410
93 527
94 922
95 1853
96 1181
97 902
98 1006
99 1581
100 342
101 2945
102 1659
103 1851
104 2982
105 2907
106 867
107 1859
108 1988
109 2931
110 183
111 1524
112 1397
113 1007
114 2020
115 1789
116 614
117 2501
118 1398
119 1821
120 2591
121 937
122 1326
123 1280
124 653
125 2846
126 616
127 2415
128 657
129 924
130 205
131 1352
132 412
133 1384
134 311
135 414
136 179
137 2029
138 1188
139 1331
140 2408
141 899
142 1459
143 1685
144 1616
145 2406
146 2184
147 858
148 1017
149 2779
150 1633
151 2053
152 1541
153 2650
154 0
155 226
156 735
157 604
158 1492
159 1285
160 1961
161 2161
162 108
163 596
164 1909
165 939
166 1011
167 2925
168 1503
169 118
170 2082
171 717
172 1027
173 576
174 2891
175 1427
176 2450
177 561
178 2676
179 40
180 2676
181 340
182 381
183 2905
184 1012
185 65
186 136
187 1472
188 1131
189 2794
190 224
191 514
192 2960
193 1911
194 991
195 2814
196 2028
197 2054
198 2004
199 2207
200 522
201 3000
202 1382
203 1872
204 1287
205 2828
206 1588
207 2473
208 1256
209 1025
210 2088
211 221
212 801
213 2830
214 132
215 1220
216 830
217 1167
218 2719
219 553
220 274
221 2368
222 2904
223 164
224 1915
225 1690
226 121
227 2223
228 2547
229 2718
230 2842
231 526
232 2897
233 2390
234 1465
235 571
236 29
237 1781
238 2784
239 1381
240 624
241 825
242 1872
243 2231
244 353
245 893
246 2186
247 2424
248 2175
249 1319
250 315
251 682
252 695
253 872
254 1781
255 757
256 2895
257 976
258 1358
259 1923
260 1405
261 1862
262 2485
263 2203
264 2172
265 1291
266 699
267 1132
268 2093
269 769
270 1324
271 1336
272 875
273 1156
274 2600
275 2718
276 2419
277 226
278 1047
279 309
280 2464
281 117
282 263
283 1467
284 1390
285 1299
286 1366
287 612
288 606
289 1079
290 2093
291 136
292 2913
293 1215
294 1632
295 2868
296 708

