749 10
0 1672
1 1331
2 2465
3 227
4 726
5 1092
6 951
7 1370
8 631
9 830
10 754
11 987
12 2388
13 703
14 2664
15 1275
16 558
17 2828
18 2445
19 1418
20 1817
21 262
22 759
23 1221
24 2919
25 2127
26 2461
27 2048
28 273
29 466
30 2526
31 1597
32 2967
33 2722
34 245
35 1747
36 998
37 2928
38 2827
39 444
40 2451
41 2210
42 2453
43 1570
44 1534
45 1666
46 993
47 2932
48 761
49 608
50 2522
51 2793
52 2978
53 1164
54 1403
55 235
56 1423
57 854
58 510
59 148
60 2718
61 2892
62 501
63 65
64 857
65 2519
66 223
67 338
68 2646
69 528
70 1975
71 149
72 2870
73 1608
74 995
75 2800
76 2100
77 1866
78 1546
79 119
80 1663
81 246
82 330
83 2634
84 2432
85 1338
86 1503
87 1693
88 1816
89 337
90 2546
91 436
92 1573
93 2204
94 2642
95 1492
96 2965
97 2821
98 1495
99 600
100 1807
101 2121
102 1855
103 2151
104 211
105 697
106 361
107 2045
108 2828
109 2933
110 1439
111 2410
112 2055
113 2057
114 1558
115 1455
116 124
117 1421
118 803
119 2510
120 2650
121 2123
122 835
123 499
124 2136
125 1921
126 1579
127 217
128 2284
129 2752
130 315
131 1905
132 1865
133 2287
134 1659
135 436
136 1484
137 2558
138 552
139 972
140 702
141 1945
142 1043
143 2636
144 2318
145 1634
146 2665
147 153
148 2549
149 2171
150 1992
151 115
152 494
153 994
154 1050
155 2630
156 1295
157 456
158 1791
159 1424
160 2726
161 1679
162 1536
163 2894
164 2526
165 1354
166 1630
167 2724
168 1172
169 1109
170 1779
171 1287
172 2157
173 1021
174 1999
175 1146
176 2207
177 2289
178 2234
179 2920
180 1910
181 1628
182 1194
183 1302
184 1555
185 1586
186 2504
187 812
188 2326
189 2925
190 2588
191 2948
192 2980
193 71
194 2785
195 1726
196 2241
197 2375
198 1522
199 2136
200 538
201 102
202 1978
203 2724
204 1484
205 2542
206 2143
207 392
208 455
209 1761
210 1257
211 829
212 638
213 1100
214 1817
215 1615
216 1115
217 1505
218 804
219 1300
220 2266
221 736
222 865
223 1018
224 94
225 539
226 265
227 2730
228 1568
229 1112
230 360
231 1149
232 850
233 693
234 682
235 2294
236 2919
237 1813
238 2582
239 2331
240 1742
241 925
242 508
243 561
244 2049
245 301
246 77
247 1349
248 2182
249 1603
250 1347
251 747
252 1219
253 2464
254 2475
255 1341
256 2105
257 2220
258 2204
259 813
260 2764
261 1677
262 1256
263 1620
264 1599
265 2880
266 60
267 1846
268 332
269 546
270 2935
271 476
272 1389
273 2661
274 2548
275 2407
276 42
277 42
278 2193
279 307
280 63
281 1176
282 2687
283 1419
284 821
285 2939
286 645
287 1355
288 1768
289 2131
290 1179
291 407
292 515
293 322
294 1647
295 1834
296 622
297 1654
298 84
299 527
300 105
301 2727
302 1925
303 671
304 1552
305 922
306 1877
307 209
308 2682
309 1862
310 2478
311 711
312 1162
313 1236
314 1463
315 1352
316 439
317 453
318 918
319 2549
320 1131
321 1350
322 660
323 497
324 1861
325 1106
326 990
327 2990
328 920
329 2491
330 2281
331 395
332 2623
333 1376
334 1090
335 928
336 1212
337 1273
338 1110
339 183
340 94
341 1680
342 1169
343 25
344 2351
345 140
346 236
347 830
348 973
349 483
350 13
351 1404
352 2264
353 2998
354 843
355 638
356 1381
357 1627
358 2605
359 1340
360 464
361 2213
362 274
363 1322
364 2165
365 2960
366 2273
367 2630
368 249
369 2593
370 951
371 392
372 927
373 2334
374 2716
375 1765
376 2086
377 115
378 217
379 1560
380 822
381 1676
382 2249
383 202
384 638
385 570
386 1468
387 1439
388 768
389 2032
390 430
391 2285
392 300
393 1859
394 2013
395 2028
396 209
397 1071
398 2328
399 2368
400 2138
401 360
402 2274
403 877
404 1103
405 1242
406 2168
407 1564
408 2165
409 2180
410 1754
411 1392
412 1488
413 2902
414 1975
415 383
416 191
417 1484
418 253
419 1605
420 2006
421 443
422 994
423 1640
424 2305
425 1402
426 750
427 202
428 541
429 2799
430 2590
431 733
432 188
433 1480
434 2951
435 211
436 1119
437 1201
438 34
439 1671
440 969
441 365
442 1711
443 2986
444 287
445 632
446 1508
447 1529
448 297
449 1853
450 1695
451 876
452 58
453 898
454 15
455 1323
456 852
457 786
458 1019
459 41
460 363
461 2987
462 86
463 1814
464 2222
465 708
466 797
467 2063
468 1832
469 2429
470 97
471 1890
472 1080
473 1538
474 988
475 2451
476 2258
477 694
478 242
479 2654
480 2328
481 1351
482 2075
483 2942
484 2135
485 703
486 257
487 2862
488 2684
489 1254
490 992
491 827
492 2019
493 303
494 2443
495 2066
496 2021
497 2615
498 1449
499 2604
500 52
501 1582
502 1369
503 2825
504 1265
505 28
506 2979
507 786
508 2792
509 1407
510 1561
511 1846
512 1479
513 2472
514 1040
515 1097
516 72
517 1439
518 2725
519 979
520 201
521 2840
522 138
523 1405
524 1197
525 1290
526 2817
527 2491
528 2653
529 1500
530 1378
531 2004
532 641
533 454
534 2105
535 1424
536 2134
537 2414
538 500
539 818
540 2292
541 2779
542 2087
543 2384
544 119
545 2409
546 1215
547 2335
548 2769
549 2071
550 1017
551 1510
552 2333
553 2566
554 97
555 2340
556 78
557 2019
558 72
559 1626
560 2581
561 1577
562 1953
563 436
564 1448
565 2047
566 736
567 39
568 2072
569 927
570 2277
571 2453
572 412
573 1896
574 647
575 1822
576 2828
577 225
578 1314
579 1933
580 30
581 2044
582 2815
583 597
584 2671
585 2898
586 1064
587 1299
588 1509
589 1195
590 618
591 693
592 2285
593 2320
594 1130
595 2969
596 315
597 2017
598 2185
599 1046
600 1806
601 1660
602 1319
603 960
604 2590
605 2215
606 271
607 1395
608 719
609 1317
610 760
611 2934
612 249
613 2618
614 2012
615 1371
616 89
617 1851
618 1902
619 129
620 1446
621 221
622 554
623 1578
624 305
625 240
626 1543
627 2985
628 2191
629 2032
630 71
631 264
632 285
633 1415
634 2295
635 2394
636 1755
637 196
638 2309
639 1325
640 987
641 19
642 1866
643 1072
644 469
645 391
646 966
647 2731
648 2080
649 1035
650 1575
651 1234
652 28
653 46
654 1613
655 2143
656 2668
657 186
658 664
659 2862
660 1830
661 376
662 2241
663 142
664 1183
665 1062
666 1726
667 907
668 2710
669 148
670 444
671 2761
672 2385
673 206
674 282
675 2598
676 474
677 544
678 1927
679 2037
680 992
681 2658
682 2444
683 776
684 2819
685 1107
686 673
687 1535
688 2457
689 126
690 1987
691 1621
692 2632
693 2592
694 514
695 548
696 2218
697 126
698 842
699 1527
700 458
701 2903
702 1056
703 1379
704 2479
705 682
706 1834
707 2891
708 2144
709 1557
710 1718
711 1718
712 1306
713 753
714 567
715 2426
716 1897
717 1835
718 1271
719 526
720 251
721 1145
722 1059
723 636
724 816
725 686
726 1524
727 1247
728 400
729 283
730 445
731 2478
732 118
733 564
734 2293
735 2887
736 375
737 2147
738 311
739 2207
740 2234
741 1083
742 417
743 573
744 146
745 23
746 2938
747 686
748 2675

