363 84
0 2593
1 2079
2 1387
3 1234
4 1678
5 2776
6 1473
7 282
8 2749
9 2194
10 2406
11 449
12 86
13 2305
14 2592
15 2912
16 2566
17 1529
18 289
19 2482
20 2598
21 1223
22 298
23 183
24 580
25 2104
26 2676
27 1289
28 1486
29 87
30 2415
31 1607
32 3000
33 2775
34 702
35 2220
36 1472
37 193
38 1501
39 2549
40 2832
41 565
42 567
43 2075
44 2340
45 180
46 1779
47 623
48 588
49 1064
50 1089
51 2969
52 1494
53 2150
54 2347
55 1148
56 630
57 1532
58 2647
59 258
60 1568
61 499
62 1931
63 2669
64 2721
65 2858
66 1438
67 1063
68 2399
69 807
70 2834
71 61
72 568
73 1441
74 2834
75 519
76 1260
77 2595
78 418
79 2756
80 2552
81 274
82 430
83 1164
84 1239
85 721
86 1995
87 1978
88 516
89 2493
90 1274
91 2647
92 1520
93 8
94 1916
95 2984
96 461
97 442
98 2828
99 2420
100 1122
101 1077
102 2810
103 1345
104 2258
105 2643
106 748
107 1171
108 1026
109 834
110 1504
111 60
112 2612
113 2895
114 198
115 2605
116 2033
117 1233
118 807
119 1636
120 1201
121 877
122 1374
123 2393
124 247
125 237
126 86
127 1279
128 2934
129 339
130 1820
131 956
132 1313
133 515
134 1950
135 2788
136 225
137 2976
138 328
139 464
140 748
141 1003
142 623
143 2693
144 2029
145 2916
146 1223
147 2599
148 2616
149 2735
150 1295
151 1042
152 1798
153 2437
154 2760
155 545
156 888
157 2105
158 850
159 2586
160 1759
161 1851
162 458
163 1980
164 1287
165 1237
166 2455
167 1975
168 103
169 324
170 2245
171 575
172 1231
173 622
174 2800
175 367
176 574
177 2128
178 2162
179 32
180 2353
181 898
182 2076
183 2117
184 2022
185 1452
186 1059
187 1978
188 1408
189 1592
190 783
191 1814
192 794
193 2548
194 1146
195 433
196 2298
197 2847
198 2426
199 127
200 2653
201 268
202 2417
203 2704
204 1419
205 954
206 1984
207 158
208 1926
209 1451
210 2204
211 382
212 613
213 938
214 1137
215 2515
216 1097
217 645
218 2027
219 1374
220 982
221 2499
222 352
223 2019
224 2715
225 1632
226 2362
227 2833
228 1919
229 1593
230 2881
231 2659
232 2637
233 1559
234 752
235 1489
236 1628
237 2613
238 273
239 2678
240 2175
241 1768
242 894
243 2272
244 2352
245 609
246 612
247 766
248 1671
249 551
250 874
251 725
252 2453
253 1208
254 2621
255 2090
256 1925
257 1599
258 2256
259 312
260 682
261 253
262 161
263 2254
264 2013
265 602
266 1970
267 2860
268 490
269 198
270 2391
271 2801
272 761
273 2779
274 2132
275 1295
276 310
277 675
278 147
279 40
280 2314
281 104
282 1323
283 769
284 803
285 1579
286 148
287 1350
288 1638
289 1127
290 1449
291 2923
292 1759
293 2429
294 742
295 595
296 2355
297 2442
298 2004
299 179
300 2189
301 2944
302 420
303 79
304 1411
305 1824
306 1125
307 2387
308 927
309 2387
310 2447
311 565
312 1775
313 1590
314 1344
315 1566
316 2323
317 1338
318 501
319 183
320 1511
321 2514
322 523
323 983
324 387
325 1312
326 2456
327 1460
328 1348
329 1087
330 2847
331 1726
332 8
333 1920
334 1829
335 2377
336 2847
337 699
338 1103
339 2334
340 335
341 2180
342 732
343 1493
344 2999
345 1308
346 2274
347 503
348 1095
349 325
350 403
351 1059
352 1114
353 133
354 2832
355 2861
356 792
357 251
358 1378
359 1129
360 1170
361 1744
362 2992

