801 70
0 509
1 1191
2 1657
3 2859
4 2043
5 634
6 2233
7 2030
8 801
9 2862
10 2035
11 122
12 2662
13 1403
14 2062
15 2508
16 2822
17 724
18 2198
19 2349
20 2447
21 1368
22 1198
23 376
24 367
25 824
26 1721
27 857
28 2938
29 1967
30 1485
31 1662
32 2159
33 1090
34 113
35 1288
36 2293
37 1173
38 251
39 2006
40 922
41 2974
42 195
43 804
44 1966
45 1752
46 988
47 2668
48 1541
49 2558
50 881
51 2751
52 407
53 298
54 2187
55 388
56 704
57 2018
58 412
59 2501
60 410
61 2415
62 1927
63 537
64 817
65 2770
66 2519
67 1087
68 450
69 1861
70 431
71 1767
72 578
73 588
74 1578
75 1587
76 2548
77 1484
78 1756
79 2775
80 426
81 1276
82 2354
83 2683
84 1480
85 1273
86 1972
87 311
88 2600
89 332
90 420
91 874
92 1698
93 1097
94 2197
95 2982
96 569
97 814
98 646
99 842
100 880
101 1373
102 2462
103 43
104 936
105 379
106 1285
107 1321
108 548
109 2553
110 274
111 256
112 459
113 2940
114 608
115 2063
116 1680
117 1633
118 1675
119 81
120 1840
121 1296
122 1492
123 2767
124 2923
125 188
126 1910
127 1003
128 2512
129 2283
130 1031
131 972
132 564
133 1676
134 2739
135 2958
136 137
137 1921
138 1649
139 2893
140 1915
141 425
142 1355
143 52
144 2132
145 1893
146 2400
147 2267
148 1850
149 2215
150 2861
151 1153
152 2455
153 1944
154 49
155 457
156 2694
157 2106
158 1096
159 1797
160 2571
161 1840
162 2399
163 1757
164 2042
165 2504
166 2480
167 1104
168 1801
169 729
170 690
171 2108
172 1268
173 807
174 675
175 34
176 2518
177 1656
178 1119
179 2778
180 1560
181 1171
182 2892
183 2445
184 1390
185 2793
186 1043
187 2230
188 1912
189 1865
190 575
191 2825
192 1315
193 479
194 1383
195 1722
196 2414
197 2724
198 2429
199 47
200 985
201 2337
202 243
203 2094
204 243
205 2452
206 2950
207 637
208 860
209 1878
210 2343
211 2223
212 2564
213 342
214 488
215 2051
216 2432
217 2835
218 2435
219 239
220 81
221 2669
222 1317
223 778
224 495
225 1647
226 2383
227 1492
228 661
229 2849
230 392
231 1085
232 2542
233 2416
234 2925
235 2732
236 1725
237 2596
238 2596
239 1375
240 142
241 2585
242 2753
243 1223
244 1142
245 1865
246 2394
247 1794
248 1963
249 1989
250 2832
251 1645
252 2322
253 547
254 931
255 511
256 343
257 257
258 834
259 754
260 940
261 2742
262 2636
263 2266
264 89
265 467
266 922
267 2059
268 1836
269 1972
270 2109
271 768
272 13
273 228
274 2241
275 650
276 1030
277 2248
278 1469
279 1946
280 174
281 2044
282 939
283 2619
284 2082
285 1153
286 1491
287 250
288 437
289 633
290 1018
291 1877
292 2342
293 1086
294 1301
295 2814
296 1713
297 709
298 819
299 2446
300 240
301 1123
302 2309
303 1392
304 764
305 336
306 2849
307 1827
308 1506
309 2219
310 2760
311 2912
312 2192
313 1448
314 2968
315 1075
316 2459
317 2329
318 1104
319 2255
320 709
321 2286
322 1722
323 583
324 1146
325 1908
326 1857
327 1897
328 1507
329 363
330 2115
331 1116
332 470
333 2903
334 207
335 1846
336 2561
337 1560
338 1988
339 2733
340 1232
341 1933
342 2398
343 7
344 2329
345 1618
346 1456
347 1304
348 2811
349 1542
350 2522
351 1845
352 1944
353 21
354 603
355 1382
356 2526
357 1368
358 1395
359 1476
360 1535
361 2597
362 1009
363 870
364 107
365 222
366 2305
367 924
368 86
369 1939
370 1254
371 699
372 2509
373 406
374 355
375 763
376 23
377 2397
378 378
379 1720
380 1527
381 1388
382 1016
383 2897
384 2081
385 180
386 2836
387 1319
388 1450
389 195
390 1649
391 103
392 2699
393 1875
394 21
395 246
396 683
397 355
398 2688
399 2347
400 2858
401 1084
402 1504
403 1704
404 1616
405 404
406 522
407 617
408 578
409 148
410 1444
411 408
412 55
413 1090
414 194
415 1907
416 811
417 2549
418 2561
419 2728
420 1413
421 1970
422 1579
423 2837
424 1173
425 1778
426 2031
427 306
428 1365
429 2697
430 2350
431 1362
432 1018
433 2923
434 861
435 1708
436 204
437 2333
438 1042
439 39
440 1923
441 2192
442 1407
443 2420
444 1281
445 1018
446 1973
447 2238
448 2477
449 2742
450 2931
451 362
452 411
453 728
454 252
455 2888
456 1753
457 2558
458 563
459 851
460 2053
461 2343
462 1651
463 2321
464 669
465 1298
466 494
467 651
468 1611
469 1901
470 110
471 1619
472 2912
473 469
474 2470
475 910
476 1057
477 434
478 1644
479 1075
480 202
481 2666
482 23
483 697
484 820
485 962
486 1986
487 142
488 1212
489 2020
490 133
491 2788
492 1151
493 2642
494 1405
495 101
496 427
497 1335
498 2509
499 2594
500 306
501 1001
502 1733
503 683
504 1734
505 1226
506 218
507 529
508 1757
509 799
510 2706
511 2605
512 426
513 2345
514 1641
515 2322
516 2148
517 1235
518 2833
519 1400
520 2929
521 2419
522 1008
523 1709
524 1775
525 739
526 526
527 169
528 609
529 2897
530 1641
531 900
532 2890
533 1556
534 392
535 871
536 2119
537 408
538 2535
539 907
540 363
541 2495
542 2886
543 2868
544 2956
545 623
546 1221
547 417
548 1537
549 1318
550 1933
551 2033
552 1030
553 1565
554 436
555 328
556 2207
557 2489
558 1111
559 741
560 2066
561 1557
562 2500
563 1603
564 2889
565 2073
566 1863
567 1411
568 2521
569 940
570 432
571 1261
572 2143
573 446
574 1192
575 495
576 1191
577 2685
578 613
579 1235
580 115
581 2503
582 2997
583 1747
584 2760
585 1600
586 1744
587 2187
588 1105
589 395
590 857
591 1557
592 888
593 707
594 361
595 114
596 790
597 2808
598 1234
599 1750
600 2948
601 796
602 2409
603 2652
604 2907
605 1716
606 668
607 2457
608 2080
609 1522
610 1108
611 2784
612 2309
613 331
614 2754
615 1144
616 1059
617 2074
618 107
619 2301
620 2829
621 1878
622 354
623 1286
624 1519
625 1716
626 2363
627 539
628 163
629 1162
630 2965
631 2879
632 1270
633 2707
634 716
635 1588
636 245
637 69
638 259
639 1785
640 53
641 2368
642 1716
643 1344
644 2103
645 2709
646 2020
647 1104
648 2643
649 337
650 1871
651 805
652 1591
653 617
654 2283
655 355
656 1061
657 271
658 291
659 387
660 1762
661 1029
662 1617
663 457
664 812
665 2759
666 2878
667 1271
668 1205
669 1183
670 2910
671 2805
672 2403
673 2006
674 2273
675 2108
676 1184
677 2240
678 924
679 282
680 2322
681 1356
682 256
683 307
684 1564
685 2026
686 2109
687 1899
688 775
689 2300
690 2314
691 2398
692 2892
693 1528
694 2770
695 2997
696 2388
697 462
698 1630
699 2952
700 2124
701 2517
702 2703
703 1887
704 2619
705 791
706 2019
707 1043
708 651
709 2176
710 2628
711 815
712 1870
713 1742
714 1118
715 866
716 576
717 1406
718 1950
719 404
720 1505
721 2528
722 407
723 1394
724 285
725 1439
726 2315
727 2306
728 84
729 883
730 86
731 1719
732 2806
733 2234
734 2679
735 765
736 2034
737 841
738 390
739 2278
740 2359
741 1840
742 1193
743 2290
744 2944
745 1728
746 2012
747 1077
748 1748
749 817
750 1523
751 940
752 1459
753 14
754 2864
755 1276
756 2854
757 1811
758 2291
759 744
760 1730
761 1171
762 1365
763 479
764 1781
765 1374
766 1517
767 1391
768 2619
769 2219
770 491
771 2099
772 2399
773 562
774 2820
775 747
776 917
777 1531
778 2721
779 395
780 2910
781 2167
782 903
783 2972
784 2492
785 1756
786 395
787 1080
788 2041
789 1019
790 2145
791 899
792 1805
793 822
794 434
795 1714
796 907
797 1817
798 605
799 1468
800 2366

