73 25
0 979
1 2713
2 100
3 1222
4 1232
5 2191
6 1051
7 2926
8 1262
9 1088
10 2208
11 997
12 1961
13 2345
14 713
15 2364
16 2215
17 415
18 500
19 949
20 814
21 2330
22 2720
23 640
24 1094
25 78
26 406
27 148
28 1936
29 723
30 2109
31 200
32 512
33 868
34 1480
35 2197
36 1638
37 129
38 2674
39 525
40 1139
41 287
42 2721
43 2621
44 232
45 1769
46 1223
47 714
48 197
49 1513
50 1053
51 346
52 1086
53 2197
54 1718
55 642
56 55
57 1566
58 2608
59 2243
60 682
61 2522
62 2662
63 2986
64 2417
65 1396
66 1988
67 2967
68 2476
69 2636
70 2953
71 446
72 1810

