340 54
0 794
1 336
2 2169
3 1324
4 1273
5 2375
6 275
7 1388
8 1338
9 295
10 1103
11 2017
12 466
13 1857
14 755
15 1213
16 1788
17 581
18 1480
19 2492
20 1180
21 2812
22 1857
23 306
24 1341
25 723
26 63
27 606
28 789
29 19
30 97
31 2590
32 138
33 1960
34 1724
35 1665
36 1074
37 861
38 473
39 2194
40 1173
41 1694
42 1244
43 562
44 1347
45 761
46 884
47 1000
48 64
49 390
50 2233
51 803
52 354
53 2915
54 10
55 2234
56 2351
57 124
58 1011
59 1220
60 1101
61 2596
62 21
63 676
64 2616
65 1097
66 2114
67 2045
68 1404
69 578
70 63
71 2405
72 2485
73 1732
74 2368
75 2271
76 1586
77 1019
78 87
79 2415
80 731
81 2188
82 2945
83 1187
84 2546
85 1315
86 1169
87 910
88 2716
89 388
90 2851
91 501
92 2804
93 2720
94 2221
95 1938
96 763
97 264
98 2473
99 1981
100 948
101 2344
102 2749
103 1554
104 47
105 1659
106 45
107 2187
108 1655
109 1682
110 271
111 2070
112 406
113 1371
114 1220
115 1475
116 2131
117 1240
118 958
119 1472
120 1713
121 2769
122 2657
123 757
124 2789
125 884
126 726
127 911
128 2978
129 2821
130 759
131 1705
132 492
133 605
134 832
135 991
136 780
137 627
138 2614
139 1713
140 2989
141 416
142 1829
143 713
144 688
145 1236
146 254
147 878
148 2878
149 14
150 903
151 1916
152 829
153 296
154 369
155 145
156 2295
157 1711
158 224
159 1900
160 574
161 60
162 842
163 2279
164 1349
165 2898
166 811
167 2771
168 1606
169 1111
170 2035
171 380
172 225
173 2518
174 412
175 1408
176 2258
177 888
178 1218
179 358
180 1059
181 1495
182 2149
183 2781
184 1199
185 2619
186 1783
187 2612
188 706
189 684
190 2357
191 1455
192 1883
193 1294
194 2540
195 1379
196 767
197 627
198 1035
199 2389
200 2682
201 12
202 1620
203 512
204 1808
205 1880
206 1731
207 842
208 2150
209 1022
210 675
211 550
212 1537
213 1759
214 2806
215 198
216 879
217 772
218 1032
219 1696
220 2250
221 2199
222 1077
223 2168
224 719
225 2198
226 141
227 9
228 2065
229 212
230 1601
231 2262
232 1334
233 1640
234 847
235 2789
236 1383
237 2573
238 2166
239 2853
240 1906
241 526
242 2840
243 2585
244 1812
245 675
246 1146
247 1405
248 1661
249 213
250 1502
251 1764
252 797
253 2445
254 1715
255 398
256 2310
257 2635
258 606
259 1505
260 49
261 829
262 2266
263 1285
264 507
265 2631
266 215
267 1530
268 752
269 271
270 1813
271 1400
272 829
273 1053
274 962
275 2678
276 2864
277 2670
278 1724
279 2169
280 1628
281 1867
282 190
283 2463
284 1037
285 1399
286 1499
287 2485
288 1560
289 2807
290 531
291 2501
292 2705
293 310
294 2838
295 2712
296 2948
297 2897
298 447
299 196
300 2877
301 2658
302 1419
303 1864
304 2252
305 2894
306 1519
307 1354
308 2755
309 644
310 1623
311 866
312 885
313 2556
314 2829
315 2959
316 1536
317 174
318 1950
319 2207
320 2859
321 1074
322 832
323 2442
324 358
325 2038
326 2869
327 1240
328 2430
329 1682
330 129
331 2800
332 297
333 384
334 59
335 1273
336 1792
337 1312
338 2325
339 1028

