913 38
0 0
1 1988
2 2141
3 906
4 2820
5 1029
6 1657
7 1042
8 1875
9 535
10 100
11 631
12 761
13 2168
14 1232
15 1993
16 2801
17 1716
18 2939
19 1493
20 2795
21 249
22 1079
23 2300
24 2606
25 2820
26 1359
27 2635
28 1287
29 861
30 315
31 2948
32 1002
33 405
34 2023
35 446
36 2154
37 731
38 411
39 1431
40 1258
41 764
42 981
43 1193
44 605
45 1865
46 1928
47 1508
48 1412
49 2537
50 967
51 1073
52 2280
53 1593
54 2775
55 35
56 1802
57 1981
58 1732
59 670
60 1519
61 2675
62 1626
63 770
64 1199
65 866
66 1022
67 2367
68 1012
69 1908
70 1774
71 1386
72 278
73 900
74 2959
75 1060
76 2938
77 2409
78 1272
79 192
80 2439
81 2352
82 656
83 1227
84 2725
85 866
86 1701
87 2403
88 408
89 2246
90 716
91 770
92 61
93 2664
94 1861
95 457
96 2919
97 1890
98 1393
99 1335
100 1477
101 270
102 1119
103 1359
104 1198
105 2239
106 1206
107 1805
108 2485
109 575
110 1906
111 2693
112 1672
113 538
114 1911
115 1612
116 2485
117 1805
118 1247
119 1334
120 738
121 1113
122 1568
123 2468
124 39
125 2961
126 1550
127 2410
128 375
129 1895
130 2095
131 2384
132 1431
133 311
134 709
135 1610
136 2536
137 917
138 762
139 1847
140 38
141 2796
142 2608
143 794
144 2663
145 2281
146 311
147 2937
148 852
149 1940
150 1174
151 2177
152 2200
153 2392
154 2612
155 198
156 2480
157 1451
158 452
159 2652
160 1731
161 1685
162 2275
163 1566
164 1874
165 1359
166 323
167 1604
168 903
169 664
170 2662
171 2996
172 65
173 2431
174 1593
175 613
176 240
177 145
178 1980
179 319
180 831
181 2369
182 2175
183 2006
184 1034
185 2420
186 1391
187 1925
188 952
189 2974
190 1860
191 2475
192 1458
193 2820
194 1359
195 1487
196 2660
197 2121
198 1106
199 2058
200 2282
201 1891
202 789
203 1592
204 1827
205 1796
206 2587
207 1230
208 650
209 2602
210 2640
211 448
212 407
213 2419
214 1819
215 515
216 2511
217 2510
218 2184
219 975
220 773
221 2439
222 1935
223 2303
224 778
225 391
226 1211
227 2728
228 1787
229 2377
230 1513
231 830
232 983
233 2108
234 1903
235 1258
236 807
237 470
238 1177
239 1796
240 679
241 2314
242 64
243 2330
244 1320
245 640
246 58
247 2815
248 2092
249 803
250 1161
251 2883
252 68
253 2646
254 1789
255 517
256 1296
257 2195
258 2082
259 458
260 1923
261 564
262 744
263 1932
264 2752
265 1699
266 2203
267 753
268 2190
269 1617
270 2397
271 914
272 1496
273 959
274 1870
275 994
276 1715
277 1605
278 1190
279 2429
280 632
281 4
282 998
283 247
284 603
285 116
286 2514
287 402
288 2820
289 2452
290 2449
291 739
292 1711
293 2751
294 866
295 649
296 2692
297 1219
298 2017
299 1400
300 2568
301 2507
302 2301
303 379
304 667
305 1065
306 596
307 69
308 1185
309 998
310 336
311 1532
312 564
313 1738
314 1040
315 178
316 1640
317 2932
318 1224
319 1279
320 896
321 2108
322 2246
323 1635
324 357
325 1023
326 1310
327 1677
328 1410
329 501
330 2922
331 263
332 2185
333 2148
334 877
335 2814
336 2001
337 2060
338 2138
339 2519
340 2190
341 1628
342 2223
343 1004
344 1567
345 2018
346 1923
347 1406
348 10
349 2204
350 2654
351 2833
352 1285
353 876
354 1353
355 1086
356 505
357 1924
358 930
359 1816
360 689
361 839
362 1653
363 1546
364 1661
365 559
366 1838
367 116
368 1178
369 1865
370 1909
371 1279
372 968
373 131
374 2460
375 2182
376 2715
377 2397
378 1145
379 1372
380 1360
381 277
382 998
383 490
384 1783
385 2291
386 578
387 2390
388 530
389 118
390 330
391 2672
392 707
393 1417
394 743
395 1937
396 2036
397 2203
398 488
399 1903
400 2120
401 441
402 110
403 2307
404 1441
405 1740
406 2752
407 2864
408 871
409 2708
410 1789
411 1269
412 53
413 116
414 324
415 2074
416 1828
417 917
418 338
419 1124
420 1839
421 2136
422 1851
423 1322
424 788
425 2314
426 2398
427 2999
428 1116
429 2270
430 185
431 1283
432 1723
433 2863
434 172
435 736
436 2940
437 2151
438 407
439 1957
440 1798
441 700
442 880
443 294
444 734
445 2979
446 365
447 2394
448 317
449 2549
450 2538
451 2834
452 1687
453 2833
454 1832
455 1762
456 782
457 2593
458 340
459 1487
460 2070
461 1361
462 650
463 1708
464 2521
465 1423
466 2908
467 2237
468 1018
469 2975
470 602
471 661
472 2210
473 1654
474 1927
475 2325
476 1589
477 2971
478 2909
479 2484
480 1108
481 2669
482 1911
483 2687
484 2466
485 1652
486 1494
487 1726
488 2698
489 433
490 927
491 548
492 178
493 1696
494 1906
495 652
496 2735
497 363
498 1569
499 1747
500 2813
501 339
502 2818
503 945
504 1234
505 2623
506 1915
507 800
508 720
509 629
510 605
511 2652
512 925
513 638
514 2375
515 1567
516 959
517 2820
518 2822
519 2788
520 2261
521 1015
522 2758
523 605
524 1410
525 2322
526 1211
527 2661
528 2545
529 1086
530 2514
531 1280
532 1041
533 680
534 158
535 1944
536 2872
537 1354
538 714
539 242
540 1279
541 2771
542 1480
543 2245
544 1053
545 884
546 1236
547 419
548 2159
549 2885
550 379
551 883
552 201
553 54
554 726
555 692
556 1102
557 1287
558 17
559 1292
560 783
561 2754
562 40
563 1958
564 2924
565 365
566 2250
567 2143
568 648
569 1930
570 1925
571 2408
572 2910
573 2100
574 2775
575 897
576 1355
577 175
578 27
579 1852
580 1067
581 1491
582 1522
583 2239
584 2849
585 2944
586 117
587 504
588 883
589 1900
590 518
591 1054
592 2805
593 1216
594 1681
595 1280
596 324
597 862
598 153
599 2241
600 2282
601 1251
602 2973
603 674
604 2639
605 1661
606 2969
607 1465
608 1293
609 844
610 1475
611 258
612 1652
613 1583
614 2483
615 2619
616 282
617 1592
618 1525
619 1610
620 2543
621 473
622 477
623 2027
624 246
625 107
626 744
627 2609
628 1275
629 2913
630 2987
631 622
632 1537
633 110
634 2283
635 2767
636 1349
637 1160
638 51
639 1786
640 102
641 2865
642 2051
643 287
644 554
645 2438
646 1239
647 1706
648 2291
649 2301
650 487
651 862
652 1225
653 2254
654 2813
655 1600
656 383
657 2620
658 1709
659 2195
660 2914
661 591
662 949
663 1014
664 2903
665 2689
666 2470
667 171
668 2772
669 1726
670 2668
671 235
672 2634
673 85
674 2080
675 120
676 1018
677 41
678 760
679 2267
680 2327
681 793
682 1136
683 2800
684 22
685 1723
686 2195
687 2408
688 607
689 981
690 2132
691 2849
692 221
693 735
694 2323
695 543
696 144
697 1169
698 425
699 80
700 794
701 259
702 308
703 2280
704 918
705 921
706 2733
707 1193
708 2972
709 989
710 926
711 933
712 2166
713 1485
714 1391
715 877
716 1660
717 2843
718 1759
719 1008
720 75
721 2664
722 610
723 1825
724 2522
725 197
726 2420
727 1662
728 2770
729 963
730 798
731 544
732 770
733 2042
734 1944
735 2925
736 1391
737 2852
738 806
739 1986
740 1550
741 1861
742 2264
743 1086
744 709
745 801
746 653
747 2762
748 488
749 1931
750 1083
751 2978
752 2869
753 286
754 442
755 2639
756 2837
757 890
758 814
759 1671
760 2437
761 2400
762 2950
763 455
764 1057
765 1248
766 307
767 100
768 131
769 1070
770 1990
771 2382
772 905
773 2833
774 1006
775 2533
776 1291
777 570
778 2964
779 1531
780 493
781 2936
782 1058
783 982
784 381
785 1060
786 2699
787 2018
788 2121
789 2910
790 2515
791 2053
792 1958
793 2341
794 742
795 591
796 1066
797 1008
798 1296
799 1271
800 1973
801 2857
802 564
803 1630
804 2443
805 2442
806 1369
807 1694
808 2329
809 2304
810 2595
811 2124
812 1381
813 2832
814 682
815 1291
816 646
817 2927
818 1017
819 1415
820 2257
821 2387
822 678
823 1458
824 1476
825 2805
826 2146
827 733
828 2907
829 1783
830 2334
831 1337
832 1214
833 124
834 2665
835 2330
836 147
837 2077
838 2438
839 2968
840 2762
841 666
842 566
843 2661
844 1741
845 2937
846 654
847 2563
848 2802
849 1807
850 671
851 185
852 2164
853 2548
854 1654
855 1822
856 2191
857 1993
858 2946
859 974
860 869
861 868
862 1835
863 1556
864 116
865 2859
866 1567
867 2522
868 286
869 2162
870 1186
871 2737
872 190
873 1650
874 706
875 1377
876 1637
877 843
878 181
879 459
880 1582
881 1066
882 1455
883 1040
884 2646
885 2032
886 1908
887 2434
888 2298
889 1954
890 576
891 2340
892 419
893 542
894 1310
895 1006
896 2897
897 1155
898 2723
899 759
900 2197
901 1453
902 551
903 1008
904 2545
905 1821
906 2091
907 2612
908 1451
909 1684
910 396
911 915
912 1672

