708 81
0 1881
1 2159
2 2912
3 25
4 375
5 472
6 1429
7 1417
8 1840
9 849
10 109
11 2967
12 498
13 737
14 1255
15 98
16 77
17 767
18 2527
19 28
20 575
21 1874
22 68
23 2358
24 2774
25 258
26 510
27 619
28 2336
29 1861
30 2984
31 828
32 2303
33 2380
34 2110
35 1264
36 2327
37 1532
38 2963
39 377
40 2221
41 719
42 2712
43 356
44 362
45 1955
46 1203
47 2324
48 361
49 2731
50 761
51 2160
52 400
53 1646
54 1815
55 639
56 403
57 565
58 62
59 158
60 940
61 849
62 210
63 2756
64 2951
65 132
66 784
67 2870
68 1541
69 375
70 347
71 2292
72 2923
73 729
74 934
75 2527
76 1687
77 1215
78 2924
79 1980
80 1168
81 963
82 2358
83 1006
84 53
85 1772
86 557
87 2723
88 2621
89 1979
90 559
91 60
92 2866
93 1023
94 1343
95 467
96 903
97 1815
98 1409
99 1888
100 1311
101 1273
102 1857
103 2606
104 727
105 2221
106 561
107 2399
108 1526
109 731
110 1104
111 2942
112 2008
113 442
114 275
115 2563
116 2801
117 1194
118 196
119 927
120 258
121 1534
122 275
123 2890
124 1905
125 1307
126 2984
127 1444
128 1789
129 626
130 482
131 503
132 2575
133 66
134 2795
135 748
136 655
137 945
138 2917
139 733
140 2663
141 2390
142 818
143 724
144 56
145 2774
146 935
147 1219
148 643
149 279
150 1978
151 2447
152 2520
153 2744
154 2334
155 100
156 188
157 592
158 1825
159 103
160 2092
161 722
162 2925
163 1509
164 893
165 781
166 1976
167 2629
168 2380
169 1297
170 1215
171 1654
172 2959
173 295
174 1919
175 1939
176 1100
177 2663
178 719
179 141
180 2874
181 360
182 1069
183 1148
184 687
185 1880
186 232
187 2780
188 1895
189 1806
190 1414
191 1651
192 1711
193 2256
194 138
195 854
196 2341
197 2018
198 64
199 2190
200 2696
201 924
202 522
203 35
204 1055
205 1681
206 2841
207 2702
208 1220
209 319
210 2138
211 1039
212 599
213 1978
214 1740
215 2830
216 777
217 62
218 2997
219 625
220 2669
221 235
222 2062
223 32
224 2975
225 1432
226 2047
227 689
228 961
229 984
230 1320
231 2447
232 2143
233 2769
234 1310
235 1884
236 1628
237 1030
238 1767
239 1590
240 320
241 2021
242 475
243 716
244 1188
245 2448
246 527
247 1122
248 640
249 1859
250 2082
251 414
252 2959
253 2573
254 365
255 2488
256 2703
257 2308
258 2728
259 20
260 2923
261 1641
262 2051
263 1536
264 2351
265 1001
266 462
267 1428
268 1289
269 1478
270 2968
271 1209
272 2358
273 421
274 1122
275 1265
276 838
277 2084
278 2307
279 492
280 2146
281 1174
282 1196
283 1525
284 982
285 288
286 786
287 425
288 725
289 1814
290 2511
291 2462
292 2855
293 1170
294 1426
295 2907
296 376
297 1448
298 2528
299 2449
300 1394
301 2409
302 80
303 2022
304 774
305 2580
306 2976
307 1423
308 2259
309 2151
310 2225
311 1128
312 2514
313 2253
314 972
315 1236
316 5
317 2451
318 390
319 31
320 817
321 1736
322 1435
323 1249
324 768
325 2527
326 2202
327 528
328 2329
329 2688
330 2123
331 2636
332 1522
333 3
334 566
335 1921
336 1531
337 561
338 2722
339 2097
340 1626
341 2091
342 2975
343 1191
344 2330
345 2109
346 1872
347 92
348 870
349 411
350 1080
351 260
352 2723
353 2578
354 1320
355 40
356 987
357 673
358 1348
359 1140
360 2368
361 2898
362 933
363 102
364 1076
365 1983
366 177
367 999
368 912
369 732
370 1310
371 566
372 675
373 2778
374 2825
375 1495
376 2159
377 2963
378 1868
379 561
380 1394
381 2779
382 252
383 1128
384 2435
385 1600
386 1317
387 2257
388 1645
389 2950
390 237
391 120
392 262
393 1829
394 2390
395 2133
396 2816
397 2280
398 792
399 2050
400 842
401 989
402 2951
403 2262
404 280
405 1170
406 2110
407 407
408 2653
409 2176
410 1218
411 56
412 2125
413 707
414 989
415 2297
416 1530
417 2172
418 2413
419 366
420 2038
421 1944
422 156
423 881
424 1095
425 621
426 1086
427 2511
428 3000
429 254
430 1196
431 2126
432 1107
433 1386
434 2685
435 1015
436 772
437 2794
438 2178
439 832
440 1799
441 1838
442 909
443 2937
444 2658
445 2115
446 2106
447 1230
448 2657
449 2363
450 2145
451 306
452 1
453 2791
454 235
455 910
456 254
457 866
458 42
459 192
460 73
461 390
462 2420
463 911
464 2899
465 73
466 2223
467 2786
468 1203
469 2174
470 2279
471 2319
472 2563
473 1632
474 640
475 2331
476 676
477 548
478 1970
479 1643
480 1766
481 2075
482 1039
483 521
484 2925
485 1461
486 2002
487 2790
488 1309
489 650
490 52
491 1771
492 1814
493 2057
494 2158
495 2650
496 1896
497 1035
498 1199
499 92
500 1017
501 249
502 868
503 292
504 256
505 1303
506 1294
507 157
508 2740
509 877
510 834
511 756
512 1440
513 227
514 2987
515 387
516 856
517 2590
518 2134
519 626
520 22
521 1573
522 1914
523 1662
524 175
525 903
526 1114
527 580
528 231
529 2124
530 2189
531 2979
532 1332
533 109
534 2840
535 804
536 593
537 1206
538 1317
539 1793
540 159
541 2580
542 2608
543 430
544 2140
545 415
546 1139
547 1198
548 654
549 1028
550 2968
551 1812
552 1644
553 1327
554 823
555 1132
556 1792
557 2584
558 916
559 2936
560 1953
561 1007
562 2720
563 1963
564 2504
565 839
566 1876
567 502
568 2854
569 389
570 1091
571 2899
572 1323
573 2598
574 2608
575 1186
576 105
577 911
578 2364
579 2110
580 1281
581 348
582 1215
583 1870
584 388
585 1559
586 772
587 112
588 1436
589 1455
590 1245
591 2824
592 1190
593 2495
594 2980
595 785
596 296
597 482
598 1927
599 2272
600 1176
601 540
602 2102
603 1811
604 2
605 930
606 1102
607 1504
608 1619
609 1805
610 1035
611 212
612 2249
613 2034
614 401
615 941
616 2892
617 1700
618 1244
619 2702
620 1974
621 2329
622 2646
623 1260
624 1016
625 2038
626 371
627 672
628 2568
629 1817
630 633
631 331
632 2306
633 2211
634 2798
635 2361
636 1002
637 2415
638 2803
639 331
640 1167
641 1482
642 1784
643 2899
644 2853
645 1595
646 266
647 822
648 497
649 1596
650 2611
651 2090
652 800
653 1489
654 495
655 2074
656 442
657 1331
658 1646
659 1645
660 40
661 1976
662 2745
663 1344
664 2873
665 2968
666 758
667 1884
668 2062
669 1756
670 1985
671 1976
672 20
673 2480
674 1533
675 1046
676 884
677 2304
678 802
679 299
680 458
681 1871
682 2901
683 45
684 2624
685 719
686 2713
687 1990
688 273
689 2221
690 2653
691 1486
692 1425
693 925
694 82
695 1520
696 1045
697 172
698 2210
699 2727
700 2217
701 171
702 139
703 809
704 422
705 2650
706 22
707 24

