471 27
0 2258
1 2296
2 2250
3 2653
4 1243
5 21
6 2497
7 492
8 2028
9 2201
10 1365
11 2999
12 158
13 2848
14 1615
15 2143
16 1800
17 2332
18 899
19 397
20 2840
21 1418
22 920
23 373
24 2437
25 1222
26 2769
27 1371
28 2309
29 820
30 996
31 1126
32 1502
33 2583
34 2825
35 2229
36 899
37 2086
38 985
39 2604
40 1592
41 2627
42 1208
43 1304
44 2623
45 294
46 870
47 308
48 2366
49 1970
50 1522
51 1251
52 961
53 2278
54 164
55 2161
56 2504
57 2287
58 2419
59 42
60 58
61 320
62 1418
63 65
64 2968
65 13
66 2601
67 2537
68 1178
69 2576
70 2508
71 1032
72 1067
73 720
74 16
75 2361
76 1163
77 1386
78 383
79 380
80 816
81 1883
82 792
83 1261
84 2087
85 1051
86 78
87 2039
88 1588
89 1390
90 189
91 690
92 1911
93 2261
94 2829
95 376
96 74
97 2107
98 2646
99 2875
100 1323
101 1090
102 1863
103 2357
104 972
105 688
106 2242
107 267
108 2172
109 2472
110 837
111 669
112 1693
113 2695
114 2810
115 927
116 42
117 2332
118 526
119 2940
120 2440
121 1638
122 329
123 2882
124 264
125 2476
126 139
127 2617
128 1059
129 895
130 55
131 2508
132 2385
133 2407
134 1606
135 2008
136 1570
137 228
138 2251
139 525
140 767
141 2320
142 1036
143 2299
144 1541
145 2811
146 2373
147 564
148 1249
149 1402
150 2713
151 1975
152 2080
153 2431
154 2635
155 2873
156 1814
157 1723
158 89
159 1449
160 681
161 2839
162 1406
163 502
164 1887
165 479
166 2881
167 711
168 340
169 950
170 2484
171 534
172 1482
173 2900
174 1616
175 480
176 1221
177 435
178 2324
179 2783
180 924
181 2552
182 537
183 85
184 2297
185 487
186 587
187 34
188 1688
189 1886
190 373
191 369
192 1175
193 2295
194 245
195 1737
196 1066
197 1445
198 2146
199 2970
200 1644
201 2179
202 1080
203 2508
204 1706
205 703
206 2042
207 2376
208 275
209 2105
210 785
211 1346
212 2157
213 2654
214 1400
215 826
216 821
217 225
218 376
219 651
220 133
221 2971
222 2260
223 1957
224 2735
225 1453
226 1401
227 2977
228 2147
229 1475
230 883
231 2650
232 2063
233 1429
234 2375
235 1026
236 976
237 2272
238 2538
239 632
240 551
241 690
242 929
243 766
244 2765
245 224
246 61
247 1275
248 970
249 548
250 2372
251 1501
252 300
253 293
254 212
255 563
256 984
257 1465
258 1861
259 1649
260 356
261 2006
262 2368
263 2697
264 322
265 2883
266 0
267 2897
268 1045
269 664
270 1318
271 941
272 2267
273 1566
274 526
275 2209
276 2560
277 1067
278 78
279 866
280 1870
281 1630
282 1023
283 2767
284 916
285 1296
286 2116
287 2499
288 1159
289 2642
290 151
291 1990
292 1695
293 2904
294 1849
295 2510
296 2926
297 503
298 2572
299 2249
300 1754
301 135
302 2336
303 375
304 1798
305 2474
306 2101
307 185
308 2520
309 1081
310 2710
311 2100
312 1871
313 2779
314 917
315 1850
316 347
317 1706
318 2306
319 2934
320 1906
321 1620
322 120
323 1703
324 2580
325 2944
326 284
327 613
328 1537
329 1160
330 967
331 915
332 607
333 1531
334 1857
335 2220
336 138
337 1770
338 1561
339 365
340 2803
341 556
342 1806
343 178
344 1338
345 744
346 2278
347 2694
348 1066
349 2404
350 2593
351 1524
352 600
353 2234
354 2912
355 382
356 1805
357 367
358 2084
359 1633
360 1719
361 1953
362 1369
363 1267
364 2081
365 140
366 2289
367 721
368 1186
369 1485
370 2505
371 2343
372 1935
373 2760
374 1652
375 2372
376 286
377 2152
378 808
379 1691
380 1678
381 1303
382 2660
383 828
384 171
385 1953
386 278
387 1610
388 1910
389 1264
390 2753
391 1701
392 103
393 1297
394 1334
395 2521
396 2744
397 2749
398 1851
399 367
400 400
401 1477
402 2558
403 1730
404 2338
405 1889
406 865
407 1639
408 1612
409 276
410 1411
411 712
412 904
413 259
414 2928
415 994
416 1277
417 2255
418 163
419 2883
420 2493
421 507
422 2662
423 2314
424 2728
425 931
426 2756
427 1449
428 1372
429 2656
430 1792
431 2700
432 472
433 26
434 1577
435 2681
436 1535
437 2759
438 1893
439 2529
440 829
441 2529
442 2113
443 67
444 874
445 2707
446 710
447 1664
448 1218
449 1573
450 117
451 845
452 682
453 530
454 1969
455 2648
456 1678
457 315
458 1281
459 745
460 1156
461 612
462 1836
463 985
464 1606
465 1137
466 1353
467 1784
468 1753
469 2092
470 2089

