263 51
0 1749
1 2717
2 2018
3 2764
4 917
5 1105
6 283
7 1579
8 2538
9 1892
10 1812
11 1799
12 1000
13 1725
14 2701
15 238
16 2462
17 1168
18 1312
19 2130
20 500
21 2679
22 1344
23 2823
24 611
25 1205
26 2657
27 945
28 2056
29 2508
30 782
31 2434
32 2752
33 2132
34 2764
35 1069
36 1240
37 1588
38 816
39 1109
40 687
41 956
42 2926
43 1536
44 1542
45 1299
46 2064
47 1303
48 1371
49 1284
50 616
51 2206
52 1140
53 1405
54 2907
55 2261
56 2993
57 1025
58 7
59 1178
60 587
61 1229
62 2244
63 1394
64 2212
65 2913
66 1418
67 576
68 1620
69 778
70 2464
71 1960
72 2475
73 2353
74 1593
75 2810
76 399
77 2836
78 824
79 2907
80 1383
81 1701
82 403
83 1831
84 796
85 1612
86 1162
87 1853
88 209
89 2851
90 2102
91 163
92 1997
93 848
94 1862
95 2153
96 2631
97 2815
98 2614
99 2757
100 1065
101 200
102 2492
103 2075
104 765
105 268
106 977
107 2923
108 1071
109 129
110 887
111 2779
112 2728
113 2178
114 744
115 1911
116 701
117 1023
118 1861
119 23
120 798
121 222
122 484
123 1946
124 1776
125 1577
126 1709
127 421
128 1923
129 2043
130 2100
131 483
132 1593
133 941
134 2031
135 848
136 1729
137 2335
138 1127
139 2215
140 2110
141 1627
142 1880
143 699
144 934
145 1801
146 1545
147 1599
148 690
149 268
150 925
151 214
152 2171
153 384
154 2207
155 1367
156 584
157 1922
158 1917
159 981
160 335
161 1321
162 1155
163 1436
164 2768
165 1690
166 112
167 2717
168 2420
169 2168
170 2349
171 1575
172 2468
173 276
174 2984
175 379
176 2363
177 77
178 395
179 0
180 1001
181 779
182 2536
183 2234
184 207
185 2372
186 1807
187 60
188 907
189 2922
190 2193
191 2526
192 1661
193 1829
194 2156
195 2348
196 2481
197 2195
198 2928
199 430
200 908
201 1570
202 156
203 123
204 119
205 715
206 1480
207 1553
208 886
209 740
210 2344
211 2470
212 2719
213 1418
214 310
215 137
216 483
217 2088
218 531
219 478
220 918
221 836
222 1028
223 1742
224 2826
225 2796
226 1049
227 186
228 325
229 352
230 1169
231 345
232 1012
233 863
234 238
235 1411
236 2788
237 2731
238 2103
239 226
240 2913
241 1365
242 2778
243 2843
244 1393
245 1972
246 780
247 1487
248 208
249 1782
250 1741
251 269
252 560
253 761
254 2177
255 2015
256 1451
257 1555
258 372
259 102
260 2690
261 2088
262 2068

