478 75
0 2449
1 2122
2 869
3 600
4 1955
5 875
6 1629
7 1121
8 206
9 2890
10 379
11 1756
12 22
13 706
14 2528
15 1600
16 1326
17 1606
18 2034
19 460
20 1515
21 226
22 2140
23 2586
24 2319
25 2553
26 2042
27 236
28 444
29 411
30 434
31 379
32 2856
33 1346
34 1659
35 128
36 1632
37 1340
38 1955
39 2491
40 1039
41 249
42 2246
43 1899
44 2324
45 1140
46 1666
47 185
48 668
49 46
50 1912
51 1597
52 1513
53 2435
54 883
55 2204
56 1185
57 2042
58 2362
59 2877
60 1302
61 1303
62 2115
63 2925
64 2118
65 624
66 2919
67 880
68 402
69 1844
70 1495
71 2895
72 1520
73 2926
74 2414
75 2892
76 1695
77 1011
78 388
79 344
80 2657
81 1845
82 1849
83 2016
84 2842
85 1368
86 1632
87 243
88 2638
89 2834
90 2738
91 674
92 669
93 2995
94 1605
95 2127
96 2526
97 1582
98 1010
99 991
100 731
101 1533
102 1870
103 1672
104 2376
105 521
106 910
107 1727
108 1334
109 2486
110 2574
111 192
112 1130
113 319
114 1275
115 2564
116 1675
117 2663
118 2275
119 816
120 1568
121 818
122 2136
123 2506
124 2420
125 1420
126 874
127 66
128 487
129 1598
130 1594
131 2822
132 2407
133 427
134 2703
135 1912
136 585
137 21
138 2631
139 2094
140 2948
141 2368
142 1593
143 1354
144 2963
145 1326
146 2192
147 1680
148 2351
149 2908
150 639
151 2908
152 2057
153 2023
154 2245
155 1638
156 874
157 550
158 830
159 629
160 2112
161 1664
162 1100
163 971
164 206
165 1867
166 653
167 2196
168 2049
169 29
170 2239
171 2845
172 2403
173 2491
174 583
175 1054
176 1177
177 2386
178 849
179 975
180 2097
181 2095
182 1352
183 2134
184 1357
185 2843
186 2771
187 2229
188 2104
189 2789
190 1214
191 1208
192 2985
193 1592
194 625
195 587
196 1368
197 1517
198 1332
199 2800
200 636
201 2695
202 1298
203 1785
204 1960
205 2730
206 2924
207 1511
208 732
209 2077
210 557
211 1989
212 1830
213 1568
214 2151
215 475
216 2558
217 1280
218 449
219 2472
220 1334
221 831
222 1652
223 2871
224 1867
225 1138
226 1577
227 1218
228 2970
229 2873
230 1185
231 2530
232 697
233 2756
234 2113
235 1890
236 300
237 1878
238 1107
239 2856
240 2671
241 1067
242 2783
243 177
244 130
245 1742
246 1927
247 636
248 955
249 2279
250 233
251 767
252 3
253 515
254 2776
255 662
256 785
257 941
258 713
259 2299
260 2857
261 2236
262 2226
263 1384
264 2408
265 86
266 1834
267 680
268 2991
269 1082
270 1909
271 1093
272 462
273 647
274 1710
275 1537
276 141
277 1420
278 1687
279 182
280 724
281 572
282 2334
283 2059
284 2493
285 1243
286 833
287 1818
288 341
289 1707
290 2103
291 1956
292 430
293 789
294 2493
295 2450
296 2465
297 1236
298 721
299 243
300 1823
301 2335
302 2719
303 685
304 719
305 2786
306 1482
307 479
308 2811
309 2826
310 1161
311 2685
312 2103
313 1231
314 1306
315 399
316 2349
317 419
318 1607
319 2492
320 994
321 2809
322 86
323 883
324 1675
325 1377
326 357
327 1241
328 1816
329 1735
330 1404
331 1327
332 2735
333 1810
334 1021
335 2809
336 1934
337 2016
338 2920
339 2293
340 877
341 1547
342 1414
343 857
344 2008
345 2119
346 2304
347 2769
348 296
349 2392
350 1083
351 1605
352 813
353 1826
354 480
355 2896
356 894
357 395
358 2141
359 473
360 1437
361 2995
362 2867
363 2952
364 446
365 2856
366 703
367 1627
368 2299
369 2362
370 562
371 1861
372 8
373 2534
374 1806
375 495
376 2056
377 960
378 679
379 2246
380 2036
381 1264
382 1310
383 2883
384 464
385 2686
386 1550
387 437
388 2906
389 1835
390 409
391 2172
392 2588
393 400
394 491
395 324
396 285
397 192
398 562
399 469
400 517
401 2162
402 1180
403 1927
404 2786
405 694
406 1340
407 222
408 614
409 246
410 2294
411 1637
412 2568
413 976
414 91
415 2672
416 2243
417 977
418 853
419 504
420 606
421 769
422 1783
423 436
424 658
425 1958
426 190
427 1987
428 320
429 1396
430 1604
431 137
432 2777
433 1235
434 369
435 615
436 2421
437 2077
438 531
439 331
440 304
441 811
442 2312
443 911
444 600
445 702
446 1432
447 413
448 2133
449 2196
450 2223
451 506
452 1489
453 2554
454 425
455 2009
456 476
457 2925
458 18
459 2766
460 2994
461 695
462 2021
463 2605
464 1717
465 1283
466 2336
467 983
468 1046
469 809
470 2293
471 2399
472 313
473 1563
474 2011
475 1324
476 567
477 2967

