634 91
0 1808
1 855
2 2660
3 2035
4 397
5 862
6 1955
7 1083
8 876
9 2684
10 1615
11 1522
12 1863
13 2749
14 1563
15 1743
16 1450
17 2048
18 1723
19 2554
20 2470
21 1934
22 371
23 2876
24 1636
25 358
26 1718
27 816
28 430
29 687
30 364
31 1266
32 2628
33 1406
34 682
35 2706
36 2619
37 192
38 1481
39 741
40 343
41 2996
42 1618
43 1267
44 751
45 2624
46 2376
47 609
48 34
49 370
50 172
51 2251
52 388
53 876
54 1494
55 804
56 432
57 1550
58 2928
59 2711
60 1145
61 1329
62 554
63 1139
64 2218
65 2082
66 2270
67 120
68 796
69 634
70 1132
71 807
72 2015
73 2928
74 635
75 1703
76 2187
77 1703
78 744
79 2564
80 1154
81 1096
82 767
83 2044
84 2812
85 2264
86 2243
87 1163
88 2613
89 2563
90 810
91 2859
92 1474
93 929
94 3
95 2446
96 982
97 1319
98 645
99 2858
100 1141
101 763
102 1350
103 774
104 2681
105 987
106 2501
107 264
108 972
109 1488
110 705
111 1113
112 2585
113 223
114 816
115 2773
116 1678
117 2451
118 1059
119 2697
120 579
121 1288
122 565
123 1604
124 123
125 2982
126 2354
127 2125
128 2766
129 483
130 718
131 808
132 769
133 2690
134 1387
135 2168
136 1429
137 1123
138 182
139 481
140 1534
141 2780
142 2161
143 502
144 1279
145 662
146 1881
147 2067
148 2348
149 2945
150 1248
151 1101
152 922
153 823
154 1984
155 2059
156 1813
157 1852
158 1220
159 1610
160 769
161 2335
162 60
163 2582
164 2746
165 2788
166 86
167 543
168 1545
169 1060
170 1242
171 378
172 2754
173 2811
174 1546
175 98
176 2032
177 580
178 2317
179 2175
180 581
181 1434
182 2806
183 2699
184 1151
185 2790
186 2525
187 2469
188 1102
189 830
190 1562
191 678
192 1511
193 556
194 2597
195 1355
196 1553
197 855
198 1652
199 1054
200 267
201 264
202 337
203 2626
204 224
205 2334
206 2166
207 2513
208 144
209 277
210 105
211 2773
212 143
213 1369
214 1566
215 2058
216 1301
217 1848
218 69
219 1690
220 1649
221 843
222 2335
223 425
224 1293
225 1416
226 2728
227 1882
228 2780
229 181
230 2075
231 1962
232 1137
233 2761
234 606
235 2140
236 1357
237 1241
238 1720
239 2879
240 1278
241 1027
242 2072
243 357
244 1339
245 1167
246 1322
247 1676
248 92
249 275
250 1105
251 1075
252 1519
253 1766
254 1441
255 2172
256 514
257 1926
258 1617
259 576
260 1458
261 272
262 637
263 2048
264 2183
265 125
266 1855
267 999
268 564
269 1994
270 2213
271 2152
272 1760
273 1534
274 2760
275 1518
276 1821
277 1805
278 2625
279 346
280 2890
281 1581
282 251
283 797
284 2842
285 2324
286 1107
287 1746
288 1163
289 571
290 2692
291 2059
292 2731
293 1346
294 1310
295 1930
296 1860
297 1808
298 2549
299 164
300 260
301 1875
302 523
303 2377
304 1777
305 2839
306 2729
307 1285
308 1197
309 1488
310 1335
311 782
312 1543
313 1679
314 1607
315 906
316 336
317 2899
318 2870
319 1636
320 1027
321 2825
322 418
323 930
324 2475
325 1535
326 2796
327 233
328 2294
329 2879
330 82
331 2619
332 1645
333 2718
334 2065
335 2608
336 2057
337 1336
338 701
339 2285
340 2130
341 617
342 1857
343 1964
344 2973
345 1504
346 227
347 2773
348 1545
349 2478
350 1776
351 1215
352 2215
353 199
354 1781
355 2052
356 105
357 2065
358 2698
359 2953
360 759
361 1699
362 597
363 2892
364 2207
365 713
366 1005
367 329
368 1828
369 341
370 1922
371 196
372 981
373 107
374 1810
375 2873
376 740
377 480
378 2951
379 159
380 734
381 237
382 2160
383 83
384 880
385 2883
386 1019
387 1291
388 212
389 1683
390 768
391 160
392 1768
393 790
394 344
395 2570
396 756
397 2193
398 2378
399 133
400 551
401 996
402 528
403 255
404 1488
405 1318
406 2113
407 868
408 2494
409 2783
410 2802
411 1553
412 1405
413 727
414 2293
415 391
416 2147
417 1802
418 1076
419 1576
420 1032
421 2736
422 1780
423 1942
424 1280
425 2790
426 1630
427 1392
428 296
429 2321
430 740
431 1272
432 2990
433 709
434 56
435 116
436 935
437 2354
438 1797
439 2881
440 1100
441 949
442 1924
443 2225
444 167
445 2351
446 1645
447 1760
448 1868
449 1602
450 1883
451 1751
452 1786
453 106
454 2999
455 266
456 2907
457 1283
458 1212
459 2461
460 2796
461 233
462 1750
463 2678
464 1100
465 486
466 1227
467 871
468 2580
469 2755
470 1049
471 2962
472 633
473 291
474 1970
475 2243
476 1989
477 2456
478 2897
479 452
480 2922
481 2715
482 584
483 1451
484 88
485 952
486 2472
487 2013
488 2418
489 2107
490 2165
491 2291
492 1021
493 534
494 1139
495 831
496 514
497 1745
498 1775
499 1335
500 740
501 2745
502 2139
503 22
504 1105
505 2721
506 499
507 2238
508 1861
509 1686
510 2688
511 2141
512 2292
513 653
514 612
515 1767
516 1017
517 575
518 458
519 762
520 605
521 2332
522 1598
523 2599
524 2541
525 2565
526 226
527 2348
528 1115
529 784
530 2154
531 577
532 512
533 2974
534 2043
535 430
536 2874
537 315
538 604
539 1691
540 337
541 2763
542 461
543 955
544 1757
545 1336
546 1231
547 769
548 2957
549 868
550 603
551 263
552 171
553 2520
554 1882
555 2698
556 556
557 2187
558 2610
559 288
560 2685
561 1948
562 2555
563 2298
564 645
565 1850
566 2541
567 2402
568 507
569 2579
570 1525
571 630
572 2720
573 894
574 607
575 1611
576 2750
577 2475
578 1615
579 2997
580 2796
581 991
582 2222
583 2050
584 688
585 2003
586 399
587 109
588 2210
589 2719
590 315
591 508
592 870
593 1625
594 1359
595 1663
596 2680
597 1640
598 1216
599 2392
600 1289
601 768
602 752
603 1775
604 917
605 177
606 2045
607 678
608 2933
609 569
610 1477
611 2880
612 279
613 2207
614 815
615 289
616 2148
617 2692
618 1454
619 2799
620 2185
621 743
622 2095
623 157
624 1691
625 1487
626 2906
627 1312
628 906
629 788
630 1763
631 1672
632 945
633 2823

