755 39
0 450
1 424
2 1448
3 367
4 2459
5 480
6 1253
7 1308
8 2343
9 1602
10 2528
11 2212
12 1410
13 208
14 183
15 1992
16 445
17 2496
18 2706
19 2824
20 1424
21 487
22 94
23 47
24 268
25 2575
26 836
27 1438
28 1940
29 1073
30 2084
31 1625
32 1208
33 2394
34 529
35 2361
36 1650
37 1011
38 1065
39 1470
40 1809
41 2271
42 235
43 220
44 992
45 6
46 2029
47 2203
48 51
49 1179
50 598
51 2290
52 66
53 1194
54 1893
55 1879
56 541
57 2151
58 2552
59 1890
60 2848
61 2678
62 598
63 2340
64 763
65 1192
66 2301
67 2764
68 839
69 2793
70 705
71 2724
72 648
73 1325
74 173
75 2536
76 2035
77 316
78 1837
79 195
80 2271
81 1579
82 415
83 1457
84 674
85 40
86 858
87 2833
88 2929
89 1018
90 1285
91 380
92 1313
93 2
94 961
95 1969
96 1033
97 781
98 2397
99 1332
100 1982
101 935
102 66
103 987
104 2224
105 981
106 2600
107 2737
108 2484
109 1791
110 687
111 1309
112 1585
113 2061
114 1319
115 1695
116 2920
117 1384
118 1576
119 292
120 2829
121 389
122 1807
123 2177
124 2748
125 1931
126 1828
127 2131
128 2852
129 1815
130 2879
131 1248
132 1844
133 2113
134 555
135 1678
136 1707
137 2132
138 2887
139 1717
140 931
141 374
142 655
143 1054
144 1938
145 746
146 891
147 2111
148 787
149 784
150 274
151 1724
152 2707
153 482
154 1532
155 1491
156 360
157 1059
158 125
159 1320
160 1991
161 1677
162 824
163 1059
164 1029
165 2551
166 876
167 366
168 948
169 807
170 323
171 649
172 784
173 647
174 2161
175 1203
176 2236
177 2017
178 2914
179 490
180 1029
181 142
182 536
183 174
184 2775
185 2284
186 815
187 2198
188 1205
189 2100
190 1013
191 532
192 1994
193 1119
194 957
195 1734
196 2023
197 2545
198 1386
199 1090
200 15
201 1269
202 1236
203 1976
204 463
205 1350
206 210
207 992
208 276
209 1247
210 1390
211 2567
212 1906
213 2552
214 874
215 1713
216 516
217 234
218 2922
219 87
220 1979
221 968
222 2105
223 981
224 377
225 2848
226 1084
227 2959
228 2357
229 2771
230 771
231 2229
232 2121
233 1180
234 1701
235 1192
236 2771
237 10
238 889
239 2755
240 724
241 2631
242 2324
243 2056
244 2601
245 1485
246 1226
247 2162
248 1997
249 1067
250 997
251 956
252 1347
253 2617
254 630
255 1598
256 612
257 1040
258 2785
259 861
260 1475
261 605
262 2617
263 2453
264 2422
265 2878
266 755
267 1660
268 440
269 2031
270 2945
271 1343
272 546
273 784
274 2514
275 2331
276 26
277 929
278 2396
279 1715
280 1129
281 1059
282 2907
283 2344
284 1687
285 227
286 2444
287 2248
288 625
289 931
290 1839
291 2208
292 961
293 2285
294 2381
295 964
296 897
297 1383
298 2638
299 1886
300 400
301 2606
302 1019
303 1333
304 1841
305 2854
306 2424
307 1418
308 194
309 1976
310 1484
311 1471
312 2051
313 2749
314 562
315 2022
316 103
317 2872
318 2192
319 959
320 1839
321 1857
322 1974
323 2974
324 1051
325 476
326 862
327 2509
328 2548
329 2284
330 1714
331 334
332 457
333 2328
334 2743
335 2991
336 11
337 1014
338 1217
339 521
340 1554
341 541
342 892
343 2684
344 2848
345 2746
346 1060
347 1940
348 2324
349 2397
350 1675
351 464
352 2987
353 1470
354 782
355 322
356 2348
357 2649
358 2823
359 119
360 2452
361 174
362 2634
363 1814
364 2838
365 2824
366 569
367 691
368 842
369 2170
370 2372
371 2122
372 1050
373 1735
374 2485
375 2276
376 447
377 2039
378 1951
379 2131
380 1239
381 726
382 808
383 1766
384 1438
385 972
386 1018
387 1279
388 2764
389 72
390 916
391 1519
392 1710
393 2686
394 701
395 2901
396 1178
397 1402
398 25
399 2115
400 2259
401 1061
402 1660
403 1753
404 2226
405 2364
406 639
407 1120
408 591
409 938
410 1009
411 866
412 128
413 442
414 2415
415 2466
416 2703
417 451
418 2479
419 1772
420 2642
421 151
422 538
423 303
424 643
425 2035
426 1447
427 2418
428 957
429 1230
430 132
431 1341
432 1859
433 2791
434 2105
435 1797
436 2581
437 2114
438 706
439 49
440 620
441 2908
442 1131
443 1451
444 1229
445 258
446 1112
447 1823
448 1391
449 1479
450 643
451 1
452 2604
453 2998
454 2755
455 2234
456 2684
457 1128
458 502
459 445
460 2111
461 1546
462 2724
463 1039
464 227
465 2938
466 1329
467 1464
468 995
469 1244
470 814
471 2400
472 190
473 1331
474 955
475 2508
476 1397
477 1029
478 466
479 2642
480 1160
481 1949
482 126
483 585
484 2097
485 579
486 1350
487 230
488 653
489 922
490 2599
491 1659
492 5
493 802
494 1311
495 138
496 2055
497 397
498 719
499 2038
500 1489
501 380
502 2160
503 2411
504 2769
505 2692
506 2672
507 1017
508 268
509 985
510 426
511 2095
512 630
513 1128
514 1239
515 409
516 557
517 1468
518 2985
519 1270
520 668
521 532
522 1297
523 2327
524 2577
525 1216
526 2631
527 795
528 1707
529 66
530 651
531 1641
532 1149
533 1108
534 816
535 2256
536 1147
537 279
538 1447
539 1314
540 2141
541 1451
542 1276
543 1142
544 1909
545 1211
546 2964
547 647
548 2652
549 1912
550 1534
551 1243
552 1544
553 2410
554 1312
555 2885
556 1132
557 950
558 542
559 317
560 110
561 1893
562 2726
563 355
564 715
565 1526
566 1692
567 1501
568 1772
569 1032
570 1771
571 1165
572 2059
573 334
574 41
575 234
576 792
577 1204
578 2589
579 2467
580 984
581 1465
582 1498
583 335
584 1519
585 492
586 2584
587 1596
588 453
589 518
590 2252
591 1694
592 1729
593 2731
594 2252
595 1358
596 1900
597 2934
598 2072
599 2832
600 1446
601 2527
602 1886
603 2517
604 2492
605 1825
606 1732
607 1377
608 1591
609 2007
610 1753
611 2784
612 1413
613 875
614 775
615 1472
616 2268
617 1790
618 757
619 761
620 137
621 2344
622 630
623 1132
624 1699
625 1962
626 1919
627 2893
628 1085
629 1992
630 1568
631 1725
632 2612
633 491
634 925
635 1471
636 1497
637 2020
638 1361
639 872
640 1676
641 971
642 456
643 2429
644 830
645 2284
646 2623
647 2841
648 2476
649 2761
650 1328
651 1094
652 568
653 1765
654 203
655 706
656 157
657 413
658 124
659 1689
660 2181
661 948
662 99
663 260
664 1632
665 2784
666 1570
667 16
668 377
669 971
670 2020
671 2146
672 2326
673 1809
674 749
675 1838
676 190
677 523
678 245
679 2668
680 687
681 2248
682 779
683 349
684 2425
685 2071
686 338
687 439
688 1752
689 2720
690 1608
691 2363
692 1925
693 1939
694 2164
695 1263
696 1440
697 542
698 2793
699 272
700 1261
701 2733
702 1941
703 1896
704 2722
705 256
706 2733
707 1826
708 45
709 2297
710 2970
711 2843
712 2558
713 2678
714 840
715 206
716 361
717 2060
718 2082
719 649
720 1456
721 206
722 615
723 2652
724 2602
725 785
726 2634
727 561
728 1031
729 210
730 433
731 1037
732 2680
733 2999
734 2140
735 109
736 1394
737 246
738 1544
739 436
740 329
741 2613
742 1829
743 2432
744 11
745 2243
746 561
747 935
748 1855
749 1178
750 688
751 544
752 1567
753 5
754 638

