240 0
0 1760
1 1122
2 2527
3 1816
4 298
5 1689
6 447
7 2500
8 2122
9 1576
10 868
11 1074
12 164
13 717
14 101
15 511
16 2177
17 1274
18 608
19 892
20 1737
21 2566
22 159
23 491
24 553
25 1502
26 186
27 40
28 292
29 242
30 2801
31 592
32 419
33 1068
34 2628
35 1829
36 2417
37 2710
38 1000
39 1359
40 1348
41 2794
42 1927
43 2727
44 614
45 1824
46 1624
47 1522
48 2077
49 2697
50 2066
51 121
52 936
53 2535
54 196
55 2472
56 2392
57 2060
58 1998
59 1260
60 2088
61 2604
62 2838
63 1019
64 810
65 2596
66 2703
67 2369
68 53
69 2827
70 2216
71 1921
72 2186
73 338
74 1904
75 477
76 1196
77 2672
78 2097
79 42
80 2873
81 2177
82 2570
83 1487
84 1677
85 182
86 2119
87 2945
88 1572
89 720
90 642
91 2816
92 2772
93 818
94 566
95 1957
96 2172
97 1292
98 2605
99 1650
100 278
101 762
102 601
103 2834
104 34
105 2286
106 914
107 1381
108 2860
109 1347
110 367
111 936
112 2623
113 1954
114 1012
115 346
116 2658
117 201
118 1851
119 1462
120 258
121 2162
122 713
123 82
124 2141
125 902
126 2475
127 2249
128 942
129 2548
130 1307
131 396
132 2655
133 699
134 2057
135 1767
136 1891
137 2014
138 2406
139 1463
140 1627
141 574
142 2390
143 2795
144 1424
145 987
146 503
147 263
148 1916
149 543
150 710
151 2453
152 2017
153 1626
154 861
155 2547
156 1274
157 1931
158 829
159 696
160 2837
161 2558
162 1330
163 2383
164 2383
165 545
166 1355
167 2964
168 263
169 2140
170 396
171 2598
172 1444
173 1621
174 196
175 2777
176 2164
177 1501
178 1384
179 2406
180 1008
181 695
182 2710
183 1151
184 1950
185 2580
186 418
187 2285
188 361
189 1693
190 1403
191 633
192 563
193 1277
194 222
195 2937
196 2205
197 2177
198 2268
199 1400
200 796
201 168
202 1252
203 1287
204 2859
205 1529
206 1955
207 2696
208 1946
209 53
210 902
211 2748
212 2576
213 2000
214 1078
215 1972
216 2058
217 603
218 1148
219 2257
220 1531
221 927
222 2779
223 1329
224 846
225 2878
226 1746
227 393
228 769
229 588
230 151
231 78
232 2172
233 2652
234 129
235 1526
236 252
237 304
238 1862
239 1518

