171 99
0 1736
1 1263
2 2158
3 1687
4 2500
5 2264
6 2767
7 2713
8 136
9 1052
10 2067
11 2121
12 1072
13 670
14 2313
15 2737
16 778
17 2382
18 826
19 517
20 536
21 604
22 2759
23 973
24 248
25 2637
26 2883
27 2326
28 232
29 1057
30 305
31 490
32 1164
33 1388
34 691
35 2
36 493
37 792
38 2371
39 2393
40 1343
41 2045
42 2390
43 474
44 626
45 1244
46 264
47 2430
48 808
49 2615
50 2647
51 662
52 1670
53 1571
54 961
55 2445
56 2506
57 1873
58 744
59 2068
60 1823
61 2519
62 813
63 2714
64 27
65 1379
66 2232
67 1243
68 777
69 1358
70 2098
71 2355
72 961
73 430
74 2538
75 819
76 1895
77 1664
78 2561
79 475
80 2450
81 761
82 788
83 2721
84 386
85 1852
86 1443
87 2436
88 2708
89 2842
90 81
91 909
92 141
93 2599
94 688
95 2031
96 72
97 572
98 1187
99 1866
100 664
101 759
102 926
103 1522
104 2869
105 1599
106 2780
107 1631
108 2078
109 1192
110 2454
111 2196
112 2133
113 2449
114 1376
115 2703
116 1110
117 602
118 888
119 2128
120 2923
121 2886
122 10
123 2356
124 72
125 407
126 2833
127 899
128 2013
129 782
130 1342
131 2964
132 876
133 1901
134 1826
135 1012
136 2165
137 896
138 32
139 2579
140 1697
141 2691
142 356
143 944
144 752
145 125
146 2792
147 1817
148 2469
149 320
150 2540
151 1865
152 2590
153 2533
154 1186
155 2302
156 2040
157 2139
158 1922
159 1585
160 1552
161 2454
162 776
163 1592
164 2337
165 2352
166 385
167 1490
168 1331
169 244
170 1949

