568 59
0 982
1 1698
2 2206
3 1306
4 1439
5 2664
6 332
7 1006
8 944
9 201
10 1291
11 2163
12 971
13 1669
14 2400
15 2514
16 1423
17 1197
18 678
19 522
20 1197
21 1611
22 380
23 1325
24 1083
25 848
26 2936
27 789
28 188
29 1803
30 1521
31 255
32 509
33 939
34 1798
35 1438
36 2833
37 2686
38 405
39 1022
40 1559
41 2072
42 664
43 35
44 1473
45 2783
46 363
47 1205
48 68
49 2065
50 1327
51 2100
52 1331
53 2929
54 1734
55 1006
56 1803
57 720
58 2599
59 494
60 836
61 1496
62 273
63 400
64 3000
65 1718
66 2221
67 2877
68 1420
69 313
70 2620
71 618
72 1356
73 1849
74 1761
75 100
76 86
77 1903
78 2492
79 2969
80 1080
81 1181
82 1987
83 1109
84 818
85 2419
86 392
87 114
88 1460
89 1692
90 706
91 2081
92 2188
93 286
94 2800
95 2391
96 2900
97 2188
98 1128
99 1477
100 6
101 2259
102 600
103 259
104 1354
105 263
106 1842
107 1737
108 2540
109 1210
110 1645
111 1653
112 911
113 1958
114 96
115 2819
116 441
117 252
118 2516
119 2646
120 1375
121 2740
122 777
123 2589
124 1995
125 1830
126 678
127 1942
128 2587
129 1227
130 977
131 1080
132 1956
133 15
134 2974
135 1810
136 2532
137 645
138 2730
139 2347
140 956
141 928
142 68
143 1597
144 44
145 291
146 1604
147 2482
148 238
149 1268
150 2603
151 290
152 2798
153 1090
154 324
155 1741
156 2434
157 2175
158 279
159 1878
160 229
161 2266
162 1479
163 769
164 2286
165 2865
166 2549
167 2575
168 2519
169 895
170 920
171 497
172 760
173 1493
174 1404
175 1576
176 77
177 2336
178 1350
179 2657
180 2407
181 2916
182 371
183 2720
184 2585
185 142
186 925
187 6
188 5
189 1691
190 2134
191 406
192 905
193 2863
194 443
195 1845
196 330
197 790
198 181
199 2863
200 2724
201 467
202 2412
203 2998
204 1114
205 2354
206 273
207 752
208 2337
209 1173
210 843
211 2421
212 370
213 2902
214 552
215 1456
216 208
217 1973
218 2427
219 1524
220 2748
221 647
222 2945
223 2133
224 1769
225 1009
226 2655
227 1527
228 569
229 971
230 2437
231 2819
232 2839
233 2584
234 1065
235 1339
236 895
237 2556
238 28
239 2206
240 2030
241 2414
242 2433
243 2013
244 966
245 724
246 2418
247 2334
248 1957
249 900
250 2964
251 2518
252 2984
253 773
254 2288
255 875
256 2020
257 2899
258 768
259 906
260 2992
261 2013
262 1525
263 1158
264 2536
265 1596
266 2818
267 2031
268 1220
269 2014
270 1898
271 280
272 489
273 623
274 2531
275 2742
276 291
277 2447
278 2331
279 1767
280 1974
281 387
282 1
283 130
284 2631
285 1744
286 417
287 718
288 397
289 2964
290 354
291 264
292 1257
293 956
294 2155
295 2087
296 563
297 1835
298 1532
299 910
300 1584
301 2117
302 1137
303 2768
304 16
305 1442
306 2528
307 1925
308 1936
309 1893
310 1296
311 2865
312 1081
313 2097
314 1372
315 974
316 482
317 916
318 229
319 2335
320 967
321 2700
322 1074
323 2059
324 1805
325 1026
326 452
327 2220
328 2102
329 1977
330 1569
331 797
332 1923
333 2832
334 1146
335 1490
336 1038
337 826
338 748
339 2252
340 2480
341 1785
342 2547
343 1701
344 119
345 460
346 581
347 1710
348 2894
349 530
350 2705
351 2343
352 525
353 264
354 1048
355 869
356 2622
357 2850
358 34
359 658
360 2942
361 2369
362 1446
363 2522
364 1875
365 619
366 481
367 518
368 1052
369 2876
370 2718
371 439
372 91
373 1104
374 1502
375 2030
376 2829
377 1034
378 1287
379 1122
380 257
381 395
382 1556
383 2050
384 1095
385 395
386 1276
387 619
388 2984
389 199
390 1396
391 170
392 1082
393 1980
394 1813
395 2181
396 1915
397 2216
398 2451
399 495
400 2425
401 1858
402 1927
403 1786
404 2660
405 126
406 52
407 1599
408 1324
409 1464
410 1979
411 2091
412 2340
413 2277
414 1295
415 708
416 333
417 1558
418 1598
419 767
420 2122
421 1494
422 2785
423 2635
424 639
425 2387
426 305
427 916
428 196
429 420
430 2951
431 748
432 2617
433 2962
434 2052
435 2823
436 2929
437 2887
438 1651
439 2614
440 204
441 1254
442 1214
443 1855
444 753
445 2699
446 430
447 844
448 1242
449 1899
450 2088
451 1338
452 1061
453 775
454 1229
455 2542
456 1157
457 652
458 2411
459 483
460 1241
461 993
462 740
463 800
464 1763
465 133
466 1775
467 688
468 1685
469 2056
470 2516
471 1161
472 2979
473 2284
474 2156
475 2037
476 1834
477 1261
478 2351
479 2734
480 1002
481 2308
482 2461
483 924
484 2402
485 191
486 1663
487 2167
488 1778
489 2190
490 2827
491 1606
492 984
493 1285
494 1092
495 1398
496 69
497 1543
498 2783
499 2140
500 513
501 2156
502 306
503 308
504 1509
505 2193
506 2921
507 1405
508 1921
509 493
510 2155
511 912
512 96
513 752
514 2879
515 144
516 1052
517 319
518 2529
519 166
520 1343
521 2710
522 204
523 1007
524 1066
525 1474
526 613
527 1833
528 1511
529 413
530 1885
531 185
532 1720
533 2551
534 182
535 551
536 365
537 1164
538 532
539 1360
540 2779
541 2472
542 1029
543 1615
544 1575
545 2877
546 905
547 1047
548 2516
549 2073
550 185
551 2626
552 1360
553 2824
554 2720
555 1161
556 2416
557 2798
558 513
559 1346
560 272
561 1422
562 2420
563 301
564 2687
565 1902
566 271
567 2252

