161 82
0 973
1 653
2 1750
3 2776
4 2146
5 2783
6 1067
7 1901
8 1965
9 1797
10 2458
11 167
12 1331
13 366
14 2486
15 1482
16 677
17 1206
18 1546
19 1737
20 257
21 2461
22 1011
23 142
24 1602
25 457
26 835
27 2757
28 375
29 606
30 877
31 2058
32 2777
33 2450
34 458
35 1935
36 2804
37 2868
38 504
39 1192
40 572
41 2942
42 190
43 346
44 856
45 1212
46 1829
47 504
48 855
49 1311
50 940
51 2480
52 474
53 556
54 2609
55 2108
56 2452
57 893
58 1010
59 934
60 1211
61 994
62 2796
63 1408
64 2464
65 2949
66 1051
67 102
68 1304
69 1431
70 1180
71 1440
72 1776
73 370
74 2467
75 286
76 1889
77 1656
78 1554
79 2373
80 2376
81 1216
82 1366
83 1877
84 1285
85 2046
86 1338
87 397
88 1915
89 629
90 765
91 2932
92 2161
93 1968
94 462
95 2166
96 1455
97 1033
98 2690
99 830
100 1524
101 1639
102 2656
103 1192
104 177
105 2844
106 101
107 1191
108 290
109 2303
110 2846
111 536
112 202
113 1270
114 338
115 209
116 1155
117 442
118 1258
119 604
120 611
121 815
122 609
123 1861
124 2385
125 2914
126 618
127 911
128 2757
129 129
130 1902
131 1392
132 455
133 822
134 2956
135 1264
136 1381
137 885
138 418
139 2966
140 2698
141 1319
142 308
143 320
144 2052
145 1964
146 1088
147 2604
148 140
149 175
150 1378
151 1664
152 2923
153 391
154 2829
155 1415
156 437
157 1651
158 1974
159 1800
160 2205

