160 42
0 252
1 311
2 372
3 791
4 2852
5 550
6 2503
7 1902
8 2950
9 1590
10 447
11 2549
12 642
13 755
14 665
15 2874
16 1159
17 2249
18 1281
19 185
20 353
21 1561
22 2784
23 1751
24 168
25 2152
26 2548
27 1975
28 2019
29 1597
30 2348
31 1461
32 1004
33 1836
34 2423
35 2905
36 111
37 2162
38 2526
39 2663
40 185
41 359
42 221
43 2573
44 1366
45 62
46 686
47 353
48 2489
49 2071
50 2089
51 2013
52 2265
53 1297
54 202
55 2027
56 1638
57 2871
58 239
59 880
60 2570
61 860
62 1547
63 492
64 2451
65 558
66 1917
67 2438
68 1266
69 1579
70 935
71 1122
72 292
73 2812
74 437
75 2023
76 2846
77 285
78 1928
79 347
80 604
81 614
82 695
83 209
84 2933
85 2857
86 614
87 2646
88 385
89 1428
90 1950
91 30
92 2619
93 209
94 664
95 574
96 2435
97 319
98 2412
99 2486
100 1114
101 1040
102 950
103 1554
104 203
105 1038
106 87
107 1017
108 1421
109 1318
110 817
111 2168
112 1156
113 2156
114 730
115 529
116 2766
117 2448
118 1738
119 230
120 127
121 1871
122 2130
123 2244
124 1052
125 2898
126 386
127 1897
128 2378
129 2842
130 929
131 1095
132 576
133 2217
134 1538
135 1284
136 503
137 374
138 1052
139 2684
140 753
141 1379
142 2936
143 2536
144 2181
145 1343
146 2141
147 568
148 1393
149 1464
150 1804
151 2499
152 1249
153 1960
154 724
155 2856
156 225
157 1260
158 1322
159 1075

