445 9
0 1989
1 860
2 1572
3 1382
4 374
5 2727
6 1887
7 585
8 467
9 1210
10 2942
11 1183
12 2284
13 1060
14 2417
15 1406
16 329
17 132
18 1501
19 2714
20 143
21 451
22 926
23 444
24 2473
25 1916
26 2027
27 1532
28 2457
29 2050
30 198
31 2853
32 572
33 2187
34 2270
35 1738
36 1220
37 80
38 2083
39 753
40 581
41 2239
42 376
43 2813
44 464
45 1385
46 685
47 663
48 556
49 2082
50 644
51 770
52 1681
53 1539
54 2801
55 1134
56 1234
57 2147
58 1542
59 1463
60 2751
61 2142
62 985
63 776
64 756
65 1861
66 2013
67 2397
68 588
69 2339
70 1954
71 1065
72 544
73 1375
74 998
75 1632
76 1419
77 2866
78 1085
79 705
80 1304
81 208
82 2630
83 15
84 731
85 1458
86 2297
87 266
88 333
89 2022
90 271
91 2203
92 2138
93 2296
94 2867
95 197
96 1478
97 482
98 39
99 1242
100 2667
101 597
102 2854
103 1419
104 786
105 2728
106 2460
107 1282
108 337
109 639
110 1746
111 614
112 2642
113 1833
114 1417
115 272
116 33
117 2145
118 1090
119 1694
120 2244
121 1535
122 1099
123 2980
124 2981
125 445
126 112
127 2021
128 2619
129 1922
130 2327
131 1020
132 1741
133 2866
134 365
135 1590
136 2915
137 2224
138 2644
139 103
140 481
141 2949
142 1632
143 2006
144 2797
145 2698
146 602
147 1369
148 1419
149 2988
150 288
151 1154
152 910
153 2128
154 1107
155 2738
156 207
157 2242
158 962
159 1005
160 1118
161 356
162 736
163 2333
164 1129
165 2546
166 13
167 2440
168 448
169 673
170 2860
171 749
172 843
173 462
174 393
175 21
176 1431
177 1294
178 990
179 2044
180 1572
181 801
182 1072
183 1098
184 1054
185 570
186 545
187 1563
188 2260
189 1377
190 2546
191 2406
192 2279
193 2276
194 779
195 364
196 991
197 2446
198 1935
199 1088
200 93
201 1120
202 2666
203 1061
204 2634
205 616
206 1584
207 2204
208 1014
209 1832
210 1348
211 1498
212 634
213 595
214 545
215 285
216 1523
217 1628
218 987
219 2412
220 2118
221 1064
222 956
223 1359
224 1960
225 2804
226 261
227 1200
228 2005
229 422
230 2783
231 363
232 420
233 2422
234 902
235 575
236 809
237 2808
238 2098
239 580
240 2123
241 1833
242 429
243 317
244 164
245 2227
246 1570
247 1651
248 2848
249 2075
250 1651
251 96
252 1567
253 488
254 2143
255 244
256 2649
257 2209
258 1743
259 1770
260 941
261 208
262 2972
263 2893
264 2755
265 1255
266 634
267 973
268 113
269 616
270 997
271 624
272 1050
273 2678
274 923
275 631
276 2916
277 1142
278 1918
279 1680
280 65
281 2428
282 637
283 1968
284 2530
285 418
286 270
287 2558
288 2274
289 2538
290 988
291 790
292 478
293 241
294 538
295 821
296 1481
297 1145
298 768
299 2015
300 2852
301 385
302 476
303 2267
304 95
305 683
306 1626
307 1517
308 2227
309 712
310 1554
311 1545
312 153
313 301
314 2053
315 827
316 1125
317 25
318 1757
319 472
320 911
321 1897
322 1522
323 135
324 752
325 2145
326 1085
327 2342
328 1979
329 2246
330 2559
331 2332
332 233
333 1501
334 106
335 1861
336 1318
337 1340
338 2386
339 797
340 1577
341 1447
342 1468
343 364
344 2522
345 652
346 821
347 710
348 243
349 969
350 81
351 2707
352 844
353 2963
354 1809
355 1372
356 2432
357 360
358 746
359 1040
360 986
361 2582
362 145
363 1622
364 1550
365 1024
366 6
367 1185
368 2146
369 1927
370 605
371 2950
372 2369
373 213
374 1812
375 626
376 2843
377 709
378 672
379 2860
380 1440
381 175
382 86
383 1745
384 305
385 1596
386 155
387 26
388 2328
389 1186
390 2872
391 1678
392 2100
393 2742
394 2650
395 2488
396 243
397 4
398 1362
399 1923
400 1888
401 897
402 1802
403 888
404 586
405 2653
406 1403
407 2271
408 1245
409 1223
410 571
411 1654
412 1259
413 1133
414 1230
415 2032
416 315
417 237
418 2669
419 2916
420 2953
421 913
422 174
423 495
424 1086
425 2276
426 1970
427 721
428 2926
429 2658
430 1792
431 2530
432 2548
433 2143
434 331
435 183
436 1652
437 1957
438 1293
439 2137
440 2056
441 1216
442 453
443 1209
444 1325

