721 76
0 2918
1 152
2 1517
3 2920
4 2926
5 1470
6 2306
7 1319
8 2850
9 466
10 2119
11 2206
12 1704
13 1041
14 2283
15 473
16 84
17 2581
18 322
19 2400
20 2902
21 2736
22 1248
23 2688
24 1254
25 277
26 1115
27 1887
28 763
29 2255
30 2993
31 1698
32 1781
33 126
34 1312
35 521
36 2488
37 1997
38 2780
39 133
40 2643
41 17
42 130
43 2779
44 234
45 1695
46 1354
47 143
48 1639
49 590
50 1941
51 2136
52 2511
53 2298
54 1277
55 468
56 1397
57 275
58 572
59 1837
60 437
61 360
62 994
63 722
64 1056
65 2645
66 2841
67 1588
68 2589
69 2979
70 2010
71 804
72 2367
73 757
74 2286
75 2081
76 2270
77 354
78 1880
79 2681
80 1156
81 1627
82 795
83 1085
84 2544
85 1423
86 1322
87 290
88 2899
89 2828
90 881
91 1082
92 2726
93 900
94 464
95 1173
96 2227
97 2236
98 2595
99 2053
100 2727
101 294
102 1780
103 536
104 2012
105 553
106 1685
107 2204
108 1098
109 1229
110 1917
111 1637
112 2328
113 366
114 2579
115 295
116 1238
117 2640
118 2916
119 245
120 1837
121 2574
122 1610
123 378
124 2041
125 1742
126 2567
127 868
128 25
129 118
130 1867
131 1533
132 1105
133 1504
134 955
135 315
136 495
137 2362
138 1447
139 981
140 1020
141 2375
142 2355
143 1519
144 676
145 372
146 886
147 1828
148 2628
149 1835
150 904
151 2618
152 522
153 2869
154 875
155 447
156 1763
157 2252
158 28
159 539
160 2091
161 332
162 2232
163 423
164 446
165 2473
166 2456
167 1300
168 844
169 2933
170 1173
171 1050
172 2165
173 1985
174 1282
175 1158
176 1902
177 1969
178 2345
179 533
180 2677
181 1923
182 2928
183 2525
184 1109
185 211
186 1565
187 1849
188 292
189 89
190 1203
191 495
192 158
193 365
194 878
195 2112
196 561
197 1645
198 1142
199 1026
200 438
201 2612
202 2833
203 2642
204 1685
205 804
206 1143
207 1350
208 1952
209 1725
210 2855
211 1753
212 823
213 139
214 2180
215 705
216 2800
217 2993
218 488
219 1495
220 1675
221 2628
222 619
223 1179
224 2178
225 1151
226 1770
227 693
228 1956
229 2645
230 2929
231 44
232 2479
233 2183
234 2935
235 2676
236 304
237 2860
238 627
239 635
240 423
241 2446
242 502
243 2062
244 1407
245 2087
246 2255
247 313
248 2167
249 1898
250 2639
251 2092
252 43
253 1237
254 1000
255 1710
256 2692
257 617
258 1019
259 2090
260 1979
261 1358
262 1718
263 286
264 363
265 1534
266 1217
267 2194
268 982
269 2212
270 1352
271 109
272 1677
273 751
274 327
275 2470
276 1261
277 1813
278 2925
279 2689
280 1734
281 1976
282 2287
283 2865
284 1077
285 1382
286 2956
287 2124
288 1115
289 1254
290 1215
291 980
292 1627
293 436
294 2669
295 2593
296 785
297 941
298 1536
299 1014
300 2771
301 1729
302 2556
303 392
304 1997
305 2973
306 642
307 1354
308 2732
309 797
310 857
311 2589
312 641
313 317
314 2580
315 2334
316 1420
317 448
318 1758
319 2657
320 2197
321 1641
322 1855
323 602
324 1330
325 2456
326 2634
327 2547
328 485
329 1591
330 797
331 115
332 123
333 2209
334 2952
335 1419
336 2485
337 1766
338 2464
339 1602
340 2261
341 441
342 1961
343 722
344 232
345 2058
346 2559
347 1786
348 1018
349 2442
350 993
351 1112
352 27
353 371
354 2741
355 1312
356 2443
357 2972
358 1470
359 1315
360 283
361 1245
362 1218
363 1469
364 600
365 1994
366 538
367 2045
368 1225
369 1364
370 2113
371 1893
372 1682
373 2574
374 2443
375 1904
376 2039
377 1827
378 1675
379 2840
380 635
381 2704
382 2498
383 2933
384 669
385 1431
386 1654
387 1952
388 3000
389 1257
390 671
391 2413
392 2927
393 2919
394 2005
395 1110
396 2664
397 414
398 1779
399 268
400 1793
401 1380
402 1594
403 943
404 1331
405 1681
406 2204
407 2548
408 800
409 2058
410 2528
411 883
412 1652
413 1708
414 248
415 2238
416 2816
417 1877
418 1780
419 849
420 1913
421 1112
422 2524
423 2052
424 1862
425 2000
426 1074
427 1610
428 897
429 221
430 2360
431 37
432 2926
433 2191
434 1156
435 1694
436 2613
437 335
438 518
439 880
440 631
441 2952
442 1329
443 1674
444 1278
445 447
446 2301
447 723
448 2963
449 310
450 1635
451 2690
452 731
453 850
454 268
455 2249
456 2299
457 1028
458 2923
459 2485
460 2754
461 1805
462 2289
463 992
464 1563
465 2226
466 2432
467 2107
468 2423
469 972
470 1779
471 2640
472 1827
473 1525
474 378
475 2072
476 384
477 1261
478 2183
479 2017
480 972
481 1311
482 2983
483 2657
484 633
485 2553
486 2725
487 1526
488 2953
489 321
490 1924
491 123
492 2330
493 1981
494 618
495 387
496 2599
497 734
498 1352
499 2814
500 1766
501 682
502 2838
503 2077
504 1151
505 115
506 1376
507 62
508 1445
509 2472
510 1593
511 189
512 2513
513 1393
514 615
515 657
516 690
517 1390
518 481
519 2511
520 1726
521 1326
522 1961
523 1980
524 692
525 2284
526 2243
527 1611
528 2784
529 593
530 1600
531 355
532 65
533 1438
534 1958
535 150
536 914
537 2864
538 2745
539 1025
540 2904
541 2429
542 2660
543 1810
544 2652
545 254
546 550
547 878
548 1640
549 1994
550 1282
551 2525
552 1436
553 851
554 564
555 2639
556 1245
557 2204
558 2552
559 1557
560 2460
561 570
562 947
563 1526
564 1867
565 1922
566 488
567 41
568 1155
569 2508
570 38
571 1775
572 1246
573 2450
574 212
575 2650
576 482
577 409
578 44
579 437
580 2292
581 2120
582 1822
583 1668
584 2537
585 1980
586 1187
587 1237
588 922
589 501
590 2770
591 2868
592 865
593 785
594 1167
595 2033
596 1383
597 2612
598 1101
599 1152
600 1385
601 2743
602 873
603 1528
604 904
605 158
606 458
607 2914
608 1572
609 495
610 2633
611 1488
612 111
613 1702
614 57
615 2486
616 1644
617 471
618 2882
619 1639
620 522
621 1624
622 228
623 1066
624 2932
625 2606
626 2152
627 1761
628 265
629 833
630 840
631 482
632 257
633 371
634 1504
635 972
636 1109
637 292
638 2624
639 712
640 1582
641 84
642 2331
643 1232
644 500
645 299
646 539
647 1277
648 212
649 822
650 1102
651 622
652 122
653 572
654 637
655 1958
656 1414
657 356
658 2316
659 69
660 2184
661 2960
662 1766
663 1356
664 1789
665 2765
666 818
667 1545
668 1388
669 28
670 2435
671 1301
672 2826
673 413
674 858
675 1804
676 2680
677 1159
678 250
679 2742
680 1758
681 2272
682 420
683 2014
684 2338
685 245
686 1020
687 1770
688 1360
689 972
690 1965
691 1598
692 89
693 2944
694 2604
695 1973
696 1073
697 2925
698 1110
699 510
700 1108
701 2659
702 582
703 16
704 2111
705 376
706 1613
707 867
708 636
709 647
710 1006
711 1841
712 2377
713 2737
714 1594
715 712
716 2330
717 2109
718 2636
719 431
720 1437

