418 93
0 2161
1 1217
2 1548
3 1540
4 1722
5 2907
6 765
7 1838
8 2198
9 1999
10 1806
11 736
12 431
13 981
14 2466
15 576
16 1495
17 2431
18 2050
19 2421
20 2183
21 257
22 226
23 60
24 388
25 30
26 1975
27 2188
28 2720
29 1631
30 1897
31 471
32 1800
33 2608
34 921
35 2040
36 1531
37 1114
38 2561
39 551
40 2559
41 2915
42 2891
43 320
44 2645
45 534
46 2381
47 132
48 735
49 1663
50 2331
51 1016
52 16
53 2599
54 520
55 2649
56 619
57 424
58 334
59 2708
60 940
61 1098
62 1843
63 2297
64 1754
65 2771
66 2490
67 2369
68 2009
69 1779
70 1775
71 2268
72 1284
73 232
74 1481
75 2682
76 31
77 1760
78 205
79 2256
80 1014
81 739
82 1651
83 2122
84 2509
85 957
86 2545
87 2203
88 825
89 235
90 667
91 1366
92 398
93 548
94 584
95 247
96 1487
97 2046
98 1116
99 2777
100 58
101 1173
102 788
103 2198
104 2198
105 745
106 1585
107 1407
108 709
109 1097
110 424
111 2733
112 218
113 36
114 2938
115 2916
116 2734
117 2049
118 2684
119 371
120 2493
121 1679
122 2604
123 1644
124 194
125 1666
126 560
127 2848
128 1102
129 1767
130 1915
131 810
132 651
133 2687
134 2213
135 1936
136 410
137 992
138 1620
139 123
140 808
141 558
142 609
143 2988
144 159
145 2277
146 159
147 2552
148 2725
149 1541
150 2234
151 250
152 2048
153 2133
154 744
155 428
156 2659
157 178
158 1579
159 424
160 784
161 1800
162 1635
163 2479
164 1435
165 722
166 1361
167 736
168 1345
169 1970
170 1296
171 2517
172 1906
173 722
174 2676
175 2056
176 35
177 2051
178 1125
179 2543
180 1664
181 1743
182 1260
183 1201
184 1459
185 1210
186 2233
187 29
188 135
189 805
190 1857
191 1254
192 112
193 767
194 2373
195 1208
196 1802
197 2347
198 183
199 2863
200 2188
201 2031
202 360
203 221
204 544
205 2886
206 2130
207 923
208 2809
209 1963
210 2514
211 569
212 1255
213 1089
214 1494
215 1414
216 2588
217 1320
218 1467
219 926
220 1473
221 287
222 794
223 141
224 2863
225 1101
226 537
227 1746
228 82
229 663
230 2001
231 769
232 2200
233 1919
234 388
235 2734
236 272
237 2378
238 786
239 41
240 2924
241 1796
242 2199
243 2003
244 2473
245 615
246 2646
247 2961
248 142
249 1067
250 1447
251 2157
252 2463
253 209
254 2358
255 989
256 1330
257 1273
258 821
259 1878
260 2879
261 142
262 1579
263 2763
264 1156
265 2188
266 1524
267 274
268 2214
269 2839
270 2389
271 1587
272 2991
273 2570
274 1793
275 2466
276 138
277 2431
278 2909
279 1730
280 1893
281 224
282 285
283 2473
284 859
285 2409
286 2569
287 238
288 2800
289 274
290 450
291 1046
292 1771
293 2573
294 392
295 136
296 2208
297 2834
298 2860
299 523
300 916
301 2072
302 521
303 2936
304 2854
305 554
306 1526
307 2408
308 1688
309 2961
310 2334
311 826
312 2008
313 1534
314 1143
315 32
316 508
317 2594
318 14
319 2070
320 2931
321 2107
322 1887
323 1528
324 1777
325 551
326 2549
327 1986
328 2859
329 129
330 1486
331 2059
332 222
333 900
334 1644
335 708
336 2391
337 1568
338 2739
339 1473
340 2062
341 2866
342 412
343 741
344 2721
345 2637
346 2194
347 2531
348 2542
349 926
350 1444
351 700
352 2080
353 2433
354 6
355 2366
356 1140
357 1406
358 158
359 83
360 916
361 309
362 1084
363 2113
364 1042
365 1689
366 2793
367 170
368 786
369 1310
370 1472
371 232
372 314
373 1952
374 2837
375 2502
376 2389
377 274
378 1650
379 1676
380 1261
381 503
382 504
383 2467
384 82
385 1939
386 809
387 1995
388 2324
389 326
390 877
391 2597
392 35
393 929
394 1090
395 1841
396 528
397 114
398 2323
399 965
400 2219
401 2623
402 1580
403 1285
404 2679
405 2692
406 228
407 2261
408 511
409 2331
410 1482
411 1183
412 2901
413 889
414 1506
415 2621
416 970
417 631

