111 94
0 1942
1 266
2 966
3 1582
4 302
5 1205
6 129
7 1164
8 503
9 2239
10 1046
11 314
12 1568
13 571
14 2965
15 2430
16 2730
17 1007
18 1069
19 899
20 2108
21 1282
22 500
23 1179
24 1302
25 1232
26 522
27 47
28 2321
29 1480
30 146
31 2282
32 573
33 1574
34 511
35 1505
36 2475
37 1454
38 1142
39 223
40 2761
41 544
42 1062
43 2258
44 501
45 1267
46 2440
47 2490
48 1686
49 2468
50 700
51 786
52 596
53 343
54 2687
55 2234
56 1560
57 298
58 1994
59 2403
60 1242
61 158
62 829
63 213
64 1902
65 1150
66 1643
67 199
68 2763
69 1106
70 1793
71 194
72 2928
73 2738
74 224
75 1247
76 1241
77 1808
78 816
79 319
80 1597
81 1350
82 2740
83 2860
84 1958
85 2868
86 728
87 931
88 1040
89 1371
90 176
91 2753
92 2009
93 726
94 2980
95 1259
96 2255
97 253
98 712
99 964
100 811
101 2729
102 2503
103 1602
104 326
105 1345
106 1361
107 1650
108 2850
109 962
110 1622

