952 40
0 924
1 1938
2 2598
3 2886
4 1192
5 1567
6 2890
7 425
8 2821
9 2463
10 2987
11 1438
12 1043
13 1008
14 1032
15 1762
16 925
17 34
18 516
19 2092
20 1841
21 806
22 1618
23 843
24 2870
25 898
26 2966
27 383
28 2075
29 35
30 1993
31 1825
32 1903
33 1769
34 162
35 1947
36 1971
37 889
38 1305
39 394
40 2930
41 428
42 1855
43 1728
44 2412
45 2144
46 776
47 1997
48 826
49 1513
50 2783
51 823
52 1082
53 1364
54 1725
55 1982
56 2214
57 1092
58 2959
59 1176
60 121
61 821
62 2046
63 5
64 341
65 1916
66 2494
67 2015
68 106
69 1847
70 562
71 1933
72 194
73 1106
74 349
75 42
76 2565
77 131
78 527
79 2652
80 2657
81 1603
82 509
83 1418
84 1309
85 2561
86 1979
87 2421
88 1621
89 833
90 1536
91 213
92 2892
93 1045
94 1530
95 544
96 2212
97 2896
98 1790
99 2501
100 2088
101 2805
102 1754
103 335
104 1453
105 2100
106 682
107 135
108 2521
109 482
110 770
111 281
112 1062
113 2083
114 2426
115 61
116 1645
117 343
118 1425
119 1956
120 2277
121 1243
122 2149
123 2037
124 2037
125 593
126 32
127 1801
128 1441
129 252
130 945
131 28
132 50
133 2882
134 823
135 2090
136 2881
137 802
138 1595
139 2997
140 2847
141 1167
142 2601
143 1126
144 463
145 2120
146 452
147 2966
148 62
149 1687
150 327
151 2005
152 299
153 952
154 246
155 1225
156 2259
157 946
158 340
159 1553
160 2963
161 2893
162 1373
163 570
164 956
165 2444
166 2806
167 451
168 1638
169 2134
170 2257
171 1815
172 104
173 2290
174 2059
175 1473
176 2092
177 1470
178 2833
179 2874
180 2428
181 307
182 2301
183 2720
184 1629
185 2184
186 1806
187 2490
188 1623
189 2849
190 1570
191 797
192 2373
193 1867
194 267
195 2363
196 56
197 2757
198 1482
199 2043
200 2446
201 1075
202 1545
203 2779
204 1550
205 578
206 816
207 2130
208 1335
209 1079
210 1709
211 411
212 1506
213 1559
214 836
215 1513
216 621
217 646
218 1214
219 2053
220 2182
221 649
222 2791
223 506
224 991
225 1193
226 127
227 1130
228 1631
229 1170
230 2519
231 1385
232 2873
233 1717
234 2011
235 79
236 8
237 409
238 2413
239 801
240 371
241 1601
242 2016
243 193
244 624
245 2800
246 2710
247 1346
248 2189
249 1954
250 1206
251 765
252 327
253 2566
254 309
255 1000
256 1764
257 2135
258 1876
259 1589
260 2609
261 2708
262 893
263 2270
264 1657
265 27
266 2827
267 1563
268 338
269 2982
270 1794
271 2892
272 1220
273 1392
274 2347
275 1824
276 1230
277 172
278 2155
279 1109
280 1140
281 1062
282 719
283 887
284 1910
285 701
286 2542
287 2945
288 2542
289 1456
290 719
291 587
292 2982
293 412
294 695
295 725
296 1924
297 2584
298 836
299 1826
300 1940
301 1450
302 543
303 633
304 833
305 2362
306 1382
307 1357
308 2352
309 1994
310 1662
311 2419
312 602
313 382
314 270
315 1956
316 1760
317 741
318 1421
319 1373
320 1974
321 658
322 116
323 2128
324 1935
325 138
326 1022
327 1071
328 536
329 2449
330 2700
331 2661
332 2828
333 548
334 2533
335 826
336 949
337 1528
338 710
339 1574
340 2816
341 2184
342 2648
343 929
344 2236
345 1583
346 2518
347 488
348 580
349 2124
350 279
351 172
352 1838
353 2585
354 2952
355 2979
356 2973
357 2476
358 2821
359 1810
360 2552
361 2056
362 1719
363 728
364 323
365 1118
366 981
367 2653
368 1745
369 747
370 2045
371 1547
372 1987
373 1796
374 2089
375 332
376 2650
377 2649
378 1316
379 2643
380 1836
381 1369
382 343
383 1982
384 1019
385 341
386 320
387 1460
388 498
389 2738
390 2968
391 2102
392 2495
393 206
394 71
395 1246
396 1694
397 195
398 689
399 1823
400 454
401 1617
402 793
403 898
404 2036
405 793
406 510
407 613
408 2043
409 790
410 1559
411 2804
412 2571
413 588
414 1848
415 2152
416 1452
417 1101
418 2410
419 2369
420 213
421 1307
422 942
423 1008
424 572
425 371
426 658
427 2265
428 454
429 1278
430 1492
431 2701
432 1339
433 312
434 1456
435 547
436 410
437 1638
438 706
439 246
440 720
441 2171
442 1286
443 388
444 748
445 792
446 2133
447 1900
448 192
449 1960
450 1833
451 711
452 1595
453 726
454 1580
455 235
456 271
457 764
458 2972
459 2295
460 1917
461 567
462 1087
463 153
464 193
465 312
466 1043
467 2891
468 2759
469 364
470 262
471 1733
472 1594
473 418
474 849
475 1763
476 912
477 1336
478 2365
479 1462
480 1619
481 2915
482 808
483 25
484 2244
485 600
486 1124
487 1688
488 842
489 1544
490 1690
491 1320
492 28
493 138
494 664
495 14
496 96
497 267
498 353
499 1365
500 1110
501 1447
502 2447
503 1299
504 2776
505 1412
506 1815
507 1096
508 494
509 641
510 535
511 1718
512 22
513 2523
514 1888
515 1904
516 388
517 1829
518 1953
519 1204
520 222
521 579
522 2022
523 188
524 2460
525 888
526 2327
527 59
528 2615
529 485
530 1630
531 162
532 37
533 2616
534 1949
535 513
536 2880
537 1014
538 372
539 62
540 792
541 2072
542 176
543 2709
544 10
545 2923
546 2722
547 2849
548 2179
549 1706
550 1090
551 2037
552 2008
553 1351
554 1361
555 1629
556 1886
557 2128
558 2186
559 1454
560 478
561 1095
562 2619
563 2821
564 1916
565 84
566 2125
567 1044
568 1880
569 1443
570 1117
571 973
572 2593
573 2003
574 40
575 318
576 985
577 1193
578 2811
579 46
580 2404
581 15
582 2924
583 2714
584 481
585 2428
586 2578
587 539
588 2974
589 723
590 1849
591 2754
592 2038
593 2757
594 1344
595 1152
596 1060
597 765
598 1593
599 862
600 315
601 1242
602 1763
603 457
604 1401
605 1025
606 1026
607 2438
608 1337
609 2355
610 2842
611 823
612 986
613 1923
614 2368
615 1263
616 150
617 1495
618 1459
619 1297
620 158
621 99
622 1588
623 152
624 141
625 2501
626 1860
627 1
628 742
629 2123
630 1
631 2030
632 2557
633 2007
634 928
635 551
636 2712
637 1915
638 2297
639 2105
640 496
641 1503
642 38
643 1041
644 2047
645 1269
646 635
647 544
648 107
649 1522
650 419
651 1359
652 1031
653 2710
654 2437
655 31
656 2839
657 1924
658 2390
659 788
660 1580
661 1425
662 838
663 2743
664 2376
665 41
666 1425
667 2994
668 1667
669 805
670 1248
671 293
672 455
673 237
674 2792
675 1711
676 564
677 1581
678 1795
679 2063
680 627
681 2046
682 894
683 1611
684 2787
685 2003
686 1819
687 2572
688 2442
689 1227
690 798
691 2231
692 2328
693 315
694 1409
695 2236
696 269
697 389
698 1754
699 470
700 2919
701 242
702 1572
703 2734
704 218
705 2832
706 2072
707 509
708 1829
709 2467
710 537
711 2653
712 431
713 807
714 2693
715 1680
716 2651
717 2804
718 2885
719 2800
720 444
721 2088
722 2328
723 1208
724 1600
725 2946
726 1121
727 2333
728 1895
729 2293
730 1471
731 949
732 720
733 2464
734 2279
735 1777
736 1036
737 692
738 913
739 2600
740 465
741 1662
742 2768
743 2284
744 1707
745 1987
746 827
747 1359
748 2466
749 312
750 1781
751 1459
752 2622
753 1744
754 2436
755 227
756 481
757 2126
758 1453
759 1687
760 156
761 2558
762 352
763 1532
764 537
765 1351
766 2860
767 247
768 2961
769 2928
770 1663
771 1338
772 425
773 2559
774 2884
775 1314
776 727
777 1157
778 41
779 1604
780 283
781 268
782 1569
783 239
784 1907
785 1526
786 2985
787 1397
788 1529
789 2013
790 532
791 1676
792 1502
793 191
794 2047
795 1045
796 1448
797 1984
798 943
799 1796
800 2955
801 2238
802 2242
803 2090
804 1072
805 1360
806 2070
807 2447
808 1711
809 1070
810 2653
811 1281
812 1353
813 1213
814 2027
815 2131
816 2413
817 2201
818 1964
819 1343
820 1873
821 1755
822 822
823 2754
824 2807
825 286
826 2047
827 2703
828 71
829 1009
830 1972
831 1406
832 1079
833 2859
834 1702
835 85
836 1740
837 2093
838 594
839 1236
840 60
841 749
842 1445
843 437
844 2739
845 2874
846 554
847 1217
848 2739
849 2536
850 2157
851 2607
852 2362
853 2379
854 427
855 131
856 713
857 2556
858 189
859 912
860 1425
861 852
862 167
863 1153
864 769
865 1375
866 468
867 994
868 2686
869 1190
870 1020
871 1486
872 2130
873 2369
874 613
875 338
876 1298
877 621
878 507
879 1108
880 1149
881 2768
882 2208
883 569
884 2609
885 85
886 2114
887 2761
888 1882
889 522
890 716
891 1651
892 1635
893 1785
894 837
895 816
896 822
897 2443
898 1293
899 2863
900 2729
901 1313
902 690
903 2046
904 215
905 1615
906 1381
907 2144
908 175
909 2858
910 36
911 1720
912 2787
913 605
914 2384
915 2046
916 1818
917 574
918 121
919 2664
920 1491
921 1112
922 2197
923 2714
924 2186
925 1260
926 2670
927 929
928 2357
929 2461
930 870
931 2902
932 2398
933 1450
934 655
935 1914
936 2350
937 896
938 613
939 1795
940 683
941 2840
942 2057
943 189
944 624
945 518
946 1949
947 1653
948 837
949 1631
950 490
951 928

