720 31
0 840
1 936
2 628
3 1934
4 1230
5 980
6 1896
7 1491
8 2858
9 1939
10 508
11 534
12 1323
13 1151
14 1705
15 152
16 856
17 795
18 748
19 457
20 2395
21 965
22 2123
23 1959
24 1459
25 910
26 2372
27 2221
28 1094
29 682
30 412
31 1436
32 1540
33 1928
34 2053
35 2949
36 1912
37 2186
38 110
39 225
40 215
41 1309
42 2593
43 1414
44 1547
45 665
46 11
47 1555
48 2623
49 187
50 2690
51 2337
52 2640
53 780
54 2926
55 1323
56 586
57 1791
58 69
59 2402
60 2390
61 425
62 1462
63 1841
64 2158
65 447
66 707
67 2961
68 2438
69 2146
70 2462
71 469
72 195
73 1252
74 2120
75 1184
76 2767
77 572
78 1984
79 583
80 810
81 402
82 1407
83 949
84 1952
85 2300
86 447
87 2753
88 1653
89 260
90 1949
91 1168
92 1283
93 1075
94 866
95 1353
96 1741
97 132
98 588
99 2903
100 940
101 786
102 1519
103 2360
104 2082
105 1898
106 1073
107 1725
108 1310
109 2896
110 1457
111 1055
112 747
113 1594
114 894
115 1255
116 1746
117 2808
118 1197
119 1426
120 993
121 2243
122 1738
123 2281
124 2274
125 686
126 2363
127 1685
128 1400
129 395
130 2108
131 2716
132 1133
133 1753
134 633
135 1121
136 2668
137 141
138 373
139 1933
140 207
141 1625
142 745
143 1485
144 351
145 1989
146 2527
147 1601
148 1062
149 2518
150 1886
151 2079
152 1735
153 585
154 196
155 2145
156 1850
157 682
158 2436
159 2005
160 528
161 2191
162 2517
163 1111
164 2550
165 728
166 846
167 1935
168 1528
169 2408
170 2668
171 1904
172 1506
173 2305
174 2841
175 1947
176 2252
177 1856
178 1597
179 2731
180 293
181 1942
182 2711
183 1242
184 1947
185 764
186 2071
187 2931
188 1082
189 2547
190 2310
191 1937
192 2125
193 443
194 1175
195 2414
196 1248
197 2219
198 828
199 2657
200 1072
201 1667
202 406
203 2462
204 1554
205 254
206 296
207 0
208 1873
209 1834
210 2957
211 1034
212 2906
213 2481
214 1063
215 1570
216 2079
217 1048
218 150
219 1791
220 1807
221 2972
222 1933
223 629
224 548
225 2765
226 2429
227 250
228 1092
229 1935
230 119
231 1750
232 346
233 273
234 1421
235 2486
236 307
237 889
238 2693
239 1121
240 1942
241 1079
242 2901
243 2763
244 136
245 386
246 676
247 1782
248 1911
249 2268
250 203
251 2604
252 1942
253 1305
254 1101
255 749
256 558
257 2862
258 2783
259 2859
260 1336
261 1969
262 2170
263 611
264 476
265 1932
266 132
267 1354
268 1159
269 1196
270 2268
271 758
272 2979
273 2181
274 1675
275 2697
276 53
277 853
278 2693
279 468
280 793
281 698
282 2993
283 2054
284 2647
285 2330
286 1664
287 2744
288 1262
289 774
290 1491
291 1171
292 2138
293 3000
294 1441
295 2401
296 2903
297 2065
298 79
299 2213
300 2272
301 282
302 2664
303 2397
304 2910
305 836
306 2931
307 1379
308 2508
309 618
310 1017
311 912
312 2877
313 1499
314 1985
315 962
316 942
317 1893
318 2085
319 2226
320 492
321 62
322 32
323 2334
324 952
325 1413
326 476
327 1044
328 2364
329 1528
330 851
331 1439
332 549
333 822
334 564
335 2488
336 2610
337 395
338 1752
339 26
340 1574
341 1939
342 861
343 1667
344 2244
345 1717
346 2957
347 1731
348 1592
349 2028
350 1112
351 2372
352 264
353 928
354 2052
355 2853
356 1095
357 324
358 1019
359 1409
360 1380
361 2415
362 697
363 465
364 2872
365 1749
366 2774
367 87
368 2571
369 1458
370 376
371 469
372 883
373 2115
374 1318
375 436
376 1794
377 2829
378 2494
379 2645
380 1621
381 832
382 76
383 839
384 432
385 1378
386 2068
387 2698
388 892
389 314
390 203
391 1685
392 2660
393 2452
394 670
395 1571
396 2942
397 2788
398 1393
399 2006
400 2188
401 83
402 2999
403 1078
404 1214
405 665
406 2407
407 2484
408 1691
409 1096
410 1238
411 2851
412 1232
413 2297
414 2548
415 2987
416 1711
417 2062
418 737
419 2506
420 2205
421 1889
422 2583
423 1516
424 1470
425 2734
426 1342
427 2427
428 2709
429 1806
430 70
431 348
432 141
433 546
434 1206
435 2800
436 1539
437 2436
438 2390
439 2232
440 914
441 1913
442 1942
443 2353
444 727
445 2960
446 1237
447 2614
448 1444
449 1870
450 1694
451 1321
452 2064
453 682
454 1101
455 899
456 1294
457 161
458 565
459 1171
460 751
461 702
462 2317
463 1789
464 2028
465 725
466 428
467 366
468 1998
469 1353
470 1465
471 1320
472 831
473 2775
474 488
475 910
476 955
477 2202
478 2379
479 2723
480 1599
481 1218
482 1354
483 1511
484 1178
485 378
486 2134
487 2552
488 2115
489 2884
490 2117
491 1412
492 2492
493 808
494 21
495 2377
496 1389
497 1578
498 2598
499 1366
500 1161
501 2145
502 1843
503 1545
504 2380
505 2597
506 1483
507 2757
508 298
509 577
510 1639
511 440
512 511
513 889
514 1384
515 2068
516 2847
517 2953
518 34
519 844
520 2804
521 1537
522 1359
523 1555
524 2822
525 2188
526 1606
527 2726
528 2828
529 123
530 1042
531 2947
532 844
533 1434
534 20
535 377
536 1396
537 697
538 1852
539 1563
540 2005
541 283
542 496
543 1203
544 2991
545 804
546 559
547 1583
548 2674
549 2401
550 479
551 2179
552 1014
553 1548
554 2658
555 669
556 1642
557 2690
558 363
559 508
560 67
561 156
562 2137
563 942
564 977
565 1799
566 2417
567 1688
568 1711
569 2417
570 2813
571 2252
572 2282
573 1591
574 1022
575 1633
576 1972
577 1894
578 1391
579 2299
580 1001
581 1709
582 597
583 1039
584 1534
585 2216
586 658
587 2641
588 2712
589 555
590 2213
591 1452
592 2136
593 1137
594 2341
595 679
596 424
597 182
598 2520
599 939
600 2754
601 560
602 1892
603 2860
604 294
605 1629
606 1333
607 584
608 224
609 2185
610 1117
611 1171
612 1312
613 2380
614 1923
615 1112
616 431
617 757
618 2041
619 923
620 2730
621 2015
622 1045
623 472
624 1354
625 484
626 1379
627 2637
628 2852
629 497
630 2635
631 606
632 2806
633 735
634 1873
635 591
636 2966
637 465
638 160
639 358
640 2482
641 2528
642 1059
643 1740
644 841
645 337
646 747
647 804
648 1628
649 139
650 871
651 582
652 879
653 2323
654 2814
655 694
656 2137
657 2894
658 1053
659 46
660 532
661 1327
662 2858
663 2132
664 2088
665 1004
666 2700
667 1770
668 80
669 619
670 2640
671 1553
672 2013
673 2357
674 2904
675 225
676 2297
677 1849
678 1111
679 2841
680 1337
681 2544
682 1656
683 2121
684 1030
685 1761
686 669
687 2526
688 1561
689 400
690 1114
691 2317
692 881
693 252
694 543
695 152
696 580
697 919
698 2803
699 2991
700 64
701 2872
702 1921
703 1322
704 95
705 259
706 1855
707 1244
708 217
709 2435
710 451
711 21
712 2101
713 1843
714 2285
715 2469
716 2759
717 61
718 974
719 2699

