947 46
0 1221
1 2952
2 1382
3 51
4 458
5 1828
6 503
7 1508
8 2792
9 273
10 220
11 2200
12 815
13 1414
14 226
15 945
16 1346
17 2541
18 2328
19 243
20 1466
21 406
22 2834
23 2611
24 1718
25 738
26 2437
27 1523
28 2599
29 170
30 1660
31 1516
32 1637
33 110
34 1228
35 1837
36 2207
37 1143
38 1311
39 2328
40 432
41 2529
42 597
43 615
44 1758
45 2619
46 579
47 711
48 1078
49 2596
50 724
51 277
52 2609
53 800
54 2106
55 2846
56 2909
57 1013
58 2940
59 1092
60 968
61 1754
62 1465
63 367
64 2754
65 1413
66 1867
67 1512
68 2114
69 428
70 2622
71 2530
72 2359
73 1548
74 2990
75 1568
76 1068
77 1834
78 1421
79 743
80 1459
81 2787
82 2059
83 985
84 1859
85 2156
86 2557
87 1579
88 541
89 2086
90 17
91 2490
92 1169
93 1075
94 1585
95 667
96 514
97 1366
98 1171
99 1018
100 2571
101 1137
102 692
103 1643
104 737
105 737
106 2157
107 307
108 756
109 2043
110 1599
111 1694
112 2459
113 591
114 1864
115 870
116 1877
117 2100
118 2079
119 652
120 53
121 1732
122 1289
123 1677
124 2169
125 42
126 810
127 2587
128 1781
129 1774
130 1940
131 2440
132 304
133 1742
134 2900
135 2345
136 2218
137 1778
138 409
139 1474
140 2889
141 1405
142 993
143 2592
144 2650
145 692
146 482
147 2352
148 1755
149 733
150 2211
151 1085
152 2901
153 1012
154 2886
155 1205
156 1699
157 347
158 2300
159 2167
160 1286
161 2757
162 2953
163 1484
164 1988
165 401
166 2124
167 118
168 1048
169 440
170 829
171 2559
172 2814
173 949
174 152
175 2332
176 2159
177 225
178 1079
179 1507
180 2996
181 330
182 1164
183 1652
184 2352
185 1199
186 884
187 1044
188 677
189 2215
190 1515
191 1019
192 1476
193 37
194 1329
195 1448
196 1010
197 30
198 395
199 2006
200 1971
201 471
202 185
203 1881
204 2409
205 1236
206 2025
207 1802
208 1253
209 1266
210 189
211 1167
212 1393
213 1398
214 254
215 2036
216 2110
217 1066
218 543
219 2029
220 468
221 253
222 2730
223 1085
224 1064
225 1089
226 2583
227 2122
228 596
229 2420
230 943
231 2065
232 1777
233 2854
234 1657
235 1859
236 1162
237 1110
238 1390
239 1902
240 2757
241 1878
242 803
243 1981
244 305
245 2897
246 2020
247 2163
248 994
249 780
250 487
251 2077
252 598
253 369
254 733
255 2358
256 1821
257 1945
258 1804
259 2496
260 1591
261 771
262 2443
263 1753
264 440
265 1042
266 596
267 274
268 800
269 1861
270 119
271 1076
272 960
273 1207
274 1686
275 2376
276 1988
277 83
278 1283
279 1280
280 1214
281 2101
282 1454
283 1199
284 1029
285 2726
286 2294
287 2124
288 916
289 2241
290 1025
291 1008
292 2364
293 2606
294 1304
295 2541
296 1397
297 1998
298 2809
299 2373
300 1223
301 2006
302 2006
303 858
304 1957
305 1103
306 2613
307 2682
308 1427
309 1590
310 1568
311 231
312 1839
313 1386
314 954
315 344
316 2737
317 633
318 146
319 2011
320 661
321 583
322 1826
323 1399
324 832
325 2824
326 1457
327 2064
328 1513
329 2108
330 1284
331 2817
332 1264
333 404
334 2670
335 86
336 523
337 1884
338 826
339 1903
340 920
341 869
342 2955
343 2965
344 1408
345 1656
346 652
347 1012
348 1778
349 1969
350 2496
351 2598
352 1358
353 1052
354 1641
355 1172
356 1474
357 1931
358 1257
359 514
360 2509
361 102
362 2624
363 1197
364 219
365 1119
366 905
367 2765
368 432
369 1695
370 2272
371 38
372 2111
373 2017
374 983
375 2080
376 369
377 2882
378 1634
379 2774
380 872
381 132
382 1975
383 1490
384 2776
385 764
386 915
387 861
388 767
389 655
390 2527
391 1012
392 2700
393 1590
394 2248
395 375
396 1754
397 1901
398 2540
399 2065
400 239
401 647
402 620
403 2938
404 2187
405 206
406 2589
407 366
408 2175
409 1592
410 2660
411 1498
412 1160
413 1334
414 1885
415 2371
416 2009
417 1359
418 2191
419 735
420 1480
421 186
422 1962
423 68
424 287
425 1438
426 161
427 2026
428 52
429 425
430 296
431 1339
432 2345
433 348
434 1461
435 1765
436 869
437 740
438 1716
439 1343
440 2563
441 2079
442 1793
443 2176
444 2989
445 1642
446 677
447 2440
448 2927
449 995
450 2850
451 1880
452 2734
453 1342
454 1955
455 2139
456 2301
457 1506
458 683
459 850
460 525
461 2429
462 214
463 525
464 1663
465 333
466 2102
467 1957
468 2382
469 555
470 848
471 236
472 2760
473 1366
474 1507
475 2467
476 1537
477 2449
478 1508
479 1392
480 2078
481 490
482 1487
483 1225
484 2936
485 2668
486 1964
487 2140
488 1693
489 1463
490 572
491 304
492 386
493 2162
494 148
495 1570
496 423
497 2023
498 87
499 1975
500 1511
501 275
502 231
503 296
504 932
505 2909
506 565
507 2385
508 708
509 1223
510 2063
511 1973
512 893
513 1891
514 174
515 44
516 1197
517 2975
518 2107
519 2556
520 2496
521 378
522 1500
523 1717
524 1275
525 1584
526 35
527 2071
528 1269
529 729
530 134
531 1918
532 2168
533 750
534 2102
535 1986
536 100
537 144
538 1818
539 608
540 121
541 2700
542 1368
543 36
544 77
545 776
546 37
547 1179
548 143
549 2533
550 1271
551 2074
552 519
553 1046
554 1138
555 1525
556 1216
557 1607
558 1125
559 1402
560 503
561 2522
562 1492
563 2343
564 1692
565 350
566 1138
567 807
568 2577
569 2501
570 2280
571 1703
572 2805
573 2517
574 2301
575 2534
576 1538
577 2206
578 272
579 2497
580 1491
581 2510
582 947
583 1135
584 1923
585 292
586 1779
587 2792
588 913
589 711
590 1986
591 2341
592 502
593 315
594 1236
595 12
596 594
597 109
598 1851
599 2334
600 2463
601 338
602 1033
603 2612
604 1765
605 314
606 1000
607 1943
608 2252
609 540
610 1767
611 1985
612 335
613 2499
614 1089
615 961
616 2775
617 2031
618 1982
619 346
620 13
621 2546
622 2629
623 2147
624 2153
625 2306
626 298
627 1603
628 2363
629 2294
630 2993
631 2064
632 22
633 1610
634 1900
635 1883
636 1137
637 347
638 242
639 2339
640 1612
641 1082
642 2501
643 1521
644 2286
645 2119
646 1281
647 88
648 2129
649 2502
650 2395
651 2641
652 9
653 857
654 580
655 1065
656 1792
657 1137
658 975
659 1042
660 1384
661 484
662 1226
663 2568
664 648
665 2742
666 2755
667 484
668 2419
669 1653
670 1155
671 809
672 850
673 2277
674 2152
675 921
676 2553
677 611
678 2090
679 2170
680 1240
681 599
682 832
683 2757
684 1977
685 2395
686 1085
687 1739
688 2556
689 441
690 323
691 2814
692 1624
693 1069
694 1541
695 687
696 1712
697 28
698 2514
699 1072
700 1438
701 743
702 2330
703 1884
704 921
705 302
706 2310
707 1758
708 2440
709 1714
710 46
711 1264
712 1780
713 599
714 831
715 2428
716 728
717 1841
718 2610
719 2612
720 798
721 713
722 1063
723 463
724 2851
725 2550
726 2299
727 349
728 2929
729 483
730 2202
731 1478
732 2065
733 347
734 1636
735 428
736 1940
737 1336
738 1055
739 4
740 1789
741 2003
742 2206
743 879
744 1841
745 2292
746 1223
747 307
748 891
749 2830
750 1003
751 1048
752 2158
753 1765
754 1922
755 2203
756 1015
757 2866
758 468
759 1607
760 19
761 644
762 2380
763 2175
764 1654
765 2536
766 2001
767 1887
768 2971
769 1760
770 1465
771 1871
772 426
773 2897
774 302
775 1820
776 2479
777 735
778 1690
779 2148
780 1861
781 2229
782 361
783 289
784 1616
785 1826
786 94
787 2342
788 313
789 873
790 2996
791 1904
792 1426
793 2210
794 1209
795 131
796 790
797 465
798 714
799 520
800 1557
801 771
802 2538
803 842
804 1727
805 15
806 868
807 1574
808 894
809 1304
810 2819
811 2486
812 1415
813 1026
814 1978
815 2418
816 1312
817 1865
818 2185
819 1088
820 971
821 2618
822 1912
823 2661
824 2993
825 2272
826 143
827 218
828 2630
829 388
830 488
831 1406
832 2964
833 908
834 2246
835 2376
836 818
837 919
838 129
839 2757
840 1605
841 853
842 2770
843 2534
844 2276
845 2535
846 2025
847 1265
848 2967
849 1552
850 314
851 1330
852 508
853 2037
854 106
855 2238
856 1878
857 2023
858 1902
859 853
860 2697
861 1133
862 2472
863 1565
864 1513
865 2509
866 1463
867 1109
868 1391
869 1290
870 824
871 2643
872 1145
873 1634
874 140
875 1690
876 284
877 2279
878 1180
879 2291
880 2125
881 2408
882 1879
883 2169
884 2585
885 147
886 2766
887 2118
888 1545
889 636
890 101
891 545
892 397
893 848
894 1779
895 1660
896 2181
897 1029
898 178
899 1144
900 1446
901 823
902 2814
903 2922
904 117
905 867
906 1518
907 646
908 2090
909 1785
910 1027
911 2112
912 1485
913 1936
914 2102
915 2408
916 2119
917 2615
918 2912
919 2199
920 1821
921 2514
922 1188
923 1126
924 747
925 1202
926 1627
927 469
928 1748
929 2319
930 704
931 2282
932 366
933 1880
934 542
935 2564
936 891
937 2587
938 1796
939 2952
940 2981
941 580
942 2495
943 1563
944 806
945 1886
946 1213

