980 85
0 1074
1 797
2 832
3 2046
4 1675
5 1807
6 1965
7 1111
8 1826
9 170
10 2358
11 2358
12 1210
13 1026
14 266
15 2278
16 2049
17 2794
18 1349
19 93
20 1409
21 1811
22 730
23 58
24 2686
25 1711
26 2325
27 341
28 1572
29 2744
30 51
31 1342
32 1977
33 637
34 1112
35 663
36 802
37 1126
38 2987
39 357
40 1540
41 140
42 1036
43 495
44 1481
45 2733
46 2049
47 2993
48 1491
49 2070
50 2366
51 1572
52 259
53 1431
54 2092
55 1561
56 2009
57 1718
58 500
59 1348
60 1098
61 1714
62 508
63 2206
64 1339
65 2957
66 215
67 1980
68 1679
69 377
70 1325
71 1721
72 2926
73 2217
74 641
75 857
76 1520
77 2789
78 380
79 510
80 2395
81 1304
82 1937
83 946
84 2582
85 56
86 1521
87 2832
88 1221
89 491
90 1839
91 675
92 2291
93 599
94 1196
95 2222
96 2928
97 1231
98 1625
99 893
100 439
101 2511
102 318
103 2120
104 175
105 1690
106 1442
107 1156
108 2806
109 1779
110 2020
111 2794
112 842
113 170
114 2981
115 1461
116 2772
117 1791
118 747
119 633
120 2026
121 2954
122 2901
123 1679
124 2121
125 2340
126 2092
127 1439
128 2663
129 2906
130 592
131 2579
132 846
133 2199
134 13
135 1025
136 1858
137 2155
138 772
139 2867
140 361
141 2886
142 486
143 867
144 2500
145 2589
146 1966
147 1808
148 1924
149 2797
150 2879
151 1468
152 340
153 1994
154 879
155 610
156 1778
157 1417
158 388
159 602
160 2281
161 2320
162 768
163 1325
164 2505
165 877
166 328
167 2283
168 1612
169 614
170 1322
171 1606
172 1534
173 668
174 764
175 2661
176 1815
177 1685
178 2227
179 416
180 981
181 1110
182 1427
183 2703
184 2829
185 1437
186 1519
187 102
188 245
189 2055
190 357
191 967
192 1174
193 326
194 709
195 805
196 984
197 1486
198 1531
199 2056
200 2303
201 948
202 227
203 2409
204 1861
205 949
206 741
207 740
208 1887
209 4
210 1887
211 162
212 1243
213 2703
214 76
215 740
216 467
217 963
218 2178
219 1554
220 1850
221 883
222 2361
223 189
224 2726
225 2861
226 2605
227 2020
228 2297
229 1808
230 31
231 1853
232 2048
233 2580
234 1328
235 2773
236 535
237 1663
238 1706
239 57
240 1371
241 2695
242 993
243 2320
244 955
245 2125
246 395
247 2015
248 1886
249 1522
250 2941
251 1706
252 2432
253 1824
254 1509
255 1282
256 2641
257 694
258 2104
259 1929
260 2412
261 1163
262 2853
263 1514
264 1330
265 2532
266 1885
267 984
268 2063
269 933
270 811
271 1901
272 1592
273 2006
274 1990
275 922
276 1513
277 1614
278 158
279 859
280 403
281 2244
282 1147
283 872
284 968
285 1960
286 886
287 2156
288 2768
289 84
290 1640
291 1437
292 112
293 1744
294 2786
295 1108
296 1478
297 552
298 1772
299 443
300 196
301 167
302 342
303 2180
304 2483
305 887
306 2412
307 2887
308 1234
309 1646
310 522
311 1051
312 1346
313 2666
314 1004
315 579
316 646
317 374
318 2631
319 2150
320 764
321 667
322 134
323 2284
324 408
325 1551
326 2700
327 37
328 1014
329 562
330 2990
331 52
332 282
333 325
334 2822
335 889
336 2832
337 2842
338 1034
339 871
340 2112
341 2700
342 1640
343 261
344 461
345 1003
346 2317
347 2429
348 2500
349 2565
350 302
351 2407
352 271
353 2588
354 1994
355 917
356 2992
357 2670
358 229
359 1926
360 124
361 882
362 874
363 2673
364 1690
365 1845
366 2311
367 1276
368 1207
369 1262
370 2790
371 116
372 1900
373 2986
374 1816
375 1888
376 1398
377 2099
378 1247
379 2003
380 955
381 2249
382 32
383 596
384 1551
385 1367
386 2809
387 2565
388 1970
389 274
390 1941
391 1526
392 1036
393 564
394 470
395 1555
396 2233
397 2167
398 2685
399 2676
400 2251
401 2156
402 1596
403 587
404 436
405 177
406 1831
407 330
408 2681
409 930
410 1721
411 567
412 2341
413 1252
414 1073
415 2258
416 1706
417 2823
418 1587
419 1076
420 1292
421 60
422 1076
423 1968
424 1397
425 710
426 2967
427 1611
428 477
429 845
430 1162
431 647
432 2107
433 250
434 2721
435 1068
436 2826
437 821
438 2434
439 873
440 2724
441 2891
442 874
443 827
444 1135
445 1781
446 403
447 1528
448 170
449 992
450 2651
451 2240
452 947
453 1453
454 2733
455 372
456 1046
457 788
458 2199
459 282
460 2301
461 1222
462 584
463 2032
464 1185
465 2266
466 1944
467 2101
468 262
469 1450
470 1504
471 859
472 1416
473 2617
474 335
475 2380
476 2100
477 2817
478 1951
479 243
480 373
481 2823
482 2249
483 347
484 822
485 2179
486 2652
487 235
488 1944
489 185
490 1389
491 2240
492 497
493 2720
494 49
495 1141
496 15
497 2297
498 2039
499 2774
500 1911
501 2519
502 331
503 2348
504 2962
505 722
506 1524
507 1054
508 2236
509 2461
510 2229
511 1996
512 2626
513 570
514 2108
515 2286
516 2411
517 687
518 370
519 1024
520 2973
521 1022
522 1248
523 1227
524 949
525 1467
526 1382
527 2
528 6
529 145
530 1733
531 195
532 1637
533 14
534 2166
535 473
536 338
537 628
538 2545
539 2536
540 1462
541 488
542 2945
543 2395
544 778
545 1966
546 667
547 1293
548 510
549 407
550 2290
551 1528
552 2301
553 1569
554 1999
555 1027
556 1317
557 1616
558 1479
559 1670
560 2509
561 1300
562 693
563 1416
564 2210
565 220
566 2125
567 374
568 2640
569 85
570 552
571 2498
572 156
573 2341
574 20
575 1792
576 778
577 223
578 1757
579 14
580 2291
581 2272
582 1955
583 281
584 2595
585 2285
586 2319
587 1269
588 2368
589 2654
590 2993
591 587
592 1079
593 1802
594 1982
595 236
596 2947
597 1898
598 1296
599 2983
600 1007
601 2020
602 2934
603 1749
604 2590
605 278
606 2791
607 2533
608 1516
609 1941
610 833
611 2282
612 1574
613 634
614 2287
615 2615
616 2302
617 2747
618 2069
619 1871
620 2488
621 2997
622 2080
623 1783
624 575
625 775
626 2464
627 2538
628 750
629 1728
630 2798
631 2312
632 1247
633 2582
634 1632
635 1364
636 899
637 1922
638 310
639 2529
640 507
641 2029
642 796
643 1164
644 974
645 245
646 2205
647 2456
648 2237
649 1712
650 1098
651 147
652 2398
653 1862
654 1066
655 907
656 1370
657 2580
658 2364
659 2140
660 1256
661 1360
662 2876
663 2753
664 2752
665 1347
666 345
667 993
668 2485
669 1921
670 601
671 2836
672 657
673 1817
674 2927
675 583
676 2282
677 2444
678 58
679 2322
680 1454
681 1971
682 1145
683 2969
684 1083
685 680
686 2559
687 763
688 2605
689 904
690 2943
691 286
692 2140
693 1107
694 1806
695 1403
696 555
697 2808
698 2446
699 1769
700 970
701 1045
702 2970
703 2856
704 350
705 2670
706 54
707 2725
708 1489
709 249
710 1105
711 920
712 2836
713 2830
714 458
715 435
716 1838
717 2863
718 1904
719 1136
720 689
721 1119
722 1741
723 1445
724 991
725 1985
726 659
727 2950
728 1491
729 1286
730 1417
731 2096
732 2311
733 275
734 1489
735 832
736 1674
737 2673
738 1773
739 1757
740 2423
741 2380
742 2447
743 2377
744 2280
745 337
746 2370
747 2938
748 48
749 2200
750 175
751 47
752 2347
753 1250
754 642
755 950
756 1350
757 1051
758 2255
759 2642
760 2928
761 2467
762 2601
763 986
764 1191
765 866
766 497
767 2860
768 997
769 1416
770 2022
771 1074
772 138
773 2879
774 925
775 1595
776 498
777 1527
778 1284
779 1189
780 2601
781 2639
782 506
783 244
784 2262
785 1697
786 2651
787 1441
788 806
789 1356
790 1139
791 1262
792 956
793 496
794 937
795 1188
796 628
797 2140
798 26
799 1968
800 511
801 2690
802 1468
803 2734
804 2743
805 497
806 1757
807 5
808 2044
809 437
810 756
811 457
812 1535
813 1718
814 867
815 2994
816 218
817 1003
818 305
819 235
820 1526
821 833
822 1120
823 693
824 1150
825 39
826 2525
827 482
828 2
829 1228
830 2331
831 1512
832 1392
833 171
834 691
835 1736
836 846
837 2611
838 458
839 1951
840 898
841 2358
842 1609
843 1694
844 1472
845 432
846 2470
847 357
848 1981
849 1020
850 1886
851 883
852 2962
853 1082
854 2633
855 283
856 715
857 1333
858 2636
859 935
860 2478
861 1583
862 1094
863 2853
864 2242
865 1494
866 545
867 2187
868 1453
869 1616
870 932
871 2191
872 1973
873 1218
874 1941
875 232
876 466
877 2962
878 2488
879 1292
880 2279
881 64
882 1231
883 93
884 460
885 1858
886 241
887 2988
888 2067
889 740
890 2798
891 829
892 546
893 2320
894 1448
895 176
896 2474
897 1647
898 681
899 1293
900 2944
901 2360
902 20
903 1764
904 582
905 1370
906 658
907 2812
908 896
909 1513
910 1019
911 1927
912 1704
913 916
914 112
915 928
916 1998
917 329
918 281
919 1682
920 1333
921 1469
922 1262
923 305
924 751
925 2446
926 1325
927 2853
928 137
929 790
930 1465
931 715
932 94
933 369
934 1272
935 2031
936 1206
937 776
938 1119
939 2824
940 2356
941 2544
942 1881
943 1963
944 2660
945 2721
946 2401
947 2502
948 2779
949 350
950 1547
951 1711
952 1145
953 844
954 971
955 2576
956 1094
957 634
958 89
959 613
960 2836
961 2668
962 913
963 1924
964 869
965 2420
966 1381
967 1085
968 2251
969 597
970 258
971 1650
972 2911
973 465
974 281
975 1593
976 2002
977 1459
978 2411
979 2005

