800 15
0 1412
1 1524
2 703
3 2026
4 2338
5 47
6 814
7 1441
8 2397
9 871
10 2781
11 950
12 1305
13 757
14 2039
15 2104
16 387
17 1224
18 1247
19 501
20 1057
21 174
22 1676
23 2401
24 872
25 2967
26 1053
27 164
28 1986
29 11
30 1135
31 2261
32 1583
33 2229
34 1558
35 1398
36 163
37 2152
38 1014
39 1832
40 65
41 980
42 2268
43 2228
44 2430
45 2097
46 986
47 739
48 2705
49 2569
50 1973
51 713
52 1846
53 415
54 1706
55 148
56 858
57 1753
58 2521
59 2311
60 1939
61 2394
62 2783
63 1090
64 2433
65 338
66 2900
67 1686
68 1069
69 2851
70 2717
71 2249
72 2356
73 2553
74 1097
75 2538
76 1830
77 623
78 1933
79 1987
80 1132
81 186
82 144
83 1739
84 2506
85 379
86 811
87 1186
88 566
89 2816
90 1063
91 1056
92 109
93 2054
94 2227
95 284
96 111
97 2712
98 1609
99 1851
100 217
101 2960
102 640
103 2632
104 1144
105 984
106 2680
107 1916
108 768
109 1562
110 2170
111 1649
112 731
113 2437
114 2309
115 246
116 2562
117 876
118 2763
119 2235
120 108
121 1177
122 23
123 1110
124 1234
125 2184
126 2410
127 903
128 667
129 1971
130 1516
131 671
132 2297
133 2572
134 1848
135 1105
136 1241
137 2517
138 1371
139 2287
140 669
141 2748
142 1668
143 319
144 1801
145 978
146 241
147 1731
148 513
149 785
150 1939
151 286
152 786
153 2140
154 784
155 844
156 1477
157 273
158 145
159 1569
160 2021
161 1762
162 2925
163 1291
164 147
165 1182
166 1441
167 1461
168 665
169 1603
170 1153
171 2594
172 1167
173 2176
174 2602
175 1259
176 139
177 964
178 893
179 1145
180 898
181 1294
182 1515
183 580
184 1994
185 857
186 551
187 1054
188 122
189 1142
190 1540
191 2137
192 2566
193 2650
194 143
195 35
196 763
197 1786
198 495
199 731
200 1956
201 2370
202 2842
203 1148
204 807
205 1800
206 2752
207 2763
208 1600
209 419
210 1191
211 1270
212 2
213 44
214 562
215 65
216 2198
217 522
218 2073
219 2596
220 2469
221 2202
222 1925
223 594
224 2039
225 126
226 2694
227 1137
228 2689
229 127
230 804
231 976
232 1352
233 33
234 749
235 246
236 2961
237 860
238 2000
239 1649
240 486
241 2114
242 1054
243 2616
244 2140
245 2371
246 311
247 2514
248 595
249 2656
250 766
251 1214
252 2041
253 1742
254 492
255 752
256 764
257 973
258 1526
259 1819
260 1262
261 2699
262 970
263 2756
264 141
265 2422
266 1769
267 606
268 1581
269 2259
270 2416
271 2067
272 1443
273 2380
274 1515
275 2083
276 1967
277 2262
278 2343
279 947
280 662
281 2885
282 771
283 2088
284 2547
285 1800
286 710
287 2730
288 503
289 1437
290 1421
291 470
292 1332
293 2724
294 1367
295 990
296 624
297 1112
298 1385
299 2195
300 2613
301 2975
302 2715
303 800
304 592
305 2240
306 2541
307 657
308 2289
309 478
310 2129
311 1717
312 2139
313 94
314 2905
315 2038
316 1300
317 1925
318 1974
319 479
320 605
321 1561
322 285
323 1212
324 683
325 1157
326 2544
327 1930
328 2337
329 1355
330 815
331 1064
332 1709
333 557
334 1723
335 1356
336 1539
337 369
338 1445
339 912
340 2003
341 1238
342 579
343 1865
344 1572
345 1650
346 2787
347 2606
348 955
349 838
350 2430
351 1078
352 361
353 856
354 1181
355 327
356 1989
357 265
358 55
359 1568
360 2333
361 2513
362 1880
363 412
364 1868
365 2682
366 2117
367 2693
368 1020
369 445
370 1820
371 1562
372 247
373 1633
374 1292
375 684
376 1369
377 374
378 807
379 2374
380 1147
381 1601
382 2205
383 556
384 390
385 1057
386 1419
387 2494
388 798
389 564
390 503
391 1859
392 2133
393 530
394 2849
395 1453
396 717
397 2896
398 937
399 202
400 184
401 2528
402 317
403 833
404 1507
405 177
406 2093
407 1374
408 483
409 495
410 2831
411 2556
412 821
413 2502
414 1108
415 137
416 1884
417 1674
418 1530
419 2024
420 2639
421 583
422 437
423 1967
424 107
425 1520
426 1574
427 1046
428 2750
429 979
430 925
431 297
432 1547
433 2978
434 2217
435 152
436 2066
437 943
438 87
439 1242
440 2200
441 894
442 1090
443 2658
444 1764
445 2965
446 875
447 324
448 2495
449 2060
450 639
451 2741
452 1323
453 2654
454 2266
455 2135
456 603
457 602
458 245
459 996
460 1628
461 179
462 1181
463 2764
464 1327
465 2929
466 23
467 2943
468 696
469 2470
470 2296
471 2332
472 2995
473 1818
474 592
475 1070
476 1758
477 608
478 101
479 253
480 2692
481 2805
482 801
483 1150
484 2357
485 1170
486 1000
487 1820
488 615
489 497
490 2580
491 90
492 2765
493 2166
494 2369
495 2444
496 2833
497 1059
498 379
499 592
500 2665
501 1059
502 44
503 236
504 1675
505 2907
506 728
507 423
508 136
509 646
510 2048
511 2037
512 146
513 1253
514 909
515 274
516 2332
517 941
518 247
519 2918
520 876
521 1502
522 2984
523 2376
524 789
525 1644
526 225
527 1978
528 2175
529 1091
530 87
531 1838
532 1225
533 982
534 87
535 332
536 2111
537 1865
538 1691
539 1010
540 2968
541 2863
542 1998
543 2584
544 1094
545 2669
546 1929
547 494
548 681
549 1866
550 2937
551 1691
552 1796
553 1017
554 1869
555 1572
556 2186
557 1928
558 2963
559 2149
560 1536
561 504
562 1330
563 1672
564 499
565 1372
566 1990
567 2876
568 1732
569 2903
570 2009
571 2110
572 486
573 293
574 848
575 2586
576 2433
577 225
578 714
579 2858
580 1313
581 1618
582 1590
583 2910
584 761
585 2962
586 2136
587 364
588 1371
589 1055
590 1681
591 2006
592 663
593 2779
594 840
595 248
596 2498
597 2349
598 292
599 1140
600 2529
601 2408
602 272
603 1625
604 1045
605 1157
606 2583
607 172
608 2140
609 662
610 2889
611 2790
612 938
613 701
614 690
615 1540
616 592
617 42
618 232
619 2555
620 108
621 2785
622 1451
623 2028
624 83
625 354
626 2226
627 2967
628 2181
629 1262
630 1302
631 2727
632 2433
633 63
634 2669
635 1410
636 1872
637 739
638 927
639 1204
640 733
641 1157
642 1867
643 1314
644 1298
645 1036
646 1021
647 2397
648 2067
649 2835
650 1444
651 1963
652 425
653 677
654 2446
655 527
656 102
657 742
658 2841
659 2583
660 169
661 2499
662 737
663 2505
664 1678
665 2769
666 1903
667 232
668 2282
669 1024
670 2940
671 2859
672 1359
673 637
674 2376
675 2240
676 2706
677 2061
678 512
679 903
680 1251
681 2593
682 1900
683 2828
684 1191
685 1012
686 2225
687 2355
688 1268
689 2933
690 2258
691 1850
692 481
693 822
694 925
695 2032
696 2324
697 1642
698 2901
699 928
700 1109
701 362
702 1596
703 501
704 1609
705 186
706 2506
707 47
708 2215
709 1587
710 2935
711 2135
712 84
713 2076
714 2905
715 2690
716 1568
717 420
718 2394
719 2236
720 2007
721 2599
722 604
723 2465
724 1112
725 2905
726 1551
727 829
728 1916
729 2137
730 490
731 50
732 720
733 382
734 2560
735 2206
736 2578
737 700
738 2043
739 573
740 1939
741 688
742 2305
743 1642
744 211
745 2036
746 2490
747 1216
748 1727
749 906
750 666
751 462
752 126
753 2413
754 547
755 2797
756 1957
757 2506
758 1911
759 1860
760 1738
761 2044
762 214
763 2354
764 492
765 910
766 1830
767 334
768 2840
769 2298
770 617
771 2805
772 2456
773 2368
774 1752
775 671
776 2333
777 110
778 1067
779 2075
780 267
781 2915
782 686
783 2163
784 496
785 130
786 2902
787 1182
788 216
789 2946
790 188
791 1659
792 1585
793 834
794 496
795 905
796 1990
797 642
798 254
799 327

