222 80
0 2907
1 2678
2 1447
3 2445
4 2436
5 1021
6 1065
7 1219
8 796
9 228
10 2375
11 1773
12 381
13 1236
14 2711
15 296
16 534
17 2232
18 2497
19 123
20 1971
21 2889
22 898
23 1014
24 2450
25 1377
26 2276
27 1300
28 1823
29 1930
30 593
31 546
32 1291
33 1398
34 606
35 2768
36 549
37 10
38 76
39 2745
40 915
41 1600
42 1455
43 2044
44 367
45 2230
46 2503
47 1591
48 1246
49 896
50 2921
51 175
52 1157
53 1872
54 730
55 552
56 432
57 1442
58 1948
59 2667
60 2922
61 1149
62 1227
63 2830
64 1450
65 1754
66 549
67 2361
68 596
69 2985
70 1481
71 2271
72 2348
73 2546
74 933
75 394
76 2445
77 2678
78 1112
79 1856
80 2272
81 446
82 1545
83 2558
84 2017
85 1737
86 1498
87 1279
88 10
89 1539
90 2710
91 251
92 1308
93 525
94 2349
95 40
96 2850
97 2450
98 2443
99 2675
100 1925
101 2523
102 2167
103 1908
104 2533
105 965
106 1974
107 2418
108 1174
109 2496
110 465
111 1429
112 981
113 2970
114 1331
115 1939
116 1781
117 957
118 1070
119 229
120 2249
121 1797
122 774
123 2047
124 2978
125 499
126 1219
127 1576
128 2293
129 639
130 2922
131 1920
132 1023
133 585
134 1911
135 2453
136 322
137 1351
138 2440
139 835
140 879
141 54
142 327
143 1674
144 1170
145 2244
146 1267
147 375
148 2734
149 2668
150 2630
151 1854
152 52
153 1074
154 2317
155 214
156 2730
157 2412
158 2893
159 1634
160 2629
161 738
162 604
163 1232
164 167
165 423
166 2020
167 2426
168 149
169 2856
170 1263
171 2386
172 1440
173 622
174 1284
175 1463
176 431
177 2601
178 2430
179 270
180 1461
181 569
182 1226
183 849
184 2975
185 625
186 2633
187 1562
188 239
189 171
190 1429
191 650
192 978
193 804
194 2413
195 1414
196 2559
197 533
198 2782
199 2614
200 807
201 873
202 1792
203 450
204 582
205 924
206 154
207 288
208 1655
209 2393
210 1193
211 2710
212 2560
213 1629
214 2098
215 2536
216 1236
217 363
218 2613
219 2354
220 1045
221 2437

