257 44
0 638
1 2038
2 2591
3 1223
4 1092
5 915
6 1632
7 530
8 2927
9 2331
10 2285
11 1934
12 2342
13 2235
14 750
15 2242
16 931
17 701
18 1825
19 1135
20 758
21 1159
22 2468
23 1838
24 867
25 429
26 1260
27 2320
28 178
29 2659
30 2405
31 938
32 1674
33 2802
34 2982
35 821
36 216
37 2736
38 1297
39 49
40 1960
41 240
42 2309
43 294
44 170
45 383
46 703
47 282
48 123
49 2957
50 2611
51 2684
52 409
53 1227
54 2960
55 902
56 532
57 474
58 2100
59 2226
60 259
61 1891
62 2033
63 1433
64 1900
65 855
66 281
67 1457
68 866
69 2096
70 2757
71 1382
72 1404
73 2489
74 1990
75 2489
76 1518
77 2779
78 680
79 2405
80 2902
81 2739
82 2063
83 1079
84 1722
85 541
86 2241
87 181
88 435
89 2093
90 955
91 706
92 2885
93 1918
94 942
95 1175
96 2990
97 530
98 2172
99 71
100 822
101 1526
102 8
103 2901
104 248
105 2024
106 892
107 2192
108 1660
109 1630
110 1331
111 1018
112 1310
113 2908
114 1925
115 318
116 567
117 1507
118 1550
119 120
120 1433
121 649
122 2165
123 465
124 238
125 532
126 715
127 1459
128 1365
129 2871
130 844
131 356
132 2984
133 2051
134 1970
135 579
136 2733
137 1909
138 1198
139 2805
140 1380
141 203
142 2676
143 1684
144 2480
145 2006
146 2791
147 1648
148 2072
149 1124
150 2492
151 73
152 733
153 1819
154 439
155 2316
156 573
157 2671
158 2043
159 1213
160 2760
161 2337
162 322
163 1567
164 2083
165 3
166 2087
167 1161
168 1478
169 2545
170 1927
171 1541
172 294
173 1333
174 2315
175 88
176 2731
177 2413
178 2903
179 1738
180 1902
181 1862
182 1420
183 873
184 1536
185 2084
186 333
187 2717
188 2206
189 1668
190 1689
191 1665
192 1310
193 22
194 276
195 2329
196 2627
197 94
198 13
199 2859
200 344
201 1614
202 2152
203 2899
204 655
205 385
206 1571
207 227
208 2024
209 1635
210 2875
211 331
212 2948
213 980
214 466
215 1302
216 1070
217 965
218 1562
219 181
220 672
221 476
222 2853
223 1493
224 493
225 442
226 896
227 2229
228 726
229 2349
230 668
231 1458
232 1564
233 2029
234 2771
235 1698
236 1635
237 1479
238 1174
239 2371
240 1958
241 2345
242 1756
243 685
244 265
245 1400
246 1586
247 2300
248 1168
249 1336
250 745
251 2119
252 1708
253 2170
254 2609
255 745
256 258

