170 60
0 1936
1 1781
2 546
3 1266
4 259
5 153
6 2282
7 2118
8 993
9 350
10 2293
11 2918
12 1770
13 89
14 1829
15 60
16 2342
17 2591
18 405
19 440
20 451
21 1065
22 1957
23 2349
24 1765
25 1909
26 2431
27 1539
28 1036
29 1615
30 812
31 493
32 2138
33 2073
34 374
35 171
36 2313
37 2569
38 924
39 2944
40 1579
41 2240
42 1292
43 743
44 674
45 2436
46 2332
47 1191
48 2063
49 1484
50 1117
51 847
52 2689
53 715
54 2164
55 1486
56 2717
57 1848
58 594
59 1213
60 1035
61 1236
62 977
63 1593
64 956
65 1632
66 1297
67 311
68 1181
69 193
70 430
71 878
72 2085
73 301
74 287
75 216
76 1418
77 2433
78 876
79 127
80 610
81 146
82 2829
83 1781
84 2923
85 782
86 1970
87 222
88 1152
89 2721
90 773
91 1739
92 2768
93 1810
94 61
95 513
96 94
97 1056
98 61
99 2024
100 2756
101 1067
102 2137
103 662
104 138
105 2304
106 351
107 462
108 591
109 1300
110 831
111 2374
112 1708
113 236
114 1698
115 1025
116 2635
117 1496
118 310
119 2167
120 2201
121 497
122 651
123 399
124 2790
125 1801
126 1652
127 1544
128 1249
129 1674
130 2810
131 431
132 2544
133 712
134 1706
135 2130
136 947
137 1556
138 1512
139 2084
140 386
141 28
142 2687
143 1494
144 1964
145 2319
146 390
147 1251
148 1943
149 130
150 2343
151 421
152 958
153 1962
154 1184
155 916
156 1549
157 1836
158 1676
159 1677
160 2179
161 1958
162 44
163 2373
164 198
165 2191
166 671
167 354
168 1718
169 2189

