432 4
0 586
1 1574
2 2762
3 2864
4 2652
5 1563
6 2161
7 2346
8 1902
9 182
10 1228
11 2135
12 230
13 789
14 663
15 483
16 1285
17 1068
18 2075
19 2132
20 1229
21 1823
22 2988
23 2559
24 390
25 2638
26 1500
27 88
28 498
29 1278
30 2486
31 2383
32 1769
33 1805
34 2033
35 2433
36 363
37 2521
38 1060
39 1573
40 195
41 918
42 2388
43 2879
44 2871
45 2567
46 2301
47 459
48 371
49 2988
50 792
51 237
52 1205
53 1540
54 1508
55 265
56 1439
57 973
58 2509
59 1011
60 276
61 1687
62 1774
63 1456
64 1467
65 1031
66 1427
67 952
68 1436
69 1055
70 2466
71 1710
72 2844
73 2103
74 824
75 449
76 1461
77 1936
78 1239
79 2761
80 817
81 2969
82 1543
83 684
84 705
85 1988
86 2038
87 1873
88 2808
89 1798
90 1218
91 1708
92 2287
93 369
94 2075
95 550
96 196
97 1601
98 2377
99 2279
100 571
101 51
102 2775
103 1102
104 1749
105 2834
106 559
107 23
108 2004
109 2082
110 956
111 1933
112 314
113 1001
114 67
115 1687
116 633
117 781
118 1892
119 2738
120 752
121 2940
122 206
123 175
124 830
125 1932
126 1286
127 2760
128 252
129 1733
130 1425
131 2252
132 2723
133 2432
134 2629
135 1592
136 875
137 96
138 1769
139 71
140 609
141 2695
142 456
143 1959
144 451
145 923
146 1361
147 2825
148 1103
149 1995
150 1031
151 618
152 1523
153 1019
154 2762
155 1117
156 1710
157 1727
158 1318
159 2315
160 670
161 335
162 2743
163 126
164 1315
165 617
166 138
167 60
168 392
169 1935
170 2549
171 2188
172 2082
173 2583
174 1552
175 1087
176 2812
177 1634
178 22
179 659
180 1277
181 1441
182 701
183 819
184 1155
185 653
186 2896
187 2751
188 2344
189 377
190 1635
191 2036
192 89
193 1126
194 1854
195 2715
196 143
197 2183
198 1183
199 1114
200 2906
201 2415
202 1079
203 349
204 38
205 2757
206 124
207 1418
208 178
209 503
210 1933
211 1907
212 2387
213 659
214 264
215 259
216 2107
217 721
218 189
219 604
220 179
221 1312
222 2659
223 1453
224 2056
225 89
226 2388
227 274
228 1103
229 2731
230 105
231 970
232 1042
233 1183
234 2811
235 1801
236 1895
237 981
238 1462
239 2004
240 2235
241 1698
242 1425
243 63
244 1577
245 882
246 613
247 1143
248 1426
249 1595
250 2388
251 1056
252 2325
253 2323
254 1360
255 203
256 2426
257 155
258 2271
259 978
260 2948
261 2702
262 1054
263 2448
264 1383
265 1104
266 1012
267 817
268 1981
269 2506
270 2356
271 2383
272 816
273 1254
274 553
275 1750
276 2186
277 2461
278 2393
279 2118
280 432
281 1348
282 977
283 950
284 1837
285 1928
286 2052
287 389
288 518
289 361
290 1793
291 2834
292 1411
293 1478
294 716
295 1100
296 2226
297 1847
298 546
299 877
300 267
301 242
302 1618
303 1829
304 288
305 2459
306 2237
307 1470
308 2498
309 1560
310 2070
311 2227
312 2598
313 2708
314 1767
315 2910
316 2703
317 1635
318 2000
319 2209
320 717
321 2773
322 294
323 1950
324 2637
325 2837
326 2297
327 1895
328 1158
329 1294
330 1291
331 167
332 533
333 1569
334 2519
335 1218
336 2579
337 2480
338 1473
339 654
340 1657
341 40
342 2810
343 1076
344 779
345 2923
346 2850
347 2733
348 1281
349 2415
350 311
351 1213
352 1955
353 1774
354 2551
355 1496
356 2413
357 2782
358 2187
359 1617
360 832
361 1959
362 553
363 1704
364 1603
365 1338
366 2907
367 1296
368 178
369 2867
370 1849
371 125
372 2407
373 1899
374 1260
375 2317
376 21
377 1281
378 455
379 2468
380 1924
381 93
382 480
383 845
384 1837
385 1403
386 1042
387 920
388 602
389 2049
390 2282
391 582
392 1927
393 1284
394 79
395 406
396 454
397 2099
398 1135
399 1158
400 1482
401 2773
402 1875
403 542
404 2864
405 2341
406 201
407 2701
408 2538
409 747
410 449
411 2624
412 2127
413 2933
414 2518
415 1355
416 458
417 2834
418 1129
419 2294
420 1158
421 2256
422 2916
423 115
424 2769
425 975
426 1017
427 2139
428 2842
429 2294
430 1143
431 1558

