75 36
0 317
1 2279
2 2941
3 2012
4 319
5 166
6 376
7 837
8 2703
9 439
10 1950
11 1700
12 2569
13 478
14 1098
15 1509
16 397
17 2240
18 923
19 513
20 1932
21 163
22 1761
23 2492
24 485
25 156
26 1861
27 976
28 1337
29 127
30 684
31 1250
32 1607
33 2905
34 2543
35 1871
36 434
37 292
38 2449
39 1100
40 658
41 1673
42 1610
43 2855
44 1126
45 1009
46 1422
47 72
48 848
49 2221
50 2793
51 2902
52 1989
53 910
54 1709
55 1333
56 2315
57 2290
58 2404
59 549
60 2861
61 1028
62 945
63 755
64 2442
65 1746
66 1050
67 1605
68 2266
69 1599
70 2628
71 150
72 1513
73 2731
74 1133

