487 81
0 134
1 735
2 2871
3 2044
4 54
5 208
6 679
7 1410
8 1088
9 2804
10 2182
11 1075
12 497
13 1371
14 2187
15 2465
16 2834
17 681
18 1761
19 1719
20 2889
21 1861
22 1509
23 2261
24 543
25 726
26 1842
27 1942
28 521
29 1484
30 911
31 876
32 2006
33 388
34 2077
35 2013
36 199
37 1867
38 1443
39 410
40 1338
41 2022
42 273
43 1502
44 1625
45 83
46 562
47 1336
48 1038
49 562
50 1357
51 2872
52 40
53 1502
54 718
55 2410
56 2193
57 2886
58 1349
59 1940
60 528
61 1414
62 858
63 2118
64 2085
65 683
66 764
67 2857
68 1923
69 2905
70 616
71 1669
72 53
73 1796
74 43
75 2363
76 2976
77 2545
78 905
79 1055
80 1643
81 616
82 2966
83 2867
84 434
85 966
86 2771
87 23
88 843
89 9
90 1848
91 173
92 1595
93 1725
94 2045
95 882
96 2021
97 25
98 598
99 3
100 1921
101 1380
102 2678
103 2993
104 1799
105 1851
106 2198
107 877
108 709
109 1618
110 1256
111 2228
112 2674
113 2547
114 418
115 2499
116 2703
117 1398
118 1245
119 533
120 1567
121 1917
122 207
123 397
124 262
125 2702
126 740
127 1756
128 1903
129 1057
130 2297
131 2244
132 2509
133 2482
134 832
135 2732
136 964
137 1845
138 2657
139 1375
140 2190
141 2797
142 2733
143 1519
144 675
145 2429
146 2925
147 70
148 389
149 2032
150 2485
151 2987
152 1085
153 1371
154 1641
155 1630
156 1681
157 2512
158 1326
159 1002
160 2733
161 2058
162 2813
163 535
164 597
165 1211
166 546
167 2749
168 2278
169 2360
170 2793
171 139
172 1465
173 1073
174 1915
175 377
176 1740
177 109
178 2049
179 937
180 1976
181 2817
182 1597
183 2001
184 2479
185 475
186 139
187 1531
188 2473
189 2378
190 2899
191 2002
192 1869
193 1631
194 1156
195 1612
196 2162
197 748
198 2273
199 2972
200 2834
201 475
202 1035
203 2036
204 2466
205 704
206 1855
207 2437
208 2289
209 189
210 605
211 300
212 808
213 1647
214 1074
215 1603
216 733
217 2235
218 853
219 627
220 1727
221 1342
222 2317
223 2922
224 1327
225 1484
226 2542
227 1451
228 25
229 2772
230 2896
231 1969
232 309
233 1702
234 2318
235 243
236 1372
237 373
238 2305
239 1525
240 2874
241 2470
242 2757
243 650
244 1351
245 862
246 50
247 799
248 528
249 1537
250 2998
251 1076
252 1052
253 1018
254 2534
255 2080
256 1891
257 1871
258 199
259 2560
260 1859
261 2922
262 1450
263 614
264 412
265 2072
266 2841
267 2718
268 1801
269 1454
270 1922
271 755
272 1055
273 1159
274 1464
275 1456
276 784
277 2228
278 1242
279 1297
280 1750
281 1178
282 617
283 2692
284 1614
285 1737
286 1181
287 2433
288 701
289 1122
290 2596
291 1961
292 424
293 949
294 298
295 161
296 1610
297 2439
298 1050
299 1008
300 437
301 1771
302 893
303 968
304 2872
305 1327
306 2931
307 2916
308 642
309 2669
310 2152
311 2081
312 1405
313 2530
314 2215
315 811
316 2500
317 1593
318 1078
319 1958
320 1410
321 2980
322 294
323 1387
324 1306
325 787
326 812
327 2885
328 53
329 1548
330 2732
331 689
332 1065
333 1037
334 1969
335 1967
336 997
337 802
338 1010
339 2026
340 1685
341 1890
342 474
343 1456
344 2307
345 662
346 1841
347 1982
348 1145
349 846
350 2942
351 8
352 269
353 1629
354 2826
355 184
356 284
357 1920
358 272
359 1496
360 1051
361 2181
362 1324
363 908
364 1950
365 531
366 740
367 2782
368 2089
369 299
370 2364
371 2727
372 626
373 2246
374 944
375 834
376 1565
377 1698
378 2043
379 1452
380 2121
381 2259
382 2075
383 241
384 2654
385 2157
386 1444
387 2474
388 1745
389 2775
390 2842
391 332
392 244
393 860
394 2625
395 382
396 1243
397 1568
398 640
399 2710
400 1591
401 1243
402 2195
403 613
404 2649
405 2295
406 311
407 2790
408 1721
409 2005
410 2744
411 1244
412 170
413 2811
414 1817
415 1032
416 767
417 568
418 884
419 2525
420 2908
421 2203
422 1449
423 1371
424 1355
425 134
426 856
427 960
428 2842
429 574
430 2293
431 1558
432 2736
433 2104
434 2821
435 838
436 835
437 1667
438 109
439 2772
440 1380
441 1617
442 1948
443 368
444 1009
445 1415
446 326
447 1109
448 1581
449 2039
450 2877
451 2768
452 1292
453 239
454 1799
455 2678
456 702
457 2631
458 1952
459 748
460 2385
461 2206
462 2129
463 2450
464 318
465 1532
466 991
467 2782
468 2472
469 961
470 192
471 744
472 2333
473 2834
474 2470
475 1049
476 1062
477 1343
478 1927
479 1011
480 2740
481 690
482 65
483 1212
484 1491
485 2095
486 1373

