691 83
0 2013
1 325
2 1859
3 821
4 1438
5 458
6 1902
7 2027
8 2467
9 1381
10 2279
11 32
12 1912
13 280
14 690
15 755
16 2446
17 1927
18 2431
19 2227
20 2706
21 1811
22 2664
23 929
24 26
25 1422
26 2881
27 974
28 169
29 2230
30 1447
31 353
32 2824
33 2920
34 2279
35 2374
36 2235
37 303
38 2061
39 142
40 371
41 1500
42 2318
43 909
44 574
45 2707
46 1141
47 1248
48 1640
49 980
50 2768
51 2268
52 372
53 2220
54 2999
55 1428
56 2052
57 2081
58 1662
59 767
60 2081
61 1200
62 640
63 589
64 1450
65 1490
66 2158
67 67
68 477
69 404
70 2301
71 2792
72 1548
73 913
74 1897
75 2082
76 962
77 35
78 441
79 670
80 1261
81 1572
82 1496
83 2688
84 2330
85 2846
86 809
87 482
88 1745
89 920
90 279
91 267
92 2420
93 1822
94 2418
95 1677
96 1341
97 2893
98 2703
99 1800
100 1751
101 634
102 2632
103 501
104 2863
105 846
106 854
107 242
108 975
109 2396
110 2916
111 589
112 757
113 2032
114 232
115 657
116 886
117 705
118 1230
119 955
120 2943
121 2845
122 1736
123 2402
124 1910
125 2220
126 1404
127 345
128 1974
129 737
130 2795
131 937
132 419
133 54
134 2017
135 2486
136 245
137 427
138 1169
139 957
140 2893
141 2878
142 748
143 1357
144 2107
145 1460
146 1728
147 2542
148 2341
149 292
150 2890
151 2162
152 411
153 186
154 1264
155 630
156 1466
157 1727
158 1599
159 2042
160 2775
161 1156
162 2026
163 1427
164 2226
165 931
166 214
167 1306
168 1441
169 1999
170 2071
171 47
172 1147
173 2983
174 1457
175 439
176 2491
177 1481
178 2067
179 1205
180 1443
181 385
182 1840
183 366
184 1369
185 2213
186 1230
187 263
188 1056
189 586
190 1388
191 858
192 2562
193 438
194 2770
195 2461
196 443
197 32
198 1383
199 968
200 2570
201 2729
202 549
203 2281
204 2186
205 2618
206 1171
207 1486
208 1357
209 1591
210 327
211 479
212 832
213 1299
214 1727
215 2667
216 1763
217 1688
218 1541
219 1498
220 472
221 1453
222 1474
223 201
224 2309
225 1506
226 1198
227 2460
228 2685
229 848
230 513
231 2669
232 2789
233 1755
234 990
235 2326
236 147
237 2717
238 1715
239 1721
240 2540
241 20
242 1620
243 380
244 2041
245 2294
246 213
247 2656
248 1212
249 2221
250 5
251 2825
252 2047
253 2399
254 2174
255 742
256 1148
257 1820
258 1658
259 16
260 949
261 2439
262 2577
263 2732
264 1127
265 1680
266 2501
267 154
268 479
269 185
270 1882
271 2125
272 1647
273 391
274 2633
275 1896
276 409
277 618
278 2316
279 1786
280 569
281 632
282 1626
283 2878
284 2851
285 2963
286 2199
287 1765
288 1433
289 1396
290 1403
291 646
292 686
293 1800
294 474
295 2519
296 98
297 2583
298 2418
299 1132
300 2183
301 1485
302 307
303 2613
304 2606
305 1825
306 1556
307 118
308 2934
309 1268
310 1782
311 529
312 397
313 1587
314 1651
315 1114
316 1948
317 1008
318 910
319 2417
320 1862
321 125
322 2753
323 1038
324 255
325 962
326 1361
327 1990
328 1805
329 298
330 671
331 31
332 2716
333 1968
334 1182
335 2968
336 2134
337 20
338 1846
339 2157
340 2737
341 453
342 2743
343 2624
344 734
345 2693
346 2999
347 823
348 1588
349 266
350 2997
351 1706
352 1877
353 2644
354 290
355 78
356 178
357 2186
358 245
359 62
360 2140
361 2086
362 1838
363 1985
364 1820
365 2515
366 319
367 2181
368 738
369 104
370 1817
371 77
372 880
373 1817
374 1473
375 2517
376 62
377 45
378 1508
379 372
380 628
381 2759
382 284
383 1895
384 955
385 2124
386 999
387 594
388 1205
389 210
390 2749
391 1263
392 1563
393 2291
394 2220
395 2916
396 647
397 1908
398 1837
399 1126
400 2757
401 2537
402 1262
403 1071
404 376
405 1067
406 2094
407 1224
408 2779
409 767
410 1617
411 2601
412 1711
413 2915
414 2317
415 1947
416 1316
417 2993
418 2879
419 2038
420 1698
421 1338
422 839
423 1421
424 2978
425 760
426 1809
427 2838
428 1329
429 2921
430 1752
431 2526
432 2920
433 1076
434 939
435 2648
436 1394
437 2927
438 140
439 1970
440 1974
441 2471
442 415
443 1283
444 53
445 2111
446 2561
447 1441
448 0
449 2852
450 1338
451 51
452 2031
453 1833
454 2605
455 2263
456 2546
457 2636
458 1399
459 497
460 827
461 2750
462 884
463 2670
464 2843
465 530
466 379
467 173
468 1357
469 2855
470 1011
471 2612
472 717
473 509
474 260
475 1592
476 180
477 912
478 41
479 1792
480 2598
481 784
482 641
483 838
484 844
485 332
486 641
487 1833
488 710
489 314
490 2816
491 2325
492 56
493 2896
494 1674
495 2891
496 1074
497 2882
498 558
499 1603
500 1076
501 2516
502 348
503 2960
504 1319
505 2427
506 1227
507 1099
508 2038
509 1540
510 1533
511 1586
512 457
513 1015
514 216
515 1169
516 370
517 1323
518 1365
519 2771
520 608
521 2492
522 2674
523 337
524 1160
525 1736
526 2672
527 880
528 2582
529 2557
530 161
531 572
532 232
533 1642
534 1711
535 778
536 1876
537 1643
538 190
539 1314
540 1880
541 2382
542 2169
543 764
544 1422
545 1861
546 1136
547 368
548 2606
549 2720
550 72
551 863
552 1874
553 402
554 2103
555 1793
556 1502
557 2725
558 1576
559 2639
560 2852
561 1954
562 2179
563 544
564 2223
565 1923
566 727
567 186
568 2330
569 718
570 2572
571 535
572 1514
573 1182
574 1791
575 1303
576 2718
577 2198
578 186
579 2352
580 976
581 470
582 2812
583 2990
584 870
585 1000
586 2021
587 2144
588 920
589 1628
590 2063
591 349
592 2624
593 1594
594 2852
595 1529
596 2640
597 1979
598 2994
599 2799
600 264
601 1786
602 2689
603 1941
604 2254
605 1545
606 1125
607 1342
608 1971
609 2527
610 2079
611 275
612 725
613 2387
614 649
615 567
616 2210
617 2128
618 1495
619 1343
620 1896
621 210
622 460
623 1177
624 447
625 1143
626 354
627 702
628 90
629 64
630 1216
631 246
632 2535
633 2092
634 2830
635 2032
636 156
637 1364
638 1776
639 2987
640 1037
641 2101
642 1285
643 339
644 2165
645 34
646 1091
647 382
648 92
649 744
650 2020
651 1436
652 365
653 117
654 642
655 1439
656 1520
657 321
658 1130
659 2269
660 1859
661 1572
662 1905
663 1909
664 2225
665 1687
666 110
667 2394
668 8
669 1970
670 2976
671 837
672 764
673 113
674 1792
675 321
676 209
677 1072
678 2241
679 2251
680 178
681 2788
682 1377
683 2444
684 862
685 2550
686 1963
687 1121
688 606
689 2828
690 2069

