960 26
0 1674
1 1290
2 1511
3 2739
4 1682
5 2435
6 1713
7 1522
8 2324
9 33
10 401
11 2079
12 1208
13 2987
14 1023
15 2521
16 75
17 2462
18 594
19 1314
20 1034
21 2718
22 645
23 1922
24 2361
25 2890
26 1025
27 132
28 1527
29 2386
30 1909
31 2294
32 562
33 1977
34 2010
35 2695
36 737
37 2400
38 2100
39 2178
40 1338
41 1321
42 2047
43 2173
44 365
45 2753
46 386
47 435
48 900
49 1033
50 48
51 2758
52 1488
53 341
54 626
55 1591
56 786
57 2419
58 1510
59 424
60 1684
61 1347
62 1153
63 1943
64 2154
65 2869
66 1738
67 2640
68 2602
69 1463
70 2786
71 2558
72 791
73 1356
74 1816
75 1275
76 2386
77 1700
78 2122
79 1130
80 1607
81 1172
82 2125
83 7
84 331
85 1593
86 522
87 800
88 1729
89 2509
90 1031
91 1453
92 2046
93 2591
94 2840
95 2539
96 1772
97 2032
98 44
99 2203
100 2593
101 1602
102 640
103 187
104 2687
105 2510
106 1960
107 152
108 1568
109 362
110 2058
111 375
112 421
113 2405
114 862
115 1107
116 422
117 1302
118 1170
119 2172
120 1739
121 362
122 1580
123 2236
124 2080
125 1638
126 554
127 80
128 1107
129 607
130 946
131 1465
132 1660
133 2137
134 1488
135 1300
136 2792
137 2074
138 1300
139 2115
140 476
141 1400
142 1793
143 2861
144 2721
145 1259
146 336
147 2255
148 2095
149 1676
150 441
151 1475
152 1244
153 1835
154 2204
155 112
156 600
157 2366
158 2687
159 508
160 2195
161 1696
162 2545
163 1081
164 2787
165 2488
166 1938
167 1591
168 2989
169 2793
170 994
171 717
172 288
173 350
174 2270
175 1492
176 626
177 2247
178 2389
179 672
180 921
181 2037
182 670
183 2552
184 1555
185 1319
186 2329
187 2256
188 305
189 104
190 1622
191 2733
192 148
193 2524
194 2781
195 298
196 2822
197 234
198 2987
199 921
200 1010
201 1947
202 476
203 652
204 701
205 1448
206 960
207 954
208 2875
209 2389
210 35
211 2940
212 2996
213 93
214 1515
215 1783
216 2169
217 481
218 2900
219 2085
220 440
221 1297
222 2724
223 1756
224 453
225 620
226 1492
227 459
228 170
229 1264
230 2908
231 1121
232 576
233 2425
234 453
235 443
236 1959
237 1969
238 945
239 903
240 1703
241 1011
242 2557
243 788
244 491
245 1052
246 1446
247 1495
248 1934
249 2014
250 2164
251 2922
252 2775
253 306
254 468
255 488
256 1421
257 486
258 524
259 2555
260 2145
261 1929
262 2505
263 412
264 326
265 2378
266 2612
267 1598
268 199
269 1044
270 229
271 673
272 1897
273 2284
274 2421
275 2505
276 2055
277 1414
278 1391
279 2095
280 1135
281 81
282 2323
283 894
284 1306
285 2929
286 256
287 549
288 2463
289 1117
290 521
291 873
292 1953
293 2220
294 1809
295 2342
296 731
297 1452
298 693
299 2609
300 1803
301 950
302 2138
303 753
304 27
305 1340
306 554
307 1926
308 1399
309 1227
310 2689
311 2679
312 1691
313 2872
314 1714
315 393
316 1065
317 2282
318 1807
319 2903
320 290
321 618
322 341
323 1740
324 777
325 1609
326 564
327 1824
328 74
329 2986
330 1083
331 1501
332 1616
333 1803
334 1128
335 202
336 2170
337 1210
338 2334
339 1337
340 2913
341 2023
342 2335
343 619
344 1579
345 807
346 832
347 2681
348 2019
349 582
350 2885
351 2751
352 941
353 2995
354 1402
355 1897
356 978
357 2847
358 1634
359 1229
360 1743
361 234
362 909
363 1803
364 125
365 2412
366 1558
367 1390
368 2557
369 2164
370 258
371 1157
372 2391
373 198
374 1773
375 1354
376 1653
377 1993
378 2719
379 1082
380 2752
381 2042
382 1462
383 239
384 1849
385 2400
386 34
387 2858
388 203
389 2465
390 2955
391 2943
392 2847
393 1246
394 1197
395 2548
396 303
397 2901
398 193
399 2047
400 1839
401 2798
402 1702
403 1193
404 608
405 849
406 452
407 2427
408 820
409 184
410 1452
411 1564
412 139
413 1149
414 1929
415 78
416 251
417 1641
418 1406
419 2427
420 721
421 1589
422 404
423 1128
424 2699
425 333
426 265
427 709
428 1559
429 1192
430 659
431 680
432 344
433 1136
434 1447
435 2073
436 1109
437 1205
438 1943
439 1710
440 757
441 2123
442 1102
443 271
444 2273
445 1196
446 821
447 420
448 2010
449 446
450 855
451 2587
452 2399
453 1132
454 2578
455 711
456 510
457 1206
458 2743
459 410
460 1125
461 1662
462 685
463 668
464 464
465 1625
466 1561
467 2287
468 151
469 917
470 1600
471 2708
472 198
473 1790
474 1613
475 1653
476 71
477 2072
478 1888
479 1387
480 2076
481 1997
482 1078
483 189
484 2977
485 2422
486 70
487 1333
488 1971
489 2722
490 2658
491 205
492 427
493 2505
494 2053
495 992
496 1026
497 345
498 553
499 439
500 779
501 467
502 711
503 2846
504 569
505 1523
506 970
507 1340
508 456
509 598
510 1173
511 717
512 2176
513 2781
514 1444
515 2411
516 747
517 1064
518 2848
519 2288
520 2342
521 501
522 1075
523 1554
524 2725
525 2688
526 2587
527 1211
528 2760
529 2988
530 879
531 1791
532 140
533 2915
534 838
535 1628
536 936
537 217
538 2267
539 2127
540 191
541 98
542 2344
543 861
544 27
545 2159
546 1552
547 2283
548 457
549 2209
550 2768
551 1328
552 1535
553 1443
554 1407
555 13
556 1686
557 1945
558 1615
559 1353
560 2466
561 2174
562 1969
563 381
564 671
565 364
566 2818
567 2104
568 1981
569 63
570 2203
571 2019
572 2774
573 1369
574 2463
575 2574
576 1380
577 1433
578 1342
579 1343
580 432
581 2710
582 2195
583 2784
584 2376
585 523
586 1900
587 1741
588 454
589 1255
590 440
591 2989
592 1664
593 821
594 665
595 2894
596 45
597 1864
598 2674
599 1660
600 1663
601 2851
602 346
603 386
604 770
605 971
606 1074
607 1354
608 1154
609 2878
610 62
611 1516
612 2021
613 129
614 1367
615 60
616 2591
617 928
618 331
619 1011
620 44
621 1406
622 278
623 502
624 1113
625 2405
626 1461
627 1978
628 1110
629 366
630 692
631 2500
632 2908
633 1695
634 959
635 1206
636 1540
637 366
638 1249
639 1678
640 1630
641 1488
642 2057
643 303
644 2690
645 2115
646 1134
647 1291
648 1298
649 2066
650 191
651 2407
652 292
653 2930
654 2049
655 1918
656 722
657 1461
658 811
659 2029
660 2924
661 412
662 1764
663 1804
664 2407
665 950
666 2081
667 1207
668 1347
669 1558
670 20
671 746
672 2554
673 2813
674 476
675 203
676 344
677 410
678 2629
679 1918
680 816
681 1468
682 2926
683 2194
684 13
685 2308
686 2703
687 1992
688 540
689 269
690 1949
691 2811
692 332
693 2587
694 432
695 1797
696 597
697 658
698 963
699 292
700 1940
701 2958
702 2195
703 2896
704 2410
705 2455
706 805
707 438
708 2035
709 1349
710 2202
711 1005
712 2935
713 1608
714 1457
715 1548
716 174
717 2457
718 2090
719 1189
720 2051
721 2574
722 2156
723 209
724 505
725 1387
726 840
727 218
728 1429
729 1480
730 1760
731 1544
732 267
733 186
734 1630
735 2013
736 1314
737 319
738 2926
739 1822
740 395
741 1570
742 2343
743 2078
744 1757
745 2262
746 80
747 2638
748 2144
749 1893
750 2080
751 802
752 57
753 1226
754 2624
755 1381
756 2196
757 2265
758 2487
759 232
760 748
761 1023
762 1287
763 222
764 1035
765 1671
766 2110
767 2823
768 2250
769 853
770 164
771 1660
772 590
773 2402
774 807
775 2613
776 1347
777 1041
778 688
779 2214
780 2239
781 2554
782 2144
783 2062
784 1032
785 1384
786 589
787 1833
788 1335
789 1850
790 2268
791 2224
792 979
793 1201
794 2587
795 2384
796 2534
797 1151
798 2198
799 2262
800 2727
801 143
802 283
803 1402
804 1465
805 1795
806 2366
807 1008
808 1655
809 1409
810 1804
811 1024
812 944
813 729
814 238
815 203
816 2026
817 2351
818 972
819 2531
820 186
821 1039
822 1481
823 1298
824 445
825 2306
826 985
827 2193
828 178
829 852
830 1539
831 1959
832 992
833 1767
834 379
835 154
836 1141
837 2714
838 460
839 204
840 1723
841 2625
842 1768
843 55
844 825
845 1863
846 2479
847 350
848 1214
849 2618
850 291
851 2673
852 2958
853 1685
854 426
855 1551
856 987
857 2809
858 2073
859 633
860 800
861 741
862 664
863 2927
864 1854
865 1993
866 1318
867 875
868 688
869 425
870 793
871 1463
872 584
873 379
874 869
875 2821
876 1961
877 378
878 1771
879 1652
880 1058
881 1438
882 1504
883 1566
884 1873
885 284
886 2492
887 2699
888 2394
889 1770
890 184
891 1316
892 1891
893 137
894 2011
895 1804
896 2952
897 462
898 293
899 696
900 1367
901 2450
902 2027
903 2497
904 841
905 593
906 936
907 950
908 863
909 1651
910 2868
911 2349
912 2414
913 2135
914 2975
915 2352
916 1889
917 1235
918 1690
919 1916
920 671
921 1322
922 1197
923 2192
924 1091
925 1511
926 822
927 2569
928 208
929 1996
930 822
931 464
932 1416
933 1269
934 31
935 19
936 1606
937 1911
938 2161
939 2224
940 1178
941 1468
942 2421
943 1573
944 1431
945 2352
946 2596
947 2852
948 415
949 577
950 2874
951 1464
952 1453
953 25
954 629
955 896
956 1000
957 2028
958 1060
959 1065

