616 35
0 1284
1 1805
2 2440
3 2212
4 1396
5 790
6 323
7 283
8 1710
9 1561
10 2203
11 1044
12 359
13 1280
14 948
15 690
16 640
17 1770
18 757
19 2430
20 2623
21 1727
22 134
23 133
24 56
25 2276
26 2071
27 1804
28 353
29 2257
30 180
31 2655
32 2246
33 196
34 1630
35 683
36 815
37 1646
38 1564
39 2267
40 1207
41 1144
42 1177
43 2520
44 779
45 69
46 185
47 1510
48 769
49 2349
50 2211
51 2199
52 2352
53 1766
54 1253
55 2090
56 1871
57 43
58 1418
59 289
60 178
61 2705
62 20
63 1742
64 2699
65 785
66 163
67 307
68 790
69 2532
70 175
71 1028
72 2785
73 13
74 1273
75 1458
76 1171
77 1125
78 532
79 205
80 555
81 1941
82 2133
83 940
84 1332
85 2062
86 365
87 1068
88 1240
89 1700
90 738
91 1832
92 551
93 1793
94 1621
95 90
96 2454
97 2006
98 637
99 2338
100 2845
101 2063
102 1475
103 2600
104 1167
105 1480
106 773
107 2187
108 1140
109 1421
110 2039
111 1610
112 2087
113 1013
114 1967
115 1701
116 2153
117 2344
118 2945
119 1223
120 2674
121 2146
122 554
123 2606
124 2995
125 1854
126 1705
127 2682
128 2398
129 201
130 208
131 1783
132 1095
133 2157
134 2203
135 1429
136 1721
137 493
138 1513
139 2936
140 1450
141 1951
142 2181
143 2519
144 2601
145 2847
146 1421
147 1347
148 282
149 2828
150 2124
151 555
152 2791
153 907
154 490
155 198
156 1904
157 845
158 1013
159 2486
160 1833
161 1665
162 2564
163 1807
164 2468
165 1108
166 2670
167 2418
168 1581
169 1801
170 1486
171 155
172 39
173 775
174 2124
175 2203
176 603
177 921
178 305
179 2450
180 2935
181 2599
182 1666
183 1751
184 988
185 170
186 2837
187 2083
188 2446
189 424
190 2500
191 598
192 668
193 861
194 1813
195 1118
196 1837
197 1796
198 2703
199 763
200 1048
201 1856
202 611
203 2673
204 1738
205 531
206 1638
207 320
208 147
209 794
210 2075
211 2596
212 1817
213 2671
214 1183
215 2459
216 2065
217 2691
218 2127
219 1426
220 2305
221 2219
222 502
223 172
224 1434
225 2875
226 1046
227 974
228 2914
229 499
230 1964
231 2527
232 954
233 961
234 618
235 1890
236 1933
237 1545
238 445
239 2661
240 2940
241 754
242 1376
243 214
244 1024
245 1931
246 469
247 2888
248 1610
249 2691
250 185
251 1781
252 78
253 1269
254 792
255 1713
256 631
257 1654
258 493
259 2576
260 1813
261 2294
262 954
263 302
264 778
265 2008
266 705
267 1038
268 699
269 2257
270 2600
271 565
272 2492
273 1005
274 974
275 2149
276 456
277 1479
278 2940
279 2390
280 183
281 661
282 467
283 902
284 1774
285 1445
286 2536
287 2547
288 1891
289 2935
290 1813
291 1371
292 2992
293 2942
294 1530
295 804
296 2426
297 1667
298 1607
299 375
300 489
301 176
302 2366
303 908
304 599
305 441
306 940
307 2125
308 1142
309 2277
310 1185
311 2318
312 1520
313 2561
314 275
315 451
316 2607
317 409
318 2082
319 2522
320 2831
321 273
322 2191
323 2193
324 2536
325 2176
326 894
327 2914
328 281
329 1298
330 1078
331 1022
332 2656
333 2395
334 2600
335 1795
336 217
337 2230
338 1399
339 169
340 329
341 852
342 1073
343 852
344 1684
345 2265
346 2927
347 1493
348 158
349 2276
350 1699
351 2399
352 1924
353 1523
354 2527
355 233
356 1282
357 1854
358 1052
359 1229
360 32
361 1709
362 1374
363 2870
364 2792
365 2811
366 1178
367 1667
368 1490
369 757
370 2536
371 887
372 2451
373 1545
374 1863
375 2183
376 156
377 2340
378 2999
379 2733
380 583
381 2547
382 2672
383 1534
384 826
385 109
386 1477
387 101
388 1079
389 698
390 2803
391 590
392 2031
393 2966
394 1570
395 1186
396 1471
397 1057
398 2765
399 2624
400 670
401 226
402 2224
403 1630
404 405
405 2286
406 1480
407 2425
408 542
409 791
410 1949
411 2234
412 1086
413 565
414 963
415 2589
416 1668
417 2531
418 2552
419 563
420 1953
421 2643
422 539
423 2771
424 2969
425 761
426 478
427 9
428 2560
429 2341
430 2134
431 1179
432 2604
433 2493
434 1900
435 454
436 308
437 633
438 1206
439 1830
440 668
441 1331
442 2770
443 2009
444 525
445 61
446 2733
447 271
448 1760
449 1093
450 2492
451 2518
452 2413
453 279
454 922
455 2217
456 2066
457 1784
458 2396
459 738
460 2824
461 64
462 1359
463 908
464 2404
465 11
466 639
467 2718
468 2741
469 917
470 426
471 1658
472 1886
473 245
474 2557
475 1387
476 298
477 2626
478 857
479 119
480 1211
481 1437
482 2784
483 539
484 353
485 2296
486 575
487 2038
488 1286
489 1868
490 1031
491 197
492 908
493 2916
494 2149
495 1266
496 657
497 420
498 1054
499 2960
500 1106
501 2756
502 2767
503 1962
504 715
505 577
506 2763
507 78
508 2489
509 310
510 990
511 2556
512 22
513 1982
514 1372
515 1993
516 2541
517 2406
518 1531
519 2774
520 2297
521 2870
522 1358
523 315
524 164
525 637
526 2950
527 2724
528 2714
529 2491
530 1497
531 1051
532 2882
533 262
534 2732
535 422
536 132
537 2191
538 2231
539 2971
540 258
541 959
542 1832
543 2391
544 2873
545 1396
546 1290
547 1546
548 2020
549 1940
550 2063
551 465
552 1404
553 2649
554 176
555 473
556 1550
557 919
558 417
559 979
560 197
561 1185
562 1023
563 2307
564 2846
565 2076
566 1966
567 485
568 1158
569 1992
570 1386
571 1588
572 2783
573 2380
574 1195
575 2170
576 1996
577 5
578 2853
579 2255
580 2643
581 200
582 1875
583 2774
584 1670
585 1612
586 2833
587 2606
588 1556
589 719
590 2337
591 2276
592 1460
593 2373
594 2833
595 379
596 1943
597 1847
598 1662
599 262
600 1134
601 1340
602 1743
603 1802
604 2429
605 98
606 1963
607 580
608 365
609 251
610 2298
611 2980
612 509
613 2576
614 414
615 1141

