399 41
0 2362
1 206
2 2144
3 640
4 729
5 971
6 1523
7 387
8 128
9 2387
10 78
11 2003
12 1260
13 353
14 2117
15 536
16 288
17 1844
18 2420
19 604
20 786
21 2654
22 1831
23 161
24 193
25 2547
26 1779
27 1059
28 1349
29 775
30 1563
31 2828
32 1136
33 2650
34 669
35 151
36 480
37 613
38 639
39 1213
40 36
41 1290
42 922
43 2392
44 1310
45 1124
46 2293
47 1338
48 968
49 2249
50 459
51 2762
52 1487
53 985
54 11
55 389
56 879
57 2611
58 2772
59 1824
60 2649
61 2550
62 17
63 512
64 2092
65 2404
66 2686
67 1383
68 249
69 1871
70 729
71 2425
72 1260
73 874
74 2821
75 1406
76 2906
77 1658
78 2056
79 2086
80 1006
81 1592
82 2101
83 1704
84 1891
85 2093
86 976
87 1047
88 458
89 2688
90 217
91 1561
92 1224
93 1247
94 230
95 1796
96 2814
97 2906
98 926
99 833
100 211
101 1605
102 1497
103 667
104 1312
105 2569
106 1316
107 779
108 2734
109 757
110 821
111 2525
112 52
113 1464
114 76
115 2362
116 2088
117 194
118 1831
119 373
120 2064
121 1499
122 1378
123 1710
124 1493
125 2052
126 2234
127 276
128 1555
129 2716
130 1251
131 2592
132 972
133 2007
134 1916
135 764
136 2058
137 2709
138 274
139 1856
140 795
141 459
142 97
143 1265
144 2053
145 2249
146 1083
147 2970
148 912
149 520
150 1766
151 117
152 678
153 1848
154 2771
155 1256
156 2047
157 937
158 2428
159 23
160 988
161 2763
162 851
163 15
164 1292
165 2486
166 1272
167 1755
168 905
169 2328
170 2307
171 614
172 1264
173 1820
174 1076
175 796
176 1872
177 508
178 458
179 1527
180 1409
181 1959
182 2269
183 2401
184 1152
185 2347
186 666
187 1899
188 819
189 1072
190 2858
191 41
192 2442
193 2280
194 2076
195 1613
196 1485
197 1134
198 206
199 458
200 957
201 1313
202 2256
203 1617
204 2819
205 165
206 2885
207 1736
208 730
209 1131
210 1262
211 2464
212 516
213 943
214 2921
215 2173
216 362
217 1044
218 2436
219 1466
220 1836
221 1673
222 1728
223 2010
224 2921
225 1491
226 14
227 1384
228 1313
229 2452
230 1227
231 761
232 526
233 2583
234 2458
235 347
236 1512
237 1329
238 665
239 1842
240 1055
241 1656
242 2
243 2367
244 0
245 141
246 79
247 1439
248 1819
249 2994
250 436
251 326
252 660
253 1604
254 2507
255 1757
256 2882
257 1339
258 1455
259 962
260 1266
261 551
262 2103
263 996
264 330
265 2923
266 625
267 39
268 1712
269 659
270 2844
271 539
272 2109
273 265
274 2477
275 766
276 1780
277 2073
278 1376
279 1127
280 1568
281 2075
282 1858
283 1549
284 1732
285 2027
286 682
287 1926
288 2066
289 383
290 1903
291 2
292 2223
293 2046
294 2226
295 1266
296 2023
297 2902
298 286
299 2637
300 900
301 1833
302 282
303 120
304 2562
305 1792
306 467
307 1112
308 2072
309 681
310 938
311 1462
312 2974
313 200
314 951
315 2630
316 2568
317 2504
318 95
319 174
320 1776
321 2804
322 2906
323 658
324 1759
325 2192
326 2017
327 1636
328 1943
329 126
330 702
331 1753
332 2201
333 2776
334 1514
335 1850
336 2888
337 13
338 1346
339 2088
340 1617
341 2348
342 1142
343 579
344 142
345 1777
346 1895
347 2828
348 1289
349 1220
350 2258
351 2758
352 2767
353 1505
354 2036
355 388
356 353
357 1312
358 2891
359 1189
360 647
361 848
362 1218
363 194
364 243
365 1378
366 1653
367 2638
368 888
369 788
370 1506
371 26
372 1220
373 2442
374 1956
375 160
376 2618
377 1708
378 564
379 109
380 1136
381 2949
382 456
383 897
384 2864
385 2499
386 2631
387 894
388 1480
389 637
390 1774
391 317
392 294
393 2230
394 2236
395 202
396 1338
397 1502
398 2644

