575 16
0 2929
1 2203
2 1267
3 2386
4 1124
5 2298
6 2543
7 659
8 2311
9 2944
10 1869
11 2402
12 470
13 97
14 1712
15 2758
16 1417
17 1906
18 1653
19 1302
20 434
21 1903
22 2787
23 2282
24 585
25 1866
26 2332
27 853
28 2016
29 786
30 2212
31 1058
32 2987
33 2249
34 94
35 2493
36 2618
37 2271
38 1499
39 967
40 649
41 811
42 819
43 24
44 757
45 2790
46 1850
47 440
48 2145
49 2319
50 1333
51 318
52 2846
53 1941
54 458
55 569
56 2839
57 1745
58 2034
59 2424
60 1604
61 464
62 2501
63 2700
64 979
65 1639
66 768
67 1376
68 2945
69 2345
70 2681
71 2450
72 2903
73 941
74 2948
75 2186
76 1493
77 1122
78 73
79 1139
80 2966
81 1787
82 1517
83 444
84 2111
85 737
86 1684
87 2591
88 912
89 1163
90 2271
91 2037
92 2449
93 1560
94 1661
95 432
96 313
97 497
98 1698
99 170
100 1381
101 1217
102 1759
103 786
104 2755
105 2224
106 242
107 590
108 641
109 1709
110 1677
111 591
112 12
113 2870
114 1215
115 1249
116 2302
117 1086
118 1404
119 1566
120 2657
121 1862
122 2988
123 2676
124 2172
125 2767
126 1604
127 1562
128 1280
129 2905
130 1185
131 775
132 2133
133 2020
134 1504
135 837
136 1454
137 889
138 2862
139 1211
140 804
141 391
142 2171
143 1536
144 405
145 1345
146 508
147 971
148 522
149 1972
150 965
151 2179
152 1939
153 99
154 1837
155 688
156 2256
157 604
158 1902
159 1593
160 2719
161 160
162 574
163 1510
164 2847
165 2238
166 1600
167 2977
168 2087
169 1039
170 332
171 2848
172 31
173 2237
174 772
175 1785
176 1287
177 327
178 111
179 515
180 2013
181 877
182 636
183 33
184 2413
185 549
186 1633
187 112
188 2353
189 326
190 2205
191 1019
192 699
193 2336
194 1660
195 571
196 819
197 1264
198 1189
199 1328
200 1538
201 550
202 1478
203 706
204 2036
205 242
206 12
207 2054
208 284
209 424
210 473
211 825
212 726
213 1013
214 2169
215 1433
216 737
217 2354
218 928
219 2507
220 1992
221 2680
222 2340
223 1727
224 1199
225 2988
226 1296
227 1439
228 732
229 84
230 517
231 1727
232 2587
233 2603
234 634
235 98
236 1250
237 49
238 1760
239 2748
240 2647
241 2097
242 793
243 1408
244 1983
245 202
246 1410
247 2874
248 2690
249 2593
250 1111
251 1529
252 2965
253 195
254 1322
255 2000
256 2053
257 1347
258 2616
259 2380
260 2014
261 2782
262 2084
263 2894
264 433
265 177
266 2176
267 2337
268 1153
269 1311
270 855
271 440
272 2410
273 1663
274 835
275 1344
276 1664
277 1240
278 1133
279 172
280 85
281 1405
282 1905
283 920
284 1805
285 2367
286 30
287 1374
288 1146
289 2636
290 1851
291 1175
292 846
293 179
294 2200
295 963
296 2684
297 18
298 184
299 255
300 2057
301 2897
302 1752
303 2762
304 2769
305 2315
306 1813
307 2845
308 831
309 2252
310 108
311 906
312 1067
313 54
314 1168
315 531
316 1843
317 2016
318 1229
319 832
320 2144
321 2714
322 1064
323 1531
324 682
325 1774
326 101
327 1050
328 1806
329 2624
330 1573
331 1236
332 239
333 1410
334 209
335 46
336 1893
337 1793
338 35
339 1576
340 1563
341 1443
342 744
343 779
344 548
345 916
346 1065
347 2371
348 652
349 2758
350 674
351 646
352 96
353 835
354 2010
355 2833
356 2832
357 884
358 1479
359 1805
360 2986
361 1103
362 1267
363 440
364 1894
365 202
366 1333
367 1287
368 739
369 2471
370 1619
371 109
372 1368
373 2909
374 1479
375 1283
376 2744
377 1449
378 431
379 1498
380 1485
381 1784
382 2927
383 676
384 1718
385 1451
386 2154
387 2935
388 80
389 1351
390 1277
391 1385
392 650
393 1891
394 1946
395 601
396 160
397 217
398 1788
399 2211
400 472
401 1161
402 2303
403 2180
404 2387
405 1806
406 2711
407 2208
408 414
409 2438
410 1270
411 2542
412 1267
413 2196
414 592
415 2165
416 1427
417 1446
418 664
419 243
420 1335
421 2257
422 1553
423 871
424 2946
425 1473
426 1186
427 1130
428 2330
429 892
430 988
431 1339
432 909
433 84
434 1036
435 1540
436 1879
437 179
438 117
439 2255
440 1167
441 385
442 780
443 2620
444 954
445 2295
446 481
447 190
448 2196
449 117
450 1146
451 45
452 1222
453 1703
454 441
455 2964
456 2291
457 1720
458 1846
459 1276
460 2168
461 427
462 2243
463 2879
464 841
465 557
466 1042
467 694
468 1456
469 1078
470 2205
471 1252
472 1471
473 465
474 712
475 1162
476 2647
477 761
478 1818
479 2301
480 627
481 227
482 2313
483 2970
484 428
485 1507
486 1036
487 1684
488 56
489 2324
490 389
491 89
492 2936
493 299
494 1451
495 2756
496 842
497 39
498 1254
499 961
500 1733
501 1161
502 1565
503 2678
504 841
505 2664
506 2239
507 188
508 2079
509 1677
510 96
511 916
512 479
513 2162
514 2289
515 1495
516 1079
517 2469
518 717
519 1871
520 2786
521 2496
522 2996
523 1152
524 158
525 889
526 2758
527 2762
528 158
529 498
530 1593
531 2111
532 2838
533 489
534 2134
535 944
536 2279
537 2342
538 665
539 10
540 2966
541 1949
542 2960
543 1695
544 2477
545 1375
546 2580
547 2294
548 2331
549 2743
550 272
551 2762
552 2240
553 391
554 2048
555 2406
556 2817
557 2298
558 82
559 647
560 201
561 504
562 366
563 498
564 913
565 2340
566 1870
567 2611
568 1317
569 2209
570 2227
571 1262
572 969
573 1563
574 1212

