866 15
0 2208
1 1982
2 120
3 2217
4 2705
5 2219
6 1916
7 2257
8 2979
9 1286
10 533
11 1801
12 1084
13 871
14 2506
15 1093
16 2114
17 1467
18 1231
19 2768
20 938
21 2416
22 1918
23 2371
24 2127
25 496
26 1187
27 2320
28 763
29 2166
30 149
31 2932
32 504
33 1467
34 2789
35 575
36 1395
37 1091
38 336
39 2772
40 346
41 2998
42 907
43 1477
44 2501
45 542
46 1525
47 160
48 744
49 2063
50 2000
51 2928
52 1194
53 58
54 2695
55 1295
56 1663
57 2376
58 2111
59 2672
60 2470
61 1593
62 2962
63 1168
64 1119
65 733
66 2389
67 1109
68 2366
69 928
70 2787
71 552
72 2565
73 2676
74 2610
75 2340
76 1432
77 2575
78 1214
79 1608
80 1440
81 2142
82 1905
83 1502
84 1885
85 906
86 1901
87 2655
88 372
89 1059
90 827
91 530
92 1152
93 2118
94 562
95 950
96 1788
97 30
98 2970
99 544
100 272
101 1636
102 610
103 1572
104 601
105 2675
106 579
107 250
108 1426
109 2321
110 1365
111 833
112 1177
113 1833
114 2199
115 584
116 1587
117 2478
118 676
119 223
120 566
121 2623
122 516
123 907
124 2886
125 1289
126 2487
127 2301
128 768
129 789
130 401
131 162
132 2540
133 1843
134 1980
135 588
136 1536
137 2145
138 1969
139 2449
140 1340
141 1998
142 748
143 1835
144 518
145 1340
146 1257
147 2132
148 522
149 1479
150 2181
151 292
152 2081
153 1129
154 1849
155 1043
156 1565
157 2141
158 368
159 1019
160 2865
161 635
162 1413
163 2369
164 259
165 2410
166 315
167 906
168 2062
169 862
170 1364
171 228
172 500
173 2130
174 232
175 928
176 2104
177 660
178 1742
179 1515
180 2260
181 2816
182 216
183 2205
184 669
185 1584
186 2596
187 178
188 607
189 2015
190 2454
191 2752
192 801
193 1641
194 1187
195 446
196 1519
197 2690
198 947
199 1362
200 2347
201 1238
202 3
203 2665
204 191
205 1482
206 56
207 2579
208 1849
209 404
210 1265
211 501
212 2772
213 2605
214 2183
215 2338
216 2804
217 1562
218 1494
219 1307
220 474
221 997
222 1847
223 950
224 584
225 2890
226 497
227 1214
228 1042
229 1736
230 1113
231 2902
232 2379
233 1411
234 1318
235 80
236 2664
237 203
238 1730
239 21
240 2550
241 2002
242 1491
243 1396
244 2636
245 2768
246 276
247 1466
248 2372
249 114
250 1040
251 830
252 414
253 1580
254 744
255 962
256 1187
257 1363
258 2940
259 272
260 299
261 1135
262 681
263 1914
264 2650
265 1568
266 962
267 1597
268 1302
269 1822
270 480
271 1899
272 2267
273 2783
274 2022
275 2
276 262
277 2253
278 2361
279 1711
280 1345
281 1506
282 2206
283 100
284 393
285 1150
286 1113
287 1873
288 1754
289 2348
290 774
291 267
292 578
293 1148
294 274
295 1044
296 2021
297 364
298 2251
299 2785
300 2220
301 1626
302 260
303 1622
304 374
305 407
306 546
307 1702
308 2380
309 1322
310 1308
311 1325
312 1791
313 1003
314 164
315 2915
316 2554
317 2713
318 2701
319 1770
320 2083
321 1917
322 1599
323 2113
324 1945
325 252
326 2415
327 929
328 1824
329 448
330 2684
331 1229
332 298
333 368
334 248
335 1083
336 2684
337 2307
338 2466
339 383
340 181
341 1546
342 40
343 2941
344 2411
345 246
346 100
347 11
348 62
349 328
350 1707
351 70
352 2543
353 2942
354 1118
355 2538
356 995
357 2028
358 1911
359 2652
360 544
361 73
362 1934
363 1194
364 1991
365 1802
366 2732
367 444
368 803
369 2456
370 580
371 2082
372 2933
373 2315
374 1379
375 690
376 606
377 1960
378 95
379 1560
380 843
381 2763
382 2885
383 1457
384 660
385 2813
386 2873
387 600
388 1345
389 2796
390 367
391 2864
392 724
393 900
394 1093
395 2561
396 1463
397 1413
398 1349
399 235
400 360
401 150
402 1339
403 2795
404 1359
405 1815
406 2700
407 2577
408 43
409 833
410 360
411 2813
412 2495
413 1338
414 2505
415 1075
416 1360
417 461
418 2452
419 953
420 624
421 735
422 137
423 1695
424 1625
425 1155
426 2250
427 2587
428 2625
429 1298
430 1256
431 2976
432 2928
433 1880
434 748
435 546
436 2071
437 2225
438 359
439 1271
440 131
441 534
442 2134
443 2538
444 2516
445 170
446 2602
447 1798
448 743
449 2238
450 1635
451 1747
452 1175
453 1762
454 2878
455 1839
456 2797
457 1253
458 117
459 2901
460 2363
461 863
462 745
463 2359
464 1716
465 2962
466 1326
467 2116
468 787
469 2359
470 953
471 2268
472 766
473 2149
474 2423
475 2487
476 2831
477 2153
478 274
479 950
480 2447
481 2841
482 1771
483 597
484 2326
485 1737
486 1902
487 876
488 1880
489 429
490 134
491 622
492 743
493 1646
494 1645
495 684
496 2897
497 629
498 2197
499 640
500 26
501 2436
502 1944
503 1735
504 2481
505 970
506 541
507 245
508 749
509 2919
510 1429
511 2777
512 1168
513 96
514 2339
515 1429
516 1178
517 2068
518 505
519 1581
520 2131
521 346
522 2902
523 2305
524 1201
525 1015
526 2707
527 1682
528 2792
529 682
530 1113
531 704
532 422
533 1620
534 2786
535 1203
536 107
537 1150
538 406
539 2466
540 1919
541 223
542 2026
543 178
544 2382
545 1570
546 2795
547 794
548 876
549 2034
550 387
551 1617
552 2528
553 1967
554 2982
555 2069
556 2145
557 2181
558 1637
559 2327
560 86
561 2609
562 2608
563 2891
564 1514
565 1144
566 1824
567 995
568 598
569 1009
570 2919
571 1486
572 2702
573 1243
574 2151
575 2293
576 2600
577 263
578 2284
579 742
580 30
581 2478
582 597
583 127
584 1864
585 548
586 555
587 1570
588 1657
589 2850
590 1433
591 2968
592 2253
593 61
594 2117
595 701
596 675
597 1569
598 621
599 2036
600 1746
601 1865
602 2369
603 1217
604 2029
605 1601
606 809
607 2623
608 1088
609 1843
610 386
611 873
612 714
613 845
614 2315
615 295
616 293
617 1074
618 599
619 36
620 2931
621 1749
622 1782
623 2087
624 2416
625 1298
626 2271
627 578
628 1204
629 797
630 1244
631 2265
632 439
633 2079
634 2866
635 481
636 2438
637 849
638 1868
639 1833
640 1100
641 2661
642 2484
643 1705
644 347
645 1951
646 547
647 1992
648 2252
649 1819
650 1919
651 1402
652 2048
653 243
654 2145
655 1930
656 154
657 111
658 516
659 218
660 1428
661 453
662 1034
663 2162
664 478
665 359
666 2275
667 1714
668 1080
669 1719
670 2086
671 2122
672 1507
673 1855
674 2629
675 957
676 580
677 984
678 2335
679 2581
680 345
681 2882
682 1345
683 2641
684 1841
685 2288
686 1077
687 1914
688 2649
689 2108
690 926
691 1514
692 1033
693 737
694 637
695 2551
696 965
697 616
698 976
699 942
700 1487
701 2911
702 1937
703 2558
704 1194
705 2565
706 953
707 1115
708 369
709 1129
710 84
711 2885
712 2382
713 2553
714 1930
715 39
716 1386
717 163
718 734
719 805
720 1653
721 1525
722 2143
723 826
724 1364
725 2583
726 958
727 2421
728 1163
729 1955
730 2959
731 2103
732 1324
733 2597
734 2840
735 1452
736 40
737 876
738 1405
739 2651
740 488
741 2504
742 117
743 2974
744 930
745 2101
746 1397
747 2131
748 1256
749 2138
750 264
751 2467
752 1908
753 1767
754 1066
755 184
756 106
757 1098
758 1236
759 2835
760 2735
761 1162
762 1061
763 2231
764 27
765 906
766 1721
767 2363
768 1102
769 41
770 732
771 1181
772 2431
773 1210
774 1512
775 1246
776 1937
777 144
778 2490
779 2421
780 2295
781 375
782 999
783 408
784 619
785 1359
786 2544
787 2574
788 2328
789 584
790 1434
791 512
792 642
793 837
794 1068
795 2471
796 2115
797 2815
798 1300
799 2526
800 2381
801 1630
802 1825
803 126
804 769
805 68
806 264
807 2174
808 1406
809 15
810 2100
811 38
812 1932
813 185
814 372
815 483
816 2749
817 1235
818 970
819 900
820 697
821 2444
822 673
823 716
824 830
825 2358
826 1860
827 788
828 1863
829 1966
830 507
831 1219
832 2
833 1961
834 1331
835 2871
836 548
837 1526
838 2048
839 2071
840 943
841 2331
842 1764
843 1926
844 236
845 2204
846 2278
847 2484
848 145
849 900
850 1190
851 2934
852 2807
853 1807
854 386
855 2974
856 910
857 2252
858 2427
859 2140
860 665
861 2822
862 617
863 1485
864 1525
865 89

