757 97
0 284
1 2473
2 2957
3 1278
4 278
5 2341
6 609
7 2083
8 476
9 892
10 2803
11 539
12 2302
13 2999
14 2542
15 1823
16 271
17 243
18 1262
19 2636
20 415
21 2028
22 1701
23 912
24 1019
25 1416
26 1157
27 2022
28 937
29 320
30 1337
31 2963
32 2897
33 2654
34 1404
35 2688
36 2702
37 2230
38 1041
39 290
40 345
41 312
42 1153
43 1656
44 2936
45 1929
46 959
47 1817
48 1384
49 2412
50 1625
51 629
52 1706
53 911
54 1430
55 2655
56 2105
57 1314
58 565
59 288
60 1136
61 1038
62 1576
63 1423
64 1869
65 2566
66 98
67 931
68 106
69 254
70 2941
71 1353
72 2457
73 1259
74 1706
75 181
76 1864
77 1308
78 1120
79 532
80 1994
81 1031
82 2634
83 2868
84 1887
85 3
86 1312
87 2832
88 2290
89 119
90 986
91 1590
92 2040
93 1573
94 2393
95 732
96 1049
97 281
98 2243
99 2294
100 564
101 2572
102 1045
103 2398
104 2912
105 1808
106 2080
107 2449
108 410
109 2333
110 2427
111 889
112 1239
113 794
114 1179
115 1660
116 2055
117 778
118 587
119 2523
120 2890
121 2084
122 2980
123 186
124 1778
125 1518
126 887
127 2437
128 2734
129 2719
130 2610
131 2092
132 2429
133 616
134 1990
135 2655
136 1979
137 432
138 498
139 2626
140 398
141 2537
142 540
143 1302
144 2576
145 2439
146 1452
147 689
148 1526
149 171
150 450
151 2197
152 1238
153 466
154 1589
155 698
156 2205
157 1684
158 143
159 1882
160 336
161 683
162 2282
163 2146
164 603
165 1878
166 31
167 1626
168 218
169 1417
170 499
171 1702
172 354
173 1896
174 1438
175 2626
176 2694
177 2678
178 2274
179 1092
180 2127
181 211
182 547
183 2108
184 700
185 192
186 1131
187 1081
188 1612
189 833
190 1845
191 1063
192 242
193 1871
194 1091
195 316
196 796
197 2407
198 2433
199 951
200 2695
201 1895
202 796
203 1941
204 2629
205 636
206 1988
207 2553
208 222
209 841
210 653
211 2883
212 2190
213 1268
214 2436
215 2306
216 331
217 1832
218 2098
219 840
220 1499
221 602
222 752
223 2848
224 2616
225 2094
226 2522
227 2520
228 2454
229 1359
230 1350
231 2597
232 1397
233 2915
234 2519
235 1430
236 1129
237 90
238 2549
239 357
240 251
241 1852
242 982
243 2347
244 2936
245 2222
246 874
247 2822
248 2193
249 2905
250 2627
251 927
252 1684
253 279
254 2848
255 819
256 2405
257 1051
258 2354
259 649
260 1727
261 2968
262 1682
263 583
264 1086
265 1241
266 2623
267 1361
268 90
269 1940
270 1028
271 1789
272 520
273 392
274 2404
275 2382
276 1201
277 2747
278 1426
279 1177
280 2659
281 2217
282 2142
283 650
284 2822
285 2574
286 1573
287 1317
288 83
289 1521
290 805
291 1727
292 1109
293 509
294 990
295 1921
296 682
297 878
298 717
299 1408
300 365
301 2020
302 2471
303 1964
304 770
305 2537
306 2544
307 1065
308 41
309 2446
310 1479
311 1568
312 2635
313 1183
314 2311
315 427
316 1610
317 563
318 2970
319 355
320 764
321 749
322 1571
323 1634
324 1350
325 326
326 2656
327 700
328 674
329 1142
330 1623
331 441
332 1315
333 143
334 676
335 2962
336 1652
337 2453
338 1298
339 439
340 2000
341 1342
342 1196
343 1988
344 508
345 1476
346 1580
347 1789
348 730
349 2725
350 1242
351 232
352 169
353 2396
354 340
355 2703
356 1462
357 2171
358 266
359 1965
360 2996
361 1718
362 785
363 266
364 2744
365 105
366 1171
367 1485
368 1804
369 494
370 556
371 1206
372 1813
373 2464
374 1638
375 1808
376 215
377 2613
378 1192
379 2026
380 2285
381 107
382 670
383 2216
384 1463
385 1207
386 2454
387 999
388 1397
389 1202
390 2378
391 1426
392 1223
393 143
394 422
395 635
396 41
397 414
398 1950
399 1201
400 269
401 1883
402 2013
403 1727
404 2377
405 244
406 298
407 2895
408 1795
409 2116
410 612
411 2653
412 2793
413 1882
414 1217
415 2951
416 129
417 2262
418 2727
419 519
420 1698
421 1281
422 662
423 809
424 2008
425 2840
426 2938
427 1360
428 1294
429 2146
430 1415
431 2365
432 2460
433 1453
434 1560
435 498
436 950
437 1957
438 830
439 1174
440 888
441 923
442 1221
443 2825
444 62
445 1536
446 1691
447 1062
448 2313
449 2056
450 1820
451 1011
452 292
453 1978
454 762
455 1899
456 846
457 91
458 2329
459 2234
460 1727
461 1587
462 1170
463 1062
464 660
465 280
466 1713
467 1447
468 2732
469 480
470 83
471 1408
472 300
473 2469
474 2012
475 583
476 2087
477 1403
478 1916
479 265
480 1835
481 1302
482 576
483 259
484 1233
485 2246
486 1244
487 240
488 1117
489 50
490 1410
491 1568
492 532
493 2865
494 811
495 2083
496 1950
497 2196
498 2451
499 1741
500 2774
501 2402
502 839
503 2501
504 2792
505 2391
506 2866
507 1432
508 816
509 2164
510 923
511 1289
512 2763
513 2756
514 516
515 1513
516 952
517 2559
518 1911
519 574
520 341
521 624
522 938
523 923
524 489
525 2584
526 507
527 1123
528 1450
529 2749
530 1664
531 89
532 127
533 2566
534 673
535 833
536 2643
537 1268
538 402
539 971
540 1252
541 474
542 2205
543 1581
544 472
545 2621
546 1625
547 654
548 2002
549 2010
550 2620
551 1674
552 2920
553 1625
554 111
555 2300
556 317
557 1762
558 2395
559 2234
560 112
561 159
562 656
563 1621
564 523
565 2761
566 2944
567 467
568 2971
569 737
570 2788
571 599
572 1264
573 49
574 744
575 1246
576 518
577 1161
578 1941
579 2599
580 341
581 2441
582 609
583 1736
584 142
585 220
586 703
587 1363
588 169
589 2252
590 1251
591 2492
592 2857
593 2678
594 912
595 1891
596 2257
597 1860
598 1506
599 601
600 899
601 532
602 202
603 489
604 711
605 1969
606 1910
607 113
608 1560
609 743
610 294
611 92
612 1861
613 318
614 104
615 402
616 2114
617 1003
618 2340
619 1902
620 2323
621 871
622 561
623 1958
624 1449
625 1543
626 978
627 1084
628 598
629 2641
630 1416
631 108
632 2321
633 638
634 414
635 891
636 640
637 2171
638 1359
639 1958
640 2492
641 1025
642 1754
643 2785
644 2843
645 269
646 1124
647 2455
648 820
649 2841
650 2303
651 2136
652 796
653 1753
654 911
655 2896
656 1397
657 281
658 1127
659 476
660 997
661 1233
662 671
663 1810
664 777
665 1374
666 1317
667 2490
668 2298
669 2832
670 1459
671 512
672 92
673 1470
674 1914
675 938
676 1134
677 1245
678 1570
679 1288
680 2600
681 1100
682 821
683 311
684 2429
685 861
686 1026
687 2182
688 789
689 1418
690 809
691 2592
692 1368
693 36
694 1000
695 684
696 1198
697 2958
698 1693
699 2984
700 2764
701 1865
702 245
703 315
704 1000
705 805
706 1244
707 1826
708 789
709 278
710 567
711 1819
712 1790
713 2170
714 211
715 2190
716 869
717 928
718 1232
719 2078
720 1378
721 1367
722 1308
723 702
724 579
725 303
726 2551
727 861
728 593
729 2246
730 1832
731 390
732 159
733 2505
734 1348
735 1051
736 2066
737 146
738 2098
739 2324
740 1699
741 702
742 259
743 198
744 633
745 1308
746 2993
747 2098
748 2450
749 1765
750 1731
751 1081
752 1404
753 2870
754 1195
755 1277
756 1098

