76 62
0 544
1 1361
2 2449
3 2023
4 2341
5 1255
6 2619
7 427
8 1730
9 2282
10 2378
11 2849
12 2813
13 443
14 1305
15 2750
16 87
17 2472
18 2684
19 1821
20 870
21 52
22 2402
23 971
24 1172
25 1830
26 555
27 2318
28 2597
29 1320
30 729
31 1623
32 2075
33 1570
34 1454
35 445
36 2738
37 74
38 1236
39 1899
40 985
41 1279
42 1425
43 745
44 223
45 2088
46 2782
47 2208
48 2139
49 2299
50 644
51 788
52 1996
53 2305
54 618
55 281
56 46
57 371
58 779
59 1328
60 2062
61 1981
62 1136
63 1940
64 177
65 9
66 2074
67 35
68 1370
69 2149
70 1025
71 620
72 545
73 1390
74 1807
75 1027

