944 72
0 2207
1 1295
2 1714
3 2498
4 461
5 233
6 1096
7 87
8 2929
9 2654
10 1437
11 740
12 1702
13 799
14 2235
15 1908
16 308
17 2265
18 1632
19 2606
20 1812
21 1050
22 751
23 2537
24 1502
25 2871
26 2692
27 591
28 1451
29 273
30 304
31 739
32 1275
33 319
34 2781
35 2722
36 423
37 660
38 833
39 1380
40 1623
41 1555
42 2463
43 770
44 1290
45 846
46 2709
47 2614
48 130
49 1522
50 2999
51 557
52 756
53 543
54 107
55 2816
56 730
57 1333
58 815
59 1787
60 1416
61 2597
62 489
63 2624
64 1949
65 2139
66 2007
67 972
68 2943
69 2451
70 2712
71 2610
72 2858
73 1879
74 1761
75 2192
76 1682
77 2387
78 2012
79 286
80 1701
81 2893
82 754
83 1103
84 1320
85 2540
86 2510
87 2998
88 2439
89 2368
90 398
91 1818
92 248
93 956
94 541
95 281
96 2858
97 1449
98 944
99 877
100 2293
101 2332
102 1122
103 2128
104 2479
105 2747
106 589
107 2699
108 2470
109 1400
110 257
111 44
112 177
113 2541
114 761
115 1597
116 2593
117 450
118 534
119 391
120 1211
121 1943
122 2893
123 263
124 2244
125 1017
126 2723
127 269
128 2798
129 1600
130 535
131 1977
132 613
133 2825
134 1356
135 911
136 1920
137 735
138 2616
139 55
140 1110
141 2614
142 1447
143 1404
144 1880
145 245
146 2915
147 633
148 2556
149 642
150 2175
151 1936
152 2270
153 1017
154 2802
155 2618
156 1803
157 2983
158 1432
159 2152
160 795
161 1983
162 1177
163 2823
164 2416
165 2577
166 1606
167 273
168 233
169 2874
170 2001
171 681
172 704
173 2112
174 1581
175 37
176 1997
177 2405
178 997
179 1692
180 318
181 439
182 805
183 771
184 2212
185 1840
186 631
187 1096
188 639
189 626
190 1410
191 2307
192 1233
193 1471
194 2005
195 168
196 1211
197 1054
198 1042
199 801
200 2181
201 1346
202 2921
203 2827
204 1013
205 2287
206 314
207 1336
208 142
209 1178
210 2119
211 123
212 1299
213 1396
214 1172
215 485
216 321
217 162
218 20
219 1713
220 139
221 1158
222 198
223 2782
224 1142
225 576
226 2216
227 394
228 2354
229 1880
230 2268
231 2827
232 2570
233 2803
234 589
235 2280
236 1617
237 2786
238 573
239 2070
240 1616
241 2731
242 1336
243 646
244 621
245 2193
246 2698
247 1966
248 529
249 1195
250 2365
251 331
252 1485
253 1566
254 1365
255 323
256 1937
257 1353
258 1007
259 845
260 604
261 1757
262 1934
263 312
264 2696
265 272
266 2379
267 2157
268 2008
269 274
270 1678
271 2911
272 2031
273 369
274 2705
275 2586
276 2307
277 1487
278 1927
279 609
280 1323
281 931
282 2759
283 1089
284 1708
285 1191
286 832
287 759
288 1521
289 1041
290 145
291 1829
292 1892
293 2955
294 77
295 2564
296 355
297 2920
298 2948
299 2453
300 441
301 2797
302 2748
303 1982
304 620
305 2341
306 1943
307 1817
308 544
309 2511
310 2231
311 951
312 1835
313 2129
314 2618
315 2108
316 742
317 552
318 336
319 245
320 2391
321 218
322 841
323 1000
324 1360
325 2925
326 1391
327 2205
328 1254
329 2830
330 1877
331 2661
332 2471
333 2708
334 716
335 876
336 2843
337 470
338 154
339 2745
340 1864
341 1330
342 2550
343 2687
344 165
345 1294
346 2322
347 1591
348 2128
349 168
350 2691
351 1340
352 465
353 1530
354 779
355 1659
356 1605
357 966
358 124
359 1355
360 1955
361 1374
362 2110
363 312
364 1812
365 2228
366 1335
367 1630
368 928
369 1017
370 2464
371 2472
372 51
373 1114
374 2734
375 1327
376 1663
377 1059
378 2204
379 223
380 810
381 750
382 1874
383 2798
384 1806
385 88
386 1472
387 2264
388 2480
389 2065
390 2104
391 1332
392 760
393 2065
394 449
395 2953
396 28
397 1054
398 1012
399 1285
400 91
401 1119
402 2417
403 1611
404 2394
405 1117
406 203
407 866
408 2793
409 768
410 2503
411 140
412 1612
413 444
414 1515
415 1362
416 1912
417 395
418 2619
419 1631
420 1507
421 2634
422 2785
423 38
424 852
425 2083
426 780
427 364
428 2695
429 2031
430 2951
431 472
432 1676
433 2883
434 2487
435 2681
436 2398
437 2375
438 2616
439 166
440 2325
441 1267
442 1759
443 417
444 2725
445 2513
446 701
447 1819
448 1756
449 735
450 2428
451 2606
452 1495
453 266
454 1821
455 2670
456 2462
457 711
458 1777
459 649
460 2908
461 1669
462 2968
463 1885
464 184
465 212
466 248
467 1473
468 2593
469 1409
470 364
471 114
472 307
473 1900
474 62
475 718
476 2875
477 312
478 2869
479 2546
480 261
481 172
482 1307
483 1520
484 2494
485 1725
486 1150
487 218
488 1139
489 1100
490 2967
491 2473
492 2922
493 2583
494 2514
495 1019
496 280
497 908
498 1705
499 2074
500 1969
501 519
502 2638
503 1968
504 2969
505 1427
506 2013
507 165
508 352
509 320
510 721
511 395
512 833
513 2670
514 590
515 1426
516 2585
517 1239
518 1987
519 1191
520 1707
521 483
522 2707
523 1856
524 1887
525 1199
526 1116
527 1153
528 1955
529 2950
530 811
531 1678
532 2853
533 154
534 2433
535 1089
536 2094
537 939
538 2214
539 1760
540 380
541 2140
542 2469
543 1662
544 1682
545 1200
546 2408
547 2172
548 998
549 1470
550 474
551 2496
552 1350
553 102
554 599
555 896
556 999
557 2435
558 2285
559 1978
560 1353
561 2623
562 1963
563 2572
564 632
565 1166
566 2375
567 654
568 668
569 1265
570 705
571 504
572 1102
573 1703
574 1568
575 358
576 997
577 2294
578 1984
579 898
580 1578
581 417
582 2984
583 657
584 2284
585 2823
586 347
587 180
588 387
589 1695
590 83
591 1357
592 371
593 431
594 2497
595 300
596 2280
597 1424
598 2657
599 1710
600 1556
601 1827
602 1417
603 473
604 2614
605 2545
606 2012
607 170
608 378
609 2354
610 2995
611 671
612 978
613 655
614 1777
615 280
616 2832
617 395
618 142
619 1003
620 795
621 2889
622 225
623 2828
624 603
625 56
626 2026
627 1292
628 2517
629 576
630 91
631 166
632 1225
633 314
634 1000
635 2120
636 344
637 500
638 2160
639 2431
640 2464
641 1945
642 2422
643 965
644 2061
645 1236
646 1522
647 942
648 1662
649 1699
650 1650
651 132
652 167
653 418
654 1870
655 2700
656 1576
657 844
658 1127
659 387
660 1587
661 212
662 1268
663 2277
664 2231
665 2077
666 1114
667 2825
668 1976
669 1456
670 346
671 2683
672 334
673 133
674 1116
675 560
676 2761
677 838
678 2516
679 1651
680 2086
681 2759
682 1177
683 1317
684 1866
685 2709
686 1027
687 2833
688 1948
689 711
690 1128
691 1583
692 1569
693 2092
694 850
695 1819
696 2788
697 34
698 137
699 2531
700 2855
701 787
702 1434
703 2933
704 2239
705 1033
706 759
707 1351
708 2517
709 399
710 2562
711 2135
712 1734
713 1932
714 826
715 1738
716 2546
717 1718
718 2905
719 962
720 2596
721 1885
722 1628
723 217
724 981
725 759
726 2329
727 2890
728 1846
729 964
730 1782
731 2468
732 2198
733 1045
734 2754
735 645
736 1347
737 2731
738 19
739 2917
740 386
741 1652
742 1254
743 1152
744 362
745 291
746 2642
747 764
748 2110
749 2108
750 1052
751 2741
752 2371
753 285
754 2273
755 1489
756 1796
757 359
758 1514
759 1526
760 1884
761 934
762 2713
763 2207
764 1042
765 1763
766 2490
767 2697
768 1127
769 1121
770 1269
771 1828
772 1281
773 372
774 1660
775 2393
776 277
777 2436
778 1920
779 2294
780 887
781 2495
782 1501
783 292
784 781
785 2482
786 2853
787 1003
788 1194
789 2517
790 2755
791 2465
792 236
793 477
794 2223
795 1762
796 2406
797 1522
798 76
799 118
800 551
801 383
802 2831
803 1091
804 2454
805 1443
806 1737
807 2981
808 1530
809 820
810 2997
811 2751
812 303
813 707
814 1288
815 1850
816 2914
817 1296
818 2596
819 373
820 2696
821 2653
822 1657
823 2246
824 2486
825 1988
826 59
827 334
828 617
829 93
830 310
831 977
832 1650
833 2915
834 807
835 1950
836 838
837 1725
838 183
839 2024
840 1828
841 966
842 656
843 186
844 2362
845 432
846 2082
847 621
848 941
849 1855
850 1922
851 618
852 1721
853 784
854 1538
855 1891
856 530
857 1249
858 1565
859 1601
860 1854
861 1516
862 2154
863 2607
864 1637
865 816
866 1923
867 1143
868 2822
869 2826
870 2326
871 101
872 2571
873 232
874 2519
875 616
876 1649
877 2545
878 1963
879 1088
880 1547
881 2722
882 2615
883 1825
884 2388
885 1999
886 1508
887 2563
888 2184
889 1680
890 1213
891 292
892 1825
893 1972
894 2509
895 2228
896 475
897 1555
898 2969
899 1213
900 2772
901 439
902 1268
903 2325
904 750
905 1063
906 535
907 2805
908 550
909 23
910 739
911 2844
912 2909
913 155
914 1755
915 2629
916 2869
917 1223
918 693
919 1192
920 1297
921 1683
922 2770
923 1565
924 1704
925 2917
926 2086
927 2029
928 2513
929 2984
930 1180
931 179
932 3
933 2064
934 1331
935 2943
936 418
937 2161
938 310
939 2159
940 2799
941 1432
942 2344
943 2092

