460 10
0 824
1 1613
2 2010
3 1192
4 1123
5 1084
6 1792
7 2068
8 796
9 1015
10 1231
11 1605
12 2712
13 571
14 2888
15 2218
16 1746
17 1388
18 2537
19 2938
20 2383
21 421
22 1341
23 1617
24 18
25 2982
26 88
27 1987
28 249
29 540
30 2657
31 2354
32 79
33 2090
34 2756
35 491
36 2482
37 2249
38 120
39 2250
40 2245
41 666
42 687
43 969
44 1260
45 1547
46 1278
47 635
48 2682
49 2777
50 1784
51 1823
52 440
53 1954
54 1471
55 340
56 1484
57 1352
58 281
59 2140
60 916
61 1453
62 76
63 1147
64 246
65 1337
66 837
67 488
68 862
69 1437
70 2449
71 2269
72 2947
73 2447
74 2621
75 2827
76 2854
77 796
78 2473
79 2885
80 655
81 2855
82 1809
83 2741
84 855
85 1333
86 933
87 1309
88 282
89 759
90 2896
91 543
92 112
93 2932
94 1648
95 1409
96 1777
97 454
98 583
99 242
100 2913
101 1504
102 1516
103 1617
104 438
105 1220
106 1336
107 2746
108 1993
109 1467
110 2553
111 1072
112 2950
113 1467
114 2011
115 2797
116 170
117 650
118 2231
119 2440
120 1235
121 1701
122 251
123 53
124 685
125 2406
126 2928
127 717
128 1289
129 1967
130 2343
131 2056
132 2212
133 1865
134 579
135 324
136 1398
137 2874
138 1569
139 474
140 2618
141 1750
142 370
143 541
144 2429
145 33
146 1678
147 2613
148 1884
149 2152
150 319
151 2343
152 2268
153 84
154 882
155 2337
156 2896
157 521
158 476
159 857
160 595
161 562
162 2528
163 2722
164 113
165 2666
166 2083
167 1188
168 1758
169 219
170 1021
171 1104
172 910
173 1765
174 1522
175 1007
176 1101
177 2223
178 1193
179 2074
180 2700
181 2628
182 1254
183 187
184 1583
185 449
186 1184
187 703
188 1009
189 2813
190 2935
191 1315
192 718
193 2718
194 1762
195 2677
196 1586
197 141
198 627
199 2963
200 155
201 728
202 2054
203 289
204 2737
205 2206
206 1350
207 1112
208 1380
209 253
210 2143
211 1444
212 2366
213 2020
214 2011
215 1965
216 15
217 1184
218 405
219 1900
220 1706
221 802
222 1404
223 1461
224 668
225 2005
226 2970
227 282
228 1173
229 2882
230 1975
231 2180
232 1178
233 2527
234 2479
235 1904
236 1374
237 1361
238 2215
239 2224
240 1327
241 881
242 635
243 1306
244 296
245 33
246 1854
247 1303
248 2327
249 1869
250 2851
251 1656
252 239
253 605
254 2997
255 1513
256 1085
257 608
258 409
259 677
260 156
261 2170
262 1334
263 1613
264 95
265 961
266 2953
267 553
268 2955
269 270
270 2853
271 1548
272 2664
273 133
274 2770
275 68
276 1536
277 396
278 1091
279 1824
280 803
281 138
282 1610
283 457
284 1206
285 1978
286 2540
287 2702
288 2178
289 623
290 2152
291 11
292 2769
293 1645
294 1970
295 2283
296 2659
297 2497
298 1217
299 2077
300 2540
301 2454
302 1613
303 1176
304 2954
305 2073
306 861
307 1055
308 2451
309 1059
310 684
311 255
312 1393
313 1893
314 234
315 568
316 1838
317 706
318 1665
319 46
320 1808
321 2433
322 734
323 144
324 2324
325 767
326 899
327 2447
328 2049
329 682
330 2547
331 1084
332 1000
333 2434
334 1397
335 778
336 536
337 741
338 184
339 2531
340 2675
341 2818
342 2423
343 1481
344 119
345 2042
346 677
347 839
348 1795
349 1392
350 2220
351 1989
352 832
353 2751
354 2026
355 2420
356 1385
357 840
358 1868
359 454
360 1644
361 2662
362 2670
363 723
364 209
365 303
366 1148
367 2888
368 41
369 614
370 2856
371 752
372 2826
373 1040
374 1251
375 1907
376 485
377 1691
378 984
379 2619
380 2148
381 203
382 777
383 543
384 372
385 710
386 2780
387 2047
388 1655
389 2327
390 592
391 1672
392 1848
393 1876
394 2686
395 2756
396 1916
397 1641
398 1224
399 1039
400 2186
401 293
402 159
403 1087
404 638
405 2305
406 1476
407 2529
408 308
409 2672
410 1404
411 2230
412 2381
413 555
414 2921
415 1609
416 1115
417 2012
418 2446
419 1618
420 355
421 1591
422 103
423 1026
424 947
425 1576
426 1543
427 1275
428 2987
429 1809
430 1716
431 907
432 2212
433 606
434 478
435 1791
436 2631
437 616
438 616
439 2985
440 2166
441 473
442 1307
443 2168
444 1320
445 484
446 2034
447 1770
448 250
449 1379
450 1821
451 972
452 278
453 2897
454 725
455 60
456 2676
457 1820
458 1812
459 2537

