898 8
0 1775
1 324
2 2347
3 2740
4 1379
5 2458
6 2807
7 1976
8 2826
9 1838
10 766
11 2057
12 2874
13 1138
14 1399
15 327
16 2801
17 1540
18 94
19 2472
20 1871
21 1108
22 1476
23 1185
24 441
25 2374
26 1837
27 104
28 1879
29 1388
30 2382
31 1716
32 136
33 2585
34 2891
35 7
36 1035
37 1991
38 1557
39 1577
40 2510
41 185
42 1224
43 412
44 1955
45 203
46 540
47 2004
48 2230
49 962
50 1211
51 2366
52 2331
53 1663
54 1849
55 1918
56 1763
57 952
58 2981
59 2095
60 616
61 1245
62 2051
63 1087
64 2481
65 2634
66 1120
67 1492
68 1633
69 2819
70 1229
71 1969
72 1516
73 1283
74 441
75 472
76 2869
77 2685
78 1659
79 11
80 2145
81 1020
82 1642
83 27
84 2865
85 2364
86 2421
87 1039
88 1261
89 2224
90 2025
91 1934
92 966
93 333
94 1669
95 1071
96 1442
97 2745
98 1686
99 142
100 2626
101 688
102 2583
103 1240
104 2202
105 1712
106 2110
107 1145
108 973
109 847
110 309
111 2165
112 2215
113 2040
114 1795
115 294
116 2353
117 413
118 1637
119 974
120 2199
121 486
122 785
123 2654
124 2823
125 1935
126 1086
127 780
128 863
129 2425
130 72
131 1876
132 1524
133 13
134 1721
135 1123
136 2826
137 1462
138 882
139 1556
140 2703
141 1132
142 579
143 1552
144 2301
145 1282
146 927
147 646
148 1972
149 1181
150 957
151 2702
152 1491
153 1553
154 2450
155 211
156 1792
157 1175
158 2552
159 1937
160 2693
161 928
162 2063
163 1210
164 2645
165 1601
166 1502
167 1829
168 2833
169 2747
170 1092
171 748
172 885
173 1062
174 1271
175 2132
176 1254
177 367
178 730
179 602
180 2725
181 1137
182 2782
183 2727
184 593
185 435
186 1254
187 454
188 83
189 2682
190 2325
191 2091
192 902
193 1488
194 2854
195 1419
196 2076
197 1011
198 687
199 2054
200 590
201 2221
202 768
203 1543
204 1349
205 1529
206 2897
207 2394
208 2603
209 345
210 170
211 1707
212 47
213 1114
214 2862
215 768
216 1319
217 2201
218 200
219 1674
220 1525
221 872
222 2441
223 2352
224 1455
225 2375
226 1359
227 541
228 132
229 136
230 747
231 1593
232 1425
233 1543
234 1208
235 1687
236 1674
237 2310
238 2612
239 2397
240 1902
241 710
242 1707
243 1166
244 48
245 1667
246 379
247 1192
248 2339
249 2768
250 2253
251 2577
252 1469
253 530
254 2755
255 2719
256 542
257 1937
258 1969
259 1813
260 2688
261 1972
262 744
263 263
264 2094
265 933
266 1459
267 2562
268 1999
269 1752
270 51
271 952
272 2842
273 1402
274 790
275 1076
276 44
277 229
278 799
279 826
280 1722
281 2871
282 689
283 1764
284 2871
285 1005
286 2819
287 120
288 790
289 2746
290 2863
291 2087
292 1442
293 2384
294 2520
295 839
296 1206
297 436
298 2513
299 938
300 1574
301 646
302 1776
303 2741
304 2490
305 1363
306 2886
307 394
308 55
309 2484
310 1967
311 464
312 574
313 2674
314 816
315 1251
316 2184
317 2828
318 1077
319 1737
320 375
321 40
322 20
323 1232
324 1807
325 67
326 2137
327 1724
328 2710
329 566
330 1843
331 467
332 953
333 1768
334 2939
335 2198
336 809
337 1587
338 687
339 1868
340 1475
341 1838
342 1343
343 896
344 893
345 1321
346 723
347 1544
348 554
349 2509
350 1118
351 361
352 2405
353 2954
354 266
355 435
356 2727
357 745
358 2258
359 1119
360 560
361 2101
362 2085
363 585
364 1300
365 5
366 326
367 2495
368 420
369 346
370 1379
371 1169
372 936
373 2667
374 2217
375 598
376 865
377 108
378 118
379 950
380 2834
381 1287
382 1171
383 667
384 1274
385 1123
386 2709
387 137
388 2436
389 1226
390 987
391 2834
392 1757
393 771
394 1592
395 898
396 2279
397 1895
398 1266
399 649
400 1473
401 2704
402 792
403 1085
404 1458
405 1377
406 1565
407 2723
408 1825
409 1315
410 387
411 1248
412 1769
413 275
414 535
415 2110
416 382
417 2892
418 198
419 1927
420 981
421 2881
422 396
423 259
424 2818
425 1624
426 1095
427 240
428 2186
429 377
430 1498
431 629
432 1393
433 672
434 220
435 2731
436 761
437 1797
438 1044
439 1348
440 1776
441 2547
442 1576
443 627
444 1008
445 1466
446 2920
447 747
448 534
449 1577
450 26
451 2934
452 27
453 2781
454 1878
455 718
456 1332
457 2811
458 0
459 1379
460 1534
461 2384
462 2369
463 972
464 1487
465 2607
466 1190
467 286
468 1115
469 1747
470 1702
471 2271
472 419
473 1841
474 1181
475 2975
476 2570
477 1848
478 448
479 1028
480 1041
481 2216
482 174
483 1586
484 1905
485 1752
486 1771
487 2341
488 2703
489 817
490 31
491 1224
492 1963
493 2921
494 164
495 1243
496 230
497 2615
498 224
499 287
500 1898
501 575
502 2638
503 1018
504 1792
505 1709
506 1208
507 669
508 1289
509 718
510 781
511 2083
512 1658
513 220
514 1943
515 2936
516 774
517 1939
518 926
519 745
520 1043
521 2157
522 2444
523 2532
524 2672
525 595
526 273
527 1688
528 265
529 1099
530 1602
531 85
532 30
533 1686
534 129
535 420
536 126
537 1444
538 1789
539 2915
540 120
541 135
542 1980
543 364
544 2942
545 1661
546 65
547 1201
548 344
549 1573
550 2960
551 440
552 766
553 42
554 1576
555 1508
556 2094
557 760
558 631
559 2668
560 2755
561 2579
562 1468
563 147
564 599
565 418
566 2918
567 1534
568 2810
569 2069
570 2905
571 2222
572 614
573 1646
574 339
575 933
576 1040
577 2359
578 590
579 1748
580 162
581 1824
582 2577
583 760
584 1102
585 1517
586 263
587 1417
588 2924
589 1426
590 321
591 334
592 2231
593 2732
594 791
595 2252
596 248
597 2803
598 2943
599 320
600 394
601 1569
602 1222
603 618
604 2693
605 2754
606 169
607 2276
608 348
609 568
610 2580
611 1647
612 2579
613 1649
614 1084
615 1503
616 1232
617 9
618 2609
619 2658
620 432
621 2324
622 1203
623 1639
624 814
625 812
626 1561
627 2002
628 890
629 1537
630 1572
631 1826
632 2118
633 2188
634 712
635 2975
636 2918
637 1481
638 1267
639 650
640 2891
641 153
642 1239
643 1549
644 1560
645 2894
646 1758
647 1036
648 2025
649 1809
650 1514
651 1362
652 2151
653 2314
654 1810
655 723
656 771
657 38
658 395
659 2932
660 2087
661 233
662 2372
663 952
664 2395
665 669
666 881
667 1836
668 706
669 2990
670 1002
671 64
672 2673
673 2713
674 153
675 1782
676 1793
677 2819
678 1327
679 812
680 832
681 2735
682 867
683 1667
684 2844
685 1448
686 2429
687 2318
688 977
689 2760
690 1021
691 2309
692 715
693 2381
694 1009
695 724
696 2755
697 993
698 2670
699 2167
700 89
701 29
702 2890
703 601
704 1445
705 2828
706 431
707 2550
708 2971
709 2608
710 416
711 765
712 556
713 2314
714 1306
715 2166
716 2497
717 1973
718 2176
719 1742
720 810
721 45
722 2119
723 1657
724 1624
725 2161
726 789
727 1989
728 876
729 1598
730 1043
731 1351
732 90
733 392
734 679
735 3000
736 2912
737 416
738 2499
739 135
740 2962
741 1216
742 122
743 247
744 2588
745 2175
746 501
747 1274
748 477
749 803
750 2999
751 2200
752 2228
753 917
754 1159
755 2495
756 37
757 935
758 2994
759 1274
760 1872
761 1888
762 1967
763 2903
764 1292
765 272
766 2068
767 2913
768 2309
769 2789
770 2266
771 1937
772 534
773 101
774 1606
775 785
776 2234
777 2588
778 1372
779 1807
780 510
781 1311
782 2980
783 2500
784 2715
785 1717
786 538
787 1473
788 242
789 1733
790 673
791 2309
792 204
793 2114
794 2515
795 1596
796 1963
797 555
798 2601
799 1869
800 593
801 1356
802 569
803 1691
804 461
805 2528
806 2626
807 1368
808 1682
809 799
810 2708
811 99
812 2863
813 1749
814 1539
815 954
816 2039
817 1189
818 1108
819 1652
820 1391
821 956
822 766
823 1345
824 750
825 1410
826 1628
827 1384
828 112
829 2771
830 1331
831 2015
832 2563
833 1941
834 2495
835 1
836 2965
837 2221
838 1977
839 986
840 117
841 2089
842 1318
843 261
844 1484
845 190
846 2363
847 2836
848 1125
849 536
850 2836
851 88
852 2040
853 2713
854 840
855 1318
856 326
857 1112
858 2519
859 1631
860 49
861 2810
862 402
863 272
864 659
865 2912
866 1985
867 709
868 2313
869 1308
870 255
871 533
872 1404
873 2987
874 523
875 1433
876 2087
877 1097
878 2591
879 2992
880 652
881 1181
882 386
883 2728
884 1820
885 1940
886 481
887 2360
888 1782
889 657
890 181
891 2554
892 515
893 2111
894 1397
895 2452
896 1658
897 455

