933 7
0 2113
1 2531
2 2278
3 2899
4 1271
5 2134
6 1009
7 247
8 1239
9 864
10 2103
11 320
12 2295
13 703
14 221
15 560
16 2113
17 2417
18 2768
19 2114
20 1543
21 2103
22 2771
23 1626
24 1863
25 2818
26 1115
27 2379
28 977
29 2252
30 1154
31 467
32 1204
33 1460
34 1745
35 2517
36 1654
37 578
38 1883
39 1808
40 1940
41 2184
42 386
43 880
44 1606
45 2047
46 1758
47 1310
48 12
49 1855
50 423
51 2977
52 2612
53 2726
54 2479
55 726
56 723
57 1794
58 1707
59 1708
60 1828
61 2501
62 2362
63 1902
64 1799
65 216
66 1093
67 2866
68 1876
69 224
70 577
71 997
72 1735
73 1220
74 1065
75 1777
76 1669
77 29
78 27
79 1984
80 67
81 56
82 2357
83 2458
84 2420
85 2669
86 72
87 2971
88 751
89 1024
90 1275
91 43
92 2497
93 1740
94 147
95 980
96 2127
97 1232
98 455
99 755
100 408
101 130
102 1169
103 1901
104 840
105 707
106 409
107 678
108 1817
109 2517
110 2075
111 1168
112 1413
113 794
114 1759
115 2432
116 769
117 1547
118 2444
119 184
120 1480
121 350
122 2349
123 1601
124 442
125 1894
126 395
127 803
128 1203
129 1400
130 1642
131 2080
132 2489
133 1598
134 1345
135 822
136 1858
137 1321
138 1425
139 2101
140 2799
141 2323
142 1458
143 431
144 2121
145 1980
146 2536
147 221
148 2496
149 622
150 2806
151 2575
152 728
153 1595
154 2634
155 1039
156 2115
157 373
158 2865
159 1573
160 169
161 729
162 2475
163 2358
164 2252
165 383
166 1499
167 1387
168 2238
169 1325
170 2694
171 2634
172 2993
173 89
174 1123
175 2102
176 290
177 1060
178 2822
179 345
180 2981
181 252
182 1153
183 2288
184 2714
185 1622
186 1782
187 1326
188 1004
189 868
190 1223
191 70
192 915
193 225
194 729
195 995
196 524
197 2208
198 1748
199 2572
200 1098
201 682
202 2394
203 2498
204 2368
205 312
206 1210
207 1926
208 1317
209 2293
210 2140
211 131
212 1979
213 323
214 820
215 1917
216 675
217 1025
218 1091
219 1570
220 2226
221 488
222 299
223 1297
224 1754
225 1138
226 1284
227 718
228 2999
229 1196
230 232
231 2314
232 1913
233 309
234 2891
235 1991
236 218
237 2743
238 125
239 2762
240 876
241 2019
242 1655
243 2065
244 2317
245 14
246 1223
247 2468
248 2630
249 476
250 2934
251 547
252 884
253 998
254 1747
255 1952
256 1245
257 400
258 2571
259 1526
260 430
261 2528
262 2358
263 1439
264 777
265 1003
266 873
267 1145
268 153
269 390
270 2917
271 364
272 2562
273 2691
274 603
275 1852
276 2584
277 547
278 2597
279 1454
280 2879
281 84
282 1489
283 2428
284 1024
285 1179
286 2611
287 489
288 2031
289 2198
290 2397
291 1530
292 2827
293 1902
294 371
295 246
296 66
297 2143
298 1631
299 840
300 2505
301 148
302 2193
303 1827
304 2860
305 1756
306 2868
307 249
308 1647
309 1739
310 1301
311 1438
312 1656
313 1671
314 1657
315 509
316 2604
317 1451
318 1329
319 2564
320 2116
321 575
322 2839
323 1526
324 1243
325 621
326 1544
327 2678
328 780
329 2338
330 871
331 1900
332 772
333 246
334 1943
335 1656
336 292
337 629
338 2588
339 476
340 156
341 904
342 1498
343 2032
344 2638
345 1879
346 483
347 1156
348 2042
349 587
350 1100
351 2498
352 1108
353 143
354 2385
355 1132
356 821
357 1504
358 1962
359 1599
360 548
361 2527
362 1061
363 2112
364 746
365 757
366 44
367 2491
368 377
369 877
370 2231
371 323
372 977
373 1827
374 1479
375 2476
376 2001
377 1523
378 971
379 972
380 611
381 2590
382 526
383 2594
384 2198
385 1849
386 1766
387 299
388 2597
389 1200
390 2210
391 337
392 2810
393 997
394 409
395 2406
396 922
397 744
398 1453
399 2253
400 1311
401 1670
402 625
403 681
404 189
405 1645
406 1760
407 1973
408 1190
409 2303
410 52
411 1663
412 238
413 1842
414 1983
415 1885
416 721
417 2463
418 2653
419 2978
420 2597
421 422
422 2933
423 1676
424 2330
425 2531
426 32
427 2016
428 2216
429 1940
430 2744
431 2359
432 2240
433 2425
434 2970
435 1213
436 983
437 2187
438 817
439 111
440 1230
441 2617
442 1072
443 1865
444 1236
445 733
446 134
447 2625
448 2671
449 2165
450 972
451 1349
452 2141
453 2849
454 301
455 1855
456 341
457 241
458 72
459 62
460 457
461 1427
462 606
463 503
464 1157
465 1687
466 2259
467 2615
468 1052
469 651
470 2199
471 1506
472 725
473 2011
474 594
475 2785
476 2984
477 2310
478 1762
479 2745
480 1756
481 488
482 1651
483 255
484 2944
485 2670
486 23
487 2515
488 2269
489 54
490 2353
491 2726
492 369
493 2482
494 918
495 175
496 836
497 53
498 2447
499 727
500 2304
501 2745
502 910
503 125
504 2128
505 2866
506 2330
507 2431
508 1762
509 1504
510 2016
511 1156
512 2914
513 2701
514 2718
515 1866
516 977
517 472
518 2030
519 47
520 2533
521 2273
522 2949
523 520
524 1391
525 2508
526 114
527 1028
528 1959
529 1913
530 2509
531 1081
532 976
533 203
534 1743
535 1846
536 2586
537 51
538 2029
539 1284
540 1275
541 2330
542 771
543 1184
544 129
545 1549
546 421
547 1867
548 296
549 2484
550 2584
551 1169
552 1919
553 193
554 144
555 2271
556 17
557 1740
558 2430
559 412
560 2424
561 2277
562 2967
563 709
564 2587
565 2880
566 2281
567 2903
568 958
569 1493
570 2275
571 2861
572 2819
573 575
574 2745
575 484
576 2415
577 84
578 2959
579 1586
580 1629
581 1767
582 2722
583 2098
584 2734
585 2680
586 1562
587 715
588 2845
589 2859
590 2737
591 1771
592 1709
593 1819
594 1915
595 2258
596 1297
597 2487
598 861
599 1174
600 1707
601 2379
602 327
603 531
604 1249
605 1285
606 2141
607 2321
608 2906
609 152
610 2286
611 1074
612 1582
613 794
614 878
615 2260
616 2753
617 2137
618 1856
619 1027
620 207
621 627
622 1478
623 1113
624 685
625 2504
626 393
627 415
628 1358
629 2080
630 2915
631 1067
632 273
633 1499
634 245
635 1286
636 54
637 2873
638 2051
639 2964
640 757
641 1095
642 2241
643 2820
644 2500
645 1666
646 1552
647 2044
648 2326
649 2525
650 1232
651 177
652 2654
653 1921
654 124
655 291
656 1399
657 604
658 2849
659 2357
660 1398
661 2618
662 225
663 2789
664 937
665 2547
666 253
667 2054
668 162
669 1908
670 1182
671 1443
672 2778
673 1708
674 76
675 2467
676 1811
677 829
678 2974
679 1474
680 1396
681 2351
682 2063
683 1376
684 1449
685 180
686 4
687 948
688 1475
689 942
690 1285
691 1212
692 542
693 2990
694 2109
695 945
696 2775
697 2723
698 1049
699 2211
700 409
701 2642
702 1596
703 2645
704 1798
705 2505
706 1572
707 686
708 978
709 1065
710 1276
711 234
712 1063
713 693
714 1364
715 270
716 1643
717 2673
718 1438
719 2705
720 1493
721 2574
722 328
723 2993
724 555
725 69
726 104
727 2489
728 2867
729 335
730 344
731 744
732 1527
733 2839
734 2650
735 1726
736 399
737 836
738 2010
739 2898
740 1052
741 1605
742 2645
743 194
744 273
745 1902
746 860
747 2729
748 2326
749 2464
750 1593
751 1206
752 1276
753 787
754 1440
755 37
756 1139
757 2064
758 1424
759 1087
760 2127
761 909
762 517
763 1538
764 2581
765 17
766 1545
767 2663
768 1295
769 1
770 2874
771 2621
772 2091
773 546
774 2879
775 2979
776 2492
777 2084
778 1862
779 1721
780 1118
781 2838
782 2424
783 144
784 815
785 1199
786 1276
787 1828
788 2306
789 1153
790 1025
791 2470
792 2550
793 2197
794 2469
795 1833
796 661
797 183
798 1566
799 2451
800 1114
801 273
802 2470
803 2500
804 2871
805 1963
806 888
807 3000
808 1844
809 1826
810 315
811 1865
812 2944
813 736
814 578
815 2533
816 252
817 64
818 1002
819 779
820 827
821 2678
822 1609
823 1879
824 2750
825 1491
826 682
827 1896
828 1209
829 229
830 78
831 1099
832 158
833 1636
834 939
835 2697
836 1918
837 1507
838 2053
839 1949
840 2467
841 2654
842 1513
843 2352
844 2983
845 2254
846 2128
847 528
848 1662
849 2133
850 440
851 2525
852 2722
853 1109
854 2845
855 2618
856 2301
857 2154
858 467
859 832
860 2795
861 1359
862 1204
863 564
864 1925
865 2096
866 50
867 2258
868 1870
869 888
870 24
871 2115
872 2791
873 2739
874 631
875 1592
876 2750
877 394
878 1385
879 1293
880 2434
881 2499
882 517
883 1253
884 522
885 717
886 715
887 1799
888 392
889 2516
890 2327
891 2092
892 2389
893 2994
894 511
895 1758
896 444
897 944
898 2566
899 2895
900 1912
901 83
902 1079
903 127
904 1015
905 1168
906 316
907 1993
908 2193
909 665
910 1090
911 473
912 2619
913 2693
914 1699
915 137
916 173
917 2975
918 1779
919 1761
920 1454
921 1129
922 2505
923 146
924 195
925 1934
926 960
927 617
928 2340
929 2966
930 2465
931 102
932 1318

