826 38
0 206
1 466
2 2153
3 2278
4 2220
5 969
6 733
7 2418
8 1422
9 1751
10 31
11 974
12 1035
13 2252
14 809
15 934
16 1899
17 2200
18 1871
19 2715
20 1873
21 2589
22 550
23 2636
24 2324
25 601
26 654
27 2941
28 1839
29 1920
30 378
31 1229
32 1843
33 1351
34 2079
35 2502
36 584
37 1345
38 1373
39 1857
40 1571
41 60
42 523
43 1821
44 1806
45 1615
46 208
47 1631
48 1702
49 2464
50 2996
51 331
52 2275
53 2096
54 2435
55 1999
56 1513
57 2481
58 2284
59 1205
60 325
61 1287
62 744
63 1501
64 664
65 1365
66 1868
67 2985
68 2162
69 1202
70 1636
71 2856
72 1772
73 430
74 2734
75 2621
76 359
77 1647
78 1994
79 871
80 1262
81 2721
82 419
83 2992
84 840
85 1732
86 2071
87 1217
88 2938
89 2125
90 474
91 2835
92 2097
93 600
94 949
95 2676
96 1506
97 2020
98 2237
99 286
100 427
101 1368
102 475
103 2248
104 1245
105 1343
106 2224
107 2752
108 1671
109 2003
110 148
111 1283
112 848
113 2489
114 2132
115 238
116 1824
117 1526
118 2244
119 1939
120 1886
121 381
122 179
123 2675
124 1362
125 1390
126 192
127 2579
128 855
129 2334
130 1360
131 2434
132 1701
133 2745
134 165
135 1261
136 2522
137 325
138 2003
139 595
140 623
141 1334
142 321
143 1632
144 2548
145 175
146 2861
147 243
148 522
149 709
150 868
151 315
152 754
153 1526
154 734
155 2370
156 2991
157 757
158 2003
159 1260
160 1774
161 44
162 2052
163 1416
164 1134
165 1196
166 1220
167 1610
168 2440
169 923
170 2318
171 1191
172 1641
173 1930
174 774
175 2638
176 229
177 1983
178 1027
179 2605
180 326
181 591
182 2170
183 1442
184 1593
185 1267
186 1708
187 401
188 287
189 2158
190 204
191 2063
192 1505
193 1044
194 664
195 2235
196 2093
197 1396
198 1808
199 2322
200 301
201 1261
202 2271
203 2024
204 393
205 509
206 2359
207 2762
208 1071
209 1744
210 2316
211 2025
212 1413
213 1581
214 2066
215 1928
216 1112
217 759
218 842
219 1275
220 2856
221 570
222 2
223 2181
224 870
225 1540
226 1010
227 1299
228 942
229 2921
230 353
231 1600
232 816
233 1078
234 495
235 2651
236 2350
237 2640
238 2044
239 2285
240 2960
241 808
242 1463
243 722
244 2828
245 2664
246 1997
247 317
248 135
249 2429
250 2708
251 2600
252 2979
253 560
254 2230
255 2479
256 2481
257 2612
258 552
259 773
260 1645
261 2355
262 84
263 2864
264 2773
265 1511
266 2052
267 534
268 1159
269 893
270 1036
271 2739
272 599
273 2316
274 186
275 63
276 256
277 2177
278 2361
279 1102
280 2112
281 2820
282 376
283 425
284 2633
285 2070
286 1289
287 1394
288 2706
289 1110
290 686
291 1057
292 1523
293 937
294 582
295 2157
296 2337
297 2501
298 2891
299 2657
300 1272
301 1334
302 232
303 398
304 2850
305 1088
306 1258
307 1761
308 2554
309 2436
310 2831
311 1389
312 1181
313 2417
314 2160
315 2096
316 1229
317 2041
318 2493
319 979
320 2048
321 2279
322 690
323 2453
324 1999
325 1483
326 13
327 2631
328 15
329 481
330 1348
331 2518
332 1569
333 2613
334 2594
335 167
336 2594
337 2246
338 765
339 501
340 1976
341 2451
342 1308
343 2121
344 2045
345 921
346 729
347 1177
348 751
349 847
350 596
351 1263
352 669
353 1371
354 2319
355 1229
356 1664
357 401
358 2880
359 840
360 2409
361 855
362 2582
363 2510
364 53
365 66
366 2212
367 605
368 1962
369 2013
370 2436
371 1035
372 585
373 19
374 1828
375 638
376 140
377 2775
378 970
379 2050
380 676
381 728
382 2114
383 2002
384 776
385 629
386 146
387 2719
388 191
389 167
390 2970
391 965
392 29
393 2194
394 1561
395 2504
396 1688
397 2707
398 770
399 731
400 2301
401 2472
402 2117
403 926
404 1681
405 505
406 988
407 2725
408 1837
409 582
410 1769
411 165
412 335
413 1233
414 955
415 1376
416 2541
417 347
418 2574
419 1652
420 727
421 320
422 2275
423 97
424 2536
425 774
426 1204
427 2702
428 2618
429 1410
430 1728
431 2531
432 2852
433 955
434 2880
435 2510
436 2550
437 2964
438 2594
439 148
440 707
441 1779
442 787
443 1381
444 2706
445 1883
446 2338
447 513
448 1657
449 1963
450 1229
451 633
452 2826
453 1091
454 483
455 1281
456 1898
457 1505
458 2173
459 2962
460 2609
461 1242
462 1768
463 1750
464 2139
465 327
466 48
467 2482
468 2146
469 1451
470 929
471 2314
472 2904
473 1634
474 687
475 200
476 610
477 2300
478 1021
479 289
480 2058
481 607
482 2967
483 752
484 585
485 1656
486 1313
487 1586
488 1065
489 2623
490 1177
491 590
492 1596
493 675
494 2527
495 2905
496 1738
497 425
498 1423
499 492
500 1773
501 2799
502 2217
503 2508
504 167
505 2589
506 2359
507 3
508 800
509 586
510 2032
511 1892
512 817
513 2590
514 2267
515 2715
516 2058
517 2631
518 2696
519 1257
520 1041
521 1817
522 645
523 997
524 2671
525 7
526 768
527 1591
528 124
529 2701
530 961
531 230
532 1546
533 31
534 2520
535 2162
536 2158
537 1033
538 2553
539 2692
540 1348
541 2080
542 77
543 2937
544 2583
545 2569
546 1296
547 775
548 331
549 1451
550 2438
551 855
552 1556
553 2484
554 661
555 2390
556 858
557 916
558 1368
559 2488
560 1527
561 1845
562 2534
563 46
564 1008
565 1313
566 1914
567 1782
568 128
569 706
570 2427
571 832
572 2475
573 1408
574 1436
575 2002
576 2857
577 484
578 7
579 1288
580 2925
581 1883
582 2346
583 869
584 330
585 2848
586 2339
587 570
588 1186
589 1
590 2227
591 821
592 1122
593 1622
594 945
595 1271
596 1999
597 1750
598 2900
599 2128
600 1480
601 2705
602 380
603 983
604 2731
605 1091
606 1014
607 2384
608 2788
609 2598
610 312
611 2506
612 1425
613 1200
614 1321
615 2145
616 1745
617 2973
618 1901
619 2131
620 65
621 2112
622 323
623 1408
624 267
625 1345
626 139
627 1846
628 1372
629 2628
630 2479
631 2540
632 1628
633 2742
634 1106
635 1235
636 2746
637 1787
638 860
639 2921
640 1645
641 1947
642 1938
643 1375
644 40
645 2209
646 982
647 1636
648 1424
649 29
650 1921
651 156
652 2620
653 2187
654 2438
655 669
656 2235
657 574
658 2356
659 1487
660 811
661 1001
662 458
663 2431
664 2865
665 2119
666 1880
667 1332
668 1760
669 2415
670 2226
671 2565
672 2551
673 2393
674 844
675 525
676 1205
677 864
678 1592
679 1878
680 2131
681 1365
682 2885
683 1572
684 41
685 1201
686 2698
687 2489
688 374
689 226
690 2075
691 2700
692 2608
693 791
694 2688
695 826
696 828
697 2024
698 2652
699 1700
700 1815
701 2796
702 841
703 1502
704 1770
705 2174
706 2539
707 106
708 1498
709 508
710 700
711 2090
712 2970
713 2472
714 2685
715 2858
716 1600
717 1398
718 1328
719 92
720 1767
721 1299
722 2532
723 629
724 1921
725 1670
726 1914
727 339
728 1517
729 2229
730 2199
731 962
732 563
733 1377
734 775
735 787
736 176
737 390
738 1541
739 256
740 1312
741 2572
742 2336
743 2282
744 235
745 2325
746 2014
747 1687
748 25
749 873
750 264
751 1350
752 506
753 993
754 2423
755 2023
756 2371
757 227
758 2387
759 278
760 1707
761 1339
762 287
763 1901
764 2397
765 2267
766 654
767 2729
768 491
769 1290
770 1425
771 1152
772 2265
773 2411
774 2974
775 1466
776 173
777 1190
778 2614
779 2808
780 1992
781 664
782 901
783 2188
784 923
785 374
786 649
787 1210
788 836
789 1348
790 503
791 671
792 247
793 1975
794 1135
795 2254
796 1954
797 1020
798 204
799 2265
800 2747
801 386
802 2993
803 2732
804 1604
805 1580
806 1343
807 708
808 441
809 1866
810 2631
811 3
812 2515
813 1526
814 2075
815 1445
816 611
817 1160
818 1540
819 2205
820 83
821 970
822 1764
823 2266
824 2093
825 2943

