956 40
0 252
1 2065
2 1720
3 2169
4 504
5 1750
6 150
7 920
8 1347
9 2139
10 220
11 2121
12 2852
13 2212
14 791
15 2908
16 793
17 1313
18 927
19 2969
20 638
21 1985
22 2688
23 2602
24 1143
25 1309
26 1635
27 2270
28 936
29 548
30 874
31 2377
32 657
33 72
34 41
35 986
36 1735
37 2063
38 1528
39 1941
40 2096
41 1129
42 1177
43 1650
44 710
45 706
46 436
47 0
48 1825
49 1330
50 342
51 2277
52 2942
53 345
54 1628
55 2162
56 1972
57 1182
58 1630
59 945
60 2052
61 402
62 1800
63 1074
64 2055
65 1972
66 1965
67 2468
68 1925
69 1856
70 2145
71 1652
72 2990
73 370
74 1903
75 1916
76 202
77 2652
78 566
79 2172
80 2604
81 2110
82 555
83 2932
84 1530
85 2844
86 750
87 2427
88 2462
89 960
90 2650
91 2557
92 1241
93 1794
94 2403
95 133
96 587
97 2610
98 238
99 2542
100 543
101 2930
102 1560
103 753
104 741
105 2620
106 2238
107 1449
108 2758
109 564
110 514
111 566
112 1166
113 2201
114 2133
115 1967
116 576
117 2302
118 2089
119 1538
120 659
121 1125
122 2589
123 1081
124 799
125 2580
126 400
127 2657
128 215
129 404
130 331
131 1642
132 1202
133 2261
134 2890
135 571
136 615
137 507
138 2643
139 2630
140 2694
141 505
142 393
143 2080
144 1507
145 246
146 2022
147 586
148 2966
149 2287
150 2755
151 1101
152 2279
153 2061
154 2361
155 1460
156 1143
157 822
158 2703
159 590
160 514
161 842
162 2104
163 2279
164 997
165 946
166 291
167 2632
168 2878
169 1472
170 2535
171 502
172 1727
173 2348
174 566
175 2135
176 1455
177 1017
178 1581
179 1861
180 1647
181 2522
182 1658
183 111
184 2321
185 534
186 1760
187 2102
188 15
189 162
190 193
191 1148
192 1123
193 1297
194 1444
195 558
196 1285
197 2154
198 2517
199 2397
200 2146
201 1148
202 2901
203 118
204 230
205 2261
206 247
207 1426
208 1096
209 825
210 1631
211 1947
212 760
213 1672
214 424
215 2343
216 737
217 1853
218 412
219 1905
220 678
221 1934
222 108
223 1492
224 1390
225 54
226 2602
227 989
228 512
229 2576
230 1214
231 1199
232 2346
233 16
234 1137
235 772
236 338
237 1067
238 302
239 289
240 1732
241 851
242 2680
243 2996
244 106
245 594
246 2750
247 966
248 1863
249 455
250 290
251 469
252 1728
253 2877
254 394
255 187
256 2593
257 216
258 2896
259 2452
260 684
261 2216
262 521
263 524
264 1942
265 1729
266 2735
267 737
268 1584
269 441
270 74
271 2913
272 47
273 267
274 2514
275 1994
276 2657
277 1279
278 1529
279 541
280 247
281 198
282 2269
283 2231
284 435
285 1142
286 108
287 2860
288 2
289 1207
290 916
291 120
292 1844
293 1500
294 2295
295 199
296 1480
297 2091
298 2123
299 2940
300 912
301 398
302 2161
303 761
304 2718
305 1087
306 1569
307 1492
308 1121
309 591
310 64
311 1382
312 1468
313 1742
314 1160
315 1775
316 2169
317 323
318 476
319 2608
320 47
321 1130
322 34
323 96
324 1333
325 1849
326 2892
327 1263
328 1590
329 717
330 2430
331 2469
332 252
333 2156
334 1887
335 2572
336 2379
337 2729
338 2047
339 23
340 555
341 1216
342 1543
343 2971
344 2672
345 2310
346 1891
347 1951
348 2149
349 2422
350 922
351 2473
352 1082
353 1358
354 842
355 1785
356 2682
357 587
358 563
359 2593
360 2589
361 2678
362 81
363 1228
364 1189
365 48
366 1527
367 1876
368 1308
369 2575
370 690
371 2892
372 1562
373 308
374 542
375 1140
376 1660
377 2489
378 1777
379 1970
380 2576
381 789
382 1710
383 253
384 1913
385 2085
386 89
387 1127
388 895
389 480
390 1419
391 1887
392 568
393 763
394 648
395 2387
396 1364
397 2833
398 280
399 1883
400 144
401 2988
402 346
403 1567
404 2062
405 2924
406 2200
407 2248
408 843
409 1279
410 416
411 1778
412 1543
413 1710
414 2907
415 629
416 2076
417 819
418 992
419 2180
420 384
421 2839
422 1975
423 2872
424 545
425 1562
426 1061
427 873
428 1308
429 2858
430 2056
431 2246
432 349
433 1977
434 2721
435 2940
436 942
437 621
438 2714
439 1057
440 103
441 2052
442 2643
443 1574
444 2751
445 308
446 933
447 1806
448 930
449 1539
450 984
451 2018
452 1146
453 462
454 2663
455 2583
456 414
457 2011
458 526
459 2179
460 1651
461 677
462 1170
463 1215
464 2223
465 2421
466 1199
467 255
468 1808
469 2927
470 1236
471 1772
472 1858
473 2196
474 2604
475 1854
476 604
477 614
478 613
479 260
480 692
481 1015
482 1180
483 1332
484 70
485 98
486 779
487 1474
488 2268
489 2906
490 1771
491 2853
492 2033
493 2296
494 804
495 191
496 1527
497 2622
498 1873
499 2032
500 1195
501 237
502 1628
503 2157
504 1593
505 2467
506 352
507 1969
508 925
509 2001
510 2134
511 695
512 2441
513 549
514 2836
515 2435
516 253
517 2659
518 587
519 1880
520 681
521 628
522 748
523 2462
524 970
525 2859
526 906
527 2714
528 2826
529 2112
530 500
531 2574
532 1074
533 725
534 1220
535 2570
536 1746
537 605
538 293
539 1358
540 2385
541 74
542 1499
543 1679
544 1592
545 279
546 593
547 737
548 1379
549 2101
550 189
551 2350
552 293
553 2675
554 979
555 1794
556 1676
557 911
558 2761
559 2744
560 750
561 598
562 582
563 2745
564 1701
565 1460
566 1621
567 2274
568 1313
569 1174
570 2998
571 792
572 1508
573 2046
574 1563
575 2221
576 2370
577 449
578 1863
579 2235
580 1178
581 1920
582 2704
583 1833
584 151
585 1933
586 932
587 1519
588 2930
589 311
590 1498
591 1686
592 411
593 2620
594 2240
595 896
596 2627
597 1152
598 2697
599 2670
600 2655
601 775
602 1319
603 2727
604 1593
605 2239
606 517
607 209
608 375
609 2115
610 2246
611 2144
612 679
613 1996
614 2138
615 881
616 108
617 763
618 2878
619 1946
620 720
621 113
622 2687
623 1234
624 1596
625 1247
626 1819
627 406
628 1307
629 2903
630 842
631 2184
632 2528
633 416
634 2064
635 2236
636 57
637 469
638 2735
639 2815
640 1344
641 2917
642 1239
643 1026
644 1812
645 2933
646 2783
647 1986
648 2728
649 2672
650 2500
651 346
652 2063
653 2112
654 811
655 352
656 1573
657 2823
658 316
659 2117
660 812
661 382
662 233
663 1736
664 807
665 1147
666 1721
667 2111
668 1335
669 1839
670 299
671 2093
672 1046
673 1245
674 1023
675 1032
676 2324
677 360
678 1323
679 1701
680 316
681 2458
682 1702
683 2446
684 1192
685 764
686 2739
687 2805
688 1113
689 2786
690 619
691 2469
692 2964
693 1572
694 344
695 1951
696 1383
697 1328
698 1115
699 2643
700 1387
701 1643
702 2075
703 398
704 719
705 2263
706 13
707 439
708 1495
709 2458
710 433
711 2017
712 832
713 437
714 1104
715 2529
716 2859
717 747
718 2690
719 653
720 1873
721 1982
722 351
723 44
724 1473
725 1406
726 207
727 655
728 1902
729 1697
730 500
731 2669
732 2083
733 1688
734 2231
735 1959
736 1433
737 1757
738 2744
739 2614
740 2847
741 1221
742 254
743 2537
744 360
745 2216
746 1130
747 1760
748 1702
749 1971
750 271
751 291
752 1741
753 1093
754 508
755 1197
756 564
757 2868
758 1034
759 548
760 2514
761 594
762 1084
763 30
764 1774
765 1471
766 2619
767 115
768 1575
769 979
770 1064
771 1413
772 2820
773 1082
774 794
775 288
776 1647
777 1556
778 1857
779 1889
780 221
781 1261
782 2309
783 873
784 951
785 611
786 1135
787 2055
788 2149
789 2053
790 366
791 648
792 1960
793 2001
794 970
795 448
796 279
797 186
798 1131
799 777
800 2356
801 1462
802 2921
803 1500
804 924
805 924
806 48
807 1189
808 661
809 2708
810 500
811 156
812 902
813 2864
814 2056
815 757
816 2739
817 1098
818 880
819 115
820 853
821 2375
822 2211
823 1700
824 1928
825 945
826 1917
827 2939
828 951
829 67
830 212
831 2470
832 2122
833 921
834 457
835 1636
836 2349
837 1867
838 1328
839 2497
840 2056
841 506
842 1237
843 1804
844 442
845 1083
846 1397
847 1697
848 864
849 173
850 958
851 2623
852 2391
853 2742
854 471
855 718
856 909
857 1845
858 1714
859 851
860 1952
861 2400
862 1940
863 2690
864 1144
865 2361
866 1181
867 130
868 2333
869 35
870 1830
871 1403
872 1122
873 371
874 1923
875 654
876 2339
877 1867
878 1851
879 488
880 2026
881 1475
882 159
883 875
884 1037
885 340
886 1029
887 1823
888 2961
889 47
890 2778
891 2575
892 2863
893 257
894 106
895 249
896 1402
897 944
898 2516
899 1074
900 563
901 53
902 85
903 1216
904 1234
905 1548
906 1670
907 2606
908 1884
909 936
910 1651
911 2025
912 727
913 1780
914 403
915 1201
916 660
917 2537
918 2198
919 1439
920 2282
921 367
922 327
923 1601
924 2165
925 2386
926 1918
927 1650
928 757
929 1719
930 1708
931 388
932 1398
933 998
934 2715
935 2086
936 1901
937 690
938 2589
939 2181
940 363
941 629
942 685
943 2476
944 1449
945 1683
946 2457
947 67
948 1056
949 1746
950 1812
951 893
952 284
953 2676
954 1359
955 1086

