815 73
0 129
1 886
2 25
3 2570
4 2605
5 2739
6 2259
7 818
8 970
9 2434
10 2381
11 2772
12 112
13 495
14 1249
15 2123
16 586
17 282
18 2947
19 509
20 372
21 651
22 203
23 1841
24 305
25 617
26 1428
27 2298
28 2023
29 2099
30 68
31 2275
32 1385
33 2166
34 1863
35 2029
36 1942
37 231
38 2009
39 2108
40 919
41 2184
42 2411
43 927
44 368
45 724
46 39
47 1494
48 2600
49 2749
50 2047
51 1293
52 824
53 2207
54 1040
55 1693
56 123
57 2706
58 2098
59 552
60 1933
61 2423
62 2624
63 1644
64 2191
65 1885
66 613
67 2192
68 2905
69 2375
70 2728
71 886
72 490
73 1136
74 2090
75 2893
76 2369
77 2499
78 1955
79 2602
80 2079
81 1857
82 2782
83 1839
84 706
85 2194
86 380
87 1189
88 2888
89 2212
90 2051
91 2389
92 660
93 2400
94 199
95 2307
96 319
97 2888
98 2222
99 2238
100 1857
101 2135
102 1403
103 1494
104 1223
105 1940
106 1721
107 138
108 1175
109 1158
110 407
111 1762
112 892
113 909
114 794
115 16
116 1307
117 1657
118 1169
119 2820
120 1967
121 2833
122 1956
123 1135
124 1156
125 2218
126 2079
127 2685
128 447
129 835
130 1122
131 2945
132 1993
133 1662
134 1962
135 1248
136 1404
137 2791
138 624
139 1386
140 103
141 1318
142 2150
143 2972
144 1487
145 2278
146 2809
147 1112
148 2512
149 1287
150 1721
151 1432
152 1331
153 107
154 176
155 28
156 329
157 245
158 2222
159 2084
160 1881
161 877
162 1338
163 328
164 138
165 500
166 1650
167 516
168 1118
169 2257
170 406
171 2457
172 2345
173 313
174 1712
175 469
176 654
177 1386
178 2954
179 331
180 2306
181 2697
182 2155
183 2585
184 1761
185 664
186 816
187 227
188 2935
189 2524
190 547
191 1232
192 2182
193 2876
194 2004
195 695
196 1439
197 1904
198 931
199 1758
200 1676
201 1466
202 2357
203 2480
204 1653
205 2315
206 605
207 2162
208 1586
209 1245
210 738
211 1235
212 1347
213 1389
214 2062
215 2838
216 620
217 2388
218 1650
219 434
220 1409
221 2329
222 113
223 1381
224 1716
225 2833
226 2910
227 2745
228 1275
229 911
230 2035
231 1024
232 264
233 110
234 219
235 999
236 933
237 1732
238 2455
239 2897
240 1847
241 1821
242 759
243 1733
244 1504
245 242
246 1924
247 1115
248 1364
249 32
250 478
251 22
252 1206
253 1268
254 2555
255 1509
256 2713
257 2997
258 114
259 2562
260 828
261 1275
262 2340
263 708
264 2921
265 1929
266 2260
267 1850
268 2031
269 2645
270 2365
271 2785
272 53
273 1927
274 868
275 1347
276 950
277 2210
278 24
279 1710
280 2900
281 2832
282 1254
283 2354
284 1033
285 376
286 2059
287 1560
288 2232
289 1926
290 701
291 613
292 2957
293 921
294 1873
295 759
296 1476
297 2371
298 1188
299 2644
300 2019
301 1686
302 2097
303 2541
304 2405
305 845
306 2152
307 1986
308 2826
309 99
310 2216
311 1972
312 393
313 2009
314 1120
315 2343
316 767
317 491
318 2269
319 1296
320 709
321 348
322 1644
323 2348
324 2923
325 2977
326 122
327 2490
328 1590
329 1619
330 177
331 706
332 30
333 867
334 2729
335 2145
336 1950
337 1220
338 1974
339 1319
340 2466
341 1710
342 655
343 937
344 1024
345 1292
346 2198
347 2993
348 2487
349 2673
350 640
351 2599
352 2180
353 1293
354 2746
355 2338
356 177
357 1365
358 1309
359 1610
360 1554
361 2070
362 2923
363 2999
364 1628
365 2776
366 38
367 2189
368 2687
369 2793
370 1206
371 2136
372 356
373 241
374 2686
375 601
376 596
377 1255
378 1165
379 1031
380 2720
381 1020
382 2520
383 2928
384 2967
385 1845
386 2697
387 550
388 1242
389 1355
390 286
391 274
392 229
393 1604
394 138
395 1070
396 567
397 1314
398 2908
399 1028
400 1835
401 2523
402 748
403 2779
404 1863
405 1147
406 2574
407 1176
408 2525
409 1325
410 2001
411 1703
412 1935
413 743
414 1794
415 207
416 661
417 139
418 226
419 153
420 987
421 245
422 2190
423 747
424 943
425 91
426 115
427 2539
428 955
429 2397
430 601
431 1767
432 1120
433 89
434 1747
435 1967
436 1640
437 2315
438 1476
439 2995
440 680
441 2285
442 208
443 1777
444 1950
445 222
446 1292
447 1630
448 1746
449 5
450 2192
451 2097
452 1373
453 1065
454 1336
455 2928
456 2621
457 289
458 1671
459 2404
460 2054
461 2555
462 889
463 1134
464 2599
465 512
466 1810
467 1276
468 676
469 2441
470 1776
471 724
472 2504
473 893
474 1928
475 2730
476 1221
477 658
478 419
479 1600
480 493
481 1572
482 1425
483 528
484 1400
485 2427
486 2211
487 985
488 2663
489 1339
490 1187
491 2190
492 1621
493 227
494 745
495 358
496 1713
497 845
498 2032
499 883
500 2018
501 2874
502 2924
503 1405
504 2808
505 721
506 1221
507 2740
508 2356
509 2502
510 986
511 2132
512 2316
513 2031
514 2510
515 2319
516 2940
517 1494
518 780
519 504
520 1825
521 1784
522 2224
523 1175
524 2900
525 826
526 2154
527 2719
528 1641
529 2859
530 105
531 1782
532 1023
533 610
534 775
535 2291
536 899
537 1206
538 2713
539 1184
540 1513
541 906
542 2164
543 1685
544 2411
545 2006
546 1409
547 2454
548 2391
549 263
550 2986
551 73
552 418
553 633
554 2393
555 886
556 2781
557 2692
558 1150
559 895
560 1340
561 1823
562 374
563 2540
564 2170
565 2561
566 258
567 2929
568 643
569 966
570 1730
571 1234
572 1792
573 2595
574 1158
575 2993
576 1012
577 1304
578 212
579 2710
580 77
581 317
582 1099
583 569
584 1728
585 2597
586 1258
587 2300
588 102
589 485
590 2157
591 366
592 2961
593 1720
594 928
595 80
596 2647
597 1207
598 2184
599 2022
600 2809
601 1504
602 811
603 2681
604 1128
605 800
606 1861
607 2616
608 1074
609 2499
610 187
611 1159
612 2305
613 2011
614 2784
615 1723
616 312
617 1420
618 2297
619 1713
620 134
621 1414
622 1209
623 535
624 879
625 1159
626 1529
627 2546
628 357
629 1261
630 763
631 1205
632 2726
633 2552
634 2302
635 1678
636 2164
637 2431
638 223
639 373
640 612
641 2897
642 2951
643 2446
644 2998
645 874
646 316
647 2266
648 1530
649 151
650 2416
651 674
652 1626
653 2854
654 285
655 1098
656 2118
657 2419
658 771
659 390
660 336
661 510
662 1461
663 45
664 1711
665 470
666 571
667 558
668 93
669 1239
670 1077
671 2118
672 2402
673 278
674 612
675 2860
676 1488
677 1465
678 985
679 1438
680 1945
681 1297
682 828
683 2754
684 2509
685 2269
686 2768
687 2619
688 1869
689 2387
690 1225
691 2373
692 2301
693 1324
694 2402
695 839
696 2097
697 2986
698 1767
699 2282
700 2764
701 1554
702 1080
703 2972
704 1181
705 1183
706 2542
707 1668
708 37
709 1491
710 216
711 1806
712 91
713 2858
714 2688
715 2521
716 1488
717 385
718 1663
719 2922
720 906
721 2930
722 941
723 2581
724 1421
725 2518
726 928
727 1536
728 2620
729 2923
730 201
731 812
732 250
733 2045
734 962
735 2202
736 2455
737 461
738 1782
739 558
740 2532
741 384
742 1035
743 175
744 2581
745 19
746 1007
747 568
748 1403
749 2846
750 1217
751 937
752 2830
753 2239
754 1518
755 1444
756 2863
757 1997
758 1753
759 1236
760 2465
761 990
762 574
763 2162
764 2798
765 985
766 1414
767 1720
768 1589
769 796
770 2108
771 950
772 1691
773 903
774 200
775 1754
776 792
777 184
778 76
779 1915
780 1384
781 141
782 2452
783 2715
784 681
785 1869
786 1816
787 1625
788 1863
789 1309
790 1826
791 1113
792 696
793 535
794 1269
795 320
796 1512
797 2880
798 605
799 1339
800 726
801 1088
802 2370
803 1665
804 2596
805 2358
806 580
807 2568
808 189
809 2765
810 1118
811 759
812 1297
813 2799
814 738

