423 63
0 2428
1 168
2 1417
3 522
4 156
5 1894
6 2043
7 106
8 2645
9 557
10 1019
11 2785
12 404
13 954
14 199
15 666
16 2646
17 1412
18 1508
19 1580
20 864
21 1232
22 1471
23 1241
24 2461
25 822
26 2195
27 2619
28 2332
29 468
30 2020
31 636
32 2312
33 2987
34 2895
35 1811
36 1587
37 907
38 1123
39 926
40 1914
41 1756
42 1667
43 595
44 2142
45 616
46 616
47 194
48 541
49 2927
50 503
51 2925
52 2354
53 2858
54 438
55 520
56 1307
57 1800
58 1956
59 1449
60 2285
61 2211
62 2585
63 2615
64 2423
65 2297
66 556
67 819
68 1448
69 2467
70 2039
71 2939
72 1000
73 2004
74 1441
75 255
76 1484
77 1230
78 1072
79 736
80 911
81 1874
82 264
83 795
84 2486
85 436
86 1059
87 2969
88 81
89 110
90 2275
91 2677
92 2522
93 1309
94 1591
95 167
96 313
97 1442
98 1162
99 2730
100 1421
101 218
102 1902
103 971
104 461
105 1984
106 1013
107 1459
108 2309
109 1245
110 2948
111 142
112 97
113 2798
114 2496
115 955
116 2289
117 1101
118 601
119 1687
120 161
121 1859
122 2145
123 296
124 2280
125 728
126 1708
127 1891
128 2744
129 218
130 1714
131 1602
132 633
133 2846
134 2926
135 2406
136 862
137 1184
138 2089
139 2783
140 1179
141 2999
142 941
143 594
144 2653
145 2606
146 2211
147 1149
148 973
149 1060
150 1251
151 682
152 2409
153 621
154 2380
155 1569
156 1043
157 1063
158 91
159 2644
160 2718
161 1229
162 546
163 1109
164 807
165 708
166 1505
167 711
168 958
169 723
170 727
171 1624
172 996
173 2886
174 1655
175 420
176 2699
177 1940
178 2146
179 987
180 2703
181 1155
182 2869
183 2880
184 1333
185 1518
186 224
187 1100
188 772
189 510
190 2122
191 1226
192 958
193 1186
194 2343
195 2204
196 2133
197 2645
198 326
199 2013
200 2330
201 265
202 1737
203 1805
204 1745
205 1330
206 592
207 2045
208 2759
209 2636
210 1482
211 546
212 2518
213 746
214 2836
215 1495
216 24
217 2750
218 751
219 1521
220 2454
221 595
222 2370
223 1967
224 2234
225 1625
226 1365
227 1350
228 330
229 738
230 1504
231 2012
232 1973
233 1784
234 269
235 1947
236 1171
237 829
238 2201
239 1493
240 1953
241 770
242 2815
243 957
244 1594
245 1329
246 223
247 682
248 536
249 1552
250 2035
251 225
252 2153
253 1231
254 1488
255 2127
256 524
257 1919
258 1468
259 2062
260 1855
261 2634
262 2779
263 1911
264 2363
265 1046
266 1636
267 2229
268 1500
269 1444
270 2155
271 1308
272 533
273 502
274 1399
275 2468
276 1557
277 2572
278 2427
279 2492
280 660
281 1169
282 2828
283 2001
284 2458
285 1572
286 2082
287 1799
288 2728
289 513
290 267
291 1334
292 1828
293 1963
294 2564
295 2113
296 2201
297 1112
298 327
299 968
300 1780
301 2685
302 2082
303 1565
304 1519
305 37
306 930
307 260
308 2721
309 1494
310 2091
311 2296
312 834
313 862
314 1962
315 281
316 718
317 3000
318 2057
319 262
320 356
321 213
322 2878
323 304
324 2954
325 2648
326 205
327 650
328 2305
329 1218
330 880
331 2010
332 62
333 457
334 2082
335 2145
336 1026
337 2430
338 354
339 1567
340 1996
341 2573
342 2865
343 165
344 118
345 44
346 2759
347 1611
348 377
349 1857
350 78
351 1010
352 2885
353 1296
354 459
355 847
356 1377
357 83
358 1791
359 829
360 528
361 33
362 667
363 176
364 1232
365 2420
366 1851
367 466
368 2415
369 65
370 808
371 614
372 438
373 900
374 1585
375 870
376 270
377 2092
378 177
379 2311
380 2450
381 2174
382 2118
383 1553
384 389
385 2734
386 1412
387 1708
388 1303
389 2526
390 1070
391 2068
392 2489
393 2287
394 1725
395 2760
396 732
397 2739
398 2532
399 2228
400 1623
401 1922
402 1496
403 1153
404 1045
405 58
406 293
407 1399
408 926
409 1534
410 2173
411 541
412 448
413 2918
414 1187
415 1582
416 2550
417 727
418 218
419 325
420 2381
421 198
422 2027

