404 8
0 2569
1 1259
2 127
3 1314
4 1770
5 2646
6 1406
7 2447
8 906
9 270
10 1276
11 1971
12 1421
13 739
14 442
15 1570
16 1970
17 2242
18 580
19 2245
20 205
21 330
22 2316
23 609
24 2233
25 262
26 2995
27 2543
28 446
29 1178
30 2689
31 1422
32 580
33 422
34 1334
35 2320
36 23
37 640
38 670
39 2438
40 479
41 3000
42 2780
43 642
44 697
45 2566
46 1360
47 1187
48 2131
49 2038
50 1941
51 467
52 2211
53 2283
54 23
55 1527
56 739
57 1817
58 944
59 1092
60 213
61 1898
62 91
63 2544
64 1235
65 1843
66 2346
67 1955
68 597
69 932
70 1254
71 2331
72 1309
73 359
74 2943
75 1852
76 1937
77 244
78 984
79 2159
80 2489
81 1675
82 729
83 505
84 1047
85 56
86 469
87 2003
88 2265
89 2095
90 1568
91 772
92 2537
93 147
94 965
95 999
96 1793
97 436
98 511
99 1931
100 538
101 2624
102 763
103 2033
104 1026
105 2251
106 2328
107 1710
108 2535
109 2120
110 324
111 2980
112 1804
113 1985
114 1050
115 2001
116 1560
117 856
118 2909
119 312
120 1842
121 2159
122 2388
123 1343
124 2538
125 1048
126 1353
127 900
128 1777
129 2074
130 1508
131 2268
132 2495
133 1354
134 1531
135 2692
136 2949
137 2005
138 2299
139 928
140 1030
141 1430
142 2313
143 540
144 2212
145 420
146 2981
147 1967
148 247
149 799
150 623
151 196
152 890
153 105
154 1379
155 1501
156 1084
157 817
158 1593
159 1392
160 1546
161 1590
162 109
163 230
164 209
165 2086
166 1320
167 1034
168 2030
169 2833
170 684
171 1630
172 2799
173 2793
174 492
175 2650
176 2328
177 2174
178 1207
179 2899
180 578
181 2149
182 1685
183 1351
184 1178
185 1339
186 753
187 59
188 1552
189 1912
190 97
191 2261
192 997
193 383
194 2375
195 2956
196 886
197 411
198 2100
199 1416
200 753
201 606
202 27
203 196
204 2870
205 2295
206 1035
207 2387
208 1986
209 247
210 941
211 324
212 2969
213 480
214 1270
215 1037
216 666
217 840
218 542
219 1235
220 2396
221 2799
222 2323
223 1517
224 1445
225 887
226 291
227 1492
228 1219
229 2193
230 1862
231 2752
232 498
233 821
234 1187
235 2725
236 2459
237 391
238 2374
239 1135
240 2883
241 2506
242 2331
243 1933
244 725
245 2791
246 2997
247 87
248 223
249 583
250 2926
251 2677
252 1070
253 2677
254 1648
255 969
256 1394
257 2680
258 1988
259 114
260 839
261 2812
262 2290
263 2059
264 1675
265 1141
266 617
267 2839
268 1147
269 1934
270 2366
271 2550
272 2379
273 2257
274 1892
275 1504
276 2525
277 118
278 2835
279 2788
280 1082
281 2363
282 730
283 464
284 1602
285 1250
286 1842
287 231
288 1709
289 617
290 1506
291 1837
292 1789
293 2977
294 201
295 329
296 509
297 900
298 2326
299 304
300 2828
301 1495
302 887
303 606
304 2989
305 1229
306 1481
307 1130
308 2429
309 2160
310 1897
311 1314
312 2421
313 1259
314 1487
315 1621
316 2611
317 345
318 2075
319 8
320 2606
321 618
322 530
323 2754
324 1093
325 573
326 122
327 849
328 2273
329 82
330 1992
331 2614
332 2250
333 1265
334 1161
335 1235
336 1383
337 2913
338 590
339 874
340 1586
341 2150
342 526
343 179
344 1362
345 893
346 1696
347 294
348 1171
349 1005
350 1762
351 525
352 909
353 942
354 311
355 844
356 2096
357 1280
358 2397
359 1856
360 1547
361 735
362 1616
363 1861
364 743
365 1910
366 2856
367 1808
368 1047
369 1551
370 933
371 2447
372 2200
373 583
374 494
375 679
376 2951
377 537
378 1982
379 2739
380 413
381 2159
382 1165
383 771
384 1121
385 1706
386 1243
387 1515
388 1815
389 2585
390 2370
391 563
392 2151
393 820
394 1648
395 2339
396 376
397 2025
398 1837
399 349
400 830
401 939
402 1617
403 636

