830 80
0 604
1 431
2 1241
3 1577
4 2332
5 1465
6 1253
7 1442
8 1073
9 704
10 1079
11 2483
12 2497
13 2440
14 1994
15 828
16 2757
17 2282
18 1070
19 107
20 1118
21 1
22 1806
23 814
24 2093
25 1507
26 1573
27 2863
28 203
29 1378
30 1038
31 1125
32 2951
33 2775
34 1903
35 2900
36 1662
37 2002
38 2128
39 127
40 2553
41 845
42 2762
43 2061
44 1545
45 2360
46 2482
47 1333
48 2413
49 2231
50 1968
51 2590
52 2692
53 16
54 730
55 2076
56 419
57 38
58 1705
59 2751
60 423
61 1637
62 2529
63 2474
64 232
65 412
66 256
67 469
68 1806
69 2294
70 1402
71 959
72 1497
73 689
74 1830
75 1140
76 2103
77 2633
78 233
79 1627
80 1015
81 2491
82 1239
83 1737
84 2097
85 2682
86 2999
87 2135
88 2853
89 2616
90 619
91 2649
92 2856
93 2605
94 2641
95 2218
96 1931
97 1123
98 2922
99 2123
100 2123
101 445
102 703
103 762
104 1202
105 1664
106 2559
107 2995
108 2071
109 848
110 1665
111 954
112 1770
113 1144
114 1590
115 155
116 2284
117 2098
118 1503
119 1987
120 870
121 2394
122 976
123 797
124 154
125 2528
126 1875
127 2570
128 257
129 678
130 481
131 18
132 1779
133 2429
134 1510
135 2146
136 1394
137 1819
138 1119
139 1294
140 2096
141 1459
142 186
143 2857
144 2740
145 2668
146 467
147 2213
148 1897
149 367
150 1653
151 2551
152 2613
153 1719
154 2233
155 1225
156 1857
157 1776
158 1599
159 1398
160 2922
161 852
162 1381
163 2443
164 1998
165 2425
166 2050
167 2018
168 597
169 1394
170 489
171 2900
172 744
173 470
174 1923
175 1780
176 1881
177 1500
178 1453
179 359
180 2040
181 2432
182 2770
183 1659
184 890
185 439
186 726
187 1259
188 2854
189 2290
190 1347
191 2814
192 430
193 776
194 882
195 2082
196 445
197 1035
198 1436
199 125
200 2982
201 2292
202 1643
203 2263
204 1738
205 2945
206 1338
207 63
208 618
209 894
210 1010
211 796
212 1003
213 1249
214 1071
215 183
216 713
217 2920
218 2811
219 891
220 1873
221 2975
222 2568
223 1910
224 1079
225 2110
226 1583
227 2606
228 503
229 512
230 195
231 2386
232 2764
233 799
234 2658
235 2031
236 686
237 2008
238 1950
239 2186
240 2997
241 1574
242 572
243 1317
244 820
245 2856
246 769
247 1243
248 1024
249 2247
250 2820
251 1700
252 609
253 248
254 2479
255 59
256 736
257 718
258 1110
259 881
260 1414
261 1994
262 333
263 2230
264 1613
265 1729
266 1683
267 2559
268 490
269 2963
270 2196
271 324
272 2150
273 1982
274 2379
275 846
276 985
277 2512
278 1426
279 44
280 2149
281 441
282 986
283 2854
284 1615
285 2746
286 1915
287 18
288 702
289 2857
290 1470
291 1634
292 197
293 2624
294 2473
295 2935
296 491
297 482
298 1190
299 1436
300 2862
301 2553
302 1210
303 1788
304 123
305 2631
306 1519
307 928
308 1317
309 204
310 1147
311 1564
312 2476
313 848
314 1104
315 1983
316 2486
317 309
318 1500
319 227
320 1694
321 2061
322 2775
323 2197
324 241
325 318
326 1931
327 1533
328 254
329 1464
330 1650
331 2666
332 2410
333 2509
334 622
335 1144
336 501
337 588
338 659
339 2805
340 1616
341 292
342 2507
343 1786
344 2994
345 1043
346 2960
347 1529
348 1988
349 1042
350 1562
351 843
352 1212
353 2080
354 1206
355 1200
356 1537
357 2823
358 1375
359 1170
360 1195
361 2625
362 206
363 2389
364 1974
365 1993
366 1357
367 285
368 1046
369 2268
370 1163
371 90
372 1300
373 2008
374 668
375 1521
376 1288
377 427
378 1938
379 1175
380 1506
381 485
382 2868
383 1732
384 751
385 2123
386 2940
387 796
388 2587
389 1355
390 1096
391 1167
392 1895
393 58
394 150
395 1378
396 2126
397 2456
398 2749
399 1516
400 2754
401 2579
402 1414
403 1642
404 2616
405 1546
406 289
407 616
408 1445
409 2574
410 2622
411 205
412 511
413 1082
414 2239
415 1051
416 2612
417 772
418 93
419 683
420 1543
421 2067
422 663
423 2412
424 867
425 1541
426 2808
427 2273
428 2388
429 1105
430 1791
431 1498
432 252
433 120
434 2326
435 2515
436 1512
437 2204
438 921
439 2145
440 757
441 2144
442 2702
443 1336
444 2112
445 51
446 912
447 909
448 2293
449 1203
450 251
451 1128
452 1404
453 1424
454 630
455 2708
456 196
457 1698
458 330
459 2535
460 842
461 1702
462 103
463 1572
464 58
465 505
466 2807
467 493
468 813
469 117
470 1189
471 2505
472 1286
473 2488
474 299
475 1993
476 2986
477 1757
478 1556
479 1611
480 2002
481 1585
482 1792
483 861
484 2233
485 2906
486 1482
487 795
488 1634
489 2853
490 1307
491 435
492 2406
493 413
494 2393
495 2425
496 1515
497 2596
498 1119
499 1460
500 2546
501 2285
502 2558
503 2797
504 339
505 1050
506 1321
507 50
508 1834
509 2912
510 2825
511 2497
512 2854
513 1500
514 84
515 1151
516 2249
517 83
518 543
519 1135
520 132
521 2416
522 1549
523 1415
524 2616
525 441
526 1002
527 740
528 1051
529 1288
530 1640
531 2480
532 1910
533 2536
534 337
535 2326
536 354
537 1162
538 133
539 1665
540 1867
541 590
542 2337
543 862
544 2976
545 2488
546 139
547 724
548 1376
549 1460
550 2132
551 2385
552 1231
553 1
554 872
555 983
556 2735
557 665
558 2472
559 2688
560 1090
561 2475
562 991
563 1029
564 1963
565 1575
566 2574
567 2780
568 1394
569 2216
570 975
571 232
572 2337
573 2590
574 1585
575 2453
576 2642
577 576
578 1281
579 1717
580 37
581 1794
582 1052
583 1420
584 169
585 1354
586 420
587 1654
588 2293
589 1136
590 1623
591 2619
592 1083
593 156
594 1970
595 828
596 2544
597 2676
598 2366
599 479
600 1097
601 2942
602 393
603 1806
604 784
605 2720
606 1778
607 2771
608 1634
609 1975
610 820
611 2796
612 408
613 780
614 2512
615 209
616 2107
617 15
618 324
619 1965
620 2038
621 547
622 1523
623 713
624 1530
625 625
626 1968
627 2691
628 1995
629 2574
630 1499
631 1081
632 219
633 1860
634 141
635 937
636 317
637 216
638 360
639 183
640 1296
641 1832
642 2705
643 1573
644 1979
645 2741
646 1837
647 1637
648 1958
649 2153
650 25
651 2435
652 502
653 1566
654 2044
655 2158
656 542
657 1290
658 2389
659 2287
660 2991
661 1896
662 2863
663 251
664 8
665 1513
666 829
667 1028
668 949
669 1908
670 779
671 497
672 1303
673 1051
674 444
675 1622
676 2358
677 641
678 1887
679 1686
680 1013
681 2074
682 739
683 2601
684 2814
685 120
686 70
687 1929
688 2274
689 1489
690 219
691 55
692 385
693 1503
694 1330
695 127
696 284
697 2014
698 1792
699 2848
700 2533
701 2754
702 2651
703 1113
704 271
705 217
706 2691
707 2181
708 54
709 301
710 1763
711 2522
712 2690
713 1759
714 814
715 2324
716 1836
717 2153
718 643
719 1882
720 845
721 238
722 1226
723 2518
724 1709
725 2391
726 2528
727 206
728 2640
729 1340
730 2913
731 979
732 1455
733 2609
734 345
735 1422
736 414
737 2858
738 2530
739 2750
740 2056
741 2757
742 2661
743 1421
744 1004
745 1825
746 2635
747 2858
748 883
749 323
750 701
751 2475
752 650
753 1740
754 2365
755 2361
756 2862
757 2539
758 604
759 399
760 2216
761 2357
762 2374
763 785
764 1703
765 1305
766 1483
767 1309
768 1164
769 2314
770 73
771 1933
772 320
773 870
774 17
775 2358
776 727
777 2608
778 850
779 330
780 348
781 113
782 1698
783 2273
784 2437
785 364
786 2966
787 1349
788 1691
789 1188
790 2472
791 728
792 2233
793 1072
794 2429
795 443
796 1183
797 515
798 171
799 1727
800 515
801 2198
802 2061
803 1539
804 967
805 2922
806 1356
807 2049
808 2942
809 400
810 458
811 278
812 722
813 2658
814 1512
815 447
816 907
817 1935
818 931
819 1112
820 1898
821 765
822 1108
823 40
824 1726
825 101
826 2669
827 139
828 1521
829 1577

