206 32
0 2780
1 2427
2 278
3 180
4 526
5 2230
6 1158
7 1499
8 1280
9 1134
10 274
11 1758
12 2560
13 995
14 2600
15 30
16 501
17 2584
18 1409
19 720
20 1115
21 29
22 1453
23 2914
24 590
25 2460
26 2208
27 1463
28 601
29 1596
30 2903
31 2251
32 1293
33 2801
34 1288
35 401
36 1958
37 1045
38 2113
39 1741
40 1106
41 2087
42 2067
43 2791
44 1106
45 471
46 1311
47 425
48 2655
49 2299
50 1564
51 628
52 1579
53 41
54 1757
55 1802
56 2109
57 455
58 1502
59 2243
60 2886
61 2625
62 2112
63 2580
64 2170
65 2344
66 165
67 982
68 1029
69 1033
70 2146
71 1481
72 271
73 1015
74 2551
75 643
76 982
77 2733
78 2842
79 2633
80 1637
81 1636
82 1366
83 2988
84 2328
85 386
86 2798
87 2127
88 844
89 2916
90 2920
91 453
92 2238
93 40
94 1028
95 2709
96 1937
97 2889
98 2431
99 1185
100 2210
101 2386
102 2489
103 1560
104 2562
105 221
106 1215
107 1089
108 2791
109 327
110 2789
111 2326
112 638
113 2104
114 2742
115 341
116 1566
117 782
118 1303
119 708
120 2917
121 831
122 1712
123 275
124 263
125 1297
126 94
127 2411
128 2964
129 2701
130 2295
131 2098
132 1716
133 2859
134 1775
135 2146
136 679
137 994
138 1036
139 554
140 2015
141 2260
142 2903
143 1452
144 2121
145 1238
146 311
147 888
148 2054
149 45
150 1929
151 40
152 1029
153 1543
154 1605
155 1200
156 1260
157 1284
158 1888
159 1877
160 2195
161 209
162 2767
163 2387
164 107
165 630
166 2710
167 2920
168 2690
169 2422
170 1786
171 2684
172 2657
173 1388
174 639
175 1126
176 958
177 2887
178 2430
179 680
180 2361
181 2492
182 2893
183 469
184 2520
185 1956
186 2733
187 547
188 2886
189 1160
190 388
191 666
192 966
193 2841
194 2417
195 135
196 2288
197 122
198 2689
199 2542
200 792
201 2294
202 140
203 2380
204 844
205 2439

