959 74
0 1494
1 1454
2 2013
3 1819
4 1063
5 1742
6 23
7 583
8 1698
9 2406
10 690
11 1614
12 2665
13 1556
14 2472
15 880
16 1381
17 1085
18 2304
19 1305
20 1771
21 2018
22 2883
23 1383
24 2541
25 616
26 1768
27 1989
28 2549
29 58
30 662
31 2902
32 2595
33 2989
34 2554
35 2894
36 1882
37 1143
38 1686
39 413
40 1363
41 1500
42 942
43 2009
44 256
45 791
46 2530
47 1278
48 279
49 2688
50 1992
51 2928
52 1432
53 2754
54 1451
55 1462
56 863
57 440
58 1512
59 1688
60 980
61 2993
62 1313
63 609
64 2643
65 1568
66 1098
67 479
68 244
69 1656
70 1863
71 2222
72 493
73 2670
74 1901
75 2887
76 1009
77 2501
78 297
79 843
80 1789
81 1197
82 315
83 25
84 2647
85 1821
86 1325
87 2396
88 1655
89 1119
90 907
91 715
92 1803
93 2099
94 2477
95 2526
96 905
97 937
98 2435
99 1425
100 1200
101 1813
102 1462
103 2965
104 1346
105 106
106 2259
107 2791
108 2135
109 1291
110 1848
111 2865
112 167
113 2636
114 153
115 570
116 2091
117 757
118 1379
119 97
120 1782
121 2574
122 1494
123 1681
124 1140
125 469
126 2015
127 286
128 1046
129 1384
130 909
131 816
132 484
133 1035
134 2237
135 974
136 759
137 1597
138 1384
139 1728
140 1484
141 2258
142 1429
143 2293
144 1677
145 2030
146 742
147 11
148 251
149 1251
150 53
151 1962
152 1997
153 2611
154 2720
155 2750
156 1051
157 1990
158 2733
159 2654
160 2
161 1844
162 225
163 1380
164 2901
165 2990
166 1826
167 490
168 2740
169 1643
170 281
171 2612
172 814
173 862
174 1890
175 1260
176 299
177 2718
178 1363
179 1390
180 1489
181 2425
182 1421
183 899
184 918
185 2677
186 2415
187 2747
188 2670
189 1493
190 1893
191 999
192 1463
193 1945
194 1698
195 1787
196 799
197 184
198 2850
199 1266
200 1241
201 1934
202 1887
203 1659
204 2714
205 983
206 566
207 2997
208 2792
209 2730
210 882
211 1259
212 1094
213 998
214 1321
215 1699
216 2923
217 288
218 1616
219 2749
220 721
221 594
222 2996
223 1695
224 1609
225 886
226 333
227 2099
228 1948
229 2890
230 33
231 1471
232 1636
233 971
234 1635
235 2331
236 1423
237 854
238 229
239 1039
240 2892
241 366
242 1266
243 1750
244 1448
245 1148
246 1433
247 2138
248 1972
249 794
250 1656
251 1591
252 1173
253 1170
254 2208
255 256
256 923
257 482
258 1786
259 2867
260 1825
261 1933
262 108
263 1919
264 2591
265 675
266 1448
267 363
268 2058
269 2217
270 2512
271 236
272 2702
273 1833
274 1281
275 492
276 855
277 1293
278 632
279 1513
280 280
281 1765
282 422
283 1558
284 1532
285 2181
286 2902
287 1610
288 246
289 1985
290 1938
291 2907
292 2525
293 170
294 1928
295 2076
296 126
297 577
298 702
299 2452
300 1605
301 1625
302 1975
303 1250
304 2938
305 2807
306 917
307 489
308 27
309 2728
310 324
311 1141
312 1791
313 1601
314 2524
315 823
316 1487
317 2114
318 2511
319 1218
320 1578
321 2866
322 1354
323 2485
324 361
325 2781
326 1633
327 1381
328 1282
329 1262
330 766
331 1530
332 557
333 242
334 52
335 2725
336 2746
337 2944
338 2981
339 1386
340 1794
341 785
342 632
343 1567
344 499
345 2725
346 991
347 1390
348 1186
349 1
350 875
351 2368
352 2269
353 655
354 2345
355 1895
356 1448
357 2131
358 125
359 2994
360 573
361 547
362 66
363 2624
364 1279
365 420
366 2685
367 2146
368 2946
369 1344
370 1388
371 913
372 2360
373 1755
374 2419
375 170
376 13
377 953
378 206
379 958
380 535
381 1054
382 2648
383 2025
384 169
385 277
386 2072
387 1488
388 2994
389 1593
390 481
391 1822
392 297
393 2551
394 465
395 1963
396 846
397 1984
398 1007
399 927
400 2205
401 1482
402 900
403 1339
404 2648
405 380
406 919
407 1058
408 960
409 2069
410 1028
411 1209
412 1299
413 949
414 2727
415 756
416 223
417 826
418 2259
419 2490
420 697
421 950
422 1543
423 1275
424 1
425 1459
426 2937
427 797
428 1037
429 2845
430 1620
431 2941
432 763
433 1238
434 211
435 2317
436 2743
437 655
438 269
439 2235
440 2383
441 2569
442 2233
443 2091
444 494
445 1674
446 1791
447 163
448 1341
449 1866
450 535
451 2209
452 2770
453 1019
454 1958
455 2669
456 1553
457 839
458 934
459 95
460 2915
461 897
462 1653
463 1003
464 2783
465 353
466 391
467 1569
468 286
469 1242
470 1104
471 1101
472 1936
473 62
474 44
475 1392
476 1653
477 629
478 1845
479 1821
480 1081
481 2098
482 867
483 2154
484 1555
485 1828
486 661
487 1904
488 405
489 484
490 1461
491 1183
492 141
493 1447
494 641
495 2653
496 1495
497 314
498 1168
499 728
500 2515
501 283
502 191
503 969
504 2495
505 2126
506 2680
507 2747
508 995
509 751
510 2026
511 2301
512 1677
513 214
514 1161
515 1831
516 2100
517 1278
518 454
519 1471
520 160
521 2606
522 2439
523 251
524 864
525 966
526 2479
527 2806
528 2739
529 2042
530 2239
531 1186
532 348
533 12
534 1498
535 201
536 337
537 887
538 1459
539 496
540 283
541 2912
542 1948
543 2887
544 1488
545 709
546 2188
547 662
548 787
549 1367
550 2961
551 1253
552 2565
553 1254
554 1078
555 1334
556 1502
557 1410
558 2455
559 909
560 443
561 2811
562 179
563 1406
564 2042
565 1159
566 1379
567 167
568 1697
569 571
570 1451
571 2158
572 682
573 2244
574 546
575 2630
576 951
577 1626
578 2473
579 2276
580 339
581 732
582 2869
583 1973
584 2841
585 2794
586 2334
587 583
588 2086
589 1114
590 540
591 2904
592 1986
593 1284
594 238
595 1637
596 1902
597 2223
598 2963
599 627
600 930
601 1211
602 1030
603 1705
604 715
605 1060
606 50
607 1895
608 2494
609 1411
610 1164
611 1369
612 81
613 1246
614 2595
615 931
616 84
617 1384
618 617
619 1867
620 200
621 227
622 2996
623 61
624 1526
625 1287
626 140
627 590
628 2447
629 649
630 173
631 367
632 405
633 2884
634 1006
635 2180
636 474
637 396
638 1996
639 196
640 2219
641 140
642 1451
643 1323
644 1065
645 184
646 1451
647 1952
648 309
649 2700
650 212
651 359
652 1497
653 649
654 420
655 1627
656 2489
657 2628
658 1392
659 666
660 1610
661 1360
662 1023
663 2314
664 1915
665 1104
666 1701
667 801
668 1651
669 1457
670 970
671 333
672 326
673 1199
674 68
675 1435
676 926
677 1672
678 2149
679 984
680 2712
681 1033
682 105
683 2602
684 90
685 315
686 183
687 1734
688 2807
689 105
690 1295
691 2485
692 2383
693 2719
694 2888
695 2409
696 1847
697 752
698 1595
699 604
700 2710
701 1986
702 298
703 1552
704 2295
705 1314
706 2891
707 169
708 299
709 300
710 168
711 147
712 1161
713 784
714 1572
715 2365
716 394
717 676
718 1168
719 2999
720 756
721 2056
722 2006
723 694
724 2689
725 2961
726 212
727 1884
728 1758
729 2815
730 2446
731 1128
732 2954
733 1425
734 1110
735 620
736 1306
737 2117
738 1316
739 325
740 755
741 2401
742 2198
743 940
744 1320
745 1584
746 601
747 2926
748 45
749 2078
750 2274
751 2039
752 2511
753 1235
754 1575
755 504
756 2139
757 848
758 1092
759 572
760 2749
761 543
762 2682
763 2104
764 1058
765 1178
766 127
767 549
768 2091
769 814
770 615
771 2575
772 1964
773 275
774 1920
775 2603
776 2680
777 737
778 2717
779 579
780 2941
781 2519
782 2462
783 1423
784 453
785 2820
786 541
787 557
788 2382
789 1835
790 3000
791 2960
792 1285
793 544
794 1051
795 392
796 2940
797 156
798 811
799 1181
800 516
801 2050
802 537
803 2957
804 1109
805 2441
806 245
807 2980
808 1246
809 776
810 2664
811 197
812 356
813 647
814 2558
815 46
816 2395
817 1233
818 2226
819 78
820 349
821 1510
822 1758
823 1980
824 64
825 759
826 1004
827 655
828 207
829 2053
830 1973
831 687
832 322
833 2793
834 2710
835 2470
836 1598
837 2436
838 736
839 1163
840 1829
841 357
842 2751
843 2336
844 2203
845 1597
846 2506
847 849
848 2235
849 2389
850 260
851 849
852 2699
853 1212
854 1555
855 1608
856 775
857 1290
858 404
859 214
860 2803
861 1505
862 358
863 360
864 1244
865 524
866 2254
867 1047
868 370
869 585
870 1041
871 2228
872 780
873 2816
874 2166
875 812
876 375
877 1316
878 133
879 1695
880 406
881 2520
882 2306
883 573
884 2639
885 703
886 1551
887 1493
888 2107
889 2920
890 1090
891 1250
892 1123
893 414
894 1477
895 1992
896 1736
897 555
898 2648
899 1896
900 565
901 524
902 938
903 140
904 679
905 2082
906 2424
907 156
908 1117
909 743
910 115
911 2017
912 2097
913 867
914 1435
915 1667
916 733
917 2001
918 68
919 1991
920 204
921 844
922 2985
923 2825
924 2054
925 1388
926 465
927 410
928 1009
929 256
930 134
931 1645
932 742
933 2674
934 526
935 748
936 2620
937 1414
938 2976
939 250
940 575
941 2528
942 440
943 1102
944 1771
945 607
946 738
947 1122
948 17
949 1300
950 1232
951 1424
952 455
953 2840
954 1777
955 1087
956 686
957 51
958 355

