969 22
0 471
1 87
2 2014
3 1971
4 1622
5 1776
6 1887
7 2014
8 2412
9 876
10 731
11 96
12 240
13 1716
14 2887
15 1047
16 1448
17 2163
18 936
19 2643
20 781
21 240
22 1172
23 481
24 1601
25 2230
26 1023
27 1020
28 1843
29 488
30 1371
31 1075
32 1477
33 477
34 1786
35 2876
36 1455
37 297
38 369
39 2799
40 958
41 2480
42 1764
43 2408
44 1260
45 482
46 1301
47 2177
48 184
49 2821
50 354
51 1659
52 1646
53 1586
54 1544
55 274
56 1696
57 10
58 1948
59 322
60 2919
61 117
62 1290
63 468
64 2928
65 1686
66 648
67 330
68 1160
69 1565
70 2762
71 370
72 2439
73 701
74 100
75 1310
76 2911
77 532
78 689
79 143
80 1885
81 1819
82 164
83 1282
84 1335
85 1040
86 2879
87 1333
88 1073
89 1132
90 2556
91 1961
92 280
93 1467
94 861
95 2677
96 2592
97 2419
98 2605
99 81
100 2268
101 897
102 801
103 1459
104 2318
105 1324
106 2709
107 2596
108 2550
109 458
110 2547
111 318
112 1874
113 65
114 2163
115 1312
116 815
117 672
118 1387
119 2616
120 1681
121 2508
122 2901
123 2548
124 2584
125 2264
126 1463
127 1712
128 2576
129 1914
130 629
131 540
132 2841
133 340
134 1173
135 1247
136 2877
137 315
138 1700
139 821
140 2146
141 363
142 541
143 1649
144 751
145 2424
146 2235
147 2741
148 1042
149 2417
150 1786
151 1604
152 954
153 2528
154 2166
155 2045
156 1316
157 213
158 2720
159 1736
160 2253
161 2034
162 311
163 766
164 429
165 432
166 399
167 2027
168 2646
169 618
170 1130
171 1602
172 2526
173 2088
174 2307
175 2097
176 2307
177 342
178 1953
179 975
180 2659
181 535
182 392
183 2898
184 569
185 2354
186 1322
187 1244
188 647
189 1613
190 2912
191 2911
192 321
193 533
194 2187
195 633
196 1593
197 2645
198 1081
199 2063
200 1079
201 1052
202 1814
203 2576
204 501
205 2247
206 1306
207 1551
208 1299
209 2826
210 1192
211 2442
212 297
213 1622
214 776
215 2532
216 2130
217 392
218 1287
219 2550
220 1949
221 2002
222 1017
223 108
224 2314
225 1158
226 2075
227 291
228 1150
229 2535
230 80
231 544
232 602
233 2016
234 2802
235 1824
236 522
237 1629
238 1539
239 658
240 2212
241 2416
242 2574
243 273
244 69
245 1624
246 1434
247 1555
248 1504
249 999
250 123
251 1083
252 880
253 2193
254 2765
255 815
256 417
257 2845
258 1407
259 1254
260 670
261 1234
262 2937
263 1551
264 656
265 2280
266 307
267 194
268 2890
269 2024
270 1361
271 2116
272 1502
273 1677
274 1461
275 863
276 1223
277 1572
278 1376
279 1847
280 66
281 273
282 97
283 2009
284 2053
285 2161
286 1902
287 1315
288 160
289 1402
290 2617
291 1967
292 1865
293 2059
294 1012
295 2305
296 130
297 2025
298 1476
299 1711
300 923
301 629
302 2711
303 2163
304 1992
305 1849
306 317
307 2043
308 185
309 2306
310 402
311 1414
312 1836
313 2149
314 109
315 896
316 1257
317 380
318 2796
319 905
320 2945
321 1224
322 489
323 2808
324 2207
325 2971
326 1326
327 880
328 989
329 1793
330 967
331 2392
332 1647
333 996
334 2765
335 85
336 1444
337 1510
338 1865
339 652
340 2705
341 1402
342 2239
343 1184
344 2769
345 246
346 735
347 1814
348 1717
349 2680
350 1121
351 2230
352 2247
353 2394
354 2544
355 2409
356 1691
357 2320
358 2780
359 2909
360 831
361 742
362 1716
363 2821
364 480
365 667
366 1253
367 1795
368 1269
369 2104
370 2065
371 916
372 2007
373 1105
374 1005
375 851
376 1158
377 1106
378 2638
379 366
380 114
381 1596
382 192
383 354
384 891
385 284
386 535
387 715
388 1301
389 2804
390 2849
391 1545
392 1925
393 1432
394 2517
395 1872
396 1009
397 2858
398 798
399 2151
400 1563
401 826
402 2738
403 1441
404 1796
405 2021
406 2430
407 1702
408 2247
409 545
410 1880
411 60
412 156
413 1952
414 1457
415 688
416 2009
417 1081
418 1472
419 2886
420 63
421 549
422 2543
423 329
424 1127
425 1048
426 1875
427 2106
428 2368
429 2475
430 2101
431 2101
432 179
433 2715
434 2050
435 1088
436 910
437 1500
438 295
439 2893
440 652
441 2084
442 2174
443 172
444 1418
445 2159
446 1370
447 1503
448 1206
449 275
450 808
451 1202
452 2911
453 1375
454 2708
455 1316
456 1824
457 174
458 2909
459 946
460 1362
461 1088
462 2279
463 311
464 2587
465 2824
466 1274
467 2983
468 525
469 2200
470 2808
471 349
472 1495
473 616
474 1882
475 2046
476 2088
477 654
478 899
479 2094
480 1525
481 2725
482 538
483 2445
484 253
485 916
486 788
487 2370
488 55
489 2783
490 1410
491 2410
492 429
493 1189
494 257
495 2197
496 2525
497 1661
498 52
499 1357
500 2314
501 881
502 1315
503 1665
504 1660
505 2069
506 569
507 1950
508 2689
509 539
510 1910
511 1202
512 2372
513 95
514 491
515 363
516 1006
517 2442
518 2939
519 2375
520 792
521 2297
522 189
523 1149
524 2996
525 373
526 1552
527 866
528 237
529 2015
530 2538
531 1721
532 2561
533 2112
534 1593
535 1258
536 451
537 189
538 129
539 2112
540 1193
541 631
542 2246
543 931
544 2020
545 2873
546 772
547 1225
548 2418
549 633
550 2696
551 2326
552 1693
553 1405
554 496
555 2216
556 2580
557 1222
558 2686
559 1734
560 2939
561 936
562 1742
563 681
564 919
565 958
566 2988
567 2064
568 2869
569 792
570 2678
571 2127
572 815
573 1613
574 2998
575 1964
576 1974
577 595
578 166
579 1738
580 752
581 2327
582 413
583 866
584 1876
585 2620
586 441
587 1779
588 1170
589 1371
590 2911
591 2796
592 2328
593 2852
594 1727
595 1219
596 1201
597 192
598 375
599 529
600 1758
601 306
602 2960
603 2189
604 576
605 2416
606 2576
607 1419
608 739
609 2746
610 2580
611 2058
612 1700
613 894
614 696
615 1475
616 2282
617 967
618 1296
619 1742
620 1389
621 1594
622 2523
623 1171
624 1084
625 1747
626 1939
627 366
628 2957
629 1233
630 2160
631 1977
632 73
633 2659
634 1868
635 1843
636 518
637 583
638 2721
639 703
640 224
641 1358
642 2307
643 675
644 1561
645 1842
646 2664
647 180
648 910
649 2987
650 1022
651 2539
652 2358
653 2211
654 477
655 891
656 1786
657 216
658 305
659 1969
660 261
661 1037
662 332
663 2867
664 1956
665 875
666 2154
667 2709
668 2520
669 28
670 762
671 1884
672 269
673 2305
674 1797
675 771
676 1383
677 2259
678 1674
679 1479
680 2282
681 465
682 835
683 1629
684 202
685 2778
686 2665
687 279
688 1383
689 2716
690 856
691 1008
692 91
693 697
694 1317
695 130
696 430
697 1456
698 676
699 1674
700 254
701 1648
702 153
703 2887
704 2334
705 1115
706 1528
707 544
708 461
709 1818
710 2854
711 641
712 2287
713 1654
714 1817
715 2090
716 1176
717 2028
718 2669
719 810
720 1214
721 2663
722 1604
723 2190
724 2197
725 1768
726 1053
727 582
728 1330
729 105
730 1512
731 2371
732 2314
733 531
734 804
735 2624
736 2525
737 569
738 1703
739 1629
740 2299
741 860
742 909
743 886
744 1303
745 1306
746 33
747 1299
748 727
749 2827
750 858
751 1552
752 2467
753 1761
754 1478
755 1929
756 567
757 2064
758 901
759 1296
760 1605
761 2482
762 1465
763 2261
764 2355
765 2953
766 110
767 2934
768 1524
769 2237
770 1690
771 1086
772 2661
773 1226
774 2718
775 1557
776 562
777 2163
778 1713
779 2456
780 296
781 709
782 1435
783 1520
784 622
785 334
786 2349
787 50
788 2968
789 2908
790 1297
791 1761
792 293
793 2512
794 941
795 1301
796 775
797 1500
798 320
799 2870
800 1791
801 2154
802 2245
803 1306
804 218
805 1756
806 1394
807 651
808 2302
809 1006
810 301
811 218
812 2141
813 959
814 2594
815 836
816 164
817 337
818 2250
819 1928
820 2712
821 506
822 830
823 2659
824 312
825 2455
826 2296
827 2061
828 380
829 126
830 718
831 827
832 1434
833 2183
834 2481
835 735
836 1439
837 983
838 1847
839 469
840 2762
841 2072
842 1930
843 2498
844 547
845 2081
846 2546
847 1438
848 1891
849 2848
850 2857
851 2348
852 1961
853 1271
854 2482
855 577
856 651
857 1021
858 406
859 2619
860 319
861 1973
862 2565
863 618
864 1909
865 1314
866 2484
867 1965
868 883
869 1844
870 287
871 627
872 457
873 2472
874 487
875 2057
876 1394
877 2590
878 2375
879 769
880 2275
881 1505
882 611
883 2539
884 204
885 1166
886 1007
887 2397
888 2584
889 1508
890 2651
891 2758
892 1245
893 1587
894 2597
895 1149
896 1401
897 993
898 2679
899 1085
900 824
901 2825
902 775
903 2142
904 2950
905 1159
906 2604
907 2141
908 2533
909 1393
910 1580
911 186
912 2232
913 111
914 205
915 1135
916 1926
917 438
918 1895
919 701
920 115
921 2316
922 2080
923 2277
924 257
925 1002
926 2620
927 248
928 455
929 1163
930 1644
931 2523
932 1631
933 382
934 2840
935 585
936 4
937 481
938 171
939 2245
940 710
941 402
942 939
943 180
944 2102
945 2776
946 2138
947 1875
948 518
949 2318
950 1251
951 137
952 2755
953 2232
954 2721
955 2431
956 2239
957 2351
958 1603
959 2807
960 2687
961 1171
962 1249
963 343
964 1667
965 1946
966 142
967 105
968 2359

