518 79
0 2150
1 2622
2 1599
3 1766
4 206
5 2795
6 654
7 1529
8 2036
9 1298
10 2653
11 989
12 2785
13 1984
14 1243
15 140
16 2614
17 1345
18 1370
19 1567
20 617
21 2093
22 428
23 1696
24 984
25 606
26 458
27 820
28 1412
29 646
30 559
31 636
32 2030
33 1867
34 262
35 1944
36 865
37 971
38 287
39 418
40 2590
41 383
42 1240
43 2817
44 765
45 406
46 1149
47 2955
48 1976
49 2924
50 987
51 110
52 526
53 1473
54 257
55 109
56 2256
57 2429
58 2623
59 1248
60 2936
61 2014
62 870
63 2702
64 419
65 1531
66 1984
67 2337
68 1342
69 2155
70 372
71 1062
72 977
73 1607
74 54
75 1098
76 2568
77 127
78 2947
79 478
80 1963
81 849
82 1545
83 855
84 463
85 1620
86 840
87 31
88 946
89 2388
90 1237
91 88
92 2098
93 359
94 1565
95 2481
96 2303
97 765
98 2694
99 1628
100 1748
101 2538
102 2023
103 1722
104 1859
105 1600
106 69
107 2510
108 2752
109 2404
110 548
111 1684
112 2092
113 2471
114 126
115 919
116 2176
117 972
118 595
119 770
120 357
121 2195
122 2353
123 2480
124 2060
125 1249
126 1248
127 61
128 1861
129 2397
130 125
131 2088
132 2944
133 2981
134 2317
135 834
136 1236
137 2542
138 742
139 658
140 1238
141 964
142 2184
143 509
144 2081
145 374
146 1511
147 2563
148 1343
149 2709
150 2679
151 2149
152 61
153 811
154 2794
155 1679
156 2775
157 1128
158 2552
159 544
160 1778
161 2983
162 205
163 2510
164 2963
165 310
166 1396
167 1619
168 2060
169 2185
170 1282
171 1695
172 1825
173 2442
174 1877
175 612
176 2336
177 1983
178 1968
179 2344
180 1511
181 2348
182 2267
183 1075
184 1429
185 2295
186 2564
187 2691
188 127
189 2113
190 789
191 2440
192 1427
193 1563
194 2873
195 2518
196 959
197 1171
198 336
199 467
200 2625
201 262
202 703
203 1518
204 129
205 1150
206 2789
207 863
208 478
209 1933
210 2797
211 130
212 2063
213 2470
214 2875
215 2370
216 2723
217 2813
218 2527
219 1042
220 2960
221 2871
222 1084
223 2311
224 2258
225 1904
226 1119
227 1804
228 2350
229 2234
230 1875
231 1747
232 2226
233 2403
234 1942
235 2421
236 1079
237 2976
238 1959
239 1901
240 510
241 2139
242 826
243 2905
244 2495
245 85
246 1641
247 2719
248 630
249 2971
250 738
251 377
252 1856
253 2355
254 34
255 519
256 2130
257 1725
258 2724
259 1430
260 1869
261 1599
262 1577
263 339
264 1786
265 2053
266 2930
267 2941
268 2781
269 1915
270 221
271 1416
272 2079
273 2257
274 1062
275 2061
276 2231
277 2093
278 2129
279 705
280 2383
281 915
282 1369
283 2980
284 2688
285 196
286 2930
287 146
288 2642
289 74
290 2480
291 2486
292 534
293 1740
294 1434
295 2949
296 426
297 1219
298 770
299 1476
300 256
301 1749
302 2316
303 2404
304 829
305 203
306 172
307 1055
308 731
309 1869
310 2894
311 369
312 2699
313 1854
314 403
315 815
316 106
317 1520
318 1606
319 378
320 2295
321 797
322 692
323 164
324 2807
325 2780
326 1461
327 277
328 716
329 2177
330 823
331 1256
332 2071
333 2492
334 2693
335 2381
336 1869
337 1127
338 488
339 2864
340 889
341 1825
342 342
343 2922
344 2683
345 2694
346 2
347 2847
348 1870
349 2360
350 530
351 1778
352 2008
353 459
354 383
355 2454
356 669
357 1383
358 22
359 821
360 1288
361 1126
362 373
363 784
364 1567
365 2731
366 2634
367 2794
368 817
369 1675
370 873
371 2934
372 2248
373 2004
374 2589
375 1924
376 2440
377 1132
378 1266
379 1428
380 1589
381 1052
382 268
383 2412
384 1716
385 1000
386 1262
387 1513
388 2923
389 1125
390 2976
391 1789
392 42
393 406
394 2621
395 2090
396 1546
397 1954
398 359
399 1733
400 809
401 2463
402 1490
403 2628
404 1040
405 2310
406 1288
407 1883
408 205
409 1178
410 667
411 783
412 786
413 2540
414 1573
415 2175
416 2630
417 2227
418 2803
419 2145
420 1394
421 900
422 1034
423 2826
424 1704
425 2910
426 1286
427 14
428 2091
429 1394
430 1208
431 2229
432 2831
433 517
434 693
435 1966
436 1047
437 187
438 1360
439 2762
440 1271
441 848
442 113
443 1475
444 215
445 41
446 1694
447 2682
448 466
449 1656
450 596
451 2866
452 2261
453 364
454 247
455 627
456 389
457 2688
458 700
459 1743
460 2183
461 290
462 1762
463 96
464 2627
465 236
466 2517
467 2516
468 2987
469 525
470 1001
471 2786
472 677
473 290
474 1234
475 566
476 603
477 592
478 2257
479 119
480 2995
481 2323
482 1984
483 2411
484 2026
485 2288
486 2984
487 2639
488 2199
489 546
490 2404
491 1538
492 873
493 421
494 2297
495 361
496 2939
497 2441
498 1007
499 212
500 2598
501 998
502 1667
503 1530
504 445
505 2741
506 1959
507 1182
508 1140
509 542
510 1848
511 1676
512 1805
513 2702
514 31
515 295
516 2380
517 2637

