738 97
0 2313
1 1173
2 1330
3 2179
4 2487
5 1872
6 2142
7 2393
8 207
9 1041
10 2826
11 1381
12 2210
13 2868
14 247
15 345
16 1782
17 331
18 2813
19 526
20 2215
21 704
22 1549
23 1889
24 1600
25 2931
26 2475
27 2993
28 1855
29 2666
30 317
31 2258
32 1795
33 1134
34 850
35 1545
36 2983
37 551
38 366
39 1386
40 1748
41 698
42 1096
43 2145
44 1252
45 1201
46 2222
47 1142
48 275
49 2841
50 140
51 1810
52 87
53 576
54 926
55 1170
56 2978
57 114
58 2186
59 1329
60 1306
61 1728
62 1395
63 2211
64 1048
65 480
66 1533
67 1023
68 261
69 1755
70 505
71 1038
72 2921
73 2275
74 1610
75 1624
76 1970
77 419
78 1488
79 1093
80 1275
81 1610
82 772
83 82
84 110
85 12
86 2017
87 1747
88 1155
89 1875
90 2492
91 2909
92 1295
93 1264
94 603
95 68
96 632
97 1023
98 1749
99 2296
100 2686
101 143
102 898
103 2514
104 2838
105 2732
106 1610
107 2407
108 128
109 2280
110 2304
111 1312
112 759
113 964
114 393
115 1011
116 2111
117 652
118 138
119 1316
120 1061
121 1421
122 1565
123 2624
124 1970
125 2028
126 559
127 2738
128 1874
129 2478
130 851
131 1557
132 552
133 2113
134 1495
135 2907
136 1014
137 1856
138 2509
139 1875
140 1261
141 2719
142 1602
143 2958
144 98
145 2407
146 1841
147 698
148 945
149 1688
150 2686
151 196
152 1086
153 1640
154 2875
155 30
156 387
157 530
158 1428
159 608
160 352
161 1056
162 688
163 2373
164 1267
165 1904
166 2276
167 450
168 989
169 1798
170 2984
171 734
172 1990
173 2600
174 2155
175 1771
176 2806
177 2051
178 759
179 484
180 2935
181 242
182 1835
183 1494
184 154
185 1497
186 2579
187 2568
188 2808
189 1712
190 1081
191 2454
192 1402
193 376
194 450
195 2780
196 2486
197 173
198 2440
199 952
200 1556
201 2166
202 628
203 187
204 118
205 504
206 1990
207 747
208 791
209 1059
210 827
211 2481
212 432
213 13
214 2127
215 2396
216 1717
217 1327
218 765
219 1640
220 2861
221 408
222 2046
223 712
224 103
225 2662
226 1387
227 2997
228 378
229 975
230 2115
231 2011
232 2233
233 697
234 2095
235 2001
236 727
237 1611
238 731
239 432
240 978
241 2402
242 227
243 1151
244 1015
245 1381
246 1916
247 317
248 731
249 2964
250 1355
251 484
252 431
253 1995
254 2404
255 62
256 969
257 614
258 2469
259 247
260 2850
261 2785
262 2228
263 1215
264 1576
265 1695
266 2626
267 2720
268 2779
269 1491
270 237
271 1869
272 1945
273 1910
274 2546
275 1226
276 2280
277 428
278 1086
279 1493
280 84
281 1232
282 2413
283 1405
284 669
285 1643
286 1734
287 1738
288 561
289 1536
290 745
291 694
292 1252
293 237
294 792
295 1491
296 508
297 2084
298 1002
299 2377
300 2396
301 934
302 2961
303 123
304 1923
305 1316
306 797
307 1840
308 1475
309 1680
310 2257
311 774
312 474
313 2953
314 1668
315 776
316 2675
317 334
318 1426
319 2842
320 951
321 1712
322 1922
323 1205
324 1402
325 269
326 2464
327 1618
328 1258
329 833
330 2482
331 2983
332 1474
333 1563
334 1373
335 955
336 1865
337 331
338 1209
339 421
340 2796
341 2589
342 1637
343 114
344 1052
345 1078
346 2190
347 2744
348 2686
349 2821
350 956
351 2992
352 485
353 2111
354 1419
355 1657
356 167
357 1221
358 2327
359 2115
360 644
361 2475
362 2683
363 961
364 682
365 1200
366 2506
367 2649
368 2798
369 867
370 474
371 1560
372 1858
373 923
374 1714
375 2249
376 1312
377 700
378 1717
379 1361
380 811
381 572
382 2567
383 439
384 1045
385 2481
386 1126
387 2162
388 954
389 562
390 1362
391 1423
392 1802
393 500
394 3
395 148
396 1210
397 469
398 2812
399 850
400 1678
401 127
402 1978
403 1362
404 846
405 695
406 868
407 1782
408 2371
409 1187
410 2362
411 1140
412 1524
413 1468
414 344
415 1901
416 1191
417 459
418 242
419 89
420 1635
421 2694
422 2921
423 2252
424 1190
425 903
426 157
427 144
428 1997
429 529
430 1850
431 345
432 668
433 2779
434 172
435 1748
436 1707
437 170
438 1639
439 423
440 476
441 2314
442 958
443 2821
444 1509
445 1589
446 2085
447 152
448 417
449 2515
450 2195
451 316
452 110
453 379
454 1934
455 2642
456 76
457 1785
458 1644
459 622
460 1416
461 491
462 88
463 2865
464 548
465 2421
466 23
467 2367
468 2308
469 711
470 1307
471 888
472 2626
473 2455
474 920
475 2626
476 1146
477 916
478 2076
479 690
480 174
481 2907
482 1181
483 515
484 1287
485 840
486 2198
487 725
488 1869
489 759
490 2053
491 238
492 2237
493 2630
494 2154
495 1687
496 1626
497 2460
498 2580
499 2006
500 2389
501 1826
502 827
503 2615
504 313
505 1226
506 1765
507 760
508 2287
509 65
510 1364
511 1288
512 165
513 1303
514 707
515 2093
516 1271
517 1710
518 272
519 1169
520 1404
521 597
522 2363
523 2789
524 1736
525 15
526 49
527 62
528 2144
529 220
530 552
531 68
532 1045
533 2804
534 1192
535 1250
536 1023
537 1735
538 933
539 2950
540 1826
541 1067
542 398
543 1076
544 1012
545 1277
546 1800
547 1048
548 864
549 426
550 2895
551 572
552 2934
553 587
554 649
555 2585
556 497
557 1943
558 1511
559 1144
560 2070
561 32
562 1766
563 397
564 194
565 217
566 1272
567 1029
568 2191
569 1491
570 678
571 261
572 2782
573 1372
574 1386
575 2391
576 2374
577 661
578 2993
579 1155
580 1681
581 1392
582 776
583 1565
584 371
585 2008
586 2109
587 2370
588 1222
589 300
590 1354
591 867
592 2454
593 942
594 2092
595 2122
596 282
597 1714
598 1259
599 2751
600 1036
601 454
602 1115
603 2778
604 1799
605 184
606 1697
607 2383
608 2913
609 1241
610 1694
611 1594
612 174
613 2927
614 1139
615 495
616 1037
617 780
618 233
619 1988
620 939
621 612
622 700
623 1546
624 539
625 1197
626 552
627 1343
628 385
629 2747
630 2248
631 2036
632 2428
633 719
634 2720
635 1063
636 2415
637 1108
638 991
639 2549
640 2804
641 343
642 272
643 2241
644 2
645 866
646 2447
647 1871
648 2291
649 721
650 2138
651 728
652 1416
653 2186
654 2956
655 2033
656 1635
657 675
658 1365
659 1681
660 2842
661 329
662 432
663 827
664 662
665 1099
666 2829
667 982
668 2515
669 912
670 2328
671 2729
672 686
673 253
674 1943
675 2181
676 1272
677 2492
678 718
679 1631
680 1042
681 249
682 2123
683 2112
684 2472
685 1400
686 166
687 2724
688 277
689 2691
690 1913
691 2094
692 1932
693 2460
694 1979
695 2552
696 2248
697 797
698 1746
699 2121
700 1493
701 1551
702 1640
703 1058
704 1895
705 2712
706 2957
707 685
708 2159
709 958
710 2853
711 1463
712 2416
713 233
714 2281
715 1784
716 1478
717 693
718 617
719 119
720 331
721 330
722 2416
723 1717
724 2555
725 927
726 1690
727 2341
728 2264
729 177
730 81
731 1159
732 2459
733 287
734 965
735 866
736 2481
737 2786

