442 44
0 602
1 1314
2 2237
3 1110
4 1776
5 2647
6 1802
7 1938
8 2465
9 1221
10 2725
11 329
12 1198
13 2404
14 1995
15 2045
16 42
17 121
18 1986
19 1245
20 2889
21 57
22 2783
23 1645
24 907
25 1758
26 2795
27 2157
28 452
29 508
30 1407
31 2173
32 1907
33 1018
34 2289
35 236
36 1128
37 491
38 2496
39 2223
40 2053
41 2344
42 211
43 283
44 515
45 2348
46 36
47 1908
48 2995
49 937
50 731
51 2535
52 2934
53 2653
54 1513
55 1805
56 760
57 76
58 1234
59 2840
60 80
61 2806
62 1588
63 2633
64 2542
65 426
66 2643
67 2500
68 1542
69 566
70 359
71 1982
72 583
73 1368
74 947
75 1661
76 1877
77 1176
78 2199
79 1705
80 1881
81 1059
82 374
83 1411
84 1489
85 1340
86 2612
87 384
88 794
89 1774
90 367
91 2277
92 956
93 909
94 380
95 2501
96 410
97 2423
98 140
99 1147
100 1174
101 207
102 2152
103 2716
104 378
105 2500
106 1525
107 207
108 1745
109 1115
110 752
111 2086
112 1156
113 741
114 2217
115 2267
116 1918
117 2426
118 2728
119 2189
120 2558
121 385
122 925
123 632
124 203
125 1153
126 530
127 134
128 2003
129 2995
130 1428
131 2939
132 510
133 2354
134 894
135 399
136 2667
137 2085
138 654
139 2331
140 719
141 1646
142 2244
143 749
144 2909
145 366
146 572
147 1940
148 1832
149 76
150 947
151 2549
152 2412
153 2651
154 2541
155 2893
156 2591
157 1566
158 495
159 761
160 361
161 441
162 103
163 2521
164 525
165 2457
166 1094
167 377
168 202
169 1545
170 1990
171 1637
172 2789
173 2276
174 1488
175 1082
176 568
177 1330
178 669
179 911
180 1368
181 2665
182 1522
183 1182
184 1361
185 1150
186 2205
187 2682
188 2980
189 2351
190 2083
191 1419
192 1965
193 1906
194 2796
195 76
196 812
197 39
198 536
199 1155
200 2893
201 786
202 2809
203 41
204 1427
205 1359
206 1350
207 2726
208 729
209 2562
210 1472
211 2349
212 1344
213 964
214 2867
215 1327
216 2248
217 1206
218 643
219 1937
220 2291
221 525
222 1762
223 586
224 270
225 1555
226 2698
227 2768
228 2107
229 2332
230 1552
231 1167
232 248
233 538
234 2848
235 2067
236 119
237 2727
238 80
239 2492
240 939
241 746
242 128
243 2638
244 2251
245 1293
246 62
247 1218
248 1932
249 29
250 1366
251 1470
252 2969
253 849
254 573
255 1333
256 1388
257 2345
258 675
259 1439
260 214
261 611
262 2973
263 2210
264 559
265 2631
266 2871
267 802
268 1858
269 80
270 2687
271 1273
272 2678
273 2946
274 707
275 686
276 72
277 2387
278 94
279 1146
280 1709
281 1421
282 332
283 2214
284 2610
285 1578
286 80
287 1884
288 1265
289 1669
290 1301
291 2211
292 136
293 2367
294 2816
295 346
296 1088
297 763
298 383
299 1805
300 2947
301 477
302 2972
303 1788
304 1018
305 482
306 548
307 691
308 237
309 2380
310 830
311 1430
312 129
313 2290
314 139
315 2080
316 2522
317 697
318 1626
319 2098
320 2273
321 1928
322 731
323 1726
324 1543
325 2304
326 796
327 2373
328 1072
329 2389
330 317
331 1302
332 259
333 2797
334 1648
335 1874
336 1971
337 2612
338 1095
339 401
340 1244
341 1726
342 1655
343 1203
344 2404
345 1629
346 346
347 708
348 50
349 2316
350 1310
351 1136
352 1156
353 2151
354 941
355 639
356 4
357 876
358 1554
359 125
360 416
361 105
362 153
363 2255
364 76
365 2571
366 2325
367 1074
368 1447
369 132
370 686
371 1312
372 616
373 236
374 241
375 944
376 577
377 1985
378 2858
379 1674
380 309
381 315
382 1857
383 1352
384 1016
385 2720
386 1081
387 264
388 388
389 2634
390 774
391 2181
392 2387
393 1483
394 1720
395 1826
396 1461
397 2597
398 1506
399 1944
400 2393
401 1639
402 2347
403 1387
404 1663
405 800
406 763
407 515
408 1948
409 19
410 2115
411 2557
412 2437
413 670
414 447
415 2861
416 2443
417 1264
418 2294
419 223
420 742
421 2398
422 403
423 2774
424 2218
425 2398
426 809
427 623
428 759
429 1013
430 1858
431 2853
432 1768
433 1293
434 1871
435 748
436 2252
437 2084
438 2169
439 2113
440 475
441 162

