713 40
0 459
1 1659
2 52
3 1525
4 672
5 420
6 2205
7 844
8 2695
9 2413
10 2137
11 2113
12 2837
13 13
14 1242
15 2403
16 1105
17 1971
18 1069
19 2964
20 396
21 1837
22 707
23 2186
24 1445
25 1543
26 1518
27 386
28 1194
29 295
30 592
31 2623
32 2077
33 1357
34 978
35 270
36 1697
37 2784
38 1001
39 1562
40 1481
41 2530
42 1024
43 826
44 2425
45 348
46 225
47 1086
48 911
49 1550
50 2313
51 1936
52 282
53 1855
54 258
55 1863
56 954
57 1307
58 507
59 649
60 1012
61 124
62 2577
63 1154
64 877
65 65
66 540
67 2236
68 1981
69 638
70 1865
71 98
72 1191
73 1738
74 2587
75 2380
76 889
77 1844
78 2310
79 779
80 1060
81 2657
82 657
83 1190
84 1929
85 1101
86 18
87 171
88 1585
89 1178
90 2245
91 1650
92 1979
93 1109
94 1676
95 2461
96 1616
97 2334
98 2367
99 942
100 2398
101 10
102 452
103 2066
104 1527
105 1023
106 852
107 690
108 2539
109 2903
110 1119
111 2583
112 213
113 630
114 378
115 2676
116 863
117 1790
118 2115
119 1691
120 2460
121 231
122 2993
123 2066
124 2566
125 480
126 810
127 2991
128 2072
129 1988
130 210
131 853
132 528
133 1778
134 1528
135 207
136 628
137 2173
138 805
139 1111
140 1353
141 2922
142 2110
143 1296
144 393
145 1598
146 2259
147 1802
148 1798
149 641
150 1117
151 2892
152 2236
153 1809
154 2544
155 951
156 2842
157 477
158 2460
159 296
160 159
161 9
162 885
163 1319
164 2608
165 130
166 2419
167 1865
168 961
169 1821
170 1071
171 1993
172 1658
173 1059
174 1347
175 1988
176 859
177 512
178 1606
179 2818
180 1329
181 211
182 933
183 147
184 381
185 430
186 706
187 1410
188 1094
189 1097
190 2611
191 2363
192 1010
193 1400
194 2763
195 973
196 606
197 415
198 1757
199 506
200 365
201 2711
202 137
203 893
204 1349
205 680
206 461
207 1953
208 1980
209 2069
210 195
211 2629
212 1998
213 183
214 744
215 2672
216 1204
217 2694
218 1554
219 2515
220 241
221 1356
222 2462
223 2707
224 965
225 698
226 668
227 55
228 1323
229 1076
230 222
231 1045
232 2873
233 1563
234 1805
235 1614
236 1781
237 1390
238 1319
239 466
240 1405
241 2976
242 1765
243 621
244 2594
245 1831
246 1679
247 2590
248 32
249 2573
250 420
251 1420
252 509
253 1054
254 2094
255 2117
256 1174
257 1016
258 2878
259 686
260 1848
261 1487
262 1494
263 958
264 2195
265 1874
266 863
267 2573
268 1446
269 1456
270 1668
271 1325
272 369
273 1089
274 406
275 477
276 1932
277 1583
278 1127
279 2105
280 414
281 130
282 899
283 1881
284 2056
285 1487
286 1784
287 2882
288 2331
289 47
290 1588
291 1713
292 2168
293 2249
294 1995
295 1274
296 2770
297 1988
298 2705
299 1999
300 2759
301 1099
302 176
303 74
304 2258
305 1069
306 1547
307 811
308 1413
309 862
310 55
311 1263
312 725
313 2699
314 1276
315 1362
316 384
317 450
318 2504
319 1563
320 825
321 2640
322 1578
323 1959
324 2017
325 505
326 1979
327 18
328 339
329 1628
330 653
331 1708
332 2653
333 2979
334 1835
335 415
336 719
337 1696
338 994
339 1642
340 1250
341 792
342 834
343 2441
344 2389
345 2391
346 2642
347 2026
348 2194
349 1438
350 1779
351 292
352 1166
353 2008
354 2458
355 15
356 2109
357 415
358 5
359 626
360 1087
361 2217
362 28
363 2406
364 772
365 1037
366 2229
367 2823
368 1459
369 1987
370 729
371 84
372 1270
373 1326
374 2185
375 2078
376 1217
377 2137
378 415
379 2035
380 707
381 273
382 1791
383 2711
384 1952
385 1120
386 827
387 1841
388 1623
389 2875
390 2731
391 335
392 688
393 72
394 2275
395 1105
396 1261
397 2913
398 795
399 2059
400 901
401 110
402 2926
403 364
404 2760
405 1179
406 2387
407 2124
408 722
409 1119
410 1171
411 138
412 1576
413 444
414 2422
415 738
416 513
417 1824
418 2140
419 1999
420 1061
421 1421
422 1443
423 2612
424 1133
425 893
426 1752
427 214
428 620
429 2496
430 343
431 2969
432 491
433 1342
434 2230
435 554
436 2988
437 504
438 2407
439 1577
440 451
441 1101
442 1584
443 2610
444 2829
445 1273
446 197
447 644
448 760
449 871
450 2481
451 2815
452 2293
453 602
454 2028
455 1344
456 614
457 2305
458 2782
459 654
460 593
461 831
462 611
463 2586
464 1306
465 1995
466 1145
467 1612
468 2725
469 1959
470 2553
471 318
472 1608
473 1523
474 1491
475 879
476 358
477 2173
478 436
479 2831
480 2366
481 623
482 456
483 2350
484 1446
485 1538
486 72
487 480
488 1797
489 2223
490 2040
491 2476
492 1213
493 1370
494 1778
495 935
496 391
497 403
498 2456
499 1640
500 173
501 879
502 2903
503 1693
504 129
505 1022
506 863
507 891
508 2554
509 1484
510 1667
511 1974
512 2530
513 2886
514 2622
515 2783
516 1364
517 905
518 1382
519 1302
520 1139
521 1908
522 312
523 1191
524 710
525 489
526 821
527 2338
528 1865
529 2233
530 2226
531 1394
532 1799
533 2596
534 86
535 2906
536 2457
537 179
538 2273
539 2782
540 803
541 1614
542 2922
543 2365
544 1436
545 2033
546 2748
547 1248
548 615
549 2158
550 317
551 349
552 1969
553 2450
554 318
555 1982
556 2779
557 1108
558 2514
559 2601
560 826
561 1870
562 2060
563 1832
564 1730
565 1170
566 2478
567 1411
568 1971
569 1122
570 546
571 2549
572 790
573 2939
574 2416
575 947
576 2380
577 1508
578 2525
579 8
580 143
581 1081
582 482
583 513
584 1404
585 1525
586 2465
587 2309
588 972
589 2796
590 1492
591 1534
592 1602
593 2880
594 219
595 2296
596 1042
597 2296
598 935
599 1890
600 2662
601 2708
602 2961
603 1504
604 252
605 2238
606 526
607 1856
608 1016
609 1903
610 2546
611 586
612 930
613 2082
614 2064
615 375
616 1806
617 855
618 140
619 435
620 2996
621 1201
622 284
623 358
624 1749
625 811
626 2612
627 28
628 1966
629 2498
630 2527
631 1116
632 2274
633 57
634 1658
635 1885
636 721
637 127
638 656
639 1803
640 2898
641 1533
642 594
643 2616
644 2287
645 2634
646 2425
647 1402
648 2671
649 1719
650 2061
651 241
652 723
653 2360
654 1234
655 2337
656 2074
657 1574
658 86
659 442
660 2113
661 2
662 112
663 1270
664 830
665 1362
666 2937
667 2711
668 105
669 28
670 2912
671 1863
672 1765
673 2362
674 1881
675 2482
676 1272
677 1762
678 2507
679 797
680 2212
681 1743
682 313
683 962
684 317
685 2405
686 1423
687 1043
688 48
689 725
690 79
691 762
692 326
693 804
694 2462
695 1696
696 1424
697 1105
698 2564
699 1013
700 2146
701 781
702 2348
703 1350
704 717
705 2444
706 2091
707 957
708 771
709 1405
710 1643
711 1630
712 2915

