504 47
0 926
1 2284
2 1081
3 2876
4 1738
5 119
6 2038
7 531
8 2903
9 1103
10 740
11 2302
12 1987
13 2414
14 398
15 1910
16 88
17 616
18 2845
19 2467
20 101
21 968
22 2619
23 2737
24 99
25 2270
26 548
27 1991
28 2532
29 1774
30 1286
31 765
32 2666
33 2713
34 2813
35 168
36 544
37 2624
38 1399
39 284
40 2897
41 1886
42 2161
43 1881
44 2792
45 2409
46 2545
47 1839
48 2753
49 2189
50 1250
51 709
52 2042
53 1718
54 1746
55 2983
56 639
57 2476
58 293
59 2798
60 1319
61 1781
62 577
63 2761
64 1147
65 1472
66 1948
67 949
68 521
69 740
70 1007
71 277
72 418
73 1933
74 1836
75 601
76 1328
77 2680
78 954
79 2584
80 2743
81 307
82 2500
83 1596
84 909
85 2195
86 639
87 2144
88 2708
89 588
90 2949
91 2311
92 2688
93 1118
94 158
95 811
96 182
97 2744
98 280
99 1192
100 1816
101 2633
102 503
103 226
104 1331
105 1639
106 1628
107 595
108 1820
109 1907
110 2168
111 2522
112 1267
113 355
114 1775
115 1756
116 2501
117 2737
118 1821
119 1327
120 1221
121 336
122 2563
123 2076
124 755
125 1580
126 2729
127 120
128 2721
129 2696
130 2647
131 2557
132 2526
133 952
134 1461
135 2475
136 1253
137 74
138 2331
139 2075
140 2122
141 2577
142 951
143 1684
144 766
145 415
146 1239
147 2716
148 874
149 1938
150 1661
151 1690
152 1475
153 973
154 2665
155 2653
156 509
157 1123
158 282
159 239
160 2708
161 1087
162 1460
163 1902
164 373
165 2778
166 2759
167 2859
168 697
169 2113
170 1023
171 1958
172 2922
173 2210
174 71
175 2868
176 2685
177 1053
178 1319
179 47
180 2926
181 2835
182 2371
183 2943
184 950
185 1394
186 994
187 41
188 1395
189 1562
190 11
191 2745
192 2021
193 1638
194 2396
195 778
196 2665
197 366
198 2323
199 1892
200 554
201 2827
202 492
203 2564
204 2444
205 2726
206 2784
207 2657
208 2373
209 1513
210 592
211 552
212 1781
213 2781
214 1784
215 1312
216 985
217 2989
218 1825
219 1257
220 1994
221 2447
222 488
223 2539
224 1010
225 1963
226 737
227 2171
228 2612
229 727
230 2244
231 1622
232 2544
233 600
234 1870
235 1507
236 2568
237 2451
238 1094
239 298
240 211
241 1707
242 2455
243 983
244 1602
245 1726
246 262
247 1215
248 1918
249 298
250 590
251 2163
252 1041
253 589
254 1519
255 522
256 811
257 2924
258 357
259 2090
260 1094
261 2080
262 1520
263 1072
264 1988
265 1772
266 971
267 540
268 349
269 2807
270 533
271 1337
272 1775
273 566
274 578
275 2124
276 2060
277 376
278 457
279 43
280 175
281 995
282 2966
283 870
284 475
285 2936
286 1907
287 1883
288 2157
289 925
290 469
291 1736
292 2567
293 741
294 1198
295 74
296 2340
297 943
298 2166
299 1172
300 93
301 2673
302 549
303 596
304 290
305 679
306 385
307 2814
308 2845
309 2585
310 24
311 2343
312 592
313 914
314 1359
315 1169
316 781
317 2213
318 1278
319 1293
320 2171
321 2489
322 2515
323 1088
324 628
325 2139
326 1073
327 2895
328 1934
329 2534
330 2668
331 2230
332 294
333 787
334 1600
335 2617
336 1952
337 171
338 845
339 2018
340 2297
341 868
342 856
343 2399
344 613
345 2405
346 1336
347 1056
348 703
349 1482
350 2485
351 458
352 1400
353 2512
354 1436
355 1485
356 2451
357 841
358 2739
359 2058
360 2161
361 2244
362 1756
363 1876
364 1869
365 936
366 1082
367 1324
368 1988
369 1742
370 1411
371 447
372 2978
373 753
374 1319
375 1289
376 1394
377 905
378 586
379 2385
380 1609
381 2329
382 961
383 1464
384 2435
385 726
386 1113
387 869
388 2604
389 1662
390 2597
391 1533
392 2733
393 2027
394 2378
395 917
396 1578
397 1620
398 644
399 1036
400 2682
401 2388
402 1117
403 61
404 2872
405 1214
406 726
407 1720
408 998
409 548
410 398
411 2265
412 1554
413 2384
414 1267
415 481
416 2641
417 873
418 38
419 1192
420 2496
421 1869
422 1306
423 2427
424 2202
425 1410
426 2920
427 923
428 1740
429 1376
430 632
431 95
432 1742
433 1646
434 430
435 2425
436 647
437 1322
438 782
439 2019
440 1673
441 1266
442 1977
443 2511
444 1948
445 2351
446 2684
447 1179
448 1598
449 1154
450 1442
451 1301
452 381
453 2873
454 2810
455 1950
456 2269
457 1564
458 2238
459 716
460 1997
461 1923
462 1234
463 1720
464 1280
465 68
466 2015
467 2326
468 927
469 466
470 1285
471 2598
472 1442
473 1020
474 1936
475 169
476 2457
477 1503
478 15
479 998
480 587
481 2193
482 751
483 2974
484 1975
485 1392
486 2554
487 1649
488 2849
489 574
490 437
491 1670
492 539
493 1645
494 344
495 2572
496 968
497 1023
498 2722
499 2879
500 2894
501 2090
502 1029
503 734

