601 65
0 2071
1 2387
2 2428
3 2073
4 2144
5 1798
6 562
7 666
8 2657
9 2331
10 1950
11 2807
12 1050
13 2178
14 1522
15 245
16 2350
17 1399
18 2472
19 149
20 1529
21 1561
22 164
23 764
24 1807
25 1051
26 912
27 229
28 1336
29 2548
30 2983
31 251
32 2064
33 1663
34 2072
35 2146
36 515
37 2312
38 1154
39 2983
40 1983
41 866
42 536
43 382
44 1469
45 192
46 1191
47 2826
48 1510
49 672
50 2925
51 2928
52 1982
53 1190
54 2712
55 1831
56 331
57 2491
58 2044
59 1407
60 2829
61 1306
62 1734
63 1329
64 1781
65 824
66 818
67 2846
68 834
69 10
70 1550
71 1967
72 954
73 2618
74 1807
75 2205
76 894
77 2370
78 1314
79 643
80 560
81 1023
82 1381
83 549
84 1816
85 247
86 1457
87 1846
88 2929
89 1364
90 2008
91 976
92 2667
93 2804
94 2054
95 2283
96 1540
97 2263
98 2378
99 712
100 654
101 1684
102 2833
103 2381
104 2195
105 1600
106 952
107 596
108 582
109 1892
110 2939
111 2284
112 1568
113 227
114 727
115 363
116 2251
117 2839
118 2377
119 1573
120 613
121 2943
122 893
123 2278
124 1805
125 1890
126 648
127 1866
128 127
129 92
130 108
131 2674
132 1655
133 45
134 1215
135 1703
136 1070
137 2409
138 1390
139 1457
140 2218
141 674
142 2483
143 326
144 1144
145 2062
146 465
147 2722
148 838
149 186
150 990
151 1977
152 1238
153 2811
154 2584
155 1309
156 1425
157 1721
158 59
159 1626
160 1250
161 2603
162 1106
163 2271
164 751
165 2171
166 1112
167 2310
168 546
169 1346
170 1672
171 2659
172 1852
173 1082
174 2583
175 426
176 2700
177 1831
178 1331
179 1178
180 2587
181 2059
182 2167
183 2428
184 1646
185 1830
186 1836
187 1708
188 527
189 511
190 1504
191 2803
192 471
193 894
194 348
195 795
196 524
197 350
198 2543
199 2838
200 2662
201 1561
202 464
203 935
204 228
205 2453
206 662
207 309
208 1490
209 846
210 70
211 2124
212 2686
213 292
214 2221
215 223
216 1859
217 371
218 1779
219 1352
220 1561
221 692
222 918
223 1587
224 1196
225 1186
226 1681
227 1186
228 933
229 904
230 575
231 2753
232 648
233 1283
234 1047
235 424
236 670
237 1013
238 1463
239 1184
240 2917
241 793
242 2361
243 684
244 952
245 406
246 859
247 1853
248 2549
249 2926
250 1509
251 2110
252 2766
253 801
254 164
255 229
256 1385
257 2692
258 536
259 644
260 2608
261 402
262 560
263 652
264 1945
265 1056
266 1717
267 1183
268 452
269 231
270 1988
271 1823
272 2755
273 1042
274 1192
275 2511
276 324
277 47
278 2705
279 2077
280 2876
281 829
282 2028
283 1730
284 1927
285 241
286 2893
287 2686
288 1129
289 1996
290 1081
291 831
292 196
293 1825
294 2489
295 1777
296 2415
297 508
298 1408
299 783
300 923
301 2108
302 841
303 1490
304 720
305 1225
306 1344
307 1681
308 2789
309 1002
310 874
311 1820
312 1323
313 1880
314 1358
315 1681
316 1747
317 1711
318 1177
319 2865
320 246
321 1309
322 1775
323 15
324 239
325 1544
326 1406
327 135
328 700
329 201
330 2544
331 878
332 2898
333 2643
334 2771
335 1129
336 2052
337 2389
338 499
339 1667
340 509
341 2732
342 1845
343 2481
344 1290
345 2556
346 935
347 830
348 1986
349 2467
350 2861
351 2740
352 1402
353 526
354 630
355 2031
356 1973
357 632
358 2461
359 2722
360 377
361 1746
362 962
363 1959
364 671
365 2880
366 339
367 2236
368 636
369 812
370 1126
371 1993
372 2288
373 1277
374 2415
375 464
376 1379
377 887
378 1295
379 782
380 1926
381 979
382 1361
383 2106
384 2978
385 1804
386 536
387 1693
388 2496
389 1387
390 548
391 2715
392 2276
393 551
394 508
395 31
396 1725
397 1585
398 1220
399 2079
400 1613
401 1773
402 2080
403 520
404 2522
405 174
406 1852
407 2598
408 1065
409 2127
410 2851
411 1650
412 636
413 1604
414 2094
415 300
416 97
417 2731
418 716
419 2043
420 2589
421 694
422 1994
423 2668
424 528
425 2389
426 2569
427 1450
428 202
429 526
430 2482
431 2639
432 684
433 2891
434 2931
435 346
436 799
437 219
438 125
439 2034
440 2619
441 2302
442 1333
443 1653
444 893
445 713
446 1649
447 2271
448 1354
449 1137
450 2462
451 549
452 279
453 2411
454 2717
455 2934
456 1487
457 2781
458 2800
459 1151
460 187
461 2652
462 2598
463 450
464 1862
465 1078
466 786
467 388
468 1832
469 2981
470 2956
471 2117
472 2375
473 1796
474 1505
475 1828
476 383
477 90
478 780
479 1029
480 1826
481 602
482 2696
483 95
484 992
485 1694
486 607
487 1562
488 1445
489 1991
490 81
491 2751
492 360
493 2384
494 194
495 2017
496 2859
497 2196
498 349
499 707
500 2487
501 488
502 972
503 2302
504 1108
505 1161
506 2265
507 2315
508 2458
509 1813
510 2399
511 1169
512 825
513 1225
514 548
515 1189
516 948
517 1192
518 2097
519 1718
520 72
521 2009
522 267
523 1027
524 1291
525 2841
526 1121
527 2024
528 1509
529 410
530 1713
531 2631
532 1373
533 2969
534 781
535 1075
536 1747
537 1898
538 1830
539 606
540 2201
541 2751
542 2544
543 2185
544 2640
545 2239
546 378
547 747
548 521
549 2392
550 919
551 628
552 823
553 2097
554 2496
555 2638
556 171
557 2852
558 2973
559 2041
560 859
561 328
562 1348
563 590
564 819
565 952
566 1705
567 2645
568 2039
569 64
570 1486
571 2652
572 2512
573 29
574 2106
575 1866
576 676
577 2186
578 2603
579 233
580 207
581 2274
582 989
583 930
584 2412
585 1827
586 408
587 1726
588 2014
589 2815
590 2634
591 93
592 2776
593 1112
594 1926
595 1914
596 305
597 1069
598 2056
599 2066
600 2622

