482 10
0 2828
1 1359
2 1357
3 588
4 1123
5 559
6 1051
7 2708
8 188
9 1647
10 2342
11 274
12 709
13 284
14 2939
15 1692
16 1383
17 2788
18 1767
19 2715
20 1361
21 2936
22 1220
23 304
24 715
25 460
26 1357
27 1091
28 2639
29 789
30 2968
31 1834
32 977
33 95
34 1037
35 1279
36 2118
37 2399
38 1877
39 1392
40 137
41 515
42 1139
43 2140
44 2207
45 1653
46 942
47 917
48 592
49 1466
50 2136
51 2163
52 1988
53 2939
54 1189
55 321
56 2584
57 874
58 2812
59 1657
60 676
61 1578
62 863
63 1873
64 2618
65 2947
66 1842
67 1903
68 2957
69 1983
70 2358
71 2375
72 2246
73 439
74 745
75 396
76 887
77 2002
78 1513
79 887
80 336
81 17
82 1334
83 242
84 2237
85 1068
86 2800
87 1870
88 1744
89 2524
90 0
91 172
92 1443
93 226
94 227
95 342
96 294
97 1152
98 736
99 1524
100 2815
101 397
102 1493
103 2461
104 969
105 478
106 127
107 2703
108 1082
109 828
110 2825
111 588
112 2321
113 84
114 1142
115 2812
116 1384
117 530
118 544
119 2478
120 1532
121 591
122 735
123 909
124 110
125 1575
126 2388
127 1455
128 2360
129 1027
130 435
131 2502
132 2496
133 2951
134 547
135 2245
136 1273
137 2219
138 746
139 2238
140 954
141 2188
142 1787
143 1025
144 2062
145 1197
146 1043
147 1295
148 2988
149 849
150 2024
151 2270
152 854
153 994
154 1129
155 1471
156 2463
157 2221
158 1003
159 2647
160 231
161 2202
162 840
163 909
164 950
165 943
166 430
167 879
168 2507
169 651
170 205
171 1455
172 1356
173 1053
174 1770
175 1632
176 330
177 2720
178 443
179 2961
180 2967
181 137
182 2857
183 2419
184 959
185 2312
186 2113
187 2989
188 2186
189 1751
190 1954
191 1386
192 2762
193 2230
194 1343
195 217
196 1020
197 2934
198 2024
199 1406
200 1568
201 2467
202 2812
203 1558
204 1249
205 1314
206 104
207 1676
208 2597
209 2689
210 2220
211 1552
212 463
213 1566
214 2988
215 286
216 2293
217 1826
218 2475
219 537
220 1037
221 279
222 2622
223 2599
224 2797
225 355
226 300
227 2205
228 917
229 2751
230 842
231 2340
232 1506
233 769
234 1726
235 593
236 2542
237 2410
238 646
239 2236
240 410
241 2451
242 592
243 1797
244 1146
245 230
246 1082
247 2109
248 2304
249 1212
250 2805
251 886
252 809
253 2501
254 1990
255 2720
256 2652
257 603
258 369
259 999
260 518
261 2801
262 2871
263 804
264 851
265 1023
266 1642
267 951
268 668
269 473
270 209
271 919
272 2992
273 1402
274 2113
275 2511
276 120
277 1780
278 2609
279 2209
280 792
281 1204
282 479
283 2807
284 323
285 2095
286 384
287 966
288 186
289 476
290 1823
291 128
292 2960
293 2567
294 1788
295 1208
296 2293
297 1773
298 2682
299 499
300 1304
301 2248
302 1733
303 1846
304 1315
305 1937
306 2460
307 1947
308 619
309 1616
310 924
311 3000
312 1202
313 2868
314 2150
315 1350
316 554
317 2253
318 1553
319 2450
320 1891
321 964
322 712
323 1945
324 1262
325 2661
326 2535
327 2127
328 1367
329 1220
330 809
331 2990
332 785
333 1655
334 948
335 1102
336 782
337 964
338 965
339 2153
340 136
341 144
342 1122
343 1649
344 1059
345 1438
346 2263
347 2436
348 570
349 2639
350 2404
351 2810
352 1964
353 12
354 275
355 315
356 1810
357 1148
358 990
359 2430
360 2658
361 1779
362 1838
363 2730
364 2927
365 1990
366 1286
367 1235
368 1856
369 2050
370 2410
371 2694
372 1099
373 1363
374 933
375 2725
376 334
377 1328
378 1409
379 1639
380 2658
381 2654
382 71
383 623
384 1154
385 1191
386 2
387 1406
388 2543
389 835
390 1879
391 990
392 900
393 90
394 1777
395 985
396 1230
397 1405
398 618
399 2336
400 2567
401 1873
402 544
403 2969
404 2424
405 2777
406 2976
407 2580
408 2203
409 2074
410 752
411 2858
412 2556
413 1643
414 505
415 2186
416 2923
417 939
418 244
419 1149
420 828
421 2553
422 1342
423 667
424 77
425 267
426 2878
427 2213
428 2289
429 2739
430 860
431 2390
432 2064
433 371
434 1489
435 327
436 2095
437 2018
438 2305
439 639
440 1370
441 1486
442 1733
443 319
444 361
445 1769
446 2429
447 2492
448 737
449 1634
450 1886
451 976
452 2127
453 1660
454 2453
455 2796
456 922
457 2633
458 2880
459 1704
460 1069
461 163
462 2698
463 1992
464 1268
465 970
466 1635
467 1361
468 900
469 2373
470 2915
471 1969
472 1044
473 580
474 1540
475 1343
476 1736
477 1992
478 1219
479 1573
480 964
481 440

