562 57
0 2799
1 2889
2 1694
3 2413
4 1699
5 979
6 2282
7 2915
8 1075
9 1339
10 704
11 2676
12 2569
13 2448
14 526
15 1295
16 2446
17 2872
18 2315
19 865
20 1138
21 2195
22 2184
23 985
24 158
25 1317
26 783
27 1374
28 1752
29 305
30 1870
31 966
32 2898
33 1935
34 357
35 2925
36 729
37 537
38 1862
39 638
40 2975
41 627
42 740
43 1073
44 418
45 1621
46 344
47 627
48 356
49 1948
50 2606
51 2594
52 1914
53 2669
54 2561
55 1826
56 2120
57 801
58 2268
59 743
60 2457
61 249
62 2322
63 723
64 949
65 1042
66 397
67 1150
68 1510
69 1671
70 82
71 1031
72 35
73 2043
74 2436
75 1970
76 1070
77 881
78 835
79 1063
80 1457
81 1437
82 1095
83 76
84 1302
85 1482
86 1044
87 2880
88 650
89 260
90 2555
91 1464
92 257
93 1088
94 82
95 2832
96 1558
97 953
98 1889
99 1452
100 1883
101 1219
102 1551
103 2175
104 2700
105 2822
106 1235
107 693
108 1090
109 2780
110 937
111 1691
112 731
113 1099
114 2745
115 1200
116 2690
117 2678
118 341
119 1193
120 703
121 1852
122 2691
123 82
124 498
125 454
126 899
127 1707
128 1151
129 677
130 406
131 2741
132 554
133 639
134 747
135 355
136 820
137 1610
138 1439
139 1447
140 795
141 1697
142 2828
143 2180
144 577
145 724
146 1454
147 1640
148 2497
149 62
150 1561
151 945
152 360
153 1821
154 2119
155 348
156 1843
157 2589
158 2458
159 1753
160 1198
161 2401
162 304
163 761
164 1460
165 163
166 535
167 1392
168 2833
169 2689
170 2672
171 700
172 1612
173 730
174 2632
175 1370
176 695
177 1674
178 2538
179 847
180 1840
181 1882
182 2729
183 891
184 939
185 480
186 2773
187 2342
188 2812
189 972
190 2716
191 335
192 1960
193 1575
194 603
195 1459
196 1378
197 1171
198 2446
199 1795
200 1851
201 1873
202 749
203 998
204 1134
205 2652
206 2921
207 190
208 408
209 2448
210 1015
211 517
212 119
213 1624
214 2091
215 1444
216 1820
217 662
218 705
219 900
220 1885
221 1688
222 1164
223 965
224 885
225 2765
226 1264
227 214
228 611
229 1920
230 2557
231 1353
232 644
233 1608
234 2849
235 189
236 1318
237 824
238 8
239 1421
240 97
241 1130
242 444
243 2682
244 2086
245 2660
246 2041
247 1931
248 2711
249 420
250 2813
251 672
252 1000
253 2308
254 1836
255 2427
256 2806
257 0
258 2755
259 1103
260 1919
261 2930
262 178
263 1590
264 1616
265 2139
266 1008
267 559
268 1098
269 805
270 296
271 24
272 955
273 1697
274 2843
275 2080
276 1516
277 500
278 333
279 2632
280 1748
281 2767
282 65
283 1421
284 1087
285 1048
286 1043
287 2542
288 1322
289 2977
290 2495
291 857
292 2115
293 233
294 297
295 1615
296 506
297 2147
298 1803
299 2198
300 867
301 497
302 361
303 351
304 1472
305 688
306 2593
307 572
308 1558
309 1232
310 1619
311 2973
312 974
313 366
314 1682
315 141
316 655
317 841
318 1174
319 1241
320 1754
321 824
322 1350
323 2551
324 755
325 1928
326 377
327 761
328 960
329 1853
330 2358
331 2738
332 506
333 2371
334 2364
335 932
336 2153
337 1738
338 2619
339 1238
340 1056
341 191
342 1123
343 2940
344 321
345 2519
346 2677
347 2109
348 2186
349 314
350 288
351 2372
352 2161
353 2828
354 939
355 743
356 1067
357 1897
358 258
359 2441
360 1157
361 7
362 439
363 254
364 4
365 1677
366 593
367 2048
368 115
369 1467
370 1110
371 385
372 2785
373 616
374 1015
375 222
376 2607
377 1327
378 2455
379 1364
380 231
381 199
382 713
383 697
384 1567
385 849
386 2138
387 997
388 1716
389 1358
390 698
391 2952
392 785
393 101
394 1406
395 1823
396 873
397 792
398 214
399 2570
400 1021
401 2021
402 512
403 1338
404 2753
405 2602
406 1909
407 619
408 144
409 1646
410 841
411 1151
412 2563
413 74
414 1103
415 1483
416 2844
417 1968
418 2217
419 1915
420 2018
421 2893
422 490
423 403
424 90
425 169
426 2219
427 2105
428 2931
429 306
430 653
431 899
432 603
433 2893
434 1428
435 507
436 1410
437 1378
438 2757
439 1900
440 1695
441 2587
442 1547
443 155
444 2296
445 1731
446 1779
447 1101
448 1084
449 1633
450 1318
451 2133
452 1016
453 2266
454 2451
455 2319
456 940
457 2846
458 2894
459 943
460 206
461 2460
462 759
463 915
464 2168
465 306
466 1728
467 2326
468 2558
469 2410
470 1082
471 690
472 1084
473 2351
474 1199
475 754
476 511
477 1720
478 715
479 1849
480 2432
481 2251
482 1344
483 295
484 333
485 1320
486 1670
487 1032
488 223
489 61
490 2349
491 999
492 1465
493 1236
494 435
495 1943
496 1381
497 2907
498 692
499 2678
500 2818
501 590
502 829
503 402
504 1686
505 1037
506 2170
507 1890
508 1923
509 2032
510 1561
511 118
512 481
513 2632
514 483
515 349
516 1436
517 1560
518 2814
519 1265
520 1499
521 2021
522 1746
523 1630
524 765
525 369
526 1608
527 1701
528 2318
529 2197
530 1495
531 2546
532 1066
533 1903
534 1341
535 2239
536 29
537 1479
538 963
539 1094
540 2936
541 2369
542 671
543 1794
544 362
545 1232
546 2217
547 2314
548 1087
549 2928
550 2588
551 1737
552 2255
553 2148
554 2997
555 882
556 390
557 1747
558 1149
559 2285
560 1387
561 671

