887 1
0 37
1 1355
2 334
3 734
4 980
5 657
6 1625
7 644
8 1772
9 2248
10 1420
11 892
12 772
13 2595
14 2874
15 1592
16 1431
17 480
18 1358
19 2216
20 2499
21 107
22 71
23 753
24 2491
25 2476
26 2251
27 378
28 149
29 590
30 320
31 2671
32 1501
33 1021
34 1958
35 2388
36 811
37 2308
38 668
39 281
40 845
41 152
42 652
43 963
44 2647
45 417
46 2266
47 16
48 14
49 2703
50 1733
51 555
52 1464
53 420
54 2867
55 1085
56 194
57 1240
58 284
59 1807
60 2843
61 1048
62 460
63 2028
64 723
65 1730
66 1947
67 1405
68 2652
69 899
70 805
71 1688
72 432
73 1512
74 207
75 2898
76 2201
77 2096
78 1898
79 1648
80 2738
81 248
82 1464
83 1159
84 901
85 68
86 1921
87 693
88 618
89 1135
90 802
91 1619
92 2561
93 485
94 2180
95 1353
96 1455
97 2542
98 1530
99 893
100 1838
101 2536
102 810
103 1052
104 731
105 905
106 2922
107 850
108 81
109 1956
110 690
111 570
112 1457
113 1524
114 1806
115 1697
116 892
117 2555
118 1510
119 964
120 1277
121 2181
122 2564
123 812
124 1470
125 396
126 260
127 1348
128 1235
129 1959
130 820
131 663
132 784
133 122
134 1179
135 101
136 1166
137 1588
138 1298
139 1785
140 1169
141 2763
142 1734
143 424
144 788
145 271
146 15
147 2615
148 1892
149 2936
150 608
151 1284
152 2866
153 2868
154 1820
155 1725
156 887
157 715
158 1163
159 1388
160 2901
161 991
162 447
163 100
164 1327
165 2334
166 2328
167 1792
168 2605
169 1151
170 1505
171 2200
172 2283
173 1232
174 1341
175 791
176 695
177 1906
178 393
179 2435
180 357
181 346
182 78
183 121
184 770
185 1449
186 2570
187 720
188 1891
189 1237
190 2027
191 520
192 331
193 1720
194 159
195 338
196 200
197 1723
198 944
199 1166
200 1440
201 2040
202 750
203 441
204 2163
205 2384
206 985
207 1106
208 814
209 1239
210 2802
211 342
212 2193
213 1238
214 2742
215 1262
216 309
217 154
218 1995
219 565
220 2294
221 1958
222 1414
223 494
224 2491
225 2208
226 421
227 2689
228 1309
229 323
230 625
231 2224
232 2544
233 2016
234 219
235 2137
236 1926
237 1828
238 1889
239 541
240 1215
241 1306
242 2348
243 129
244 1751
245 2054
246 511
247 1030
248 2206
249 1163
250 1135
251 2222
252 2
253 78
254 663
255 1428
256 1328
257 1593
258 2540
259 1054
260 1556
261 281
262 2197
263 1886
264 779
265 1643
266 2051
267 807
268 960
269 2865
270 2562
271 718
272 1720
273 2963
274 1188
275 516
276 1183
277 2858
278 2823
279 789
280 1412
281 2133
282 83
283 1131
284 2622
285 950
286 521
287 2366
288 1456
289 2156
290 2041
291 404
292 1921
293 1887
294 2797
295 2767
296 1124
297 1973
298 2140
299 2846
300 2765
301 1582
302 347
303 2842
304 1256
305 439
306 25
307 708
308 900
309 2648
310 1400
311 317
312 2293
313 2611
314 912
315 226
316 1099
317 2231
318 1151
319 802
320 92
321 2277
322 623
323 854
324 2342
325 2764
326 553
327 567
328 150
329 1482
330 623
331 195
332 862
333 518
334 1364
335 220
336 726
337 190
338 1029
339 1191
340 1584
341 631
342 1846
343 2733
344 2232
345 2512
346 2326
347 1350
348 1225
349 2649
350 2203
351 495
352 674
353 2398
354 279
355 2121
356 2206
357 2211
358 925
359 1020
360 243
361 1215
362 1708
363 1978
364 142
365 1857
366 586
367 1513
368 1663
369 208
370 98
371 2566
372 597
373 2591
374 2593
375 1855
376 1644
377 1649
378 2812
379 1278
380 2351
381 1718
382 981
383 1426
384 2231
385 738
386 1259
387 2049
388 1333
389 1419
390 749
391 1923
392 1483
393 1275
394 158
395 2306
396 1163
397 2525
398 2509
399 1510
400 225
401 2951
402 2535
403 887
404 2923
405 1563
406 676
407 2526
408 2673
409 693
410 348
411 533
412 642
413 228
414 688
415 657
416 1699
417 2900
418 2750
419 498
420 1568
421 1811
422 667
423 2965
424 2754
425 1390
426 2653
427 1216
428 492
429 2693
430 995
431 1654
432 2500
433 1573
434 1379
435 2417
436 566
437 2558
438 2485
439 819
440 2098
441 2817
442 763
443 1789
444 1936
445 2227
446 2415
447 2162
448 106
449 2993
450 2563
451 2056
452 381
453 2094
454 2036
455 1568
456 1957
457 479
458 1311
459 2589
460 1372
461 65
462 2215
463 249
464 2218
465 1373
466 29
467 2176
468 2484
469 2513
470 2488
471 2017
472 1114
473 1348
474 1828
475 1070
476 1545
477 652
478 243
479 51
480 2384
481 1610
482 1539
483 1931
484 2368
485 1931
486 2564
487 2527
488 2158
489 1236
490 2675
491 850
492 2549
493 1101
494 1301
495 1370
496 1082
497 1062
498 2010
499 203
500 2442
501 2034
502 2416
503 16
504 554
505 6
506 277
507 1472
508 543
509 873
510 971
511 2718
512 1786
513 1201
514 2757
515 2953
516 1379
517 2669
518 667
519 1591
520 322
521 985
522 2198
523 1604
524 459
525 1004
526 1761
527 1802
528 767
529 79
530 1277
531 1422
532 1950
533 1058
534 2455
535 1780
536 2003
537 2802
538 1796
539 200
540 351
541 186
542 1026
543 2910
544 2045
545 1372
546 1061
547 2371
548 137
549 1523
550 1313
551 2780
552 777
553 1493
554 1846
555 2257
556 285
557 1897
558 2540
559 1743
560 2429
561 1931
562 803
563 413
564 2491
565 2752
566 2258
567 2966
568 1269
569 1595
570 2424
571 453
572 2476
573 1848
574 571
575 168
576 1533
577 2299
578 1749
579 2313
580 1096
581 2860
582 415
583 477
584 1102
585 2196
586 2323
587 1772
588 2888
589 90
590 64
591 2024
592 1319
593 2383
594 1707
595 2985
596 1684
597 2203
598 605
599 2931
600 1856
601 2816
602 2202
603 771
604 1493
605 1857
606 2476
607 1615
608 54
609 1821
610 207
611 1977
612 2723
613 2049
614 423
615 2408
616 1896
617 2503
618 1870
619 590
620 1638
621 1947
622 391
623 2659
624 2140
625 2586
626 2127
627 2034
628 1965
629 1264
630 1904
631 123
632 694
633 2296
634 363
635 2352
636 2664
637 2859
638 2267
639 14
640 1258
641 828
642 2275
643 1072
644 410
645 962
646 2796
647 1195
648 448
649 1476
650 1890
651 2929
652 278
653 2162
654 2268
655 3000
656 502
657 2609
658 2029
659 1539
660 2967
661 1872
662 644
663 2899
664 1606
665 1762
666 1018
667 2406
668 481
669 987
670 2797
671 1671
672 580
673 1395
674 317
675 294
676 1295
677 1114
678 1284
679 1582
680 2510
681 699
682 1027
683 869
684 1622
685 183
686 723
687 1143
688 2781
689 2325
690 2098
691 1755
692 1071
693 410
694 2741
695 14
696 2405
697 735
698 1863
699 2209
700 732
701 317
702 1124
703 2119
704 1967
705 1577
706 33
707 2624
708 1567
709 1580
710 171
711 422
712 109
713 53
714 1314
715 2417
716 1433
717 2549
718 2656
719 179
720 2898
721 790
722 1297
723 1356
724 2779
725 2013
726 726
727 2730
728 1656
729 999
730 2692
731 1944
732 1683
733 944
734 2941
735 894
736 2828
737 2771
738 321
739 2694
740 390
741 1954
742 1099
743 787
744 52
745 45
746 1283
747 2939
748 503
749 790
750 63
751 1933
752 1660
753 2102
754 2705
755 1122
756 397
757 1499
758 2937
759 2339
760 2492
761 374
762 389
763 848
764 468
765 1545
766 590
767 394
768 2926
769 1875
770 1833
771 489
772 2848
773 1986
774 972
775 2585
776 2437
777 2540
778 1315
779 877
780 1578
781 1741
782 1647
783 544
784 1175
785 2866
786 1407
787 508
788 1072
789 484
790 280
791 1129
792 396
793 2058
794 581
795 1932
796 2771
797 32
798 2277
799 185
800 2887
801 948
802 1327
803 2696
804 1125
805 216
806 454
807 2801
808 2957
809 2927
810 963
811 76
812 2621
813 1661
814 1498
815 1785
816 2505
817 128
818 675
819 1985
820 2035
821 912
822 2994
823 1806
824 2170
825 1119
826 912
827 1560
828 222
829 2948
830 391
831 2729
832 2838
833 594
834 758
835 490
836 1411
837 1253
838 1594
839 1037
840 2323
841 2693
842 103
843 2663
844 1558
845 2117
846 1126
847 2902
848 2808
849 368
850 173
851 342
852 321
853 1021
854 383
855 2130
856 1843
857 945
858 573
859 1459
860 2423
861 1865
862 1676
863 1751
864 1795
865 200
866 1312
867 792
868 792
869 2366
870 1232
871 408
872 2194
873 1899
874 1736
875 2851
876 227
877 422
878 1265
879 2947
880 610
881 1469
882 2318
883 2614
884 463
885 1192
886 815

