809 48
0 1260
1 1685
2 2302
3 979
4 748
5 343
6 725
7 1043
8 2858
9 2846
10 1070
11 685
12 2035
13 268
14 488
15 2919
16 1436
17 1993
18 1262
19 2226
20 1671
21 2796
22 1054
23 876
24 1807
25 1518
26 1363
27 1247
28 713
29 470
30 1794
31 1421
32 636
33 2960
34 706
35 1180
36 834
37 2170
38 34
39 1365
40 331
41 237
42 597
43 2805
44 196
45 1673
46 554
47 2668
48 2618
49 2521
50 1269
51 1897
52 378
53 1518
54 118
55 857
56 2957
57 417
58 1629
59 2835
60 882
61 1809
62 699
63 2530
64 2227
65 1781
66 1074
67 56
68 977
69 513
70 617
71 1125
72 1644
73 1492
74 2330
75 2448
76 488
77 743
78 1824
79 941
80 2884
81 91
82 752
83 1036
84 1614
85 1807
86 2512
87 2522
88 2458
89 1840
90 63
91 807
92 181
93 2181
94 2545
95 1732
96 545
97 1371
98 1373
99 161
100 2734
101 1755
102 1066
103 193
104 2253
105 1994
106 778
107 470
108 332
109 1576
110 2298
111 612
112 200
113 1022
114 1402
115 2959
116 2281
117 2503
118 1309
119 1224
120 2623
121 2593
122 2402
123 2604
124 2895
125 45
126 641
127 122
128 503
129 913
130 2774
131 1492
132 1475
133 1197
134 727
135 2704
136 1732
137 2639
138 2895
139 1610
140 199
141 1474
142 1702
143 1610
144 79
145 276
146 2835
147 2970
148 1675
149 2067
150 1913
151 286
152 227
153 633
154 2573
155 743
156 2516
157 34
158 36
159 1351
160 2729
161 1303
162 2972
163 658
164 1526
165 1548
166 2018
167 557
168 2012
169 260
170 1104
171 906
172 576
173 2512
174 1439
175 1536
176 559
177 590
178 1571
179 1491
180 1648
181 2592
182 2122
183 958
184 2056
185 2007
186 2599
187 1611
188 379
189 1969
190 1570
191 2842
192 2008
193 1375
194 40
195 2888
196 1209
197 2883
198 2057
199 1264
200 1306
201 1958
202 1513
203 1810
204 435
205 181
206 1806
207 1191
208 2021
209 1500
210 775
211 2732
212 784
213 2286
214 1347
215 1881
216 1032
217 1218
218 729
219 416
220 684
221 980
222 2467
223 599
224 107
225 2690
226 438
227 2679
228 57
229 1002
230 2269
231 2650
232 1021
233 873
234 2850
235 2011
236 2491
237 544
238 1222
239 876
240 1826
241 1518
242 48
243 1756
244 932
245 702
246 2007
247 330
248 2444
249 1740
250 880
251 410
252 1269
253 2589
254 2340
255 1843
256 1321
257 2273
258 414
259 632
260 992
261 1712
262 1276
263 2045
264 373
265 676
266 1823
267 2245
268 776
269 1096
270 2984
271 1455
272 2976
273 1428
274 205
275 1653
276 2450
277 345
278 1649
279 1925
280 1392
281 1479
282 2547
283 1462
284 842
285 6
286 2454
287 226
288 716
289 1780
290 1418
291 808
292 234
293 793
294 2552
295 2398
296 193
297 1332
298 1461
299 1800
300 101
301 1242
302 1735
303 1883
304 1585
305 861
306 157
307 467
308 1120
309 920
310 1519
311 1977
312 1327
313 853
314 1331
315 381
316 325
317 1393
318 2390
319 2574
320 1842
321 1976
322 2063
323 1951
324 2916
325 2013
326 82
327 2945
328 1664
329 1097
330 2280
331 449
332 1394
333 2047
334 2678
335 2191
336 199
337 1967
338 882
339 2359
340 749
341 765
342 115
343 760
344 2155
345 855
346 1182
347 820
348 2953
349 165
350 1825
351 1675
352 1397
353 1369
354 701
355 1904
356 2689
357 777
358 1336
359 2279
360 1071
361 193
362 2871
363 1112
364 1885
365 2557
366 2497
367 1936
368 942
369 1572
370 1922
371 1483
372 2042
373 1771
374 736
375 1433
376 2892
377 353
378 2522
379 2427
380 2238
381 969
382 320
383 2338
384 1559
385 2351
386 2881
387 2255
388 2539
389 2412
390 1073
391 2462
392 1718
393 1432
394 197
395 2328
396 444
397 1437
398 780
399 155
400 552
401 1835
402 2749
403 518
404 1253
405 195
406 2558
407 1544
408 2852
409 562
410 717
411 583
412 1463
413 216
414 1132
415 1485
416 202
417 701
418 696
419 445
420 2299
421 103
422 2085
423 2784
424 2377
425 2636
426 2791
427 1318
428 2519
429 237
430 1363
431 2823
432 527
433 852
434 1709
435 708
436 2449
437 580
438 2843
439 1858
440 526
441 1226
442 2856
443 1436
444 2488
445 2509
446 1513
447 1681
448 2790
449 851
450 304
451 2640
452 2913
453 1194
454 2088
455 431
456 2794
457 1094
458 434
459 2521
460 2468
461 2707
462 1020
463 2379
464 518
465 648
466 2979
467 542
468 644
469 2674
470 2828
471 206
472 303
473 1657
474 1271
475 222
476 2571
477 2226
478 1194
479 823
480 852
481 1763
482 2014
483 484
484 2566
485 2639
486 1173
487 1286
488 776
489 2485
490 2138
491 728
492 1524
493 945
494 1440
495 507
496 655
497 1277
498 2945
499 2045
500 2487
501 359
502 450
503 2427
504 114
505 1964
506 1088
507 1663
508 480
509 329
510 1956
511 125
512 2453
513 1870
514 833
515 295
516 2049
517 419
518 2182
519 1921
520 1766
521 1532
522 1872
523 309
524 931
525 2837
526 444
527 1107
528 2751
529 1427
530 1022
531 338
532 1425
533 2017
534 1626
535 654
536 529
537 418
538 1398
539 312
540 28
541 455
542 308
543 2860
544 2087
545 1120
546 216
547 1981
548 2533
549 2350
550 1091
551 1052
552 1177
553 2913
554 692
555 1097
556 1407
557 1866
558 2062
559 2601
560 2468
561 517
562 281
563 1381
564 2944
565 463
566 450
567 1356
568 193
569 373
570 676
571 2613
572 1328
573 2307
574 1103
575 1856
576 842
577 2685
578 242
579 2529
580 37
581 252
582 1226
583 2127
584 1993
585 2346
586 2266
587 225
588 2112
589 190
590 1070
591 2975
592 1707
593 1601
594 776
595 488
596 179
597 2838
598 2827
599 1850
600 336
601 2391
602 1079
603 2807
604 250
605 2506
606 2612
607 2093
608 1264
609 72
610 2723
611 453
612 2680
613 629
614 1467
615 492
616 288
617 1305
618 301
619 751
620 73
621 2684
622 2344
623 1353
624 2515
625 686
626 1432
627 1928
628 269
629 49
630 1581
631 1998
632 297
633 847
634 1049
635 104
636 1522
637 1918
638 1470
639 1569
640 1971
641 2991
642 2901
643 2551
644 1761
645 1708
646 1900
647 1940
648 2
649 1691
650 1131
651 788
652 166
653 2873
654 1031
655 1370
656 1045
657 2499
658 845
659 1696
660 1845
661 1555
662 938
663 1960
664 1421
665 340
666 2992
667 1888
668 772
669 736
670 1821
671 668
672 2966
673 2062
674 314
675 494
676 1146
677 2094
678 2736
679 2748
680 2693
681 669
682 842
683 2901
684 2109
685 452
686 1607
687 181
688 447
689 1645
690 2780
691 691
692 2851
693 51
694 472
695 112
696 156
697 911
698 577
699 2288
700 1233
701 2435
702 2282
703 2763
704 1248
705 2198
706 2449
707 1782
708 259
709 367
710 1525
711 2155
712 2878
713 618
714 667
715 1980
716 2669
717 2683
718 2188
719 1437
720 1469
721 1632
722 1812
723 1390
724 1291
725 1762
726 2020
727 351
728 1198
729 1650
730 2345
731 320
732 2777
733 1709
734 1138
735 2009
736 740
737 1592
738 1728
739 35
740 1838
741 1871
742 481
743 64
744 800
745 2565
746 1433
747 2322
748 226
749 2208
750 2047
751 2278
752 1617
753 683
754 2137
755 2508
756 980
757 473
758 894
759 1925
760 1922
761 1417
762 90
763 1345
764 1093
765 2641
766 977
767 1401
768 1977
769 803
770 2889
771 1939
772 2856
773 2137
774 294
775 92
776 1217
777 1899
778 2614
779 1580
780 1451
781 2138
782 1607
783 1035
784 2236
785 354
786 229
787 2110
788 2325
789 852
790 2234
791 1076
792 2627
793 1575
794 120
795 79
796 1485
797 721
798 1441
799 1547
800 282
801 297
802 2579
803 2679
804 719
805 1698
806 2169
807 2489
808 2732

