280 62
0 672
1 706
2 144
3 645
4 2760
5 1723
6 2760
7 1940
8 422
9 2616
10 2742
11 975
12 2282
13 422
14 1110
15 2885
16 1714
17 1588
18 2561
19 2587
20 1466
21 1567
22 2285
23 1185
24 2557
25 1552
26 1917
27 837
28 766
29 1385
30 1326
31 2066
32 2204
33 2867
34 2802
35 782
36 655
37 341
38 2428
39 2826
40 2142
41 722
42 1710
43 2832
44 0
45 2603
46 1846
47 840
48 1767
49 1805
50 2955
51 196
52 1951
53 849
54 2713
55 2269
56 1863
57 879
58 2609
59 108
60 1145
61 2909
62 1195
63 561
64 1738
65 419
66 1474
67 1427
68 121
69 2610
70 2839
71 304
72 477
73 2836
74 2315
75 1716
76 2041
77 443
78 762
79 1672
80 1748
81 2152
82 2332
83 505
84 2913
85 1481
86 203
87 2442
88 1538
89 1680
90 250
91 634
92 2791
93 2627
94 509
95 2744
96 2103
97 375
98 253
99 610
100 514
101 2095
102 1628
103 2060
104 1288
105 603
106 1501
107 1174
108 471
109 315
110 713
111 552
112 938
113 2440
114 320
115 2406
116 2832
117 135
118 2851
119 2157
120 2166
121 2136
122 2359
123 1133
124 956
125 1825
126 1229
127 2814
128 2413
129 574
130 373
131 534
132 1314
133 125
134 1065
135 1522
136 1210
137 2614
138 794
139 2611
140 505
141 2269
142 493
143 668
144 2412
145 145
146 109
147 247
148 831
149 2311
150 1060
151 1482
152 2639
153 1635
154 2389
155 182
156 216
157 425
158 1162
159 2544
160 584
161 1395
162 582
163 2328
164 1971
165 1582
166 703
167 2689
168 1336
169 152
170 1169
171 244
172 2483
173 1101
174 1760
175 1394
176 1121
177 2877
178 2018
179 807
180 710
181 1016
182 74
183 1077
184 2520
185 926
186 1427
187 185
188 1743
189 112
190 1576
191 1750
192 1273
193 1752
194 721
195 1689
196 2077
197 157
198 672
199 147
200 2988
201 1178
202 2546
203 725
204 2946
205 121
206 1032
207 1686
208 2473
209 1411
210 488
211 2595
212 2062
213 522
214 2760
215 1316
216 618
217 1243
218 1647
219 2091
220 288
221 522
222 1989
223 1921
224 2857
225 584
226 2566
227 1716
228 820
229 512
230 1243
231 2877
232 2162
233 173
234 844
235 1651
236 2252
237 2479
238 368
239 1279
240 1060
241 2772
242 1638
243 1846
244 607
245 2436
246 14
247 2550
248 1788
249 1322
250 1227
251 106
252 1391
253 167
254 2848
255 2440
256 2858
257 773
258 2229
259 25
260 2522
261 1375
262 1710
263 629
264 1839
265 2294
266 2088
267 2391
268 1578
269 1795
270 1017
271 391
272 1469
273 1947
274 373
275 2160
276 700
277 283
278 2346
279 1346

