409 75
0 2160
1 2827
2 1083
3 2113
4 2743
5 1425
6 2928
7 1803
8 1596
9 356
10 1210
11 2558
12 1593
13 913
14 499
15 2997
16 1980
17 328
18 41
19 1767
20 610
21 1109
22 1284
23 1841
24 1381
25 246
26 388
27 1798
28 2331
29 2990
30 1006
31 2328
32 1833
33 1749
34 405
35 2920
36 21
37 257
38 2591
39 2755
40 1257
41 1229
42 1928
43 1983
44 97
45 1173
46 1331
47 549
48 1883
49 2467
50 1197
51 2971
52 650
53 511
54 1110
55 1831
56 1999
57 2478
58 1561
59 2430
60 45
61 1503
62 2588
63 2057
64 2434
65 2706
66 1143
67 601
68 525
69 2108
70 549
71 2789
72 2137
73 2711
74 1846
75 1491
76 38
77 1298
78 529
79 2762
80 199
81 67
82 216
83 1864
84 1732
85 495
86 1962
87 669
88 2886
89 1965
90 1158
91 1120
92 571
93 901
94 1511
95 2514
96 1894
97 2467
98 2906
99 1215
100 2761
101 2504
102 521
103 98
104 270
105 2733
106 1144
107 1379
108 1495
109 2874
110 2533
111 1910
112 1925
113 386
114 1956
115 2671
116 312
117 1166
118 582
119 1493
120 1680
121 1779
122 2584
123 2866
124 656
125 1782
126 2337
127 1250
128 1410
129 2392
130 258
131 2795
132 1431
133 307
134 2128
135 1221
136 184
137 1369
138 2892
139 2089
140 524
141 2299
142 1206
143 2468
144 2449
145 1900
146 766
147 2509
148 2605
149 1044
150 560
151 2446
152 1172
153 2157
154 2293
155 440
156 442
157 655
158 1949
159 1565
160 2402
161 1223
162 203
163 562
164 1249
165 1074
166 296
167 1077
168 2704
169 433
170 2463
171 293
172 486
173 313
174 491
175 2692
176 1536
177 2356
178 2081
179 1499
180 2810
181 1695
182 2078
183 600
184 901
185 76
186 508
187 1386
188 800
189 426
190 2501
191 2131
192 2647
193 844
194 2717
195 486
196 2057
197 1962
198 2971
199 834
200 886
201 2367
202 840
203 2440
204 2852
205 2691
206 1770
207 394
208 963
209 1701
210 1598
211 1698
212 2268
213 939
214 593
215 1189
216 2578
217 2031
218 2318
219 2101
220 74
221 2788
222 1309
223 1276
224 1377
225 2253
226 579
227 1728
228 1424
229 779
230 2254
231 118
232 771
233 313
234 1527
235 906
236 1338
237 1776
238 2174
239 1747
240 2829
241 1076
242 2319
243 1665
244 1473
245 613
246 2012
247 828
248 223
249 771
250 1188
251 458
252 785
253 2458
254 1053
255 1833
256 863
257 393
258 482
259 365
260 150
261 685
262 2856
263 426
264 2081
265 1172
266 795
267 2958
268 944
269 25
270 2627
271 2890
272 1599
273 1780
274 629
275 2968
276 2761
277 334
278 2322
279 914
280 112
281 1879
282 237
283 968
284 2959
285 18
286 1342
287 2507
288 1933
289 417
290 786
291 2748
292 2794
293 42
294 2646
295 1375
296 648
297 596
298 2036
299 351
300 247
301 1520
302 656
303 1961
304 843
305 2273
306 1332
307 728
308 998
309 2644
310 114
311 318
312 1613
313 2215
314 2086
315 118
316 837
317 2223
318 2885
319 2525
320 2900
321 1763
322 1110
323 2763
324 799
325 2330
326 729
327 1154
328 1404
329 1695
330 1165
331 584
332 1774
333 2300
334 2189
335 1319
336 2006
337 1079
338 2182
339 358
340 2210
341 1176
342 489
343 458
344 505
345 569
346 2016
347 2157
348 2916
349 2489
350 1973
351 846
352 2548
353 1868
354 2898
355 2830
356 1399
357 2864
358 600
359 2927
360 1695
361 495
362 1017
363 1170
364 1660
365 714
366 1091
367 480
368 2313
369 2390
370 1817
371 2162
372 119
373 1330
374 189
375 2607
376 1013
377 603
378 2777
379 2504
380 2902
381 2601
382 2492
383 1292
384 2457
385 1467
386 2955
387 1164
388 1880
389 792
390 2745
391 687
392 2753
393 2627
394 1263
395 732
396 391
397 1074
398 2298
399 1374
400 715
401 2041
402 937
403 2241
404 1824
405 727
406 2465
407 1558
408 637

