359 35
0 2235
1 174
2 696
3 1839
4 1162
5 1146
6 2490
7 2011
8 745
9 148
10 134
11 1325
12 458
13 2466
14 659
15 2979
16 146
17 2778
18 1972
19 938
20 1611
21 646
22 1777
23 2052
24 2331
25 165
26 2460
27 2158
28 1289
29 1478
30 1384
31 1014
32 711
33 99
34 81
35 1728
36 2176
37 2918
38 2299
39 2621
40 934
41 27
42 1169
43 1994
44 298
45 1709
46 793
47 735
48 1505
49 1714
50 2224
51 112
52 1061
53 2576
54 1610
55 247
56 2634
57 2646
58 219
59 2119
60 2468
61 1343
62 50
63 1664
64 258
65 2951
66 250
67 778
68 775
69 781
70 399
71 1509
72 897
73 1208
74 902
75 1682
76 1611
77 1869
78 889
79 2668
80 2882
81 2662
82 2868
83 2430
84 357
85 2707
86 584
87 1401
88 1973
89 2201
90 1413
91 2953
92 1888
93 1630
94 2208
95 724
96 899
97 1961
98 647
99 761
100 701
101 865
102 1819
103 73
104 733
105 2703
106 825
107 2191
108 1563
109 2621
110 1595
111 2437
112 155
113 701
114 1740
115 2883
116 1608
117 1119
118 1504
119 2789
120 2333
121 2246
122 1331
123 1027
124 817
125 2621
126 1599
127 1289
128 2387
129 1855
130 2089
131 1553
132 2134
133 546
134 2507
135 1207
136 2256
137 2385
138 271
139 2238
140 1653
141 2339
142 1550
143 398
144 1377
145 2819
146 2562
147 408
148 2891
149 941
150 2414
151 1024
152 2574
153 2953
154 950
155 239
156 2118
157 2132
158 1521
159 1129
160 1781
161 2522
162 1208
163 2376
164 1054
165 1140
166 1419
167 2270
168 2368
169 2005
170 2139
171 1117
172 894
173 183
174 782
175 2861
176 785
177 549
178 790
179 2033
180 568
181 315
182 1885
183 1366
184 2924
185 864
186 2864
187 455
188 1255
189 1698
190 2724
191 797
192 1559
193 1430
194 1522
195 818
196 621
197 2325
198 832
199 63
200 2001
201 1326
202 1244
203 2349
204 2970
205 891
206 186
207 1345
208 1920
209 1618
210 1626
211 946
212 70
213 1207
214 2406
215 48
216 831
217 2534
218 167
219 2579
220 369
221 707
222 2704
223 1167
224 2254
225 2002
226 49
227 445
228 58
229 856
230 867
231 250
232 1747
233 1540
234 2157
235 1830
236 509
237 1489
238 2562
239 957
240 1720
241 151
242 142
243 7
244 1605
245 678
246 678
247 338
248 2459
249 347
250 1037
251 786
252 865
253 2173
254 2912
255 749
256 1562
257 2033
258 1592
259 1992
260 2239
261 252
262 2086
263 462
264 2706
265 1658
266 374
267 1120
268 2447
269 2285
270 175
271 656
272 2779
273 2829
274 2578
275 1296
276 409
277 1751
278 1010
279 2578
280 186
281 1104
282 2193
283 2265
284 1241
285 538
286 2915
287 59
288 2696
289 1457
290 1162
291 1075
292 882
293 1821
294 1917
295 106
296 1094
297 509
298 2516
299 620
300 264
301 195
302 2878
303 1614
304 1744
305 327
306 1035
307 2689
308 978
309 1143
310 1594
311 254
312 859
313 1523
314 741
315 1672
316 2777
317 976
318 326
319 1110
320 2572
321 694
322 211
323 2229
324 57
325 584
326 2250
327 625
328 1218
329 2594
330 588
331 1169
332 124
333 1243
334 1500
335 455
336 2390
337 2190
338 851
339 2049
340 170
341 779
342 2312
343 1456
344 152
345 2707
346 833
347 1306
348 2484
349 130
350 130
351 1348
352 1665
353 2383
354 1492
355 1876
356 1782
357 2307
358 2444

