733 55
0 366
1 791
2 1339
3 723
4 1781
5 1404
6 1833
7 2564
8 2143
9 1496
10 786
11 2817
12 1126
13 1999
14 2386
15 2919
16 2754
17 2261
18 135
19 836
20 1621
21 2227
22 1827
23 1914
24 93
25 2703
26 735
27 1612
28 1488
29 656
30 2068
31 2691
32 2236
33 2558
34 1225
35 140
36 1079
37 2120
38 578
39 2374
40 2606
41 2614
42 2627
43 1581
44 143
45 2155
46 2807
47 2149
48 2653
49 1605
50 152
51 1258
52 544
53 2818
54 1253
55 2388
56 6
57 1972
58 892
59 288
60 1691
61 2140
62 282
63 2265
64 2857
65 2024
66 1268
67 2524
68 1248
69 565
70 1914
71 2672
72 881
73 1942
74 1588
75 677
76 703
77 2966
78 907
79 2722
80 517
81 2700
82 914
83 196
84 2553
85 2005
86 917
87 2561
88 2211
89 267
90 21
91 983
92 11
93 2933
94 83
95 1687
96 1719
97 1211
98 848
99 930
100 2169
101 1888
102 483
103 660
104 2329
105 2081
106 2970
107 2871
108 1429
109 1717
110 299
111 2865
112 2546
113 2944
114 1074
115 1065
116 1065
117 2720
118 2091
119 452
120 1718
121 570
122 1319
123 859
124 943
125 128
126 329
127 1942
128 1964
129 2753
130 1537
131 665
132 97
133 360
134 1168
135 132
136 2771
137 725
138 2388
139 2175
140 1838
141 427
142 2308
143 1277
144 1994
145 500
146 542
147 2044
148 1009
149 2107
150 6
151 788
152 467
153 1736
154 1466
155 1987
156 2283
157 1596
158 2424
159 100
160 270
161 1553
162 1204
163 847
164 2988
165 2450
166 2897
167 1245
168 558
169 749
170 1594
171 391
172 759
173 2487
174 694
175 621
176 399
177 2247
178 2208
179 762
180 617
181 1057
182 2698
183 1064
184 2124
185 741
186 2489
187 149
188 1391
189 937
190 1823
191 815
192 248
193 2787
194 1175
195 2605
196 230
197 2570
198 2744
199 235
200 728
201 2635
202 1669
203 1003
204 1313
205 509
206 1024
207 102
208 1019
209 290
210 2740
211 2901
212 1619
213 1693
214 1070
215 1288
216 2872
217 771
218 2110
219 858
220 2417
221 1802
222 2926
223 2583
224 157
225 1994
226 1616
227 184
228 2688
229 2293
230 2260
231 1691
232 76
233 2736
234 2139
235 385
236 1404
237 2697
238 319
239 1237
240 1846
241 2037
242 1948
243 2837
244 1114
245 2916
246 91
247 1106
248 2254
249 1239
250 2147
251 2222
252 1235
253 872
254 939
255 1488
256 2635
257 2115
258 2328
259 658
260 2525
261 2938
262 399
263 1959
264 2114
265 2926
266 1963
267 241
268 2652
269 165
270 2553
271 46
272 1713
273 2269
274 1728
275 2174
276 1980
277 674
278 2291
279 1638
280 342
281 76
282 1184
283 2241
284 2768
285 2329
286 1539
287 1549
288 477
289 2755
290 2907
291 1705
292 1557
293 1566
294 2853
295 13
296 1809
297 745
298 745
299 2800
300 2132
301 1564
302 50
303 916
304 1721
305 2991
306 1250
307 1656
308 2701
309 486
310 1748
311 2264
312 464
313 2817
314 858
315 354
316 2047
317 2794
318 935
319 2582
320 2309
321 84
322 2257
323 1625
324 331
325 2979
326 1446
327 2930
328 721
329 2482
330 344
331 1424
332 1820
333 1873
334 1699
335 2363
336 2455
337 1890
338 2980
339 2914
340 1008
341 2839
342 761
343 2267
344 2902
345 1258
346 2821
347 2208
348 1511
349 2148
350 2054
351 1492
352 1435
353 127
354 1030
355 2791
356 2402
357 2143
358 1397
359 900
360 2174
361 832
362 1437
363 2529
364 1847
365 1416
366 1649
367 2939
368 1490
369 2538
370 70
371 1898
372 793
373 1618
374 656
375 2181
376 190
377 2492
378 716
379 63
380 1927
381 1932
382 2821
383 649
384 241
385 1961
386 2597
387 2420
388 2492
389 964
390 1620
391 582
392 910
393 1786
394 2563
395 718
396 808
397 2696
398 2827
399 921
400 1173
401 2203
402 2379
403 1591
404 1882
405 2421
406 1010
407 2220
408 894
409 2189
410 171
411 2480
412 2300
413 214
414 1376
415 167
416 1373
417 373
418 2509
419 2280
420 759
421 1931
422 1301
423 1963
424 608
425 2216
426 2437
427 494
428 1455
429 2133
430 2469
431 1196
432 2313
433 1557
434 2600
435 578
436 153
437 2663
438 599
439 754
440 1066
441 1341
442 2131
443 1466
444 132
445 908
446 2243
447 1135
448 932
449 131
450 646
451 2696
452 2029
453 644
454 2255
455 2581
456 1441
457 1748
458 199
459 2799
460 2649
461 2257
462 497
463 495
464 282
465 641
466 292
467 572
468 2929
469 1660
470 639
471 366
472 1109
473 2559
474 2250
475 893
476 1514
477 180
478 1445
479 866
480 514
481 513
482 527
483 652
484 1816
485 1820
486 2995
487 732
488 1132
489 432
490 1373
491 364
492 2563
493 2953
494 1517
495 2194
496 1898
497 2283
498 1478
499 812
500 2363
501 677
502 2215
503 565
504 1931
505 2942
506 922
507 518
508 445
509 501
510 969
511 91
512 2593
513 1550
514 980
515 3
516 184
517 2625
518 2150
519 2086
520 2381
521 529
522 1812
523 2360
524 1473
525 2735
526 224
527 1492
528 416
529 1252
530 2078
531 1009
532 792
533 314
534 1574
535 58
536 1850
537 1130
538 2756
539 165
540 1153
541 155
542 2469
543 614
544 2775
545 1651
546 139
547 13
548 138
549 202
550 1478
551 1814
552 1648
553 1607
554 2054
555 2351
556 1151
557 599
558 2543
559 93
560 2918
561 670
562 529
563 2300
564 2603
565 476
566 781
567 1043
568 1554
569 191
570 2456
571 905
572 494
573 1981
574 2440
575 284
576 296
577 1392
578 665
579 1932
580 1195
581 171
582 1704
583 2984
584 1701
585 2060
586 615
587 800
588 2142
589 2308
590 2910
591 140
592 770
593 214
594 1930
595 153
596 1461
597 1522
598 2565
599 1177
600 152
601 2404
602 2307
603 703
604 349
605 88
606 288
607 2011
608 431
609 951
610 2582
611 1218
612 2584
613 1349
614 1108
615 1584
616 1828
617 1467
618 2531
619 1636
620 171
621 602
622 665
623 1684
624 367
625 1260
626 2459
627 2532
628 110
629 716
630 773
631 1058
632 1448
633 1732
634 2225
635 718
636 2853
637 2408
638 256
639 1568
640 2743
641 542
642 346
643 2879
644 1235
645 1917
646 2065
647 577
648 1896
649 315
650 461
651 370
652 405
653 576
654 522
655 760
656 1999
657 1083
658 1281
659 2552
660 2753
661 491
662 1257
663 1173
664 549
665 2312
666 1672
667 736
668 1032
669 1834
670 1871
671 2958
672 1767
673 898
674 2656
675 716
676 2270
677 30
678 2290
679 181
680 1457
681 1817
682 2522
683 730
684 649
685 682
686 2492
687 2904
688 2289
689 1891
690 2001
691 354
692 1465
693 998
694 2210
695 142
696 728
697 191
698 2086
699 636
700 2835
701 1674
702 2694
703 821
704 908
705 14
706 2650
707 1363
708 470
709 2717
710 392
711 1940
712 992
713 477
714 768
715 2792
716 2979
717 1691
718 2928
719 1446
720 274
721 2338
722 1093
723 1095
724 1032
725 2697
726 1512
727 82
728 477
729 814
730 826
731 2791
732 1703

