792 55
0 1056
1 2663
2 2308
3 812
4 809
5 1995
6 528
7 2641
8 120
9 1804
10 2862
11 93
12 1438
13 1582
14 472
15 2435
16 2047
17 618
18 1089
19 1545
20 589
21 992
22 3000
23 2539
24 846
25 352
26 874
27 1622
28 383
29 402
30 912
31 429
32 2529
33 2801
34 2626
35 11
36 951
37 1580
38 1286
39 776
40 2053
41 1088
42 651
43 2302
44 2219
45 687
46 2383
47 110
48 1553
49 2907
50 1363
51 1908
52 170
53 2291
54 1229
55 2153
56 1137
57 2864
58 1904
59 494
60 2663
61 1581
62 1282
63 144
64 749
65 442
66 1928
67 2919
68 1831
69 2887
70 2458
71 1152
72 600
73 1335
74 972
75 2730
76 112
77 1505
78 1183
79 867
80 528
81 2085
82 2865
83 1010
84 1396
85 232
86 513
87 2724
88 2954
89 1712
90 1173
91 2869
92 2754
93 1102
94 2420
95 498
96 2622
97 1163
98 1327
99 150
100 228
101 617
102 1213
103 1754
104 2212
105 1565
106 2614
107 1476
108 2113
109 879
110 85
111 28
112 2675
113 2828
114 1984
115 803
116 2815
117 2467
118 2479
119 1907
120 1422
121 2424
122 244
123 1210
124 358
125 921
126 655
127 2499
128 1725
129 1230
130 1552
131 1039
132 1425
133 858
134 2006
135 758
136 2221
137 1189
138 2650
139 2235
140 1180
141 1479
142 1029
143 1644
144 1691
145 757
146 2103
147 1620
148 1393
149 1617
150 284
151 1438
152 773
153 1282
154 228
155 2747
156 2504
157 1381
158 2871
159 1050
160 162
161 2848
162 1366
163 2074
164 2413
165 663
166 1166
167 744
168 1828
169 857
170 796
171 862
172 1266
173 817
174 2851
175 2983
176 1573
177 1424
178 232
179 2628
180 1187
181 724
182 1772
183 259
184 752
185 1255
186 1491
187 338
188 760
189 2514
190 1627
191 2800
192 797
193 2303
194 2323
195 2450
196 2490
197 2542
198 2754
199 651
200 1881
201 2028
202 751
203 678
204 866
205 2315
206 2652
207 720
208 71
209 2817
210 1531
211 2041
212 1154
213 2284
214 1923
215 2175
216 599
217 2471
218 1879
219 2750
220 2192
221 1466
222 2553
223 457
224 1161
225 880
226 1011
227 1436
228 2510
229 1798
230 481
231 2652
232 2842
233 2720
234 630
235 227
236 1183
237 1906
238 2312
239 2412
240 199
241 2359
242 308
243 2327
244 2458
245 843
246 170
247 518
248 1184
249 2553
250 2959
251 1880
252 1879
253 2011
254 1817
255 504
256 812
257 1863
258 1874
259 70
260 2764
261 2994
262 433
263 21
264 2971
265 717
266 1014
267 1565
268 1267
269 2195
270 2108
271 352
272 1650
273 1044
274 2727
275 698
276 2784
277 1314
278 2538
279 517
280 1233
281 431
282 2855
283 2407
284 259
285 174
286 2203
287 2729
288 2702
289 117
290 1328
291 1923
292 1539
293 2512
294 39
295 2550
296 2719
297 1931
298 316
299 97
300 1719
301 971
302 2567
303 463
304 688
305 2815
306 3
307 2834
308 1860
309 2040
310 905
311 2516
312 701
313 1907
314 453
315 1863
316 2129
317 718
318 2889
319 454
320 2663
321 1276
322 2841
323 439
324 1661
325 894
326 1449
327 387
328 259
329 2290
330 1431
331 647
332 1965
333 1843
334 2321
335 2297
336 1747
337 81
338 1275
339 1363
340 645
341 833
342 1685
343 1367
344 206
345 2926
346 959
347 2411
348 1234
349 316
350 1370
351 1103
352 1565
353 1811
354 416
355 1163
356 2637
357 1499
358 430
359 321
360 2214
361 1862
362 226
363 80
364 2777
365 210
366 655
367 1499
368 1965
369 279
370 717
371 2132
372 183
373 132
374 2024
375 993
376 1623
377 2746
378 459
379 1081
380 1285
381 1820
382 2875
383 2152
384 1770
385 343
386 2757
387 475
388 2349
389 2703
390 2334
391 1523
392 2583
393 1628
394 2705
395 739
396 2392
397 2416
398 2881
399 2256
400 1320
401 530
402 674
403 2196
404 933
405 2412
406 1352
407 754
408 1105
409 2334
410 734
411 460
412 736
413 2233
414 1477
415 1772
416 418
417 60
418 2014
419 2314
420 2911
421 872
422 2374
423 1231
424 2821
425 1951
426 405
427 2305
428 1120
429 1825
430 924
431 1856
432 118
433 1965
434 356
435 663
436 1186
437 2120
438 2923
439 1565
440 1468
441 1346
442 2140
443 1763
444 2726
445 2961
446 2540
447 1029
448 2452
449 204
450 2338
451 1869
452 966
453 349
454 2692
455 1703
456 32
457 2547
458 433
459 2125
460 311
461 1155
462 2099
463 1824
464 2840
465 279
466 1480
467 55
468 233
469 259
470 2927
471 1425
472 2571
473 351
474 104
475 152
476 513
477 1814
478 2315
479 1708
480 1768
481 801
482 2944
483 2346
484 868
485 2545
486 803
487 2596
488 856
489 326
490 2064
491 1639
492 2033
493 669
494 165
495 607
496 326
497 2996
498 721
499 2711
500 1348
501 91
502 532
503 1413
504 1369
505 1943
506 1731
507 2361
508 2014
509 1272
510 1644
511 2753
512 2658
513 3000
514 581
515 250
516 2724
517 1926
518 1425
519 405
520 2086
521 2216
522 1639
523 1017
524 805
525 913
526 1139
527 2062
528 936
529 237
530 1772
531 2680
532 2387
533 1926
534 1558
535 632
536 1712
537 1792
538 1335
539 1555
540 1133
541 12
542 238
543 1680
544 1346
545 2800
546 579
547 422
548 557
549 339
550 1460
551 2386
552 1379
553 371
554 2987
555 2295
556 1142
557 2097
558 2130
559 2431
560 2720
561 626
562 1716
563 1151
564 632
565 1046
566 1145
567 89
568 1116
569 1452
570 1091
571 889
572 411
573 2488
574 869
575 762
576 198
577 1671
578 2322
579 951
580 220
581 1640
582 2207
583 1205
584 1923
585 1207
586 1395
587 2883
588 912
589 2743
590 2794
591 1574
592 2628
593 1689
594 527
595 2212
596 1028
597 1581
598 2503
599 1283
600 1399
601 542
602 767
603 758
604 2062
605 934
606 1156
607 2841
608 992
609 426
610 2340
611 32
612 209
613 1452
614 67
615 2668
616 869
617 2922
618 531
619 1225
620 2551
621 2810
622 528
623 2107
624 2059
625 1669
626 870
627 1949
628 2695
629 1064
630 1278
631 2507
632 1109
633 1341
634 213
635 956
636 1178
637 1618
638 46
639 2191
640 965
641 484
642 653
643 1556
644 2590
645 2504
646 462
647 1593
648 1058
649 2464
650 1356
651 2066
652 141
653 2115
654 1767
655 2020
656 2847
657 589
658 68
659 2226
660 9
661 1358
662 478
663 1337
664 2504
665 1586
666 1189
667 2022
668 2730
669 1481
670 815
671 2091
672 468
673 2799
674 83
675 804
676 1415
677 2202
678 1998
679 2119
680 897
681 641
682 1295
683 1394
684 2099
685 1586
686 1217
687 198
688 1980
689 358
690 2415
691 2108
692 2083
693 1977
694 441
695 982
696 2753
697 1226
698 93
699 2266
700 2691
701 1535
702 601
703 2980
704 224
705 2004
706 1958
707 338
708 1335
709 2825
710 58
711 2083
712 854
713 771
714 1656
715 762
716 546
717 1401
718 2150
719 1092
720 296
721 1694
722 2677
723 2131
724 1113
725 1824
726 514
727 970
728 1113
729 467
730 705
731 2600
732 1946
733 1705
734 868
735 2354
736 522
737 518
738 1280
739 1968
740 1999
741 1077
742 1309
743 1051
744 2468
745 1909
746 828
747 372
748 960
749 2396
750 2202
751 108
752 514
753 1419
754 579
755 2134
756 692
757 2940
758 1401
759 461
760 236
761 543
762 2386
763 846
764 1542
765 2186
766 2398
767 786
768 543
769 2175
770 1033
771 1858
772 1962
773 1123
774 407
775 84
776 1310
777 2690
778 1602
779 1739
780 2308
781 654
782 219
783 2483
784 1360
785 1037
786 1289
787 1708
788 2078
789 1511
790 1251
791 350

