860 37
0 1778
1 2680
2 1751
3 941
4 2072
5 684
6 2683
7 1014
8 2951
9 1260
10 2468
11 1280
12 86
13 503
14 1870
15 2771
16 2170
17 2121
18 1843
19 1367
20 2271
21 123
22 2133
23 2573
24 2103
25 137
26 1984
27 35
28 1646
29 1903
30 1159
31 1078
32 2118
33 1768
34 276
35 1752
36 330
37 1331
38 1201
39 925
40 180
41 2604
42 2677
43 1465
44 537
45 1963
46 1117
47 195
48 1351
49 1235
50 2352
51 1085
52 653
53 2624
54 1937
55 2115
56 1140
57 1494
58 2111
59 481
60 2760
61 2214
62 373
63 2671
64 651
65 1484
66 1010
67 2333
68 818
69 2072
70 1030
71 1544
72 1774
73 636
74 386
75 966
76 1500
77 835
78 2445
79 709
80 80
81 1371
82 1618
83 1114
84 2112
85 1068
86 1524
87 2604
88 1673
89 1861
90 2118
91 742
92 554
93 2171
94 1241
95 2136
96 1455
97 2045
98 272
99 940
100 1249
101 2704
102 1208
103 1211
104 2368
105 33
106 1737
107 48
108 891
109 2770
110 2426
111 2807
112 1187
113 755
114 1699
115 347
116 2006
117 1524
118 339
119 1161
120 573
121 2281
122 401
123 855
124 1119
125 1774
126 393
127 1275
128 267
129 2271
130 1300
131 1633
132 2364
133 2628
134 2941
135 1133
136 1465
137 2338
138 512
139 2918
140 1113
141 227
142 2230
143 347
144 814
145 2289
146 634
147 395
148 234
149 13
150 1305
151 533
152 537
153 1589
154 2192
155 397
156 2460
157 1605
158 1947
159 1775
160 958
161 2543
162 403
163 270
164 628
165 2810
166 1243
167 1355
168 2212
169 622
170 2956
171 2964
172 1134
173 2792
174 2021
175 1500
176 546
177 2987
178 2945
179 2649
180 470
181 2822
182 1178
183 197
184 2837
185 2228
186 644
187 666
188 2651
189 343
190 952
191 258
192 791
193 922
194 2652
195 2519
196 2483
197 290
198 136
199 1557
200 980
201 2838
202 1846
203 1037
204 1308
205 2419
206 2234
207 2443
208 1266
209 139
210 92
211 1693
212 602
213 2232
214 1041
215 1584
216 781
217 1464
218 1554
219 118
220 2956
221 594
222 2365
223 2683
224 1565
225 1651
226 1550
227 1432
228 1348
229 2053
230 147
231 382
232 244
233 98
234 2442
235 2646
236 833
237 2782
238 1958
239 916
240 2680
241 749
242 155
243 1326
244 650
245 1901
246 1924
247 1349
248 912
249 524
250 1527
251 1206
252 79
253 1477
254 1082
255 1271
256 1884
257 2283
258 1349
259 855
260 2899
261 260
262 2160
263 2353
264 520
265 2971
266 2856
267 1382
268 362
269 1291
270 726
271 959
272 122
273 109
274 267
275 1254
276 1478
277 1822
278 2067
279 2299
280 620
281 311
282 1182
283 1684
284 1894
285 2167
286 2894
287 935
288 2562
289 2766
290 469
291 156
292 1470
293 1547
294 1023
295 2034
296 2826
297 1258
298 1138
299 2947
300 1108
301 2704
302 2919
303 779
304 2976
305 572
306 1763
307 2879
308 2540
309 413
310 914
311 741
312 1532
313 2272
314 598
315 2051
316 1977
317 1322
318 1690
319 864
320 1265
321 1361
322 1157
323 2319
324 490
325 1025
326 2376
327 499
328 1144
329 142
330 144
331 1251
332 1130
333 1345
334 1324
335 2427
336 2737
337 821
338 1173
339 760
340 1215
341 356
342 787
343 2788
344 2364
345 383
346 830
347 382
348 2540
349 321
350 60
351 2843
352 1473
353 181
354 151
355 497
356 1736
357 2330
358 2812
359 2070
360 268
361 2956
362 2030
363 2409
364 1697
365 2394
366 1190
367 1543
368 1829
369 1664
370 2857
371 1964
372 1039
373 2694
374 696
375 1655
376 1962
377 1894
378 1822
379 2535
380 695
381 1170
382 1329
383 1827
384 2266
385 442
386 2057
387 869
388 2869
389 2987
390 1733
391 525
392 1565
393 337
394 2599
395 451
396 2015
397 1683
398 2799
399 1331
400 1649
401 2460
402 1522
403 1186
404 227
405 2966
406 1764
407 2605
408 1828
409 1008
410 1216
411 2860
412 2323
413 1407
414 651
415 1898
416 255
417 246
418 1062
419 2188
420 2852
421 2904
422 578
423 668
424 1413
425 1973
426 997
427 1123
428 1729
429 347
430 1501
431 39
432 1158
433 2697
434 1169
435 973
436 2535
437 1404
438 1508
439 1698
440 227
441 891
442 1559
443 1282
444 494
445 2619
446 655
447 721
448 2751
449 468
450 2933
451 347
452 541
453 1889
454 463
455 2196
456 470
457 532
458 86
459 2638
460 921
461 515
462 2193
463 817
464 259
465 329
466 1684
467 2436
468 2859
469 563
470 2050
471 687
472 1190
473 2352
474 1154
475 36
476 2013
477 1783
478 2624
479 1729
480 759
481 1569
482 1470
483 2431
484 1313
485 567
486 1179
487 2352
488 527
489 1462
490 1531
491 1450
492 1890
493 520
494 318
495 1498
496 1310
497 2512
498 1771
499 1291
500 1093
501 1001
502 2456
503 222
504 2313
505 1064
506 1825
507 2317
508 562
509 1641
510 2662
511 141
512 1195
513 2311
514 583
515 457
516 932
517 811
518 2914
519 1536
520 2802
521 2497
522 235
523 470
524 2284
525 545
526 1403
527 927
528 1064
529 1452
530 2625
531 1704
532 1102
533 1736
534 624
535 2668
536 2832
537 2009
538 1967
539 2067
540 1043
541 914
542 112
543 1696
544 82
545 1431
546 674
547 2913
548 1222
549 1753
550 2388
551 2126
552 513
553 1895
554 1637
555 1061
556 1138
557 127
558 1999
559 2528
560 96
561 1341
562 2340
563 2844
564 221
565 176
566 1444
567 2742
568 970
569 315
570 2846
571 46
572 1306
573 2626
574 1145
575 464
576 1405
577 1432
578 558
579 2602
580 1106
581 571
582 2085
583 445
584 495
585 1452
586 543
587 2280
588 1342
589 1628
590 2218
591 2894
592 918
593 2634
594 1101
595 222
596 2274
597 2911
598 991
599 317
600 976
601 2894
602 955
603 501
604 720
605 2509
606 1985
607 637
608 295
609 2496
610 672
611 2943
612 2280
613 973
614 596
615 2702
616 840
617 1615
618 1514
619 2917
620 1323
621 2767
622 2275
623 961
624 2230
625 1489
626 770
627 2463
628 2
629 1475
630 323
631 1890
632 1028
633 1727
634 1575
635 2069
636 490
637 2325
638 846
639 1749
640 88
641 1001
642 1101
643 1191
644 2679
645 2516
646 308
647 1931
648 66
649 31
650 1308
651 2880
652 1322
653 125
654 2904
655 2378
656 1416
657 643
658 546
659 251
660 447
661 337
662 518
663 1560
664 1321
665 2515
666 1554
667 1465
668 392
669 1101
670 52
671 1797
672 26
673 2885
674 180
675 540
676 375
677 1055
678 769
679 172
680 824
681 2344
682 1515
683 1819
684 2944
685 785
686 677
687 32
688 666
689 1697
690 308
691 2697
692 2329
693 1659
694 756
695 748
696 2535
697 391
698 2843
699 2477
700 2347
701 960
702 1073
703 62
704 2008
705 573
706 2990
707 645
708 1794
709 2510
710 501
711 391
712 575
713 936
714 2754
715 232
716 2020
717 981
718 581
719 823
720 516
721 184
722 724
723 1631
724 362
725 98
726 2025
727 2889
728 28
729 538
730 2050
731 930
732 699
733 1702
734 1770
735 1155
736 1618
737 2686
738 708
739 2322
740 1963
741 1529
742 1109
743 834
744 1571
745 766
746 1970
747 1425
748 2325
749 2331
750 260
751 324
752 2325
753 247
754 1767
755 1129
756 233
757 2720
758 863
759 344
760 492
761 2299
762 2005
763 365
764 1033
765 2913
766 664
767 1668
768 1474
769 2614
770 2129
771 671
772 2901
773 1586
774 524
775 990
776 2338
777 99
778 1833
779 1557
780 1097
781 2264
782 2368
783 227
784 1251
785 618
786 981
787 2384
788 1159
789 245
790 1624
791 1961
792 1750
793 1771
794 2152
795 1183
796 1109
797 1786
798 1769
799 1760
800 1027
801 1898
802 348
803 2092
804 2095
805 2436
806 1217
807 374
808 1136
809 1987
810 1253
811 395
812 2743
813 1678
814 813
815 2681
816 1658
817 2020
818 1570
819 1919
820 1758
821 2514
822 2380
823 2824
824 29
825 19
826 2280
827 1982
828 1581
829 2619
830 5
831 2804
832 1405
833 2919
834 2549
835 1052
836 1790
837 1222
838 843
839 2674
840 1059
841 1949
842 2238
843 1614
844 2862
845 369
846 982
847 1422
848 1618
849 640
850 477
851 403
852 1919
853 670
854 1886
855 675
856 2273
857 1198
858 1152
859 2495

