486 70
0 1987
1 875
2 1508
3 1849
4 2154
5 1628
6 1321
7 2788
8 2414
9 1003
10 1772
11 2454
12 2441
13 1685
14 1847
15 2090
16 1163
17 2036
18 1014
19 685
20 581
21 1523
22 2533
23 2897
24 2482
25 1629
26 1137
27 13
28 874
29 2181
30 577
31 1721
32 1980
33 2212
34 2441
35 1049
36 2749
37 1822
38 389
39 924
40 850
41 1788
42 525
43 1671
44 607
45 576
46 446
47 2616
48 468
49 2057
50 741
51 1380
52 2809
53 259
54 2129
55 183
56 1770
57 1787
58 1835
59 2988
60 1891
61 1624
62 2032
63 1333
64 2395
65 9
66 2714
67 316
68 2327
69 1417
70 2600
71 2998
72 209
73 1286
74 2552
75 2663
76 1709
77 956
78 1482
79 2035
80 905
81 126
82 1821
83 2023
84 2687
85 2629
86 1186
87 2388
88 308
89 536
90 1234
91 2635
92 2714
93 2727
94 2591
95 2571
96 2531
97 2571
98 1419
99 534
100 2568
101 1450
102 382
103 1231
104 1748
105 105
106 307
107 1424
108 222
109 2118
110 88
111 2958
112 14
113 1721
114 423
115 2864
116 2016
117 489
118 1799
119 1255
120 1305
121 171
122 2384
123 854
124 1782
125 2027
126 1326
127 1235
128 2510
129 104
130 2133
131 1265
132 759
133 2845
134 1361
135 613
136 2481
137 174
138 417
139 1419
140 143
141 2880
142 1576
143 1739
144 851
145 2087
146 50
147 1703
148 2509
149 1000
150 2406
151 1818
152 1801
153 9
154 918
155 1111
156 433
157 24
158 2652
159 106
160 1447
161 1447
162 799
163 1280
164 527
165 2252
166 1739
167 1856
168 2390
169 1489
170 1633
171 2571
172 666
173 1498
174 249
175 1158
176 2659
177 1486
178 2733
179 1746
180 2642
181 2616
182 1809
183 537
184 243
185 117
186 2356
187 1242
188 1931
189 2336
190 2135
191 1004
192 2464
193 103
194 1893
195 1420
196 2291
197 2489
198 938
199 1382
200 1050
201 2773
202 859
203 2408
204 2932
205 970
206 2297
207 670
208 542
209 1581
210 1206
211 524
212 138
213 1601
214 1094
215 623
216 1720
217 841
218 1928
219 2714
220 874
221 722
222 1013
223 1405
224 2896
225 563
226 1451
227 1916
228 2595
229 777
230 637
231 2315
232 1204
233 2333
234 1659
235 1151
236 1751
237 1914
238 871
239 864
240 2086
241 2673
242 2582
243 1965
244 1348
245 2030
246 123
247 2920
248 463
249 956
250 114
251 473
252 369
253 1806
254 2929
255 522
256 2828
257 1708
258 2372
259 1599
260 1676
261 1085
262 1165
263 75
264 177
265 2511
266 33
267 2540
268 2185
269 2982
270 2201
271 149
272 1474
273 362
274 669
275 821
276 2841
277 2078
278 272
279 2670
280 1812
281 2301
282 1894
283 856
284 2489
285 1652
286 1191
287 837
288 1652
289 1533
290 1047
291 330
292 2749
293 2851
294 244
295 2430
296 569
297 1514
298 271
299 351
300 981
301 139
302 2449
303 1203
304 954
305 673
306 370
307 2764
308 2179
309 1732
310 2929
311 1091
312 589
313 1249
314 1300
315 2148
316 2094
317 2676
318 2100
319 1191
320 171
321 2412
322 1658
323 2116
324 592
325 241
326 1566
327 845
328 2855
329 313
330 2462
331 2858
332 467
333 2925
334 184
335 2241
336 1956
337 583
338 1054
339 452
340 1253
341 1199
342 11
343 710
344 2829
345 118
346 2705
347 2660
348 965
349 2376
350 2210
351 639
352 1747
353 2565
354 694
355 2887
356 1791
357 2932
358 364
359 2997
360 2914
361 2647
362 25
363 438
364 173
365 1034
366 193
367 330
368 678
369 2290
370 2474
371 2415
372 1453
373 1918
374 547
375 235
376 2872
377 1957
378 516
379 2980
380 2786
381 2248
382 276
383 2466
384 1884
385 113
386 925
387 101
388 1336
389 483
390 657
391 890
392 284
393 1224
394 365
395 856
396 2783
397 2648
398 2956
399 1331
400 2137
401 424
402 1644
403 1433
404 1499
405 1289
406 577
407 703
408 1661
409 38
410 2766
411 2735
412 2320
413 2027
414 615
415 1692
416 1201
417 1994
418 850
419 1075
420 135
421 2363
422 2482
423 2446
424 2031
425 2084
426 2691
427 1734
428 738
429 1932
430 491
431 2665
432 2102
433 708
434 1531
435 1395
436 1044
437 2344
438 1192
439 2562
440 191
441 1855
442 2149
443 2540
444 2937
445 1838
446 2775
447 2228
448 1758
449 2988
450 2140
451 2036
452 2238
453 2043
454 2367
455 256
456 792
457 1897
458 2460
459 241
460 2528
461 1095
462 775
463 2847
464 624
465 849
466 236
467 2230
468 351
469 247
470 1397
471 1191
472 2301
473 263
474 1470
475 540
476 1673
477 1397
478 652
479 1508
480 1075
481 1362
482 362
483 2300
484 2812
485 142

