688 24
0 2266
1 1695
2 2525
3 1367
4 2251
5 1667
6 1138
7 594
8 1837
9 1357
10 1965
11 335
12 919
13 2066
14 663
15 1876
16 2898
17 2543
18 544
19 1525
20 1301
21 2734
22 963
23 2056
24 2933
25 675
26 250
27 391
28 1411
29 2125
30 977
31 2726
32 829
33 101
34 635
35 2591
36 1243
37 180
38 2941
39 1328
40 2414
41 1975
42 2113
43 1628
44 1052
45 1413
46 587
47 1898
48 2407
49 301
50 2686
51 1696
52 357
53 1217
54 1819
55 2371
56 1867
57 1972
58 2856
59 76
60 1187
61 2229
62 1535
63 2390
64 2220
65 1714
66 2319
67 2461
68 228
69 925
70 2129
71 1490
72 2817
73 2676
74 421
75 378
76 2677
77 1997
78 2174
79 1612
80 2659
81 148
82 2491
83 2987
84 1898
85 1219
86 1272
87 1844
88 440
89 1630
90 1911
91 2798
92 2537
93 1771
94 249
95 1434
96 910
97 1296
98 1159
99 1349
100 1478
101 503
102 1647
103 1275
104 2895
105 2826
106 2338
107 1374
108 1839
109 471
110 1180
111 772
112 1087
113 169
114 1967
115 2758
116 1058
117 1211
118 1813
119 2521
120 2246
121 853
122 2714
123 2752
124 134
125 1306
126 989
127 1442
128 1570
129 2763
130 357
131 685
132 1951
133 321
134 2407
135 2222
136 1732
137 2974
138 1250
139 150
140 1651
141 608
142 31
143 135
144 623
145 2111
146 577
147 701
148 2022
149 39
150 830
151 798
152 2437
153 595
154 566
155 259
156 1833
157 89
158 1260
159 1606
160 1280
161 578
162 1165
163 1810
164 239
165 2988
166 1926
167 2163
168 655
169 1889
170 1655
171 2907
172 2373
173 1652
174 386
175 2060
176 2656
177 1938
178 2006
179 1181
180 385
181 466
182 582
183 2865
184 899
185 1519
186 245
187 571
188 334
189 1433
190 2111
191 2493
192 1110
193 256
194 669
195 2656
196 1372
197 2225
198 695
199 869
200 726
201 1824
202 466
203 1435
204 2571
205 618
206 2258
207 2310
208 728
209 208
210 900
211 2497
212 1583
213 1309
214 2458
215 2365
216 894
217 472
218 2018
219 2119
220 303
221 478
222 381
223 1282
224 2122
225 2815
226 2945
227 2672
228 941
229 2334
230 1432
231 2526
232 2915
233 841
234 463
235 2923
236 2785
237 2990
238 1130
239 2325
240 2326
241 322
242 1897
243 2050
244 2044
245 2158
246 2994
247 1835
248 2176
249 1326
250 1129
251 1423
252 2816
253 2949
254 266
255 2980
256 875
257 958
258 1178
259 113
260 1955
261 530
262 1719
263 1217
264 2619
265 1644
266 2103
267 1477
268 2903
269 1724
270 2729
271 1658
272 280
273 120
274 2912
275 1811
276 433
277 1774
278 2108
279 1387
280 844
281 927
282 2896
283 763
284 2859
285 2819
286 1022
287 688
288 2775
289 853
290 1200
291 1800
292 2287
293 1416
294 2578
295 430
296 1907
297 1143
298 1289
299 2837
300 957
301 2075
302 2555
303 2626
304 2151
305 2069
306 2340
307 492
308 1089
309 1549
310 2502
311 1268
312 1458
313 1580
314 1910
315 1492
316 2452
317 440
318 1430
319 1719
320 1992
321 611
322 2334
323 2008
324 903
325 882
326 396
327 52
328 1212
329 2138
330 400
331 1721
332 2695
333 1500
334 98
335 791
336 2659
337 1349
338 2885
339 2548
340 2357
341 1994
342 1267
343 1284
344 1052
345 500
346 762
347 1800
348 1007
349 2597
350 1028
351 2229
352 668
353 1063
354 2407
355 2695
356 103
357 2240
358 1269
359 459
360 1147
361 2780
362 1925
363 2729
364 1019
365 2555
366 1075
367 2439
368 491
369 292
370 2847
371 1076
372 748
373 1299
374 2082
375 1432
376 2744
377 374
378 1567
379 2212
380 317
381 367
382 1563
383 946
384 481
385 2393
386 5
387 561
388 1510
389 361
390 2937
391 487
392 1790
393 715
394 1443
395 266
396 708
397 2991
398 163
399 2503
400 2323
401 1107
402 2046
403 1885
404 460
405 2181
406 2875
407 391
408 1183
409 1382
410 2527
411 2348
412 2204
413 2068
414 2763
415 2810
416 2435
417 1737
418 1411
419 1441
420 1290
421 1757
422 49
423 1948
424 2058
425 1451
426 2010
427 2684
428 1438
429 1279
430 2011
431 886
432 1231
433 2956
434 1933
435 2531
436 948
437 1522
438 1393
439 2649
440 716
441 1875
442 395
443 2100
444 1865
445 1253
446 1196
447 1939
448 379
449 208
450 1548
451 1874
452 2765
453 2801
454 1859
455 2174
456 2264
457 2053
458 1833
459 1400
460 1543
461 1637
462 2394
463 2807
464 1135
465 746
466 1063
467 2166
468 2656
469 1946
470 200
471 1073
472 2639
473 2929
474 954
475 2529
476 1401
477 1758
478 1690
479 1816
480 2103
481 2635
482 205
483 397
484 384
485 2653
486 1007
487 176
488 2150
489 1867
490 2216
491 4
492 255
493 2398
494 1846
495 1655
496 2674
497 1624
498 1283
499 56
500 2354
501 2258
502 251
503 1120
504 2892
505 2037
506 700
507 2911
508 2087
509 2503
510 167
511 2921
512 2580
513 1947
514 2238
515 2440
516 2886
517 2779
518 2775
519 1046
520 672
521 930
522 81
523 1590
524 2027
525 388
526 801
527 1666
528 604
529 1115
530 25
531 1367
532 1464
533 676
534 2784
535 922
536 383
537 1785
538 1819
539 776
540 325
541 1258
542 2828
543 741
544 1126
545 474
546 2888
547 559
548 1481
549 1899
550 2397
551 805
552 390
553 1462
554 952
555 892
556 936
557 1651
558 1186
559 1887
560 2328
561 1964
562 963
563 2752
564 197
565 2162
566 2335
567 2126
568 2200
569 1707
570 688
571 1827
572 2395
573 396
574 1625
575 1938
576 2312
577 289
578 632
579 1873
580 564
581 1710
582 513
583 28
584 1029
585 2829
586 520
587 1087
588 2726
589 2736
590 801
591 270
592 603
593 2302
594 647
595 1850
596 1296
597 2118
598 247
599 2818
600 2829
601 2692
602 2733
603 1102
604 246
605 525
606 704
607 549
608 1441
609 1788
610 2407
611 151
612 1587
613 609
614 2838
615 1797
616 1285
617 1570
618 1017
619 1159
620 160
621 1601
622 2709
623 593
624 80
625 1236
626 2596
627 1415
628 637
629 2015
630 960
631 2102
632 784
633 2586
634 2990
635 146
636 752
637 734
638 2481
639 1279
640 2962
641 1908
642 1977
643 2296
644 249
645 1365
646 609
647 240
648 1082
649 710
650 121
651 357
652 181
653 1558
654 876
655 2594
656 115
657 2550
658 730
659 1011
660 1273
661 1217
662 2019
663 1377
664 938
665 2532
666 2959
667 249
668 2835
669 2788
670 3
671 1811
672 2505
673 2655
674 716
675 594
676 592
677 132
678 732
679 1125
680 1037
681 259
682 2166
683 855
684 623
685 827
686 2834
687 55

