751 89
0 2856
1 2180
2 95
3 1721
4 2686
5 1651
6 2399
7 1701
8 2380
9 1169
10 2520
11 1684
12 2412
13 18
14 1916
15 1539
16 2127
17 938
18 2979
19 1900
20 133
21 929
22 2690
23 779
24 2650
25 1985
26 654
27 1949
28 2697
29 1852
30 772
31 1248
32 2500
33 1273
34 655
35 2427
36 2315
37 2559
38 87
39 1314
40 2502
41 1295
42 1373
43 779
44 1841
45 863
46 30
47 1926
48 226
49 571
50 638
51 2521
52 1778
53 2322
54 644
55 1459
56 351
57 1028
58 2228
59 2736
60 1785
61 177
62 2900
63 1122
64 2979
65 2318
66 2823
67 403
68 2074
69 1829
70 1719
71 106
72 2919
73 881
74 1866
75 395
76 1727
77 2244
78 1270
79 2786
80 2699
81 2090
82 975
83 1708
84 237
85 395
86 776
87 2032
88 1566
89 2670
90 2985
91 2159
92 42
93 1067
94 2737
95 1901
96 1931
97 2652
98 1704
99 2611
100 756
101 1493
102 2243
103 848
104 1161
105 2322
106 2650
107 2801
108 527
109 1849
110 218
111 2308
112 1932
113 1531
114 1295
115 2204
116 391
117 2397
118 2574
119 18
120 67
121 1391
122 1608
123 2001
124 2411
125 2191
126 2072
127 105
128 1084
129 2854
130 1798
131 1203
132 2109
133 1039
134 1249
135 1501
136 232
137 526
138 1652
139 1076
140 2569
141 1299
142 1885
143 2285
144 1717
145 1130
146 1467
147 953
148 638
149 1407
150 1465
151 1193
152 490
153 1630
154 1401
155 1821
156 200
157 943
158 1740
159 1706
160 2329
161 2540
162 1006
163 692
164 366
165 705
166 1230
167 877
168 1400
169 1279
170 712
171 70
172 1577
173 2372
174 1845
175 562
176 2162
177 432
178 1816
179 2998
180 1410
181 1594
182 1110
183 693
184 2893
185 1619
186 1662
187 509
188 1176
189 892
190 2977
191 950
192 1251
193 2907
194 875
195 140
196 2213
197 554
198 1941
199 1221
200 2727
201 1005
202 217
203 2823
204 130
205 1764
206 1437
207 438
208 2450
209 2361
210 2247
211 1400
212 2354
213 2409
214 1781
215 1237
216 151
217 1029
218 2804
219 1842
220 1607
221 1290
222 115
223 2513
224 1352
225 2516
226 571
227 16
228 966
229 2033
230 390
231 1811
232 2563
233 771
234 557
235 392
236 1154
237 2587
238 1420
239 763
240 2801
241 1657
242 1189
243 437
244 1047
245 1961
246 580
247 2244
248 2576
249 1948
250 2827
251 975
252 2439
253 1961
254 2165
255 899
256 1183
257 1925
258 1579
259 2194
260 1822
261 1733
262 973
263 1717
264 360
265 2066
266 296
267 1982
268 2356
269 1124
270 1466
271 55
272 397
273 128
274 630
275 2153
276 1362
277 305
278 2132
279 1435
280 1922
281 1506
282 2593
283 2772
284 158
285 825
286 1861
287 1624
288 273
289 1830
290 1518
291 1508
292 1189
293 12
294 2366
295 2836
296 1013
297 1038
298 2463
299 2511
300 1805
301 2861
302 1086
303 419
304 484
305 321
306 2165
307 85
308 1678
309 281
310 920
311 1791
312 720
313 1521
314 2299
315 2058
316 1006
317 2990
318 463
319 936
320 656
321 1839
322 2082
323 2939
324 2939
325 689
326 1959
327 1970
328 166
329 1219
330 536
331 1400
332 719
333 2136
334 1096
335 2480
336 1959
337 2806
338 2844
339 1340
340 2429
341 1323
342 2801
343 800
344 1840
345 2694
346 1637
347 1974
348 1479
349 2135
350 2327
351 918
352 1428
353 1225
354 680
355 806
356 2486
357 2579
358 1276
359 672
360 2950
361 1644
362 2771
363 909
364 975
365 1534
366 413
367 2580
368 305
369 1598
370 2786
371 32
372 1629
373 1962
374 1860
375 2472
376 1994
377 2662
378 2694
379 2774
380 2661
381 1100
382 2344
383 2510
384 596
385 414
386 1337
387 382
388 1864
389 2092
390 829
391 2465
392 2480
393 1418
394 1918
395 1637
396 420
397 1193
398 1406
399 2136
400 1592
401 2870
402 827
403 59
404 1890
405 535
406 1363
407 787
408 16
409 379
410 1064
411 1308
412 266
413 2492
414 2079
415 2629
416 1411
417 256
418 920
419 817
420 893
421 2997
422 1408
423 248
424 474
425 697
426 651
427 2954
428 442
429 1584
430 391
431 2555
432 2501
433 2169
434 1475
435 1261
436 2744
437 367
438 1846
439 186
440 908
441 945
442 2168
443 2627
444 1045
445 203
446 53
447 2281
448 868
449 125
450 358
451 325
452 2053
453 2712
454 912
455 784
456 1403
457 1585
458 2825
459 2209
460 1700
461 2370
462 1867
463 2337
464 2563
465 2016
466 1239
467 231
468 2616
469 1639
470 2670
471 69
472 1055
473 2761
474 2503
475 1206
476 1033
477 928
478 716
479 2157
480 1983
481 411
482 2996
483 991
484 2329
485 536
486 1132
487 2334
488 2182
489 152
490 2069
491 2534
492 2049
493 275
494 2286
495 273
496 1541
497 770
498 2925
499 1664
500 2199
501 1510
502 1978
503 583
504 2363
505 59
506 1790
507 296
508 385
509 715
510 2339
511 1158
512 188
513 1921
514 2877
515 2077
516 852
517 1168
518 1900
519 556
520 2803
521 2208
522 2232
523 1802
524 1045
525 736
526 1480
527 1678
528 2766
529 483
530 711
531 2982
532 2951
533 2052
534 1001
535 885
536 2230
537 2696
538 1413
539 1042
540 1929
541 172
542 2366
543 1241
544 1066
545 903
546 1603
547 1705
548 234
549 31
550 1097
551 2968
552 2784
553 1859
554 1074
555 176
556 887
557 1444
558 1290
559 1875
560 257
561 2096
562 16
563 192
564 2911
565 350
566 2642
567 2334
568 386
569 2449
570 1506
571 1165
572 2563
573 405
574 2114
575 1632
576 1443
577 2055
578 896
579 942
580 651
581 2817
582 2764
583 1788
584 2828
585 1811
586 199
587 1236
588 595
589 1809
590 1612
591 2062
592 1758
593 87
594 760
595 444
596 1150
597 2798
598 402
599 2931
600 1524
601 2876
602 1465
603 411
604 250
605 2757
606 942
607 2397
608 2185
609 687
610 626
611 2970
612 1162
613 408
614 2751
615 371
616 1195
617 1871
618 606
619 1820
620 173
621 2629
622 1571
623 2368
624 2183
625 1035
626 1744
627 1228
628 2610
629 1763
630 2123
631 1462
632 128
633 1342
634 1562
635 1153
636 324
637 2191
638 1917
639 105
640 172
641 2557
642 2820
643 1606
644 747
645 1503
646 47
647 1835
648 2061
649 1658
650 2650
651 70
652 2694
653 1194
654 1547
655 38
656 1459
657 1598
658 1888
659 170
660 2892
661 1848
662 2281
663 1212
664 772
665 1935
666 585
667 2205
668 2213
669 910
670 1302
671 2179
672 1782
673 2964
674 1044
675 1859
676 1476
677 2636
678 1392
679 1289
680 1618
681 988
682 1196
683 324
684 2525
685 1913
686 2217
687 746
688 365
689 894
690 922
691 1317
692 116
693 1676
694 411
695 1907
696 1845
697 2066
698 2837
699 2772
700 501
701 66
702 259
703 879
704 696
705 710
706 1950
707 451
708 609
709 643
710 2341
711 823
712 650
713 1950
714 1519
715 2469
716 1129
717 2596
718 2448
719 1976
720 2163
721 2070
722 2720
723 252
724 1782
725 183
726 1719
727 744
728 1311
729 866
730 157
731 1998
732 1004
733 1307
734 2328
735 2310
736 355
737 2104
738 1881
739 60
740 2298
741 2011
742 604
743 1897
744 2147
745 2729
746 1733
747 656
748 1044
749 1561
750 605

