339 100
0 1401
1 692
2 2638
3 2981
4 2919
5 55
6 488
7 2048
8 2064
9 1415
10 2853
11 674
12 2088
13 1095
14 1943
15 2921
16 1800
17 2037
18 1649
19 2679
20 2928
21 357
22 1455
23 347
24 1624
25 2020
26 280
27 1261
28 278
29 1126
30 224
31 2585
32 2881
33 1806
34 1594
35 2755
36 775
37 2268
38 2408
39 2939
40 2960
41 415
42 1819
43 862
44 208
45 1739
46 808
47 1812
48 2598
49 515
50 2442
51 2870
52 212
53 401
54 1389
55 711
56 1529
57 999
58 2516
59 261
60 2085
61 78
62 2053
63 1805
64 1204
65 2914
66 197
67 927
68 808
69 2875
70 2983
71 513
72 2726
73 2516
74 2217
75 2871
76 277
77 810
78 1353
79 291
80 1944
81 1052
82 2607
83 1442
84 1524
85 353
86 748
87 426
88 2999
89 1069
90 1966
91 394
92 872
93 1052
94 2929
95 2090
96 2077
97 1703
98 334
99 2114
100 1560
101 2499
102 2066
103 2338
104 59
105 2052
106 2664
107 1042
108 2033
109 2371
110 1077
111 2616
112 1091
113 2698
114 1872
115 1934
116 2650
117 1147
118 2967
119 1404
120 1233
121 2387
122 50
123 1016
124 2991
125 2213
126 1689
127 1672
128 1271
129 31
130 1358
131 643
132 2140
133 1783
134 298
135 839
136 2825
137 2475
138 204
139 2913
140 1880
141 341
142 887
143 940
144 1785
145 1979
146 1655
147 1111
148 954
149 2353
150 422
151 1921
152 2287
153 294
154 1999
155 245
156 1344
157 466
158 2055
159 935
160 2902
161 1068
162 1609
163 1271
164 1267
165 1180
166 737
167 1963
168 2213
169 1105
170 823
171 586
172 1713
173 2881
174 1426
175 2734
176 1049
177 258
178 1864
179 1206
180 2246
181 918
182 1529
183 2177
184 2454
185 3000
186 2144
187 1193
188 1375
189 201
190 1946
191 790
192 2910
193 2211
194 2287
195 829
196 766
197 2190
198 2124
199 981
200 1279
201 1119
202 1638
203 1430
204 142
205 2981
206 106
207 3000
208 41
209 1682
210 1438
211 1184
212 1154
213 1741
214 1967
215 2636
216 2462
217 2958
218 2579
219 1521
220 2714
221 387
222 285
223 1312
224 1873
225 2051
226 1362
227 1568
228 2664
229 482
230 2464
231 2091
232 1033
233 2431
234 2966
235 837
236 2299
237 1669
238 928
239 270
240 2690
241 1986
242 2761
243 1417
244 1040
245 1844
246 2545
247 1301
248 1294
249 2994
250 1343
251 2245
252 697
253 210
254 2887
255 2030
256 716
257 2204
258 1069
259 1478
260 0
261 1686
262 1814
263 728
264 270
265 2882
266 2370
267 893
268 563
269 2845
270 587
271 652
272 2837
273 2215
274 2950
275 1666
276 1069
277 2869
278 2101
279 874
280 710
281 2632
282 2634
283 949
284 2867
285 139
286 2268
287 866
288 56
289 112
290 983
291 1955
292 466
293 928
294 1681
295 416
296 1755
297 1715
298 2829
299 1658
300 1558
301 613
302 1771
303 1518
304 700
305 2155
306 1518
307 2511
308 1390
309 1394
310 1029
311 541
312 1838
313 867
314 1263
315 2763
316 672
317 848
318 1166
319 169
320 1502
321 1025
322 798
323 1746
324 594
325 2
326 73
327 967
328 1100
329 634
330 2709
331 2213
332 2103
333 31
334 2138
335 1202
336 1550
337 2431
338 739

