412 15
0 753
1 847
2 1331
3 83
4 1721
5 350
6 1119
7 728
8 1687
9 2742
10 2368
11 2502
12 507
13 703
14 2136
15 491
16 1387
17 1074
18 647
19 1406
20 2479
21 977
22 2819
23 2171
24 710
25 2113
26 797
27 2712
28 1381
29 1726
30 1773
31 2334
32 2989
33 2987
34 1336
35 1308
36 2172
37 1398
38 795
39 578
40 2609
41 2630
42 2784
43 1244
44 1550
45 1367
46 597
47 192
48 1616
49 944
50 1851
51 2311
52 872
53 1003
54 1217
55 1275
56 2932
57 2604
58 1960
59 441
60 1487
61 2393
62 1472
63 2301
64 2977
65 1592
66 456
67 2555
68 273
69 2725
70 1622
71 2155
72 397
73 1931
74 1216
75 186
76 1578
77 249
78 2462
79 75
80 2063
81 2004
82 30
83 516
84 1134
85 2425
86 2158
87 124
88 1844
89 394
90 644
91 2060
92 823
93 510
94 1747
95 923
96 2235
97 2739
98 2382
99 703
100 2752
101 1041
102 1294
103 1128
104 2174
105 123
106 2838
107 953
108 1831
109 655
110 738
111 784
112 1762
113 203
114 2805
115 1613
116 2286
117 1662
118 84
119 575
120 2337
121 1778
122 2062
123 2273
124 377
125 1353
126 118
127 298
128 990
129 2792
130 1882
131 465
132 1703
133 371
134 2917
135 2390
136 775
137 1349
138 2182
139 2395
140 756
141 152
142 1064
143 1460
144 752
145 1063
146 2104
147 511
148 1711
149 53
150 1533
151 501
152 1610
153 605
154 1684
155 905
156 1704
157 998
158 1621
159 1612
160 586
161 2800
162 105
163 939
164 2696
165 1734
166 1146
167 1633
168 2433
169 1522
170 2495
171 2713
172 1904
173 534
174 2333
175 39
176 1713
177 2980
178 1880
179 122
180 1118
181 2387
182 863
183 1207
184 1355
185 715
186 1109
187 1799
188 2180
189 2965
190 1345
191 2821
192 1753
193 940
194 1205
195 617
196 1213
197 841
198 2966
199 291
200 1792
201 2940
202 2122
203 345
204 197
205 1506
206 635
207 2268
208 459
209 862
210 1490
211 2027
212 1162
213 2209
214 1437
215 104
216 2088
217 1634
218 630
219 2634
220 1689
221 2920
222 2335
223 151
224 1781
225 964
226 2587
227 2350
228 2665
229 1528
230 2477
231 2965
232 1319
233 2595
234 2314
235 692
236 2596
237 263
238 544
239 1866
240 2183
241 1542
242 2302
243 1439
244 2840
245 2657
246 1696
247 1022
248 2866
249 646
250 2334
251 2201
252 2724
253 2145
254 2618
255 1454
256 2829
257 1775
258 2360
259 924
260 440
261 637
262 2342
263 2999
264 1250
265 825
266 1982
267 1984
268 2197
269 2903
270 561
271 2180
272 923
273 54
274 2474
275 606
276 1107
277 2658
278 301
279 163
280 1488
281 1036
282 2649
283 810
284 2094
285 1568
286 2532
287 2553
288 1135
289 2595
290 1156
291 1155
292 1566
293 1608
294 1634
295 608
296 664
297 1225
298 567
299 840
300 649
301 2213
302 2631
303 2309
304 2823
305 167
306 2270
307 1849
308 1989
309 2303
310 1938
311 2361
312 51
313 1893
314 1692
315 2188
316 1625
317 1373
318 1955
319 1160
320 2883
321 995
322 2825
323 2941
324 1642
325 2471
326 2661
327 2211
328 2028
329 1613
330 2345
331 2656
332 2983
333 1516
334 1883
335 488
336 1905
337 2672
338 1101
339 805
340 1677
341 2888
342 1568
343 2046
344 2690
345 2127
346 2495
347 237
348 137
349 1622
350 1119
351 2909
352 2284
353 1501
354 1822
355 2320
356 1352
357 2603
358 2336
359 910
360 1911
361 1896
362 732
363 1092
364 832
365 2692
366 292
367 334
368 1352
369 1758
370 1787
371 863
372 484
373 1507
374 1070
375 617
376 25
377 1966
378 954
379 91
380 607
381 2151
382 2220
383 319
384 1801
385 1566
386 2501
387 366
388 776
389 2282
390 1624
391 2084
392 1449
393 901
394 244
395 1354
396 1652
397 2860
398 703
399 252
400 743
401 1533
402 81
403 1924
404 479
405 102
406 1461
407 1796
408 1963
409 2908
410 388
411 1622

