904 32
0 1719
1 2227
2 1709
3 1401
4 1312
5 1744
6 677
7 1723
8 2232
9 1004
10 745
11 2834
12 580
13 526
14 2127
15 742
16 1146
17 2654
18 395
19 357
20 1350
21 1979
22 1057
23 1478
24 506
25 2938
26 2021
27 2834
28 290
29 1481
30 1214
31 1751
32 2787
33 859
34 2312
35 225
36 2426
37 295
38 494
39 1793
40 2395
41 2926
42 1261
43 656
44 997
45 2173
46 564
47 2746
48 1995
49 1699
50 2386
51 1135
52 664
53 638
54 2653
55 1089
56 672
57 194
58 1075
59 1083
60 189
61 1841
62 1850
63 483
64 705
65 2882
66 979
67 2978
68 2438
69 562
70 688
71 927
72 1183
73 288
74 1579
75 717
76 1145
77 905
78 1236
79 2878
80 2218
81 1568
82 2267
83 1627
84 1902
85 1443
86 325
87 1434
88 1157
89 448
90 1286
91 606
92 2600
93 1314
94 123
95 2529
96 100
97 855
98 2869
99 2465
100 1893
101 743
102 1684
103 9
104 1150
105 1436
106 1825
107 2499
108 619
109 777
110 1996
111 1978
112 113
113 1494
114 2230
115 295
116 2564
117 610
118 1810
119 777
120 1709
121 2949
122 269
123 2301
124 1035
125 355
126 1353
127 2452
128 434
129 2495
130 598
131 1171
132 1342
133 2082
134 1489
135 153
136 1781
137 2450
138 213
139 1947
140 2236
141 1768
142 246
143 182
144 2100
145 2382
146 1944
147 1862
148 2207
149 454
150 322
151 1337
152 419
153 267
154 2474
155 1974
156 2131
157 2068
158 9
159 1115
160 1274
161 2006
162 701
163 1513
164 1277
165 1383
166 1052
167 2302
168 2638
169 1954
170 98
171 1399
172 157
173 2164
174 2235
175 1495
176 1681
177 603
178 1699
179 2103
180 2120
181 1267
182 1829
183 15
184 580
185 765
186 1991
187 801
188 2865
189 50
190 1892
191 2203
192 669
193 123
194 1118
195 381
196 1175
197 2463
198 2276
199 1589
200 1035
201 2769
202 2734
203 1523
204 461
205 632
206 691
207 2272
208 2079
209 1819
210 1314
211 1952
212 1530
213 342
214 487
215 1188
216 913
217 2301
218 33
219 342
220 602
221 2166
222 742
223 2508
224 1337
225 2361
226 305
227 946
228 1670
229 2568
230 2599
231 1714
232 2471
233 1598
234 447
235 2645
236 798
237 605
238 66
239 1476
240 1400
241 353
242 1226
243 2791
244 1859
245 1537
246 2377
247 1590
248 740
249 1587
250 2540
251 712
252 962
253 860
254 632
255 2688
256 135
257 1898
258 179
259 670
260 259
261 1305
262 679
263 2054
264 1466
265 2545
266 2957
267 803
268 1616
269 1885
270 643
271 1198
272 2313
273 972
274 2893
275 2910
276 547
277 1171
278 792
279 1024
280 331
281 370
282 915
283 676
284 1171
285 156
286 2061
287 918
288 1693
289 2943
290 728
291 411
292 1193
293 2128
294 633
295 2801
296 1248
297 2194
298 2233
299 2240
300 2420
301 864
302 1640
303 42
304 2723
305 914
306 1727
307 1069
308 58
309 977
310 754
311 2471
312 1991
313 2346
314 8
315 198
316 2650
317 1183
318 791
319 51
320 1462
321 1082
322 1177
323 1966
324 2604
325 548
326 724
327 1787
328 2007
329 2379
330 912
331 996
332 722
333 1639
334 2138
335 1689
336 355
337 1589
338 1934
339 714
340 805
341 589
342 2094
343 720
344 453
345 196
346 1734
347 139
348 2002
349 1110
350 1966
351 2924
352 1160
353 2350
354 2875
355 1149
356 1047
357 330
358 1799
359 2069
360 350
361 279
362 60
363 1587
364 233
365 2961
366 555
367 2614
368 2951
369 15
370 1645
371 2860
372 1168
373 182
374 1925
375 1319
376 1508
377 181
378 404
379 1892
380 477
381 531
382 439
383 406
384 2513
385 1286
386 1854
387 2639
388 1913
389 1426
390 591
391 2664
392 2087
393 1431
394 2712
395 2015
396 152
397 2602
398 1953
399 2038
400 1117
401 2582
402 2277
403 713
404 1043
405 341
406 2773
407 1375
408 584
409 30
410 2225
411 2717
412 722
413 469
414 230
415 1173
416 1448
417 2543
418 2256
419 270
420 2724
421 708
422 776
423 2097
424 539
425 1472
426 1322
427 1387
428 1224
429 1338
430 943
431 1134
432 2266
433 1252
434 2289
435 2990
436 1035
437 196
438 2560
439 68
440 493
441 1039
442 2374
443 72
444 83
445 631
446 2232
447 1841
448 390
449 2715
450 1530
451 2075
452 471
453 1593
454 1591
455 2276
456 936
457 2312
458 17
459 782
460 2058
461 910
462 1322
463 2903
464 2013
465 714
466 1084
467 2835
468 2018
469 163
470 2903
471 2955
472 2768
473 2687
474 1580
475 1492
476 1114
477 593
478 2678
479 2260
480 2474
481 2095
482 1474
483 2726
484 932
485 1079
486 672
487 2152
488 473
489 765
490 2419
491 2814
492 817
493 867
494 2587
495 989
496 1365
497 2281
498 1173
499 241
500 2294
501 975
502 1278
503 2317
504 1213
505 2014
506 1865
507 240
508 2864
509 301
510 2858
511 2236
512 2315
513 2660
514 874
515 2082
516 481
517 443
518 2063
519 2741
520 2530
521 749
522 587
523 889
524 2088
525 330
526 154
527 1116
528 1333
529 1149
530 1061
531 1465
532 1222
533 2557
534 2770
535 279
536 1983
537 739
538 269
539 2329
540 2964
541 2155
542 2456
543 2539
544 2930
545 515
546 1067
547 2452
548 2104
549 780
550 866
551 1746
552 247
553 442
554 2925
555 1824
556 580
557 1755
558 790
559 1528
560 1752
561 1352
562 1550
563 1751
564 2025
565 446
566 1630
567 2981
568 2382
569 2136
570 2325
571 2564
572 2859
573 82
574 2128
575 2996
576 1315
577 584
578 2692
579 1305
580 2990
581 1070
582 2063
583 2661
584 760
585 1953
586 164
587 576
588 868
589 570
590 799
591 2370
592 2419
593 2974
594 7
595 1923
596 2873
597 1491
598 2604
599 2437
600 2820
601 39
602 2622
603 1151
604 2733
605 1719
606 83
607 384
608 2386
609 59
610 375
611 2664
612 175
613 2420
614 1802
615 1385
616 2944
617 1084
618 86
619 1013
620 253
621 1233
622 196
623 1217
624 2929
625 2792
626 955
627 475
628 2064
629 946
630 178
631 690
632 342
633 564
634 379
635 2088
636 713
637 1480
638 869
639 843
640 327
641 2985
642 1101
643 590
644 619
645 634
646 770
647 360
648 1536
649 950
650 865
651 1345
652 1314
653 2580
654 1576
655 751
656 922
657 566
658 25
659 1540
660 1117
661 452
662 2993
663 1923
664 2385
665 2812
666 1014
667 1702
668 2175
669 365
670 186
671 1258
672 2191
673 286
674 249
675 2262
676 2582
677 2939
678 2401
679 226
680 2247
681 1226
682 1941
683 2789
684 2303
685 2775
686 2473
687 2304
688 662
689 2970
690 378
691 2354
692 293
693 2532
694 993
695 1444
696 985
697 1121
698 2302
699 1628
700 170
701 125
702 1359
703 1244
704 1032
705 985
706 361
707 39
708 512
709 324
710 2723
711 1393
712 1933
713 2868
714 2139
715 2509
716 2658
717 1087
718 686
719 1803
720 1061
721 1861
722 232
723 2665
724 1690
725 2956
726 2010
727 1598
728 668
729 612
730 1830
731 1099
732 2047
733 2390
734 1759
735 407
736 1780
737 609
738 2408
739 1832
740 1408
741 1488
742 1060
743 369
744 1353
745 2981
746 2665
747 1897
748 18
749 2522
750 1696
751 1696
752 2055
753 2257
754 759
755 771
756 2443
757 2906
758 687
759 2564
760 2966
761 2221
762 1760
763 326
764 351
765 1218
766 24
767 1538
768 1845
769 1429
770 1313
771 2859
772 1882
773 451
774 1786
775 254
776 2806
777 933
778 457
779 1391
780 2169
781 1904
782 1615
783 1203
784 583
785 216
786 1104
787 1662
788 1948
789 1008
790 717
791 1942
792 1592
793 2896
794 1547
795 203
796 946
797 2159
798 3
799 865
800 2225
801 1735
802 130
803 1780
804 1235
805 2873
806 1932
807 1937
808 2521
809 207
810 1089
811 148
812 2057
813 1012
814 476
815 1691
816 841
817 1808
818 1749
819 475
820 2948
821 501
822 1595
823 1070
824 1878
825 2012
826 1467
827 185
828 1912
829 278
830 1950
831 2499
832 391
833 1242
834 1719
835 324
836 1390
837 2467
838 69
839 2209
840 488
841 643
842 716
843 168
844 2640
845 1983
846 2103
847 1818
848 593
849 2214
850 538
851 1141
852 1569
853 1455
854 616
855 2313
856 669
857 271
858 992
859 18
860 2621
861 2071
862 2966
863 1616
864 1074
865 2491
866 274
867 265
868 2775
869 1587
870 1437
871 979
872 2441
873 1086
874 1086
875 2227
876 1595
877 170
878 2416
879 2141
880 1409
881 599
882 1549
883 895
884 1785
885 195
886 2159
887 1265
888 1219
889 296
890 2918
891 60
892 2722
893 155
894 402
895 144
896 622
897 835
898 2209
899 1102
900 1934
901 2212
902 1753
903 676

