587 95
0 1162
1 144
2 100
3 1632
4 466
5 574
6 160
7 2805
8 730
9 469
10 2627
11 2759
12 1420
13 2738
14 1640
15 490
16 2420
17 330
18 1919
19 790
20 726
21 671
22 1064
23 575
24 1337
25 1186
26 1082
27 1454
28 2623
29 906
30 148
31 2044
32 1190
33 1292
34 2790
35 147
36 2764
37 1382
38 643
39 2347
40 944
41 1957
42 2655
43 1943
44 2100
45 1707
46 2554
47 2830
48 2052
49 2118
50 677
51 1803
52 2280
53 2716
54 2881
55 735
56 812
57 2253
58 483
59 2086
60 2861
61 207
62 214
63 1543
64 537
65 1326
66 1192
67 2147
68 857
69 2478
70 2570
71 2964
72 520
73 1422
74 2863
75 1312
76 1213
77 2051
78 1311
79 2640
80 299
81 2315
82 762
83 767
84 1913
85 2560
86 2486
87 2078
88 2583
89 2249
90 62
91 2121
92 2344
93 934
94 1
95 1094
96 2151
97 2573
98 29
99 1346
100 64
101 2529
102 2691
103 807
104 2107
105 2815
106 1820
107 1373
108 1754
109 91
110 536
111 1042
112 1263
113 1146
114 2121
115 2318
116 826
117 385
118 2624
119 1601
120 33
121 1169
122 1729
123 409
124 1095
125 2708
126 1366
127 1287
128 2985
129 1051
130 1895
131 96
132 1658
133 1866
134 2151
135 2012
136 2906
137 1178
138 393
139 698
140 90
141 1838
142 2502
143 1614
144 1746
145 2270
146 424
147 2097
148 1269
149 1228
150 608
151 314
152 66
153 2790
154 2332
155 1178
156 1368
157 223
158 1933
159 1941
160 2649
161 1664
162 2010
163 865
164 420
165 1009
166 1287
167 2383
168 1040
169 1484
170 1856
171 294
172 940
173 2311
174 187
175 1643
176 1252
177 885
178 178
179 2994
180 2582
181 2460
182 822
183 2739
184 79
185 2422
186 1166
187 661
188 941
189 1349
190 1996
191 1700
192 1655
193 2774
194 2204
195 480
196 243
197 885
198 1223
199 2700
200 1828
201 2680
202 1521
203 1054
204 1229
205 268
206 1216
207 1469
208 452
209 354
210 2348
211 2249
212 1407
213 1784
214 2504
215 2174
216 2988
217 777
218 2551
219 2144
220 2212
221 2783
222 2223
223 1471
224 2676
225 2666
226 627
227 128
228 841
229 1906
230 1763
231 2676
232 1720
233 1462
234 718
235 1562
236 2353
237 1843
238 1300
239 2299
240 1306
241 887
242 726
243 568
244 1312
245 1296
246 2619
247 477
248 174
249 134
250 2031
251 679
252 671
253 2925
254 2929
255 2896
256 1572
257 1174
258 1075
259 1913
260 1054
261 2976
262 2897
263 1894
264 587
265 2747
266 1963
267 652
268 1459
269 2919
270 1969
271 569
272 2860
273 1918
274 1109
275 829
276 2501
277 960
278 410
279 2671
280 745
281 749
282 997
283 2613
284 2981
285 2422
286 486
287 310
288 1787
289 2396
290 362
291 1944
292 2090
293 427
294 2908
295 242
296 1203
297 1642
298 2884
299 735
300 466
301 1612
302 1877
303 1913
304 1693
305 780
306 670
307 2136
308 789
309 597
310 2023
311 1240
312 1201
313 2450
314 2189
315 695
316 2099
317 2298
318 2634
319 953
320 562
321 2552
322 2270
323 1813
324 1284
325 149
326 1701
327 738
328 221
329 678
330 380
331 1981
332 73
333 2108
334 1991
335 2597
336 2359
337 562
338 1979
339 1256
340 763
341 1346
342 2334
343 2047
344 1960
345 1417
346 1660
347 383
348 2965
349 493
350 1418
351 1280
352 2679
353 423
354 2297
355 1123
356 619
357 1067
358 2866
359 2524
360 386
361 2260
362 1911
363 883
364 2897
365 1871
366 1568
367 2677
368 2460
369 2702
370 2391
371 2203
372 727
373 2502
374 1468
375 1246
376 1671
377 1330
378 2959
379 766
380 1318
381 2301
382 776
383 2279
384 974
385 2675
386 487
387 1128
388 372
389 1189
390 2360
391 1639
392 2661
393 886
394 2306
395 1915
396 1773
397 2185
398 1730
399 1766
400 699
401 2682
402 1919
403 2300
404 616
405 1270
406 2241
407 329
408 14
409 2597
410 1104
411 2084
412 944
413 33
414 2981
415 1356
416 1337
417 407
418 1438
419 439
420 332
421 1009
422 345
423 951
424 751
425 2363
426 2744
427 2591
428 204
429 768
430 1076
431 1698
432 2388
433 317
434 2805
435 1457
436 1356
437 1489
438 1810
439 1130
440 1228
441 2136
442 643
443 432
444 2449
445 453
446 1059
447 1414
448 2327
449 1487
450 718
451 1058
452 2990
453 1176
454 1674
455 2049
456 1193
457 2488
458 139
459 1997
460 1244
461 629
462 1947
463 2306
464 364
465 2899
466 400
467 565
468 1871
469 1558
470 2498
471 663
472 2407
473 2294
474 121
475 2765
476 1973
477 1275
478 1718
479 2873
480 1765
481 776
482 543
483 1700
484 624
485 293
486 2698
487 846
488 149
489 1759
490 841
491 848
492 1087
493 1034
494 2818
495 2486
496 225
497 180
498 317
499 1793
500 1946
501 378
502 556
503 602
504 1229
505 1073
506 1036
507 785
508 615
509 2535
510 2736
511 588
512 269
513 2250
514 2708
515 2770
516 1395
517 1393
518 533
519 2743
520 631
521 1026
522 2212
523 994
524 127
525 1330
526 1774
527 1367
528 2291
529 1874
530 2756
531 1150
532 2340
533 303
534 2127
535 2504
536 2844
537 1637
538 1496
539 2662
540 2916
541 1911
542 2066
543 763
544 2840
545 2738
546 2789
547 2849
548 151
549 583
550 1934
551 2026
552 2089
553 2614
554 1553
555 1014
556 2729
557 1505
558 1534
559 2129
560 2655
561 1806
562 256
563 2266
564 2783
565 957
566 2763
567 2126
568 1637
569 2655
570 1683
571 2291
572 823
573 1709
574 149
575 2146
576 2961
577 2815
578 1584
579 2784
580 1917
581 2785
582 2883
583 48
584 2719
585 2608
586 2484

