109 5
0 193
1 410
2 2960
3 73
4 2034
5 687
6 1454
7 2007
8 108
9 2710
10 249
11 301
12 930
13 382
14 2918
15 1863
16 842
17 237
18 2064
19 2005
20 671
21 2378
22 738
23 2905
24 794
25 2604
26 221
27 70
28 2931
29 1321
30 830
31 2183
32 1946
33 2187
34 199
35 702
36 566
37 384
38 2070
39 1696
40 1583
41 2015
42 2377
43 199
44 897
45 428
46 2445
47 2512
48 313
49 513
50 1666
51 998
52 1253
53 826
54 1434
55 2324
56 2715
57 730
58 1214
59 243
60 160
61 2893
62 2370
63 2715
64 1477
65 269
66 7
67 1528
68 1798
69 1618
70 860
71 1612
72 1801
73 893
74 2660
75 1061
76 1350
77 2554
78 1282
79 532
80 717
81 1636
82 2818
83 2543
84 250
85 2745
86 1964
87 1513
88 53
89 1900
90 2594
91 155
92 785
93 2398
94 2012
95 1566
96 870
97 394
98 293
99 785
100 116
101 632
102 507
103 306
104 2406
105 625
106 2071
107 1351
108 160

