832 45
0 1828
1 2549
2 1659
3 186
4 2259
5 1518
6 1582
7 1945
8 2436
9 2501
10 2548
11 2283
12 670
13 2811
14 70
15 2773
16 2560
17 2108
18 2874
19 596
20 112
21 1507
22 96
23 441
24 138
25 2366
26 2388
27 354
28 2164
29 763
30 173
31 1120
32 2709
33 764
34 806
35 2336
36 1809
37 588
38 1146
39 472
40 550
41 2553
42 1513
43 2911
44 1746
45 2053
46 2966
47 924
48 975
49 2574
50 1542
51 1808
52 438
53 1592
54 2507
55 81
56 2724
57 2782
58 1237
59 1203
60 830
61 8
62 1700
63 1566
64 2475
65 2381
66 1337
67 2973
68 162
69 512
70 2345
71 272
72 721
73 2144
74 180
75 2177
76 2394
77 2444
78 2741
79 320
80 1845
81 1543
82 417
83 270
84 2323
85 1824
86 1120
87 1918
88 2939
89 867
90 2761
91 2430
92 36
93 745
94 2484
95 1351
96 577
97 1585
98 113
99 660
100 645
101 82
102 2818
103 1780
104 2182
105 2817
106 167
107 1646
108 110
109 195
110 2225
111 550
112 1023
113 1183
114 372
115 2573
116 1260
117 1088
118 1639
119 1513
120 2664
121 1790
122 2083
123 979
124 1863
125 431
126 1822
127 2932
128 1115
129 991
130 2438
131 2107
132 350
133 1098
134 2181
135 2598
136 763
137 1691
138 1176
139 1955
140 2652
141 301
142 2872
143 1825
144 726
145 1383
146 1751
147 344
148 696
149 998
150 502
151 2783
152 333
153 1943
154 1579
155 1560
156 2138
157 1648
158 651
159 482
160 2144
161 1492
162 2679
163 776
164 2071
165 2663
166 1706
167 1165
168 1993
169 1954
170 2460
171 284
172 407
173 2859
174 1333
175 1893
176 1960
177 115
178 2331
179 2517
180 1136
181 976
182 1700
183 2273
184 2595
185 1665
186 2175
187 2850
188 505
189 753
190 2661
191 1681
192 2565
193 491
194 970
195 2362
196 2097
197 2701
198 1990
199 1661
200 1294
201 2269
202 2529
203 2220
204 439
205 1137
206 349
207 202
208 2694
209 371
210 2633
211 2690
212 115
213 668
214 287
215 2225
216 94
217 258
218 2604
219 840
220 19
221 2779
222 328
223 1325
224 541
225 2482
226 2707
227 313
228 1077
229 876
230 86
231 1618
232 2607
233 2424
234 2396
235 1698
236 287
237 2714
238 1990
239 2266
240 2854
241 2625
242 468
243 1053
244 1334
245 2195
246 88
247 2082
248 2876
249 2195
250 2727
251 1291
252 2554
253 2166
254 1035
255 2726
256 2712
257 1173
258 94
259 607
260 1829
261 15
262 2290
263 2063
264 122
265 632
266 1980
267 377
268 222
269 164
270 1491
271 2807
272 2446
273 1335
274 648
275 1675
276 1570
277 223
278 2412
279 1401
280 288
281 2636
282 109
283 2411
284 2136
285 1061
286 1882
287 838
288 1899
289 384
290 2219
291 1549
292 2320
293 1213
294 23
295 1436
296 503
297 401
298 438
299 1423
300 1627
301 355
302 296
303 1325
304 1420
305 754
306 1343
307 1924
308 138
309 162
310 2982
311 2142
312 836
313 1467
314 415
315 1691
316 2640
317 2065
318 263
319 1316
320 391
321 1170
322 1741
323 368
324 1140
325 2015
326 1296
327 921
328 1150
329 559
330 137
331 2450
332 1823
333 911
334 2761
335 1128
336 2005
337 931
338 163
339 2908
340 2414
341 2569
342 518
343 1452
344 2990
345 2410
346 337
347 1281
348 431
349 2034
350 2523
351 2448
352 571
353 592
354 209
355 339
356 562
357 1168
358 1550
359 2337
360 1165
361 445
362 2513
363 695
364 532
365 133
366 2322
367 1423
368 361
369 2654
370 2047
371 81
372 591
373 2345
374 2408
375 2778
376 2867
377 2680
378 2036
379 1384
380 2112
381 1618
382 2069
383 1964
384 152
385 1513
386 1559
387 677
388 1581
389 997
390 1103
391 1012
392 2568
393 1955
394 615
395 1880
396 2091
397 2968
398 1891
399 914
400 1247
401 723
402 175
403 1600
404 776
405 1443
406 84
407 1160
408 1704
409 2224
410 2808
411 479
412 483
413 1774
414 2639
415 2383
416 1533
417 1963
418 2228
419 2806
420 1077
421 1642
422 679
423 1696
424 1803
425 1811
426 576
427 234
428 1971
429 1360
430 2185
431 1086
432 2736
433 324
434 256
435 1750
436 14
437 288
438 60
439 1582
440 1640
441 2021
442 814
443 1841
444 2916
445 1586
446 2035
447 95
448 1480
449 672
450 1197
451 976
452 2106
453 1690
454 2992
455 2364
456 2818
457 2579
458 1792
459 1766
460 2027
461 786
462 221
463 53
464 992
465 2398
466 2614
467 2970
468 367
469 133
470 1720
471 352
472 990
473 1561
474 452
475 1524
476 1071
477 628
478 596
479 2484
480 2611
481 2956
482 1481
483 1274
484 698
485 772
486 1390
487 2549
488 2883
489 1708
490 2072
491 1203
492 1949
493 215
494 477
495 288
496 1696
497 1288
498 2783
499 1680
500 39
501 1336
502 2983
503 2900
504 1166
505 172
506 37
507 757
508 2844
509 1688
510 2228
511 1025
512 2484
513 1390
514 1716
515 2345
516 2960
517 1386
518 607
519 1187
520 1407
521 2068
522 1242
523 2032
524 1626
525 758
526 1048
527 2613
528 296
529 406
530 1638
531 1269
532 282
533 2026
534 1372
535 2875
536 322
537 472
538 733
539 2157
540 443
541 224
542 1831
543 2698
544 2564
545 2364
546 203
547 2628
548 2830
549 34
550 1103
551 983
552 172
553 161
554 265
555 1739
556 2215
557 1962
558 2820
559 1636
560 1089
561 1749
562 2816
563 277
564 1959
565 2186
566 928
567 590
568 2884
569 2009
570 2142
571 429
572 155
573 1720
574 280
575 1601
576 1498
577 1638
578 2965
579 2452
580 1108
581 2509
582 1260
583 703
584 700
585 2550
586 458
587 149
588 2321
589 1643
590 1374
591 2989
592 2511
593 2858
594 402
595 1709
596 321
597 1476
598 715
599 317
600 2601
601 2847
602 2265
603 895
604 830
605 1328
606 1753
607 2418
608 1634
609 1735
610 2321
611 2473
612 1717
613 1046
614 429
615 2204
616 101
617 668
618 2093
619 1794
620 1041
621 6
622 1012
623 2462
624 1338
625 1594
626 2656
627 694
628 1744
629 0
630 1073
631 2736
632 2646
633 211
634 465
635 1937
636 2601
637 687
638 2720
639 278
640 1713
641 1021
642 1441
643 437
644 1091
645 919
646 203
647 190
648 933
649 2917
650 1247
651 2422
652 1719
653 568
654 2164
655 2050
656 1715
657 1449
658 2499
659 531
660 775
661 2981
662 259
663 1212
664 1537
665 1837
666 310
667 2482
668 2137
669 2872
670 2386
671 1250
672 2718
673 2505
674 2887
675 2474
676 1511
677 1888
678 2453
679 1223
680 1684
681 1816
682 2456
683 2960
684 2159
685 292
686 1064
687 186
688 1143
689 1035
690 416
691 1629
692 1642
693 1873
694 2026
695 1711
696 2695
697 2792
698 2476
699 511
700 1327
701 1212
702 313
703 253
704 2924
705 774
706 277
707 243
708 703
709 2296
710 1083
711 2806
712 550
713 1983
714 2229
715 2619
716 275
717 2961
718 1373
719 211
720 637
721 523
722 1741
723 2149
724 563
725 2974
726 1478
727 659
728 2237
729 1893
730 580
731 313
732 2133
733 1808
734 1125
735 1633
736 2008
737 1301
738 263
739 1160
740 2166
741 2191
742 2821
743 580
744 969
745 7
746 1483
747 1638
748 901
749 2739
750 2435
751 2402
752 1593
753 528
754 1318
755 2421
756 1029
757 727
758 882
759 1602
760 1115
761 208
762 41
763 847
764 2354
765 2135
766 2059
767 929
768 300
769 1465
770 767
771 1029
772 1507
773 1157
774 2802
775 1319
776 1893
777 2600
778 1266
779 2658
780 2873
781 2055
782 784
783 2302
784 250
785 837
786 781
787 2861
788 792
789 1066
790 65
791 2240
792 1831
793 2142
794 1530
795 229
796 2245
797 2974
798 2792
799 1459
800 2377
801 1239
802 1285
803 1807
804 366
805 1472
806 1295
807 466
808 508
809 270
810 2308
811 879
812 2858
813 2544
814 1620
815 1684
816 2991
817 2438
818 1426
819 332
820 155
821 2673
822 1195
823 512
824 2318
825 921
826 2161
827 677
828 1911
829 440
830 2042
831 383

