133 82
0 1304
1 37
2 1695
3 2277
4 1642
5 485
6 1369
7 1111
8 2850
9 2427
10 1775
11 1824
12 1642
13 462
14 1506
15 1227
16 1286
17 2058
18 2903
19 2846
20 1705
21 2530
22 1428
23 2870
24 615
25 2670
26 157
27 488
28 2713
29 2087
30 2394
31 1069
32 1238
33 846
34 1787
35 2575
36 2041
37 808
38 2511
39 1946
40 2623
41 1968
42 1658
43 1446
44 2115
45 2243
46 628
47 467
48 172
49 915
50 1195
51 1685
52 502
53 2202
54 1735
55 910
56 117
57 990
58 1467
59 848
60 1156
61 2922
62 964
63 192
64 1965
65 1698
66 730
67 1365
68 360
69 2792
70 1543
71 2349
72 1103
73 2688
74 1363
75 1929
76 1037
77 2936
78 1139
79 2787
80 73
81 1997
82 1484
83 2067
84 2328
85 361
86 906
87 1397
88 303
89 1330
90 691
91 628
92 2612
93 2825
94 2861
95 1607
96 2518
97 897
98 1409
99 2862
100 1627
101 1063
102 1183
103 436
104 1176
105 658
106 2069
107 518
108 1316
109 1263
110 1608
111 2125
112 2042
113 683
114 1952
115 1470
116 1544
117 391
118 1690
119 1446
120 1717
121 919
122 2634
123 1365
124 2992
125 713
126 2480
127 1665
128 1973
129 1153
130 75
131 891
132 1642

