982 91
0 211
1 835
2 16
3 297
4 778
5 2432
6 1834
7 1684
8 1170
9 1828
10 906
11 1008
12 981
13 2398
14 2445
15 2146
16 516
17 1437
18 2710
19 2790
20 409
21 2603
22 1639
23 2549
24 1936
25 2070
26 1067
27 1345
28 1996
29 759
30 2835
31 1889
32 2032
33 240
34 2090
35 350
36 834
37 1659
38 265
39 2417
40 1252
41 77
42 1573
43 354
44 1167
45 787
46 232
47 305
48 210
49 2648
50 2344
51 939
52 1384
53 985
54 1231
55 1626
56 1420
57 218
58 883
59 1505
60 2030
61 1747
62 933
63 1495
64 1505
65 2513
66 1102
67 1288
68 2392
69 1345
70 2905
71 239
72 465
73 796
74 207
75 286
76 2537
77 507
78 2946
79 1034
80 1256
81 1695
82 1382
83 245
84 2218
85 1064
86 2344
87 2294
88 795
89 527
90 1789
91 836
92 903
93 716
94 2977
95 1702
96 2122
97 920
98 1875
99 2689
100 1429
101 1749
102 1010
103 1433
104 2501
105 523
106 2932
107 2832
108 2841
109 2105
110 1363
111 2016
112 191
113 573
114 1315
115 656
116 2534
117 903
118 388
119 1320
120 664
121 1016
122 2870
123 1653
124 1695
125 1940
126 2989
127 793
128 2790
129 889
130 115
131 2679
132 2212
133 547
134 1962
135 1922
136 2766
137 1656
138 382
139 1046
140 392
141 2131
142 925
143 1498
144 2793
145 2965
146 1507
147 2752
148 2325
149 1818
150 2687
151 2790
152 2218
153 2498
154 348
155 2622
156 1478
157 1125
158 12
159 124
160 1164
161 1238
162 1885
163 334
164 2222
165 2206
166 1258
167 584
168 9
169 1461
170 2677
171 874
172 1133
173 503
174 1234
175 2465
176 379
177 2579
178 200
179 1389
180 958
181 818
182 765
183 1415
184 1510
185 2671
186 2254
187 1408
188 2928
189 1049
190 325
191 2340
192 2733
193 82
194 2572
195 2584
196 2309
197 1155
198 74
199 667
200 2749
201 1422
202 566
203 2161
204 1237
205 1850
206 1333
207 1798
208 1986
209 2699
210 395
211 814
212 1940
213 337
214 2025
215 889
216 1276
217 1358
218 2826
219 125
220 2793
221 289
222 2797
223 1422
224 1698
225 2505
226 1490
227 713
228 2764
229 860
230 2996
231 2329
232 210
233 1757
234 2112
235 1372
236 929
237 1078
238 2852
239 851
240 2170
241 841
242 2267
243 161
244 1859
245 384
246 2221
247 2600
248 1401
249 2305
250 2414
251 2657
252 1122
253 874
254 1991
255 1218
256 2895
257 2425
258 1617
259 1588
260 375
261 2780
262 1609
263 1648
264 2608
265 309
266 2938
267 1286
268 681
269 2551
270 2091
271 2377
272 387
273 2235
274 1164
275 991
276 2542
277 2227
278 1796
279 1886
280 2313
281 1037
282 1366
283 442
284 177
285 895
286 1123
287 515
288 2236
289 2129
290 1388
291 2862
292 2533
293 2949
294 2201
295 536
296 901
297 1046
298 901
299 143
300 389
301 1732
302 1468
303 1023
304 1994
305 2064
306 1426
307 2220
308 1698
309 1378
310 84
311 207
312 2019
313 1827
314 2950
315 928
316 732
317 768
318 855
319 1548
320 379
321 2037
322 2093
323 1920
324 207
325 2312
326 2397
327 2644
328 1915
329 2161
330 2882
331 2216
332 782
333 1667
334 880
335 200
336 2283
337 1145
338 1529
339 2527
340 930
341 1173
342 1632
343 2383
344 2775
345 563
346 1622
347 2448
348 1422
349 754
350 1365
351 1668
352 675
353 1111
354 2610
355 13
356 1428
357 1528
358 1968
359 554
360 2489
361 2662
362 2456
363 622
364 921
365 509
366 491
367 119
368 2032
369 2780
370 990
371 1788
372 2428
373 1981
374 2798
375 1339
376 579
377 1363
378 967
379 2432
380 1922
381 2269
382 1769
383 715
384 2455
385 9
386 2691
387 1499
388 1372
389 903
390 2868
391 2605
392 1530
393 1729
394 351
395 1665
396 618
397 1231
398 2147
399 207
400 1777
401 1770
402 2451
403 2737
404 979
405 2586
406 2529
407 786
408 741
409 1940
410 1305
411 450
412 2089
413 27
414 203
415 1367
416 2800
417 755
418 1615
419 44
420 143
421 354
422 1574
423 761
424 2654
425 2495
426 1880
427 2064
428 1564
429 1671
430 1949
431 933
432 1850
433 557
434 2493
435 1443
436 311
437 2379
438 1857
439 2862
440 2555
441 1222
442 670
443 945
444 441
445 2516
446 1439
447 851
448 2041
449 1114
450 2007
451 2003
452 2040
453 2119
454 738
455 2030
456 2309
457 1788
458 2882
459 1166
460 2947
461 1024
462 1907
463 1381
464 1449
465 502
466 2
467 2243
468 2061
469 848
470 1519
471 2996
472 2918
473 1002
474 219
475 1287
476 2001
477 995
478 1956
479 2621
480 2424
481 287
482 2698
483 2691
484 1012
485 2753
486 675
487 168
488 160
489 809
490 1115
491 2779
492 2876
493 2275
494 2677
495 2053
496 2063
497 694
498 1757
499 1613
500 2590
501 284
502 533
503 1046
504 39
505 1789
506 967
507 2662
508 2022
509 19
510 2081
511 269
512 606
513 1374
514 1924
515 1575
516 986
517 2722
518 958
519 2012
520 1762
521 1412
522 2104
523 530
524 79
525 98
526 2150
527 1710
528 899
529 898
530 1317
531 2353
532 2754
533 1962
534 2883
535 1624
536 640
537 1215
538 866
539 2850
540 900
541 1648
542 1809
543 1787
544 2483
545 482
546 2614
547 253
548 2092
549 1328
550 2547
551 272
552 1283
553 98
554 735
555 1060
556 1509
557 1195
558 354
559 1601
560 867
561 2549
562 872
563 2006
564 2389
565 2587
566 2045
567 2503
568 428
569 2532
570 2348
571 2458
572 1839
573 14
574 1213
575 120
576 2678
577 1538
578 614
579 580
580 1233
581 493
582 2004
583 1144
584 2323
585 2886
586 1450
587 804
588 220
589 1467
590 420
591 2133
592 1277
593 1191
594 1828
595 3
596 2437
597 1879
598 89
599 540
600 1058
601 874
602 23
603 1851
604 1249
605 2941
606 507
607 2529
608 2560
609 799
610 1760
611 2709
612 26
613 2335
614 2150
615 411
616 598
617 1130
618 342
619 383
620 1401
621 2998
622 1041
623 1852
624 170
625 362
626 2101
627 2848
628 314
629 2468
630 2515
631 1243
632 1561
633 1498
634 150
635 2700
636 2400
637 481
638 1828
639 37
640 1372
641 2950
642 2911
643 2273
644 2789
645 2021
646 236
647 792
648 2435
649 1467
650 2883
651 716
652 1915
653 1090
654 360
655 2361
656 2001
657 2334
658 2382
659 102
660 1313
661 208
662 343
663 1771
664 228
665 2013
666 302
667 2180
668 1911
669 248
670 1476
671 1466
672 1338
673 1238
674 2279
675 1415
676 1587
677 1653
678 610
679 1645
680 694
681 2414
682 2247
683 2307
684 1915
685 1620
686 2289
687 555
688 1612
689 2301
690 2419
691 2401
692 145
693 2442
694 1634
695 345
696 582
697 423
698 166
699 145
700 640
701 2988
702 577
703 2702
704 1215
705 1667
706 306
707 2125
708 777
709 2206
710 2383
711 2384
712 267
713 1526
714 1142
715 389
716 1729
717 331
718 2216
719 1921
720 2271
721 2868
722 1356
723 1173
724 2694
725 262
726 606
727 1869
728 2146
729 1922
730 2040
731 707
732 2239
733 1135
734 1524
735 790
736 1781
737 260
738 1827
739 59
740 2374
741 1624
742 141
743 616
744 1906
745 965
746 35
747 293
748 1313
749 1267
750 2298
751 2116
752 1039
753 630
754 1718
755 2073
756 1726
757 914
758 1005
759 2879
760 1092
761 2356
762 800
763 273
764 2216
765 199
766 2828
767 1593
768 1884
769 1655
770 528
771 2693
772 797
773 1301
774 1372
775 456
776 2339
777 1432
778 1927
779 488
780 2962
781 2621
782 3
783 679
784 350
785 2211
786 720
787 2043
788 1230
789 314
790 534
791 54
792 1260
793 858
794 263
795 360
796 2845
797 2238
798 2251
799 2950
800 2218
801 2673
802 515
803 2080
804 283
805 1756
806 1452
807 314
808 2778
809 696
810 393
811 1969
812 2384
813 988
814 283
815 2054
816 1775
817 665
818 1157
819 1712
820 2935
821 1773
822 1002
823 1238
824 2118
825 424
826 610
827 38
828 2702
829 1502
830 2152
831 770
832 866
833 1105
834 233
835 1547
836 2792
837 258
838 104
839 2606
840 1294
841 2108
842 344
843 1396
844 1216
845 1188
846 2262
847 292
848 1445
849 2059
850 569
851 2169
852 1603
853 2309
854 1662
855 724
856 1845
857 1677
858 1079
859 1408
860 1871
861 1965
862 932
863 1225
864 1667
865 2886
866 2891
867 346
868 1193
869 2535
870 1939
871 2221
872 1411
873 30
874 230
875 2318
876 373
877 1432
878 1902
879 233
880 2918
881 12
882 1353
883 1077
884 1318
885 324
886 2213
887 2263
888 693
889 2261
890 1181
891 1363
892 2848
893 2401
894 1509
895 173
896 2317
897 1664
898 2746
899 2080
900 155
901 2888
902 2537
903 2721
904 2351
905 1926
906 2831
907 2975
908 493
909 566
910 2370
911 776
912 477
913 1280
914 189
915 609
916 2169
917 2343
918 2410
919 592
920 1085
921 2488
922 1648
923 776
924 634
925 465
926 421
927 613
928 605
929 209
930 2485
931 1623
932 2102
933 640
934 440
935 980
936 306
937 744
938 125
939 2490
940 761
941 1669
942 2521
943 1816
944 501
945 1515
946 1822
947 1982
948 782
949 2352
950 276
951 55
952 2670
953 2564
954 1776
955 191
956 2499
957 2390
958 1358
959 2732
960 1855
961 2492
962 609
963 2134
964 592
965 2247
966 1942
967 2617
968 2397
969 132
970 1344
971 2334
972 2929
973 318
974 749
975 2395
976 2729
977 2344
978 314
979 2172
980 724
981 2043

