537 17
0 2639
1 995
2 1213
3 2789
4 2237
5 195
6 2937
7 2415
8 1240
9 2358
10 472
11 315
12 561
13 1423
14 868
15 1158
16 610
17 1359
18 709
19 484
20 2841
21 1337
22 1005
23 119
24 1527
25 2214
26 941
27 2229
28 149
29 2630
30 1808
31 2930
32 658
33 538
34 1666
35 835
36 1679
37 2500
38 1696
39 602
40 1199
41 107
42 2464
43 2105
44 1450
45 2521
46 1192
47 1768
48 2987
49 2710
50 1524
51 2348
52 123
53 197
54 1683
55 654
56 2360
57 2092
58 387
59 1111
60 2889
61 564
62 564
63 402
64 2681
65 739
66 203
67 2112
68 1367
69 1770
70 1796
71 1989
72 1244
73 1005
74 1182
75 2910
76 277
77 2805
78 1641
79 1851
80 1572
81 1420
82 1331
83 123
84 2741
85 2577
86 1771
87 2201
88 1533
89 1916
90 1022
91 943
92 2734
93 899
94 748
95 247
96 1710
97 2118
98 1367
99 1817
100 1916
101 1415
102 1602
103 171
104 1083
105 1914
106 1017
107 685
108 1793
109 635
110 1423
111 1263
112 2340
113 1431
114 1726
115 1534
116 2201
117 2375
118 1266
119 1490
120 2783
121 2107
122 2801
123 2026
124 1181
125 289
126 585
127 2199
128 2710
129 2208
130 2684
131 2804
132 932
133 498
134 2322
135 2933
136 2853
137 2193
138 1490
139 860
140 164
141 2109
142 347
143 1082
144 1759
145 1328
146 159
147 2749
148 750
149 1351
150 815
151 2450
152 2913
153 1873
154 2386
155 1638
156 1489
157 928
158 644
159 2803
160 1013
161 1025
162 33
163 959
164 2114
165 2704
166 1436
167 1719
168 2662
169 2212
170 2112
171 72
172 877
173 480
174 2766
175 1124
176 1102
177 715
178 1581
179 2135
180 1381
181 1206
182 2688
183 2680
184 30
185 813
186 792
187 1714
188 1109
189 1287
190 2519
191 341
192 1434
193 2152
194 1498
195 47
196 1374
197 978
198 1336
199 2536
200 1239
201 1186
202 1435
203 1931
204 2723
205 1623
206 2506
207 1409
208 1422
209 643
210 2121
211 1127
212 40
213 2477
214 2759
215 2665
216 1281
217 2153
218 742
219 163
220 2715
221 1365
222 2174
223 2249
224 976
225 2899
226 880
227 914
228 1123
229 183
230 1196
231 1411
232 2643
233 2916
234 1816
235 2286
236 529
237 301
238 1067
239 684
240 2621
241 2964
242 2630
243 465
244 2207
245 766
246 958
247 1607
248 736
249 1101
250 2213
251 2950
252 2605
253 1714
254 825
255 2826
256 2724
257 1910
258 1103
259 2323
260 2389
261 2945
262 2698
263 44
264 2616
265 323
266 1807
267 2153
268 1887
269 1410
270 2935
271 1676
272 2100
273 2386
274 1456
275 1256
276 427
277 2166
278 2291
279 809
280 1309
281 2945
282 2365
283 2739
284 2808
285 1335
286 2306
287 1580
288 779
289 619
290 825
291 1174
292 1220
293 1629
294 2702
295 855
296 469
297 37
298 1486
299 1496
300 634
301 1765
302 780
303 745
304 921
305 2892
306 2994
307 2843
308 2556
309 2656
310 161
311 2241
312 2332
313 705
314 864
315 2647
316 2255
317 1768
318 625
319 1287
320 1808
321 9
322 1968
323 32
324 2454
325 959
326 2793
327 2100
328 1438
329 2405
330 2096
331 1055
332 59
333 1817
334 1883
335 1965
336 2744
337 1043
338 2909
339 1418
340 2232
341 1964
342 2924
343 1612
344 515
345 2293
346 1191
347 1526
348 2674
349 756
350 660
351 2641
352 631
353 2854
354 863
355 1591
356 1972
357 298
358 695
359 2069
360 1722
361 1688
362 995
363 903
364 2278
365 1552
366 1121
367 1839
368 2702
369 648
370 2519
371 1104
372 1906
373 817
374 743
375 2073
376 525
377 1165
378 2189
379 2572
380 2106
381 2859
382 119
383 471
384 1447
385 1868
386 2856
387 309
388 1572
389 1655
390 2243
391 1160
392 2522
393 2585
394 2942
395 142
396 1670
397 1194
398 362
399 2053
400 1530
401 1340
402 405
403 2115
404 422
405 269
406 1724
407 1350
408 1927
409 1648
410 152
411 1187
412 1546
413 1164
414 404
415 288
416 1142
417 1339
418 1370
419 685
420 1302
421 682
422 2392
423 2210
424 2441
425 833
426 2952
427 198
428 466
429 2183
430 2003
431 627
432 2316
433 2369
434 524
435 1085
436 1955
437 2802
438 217
439 1801
440 741
441 83
442 343
443 2623
444 976
445 1617
446 909
447 2932
448 1543
449 1439
450 1236
451 2469
452 2726
453 1361
454 2759
455 2646
456 1950
457 1319
458 110
459 1081
460 158
461 1193
462 385
463 1970
464 1666
465 2019
466 536
467 1739
468 1160
469 2189
470 1485
471 2302
472 922
473 1510
474 1430
475 1905
476 2675
477 1390
478 2357
479 2994
480 1027
481 1319
482 405
483 90
484 1643
485 1899
486 518
487 2225
488 1352
489 1811
490 1499
491 1415
492 1547
493 1229
494 1332
495 1065
496 605
497 150
498 2249
499 2282
500 850
501 2471
502 174
503 1660
504 585
505 597
506 1574
507 722
508 2673
509 837
510 2938
511 437
512 1764
513 1671
514 2285
515 2739
516 2059
517 2095
518 1582
519 510
520 2931
521 152
522 612
523 2393
524 840
525 2349
526 2299
527 2792
528 852
529 596
530 1807
531 344
532 2465
533 53
534 2027
535 2943
536 624

