79 87
0 9
1 2028
2 2125
3 2375
4 282
5 500
6 385
7 2122
8 1743
9 2960
10 424
11 2836
12 2342
13 698
14 1058
15 1504
16 252
17 380
18 2792
19 262
20 1855
21 1269
22 2731
23 1443
24 2411
25 1254
26 1206
27 1852
28 1629
29 380
30 2353
31 71
32 2819
33 748
34 1916
35 255
36 1192
37 171
38 1600
39 250
40 62
41 1727
42 2753
43 97
44 1409
45 2056
46 1625
47 825
48 2681
49 1442
50 1790
51 2252
52 2471
53 1738
54 2528
55 1530
56 164
57 1067
58 554
59 1608
60 1816
61 2166
62 2783
63 316
64 2213
65 2279
66 1945
67 1668
68 2915
69 2018
70 844
71 1146
72 2371
73 2724
74 965
75 1351
76 2194
77 2075
78 32

