848 100
0 1357
1 363
2 2691
3 470
4 1616
5 815
6 730
7 84
8 1365
9 2242
10 1797
11 2958
12 2656
13 2894
14 1203
15 1336
16 1255
17 600
18 2889
19 2497
20 1982
21 1220
22 546
23 2689
24 2392
25 913
26 351
27 2274
28 448
29 1538
30 400
31 348
32 1299
33 725
34 1727
35 2460
36 116
37 2838
38 641
39 88
40 2942
41 1338
42 2687
43 664
44 2520
45 1509
46 1167
47 2818
48 1531
49 359
50 1036
51 1211
52 2173
53 1540
54 365
55 925
56 693
57 991
58 2135
59 2182
60 2678
61 2243
62 1445
63 1730
64 2409
65 1405
66 1707
67 280
68 498
69 2570
70 714
71 1748
72 2870
73 1979
74 1927
75 2005
76 2949
77 2606
78 2166
79 2078
80 2301
81 2971
82 170
83 2220
84 801
85 1082
86 1049
87 1484
88 883
89 663
90 1135
91 2263
92 2298
93 2755
94 2137
95 2133
96 2375
97 1753
98 1184
99 1913
100 292
101 18
102 2698
103 2058
104 1174
105 142
106 837
107 1278
108 2676
109 277
110 2088
111 147
112 1764
113 1301
114 465
115 723
116 2379
117 2605
118 374
119 299
120 2667
121 522
122 97
123 1612
124 1692
125 1560
126 2783
127 790
128 2035
129 925
130 1287
131 1918
132 71
133 2199
134 561
135 1634
136 641
137 2319
138 1906
139 1134
140 2299
141 304
142 2805
143 2041
144 1003
145 2197
146 1510
147 2149
148 1127
149 679
150 2886
151 1268
152 2236
153 1865
154 2284
155 404
156 1268
157 2774
158 167
159 2893
160 2066
161 1643
162 2005
163 528
164 2623
165 1811
166 1225
167 1784
168 2476
169 2565
170 362
171 495
172 2490
173 711
174 1439
175 214
176 2431
177 1820
178 2617
179 257
180 1777
181 136
182 1554
183 2722
184 483
185 1818
186 2195
187 1285
188 247
189 1274
190 1539
191 651
192 76
193 2016
194 2549
195 723
196 455
197 2200
198 1214
199 537
200 2383
201 422
202 1783
203 2803
204 2074
205 1634
206 666
207 1341
208 932
209 2913
210 589
211 1463
212 2381
213 2881
214 2638
215 804
216 1250
217 61
218 298
219 456
220 688
221 1177
222 786
223 1386
224 2715
225 732
226 1868
227 1136
228 923
229 1501
230 1422
231 389
232 2329
233 288
234 1736
235 558
236 2112
237 2599
238 1087
239 2004
240 1658
241 1530
242 930
243 2643
244 45
245 500
246 279
247 278
248 1977
249 1911
250 1468
251 1799
252 1104
253 1681
254 602
255 2711
256 2330
257 2852
258 1546
259 2042
260 129
261 1598
262 791
263 2521
264 1481
265 2524
266 2922
267 2099
268 620
269 1754
270 16
271 2664
272 2080
273 105
274 1241
275 1928
276 2792
277 2696
278 2417
279 1693
280 1263
281 676
282 402
283 358
284 1663
285 1399
286 2325
287 1110
288 2952
289 1498
290 491
291 1214
292 223
293 121
294 2867
295 2260
296 237
297 2201
298 921
299 2742
300 129
301 1370
302 1396
303 724
304 1984
305 2172
306 1635
307 2972
308 2148
309 2200
310 1374
311 51
312 850
313 191
314 942
315 1202
316 1441
317 2475
318 791
319 2068
320 300
321 913
322 347
323 554
324 1870
325 1713
326 69
327 1643
328 2420
329 2345
330 577
331 2085
332 78
333 987
334 996
335 525
336 1765
337 115
338 141
339 2468
340 1967
341 1813
342 1116
343 23
344 1328
345 2687
346 1868
347 1202
348 1049
349 1141
350 2683
351 1219
352 1948
353 2125
354 1264
355 1720
356 1903
357 712
358 1101
359 1092
360 2515
361 1237
362 2342
363 2029
364 757
365 1585
366 2522
367 840
368 638
369 2161
370 1340
371 71
372 2765
373 1185
374 201
375 1004
376 2088
377 876
378 1123
379 2534
380 2080
381 1546
382 787
383 237
384 1216
385 1734
386 1249
387 964
388 2442
389 1580
390 2514
391 1114
392 1824
393 1013
394 1001
395 1748
396 389
397 1082
398 1710
399 1615
400 16
401 1058
402 978
403 2159
404 103
405 1069
406 2220
407 343
408 185
409 2539
410 2327
411 2887
412 1905
413 1880
414 2142
415 574
416 586
417 1316
418 2843
419 2166
420 2249
421 1411
422 2200
423 1632
424 2613
425 1272
426 1941
427 2531
428 2685
429 2539
430 1684
431 568
432 485
433 2352
434 185
435 1460
436 1561
437 646
438 1950
439 2694
440 75
441 2059
442 271
443 1093
444 1280
445 2739
446 2196
447 298
448 270
449 13
450 529
451 1051
452 996
453 535
454 2841
455 121
456 2532
457 2315
458 2602
459 660
460 345
461 1259
462 2025
463 1467
464 47
465 790
466 765
467 2415
468 1148
469 2190
470 690
471 2837
472 1192
473 2043
474 83
475 2412
476 2354
477 529
478 1621
479 1432
480 2557
481 1853
482 1786
483 2758
484 630
485 620
486 2674
487 1059
488 507
489 1955
490 2828
491 825
492 966
493 2575
494 120
495 2915
496 1625
497 2420
498 1469
499 950
500 2995
501 1726
502 759
503 723
504 1604
505 2050
506 1715
507 881
508 1094
509 2147
510 1999
511 2024
512 2186
513 2891
514 1840
515 1917
516 67
517 348
518 1668
519 536
520 1612
521 1707
522 257
523 459
524 2396
525 1407
526 742
527 345
528 2311
529 2613
530 2294
531 689
532 674
533 2411
534 236
535 2163
536 550
537 1221
538 1271
539 982
540 2805
541 2363
542 1351
543 1386
544 2416
545 866
546 2884
547 1985
548 1540
549 1118
550 1331
551 43
552 821
553 1188
554 648
555 2866
556 2376
557 2876
558 488
559 1424
560 2820
561 113
562 2436
563 515
564 2103
565 719
566 1414
567 1630
568 38
569 2948
570 750
571 1874
572 1385
573 955
574 2343
575 141
576 249
577 23
578 2783
579 92
580 2772
581 2741
582 1525
583 508
584 131
585 1171
586 243
587 1447
588 1288
589 2327
590 1007
591 2833
592 1142
593 923
594 1976
595 1053
596 2526
597 2290
598 365
599 1240
600 2612
601 2265
602 29
603 1328
604 788
605 2296
606 2038
607 2832
608 2752
609 1092
610 1831
611 406
612 884
613 1743
614 2401
615 1556
616 360
617 2683
618 1938
619 2596
620 1264
621 401
622 118
623 1133
624 1681
625 2535
626 1655
627 2661
628 1516
629 240
630 919
631 778
632 839
633 322
634 2634
635 958
636 999
637 652
638 2764
639 1409
640 1921
641 2508
642 928
643 2684
644 157
645 300
646 1756
647 2448
648 2178
649 1662
650 390
651 2729
652 548
653 1037
654 2975
655 236
656 329
657 1522
658 2373
659 261
660 1079
661 1527
662 1452
663 1031
664 1682
665 630
666 2766
667 373
668 1962
669 2987
670 2491
671 2689
672 197
673 1537
674 2056
675 583
676 1689
677 26
678 477
679 2100
680 1008
681 1529
682 2028
683 1261
684 1995
685 2980
686 2829
687 1250
688 2289
689 2471
690 315
691 1374
692 50
693 308
694 2851
695 411
696 2731
697 2378
698 993
699 162
700 2972
701 2509
702 2456
703 173
704 1074
705 2386
706 358
707 2857
708 2220
709 1212
710 1440
711 189
712 2504
713 430
714 543
715 517
716 2716
717 905
718 2838
719 1654
720 707
721 771
722 480
723 258
724 1952
725 3
726 44
727 243
728 42
729 1626
730 665
731 2715
732 2861
733 1936
734 1161
735 1884
736 2958
737 586
738 1173
739 1508
740 2683
741 1713
742 1665
743 2587
744 1000
745 1709
746 1879
747 2454
748 2824
749 2811
750 438
751 888
752 396
753 551
754 1593
755 810
756 481
757 360
758 1195
759 574
760 2648
761 1043
762 2874
763 629
764 1957
765 1822
766 2488
767 1862
768 970
769 2713
770 1923
771 783
772 1861
773 2260
774 1005
775 2072
776 552
777 44
778 193
779 1004
780 263
781 2555
782 2684
783 188
784 1515
785 2470
786 2124
787 2221
788 1918
789 2444
790 2144
791 1140
792 932
793 76
794 2074
795 2917
796 1561
797 1503
798 54
799 1436
800 437
801 2769
802 954
803 1034
804 2384
805 1301
806 606
807 437
808 2472
809 2524
810 2458
811 692
812 2806
813 855
814 471
815 1882
816 2403
817 140
818 1520
819 2045
820 2627
821 2270
822 264
823 2104
824 1126
825 2006
826 208
827 900
828 62
829 1736
830 2166
831 42
832 1845
833 2532
834 2890
835 2225
836 1807
837 532
838 1563
839 190
840 1566
841 1682
842 545
843 581
844 3
845 2347
846 1145
847 1768

