593 19
0 2411
1 2208
2 1629
3 2235
4 542
5 2496
6 1581
7 2528
8 1043
9 2540
10 2754
11 2765
12 1923
13 1104
14 555
15 1239
16 1330
17 1895
18 2048
19 762
20 1281
21 2946
22 2977
23 2551
24 2886
25 2026
26 1029
27 2811
28 2992
29 208
30 1918
31 2933
32 2097
33 1441
34 2238
35 2095
36 1550
37 802
38 800
39 1397
40 337
41 1215
42 1425
43 1039
44 1331
45 2718
46 2568
47 1196
48 2911
49 791
50 1035
51 1487
52 122
53 1500
54 1597
55 1013
56 1189
57 2862
58 1412
59 2203
60 1624
61 1825
62 1474
63 1687
64 634
65 953
66 193
67 748
68 2709
69 271
70 156
71 2849
72 2751
73 2676
74 2069
75 2978
76 2495
77 2598
78 2064
79 571
80 81
81 813
82 2538
83 789
84 1972
85 1293
86 1129
87 2174
88 1395
89 2101
90 2315
91 97
92 1586
93 2900
94 754
95 1768
96 484
97 1480
98 1307
99 2409
100 2042
101 1408
102 1507
103 1678
104 2128
105 80
106 273
107 1124
108 144
109 1400
110 928
111 1925
112 2997
113 2482
114 221
115 2381
116 1605
117 2611
118 2501
119 2032
120 2858
121 2027
122 2685
123 488
124 2726
125 78
126 1201
127 2649
128 1368
129 2077
130 485
131 288
132 2922
133 2998
134 2043
135 2530
136 1392
137 1202
138 1222
139 59
140 2961
141 1341
142 2791
143 1977
144 1475
145 2452
146 1155
147 353
148 1529
149 1748
150 2891
151 817
152 427
153 2265
154 2014
155 651
156 1860
157 559
158 1253
159 2940
160 2330
161 1308
162 1101
163 2259
164 2214
165 2746
166 2654
167 1127
168 1621
169 438
170 203
171 528
172 2431
173 2489
174 2143
175 1999
176 403
177 2766
178 622
179 239
180 375
181 414
182 719
183 1239
184 2699
185 1894
186 919
187 2693
188 1416
189 254
190 2003
191 1187
192 696
193 1611
194 1429
195 594
196 2728
197 2353
198 258
199 2422
200 1164
201 196
202 2437
203 2550
204 471
205 2850
206 1289
207 1099
208 2127
209 263
210 178
211 1140
212 2525
213 2075
214 1357
215 431
216 119
217 1395
218 1908
219 2424
220 2621
221 1294
222 1856
223 2510
224 708
225 511
226 88
227 2012
228 2581
229 550
230 41
231 618
232 951
233 754
234 1545
235 240
236 3
237 2787
238 2673
239 1963
240 2756
241 1416
242 0
243 1133
244 723
245 577
246 2652
247 1419
248 1074
249 1737
250 435
251 424
252 1526
253 1309
254 155
255 2449
256 48
257 2382
258 1621
259 2111
260 1879
261 1797
262 1838
263 2471
264 1932
265 363
266 436
267 363
268 109
269 1221
270 2930
271 1086
272 2429
273 2142
274 2762
275 2173
276 2043
277 2043
278 143
279 1885
280 1244
281 981
282 699
283 1854
284 688
285 1020
286 1514
287 1198
288 966
289 79
290 227
291 2486
292 2627
293 2166
294 1962
295 2725
296 1982
297 2497
298 1875
299 632
300 674
301 1282
302 2203
303 2966
304 1884
305 371
306 2675
307 2172
308 2369
309 1726
310 2698
311 93
312 2766
313 91
314 1398
315 1233
316 2221
317 402
318 2552
319 2369
320 2949
321 2998
322 1154
323 1553
324 1545
325 2044
326 2629
327 239
328 2966
329 1286
330 979
331 2342
332 1469
333 502
334 1193
335 1339
336 2292
337 1857
338 1004
339 2474
340 310
341 2132
342 319
343 2264
344 49
345 2223
346 952
347 1453
348 998
349 27
350 2102
351 667
352 86
353 1625
354 1017
355 2430
356 2170
357 757
358 2235
359 759
360 1990
361 2961
362 202
363 2077
364 463
365 824
366 1571
367 2745
368 1424
369 2992
370 823
371 1591
372 2753
373 834
374 625
375 428
376 1023
377 2578
378 2340
379 1327
380 311
381 2562
382 713
383 2068
384 951
385 328
386 959
387 1501
388 2273
389 796
390 1490
391 1337
392 2189
393 1913
394 1639
395 2600
396 1127
397 780
398 1637
399 358
400 2345
401 2197
402 742
403 2802
404 1451
405 209
406 1165
407 2256
408 1096
409 2160
410 2035
411 2360
412 316
413 2380
414 2471
415 241
416 1162
417 459
418 1635
419 1971
420 1638
421 144
422 1915
423 1114
424 1895
425 1154
426 88
427 1573
428 1275
429 692
430 560
431 2837
432 323
433 1229
434 2818
435 710
436 2599
437 2545
438 1107
439 493
440 494
441 2672
442 485
443 657
444 1753
445 1046
446 1713
447 2404
448 1271
449 338
450 1770
451 1682
452 2996
453 1312
454 1155
455 1040
456 1916
457 239
458 1557
459 1600
460 1625
461 2338
462 879
463 2260
464 2960
465 561
466 1066
467 192
468 1846
469 2426
470 392
471 2892
472 2531
473 2749
474 1537
475 979
476 2956
477 1046
478 2095
479 1846
480 583
481 1811
482 2607
483 305
484 2849
485 2233
486 894
487 738
488 123
489 1167
490 2657
491 1985
492 544
493 352
494 2049
495 1043
496 1346
497 93
498 2729
499 1724
500 2504
501 474
502 417
503 572
504 1474
505 2355
506 676
507 1846
508 2035
509 2455
510 240
511 2948
512 1689
513 2580
514 744
515 52
516 1152
517 2370
518 2582
519 681
520 2002
521 541
522 2990
523 828
524 835
525 2497
526 2764
527 2754
528 1050
529 73
530 765
531 820
532 2750
533 2311
534 760
535 2964
536 727
537 1483
538 914
539 2049
540 1060
541 2491
542 251
543 1871
544 2797
545 2885
546 571
547 972
548 2356
549 2744
550 1079
551 282
552 480
553 968
554 2041
555 543
556 2652
557 2894
558 77
559 2399
560 556
561 694
562 453
563 2721
564 767
565 2703
566 2484
567 1019
568 2068
569 701
570 706
571 784
572 828
573 1214
574 1458
575 1229
576 657
577 2540
578 1226
579 2228
580 774
581 2464
582 301
583 2586
584 1255
585 1033
586 2514
587 2720
588 525
589 1427
590 666
591 222
592 2763

