353 17
0 164
1 1439
2 755
3 2849
4 1274
5 2808
6 1052
7 1606
8 2278
9 2334
10 216
11 2293
12 427
13 828
14 2420
15 2562
16 2294
17 289
18 274
19 855
20 2212
21 375
22 2319
23 1114
24 444
25 1931
26 58
27 1825
28 1486
29 2947
30 775
31 2444
32 826
33 1533
34 1945
35 417
36 258
37 567
38 671
39 1946
40 698
41 2905
42 2813
43 1693
44 661
45 2814
46 2246
47 1093
48 2026
49 1232
50 1160
51 1073
52 1415
53 2841
54 2052
55 616
56 2295
57 393
58 1293
59 1514
60 2915
61 1379
62 2286
63 2623
64 1323
65 1909
66 980
67 1561
68 143
69 1303
70 2659
71 1476
72 1379
73 1246
74 1785
75 504
76 2281
77 1123
78 1626
79 2428
80 1257
81 1667
82 145
83 932
84 1423
85 84
86 2904
87 1421
88 2139
89 1009
90 1195
91 960
92 2088
93 2699
94 2522
95 1393
96 2991
97 2613
98 2308
99 2474
100 2526
101 2054
102 1819
103 749
104 1039
105 415
106 2989
107 2893
108 1716
109 1855
110 1490
111 2409
112 1771
113 2543
114 730
115 990
116 2421
117 1638
118 2081
119 1164
120 1315
121 2432
122 127
123 2844
124 1371
125 2105
126 2003
127 1643
128 996
129 1931
130 2016
131 2752
132 1170
133 870
134 416
135 1282
136 2733
137 2541
138 745
139 1660
140 5
141 2402
142 1085
143 1900
144 709
145 2178
146 1082
147 2208
148 10
149 89
150 2144
151 2868
152 153
153 34
154 2627
155 2854
156 350
157 1084
158 1370
159 2262
160 151
161 2071
162 377
163 2221
164 2273
165 1571
166 2976
167 2518
168 1718
169 2439
170 1773
171 2756
172 923
173 2251
174 1295
175 48
176 769
177 2364
178 2025
179 1729
180 583
181 627
182 2202
183 2748
184 1695
185 2172
186 2631
187 1174
188 691
189 1752
190 1031
191 1574
192 137
193 2668
194 1314
195 1752
196 2233
197 646
198 2678
199 2964
200 2471
201 1151
202 1879
203 1260
204 2955
205 313
206 1314
207 1223
208 119
209 608
210 329
211 1047
212 162
213 488
214 1439
215 2255
216 2070
217 30
218 242
219 1466
220 1253
221 2361
222 1621
223 2874
224 910
225 2193
226 1206
227 801
228 2859
229 1295
230 390
231 2263
232 973
233 1106
234 2916
235 2806
236 1624
237 2119
238 1566
239 2048
240 2887
241 1972
242 2246
243 500
244 494
245 862
246 1128
247 1519
248 305
249 2574
250 2208
251 2885
252 1670
253 689
254 1807
255 2459
256 2919
257 787
258 1406
259 422
260 687
261 1968
262 230
263 2388
264 2252
265 1480
266 117
267 2126
268 21
269 2087
270 805
271 807
272 1893
273 2390
274 580
275 472
276 2305
277 1834
278 154
279 1806
280 2033
281 247
282 1121
283 385
284 518
285 1783
286 1724
287 977
288 2152
289 1023
290 2286
291 868
292 2672
293 2477
294 282
295 387
296 2028
297 912
298 1508
299 511
300 54
301 5
302 1680
303 1515
304 885
305 1562
306 473
307 555
308 2798
309 2259
310 2974
311 435
312 1617
313 1325
314 1331
315 2213
316 1407
317 1202
318 2249
319 2317
320 2003
321 427
322 2407
323 1527
324 2756
325 1900
326 857
327 169
328 1345
329 2624
330 591
331 1298
332 2380
333 2371
334 595
335 1106
336 915
337 2420
338 1975
339 2505
340 2351
341 1862
342 2001
343 1553
344 1433
345 2004
346 960
347 1637
348 2622
349 1864
350 29
351 646
352 2525

