149 97
0 1885
1 939
2 1209
3 2234
4 1563
5 977
6 467
7 2515
8 99
9 2012
10 1422
11 2679
12 132
13 1026
14 1657
15 906
16 1609
17 108
18 1922
19 2381
20 1762
21 2461
22 1849
23 1482
24 241
25 139
26 2571
27 566
28 140
29 2152
30 2970
31 916
32 2707
33 2517
34 1238
35 100
36 1860
37 2746
38 1472
39 2865
40 46
41 2986
42 2542
43 1015
44 2122
45 140
46 625
47 353
48 2927
49 1659
50 1267
51 1635
52 1621
53 549
54 558
55 2268
56 21
57 2289
58 1157
59 808
60 1799
61 821
62 1606
63 1472
64 904
65 811
66 848
67 1671
68 990
69 2349
70 1760
71 159
72 897
73 681
74 1128
75 2989
76 1889
77 2740
78 1966
79 287
80 337
81 2912
82 2620
83 2919
84 2290
85 1453
86 1745
87 2979
88 2299
89 2243
90 1914
91 2873
92 1375
93 275
94 561
95 666
96 1642
97 2861
98 1978
99 2640
100 317
101 564
102 2093
103 421
104 877
105 929
106 302
107 2120
108 2617
109 2437
110 986
111 1599
112 986
113 2450
114 2927
115 1542
116 2527
117 1660
118 1331
119 946
120 2890
121 1476
122 107
123 1669
124 246
125 2972
126 421
127 1524
128 1900
129 707
130 623
131 1141
132 2775
133 486
134 2034
135 1742
136 2498
137 2297
138 1741
139 370
140 2590
141 2958
142 134
143 534
144 2839
145 807
146 540
147 2036
148 439

