388 72
0 161
1 2657
2 2542
3 2196
4 712
5 2520
6 1121
7 2074
8 343
9 605
10 2798
11 1839
12 2844
13 2251
14 250
15 1565
16 1841
17 755
18 2920
19 1899
20 1578
21 1086
22 247
23 1255
24 1488
25 2212
26 1061
27 1574
28 2767
29 2958
30 397
31 2402
32 2954
33 1559
34 2925
35 2353
36 606
37 934
38 1658
39 157
40 2847
41 653
42 1547
43 2886
44 2178
45 1898
46 2733
47 942
48 972
49 1385
50 2175
51 521
52 1142
53 2973
54 1489
55 544
56 1295
57 823
58 301
59 1069
60 1806
61 2676
62 2480
63 2205
64 1814
65 2984
66 1653
67 2923
68 799
69 1628
70 1488
71 1713
72 1111
73 612
74 2697
75 792
76 87
77 436
78 2322
79 268
80 2903
81 474
82 1847
83 800
84 2249
85 554
86 2118
87 943
88 2364
89 1464
90 2967
91 1333
92 2512
93 2028
94 1973
95 700
96 1445
97 2469
98 2144
99 2237
100 2341
101 854
102 572
103 1714
104 2586
105 2813
106 145
107 2497
108 1869
109 728
110 1192
111 1088
112 416
113 12
114 2142
115 476
116 843
117 1362
118 2790
119 2928
120 1862
121 1748
122 1823
123 147
124 1204
125 2689
126 563
127 1050
128 215
129 1469
130 2250
131 1842
132 2375
133 1948
134 546
135 1211
136 1540
137 126
138 725
139 2966
140 1354
141 2889
142 611
143 1363
144 2026
145 2328
146 1130
147 640
148 2523
149 1236
150 2384
151 1963
152 1572
153 1985
154 1580
155 2463
156 2059
157 1622
158 1042
159 593
160 672
161 2787
162 380
163 1202
164 168
165 2323
166 1079
167 106
168 46
169 1663
170 643
171 2921
172 1622
173 2552
174 1423
175 1636
176 1607
177 10
178 79
179 2612
180 1208
181 1327
182 1466
183 670
184 1651
185 1376
186 1158
187 2853
188 2062
189 1685
190 134
191 2888
192 1709
193 1381
194 115
195 2238
196 1079
197 2170
198 694
199 2157
200 1189
201 2467
202 1118
203 1334
204 1677
205 673
206 2765
207 1991
208 745
209 1619
210 1686
211 2139
212 1023
213 1127
214 1334
215 1796
216 2984
217 777
218 1553
219 1572
220 1921
221 1415
222 2830
223 596
224 1967
225 773
226 2042
227 933
228 1925
229 2447
230 1343
231 2162
232 2874
233 2173
234 1167
235 398
236 2959
237 1701
238 750
239 646
240 1495
241 622
242 2100
243 2463
244 838
245 952
246 2029
247 2687
248 1819
249 2617
250 487
251 1538
252 1375
253 680
254 2536
255 1956
256 2929
257 2240
258 340
259 931
260 1101
261 1911
262 992
263 1886
264 2494
265 318
266 2011
267 81
268 1640
269 1620
270 391
271 1670
272 1257
273 1771
274 92
275 577
276 7
277 903
278 1402
279 1364
280 853
281 2873
282 2708
283 1012
284 1619
285 608
286 2558
287 1653
288 2319
289 1956
290 2928
291 557
292 337
293 1032
294 2719
295 1580
296 2030
297 1047
298 241
299 2610
300 1925
301 1951
302 2130
303 2231
304 2514
305 2497
306 2933
307 197
308 679
309 2539
310 2731
311 473
312 495
313 1342
314 809
315 542
316 1652
317 1218
318 1064
319 2403
320 2385
321 2768
322 688
323 1375
324 2738
325 1317
326 533
327 487
328 2233
329 1821
330 170
331 923
332 1862
333 1299
334 1390
335 2611
336 1196
337 598
338 930
339 1074
340 12
341 36
342 20
343 2264
344 2795
345 2687
346 985
347 651
348 2273
349 2797
350 1148
351 982
352 2717
353 2429
354 198
355 411
356 1107
357 2746
358 374
359 54
360 2539
361 2294
362 1958
363 2116
364 558
365 2524
366 1334
367 1548
368 613
369 2951
370 2713
371 2403
372 421
373 2078
374 1988
375 518
376 32
377 1911
378 1594
379 2966
380 2649
381 2780
382 20
383 326
384 2125
385 2778
386 1478
387 440

