352 57
0 600
1 1714
2 67
3 2975
4 1728
5 576
6 1601
7 2416
8 1346
9 1289
10 2977
11 1555
12 485
13 673
14 1541
15 1852
16 527
17 2785
18 1424
19 1729
20 2481
21 2204
22 2553
23 1362
24 661
25 377
26 596
27 1264
28 755
29 2263
30 2312
31 2003
32 801
33 1162
34 638
35 1821
36 2758
37 411
38 741
39 210
40 1547
41 126
42 764
43 1931
44 1368
45 915
46 1152
47 1096
48 1016
49 789
50 1432
51 1265
52 1258
53 2354
54 2578
55 2438
56 2987
57 1290
58 1929
59 494
60 142
61 1141
62 382
63 2712
64 1662
65 1368
66 2718
67 1471
68 1317
69 2311
70 723
71 2385
72 502
73 2678
74 198
75 63
76 1316
77 1169
78 203
79 1366
80 2228
81 1187
82 673
83 735
84 1734
85 902
86 266
87 75
88 666
89 576
90 527
91 441
92 1601
93 2508
94 2294
95 2303
96 1207
97 1759
98 2577
99 2005
100 2669
101 2501
102 648
103 927
104 1313
105 2231
106 2450
107 2905
108 873
109 1695
110 2358
111 1785
112 2518
113 1901
114 2949
115 1373
116 317
117 1194
118 1633
119 909
120 1761
121 2039
122 314
123 171
124 210
125 1609
126 830
127 2620
128 398
129 2339
130 1668
131 473
132 2444
133 444
134 2174
135 2058
136 465
137 1870
138 580
139 2785
140 2450
141 196
142 162
143 379
144 289
145 1849
146 75
147 9
148 2989
149 2418
150 1166
151 1130
152 2591
153 712
154 2232
155 2596
156 2596
157 2926
158 2085
159 1324
160 1169
161 252
162 1585
163 1254
164 2646
165 2838
166 1050
167 1516
168 1025
169 771
170 567
171 741
172 1503
173 2274
174 567
175 2750
176 1406
177 696
178 1809
179 1469
180 1053
181 2194
182 544
183 1597
184 334
185 2683
186 1736
187 1894
188 986
189 2459
190 1846
191 289
192 1309
193 1313
194 2656
195 479
196 744
197 829
198 2553
199 133
200 1692
201 469
202 1505
203 1229
204 1500
205 2520
206 1027
207 2690
208 2033
209 967
210 289
211 863
212 386
213 1006
214 2355
215 1527
216 135
217 2356
218 1907
219 1097
220 2788
221 1291
222 992
223 1166
224 2981
225 128
226 171
227 1644
228 915
229 1342
230 630
231 1423
232 1793
233 366
234 10
235 290
236 2697
237 2378
238 110
239 1200
240 2111
241 1453
242 2328
243 1745
244 642
245 1571
246 699
247 1563
248 350
249 610
250 2455
251 2072
252 2399
253 425
254 2011
255 2522
256 346
257 1115
258 2421
259 1475
260 2823
261 1676
262 2187
263 2613
264 2155
265 2011
266 1697
267 438
268 1174
269 2812
270 322
271 297
272 1182
273 1635
274 2545
275 402
276 1487
277 2008
278 1379
279 353
280 2493
281 1575
282 159
283 459
284 2235
285 1747
286 2956
287 1189
288 1407
289 2912
290 496
291 145
292 863
293 2939
294 1125
295 692
296 332
297 1011
298 1536
299 1312
300 2897
301 2601
302 165
303 1440
304 2168
305 438
306 1597
307 1272
308 25
309 2079
310 907
311 1825
312 2159
313 728
314 2520
315 250
316 2887
317 512
318 2050
319 2810
320 2458
321 2139
322 976
323 2914
324 823
325 2530
326 1505
327 1654
328 2317
329 1153
330 2849
331 198
332 2710
333 666
334 1057
335 2253
336 1554
337 350
338 2172
339 2523
340 1664
341 2811
342 292
343 1867
344 1832
345 1269
346 170
347 2295
348 2953
349 851
350 2196
351 2858

