976 71
0 410
1 825
2 1604
3 2726
4 2376
5 1517
6 641
7 1740
8 1506
9 600
10 1577
11 1370
12 2223
13 2706
14 497
15 2578
16 2246
17 1770
18 328
19 1761
20 2361
21 2009
22 1325
23 2317
24 1075
25 527
26 2959
27 2868
28 738
29 712
30 21
31 1922
32 154
33 1132
34 2292
35 172
36 215
37 95
38 599
39 2595
40 2064
41 2845
42 1397
43 1162
44 812
45 2985
46 2754
47 1115
48 2871
49 2296
50 44
51 2902
52 2161
53 380
54 976
55 1318
56 2790
57 688
58 2129
59 2118
60 860
61 778
62 639
63 1229
64 2862
65 721
66 2901
67 964
68 1562
69 1057
70 2319
71 1531
72 965
73 2529
74 1378
75 1424
76 139
77 445
78 2261
79 2441
80 2331
81 2925
82 1030
83 2593
84 1294
85 2554
86 1790
87 1419
88 2935
89 905
90 244
91 2825
92 2830
93 9
94 546
95 2069
96 1670
97 1097
98 962
99 323
100 1008
101 542
102 1656
103 2299
104 2158
105 544
106 2057
107 1062
108 2349
109 1468
110 2035
111 1298
112 1476
113 986
114 1744
115 2018
116 2242
117 2307
118 1651
119 716
120 2337
121 1561
122 740
123 2165
124 1450
125 264
126 1969
127 66
128 2840
129 1663
130 2078
131 547
132 2689
133 1872
134 2669
135 288
136 1338
137 1881
138 1759
139 1887
140 748
141 2374
142 1226
143 1508
144 1037
145 1426
146 473
147 1940
148 1835
149 2312
150 1153
151 1628
152 1301
153 2844
154 90
155 1029
156 2320
157 2042
158 2143
159 1507
160 748
161 145
162 22
163 1879
164 2034
165 728
166 1267
167 1710
168 155
169 1038
170 1338
171 256
172 1154
173 2597
174 1913
175 2750
176 1836
177 707
178 1085
179 2934
180 2436
181 2454
182 272
183 1676
184 596
185 1415
186 2765
187 2964
188 1826
189 1919
190 562
191 361
192 1045
193 2730
194 960
195 927
196 2738
197 1213
198 1746
199 2648
200 1475
201 773
202 102
203 2923
204 2713
205 509
206 1286
207 2449
208 791
209 905
210 2682
211 477
212 424
213 1336
214 344
215 1676
216 2489
217 972
218 1944
219 326
220 1697
221 2123
222 2987
223 1092
224 2736
225 522
226 2514
227 1471
228 791
229 1811
230 1271
231 1036
232 1854
233 1108
234 2086
235 2308
236 944
237 2047
238 283
239 2230
240 2659
241 2089
242 1348
243 1807
244 1699
245 1361
246 1797
247 563
248 2309
249 1909
250 451
251 159
252 196
253 702
254 2123
255 2298
256 1749
257 538
258 789
259 326
260 2334
261 1801
262 1509
263 1812
264 2581
265 2820
266 771
267 709
268 2351
269 154
270 2777
271 405
272 979
273 1333
274 593
275 2617
276 2803
277 627
278 2444
279 547
280 2792
281 24
282 2528
283 1954
284 178
285 1010
286 842
287 1354
288 2238
289 2083
290 87
291 174
292 2329
293 2003
294 1591
295 2584
296 2939
297 1926
298 300
299 2477
300 1767
301 1142
302 1239
303 1727
304 542
305 2959
306 2434
307 764
308 415
309 595
310 2894
311 1793
312 504
313 1793
314 2506
315 439
316 609
317 1200
318 1785
319 2628
320 1990
321 2401
322 1000
323 119
324 2744
325 321
326 2177
327 1533
328 915
329 471
330 1573
331 679
332 943
333 1075
334 531
335 1697
336 2772
337 1976
338 2426
339 2143
340 2622
341 635
342 121
343 467
344 1061
345 2947
346 301
347 2455
348 2926
349 2074
350 1705
351 2386
352 1226
353 1140
354 919
355 2766
356 1810
357 14
358 1064
359 2209
360 2676
361 2364
362 2848
363 1581
364 2463
365 1136
366 686
367 909
368 1961
369 2059
370 980
371 800
372 2938
373 2371
374 374
375 2792
376 2503
377 2815
378 1804
379 2718
380 1408
381 135
382 1749
383 346
384 2556
385 189
386 2525
387 2578
388 1134
389 2041
390 150
391 2019
392 1908
393 497
394 2433
395 120
396 1741
397 2776
398 188
399 743
400 356
401 2455
402 860
403 801
404 1746
405 359
406 2482
407 856
408 2743
409 2842
410 918
411 2942
412 93
413 848
414 449
415 1541
416 2420
417 2875
418 743
419 2477
420 1798
421 1784
422 938
423 2212
424 261
425 1980
426 2236
427 318
428 1153
429 580
430 933
431 1249
432 1999
433 1218
434 2733
435 2320
436 912
437 2094
438 1799
439 1374
440 1347
441 1686
442 1368
443 428
444 2937
445 1288
446 2379
447 2097
448 91
449 2574
450 1953
451 751
452 2632
453 2019
454 2390
455 1271
456 1656
457 310
458 555
459 1408
460 228
461 1126
462 125
463 2516
464 776
465 2507
466 1568
467 2033
468 2730
469 1779
470 2365
471 1651
472 989
473 1378
474 1978
475 2125
476 1114
477 2400
478 2454
479 2424
480 56
481 1818
482 2327
483 1617
484 2972
485 1197
486 1699
487 210
488 1398
489 1866
490 2115
491 52
492 1347
493 1232
494 1290
495 130
496 1119
497 348
498 2829
499 2889
500 707
501 132
502 2501
503 1462
504 949
505 2888
506 167
507 1727
508 1480
509 2545
510 182
511 2483
512 1007
513 637
514 2845
515 2542
516 1565
517 1577
518 2978
519 1794
520 114
521 2265
522 2770
523 2491
524 2420
525 339
526 1708
527 2567
528 1840
529 2101
530 2177
531 301
532 2260
533 737
534 2008
535 673
536 1901
537 2979
538 1908
539 1853
540 1979
541 1752
542 2431
543 816
544 2248
545 1789
546 847
547 2970
548 1485
549 500
550 2353
551 307
552 583
553 40
554 77
555 1111
556 1026
557 1356
558 620
559 2222
560 558
561 2541
562 1932
563 722
564 534
565 1479
566 2878
567 1672
568 2144
569 1614
570 1167
571 1843
572 2984
573 2300
574 1190
575 947
576 570
577 2
578 536
579 1207
580 1303
581 1130
582 689
583 2701
584 367
585 2330
586 581
587 936
588 1101
589 111
590 2370
591 246
592 407
593 986
594 1318
595 1033
596 0
597 790
598 906
599 1585
600 1132
601 1225
602 1599
603 1653
604 2803
605 2148
606 939
607 2671
608 1571
609 366
610 1490
611 1068
612 1761
613 956
614 1824
615 2659
616 48
617 562
618 2665
619 773
620 39
621 1083
622 2978
623 2744
624 2509
625 546
626 499
627 2033
628 1241
629 2352
630 1296
631 2649
632 278
633 732
634 1467
635 1605
636 1680
637 1839
638 2041
639 1820
640 2826
641 21
642 1560
643 2809
644 130
645 2420
646 1041
647 436
648 1860
649 140
650 1437
651 1232
652 2741
653 1514
654 2928
655 2442
656 562
657 1557
658 1063
659 2040
660 2764
661 28
662 1532
663 759
664 2244
665 945
666 1447
667 215
668 2548
669 1964
670 1525
671 1903
672 471
673 664
674 2195
675 756
676 2940
677 344
678 133
679 572
680 2816
681 595
682 669
683 1013
684 2155
685 1111
686 559
687 203
688 183
689 915
690 1851
691 1167
692 1028
693 499
694 320
695 2150
696 2045
697 2525
698 696
699 1871
700 2005
701 840
702 1561
703 194
704 315
705 2767
706 43
707 463
708 1066
709 280
710 1493
711 532
712 42
713 502
714 2517
715 10
716 2163
717 2430
718 2325
719 1794
720 730
721 641
722 2926
723 2786
724 829
725 328
726 1714
727 246
728 2534
729 2104
730 2719
731 2718
732 968
733 2881
734 2505
735 880
736 1223
737 755
738 2302
739 188
740 929
741 176
742 1542
743 1463
744 2384
745 1648
746 455
747 743
748 611
749 1073
750 2289
751 843
752 2378
753 1909
754 2672
755 2529
756 1818
757 2134
758 806
759 1145
760 133
761 435
762 2055
763 479
764 372
765 1893
766 1883
767 1119
768 1520
769 313
770 2228
771 1857
772 2831
773 1334
774 1293
775 2352
776 2189
777 1249
778 1936
779 2145
780 963
781 1734
782 2916
783 304
784 1243
785 702
786 2583
787 1416
788 213
789 358
790 1535
791 2700
792 1827
793 976
794 2207
795 768
796 1120
797 2765
798 1029
799 1604
800 2717
801 1743
802 580
803 2802
804 28
805 2768
806 376
807 1813
808 489
809 914
810 2271
811 902
812 2497
813 418
814 1510
815 1347
816 1408
817 1633
818 2939
819 2780
820 2698
821 1965
822 281
823 1172
824 2784
825 163
826 874
827 2553
828 2884
829 337
830 1724
831 2460
832 2591
833 1746
834 1889
835 10
836 1116
837 1333
838 697
839 2508
840 1002
841 1939
842 2206
843 208
844 1277
845 719
846 1603
847 872
848 2420
849 786
850 2709
851 873
852 2025
853 1012
854 1450
855 1353
856 125
857 837
858 319
859 780
860 2582
861 224
862 95
863 2481
864 1645
865 2687
866 339
867 1229
868 2124
869 419
870 1657
871 1456
872 2260
873 41
874 2327
875 1603
876 1023
877 2555
878 2720
879 2347
880 61
881 2860
882 2258
883 2942
884 2776
885 1083
886 153
887 477
888 2083
889 1549
890 413
891 2032
892 368
893 1381
894 2577
895 215
896 555
897 214
898 2197
899 2272
900 262
901 2566
902 1246
903 962
904 2466
905 2518
906 722
907 788
908 2455
909 2694
910 822
911 1503
912 2034
913 227
914 2533
915 828
916 585
917 1111
918 873
919 1389
920 188
921 492
922 411
923 1617
924 1530
925 1552
926 830
927 1757
928 2950
929 783
930 2748
931 2971
932 1577
933 2511
934 2612
935 325
936 2740
937 2223
938 32
939 2997
940 2171
941 2207
942 2261
943 1799
944 969
945 717
946 67
947 1636
948 1905
949 2614
950 1255
951 2739
952 2478
953 651
954 2051
955 2356
956 905
957 1776
958 1220
959 2101
960 517
961 2133
962 1770
963 649
964 2555
965 2524
966 1510
967 695
968 1728
969 697
970 1825
971 1786
972 2044
973 740
974 734
975 1985

