226 97
0 2040
1 2374
2 2912
3 0
4 1504
5 1826
6 125
7 293
8 417
9 2578
10 2179
11 62
12 82
13 2586
14 1214
15 2402
16 1208
17 2591
18 106
19 2912
20 1228
21 1739
22 2497
23 2379
24 2319
25 20
26 1559
27 1355
28 1507
29 2371
30 2981
31 1512
32 912
33 1025
34 783
35 2548
36 1484
37 2157
38 1867
39 2082
40 177
41 2293
42 2426
43 2629
44 1428
45 2938
46 1587
47 1211
48 645
49 1034
50 1566
51 867
52 1011
53 1594
54 1193
55 2060
56 2524
57 2723
58 2538
59 459
60 975
61 45
62 2535
63 230
64 1345
65 849
66 2770
67 811
68 2931
69 177
70 450
71 475
72 1608
73 1896
74 529
75 2975
76 1950
77 2551
78 2891
79 1275
80 2139
81 1199
82 550
83 1632
84 506
85 2271
86 764
87 2102
88 888
89 1113
90 76
91 827
92 1102
93 699
94 1545
95 845
96 614
97 92
98 2040
99 2747
100 92
101 32
102 2221
103 2072
104 2962
105 1914
106 1298
107 139
108 559
109 2520
110 2189
111 64
112 2807
113 671
114 1830
115 2645
116 2515
117 853
118 1971
119 2844
120 1894
121 672
122 397
123 1303
124 2621
125 1394
126 1072
127 2214
128 1238
129 2407
130 770
131 1039
132 1975
133 2547
134 2394
135 1813
136 1768
137 2953
138 1070
139 367
140 2770
141 1054
142 2379
143 1202
144 543
145 1132
146 51
147 781
148 2480
149 2314
150 906
151 221
152 1674
153 936
154 364
155 2246
156 790
157 681
158 2405
159 1540
160 2681
161 1314
162 849
163 2754
164 108
165 1949
166 2741
167 428
168 628
169 1336
170 2245
171 1732
172 2264
173 2748
174 2279
175 1308
176 443
177 2283
178 1740
179 2618
180 2148
181 18
182 2877
183 729
184 1505
185 91
186 1357
187 1732
188 1184
189 2554
190 615
191 2122
192 1283
193 2802
194 106
195 235
196 1064
197 1311
198 1464
199 864
200 1055
201 592
202 252
203 2647
204 2796
205 1254
206 2021
207 1426
208 306
209 1592
210 2103
211 380
212 2862
213 1304
214 1312
215 1304
216 2654
217 1761
218 1382
219 1699
220 321
221 656
222 2931
223 2310
224 286
225 2688

