764 96
0 1503
1 1299
2 1956
3 2199
4 1830
5 2108
6 2152
7 2754
8 2410
9 2623
10 2135
11 2740
12 2984
13 951
14 129
15 2849
16 467
17 1635
18 1475
19 23
20 1104
21 133
22 570
23 1749
24 544
25 786
26 2383
27 958
28 1051
29 1922
30 2007
31 121
32 963
33 182
34 295
35 2806
36 296
37 285
38 770
39 609
40 1123
41 957
42 1554
43 425
44 1221
45 2700
46 2444
47 558
48 1547
49 2452
50 1843
51 245
52 2444
53 1047
54 1682
55 1914
56 1835
57 814
58 167
59 457
60 2468
61 209
62 366
63 206
64 2378
65 1358
66 1157
67 2003
68 1801
69 2939
70 1378
71 395
72 2036
73 1951
74 1722
75 100
76 2018
77 1966
78 2928
79 352
80 1535
81 360
82 1392
83 771
84 1408
85 1579
86 542
87 1920
88 774
89 1457
90 1191
91 1395
92 1789
93 2493
94 2200
95 1931
96 543
97 1754
98 1420
99 167
100 2675
101 1907
102 197
103 2813
104 2985
105 2276
106 1294
107 946
108 2977
109 434
110 1836
111 1100
112 2051
113 2125
114 888
115 1836
116 2307
117 1116
118 1387
119 790
120 259
121 452
122 1349
123 1513
124 186
125 2164
126 89
127 2413
128 107
129 429
130 2507
131 1015
132 2087
133 394
134 1186
135 2259
136 2548
137 1375
138 2561
139 1257
140 1004
141 2910
142 384
143 1839
144 315
145 2657
146 1297
147 2671
148 1857
149 2099
150 1045
151 2029
152 2602
153 987
154 822
155 1787
156 2070
157 1096
158 2879
159 578
160 163
161 2925
162 423
163 1956
164 878
165 1615
166 1414
167 878
168 713
169 2855
170 2830
171 7
172 1617
173 2092
174 1913
175 956
176 2899
177 2435
178 2948
179 1895
180 2722
181 2304
182 2132
183 1395
184 2448
185 2883
186 233
187 1445
188 418
189 1495
190 877
191 1556
192 2930
193 13
194 1675
195 174
196 2906
197 2748
198 2907
199 389
200 736
201 2469
202 2923
203 1396
204 713
205 1235
206 2483
207 1124
208 1379
209 2650
210 1240
211 2210
212 821
213 2342
214 745
215 1060
216 914
217 588
218 2394
219 2738
220 1066
221 579
222 282
223 472
224 841
225 2160
226 1759
227 2395
228 1899
229 513
230 2529
231 1054
232 1784
233 27
234 1281
235 1433
236 1456
237 940
238 582
239 345
240 1920
241 1911
242 1748
243 1046
244 1187
245 268
246 2407
247 369
248 1077
249 958
250 2618
251 958
252 2576
253 197
254 2827
255 802
256 2655
257 582
258 1953
259 2360
260 2895
261 901
262 2956
263 1794
264 1091
265 1706
266 2977
267 2495
268 2811
269 1095
270 304
271 538
272 821
273 2853
274 2256
275 1893
276 826
277 478
278 1179
279 2690
280 1176
281 451
282 755
283 2952
284 1205
285 2862
286 608
287 2775
288 2026
289 123
290 2862
291 714
292 1309
293 2417
294 2203
295 1393
296 2094
297 1769
298 1891
299 1175
300 1784
301 2329
302 2833
303 1727
304 1989
305 43
306 1105
307 1379
308 558
309 1962
310 493
311 46
312 1054
313 76
314 1171
315 1062
316 184
317 165
318 2329
319 2184
320 2984
321 39
322 1204
323 2885
324 903
325 663
326 2831
327 2288
328 2840
329 2780
330 39
331 1753
332 1044
333 1030
334 2930
335 2187
336 1473
337 2547
338 1459
339 2441
340 1036
341 1389
342 350
343 2938
344 823
345 1811
346 53
347 1411
348 2819
349 294
350 1657
351 1670
352 2703
353 81
354 2497
355 2036
356 471
357 2537
358 2112
359 2986
360 1219
361 1658
362 2287
363 1393
364 1454
365 2753
366 787
367 1638
368 1006
369 279
370 1209
371 498
372 2284
373 499
374 1004
375 23
376 252
377 191
378 1221
379 1546
380 1511
381 1809
382 697
383 2180
384 1973
385 2274
386 855
387 2631
388 1013
389 2581
390 960
391 1058
392 27
393 887
394 509
395 1550
396 262
397 2048
398 1503
399 1228
400 1784
401 2131
402 734
403 1817
404 1834
405 981
406 2347
407 2039
408 2570
409 123
410 1718
411 2738
412 1064
413 1060
414 362
415 2665
416 2246
417 2492
418 1342
419 2924
420 1527
421 1015
422 708
423 2075
424 501
425 553
426 1022
427 175
428 1752
429 2736
430 510
431 695
432 1297
433 2851
434 1816
435 1756
436 1230
437 96
438 1303
439 578
440 1577
441 1481
442 1381
443 706
444 728
445 2479
446 518
447 866
448 119
449 723
450 2081
451 809
452 2220
453 2770
454 913
455 527
456 353
457 913
458 1507
459 1081
460 1094
461 2822
462 2143
463 86
464 119
465 562
466 709
467 2792
468 141
469 1221
470 2359
471 231
472 2154
473 1821
474 1120
475 2428
476 2243
477 833
478 1129
479 1773
480 758
481 1915
482 565
483 936
484 199
485 1871
486 139
487 82
488 405
489 2421
490 2058
491 698
492 948
493 2023
494 1238
495 2266
496 2378
497 1269
498 642
499 1442
500 2037
501 2054
502 1267
503 1416
504 2014
505 1621
506 2060
507 2932
508 161
509 50
510 2448
511 322
512 2586
513 202
514 556
515 2713
516 983
517 422
518 1216
519 1751
520 2373
521 347
522 497
523 1393
524 1375
525 2676
526 586
527 1490
528 1040
529 1468
530 2028
531 1494
532 200
533 73
534 962
535 2650
536 737
537 50
538 2722
539 688
540 353
541 2038
542 1316
543 188
544 2654
545 471
546 259
547 1097
548 1304
549 1521
550 716
551 918
552 1343
553 1341
554 89
555 2807
556 1916
557 1684
558 2745
559 2762
560 603
561 1491
562 5
563 1763
564 2314
565 566
566 703
567 2569
568 2484
569 863
570 2797
571 767
572 1428
573 2598
574 2084
575 708
576 1289
577 335
578 1908
579 2280
580 1715
581 1554
582 1863
583 2196
584 1091
585 1933
586 148
587 2584
588 485
589 2434
590 1610
591 458
592 474
593 342
594 2185
595 2239
596 2298
597 2227
598 1984
599 2980
600 550
601 1348
602 1020
603 1697
604 2743
605 2126
606 1025
607 1251
608 1502
609 2973
610 356
611 1106
612 2451
613 354
614 1599
615 931
616 190
617 2944
618 1699
619 2817
620 2172
621 282
622 2722
623 1449
624 2618
625 679
626 1088
627 309
628 2904
629 2513
630 1807
631 2472
632 1962
633 2988
634 2313
635 285
636 2871
637 2170
638 2885
639 2715
640 272
641 2347
642 621
643 1841
644 217
645 80
646 1725
647 849
648 1759
649 713
650 2146
651 249
652 1872
653 1163
654 783
655 683
656 384
657 1132
658 808
659 2748
660 848
661 2998
662 1309
663 1508
664 313
665 479
666 231
667 2927
668 2243
669 2173
670 2448
671 865
672 542
673 1381
674 807
675 2380
676 582
677 2916
678 2809
679 46
680 427
681 988
682 2175
683 1748
684 921
685 2806
686 1471
687 2686
688 1857
689 311
690 800
691 2864
692 2186
693 1746
694 1608
695 1762
696 223
697 190
698 2338
699 1599
700 270
701 141
702 1740
703 2834
704 1253
705 1784
706 885
707 1314
708 1216
709 1731
710 1847
711 26
712 1502
713 1804
714 391
715 2765
716 193
717 1371
718 1246
719 2793
720 26
721 616
722 772
723 5
724 2390
725 1616
726 1347
727 713
728 2454
729 550
730 2743
731 2081
732 114
733 484
734 1236
735 1736
736 276
737 2462
738 2090
739 2819
740 2264
741 2425
742 239
743 28
744 1214
745 1444
746 1589
747 2350
748 307
749 1082
750 734
751 802
752 1325
753 1343
754 275
755 1413
756 554
757 1623
758 523
759 792
760 1277
761 1942
762 32
763 1176

