762 46
0 2822
1 1437
2 2115
3 1199
4 829
5 1111
6 144
7 1142
8 2334
9 2671
10 2630
11 1637
12 2518
13 2796
14 259
15 266
16 1416
17 51
18 970
19 2888
20 1581
21 1783
22 1819
23 2836
24 2973
25 1934
26 280
27 2372
28 1616
29 2051
30 1369
31 4
32 27
33 2695
34 2716
35 2006
36 1051
37 700
38 746
39 1723
40 1859
41 811
42 1932
43 1370
44 2492
45 1895
46 152
47 1067
48 1751
49 905
50 1935
51 2557
52 2537
53 2161
54 229
55 2048
56 2119
57 546
58 2419
59 957
60 255
61 1549
62 1409
63 305
64 2325
65 1459
66 2063
67 1995
68 1472
69 2201
70 764
71 2030
72 1580
73 1168
74 1221
75 490
76 403
77 162
78 92
79 1196
80 1512
81 573
82 903
83 888
84 2681
85 973
86 919
87 2047
88 2609
89 2843
90 297
91 1076
92 2961
93 972
94 1413
95 2651
96 84
97 569
98 1427
99 155
100 2289
101 1481
102 485
103 254
104 558
105 2225
106 357
107 856
108 250
109 69
110 1900
111 1742
112 899
113 2973
114 2937
115 2542
116 846
117 2550
118 26
119 2433
120 1886
121 2819
122 1616
123 2211
124 2523
125 1227
126 1085
127 1659
128 1199
129 588
130 2724
131 688
132 2993
133 2835
134 254
135 678
136 366
137 78
138 2649
139 145
140 2636
141 2545
142 1477
143 1171
144 1409
145 168
146 1588
147 1043
148 2467
149 1290
150 383
151 534
152 994
153 1962
154 775
155 2260
156 1202
157 2150
158 2063
159 2750
160 740
161 220
162 608
163 986
164 1258
165 2483
166 1550
167 2112
168 76
169 1562
170 31
171 732
172 2824
173 2726
174 1406
175 1279
176 2480
177 1801
178 787
179 486
180 866
181 2106
182 2220
183 917
184 763
185 2340
186 1537
187 2362
188 2860
189 2233
190 573
191 2227
192 1505
193 284
194 2836
195 1768
196 2115
197 2746
198 2785
199 2165
200 1185
201 1040
202 2550
203 125
204 1569
205 2855
206 2288
207 1804
208 806
209 1741
210 2044
211 1879
212 811
213 2904
214 1086
215 419
216 791
217 1184
218 313
219 1829
220 860
221 2950
222 397
223 2027
224 1223
225 1230
226 2948
227 430
228 1068
229 1854
230 2250
231 2934
232 30
233 2606
234 2282
235 2604
236 12
237 1686
238 945
239 431
240 208
241 1629
242 1718
243 2916
244 2062
245 510
246 2609
247 1966
248 2758
249 888
250 2776
251 2427
252 803
253 2692
254 1595
255 1995
256 2995
257 1786
258 1623
259 790
260 485
261 2880
262 2824
263 545
264 2365
265 2930
266 2746
267 2432
268 437
269 368
270 2505
271 1606
272 2477
273 415
274 744
275 452
276 432
277 2296
278 925
279 2603
280 493
281 490
282 683
283 737
284 1933
285 98
286 2735
287 2219
288 518
289 1789
290 719
291 282
292 820
293 1676
294 2807
295 2428
296 835
297 168
298 661
299 1208
300 569
301 2168
302 2989
303 649
304 1541
305 1139
306 2585
307 2235
308 1239
309 920
310 1140
311 971
312 549
313 2444
314 1648
315 1328
316 600
317 1834
318 1740
319 2193
320 2129
321 1261
322 2414
323 258
324 1307
325 2163
326 679
327 2434
328 1901
329 847
330 2662
331 1036
332 67
333 2558
334 1041
335 480
336 2239
337 2713
338 2782
339 2728
340 1747
341 1188
342 2274
343 691
344 959
345 2672
346 935
347 1466
348 1831
349 1630
350 1178
351 1238
352 2785
353 814
354 2591
355 1858
356 587
357 973
358 645
359 2752
360 1338
361 685
362 1199
363 2186
364 208
365 1539
366 1164
367 2016
368 827
369 2794
370 764
371 1483
372 398
373 1381
374 287
375 2509
376 699
377 1396
378 115
379 891
380 884
381 1913
382 1230
383 2399
384 1
385 14
386 1479
387 391
388 2470
389 516
390 2989
391 1669
392 1337
393 1892
394 2868
395 282
396 228
397 1338
398 1250
399 1140
400 2058
401 97
402 625
403 106
404 499
405 820
406 599
407 375
408 1489
409 2708
410 418
411 2517
412 1285
413 1615
414 257
415 2551
416 1952
417 225
418 2802
419 782
420 1786
421 2059
422 854
423 938
424 2567
425 468
426 1658
427 2638
428 136
429 339
430 1080
431 935
432 1425
433 1265
434 2843
435 1172
436 1648
437 1032
438 2157
439 2912
440 2470
441 2563
442 2254
443 654
444 1145
445 2422
446 2273
447 367
448 11
449 2392
450 2070
451 2257
452 1215
453 194
454 2883
455 2687
456 271
457 1770
458 2671
459 2309
460 113
461 1499
462 1697
463 50
464 316
465 765
466 700
467 2718
468 2249
469 975
470 217
471 2116
472 2559
473 1976
474 551
475 2410
476 1208
477 1623
478 547
479 1547
480 2625
481 1346
482 2065
483 535
484 853
485 2006
486 1535
487 546
488 2428
489 56
490 1825
491 1810
492 2489
493 526
494 2024
495 1557
496 875
497 2637
498 401
499 1080
500 2477
501 2108
502 506
503 649
504 2409
505 621
506 10
507 1914
508 2096
509 1797
510 216
511 1248
512 791
513 2570
514 2744
515 1768
516 328
517 1149
518 2937
519 1051
520 2691
521 550
522 2981
523 493
524 232
525 2017
526 2564
527 861
528 845
529 1089
530 1566
531 781
532 1367
533 2615
534 1406
535 1399
536 1540
537 2555
538 807
539 2891
540 2225
541 282
542 2193
543 1848
544 1972
545 178
546 1508
547 2433
548 2234
549 1537
550 1651
551 2415
552 1555
553 832
554 2702
555 290
556 2482
557 1491
558 2861
559 2836
560 2684
561 1365
562 649
563 1768
564 492
565 2084
566 803
567 1061
568 2516
569 668
570 17
571 1329
572 1541
573 1138
574 1352
575 2974
576 1585
577 276
578 641
579 1176
580 2641
581 359
582 2328
583 1436
584 2061
585 771
586 1460
587 2958
588 1692
589 1460
590 1431
591 2677
592 935
593 1057
594 665
595 2821
596 414
597 385
598 2410
599 2946
600 868
601 315
602 767
603 1115
604 234
605 159
606 2474
607 1490
608 2976
609 1776
610 701
611 1670
612 459
613 2533
614 1146
615 1204
616 2012
617 1587
618 1439
619 2969
620 1936
621 292
622 291
623 2485
624 2660
625 2568
626 2697
627 2088
628 2062
629 2227
630 2103
631 1449
632 39
633 190
634 2534
635 1774
636 309
637 2615
638 1596
639 1808
640 739
641 973
642 710
643 1686
644 550
645 15
646 2055
647 2834
648 2244
649 42
650 1893
651 878
652 29
653 1385
654 686
655 2968
656 2815
657 1598
658 1897
659 2617
660 2677
661 54
662 2525
663 238
664 2918
665 2993
666 1143
667 351
668 967
669 1160
670 2392
671 733
672 1672
673 2561
674 532
675 2591
676 2333
677 1126
678 97
679 2414
680 2276
681 1479
682 968
683 1579
684 1873
685 1892
686 203
687 1049
688 59
689 1576
690 458
691 442
692 1999
693 422
694 1270
695 2750
696 40
697 2226
698 2243
699 217
700 851
701 2579
702 2809
703 2326
704 612
705 2095
706 1742
707 504
708 1254
709 197
710 224
711 266
712 1188
713 646
714 1382
715 2275
716 2914
717 2092
718 1669
719 904
720 1721
721 2321
722 2713
723 919
724 951
725 1248
726 1629
727 830
728 2807
729 954
730 965
731 2399
732 2460
733 2068
734 903
735 3000
736 1408
737 2860
738 1018
739 990
740 1270
741 274
742 1330
743 2415
744 243
745 2703
746 854
747 64
748 88
749 2736
750 745
751 2366
752 953
753 2034
754 2186
755 2875
756 2216
757 1737
758 2627
759 1483
760 2614
761 2341

