757 99
0 1444
1 1181
2 2704
3 2983
4 2185
5 1889
6 2418
7 1999
8 16
9 1870
10 1357
11 202
12 1234
13 314
14 1209
15 1849
16 287
17 1261
18 1355
19 1876
20 981
21 2680
22 1869
23 539
24 2516
25 252
26 1722
27 942
28 2600
29 1609
30 2616
31 1796
32 2504
33 463
34 828
35 2949
36 2932
37 1080
38 1434
39 1144
40 1581
41 2451
42 21
43 2378
44 129
45 2670
46 2650
47 2070
48 1094
49 2155
50 2222
51 2204
52 306
53 2851
54 1082
55 340
56 2310
57 2445
58 77
59 295
60 1127
61 871
62 799
63 2457
64 182
65 1009
66 2558
67 1494
68 2218
69 2560
70 2598
71 2128
72 158
73 684
74 640
75 2360
76 759
77 1624
78 403
79 367
80 605
81 2061
82 2548
83 253
84 2482
85 1946
86 2350
87 2992
88 114
89 1720
90 1881
91 808
92 258
93 69
94 832
95 2287
96 157
97 1425
98 2080
99 2679
100 2162
101 353
102 302
103 2097
104 2075
105 1561
106 211
107 1887
108 1743
109 379
110 522
111 2291
112 2677
113 278
114 731
115 700
116 124
117 2454
118 2210
119 161
120 17
121 1745
122 2852
123 1253
124 1647
125 1481
126 1623
127 2990
128 682
129 1347
130 2441
131 908
132 1754
133 275
134 2673
135 2745
136 1877
137 1016
138 1209
139 1610
140 532
141 1507
142 2776
143 1011
144 2162
145 2828
146 86
147 1838
148 2729
149 2686
150 408
151 686
152 1859
153 1862
154 1624
155 2643
156 2516
157 360
158 565
159 1394
160 1484
161 705
162 2688
163 882
164 894
165 1249
166 1464
167 2631
168 2188
169 1661
170 2398
171 1607
172 1434
173 1318
174 2335
175 102
176 2208
177 1254
178 1815
179 1088
180 780
181 432
182 2957
183 2760
184 530
185 693
186 720
187 907
188 2620
189 2525
190 328
191 248
192 2155
193 1770
194 910
195 881
196 2410
197 89
198 1934
199 1157
200 716
201 1875
202 883
203 355
204 1605
205 361
206 2760
207 1966
208 2170
209 1004
210 1444
211 1424
212 110
213 2628
214 1561
215 1564
216 2550
217 866
218 2212
219 2110
220 1043
221 1760
222 2670
223 256
224 2691
225 1225
226 1379
227 351
228 1147
229 2682
230 663
231 2711
232 1671
233 1268
234 544
235 646
236 642
237 2789
238 607
239 627
240 1973
241 102
242 1453
243 2232
244 1418
245 396
246 695
247 462
248 1566
249 923
250 1429
251 1453
252 586
253 668
254 1219
255 2977
256 1575
257 97
258 65
259 1709
260 2367
261 1422
262 2240
263 2794
264 2114
265 1103
266 1370
267 376
268 1112
269 1394
270 1685
271 1492
272 2231
273 272
274 186
275 2603
276 1305
277 2862
278 1914
279 342
280 140
281 2642
282 20
283 1758
284 1962
285 1443
286 1804
287 315
288 2780
289 760
290 2300
291 317
292 1426
293 1246
294 1786
295 1259
296 423
297 2031
298 453
299 2235
300 1936
301 223
302 2794
303 924
304 1700
305 2378
306 1929
307 450
308 498
309 776
310 2228
311 2027
312 621
313 1548
314 1993
315 932
316 1681
317 1396
318 2503
319 1266
320 2913
321 933
322 1902
323 1383
324 2318
325 1893
326 1149
327 37
328 2049
329 1120
330 493
331 259
332 788
333 1547
334 1955
335 1792
336 1116
337 812
338 2687
339 454
340 2587
341 2750
342 1554
343 1942
344 43
345 406
346 1808
347 1491
348 452
349 214
350 725
351 2346
352 137
353 1087
354 403
355 2358
356 1920
357 1394
358 696
359 359
360 1779
361 2962
362 598
363 2417
364 1462
365 1329
366 1244
367 2079
368 1497
369 684
370 451
371 142
372 1364
373 2009
374 272
375 2791
376 1180
377 1260
378 100
379 759
380 2006
381 41
382 352
383 686
384 2565
385 2165
386 2139
387 2550
388 1782
389 515
390 1714
391 1683
392 446
393 51
394 2366
395 2618
396 2298
397 556
398 2707
399 1656
400 2330
401 583
402 1304
403 2790
404 308
405 1132
406 2177
407 2453
408 2150
409 1023
410 2757
411 199
412 399
413 1252
414 1725
415 730
416 2907
417 996
418 2968
419 1946
420 160
421 756
422 2328
423 570
424 282
425 1394
426 207
427 2090
428 1182
429 2218
430 1414
431 1494
432 386
433 328
434 1750
435 2771
436 44
437 771
438 2969
439 807
440 1555
441 1320
442 2609
443 1608
444 1609
445 645
446 1880
447 395
448 127
449 2205
450 2298
451 1070
452 502
453 268
454 687
455 1403
456 96
457 2619
458 964
459 2393
460 434
461 1367
462 2788
463 442
464 388
465 2506
466 2883
467 548
468 1912
469 1760
470 1179
471 2147
472 2980
473 2793
474 2210
475 598
476 2991
477 2432
478 2406
479 1432
480 1980
481 2383
482 2946
483 2580
484 120
485 1767
486 2170
487 216
488 1197
489 384
490 707
491 677
492 2559
493 1010
494 261
495 1788
496 252
497 631
498 20
499 2104
500 699
501 878
502 2386
503 1698
504 1672
505 1042
506 1597
507 2992
508 209
509 183
510 1449
511 762
512 712
513 2025
514 31
515 373
516 2900
517 1610
518 1264
519 1523
520 599
521 525
522 2782
523 2115
524 293
525 797
526 120
527 338
528 741
529 11
530 1599
531 934
532 2729
533 1052
534 2295
535 2905
536 1628
537 1113
538 259
539 1895
540 324
541 2860
542 1371
543 2443
544 10
545 2
546 245
547 2619
548 43
549 161
550 1820
551 1206
552 1794
553 647
554 2159
555 1709
556 1607
557 814
558 361
559 2890
560 2285
561 2858
562 2018
563 85
564 1662
565 605
566 2363
567 1650
568 596
569 2170
570 1204
571 540
572 1547
573 2517
574 1402
575 2224
576 1086
577 246
578 1816
579 2370
580 220
581 1213
582 2291
583 210
584 529
585 99
586 2964
587 1737
588 1464
589 1528
590 2105
591 672
592 1751
593 874
594 2035
595 505
596 492
597 775
598 2350
599 85
600 2500
601 1826
602 1263
603 2425
604 510
605 899
606 2598
607 791
608 1478
609 158
610 1056
611 593
612 2204
613 753
614 2071
615 2272
616 1960
617 491
618 2698
619 410
620 545
621 257
622 1675
623 2014
624 1043
625 1578
626 1629
627 2707
628 1543
629 2223
630 886
631 1369
632 198
633 756
634 2155
635 2091
636 417
637 1757
638 618
639 499
640 2420
641 2856
642 2635
643 2221
644 1463
645 2718
646 348
647 2644
648 2657
649 1830
650 540
651 446
652 360
653 2115
654 2495
655 1694
656 1138
657 1884
658 2894
659 338
660 1056
661 2353
662 2995
663 456
664 2610
665 2002
666 911
667 323
668 1426
669 45
670 618
671 2811
672 1112
673 223
674 245
675 2747
676 1009
677 518
678 68
679 2765
680 281
681 215
682 2339
683 1671
684 2780
685 2
686 545
687 19
688 1485
689 1609
690 1448
691 143
692 776
693 673
694 2244
695 804
696 1347
697 2979
698 669
699 1291
700 2686
701 2934
702 1880
703 389
704 870
705 2875
706 2589
707 1604
708 1314
709 2228
710 2031
711 554
712 2191
713 2745
714 1202
715 1435
716 1378
717 2636
718 1158
719 984
720 1974
721 1368
722 1959
723 1433
724 1400
725 1840
726 2290
727 912
728 2514
729 2116
730 2699
731 1775
732 476
733 1478
734 1070
735 726
736 1795
737 2693
738 1094
739 2643
740 2516
741 1085
742 2696
743 2397
744 2161
745 2827
746 585
747 845
748 254
749 2858
750 2834
751 1397
752 988
753 229
754 1759
755 229
756 1140

