255 47
0 1822
1 2138
2 1377
3 2955
4 1963
5 325
6 1723
7 888
8 955
9 1534
10 1653
11 2647
12 1115
13 283
14 2316
15 2814
16 760
17 82
18 2335
19 1398
20 272
21 96
22 2715
23 2203
24 566
25 2621
26 675
27 2092
28 1877
29 2479
30 1312
31 1976
32 2007
33 295
34 1143
35 1105
36 1185
37 811
38 1900
39 1687
40 2919
41 2099
42 858
43 1988
44 2162
45 1595
46 1115
47 229
48 2452
49 1964
50 1041
51 2694
52 2719
53 932
54 2465
55 224
56 702
57 1708
58 2578
59 1789
60 151
61 1504
62 1678
63 1581
64 1459
65 266
66 2615
67 2614
68 244
69 791
70 497
71 628
72 983
73 1762
74 1430
75 82
76 1699
77 290
78 421
79 674
80 2302
81 1707
82 1213
83 2070
84 1075
85 2065
86 1854
87 1970
88 2194
89 1692
90 1968
91 254
92 2897
93 1583
94 1664
95 1104
96 2319
97 1877
98 1211
99 1863
100 2419
101 1705
102 2152
103 2125
104 1525
105 1895
106 435
107 1794
108 1283
109 1498
110 142
111 583
112 953
113 192
114 1615
115 890
116 744
117 1973
118 899
119 2774
120 1972
121 225
122 90
123 1205
124 369
125 1585
126 282
127 1408
128 2639
129 139
130 1527
131 681
132 1096
133 613
134 1398
135 1839
136 2632
137 1489
138 1277
139 695
140 1385
141 408
142 1902
143 369
144 2842
145 0
146 676
147 483
148 1512
149 567
150 2861
151 66
152 1694
153 389
154 2990
155 1573
156 2481
157 1736
158 2692
159 484
160 1384
161 2854
162 2966
163 2625
164 1549
165 688
166 816
167 2524
168 2323
169 1251
170 1247
171 563
172 1619
173 2934
174 129
175 199
176 1302
177 616
178 2026
179 581
180 638
181 1749
182 2641
183 508
184 200
185 2967
186 2078
187 2364
188 2845
189 2060
190 2294
191 418
192 994
193 1162
194 2456
195 1534
196 1729
197 2782
198 2759
199 1876
200 632
201 974
202 120
203 2047
204 1086
205 2312
206 2799
207 1504
208 1308
209 2262
210 1098
211 2680
212 456
213 2669
214 2306
215 2420
216 1328
217 1624
218 783
219 1814
220 1109
221 2350
222 1845
223 890
224 138
225 1718
226 1709
227 214
228 1993
229 232
230 2932
231 1232
232 945
233 2913
234 1700
235 608
236 1854
237 1978
238 980
239 2108
240 1109
241 2922
242 2356
243 1703
244 1732
245 1311
246 2112
247 494
248 2069
249 1854
250 2442
251 1784
252 1224
253 2680
254 678

