633 20
0 1809
1 759
2 1689
3 793
4 2769
5 1946
6 2872
7 1056
8 2695
9 349
10 593
11 2566
12 1457
13 124
14 1746
15 2726
16 1930
17 942
18 341
19 35
20 590
21 2332
22 2295
23 1403
24 2746
25 392
26 342
27 2767
28 1716
29 249
30 1546
31 2732
32 2453
33 2198
34 679
35 1835
36 303
37 775
38 174
39 306
40 2672
41 1615
42 1099
43 578
44 852
45 2392
46 2995
47 2011
48 2621
49 1016
50 150
51 943
52 2466
53 178
54 709
55 885
56 1320
57 340
58 2412
59 2440
60 418
61 1162
62 2885
63 2556
64 2758
65 2474
66 2595
67 1646
68 1672
69 1753
70 408
71 2836
72 621
73 2348
74 765
75 1413
76 945
77 2302
78 2081
79 2025
80 1059
81 1755
82 762
83 2158
84 1
85 2968
86 780
87 1727
88 745
89 2482
90 2007
91 2635
92 506
93 1138
94 2741
95 2547
96 1330
97 254
98 426
99 373
100 467
101 2922
102 1628
103 1161
104 1582
105 2046
106 1783
107 2090
108 1353
109 2604
110 267
111 106
112 1747
113 1043
114 2202
115 2509
116 472
117 14
118 106
119 1494
120 1389
121 2338
122 283
123 1673
124 654
125 458
126 2782
127 439
128 1274
129 732
130 615
131 281
132 25
133 609
134 2775
135 997
136 2200
137 1536
138 402
139 417
140 522
141 1970
142 1327
143 852
144 528
145 1822
146 894
147 168
148 177
149 436
150 2097
151 1053
152 1277
153 314
154 319
155 2635
156 1441
157 1151
158 277
159 2573
160 1400
161 2215
162 934
163 2255
164 253
165 1933
166 1752
167 347
168 2598
169 136
170 2179
171 1052
172 2870
173 1864
174 2274
175 1789
176 844
177 2477
178 2151
179 708
180 1976
181 1731
182 1650
183 317
184 484
185 2569
186 831
187 1431
188 2559
189 332
190 1023
191 2588
192 1324
193 1826
194 2243
195 2483
196 1028
197 888
198 2770
199 1185
200 1586
201 1773
202 793
203 1566
204 1489
205 592
206 1169
207 1095
208 1627
209 721
210 1030
211 239
212 2995
213 470
214 1990
215 122
216 776
217 72
218 2255
219 446
220 942
221 668
222 1105
223 419
224 15
225 778
226 1157
227 2526
228 292
229 1970
230 2754
231 1077
232 2238
233 90
234 2802
235 915
236 1267
237 2150
238 1130
239 823
240 1910
241 739
242 1706
243 2127
244 2641
245 1798
246 1639
247 2723
248 1897
249 2514
250 2973
251 1926
252 1472
253 2419
254 866
255 1316
256 884
257 2661
258 1487
259 2386
260 113
261 1624
262 892
263 1546
264 1166
265 637
266 1624
267 2406
268 384
269 1315
270 2774
271 2724
272 2978
273 2836
274 628
275 2470
276 2627
277 140
278 2380
279 797
280 1839
281 781
282 1205
283 2313
284 1101
285 395
286 206
287 1042
288 1199
289 2271
290 802
291 1641
292 85
293 2654
294 2787
295 501
296 2100
297 1546
298 1337
299 2767
300 2293
301 88
302 2991
303 1716
304 829
305 1432
306 1911
307 2803
308 1652
309 2691
310 623
311 164
312 959
313 2355
314 2394
315 188
316 170
317 1029
318 1983
319 2460
320 680
321 1452
322 394
323 714
324 427
325 1290
326 2579
327 685
328 1325
329 982
330 932
331 1329
332 2563
333 1059
334 2806
335 1078
336 2770
337 2210
338 1841
339 166
340 1492
341 2902
342 427
343 1
344 343
345 713
346 2878
347 2530
348 378
349 2748
350 2863
351 1184
352 1585
353 1190
354 1523
355 1498
356 1224
357 2999
358 174
359 1429
360 2990
361 1621
362 644
363 2328
364 2331
365 1643
366 1722
367 75
368 2835
369 2626
370 1664
371 73
372 2137
373 1659
374 1232
375 1570
376 1379
377 2821
378 2262
379 147
380 1283
381 1220
382 2558
383 2356
384 2084
385 1620
386 1849
387 2011
388 563
389 1019
390 8
391 1814
392 50
393 2949
394 345
395 1134
396 1587
397 649
398 2165
399 192
400 2428
401 1082
402 2919
403 2897
404 2911
405 776
406 16
407 310
408 21
409 115
410 1517
411 2428
412 2417
413 747
414 2105
415 1178
416 956
417 2046
418 1020
419 2563
420 2539
421 839
422 2697
423 815
424 1609
425 48
426 792
427 2178
428 568
429 1072
430 767
431 1364
432 2926
433 2203
434 2653
435 743
436 2720
437 2056
438 1962
439 799
440 1389
441 1428
442 1157
443 2728
444 2247
445 2869
446 1956
447 1759
448 752
449 239
450 2153
451 2878
452 1923
453 2729
454 840
455 6
456 1490
457 2561
458 1798
459 2062
460 1894
461 775
462 1706
463 1652
464 995
465 1653
466 689
467 2247
468 2817
469 2852
470 1938
471 1885
472 2654
473 402
474 2005
475 2459
476 142
477 1567
478 2188
479 2837
480 1586
481 2655
482 2496
483 2034
484 1748
485 714
486 1621
487 2203
488 484
489 2472
490 2409
491 764
492 1321
493 1289
494 1516
495 1421
496 2347
497 451
498 2958
499 911
500 1945
501 1038
502 1763
503 1256
504 2209
505 740
506 2490
507 1339
508 2227
509 2720
510 1398
511 1196
512 122
513 2079
514 2261
515 1934
516 1382
517 425
518 2347
519 161
520 702
521 1033
522 1442
523 822
524 2508
525 627
526 766
527 1716
528 2551
529 1120
530 2939
531 1737
532 1297
533 1493
534 1516
535 2640
536 1487
537 934
538 327
539 2243
540 2517
541 2665
542 144
543 2161
544 2562
545 2791
546 2807
547 1343
548 2922
549 2995
550 1384
551 920
552 955
553 586
554 378
555 2104
556 2630
557 2839
558 1708
559 1392
560 1406
561 760
562 178
563 949
564 120
565 1971
566 2852
567 2383
568 2981
569 2731
570 2411
571 1756
572 2671
573 449
574 2239
575 2552
576 1881
577 1944
578 1725
579 782
580 2814
581 2543
582 2713
583 537
584 729
585 2356
586 1068
587 1368
588 2322
589 1719
590 1376
591 476
592 877
593 860
594 1713
595 171
596 1532
597 2693
598 594
599 24
600 1185
601 1719
602 1526
603 2473
604 1097
605 1619
606 2728
607 39
608 1306
609 181
610 812
611 2098
612 88
613 959
614 2379
615 2473
616 647
617 579
618 1569
619 1342
620 1756
621 2628
622 2984
623 163
624 2931
625 1104
626 2954
627 311
628 733
629 37
630 888
631 1923
632 1737

