344 24
0 2259
1 121
2 1427
3 1569
4 63
5 2740
6 865
7 687
8 1989
9 2845
10 332
11 1067
12 2516
13 2213
14 45
15 1346
16 2600
17 1643
18 196
19 2636
20 1268
21 2763
22 405
23 1168
24 947
25 637
26 1829
27 806
28 792
29 1224
30 1235
31 2850
32 674
33 851
34 302
35 2983
36 772
37 1247
38 1209
39 216
40 2000
41 2720
42 2750
43 588
44 155
45 2754
46 2203
47 339
48 883
49 1165
50 228
51 854
52 1801
53 2542
54 2663
55 892
56 2856
57 2876
58 239
59 1799
60 2574
61 1928
62 21
63 2557
64 2276
65 1471
66 801
67 2087
68 355
69 46
70 1804
71 2802
72 18
73 82
74 939
75 1793
76 492
77 2277
78 1458
79 1475
80 1864
81 2536
82 2615
83 2827
84 502
85 528
86 364
87 852
88 127
89 2859
90 2341
91 2994
92 2100
93 2753
94 1948
95 2499
96 2069
97 1410
98 675
99 247
100 2256
101 1679
102 2446
103 2220
104 1916
105 1842
106 582
107 2618
108 510
109 1431
110 1172
111 916
112 2760
113 2651
114 2663
115 2087
116 2471
117 1648
118 1372
119 1627
120 1525
121 388
122 762
123 2377
124 2230
125 1408
126 1796
127 2442
128 2869
129 641
130 329
131 1036
132 2872
133 1621
134 827
135 2761
136 2699
137 414
138 62
139 1488
140 1349
141 2931
142 508
143 2833
144 2714
145 678
146 2606
147 2263
148 2557
149 1198
150 44
151 648
152 1591
153 1545
154 1714
155 420
156 1488
157 1115
158 1746
159 1710
160 2945
161 2384
162 1999
163 304
164 2953
165 645
166 537
167 403
168 377
169 2546
170 2451
171 1582
172 419
173 691
174 1421
175 1622
176 1500
177 2814
178 157
179 28
180 49
181 1681
182 2039
183 1075
184 2780
185 87
186 2517
187 2767
188 2275
189 2682
190 503
191 2643
192 1558
193 1551
194 599
195 2203
196 2557
197 1613
198 1676
199 1711
200 1506
201 2352
202 653
203 1927
204 694
205 401
206 2885
207 2164
208 2819
209 2801
210 120
211 2352
212 2714
213 116
214 2214
215 1935
216 2032
217 1935
218 2202
219 2902
220 377
221 1284
222 1370
223 833
224 984
225 2642
226 362
227 1633
228 1409
229 2675
230 2100
231 1273
232 1428
233 1572
234 2620
235 1908
236 1711
237 1821
238 2620
239 2995
240 652
241 808
242 754
243 126
244 2529
245 2846
246 2170
247 2534
248 2945
249 1972
250 2835
251 2651
252 2484
253 1975
254 822
255 2001
256 2406
257 2196
258 2569
259 1398
260 2909
261 31
262 715
263 2795
264 2800
265 987
266 2558
267 2120
268 1695
269 1053
270 671
271 1224
272 2777
273 1195
274 212
275 1587
276 785
277 1884
278 1565
279 2857
280 132
281 1631
282 1499
283 2491
284 872
285 2599
286 376
287 2189
288 2427
289 464
290 1861
291 61
292 1741
293 368
294 564
295 2026
296 2413
297 2916
298 1757
299 2128
300 1475
301 1675
302 2653
303 1871
304 2578
305 1161
306 2357
307 1035
308 630
309 102
310 2982
311 2141
312 1545
313 2808
314 1057
315 2931
316 853
317 1856
318 2589
319 344
320 1536
321 1306
322 2527
323 2278
324 2715
325 1739
326 1495
327 1204
328 2459
329 752
330 1599
331 2052
332 2231
333 1703
334 113
335 2614
336 963
337 2281
338 1789
339 1057
340 2631
341 1381
342 2630
343 758

