313 89
0 1576
1 2978
2 75
3 1398
4 1914
5 1118
6 1776
7 2556
8 1852
9 2296
10 1158
11 2123
12 12
13 2674
14 2963
15 218
16 1246
17 215
18 401
19 769
20 1579
21 2607
22 454
23 417
24 2560
25 88
26 2307
27 1670
28 2371
29 2763
30 488
31 2378
32 1089
33 470
34 1991
35 1121
36 2044
37 2794
38 526
39 1226
40 296
41 1334
42 1964
43 936
44 1138
45 307
46 529
47 517
48 906
49 941
50 1162
51 276
52 2256
53 2300
54 161
55 1353
56 2539
57 462
58 1800
59 2514
60 2842
61 2417
62 2897
63 99
64 2382
65 360
66 2327
67 1889
68 2788
69 2514
70 1012
71 988
72 1070
73 862
74 989
75 544
76 2588
77 2478
78 19
79 2797
80 1429
81 353
82 221
83 269
84 2545
85 358
86 1455
87 1280
88 1682
89 887
90 1288
91 2028
92 2570
93 340
94 2719
95 290
96 2453
97 1286
98 1306
99 2485
100 1897
101 1105
102 2949
103 1967
104 2008
105 2282
106 1030
107 1482
108 2419
109 2651
110 1743
111 1713
112 128
113 872
114 893
115 407
116 602
117 382
118 2918
119 1965
120 148
121 1920
122 2653
123 294
124 2280
125 1442
126 365
127 469
128 2658
129 951
130 2871
131 2989
132 1755
133 983
134 849
135 1015
136 562
137 2735
138 2013
139 1667
140 1179
141 1666
142 357
143 1587
144 900
145 868
146 2633
147 1720
148 300
149 2010
150 23
151 1445
152 794
153 811
154 233
155 2405
156 2960
157 1960
158 1557
159 2485
160 1171
161 634
162 1817
163 793
164 965
165 771
166 1168
167 2636
168 1484
169 2238
170 463
171 2263
172 200
173 2933
174 2185
175 1424
176 646
177 908
178 1673
179 2539
180 1894
181 313
182 334
183 1726
184 2886
185 361
186 1069
187 521
188 2094
189 1460
190 515
191 40
192 2675
193 1478
194 248
195 1330
196 1257
197 2928
198 1610
199 1253
200 1822
201 128
202 2846
203 940
204 932
205 280
206 2865
207 1761
208 134
209 195
210 807
211 1895
212 498
213 1001
214 1422
215 561
216 2747
217 582
218 2590
219 397
220 595
221 1172
222 135
223 789
224 1952
225 1417
226 2905
227 2992
228 447
229 1466
230 1160
231 2110
232 29
233 48
234 1128
235 1903
236 2083
237 213
238 1208
239 2811
240 2584
241 2359
242 2307
243 950
244 2239
245 2668
246 1044
247 2961
248 2507
249 2358
250 2847
251 1143
252 186
253 2206
254 561
255 1688
256 2429
257 135
258 396
259 291
260 222
261 2924
262 1397
263 1927
264 2729
265 2610
266 504
267 2057
268 429
269 1375
270 345
271 1912
272 185
273 2535
274 1081
275 2423
276 1051
277 661
278 1223
279 2554
280 123
281 2272
282 1996
283 2828
284 27
285 1100
286 1092
287 2934
288 1584
289 890
290 2742
291 240
292 1738
293 2717
294 377
295 2090
296 200
297 892
298 2313
299 1958
300 2825
301 382
302 1443
303 1167
304 2751
305 1341
306 1599
307 2867
308 2547
309 1215
310 411
311 465
312 2704

