462 79
0 1538
1 1279
2 2618
3 1716
4 2894
5 1565
6 2300
7 1751
8 514
9 1201
10 1997
11 1873
12 2421
13 2582
14 1039
15 2184
16 907
17 1900
18 191
19 2688
20 2773
21 592
22 2807
23 1468
24 1743
25 2262
26 674
27 2814
28 1924
29 581
30 2221
31 1949
32 2219
33 108
34 1345
35 1178
36 2923
37 2089
38 173
39 1635
40 1590
41 2924
42 2527
43 515
44 2863
45 1871
46 527
47 21
48 1996
49 309
50 2204
51 406
52 1313
53 2457
54 2694
55 1519
56 2162
57 2476
58 2005
59 1587
60 1251
61 2363
62 2561
63 2555
64 187
65 672
66 2999
67 2802
68 345
69 895
70 2953
71 1440
72 971
73 2876
74 1628
75 119
76 1590
77 269
78 2433
79 2217
80 2326
81 321
82 334
83 1327
84 287
85 731
86 2765
87 2393
88 2709
89 180
90 2239
91 746
92 2298
93 1816
94 90
95 896
96 230
97 1156
98 2357
99 666
100 86
101 1626
102 2878
103 349
104 359
105 487
106 587
107 267
108 950
109 2009
110 1065
111 2057
112 2437
113 1826
114 667
115 967
116 1403
117 1195
118 1084
119 617
120 1509
121 2561
122 1304
123 287
124 1602
125 269
126 1746
127 247
128 2918
129 1293
130 715
131 2037
132 2615
133 930
134 902
135 2948
136 2675
137 1052
138 1756
139 451
140 823
141 74
142 926
143 365
144 1175
145 428
146 2465
147 2081
148 1536
149 2882
150 2850
151 2134
152 735
153 1168
154 2030
155 1312
156 2257
157 1016
158 830
159 2325
160 2645
161 615
162 830
163 2250
164 1038
165 490
166 231
167 1643
168 2926
169 315
170 1511
171 229
172 2144
173 127
174 1217
175 261
176 565
177 2537
178 163
179 2458
180 1554
181 1859
182 2092
183 734
184 1116
185 197
186 187
187 931
188 874
189 44
190 2308
191 319
192 1327
193 1303
194 327
195 2659
196 1929
197 2063
198 2121
199 1775
200 2737
201 715
202 1521
203 1183
204 1644
205 1829
206 1941
207 568
208 62
209 733
210 1150
211 1637
212 1040
213 2806
214 1263
215 2786
216 637
217 800
218 185
219 2250
220 100
221 2325
222 1294
223 1516
224 2438
225 404
226 614
227 2756
228 2575
229 88
230 793
231 1053
232 2303
233 2330
234 2926
235 121
236 1169
237 1447
238 2286
239 1849
240 446
241 487
242 131
243 2949
244 1628
245 926
246 2748
247 303
248 2971
249 1336
250 365
251 2626
252 1096
253 119
254 838
255 641
256 1732
257 1404
258 1429
259 2407
260 315
261 2008
262 814
263 348
264 230
265 2928
266 2670
267 2069
268 2906
269 2058
270 1117
271 1127
272 1899
273 2238
274 1639
275 1974
276 928
277 329
278 1105
279 980
280 2984
281 2794
282 810
283 2103
284 992
285 2177
286 616
287 2311
288 2822
289 2415
290 4
291 1994
292 2608
293 2034
294 2094
295 1727
296 477
297 2955
298 483
299 2192
300 1767
301 980
302 1606
303 2178
304 1849
305 1339
306 969
307 1710
308 2613
309 2792
310 2876
311 2007
312 2980
313 2513
314 1872
315 454
316 1241
317 2897
318 1469
319 888
320 106
321 686
322 1652
323 110
324 1958
325 2252
326 1352
327 2125
328 1894
329 1531
330 1577
331 1921
332 2419
333 1678
334 506
335 2657
336 1973
337 1767
338 1931
339 907
340 2556
341 250
342 392
343 1027
344 2068
345 2035
346 2986
347 2269
348 201
349 2552
350 2092
351 2606
352 186
353 15
354 1248
355 2529
356 36
357 191
358 1675
359 319
360 561
361 724
362 241
363 81
364 1009
365 1520
366 2388
367 1420
368 276
369 43
370 1301
371 2521
372 1787
373 1146
374 627
375 1984
376 1608
377 2593
378 736
379 2206
380 209
381 90
382 1655
383 555
384 1136
385 283
386 1358
387 196
388 2984
389 687
390 2543
391 658
392 2755
393 1752
394 2522
395 1748
396 1758
397 275
398 2736
399 1201
400 2615
401 2940
402 276
403 987
404 251
405 1782
406 2465
407 2547
408 1427
409 2401
410 2652
411 132
412 1088
413 2095
414 2416
415 2383
416 2881
417 2715
418 778
419 2309
420 202
421 1173
422 947
423 1246
424 34
425 2033
426 315
427 862
428 1223
429 2260
430 529
431 2550
432 1274
433 2022
434 2729
435 1953
436 97
437 500
438 615
439 1353
440 2392
441 2220
442 845
443 1724
444 499
445 1921
446 2444
447 2117
448 208
449 1039
450 1943
451 173
452 2056
453 1239
454 876
455 2812
456 866
457 334
458 130
459 772
460 2464
461 2106

