273 81
0 1475
1 2376
2 3000
3 558
4 2244
5 1377
6 2329
7 2970
8 2095
9 2941
10 2007
11 2125
12 230
13 53
14 1943
15 737
16 743
17 670
18 2335
19 1955
20 1719
21 1087
22 1408
23 2729
24 1443
25 1596
26 1576
27 192
28 1475
29 290
30 779
31 2550
32 1671
33 1570
34 1173
35 1746
36 884
37 2449
38 263
39 2268
40 765
41 944
42 2239
43 2443
44 326
45 2510
46 216
47 2232
48 600
49 2503
50 721
51 2253
52 921
53 2116
54 1175
55 971
56 2998
57 2424
58 159
59 2056
60 2103
61 724
62 1929
63 2027
64 2123
65 2616
66 1313
67 2783
68 1693
69 1627
70 2651
71 234
72 1710
73 2753
74 707
75 1880
76 1013
77 1313
78 2466
79 1360
80 1063
81 2251
82 1345
83 767
84 1351
85 451
86 412
87 650
88 2972
89 1816
90 1436
91 1526
92 664
93 481
94 610
95 1898
96 608
97 560
98 1282
99 27
100 919
101 127
102 737
103 1336
104 209
105 103
106 1100
107 2170
108 1640
109 603
110 207
111 1294
112 2528
113 1751
114 2888
115 2318
116 1185
117 1531
118 2753
119 2886
120 92
121 2957
122 1662
123 2762
124 33
125 778
126 1718
127 2330
128 941
129 1075
130 1160
131 2379
132 2900
133 1018
134 1061
135 1088
136 2339
137 2353
138 2586
139 686
140 736
141 494
142 576
143 1755
144 184
145 155
146 757
147 2467
148 2847
149 2422
150 1356
151 1710
152 2289
153 1642
154 2111
155 919
156 2808
157 1056
158 503
159 3
160 1854
161 918
162 269
163 2894
164 2302
165 2775
166 2368
167 196
168 1011
169 841
170 1952
171 632
172 1453
173 1240
174 283
175 2187
176 603
177 504
178 891
179 1250
180 351
181 2151
182 221
183 2019
184 423
185 2770
186 503
187 791
188 299
189 1484
190 1206
191 1703
192 366
193 2887
194 515
195 33
196 1302
197 1885
198 2200
199 1402
200 118
201 888
202 2436
203 2946
204 1447
205 2653
206 1310
207 1465
208 2366
209 1055
210 1086
211 2592
212 478
213 1123
214 346
215 42
216 738
217 125
218 373
219 1087
220 2617
221 755
222 1571
223 1744
224 566
225 2392
226 1378
227 902
228 2444
229 2165
230 1091
231 870
232 1737
233 2153
234 1325
235 668
236 2274
237 2054
238 2470
239 2043
240 2265
241 845
242 598
243 365
244 69
245 160
246 1608
247 2730
248 1423
249 901
250 2606
251 517
252 1010
253 2355
254 1583
255 2388
256 1637
257 668
258 398
259 2200
260 10
261 1551
262 2140
263 301
264 619
265 2260
266 1350
267 1438
268 1038
269 2606
270 1943
271 2267
272 2532

