972 51
0 305
1 2661
2 847
3 1285
4 2513
5 2636
6 2995
7 1307
8 990
9 1395
10 1627
11 2227
12 2214
13 875
14 1686
15 1399
16 2954
17 1504
18 968
19 1653
20 438
21 1543
22 1747
23 998
24 2743
25 71
26 2825
27 81
28 810
29 2321
30 760
31 652
32 683
33 467
34 1794
35 2971
36 426
37 1811
38 985
39 1173
40 2044
41 990
42 1701
43 1728
44 2881
45 917
46 877
47 1896
48 1785
49 2309
50 2694
51 2563
52 2955
53 2668
54 2627
55 2585
56 1423
57 1193
58 264
59 1030
60 1122
61 2608
62 1263
63 204
64 2907
65 2093
66 636
67 2113
68 694
69 2675
70 207
71 1497
72 623
73 2662
74 2203
75 1148
76 177
77 1322
78 80
79 1745
80 1113
81 1707
82 1790
83 2390
84 978
85 2589
86 742
87 2573
88 1534
89 1721
90 707
91 2965
92 1255
93 514
94 1130
95 1584
96 71
97 83
98 278
99 567
100 642
101 1760
102 2762
103 816
104 1224
105 67
106 2612
107 2605
108 707
109 619
110 2011
111 2543
112 1905
113 2802
114 1712
115 759
116 2746
117 1589
118 2969
119 353
120 1223
121 1258
122 1808
123 1333
124 2434
125 437
126 2212
127 798
128 2211
129 2726
130 1434
131 184
132 2239
133 2621
134 2911
135 2654
136 2683
137 2866
138 166
139 2160
140 2512
141 234
142 1065
143 837
144 1540
145 283
146 978
147 227
148 2699
149 1215
150 2022
151 2355
152 667
153 149
154 785
155 2623
156 845
157 1985
158 2823
159 1127
160 654
161 213
162 1130
163 2896
164 1397
165 1369
166 2976
167 1452
168 2441
169 2244
170 2781
171 101
172 2167
173 2518
174 587
175 2827
176 1688
177 82
178 606
179 2466
180 579
181 1081
182 2301
183 2800
184 1660
185 76
186 2115
187 99
188 1179
189 2771
190 2971
191 2677
192 1343
193 857
194 623
195 102
196 1202
197 76
198 2174
199 2949
200 1715
201 1613
202 2165
203 1749
204 1715
205 2987
206 2595
207 2518
208 2066
209 1921
210 1934
211 2503
212 619
213 1782
214 2462
215 1461
216 2793
217 505
218 2978
219 2215
220 1988
221 300
222 795
223 1565
224 151
225 2269
226 1030
227 890
228 99
229 1866
230 1146
231 1404
232 2679
233 2765
234 1030
235 2055
236 2134
237 2291
238 1362
239 1798
240 1727
241 1096
242 2880
243 128
244 1172
245 54
246 1029
247 312
248 909
249 2327
250 1123
251 2734
252 1287
253 1759
254 1099
255 2648
256 1313
257 2080
258 967
259 579
260 485
261 2035
262 2905
263 1811
264 2545
265 176
266 1518
267 768
268 1590
269 2871
270 1949
271 935
272 725
273 1479
274 2648
275 2932
276 397
277 2823
278 660
279 1806
280 738
281 276
282 60
283 2686
284 2264
285 315
286 2114
287 1613
288 1804
289 2747
290 90
291 2681
292 251
293 1339
294 2749
295 26
296 1090
297 106
298 1908
299 780
300 2327
301 295
302 156
303 2514
304 2223
305 1832
306 458
307 713
308 90
309 2909
310 1903
311 171
312 2964
313 1917
314 861
315 2361
316 1128
317 2857
318 2481
319 1083
320 498
321 2273
322 68
323 2284
324 2270
325 2031
326 824
327 828
328 2457
329 443
330 1859
331 310
332 1717
333 402
334 688
335 1065
336 750
337 2956
338 100
339 513
340 1510
341 375
342 2636
343 763
344 524
345 472
346 2039
347 2138
348 309
349 278
350 1195
351 137
352 1875
353 1657
354 1427
355 1146
356 1074
357 1166
358 1846
359 1292
360 2639
361 527
362 2843
363 899
364 2100
365 1869
366 693
367 579
368 2471
369 2466
370 1156
371 1119
372 2946
373 1835
374 2618
375 533
376 1731
377 2856
378 291
379 1850
380 87
381 1377
382 1370
383 1465
384 1358
385 2186
386 166
387 1771
388 2752
389 2996
390 1589
391 653
392 2209
393 13
394 274
395 754
396 1877
397 1503
398 2376
399 1953
400 259
401 2900
402 18
403 59
404 782
405 261
406 279
407 1191
408 530
409 132
410 952
411 2633
412 1528
413 758
414 1638
415 607
416 1305
417 718
418 1466
419 1749
420 2347
421 457
422 2524
423 1576
424 2052
425 298
426 1352
427 2605
428 1174
429 337
430 1878
431 2145
432 2908
433 1138
434 2886
435 692
436 2287
437 2813
438 1498
439 1720
440 1885
441 1919
442 50
443 2691
444 2552
445 161
446 1660
447 1232
448 428
449 255
450 456
451 2471
452 1924
453 2805
454 1570
455 2717
456 569
457 1857
458 1551
459 316
460 1380
461 1334
462 486
463 2044
464 346
465 848
466 1634
467 227
468 2
469 2937
470 2876
471 2994
472 2458
473 2834
474 417
475 2049
476 1847
477 51
478 2095
479 1678
480 605
481 868
482 877
483 722
484 2218
485 17
486 1416
487 2242
488 782
489 29
490 1628
491 2917
492 689
493 152
494 1892
495 457
496 2250
497 346
498 1503
499 2808
500 1313
501 1956
502 1679
503 19
504 2722
505 780
506 1994
507 1516
508 1492
509 2418
510 2903
511 1184
512 496
513 1266
514 904
515 793
516 276
517 2673
518 446
519 1950
520 2475
521 1445
522 2429
523 1534
524 2749
525 1795
526 510
527 2907
528 2043
529 2835
530 2348
531 1649
532 127
533 1856
534 2995
535 2493
536 1563
537 2311
538 1004
539 2236
540 525
541 886
542 2101
543 1569
544 839
545 2424
546 1486
547 1188
548 1413
549 502
550 2887
551 208
552 2585
553 2826
554 1146
555 421
556 98
557 820
558 1960
559 198
560 761
561 1745
562 841
563 545
564 2259
565 501
566 603
567 910
568 790
569 2159
570 1035
571 2663
572 480
573 672
574 721
575 2395
576 2468
577 773
578 1685
579 1245
580 706
581 892
582 1038
583 2203
584 433
585 245
586 1971
587 453
588 987
589 729
590 621
591 2471
592 1798
593 474
594 902
595 2210
596 2558
597 2916
598 2044
599 2757
600 2350
601 2413
602 963
603 1751
604 2938
605 1229
606 1032
607 1928
608 2873
609 1735
610 986
611 1039
612 1115
613 819
614 2743
615 1674
616 2365
617 1653
618 1314
619 2262
620 2032
621 1384
622 114
623 2485
624 1865
625 583
626 2382
627 397
628 1694
629 2395
630 1154
631 1804
632 2183
633 2559
634 460
635 2097
636 2163
637 860
638 456
639 303
640 2013
641 1683
642 245
643 886
644 24
645 402
646 448
647 2541
648 2383
649 2828
650 2072
651 464
652 993
653 1253
654 637
655 2451
656 2230
657 1020
658 197
659 2595
660 2325
661 866
662 840
663 427
664 337
665 2104
666 105
667 621
668 1233
669 1952
670 1348
671 2475
672 724
673 1182
674 1786
675 138
676 2833
677 779
678 533
679 2127
680 2535
681 2984
682 1569
683 2153
684 1232
685 1380
686 1756
687 2249
688 935
689 1672
690 1620
691 1416
692 376
693 1858
694 2752
695 2684
696 2362
697 17
698 1001
699 589
700 2948
701 2505
702 2999
703 398
704 2560
705 2009
706 1690
707 230
708 831
709 289
710 2426
711 1031
712 2797
713 1600
714 2172
715 1233
716 2064
717 526
718 2619
719 2163
720 1582
721 1514
722 2304
723 2605
724 2978
725 285
726 664
727 2545
728 717
729 688
730 1593
731 416
732 2388
733 1178
734 194
735 2293
736 2989
737 2706
738 2518
739 2038
740 1697
741 1742
742 2276
743 182
744 2264
745 1373
746 2447
747 2785
748 1786
749 235
750 1480
751 1400
752 1183
753 780
754 1056
755 697
756 2100
757 1266
758 1363
759 2592
760 279
761 433
762 104
763 2459
764 698
765 698
766 961
767 792
768 1907
769 1692
770 1521
771 239
772 1443
773 1398
774 726
775 2676
776 22
777 945
778 1933
779 323
780 565
781 1451
782 912
783 1686
784 1455
785 2215
786 1925
787 2073
788 200
789 1892
790 52
791 802
792 1108
793 2683
794 2236
795 2618
796 810
797 2866
798 318
799 142
800 2910
801 489
802 648
803 596
804 1772
805 1818
806 2781
807 2355
808 1561
809 2982
810 786
811 2982
812 1918
813 1473
814 2547
815 1360
816 1008
817 835
818 87
819 2258
820 2172
821 2274
822 181
823 2545
824 310
825 629
826 887
827 503
828 2719
829 1093
830 2883
831 2754
832 2647
833 1313
834 675
835 2
836 1997
837 1470
838 1526
839 207
840 2874
841 2773
842 2681
843 1992
844 907
845 1526
846 1425
847 1888
848 1052
849 1319
850 2871
851 1664
852 1755
853 809
854 2031
855 1013
856 2492
857 1661
858 1449
859 699
860 1621
861 1253
862 548
863 480
864 2282
865 2730
866 1220
867 1630
868 2087
869 2189
870 92
871 2763
872 70
873 303
874 326
875 1103
876 1516
877 1037
878 2475
879 2556
880 1331
881 1211
882 2418
883 1740
884 91
885 1263
886 784
887 195
888 1041
889 1872
890 1574
891 1727
892 2831
893 2884
894 1073
895 1394
896 1776
897 1633
898 1537
899 2390
900 2190
901 517
902 2559
903 2547
904 737
905 2429
906 715
907 2174
908 2549
909 1526
910 1937
911 1456
912 762
913 1053
914 1375
915 1916
916 1989
917 2696
918 2621
919 1636
920 942
921 726
922 1537
923 394
924 2424
925 1459
926 2552
927 148
928 364
929 266
930 1214
931 648
932 2253
933 102
934 1531
935 2851
936 1514
937 1797
938 1752
939 1088
940 2595
941 2973
942 1653
943 599
944 1004
945 2174
946 2367
947 2321
948 628
949 510
950 2949
951 1713
952 650
953 1552
954 2770
955 1944
956 560
957 1554
958 2782
959 1016
960 804
961 2487
962 2484
963 1419
964 2637
965 1393
966 697
967 2847
968 162
969 1736
970 2735
971 626

