480 12
0 446
1 139
2 614
3 2526
4 1974
5 1836
6 2959
7 1504
8 654
9 2006
10 1937
11 597
12 61
13 2724
14 1886
15 84
16 1761
17 2716
18 2622
19 1477
20 1374
21 1578
22 258
23 2046
24 2741
25 739
26 2772
27 2005
28 61
29 1847
30 1468
31 1213
32 2566
33 1026
34 2787
35 1659
36 1459
37 723
38 237
39 2557
40 403
41 1734
42 2863
43 1380
44 829
45 1738
46 610
47 523
48 54
49 927
50 801
51 2726
52 1272
53 2074
54 2968
55 1249
56 1819
57 1425
58 2644
59 448
60 248
61 1588
62 2089
63 1283
64 2395
65 2789
66 2180
67 1070
68 1384
69 1861
70 1794
71 2383
72 2764
73 289
74 2731
75 1119
76 2750
77 885
78 1772
79 2276
80 1288
81 528
82 35
83 2675
84 1973
85 2314
86 2920
87 1061
88 2865
89 238
90 1798
91 2597
92 1025
93 118
94 2723
95 2073
96 1339
97 546
98 1515
99 1967
100 2080
101 2007
102 2062
103 2225
104 1817
105 1810
106 2284
107 2822
108 348
109 2249
110 191
111 419
112 1386
113 1662
114 1741
115 964
116 892
117 2368
118 1071
119 2178
120 58
121 2069
122 1551
123 710
124 1673
125 2766
126 2674
127 361
128 1830
129 1191
130 634
131 69
132 2646
133 2649
134 1681
135 2000
136 144
137 2242
138 1233
139 2604
140 2654
141 1560
142 1605
143 1255
144 1334
145 2081
146 2173
147 23
148 2100
149 183
150 2070
151 147
152 418
153 785
154 1387
155 1209
156 1304
157 1203
158 1489
159 1011
160 1119
161 1719
162 2001
163 851
164 534
165 1614
166 2038
167 270
168 1721
169 1407
170 1275
171 2031
172 911
173 2393
174 38
175 306
176 1098
177 2516
178 533
179 2667
180 1499
181 2799
182 1520
183 2425
184 394
185 416
186 487
187 1356
188 2229
189 105
190 1158
191 2947
192 1925
193 1241
194 998
195 871
196 1331
197 1955
198 393
199 1081
200 1624
201 1237
202 2964
203 2066
204 1459
205 845
206 226
207 1739
208 373
209 840
210 397
211 1848
212 2730
213 309
214 2515
215 1951
216 1437
217 1521
218 511
219 448
220 295
221 2863
222 2299
223 2354
224 1494
225 279
226 823
227 1812
228 2062
229 2797
230 634
231 902
232 1372
233 64
234 2478
235 2625
236 268
237 902
238 2337
239 415
240 1266
241 2159
242 846
243 2668
244 2140
245 2011
246 2007
247 439
248 1889
249 1510
250 316
251 61
252 2649
253 1222
254 1199
255 2924
256 2620
257 757
258 2244
259 2641
260 1929
261 1542
262 766
263 4
264 2532
265 841
266 1645
267 999
268 2295
269 1978
270 2764
271 170
272 2957
273 806
274 2315
275 1801
276 488
277 272
278 1783
279 1661
280 602
281 1035
282 2810
283 2214
284 1435
285 780
286 1292
287 2054
288 2638
289 260
290 642
291 508
292 2709
293 1791
294 510
295 201
296 1774
297 48
298 1320
299 2734
300 1712
301 736
302 2947
303 2377
304 312
305 2990
306 224
307 820
308 1456
309 1841
310 2107
311 1554
312 1540
313 796
314 147
315 267
316 839
317 353
318 125
319 1508
320 589
321 378
322 574
323 2304
324 166
325 1993
326 1685
327 2362
328 1553
329 1564
330 1559
331 2976
332 242
333 2276
334 1458
335 2363
336 1670
337 2178
338 987
339 1685
340 720
341 2707
342 794
343 1040
344 576
345 2308
346 229
347 1194
348 684
349 1687
350 681
351 2594
352 1474
353 2220
354 2044
355 519
356 2935
357 908
358 2420
359 2661
360 2675
361 421
362 2391
363 428
364 2921
365 1391
366 1154
367 1506
368 168
369 947
370 1418
371 2267
372 1117
373 249
374 1228
375 2374
376 183
377 1040
378 1921
379 97
380 1268
381 1939
382 1927
383 893
384 1315
385 1229
386 1446
387 1900
388 2575
389 1566
390 2791
391 2096
392 2862
393 94
394 1013
395 2402
396 1080
397 745
398 536
399 487
400 2945
401 1366
402 551
403 477
404 2135
405 1951
406 1087
407 194
408 1592
409 2706
410 1497
411 1474
412 2163
413 2174
414 2934
415 1339
416 235
417 2133
418 156
419 1583
420 2448
421 576
422 2702
423 2780
424 2081
425 1112
426 545
427 521
428 2197
429 2553
430 1173
431 2783
432 1790
433 664
434 80
435 1120
436 1715
437 1225
438 1630
439 2198
440 689
441 1676
442 1862
443 466
444 2187
445 1611
446 1479
447 631
448 2955
449 1593
450 756
451 1979
452 912
453 2891
454 2957
455 1609
456 1126
457 2240
458 2634
459 2051
460 2301
461 31
462 403
463 578
464 740
465 2242
466 450
467 428
468 975
469 495
470 961
471 772
472 2900
473 1780
474 615
475 465
476 2104
477 1806
478 289
479 1521

