543 49
0 2841
1 866
2 1068
3 212
4 2756
5 2035
6 2935
7 838
8 321
9 2723
10 751
11 2212
12 1138
13 2048
14 2082
15 2008
16 1130
17 2748
18 1196
19 788
20 1299
21 303
22 2466
23 1741
24 56
25 281
26 1563
27 2028
28 1554
29 145
30 1519
31 1277
32 2520
33 4
34 2368
35 817
36 648
37 913
38 500
39 2411
40 2984
41 1040
42 660
43 2142
44 1317
45 2122
46 2241
47 1430
48 179
49 2805
50 71
51 2008
52 2094
53 714
54 2260
55 1062
56 139
57 2871
58 147
59 1664
60 2290
61 1876
62 2124
63 1874
64 1288
65 2202
66 2063
67 102
68 839
69 2845
70 1736
71 992
72 2528
73 994
74 2414
75 2792
76 155
77 392
78 1916
79 2908
80 2337
81 2376
82 935
83 1540
84 1245
85 1261
86 373
87 16
88 2220
89 2502
90 1406
91 2679
92 835
93 2548
94 280
95 2390
96 1381
97 1692
98 1104
99 1523
100 1624
101 538
102 340
103 714
104 522
105 1879
106 654
107 1613
108 528
109 321
110 2584
111 2769
112 48
113 895
114 576
115 2975
116 2676
117 2590
118 1865
119 2637
120 189
121 1160
122 1998
123 1641
124 2599
125 1120
126 1524
127 127
128 66
129 275
130 1002
131 1488
132 2975
133 2616
134 172
135 1721
136 823
137 984
138 2485
139 1845
140 1403
141 1930
142 629
143 1688
144 2016
145 2899
146 401
147 767
148 2597
149 1993
150 285
151 2644
152 32
153 2606
154 2350
155 1565
156 1136
157 2635
158 1828
159 1080
160 1313
161 2415
162 1459
163 2045
164 2073
165 1646
166 2069
167 2017
168 2207
169 788
170 738
171 1272
172 1545
173 713
174 1377
175 2243
176 2479
177 2247
178 2065
179 1817
180 2670
181 1907
182 2915
183 493
184 1956
185 2513
186 2943
187 1964
188 2669
189 2719
190 880
191 2492
192 1567
193 1827
194 2383
195 2755
196 968
197 1890
198 657
199 778
200 442
201 2676
202 2699
203 1139
204 159
205 188
206 573
207 1762
208 692
209 2585
210 873
211 442
212 2639
213 2945
214 1950
215 1571
216 1760
217 1825
218 1590
219 2789
220 1961
221 1107
222 1230
223 2331
224 871
225 1852
226 832
227 64
228 414
229 2679
230 2877
231 2587
232 2846
233 699
234 1470
235 214
236 935
237 2196
238 595
239 1659
240 517
241 40
242 1522
243 325
244 577
245 2251
246 2498
247 1565
248 2887
249 432
250 16
251 122
252 1831
253 2228
254 1672
255 648
256 526
257 1665
258 1839
259 2262
260 2808
261 2323
262 888
263 1214
264 2621
265 2569
266 2096
267 1777
268 657
269 2541
270 1007
271 1298
272 2574
273 1652
274 2488
275 1584
276 1381
277 2609
278 999
279 2066
280 1847
281 520
282 1289
283 1191
284 809
285 555
286 1011
287 1248
288 2839
289 2753
290 131
291 1230
292 1079
293 525
294 441
295 1628
296 150
297 1754
298 445
299 1565
300 849
301 1695
302 2209
303 2253
304 1909
305 315
306 2567
307 446
308 1636
309 122
310 2601
311 2655
312 2004
313 397
314 2725
315 2793
316 2246
317 874
318 699
319 726
320 548
321 2732
322 2033
323 2864
324 926
325 144
326 1506
327 1443
328 2608
329 2781
330 546
331 589
332 1225
333 2652
334 694
335 1259
336 1741
337 1480
338 1624
339 1091
340 1611
341 1868
342 296
343 2708
344 2794
345 2045
346 14
347 435
348 1207
349 2669
350 86
351 696
352 2839
353 1745
354 628
355 555
356 1458
357 404
358 1535
359 1133
360 1385
361 2943
362 171
363 885
364 1135
365 2673
366 1356
367 2202
368 350
369 60
370 1974
371 2403
372 2735
373 1532
374 980
375 1833
376 1956
377 248
378 518
379 1558
380 1994
381 2677
382 316
383 463
384 312
385 1768
386 636
387 2712
388 254
389 2518
390 2642
391 672
392 178
393 2653
394 1902
395 1302
396 1776
397 2569
398 289
399 1818
400 1357
401 341
402 2827
403 1106
404 2107
405 2601
406 1130
407 1521
408 867
409 888
410 1344
411 2072
412 2955
413 2660
414 2089
415 156
416 2493
417 2279
418 207
419 1484
420 558
421 1932
422 2590
423 928
424 2694
425 1061
426 1802
427 2607
428 223
429 2487
430 575
431 1378
432 22
433 2432
434 309
435 2716
436 2687
437 2211
438 2368
439 962
440 1992
441 1110
442 2508
443 2973
444 2698
445 2944
446 2946
447 41
448 755
449 1415
450 871
451 2041
452 182
453 977
454 950
455 583
456 1602
457 1301
458 480
459 2180
460 408
461 1034
462 1106
463 2533
464 612
465 484
466 474
467 1077
468 828
469 113
470 1975
471 682
472 1839
473 2681
474 1093
475 841
476 2001
477 2495
478 2945
479 1509
480 1183
481 2131
482 2449
483 1777
484 812
485 2248
486 617
487 2364
488 2387
489 2971
490 2629
491 2925
492 202
493 1033
494 108
495 384
496 1542
497 76
498 1026
499 1842
500 1066
501 756
502 184
503 2662
504 1387
505 437
506 1996
507 811
508 2836
509 1604
510 628
511 2245
512 1812
513 1979
514 1010
515 379
516 973
517 2630
518 2116
519 1634
520 1651
521 1639
522 1708
523 1033
524 1906
525 849
526 2528
527 27
528 2036
529 2708
530 2765
531 178
532 1778
533 2970
534 341
535 1289
536 2553
537 2119
538 691
539 1920
540 26
541 553
542 1937

