387 39
0 2576
1 1812
2 2190
3 1289
4 1814
5 1257
6 182
7 2717
8 2156
9 688
10 1055
11 1584
12 2203
13 1275
14 1608
15 273
16 611
17 1724
18 588
19 394
20 1911
21 1864
22 2770
23 1219
24 1241
25 2654
26 173
27 1606
28 395
29 685
30 2106
31 1904
32 1950
33 2501
34 1987
35 772
36 202
37 2829
38 1583
39 2030
40 2383
41 365
42 2024
43 760
44 1970
45 921
46 1321
47 892
48 1394
49 1245
50 1101
51 1641
52 400
53 1840
54 2447
55 2714
56 1819
57 1112
58 343
59 1690
60 1777
61 1307
62 1787
63 1318
64 1699
65 1843
66 2313
67 1957
68 1870
69 2396
70 1757
71 2603
72 914
73 223
74 2149
75 2387
76 2232
77 779
78 1986
79 575
80 1817
81 762
82 1533
83 2747
84 1647
85 444
86 2462
87 1984
88 801
89 180
90 2809
91 912
92 2624
93 1228
94 1779
95 2242
96 1225
97 2635
98 1326
99 348
100 1904
101 2149
102 2150
103 163
104 1279
105 409
106 2863
107 2300
108 1639
109 2851
110 2275
111 1382
112 1797
113 883
114 2632
115 1346
116 589
117 1722
118 1290
119 1015
120 2347
121 2862
122 2278
123 1450
124 387
125 2206
126 1617
127 71
128 2970
129 2810
130 2829
131 1588
132 1888
133 2157
134 2887
135 2369
136 1815
137 65
138 432
139 2614
140 2859
141 2371
142 23
143 2832
144 2208
145 1191
146 2918
147 384
148 562
149 2720
150 2877
151 583
152 2801
153 1492
154 2191
155 707
156 2078
157 855
158 827
159 957
160 2555
161 625
162 425
163 268
164 944
165 2867
166 2692
167 1355
168 1641
169 1021
170 1826
171 2547
172 1408
173 1282
174 2168
175 1561
176 789
177 2947
178 2986
179 1309
180 981
181 1933
182 1154
183 1980
184 2366
185 2722
186 2101
187 1555
188 264
189 2255
190 748
191 593
192 2394
193 1259
194 426
195 334
196 2469
197 2762
198 2636
199 1905
200 2290
201 2188
202 1628
203 2495
204 93
205 2834
206 1953
207 283
208 1767
209 456
210 2084
211 1277
212 2014
213 1546
214 1336
215 1465
216 110
217 393
218 756
219 2547
220 622
221 823
222 1759
223 2598
224 1791
225 2411
226 138
227 374
228 1168
229 250
230 1278
231 2458
232 687
233 1175
234 2021
235 1343
236 10
237 1877
238 490
239 1040
240 1739
241 1601
242 516
243 762
244 2044
245 269
246 834
247 72
248 394
249 2684
250 1103
251 307
252 636
253 1636
254 446
255 663
256 976
257 719
258 1950
259 2235
260 931
261 2401
262 1892
263 1837
264 826
265 2472
266 2907
267 2099
268 627
269 171
270 791
271 135
272 2167
273 557
274 868
275 2007
276 2455
277 1861
278 2091
279 2684
280 1241
281 426
282 2622
283 2111
284 2712
285 306
286 2491
287 2409
288 385
289 7
290 341
291 2121
292 113
293 2122
294 1897
295 1078
296 2802
297 757
298 1494
299 906
300 2721
301 2190
302 1164
303 1823
304 2014
305 2943
306 1504
307 2395
308 2214
309 418
310 1782
311 2146
312 2160
313 1217
314 284
315 320
316 2153
317 2194
318 2575
319 1869
320 844
321 1988
322 145
323 793
324 2061
325 2585
326 2728
327 190
328 952
329 1277
330 2567
331 947
332 60
333 2029
334 1602
335 473
336 1822
337 1801
338 487
339 2276
340 2268
341 2027
342 2946
343 2118
344 2962
345 2175
346 2658
347 2018
348 1578
349 1574
350 948
351 2466
352 777
353 2371
354 2316
355 1181
356 2648
357 3000
358 416
359 526
360 957
361 410
362 920
363 459
364 1210
365 2022
366 1885
367 2601
368 341
369 216
370 1174
371 1566
372 1566
373 1235
374 749
375 263
376 528
377 886
378 323
379 1034
380 1442
381 2812
382 2856
383 2980
384 105
385 1600
386 152

