822 99
0 845
1 2645
2 1577
3 211
4 262
5 2546
6 891
7 2788
8 2809
9 2694
10 2589
11 493
12 395
13 587
14 597
15 2065
16 2059
17 1714
18 603
19 1199
20 2513
21 1690
22 545
23 2940
24 370
25 949
26 1105
27 1956
28 463
29 2878
30 1575
31 158
32 2153
33 100
34 462
35 1212
36 176
37 1465
38 1249
39 1020
40 716
41 53
42 1902
43 764
44 1060
45 1276
46 1418
47 1946
48 850
49 650
50 1755
51 1319
52 1179
53 118
54 401
55 2053
56 201
57 2435
58 44
59 2761
60 1199
61 394
62 1915
63 2193
64 2165
65 1097
66 2165
67 1815
68 2021
69 722
70 881
71 1039
72 1013
73 1858
74 122
75 381
76 2880
77 1381
78 1927
79 771
80 622
81 2938
82 2286
83 1409
84 1666
85 767
86 1278
87 2390
88 139
89 1642
90 500
91 1687
92 501
93 1000
94 1909
95 945
96 1124
97 1341
98 1965
99 2432
100 2629
101 2103
102 679
103 1985
104 2753
105 851
106 1177
107 1442
108 368
109 2347
110 1731
111 2535
112 1637
113 2560
114 1633
115 1448
116 2672
117 2596
118 1145
119 956
120 327
121 1950
122 1292
123 2677
124 891
125 2952
126 2924
127 2389
128 1072
129 2664
130 1647
131 271
132 2143
133 83
134 1111
135 2045
136 2814
137 846
138 1249
139 1173
140 2448
141 583
142 627
143 653
144 1306
145 2769
146 1747
147 935
148 170
149 2996
150 1087
151 594
152 2085
153 1512
154 1651
155 302
156 566
157 1532
158 1532
159 2385
160 2878
161 2811
162 232
163 2997
164 2957
165 501
166 2163
167 66
168 1257
169 528
170 2400
171 2050
172 1515
173 294
174 1079
175 1249
176 193
177 2160
178 2859
179 1418
180 2837
181 1552
182 2507
183 2228
184 1640
185 2329
186 1326
187 1125
188 2007
189 1569
190 39
191 300
192 932
193 1401
194 1740
195 2049
196 654
197 2033
198 2224
199 2997
200 2257
201 1028
202 1082
203 133
204 637
205 2641
206 1291
207 2280
208 996
209 985
210 2243
211 2725
212 2414
213 252
214 1188
215 1993
216 1773
217 2602
218 2236
219 2172
220 1519
221 2611
222 1439
223 1950
224 1240
225 1980
226 1041
227 834
228 2825
229 2042
230 2613
231 1181
232 438
233 307
234 1370
235 1013
236 1982
237 590
238 802
239 1766
240 1384
241 2292
242 394
243 1900
244 1546
245 2332
246 164
247 1544
248 1774
249 1234
250 402
251 2900
252 2607
253 1687
254 2919
255 286
256 1964
257 449
258 1740
259 2740
260 669
261 335
262 1117
263 1141
264 2914
265 1797
266 2906
267 1241
268 1563
269 2320
270 1463
271 910
272 1452
273 1765
274 442
275 254
276 1078
277 379
278 815
279 2986
280 2197
281 646
282 2230
283 2660
284 2861
285 1776
286 2852
287 447
288 1866
289 551
290 849
291 2949
292 903
293 1455
294 1059
295 2463
296 697
297 594
298 1210
299 591
300 2844
301 2749
302 536
303 2577
304 1893
305 798
306 1333
307 431
308 2772
309 2640
310 2731
311 233
312 2102
313 2535
314 1278
315 2963
316 1464
317 2089
318 2088
319 2240
320 2227
321 2589
322 931
323 2459
324 1360
325 1926
326 1253
327 750
328 505
329 571
330 1610
331 1320
332 712
333 567
334 2393
335 567
336 2554
337 36
338 1133
339 689
340 1575
341 903
342 781
343 584
344 1825
345 2482
346 2453
347 2753
348 177
349 2616
350 2672
351 2300
352 2615
353 1839
354 736
355 1273
356 327
357 2995
358 2923
359 21
360 2655
361 2394
362 2193
363 1061
364 165
365 1695
366 2621
367 2862
368 1338
369 1722
370 1556
371 903
372 232
373 999
374 2138
375 419
376 69
377 1353
378 816
379 2232
380 690
381 2844
382 1170
383 2272
384 1368
385 229
386 2353
387 1331
388 2554
389 2918
390 190
391 509
392 2436
393 611
394 615
395 1539
396 2954
397 1264
398 2942
399 1241
400 163
401 1762
402 2820
403 867
404 2465
405 242
406 1983
407 451
408 2815
409 31
410 266
411 558
412 2694
413 1932
414 874
415 283
416 2699
417 480
418 2706
419 513
420 2528
421 521
422 1621
423 340
424 802
425 60
426 2024
427 2025
428 518
429 1108
430 2807
431 46
432 753
433 1601
434 1943
435 411
436 943
437 2988
438 2951
439 1135
440 2661
441 10
442 2774
443 2610
444 2848
445 2210
446 2228
447 2889
448 2352
449 2864
450 738
451 889
452 133
453 2132
454 150
455 2688
456 538
457 1108
458 419
459 432
460 133
461 830
462 2893
463 1358
464 1733
465 1614
466 1517
467 1425
468 2355
469 2270
470 1182
471 1540
472 2695
473 2374
474 1790
475 270
476 1015
477 2694
478 2597
479 689
480 2339
481 927
482 591
483 783
484 2499
485 2694
486 99
487 304
488 781
489 1861
490 2523
491 2158
492 2792
493 1897
494 1460
495 1647
496 1662
497 2377
498 1603
499 786
500 625
501 2668
502 124
503 2463
504 847
505 1554
506 1379
507 1388
508 1228
509 889
510 941
511 2197
512 2548
513 968
514 893
515 1972
516 1223
517 739
518 531
519 2452
520 301
521 623
522 940
523 125
524 2530
525 2499
526 1448
527 328
528 436
529 122
530 2287
531 1890
532 2999
533 806
534 1709
535 2986
536 1295
537 1987
538 209
539 2468
540 2143
541 2582
542 2159
543 2659
544 2925
545 106
546 90
547 2509
548 1160
549 2199
550 842
551 1516
552 1680
553 2139
554 1922
555 1657
556 2621
557 1466
558 292
559 249
560 980
561 618
562 1693
563 1003
564 1543
565 700
566 301
567 2204
568 1860
569 44
570 1290
571 1098
572 1047
573 947
574 2258
575 1119
576 2694
577 2420
578 235
579 357
580 44
581 1846
582 1666
583 868
584 525
585 796
586 206
587 2131
588 342
589 2818
590 348
591 1056
592 1181
593 45
594 1035
595 1232
596 1587
597 2076
598 26
599 2345
600 2917
601 862
602 2239
603 8
604 2843
605 604
606 1095
607 2032
608 1699
609 56
610 148
611 846
612 539
613 499
614 2042
615 2795
616 2222
617 1552
618 2892
619 729
620 2554
621 2255
622 1606
623 365
624 37
625 691
626 1962
627 914
628 2226
629 401
630 1141
631 2337
632 2289
633 620
634 1845
635 302
636 1875
637 1174
638 668
639 2658
640 1266
641 2029
642 197
643 1686
644 177
645 556
646 2484
647 546
648 2820
649 1913
650 944
651 1735
652 1842
653 532
654 1250
655 2855
656 2143
657 1772
658 2643
659 93
660 2497
661 2285
662 348
663 704
664 2684
665 11
666 2106
667 2469
668 2620
669 692
670 1999
671 2225
672 899
673 2780
674 1910
675 1871
676 1168
677 775
678 797
679 2038
680 1206
681 885
682 151
683 1780
684 845
685 2316
686 2947
687 1050
688 2645
689 316
690 730
691 2781
692 1300
693 2535
694 2351
695 2063
696 2010
697 1273
698 340
699 2937
700 2738
701 2624
702 2756
703 2826
704 2822
705 1752
706 558
707 539
708 2848
709 2821
710 1837
711 152
712 1026
713 749
714 2154
715 1569
716 846
717 739
718 1108
719 2301
720 1495
721 922
722 727
723 2092
724 2552
725 363
726 1578
727 240
728 466
729 2554
730 1729
731 1138
732 278
733 481
734 2444
735 1303
736 2082
737 568
738 2393
739 1701
740 1630
741 2228
742 2817
743 1164
744 1377
745 1344
746 855
747 1158
748 2235
749 345
750 575
751 1442
752 112
753 850
754 1001
755 550
756 2611
757 1260
758 2788
759 852
760 535
761 2146
762 1775
763 502
764 2852
765 2190
766 2081
767 1126
768 219
769 299
770 2154
771 1400
772 1371
773 1943
774 2712
775 2903
776 869
777 431
778 1442
779 2307
780 548
781 47
782 2385
783 2957
784 2208
785 1938
786 1481
787 864
788 1193
789 2601
790 535
791 2423
792 1005
793 1332
794 684
795 198
796 1791
797 347
798 2811
799 765
800 1326
801 2786
802 1750
803 1007
804 195
805 2815
806 1542
807 148
808 2906
809 1769
810 557
811 2289
812 1043
813 267
814 328
815 527
816 2009
817 926
818 2696
819 2166
820 1602
821 735

