876 18
0 1976
1 367
2 1777
3 1600
4 1335
5 2049
6 2521
7 2699
8 1707
9 2356
10 1841
11 899
12 2676
13 1975
14 1530
15 568
16 2447
17 1313
18 1707
19 2712
20 97
21 343
22 602
23 1437
24 2954
25 1140
26 458
27 798
28 2696
29 485
30 2217
31 2378
32 2100
33 1433
34 2330
35 2406
36 1644
37 1106
38 1255
39 2120
40 1426
41 2681
42 2006
43 2745
44 1425
45 1761
46 2313
47 2763
48 2947
49 2231
50 3
51 2714
52 667
53 877
54 372
55 1309
56 413
57 1733
58 1347
59 769
60 643
61 1968
62 2084
63 2930
64 2175
65 2303
66 2414
67 268
68 276
69 1539
70 1560
71 648
72 2835
73 650
74 1835
75 2869
76 1962
77 271
78 8
79 608
80 689
81 2592
82 2769
83 510
84 2115
85 285
86 1444
87 707
88 1365
89 716
90 858
91 1889
92 456
93 192
94 1262
95 1149
96 498
97 1527
98 2314
99 2257
100 2440
101 73
102 2980
103 1116
104 2003
105 1941
106 2611
107 581
108 662
109 1725
110 7
111 565
112 302
113 1347
114 2342
115 1889
116 106
117 179
118 252
119 2358
120 642
121 885
122 890
123 2304
124 1135
125 618
126 802
127 1377
128 444
129 1755
130 2207
131 1636
132 2217
133 484
134 651
135 2830
136 1879
137 1470
138 209
139 2635
140 1263
141 1263
142 2916
143 2535
144 878
145 1847
146 2406
147 2335
148 1136
149 2335
150 1780
151 520
152 2822
153 2981
154 752
155 780
156 2661
157 623
158 2027
159 2091
160 2588
161 1404
162 907
163 1770
164 2922
165 2810
166 209
167 1520
168 1810
169 52
170 2857
171 1986
172 608
173 575
174 2620
175 2357
176 2360
177 2750
178 2855
179 1192
180 2866
181 1444
182 2603
183 2534
184 1624
185 2765
186 2455
187 1635
188 1676
189 2282
190 1929
191 2751
192 61
193 499
194 123
195 416
196 1357
197 2136
198 585
199 1926
200 1343
201 2121
202 738
203 2831
204 2837
205 1838
206 1801
207 2925
208 19
209 1059
210 1232
211 41
212 1066
213 749
214 1635
215 2100
216 2742
217 2084
218 67
219 336
220 1368
221 1184
222 122
223 1243
224 458
225 1984
226 639
227 194
228 2901
229 2810
230 2197
231 1701
232 2598
233 2670
234 89
235 2693
236 1906
237 218
238 711
239 383
240 1708
241 586
242 2811
243 2949
244 1059
245 2638
246 2134
247 275
248 1097
249 1946
250 472
251 2538
252 2321
253 770
254 349
255 387
256 1218
257 1959
258 2319
259 747
260 609
261 1106
262 1327
263 1940
264 2477
265 2743
266 1014
267 344
268 44
269 2249
270 2653
271 2567
272 1456
273 2028
274 526
275 716
276 742
277 2654
278 1073
279 2774
280 83
281 553
282 2577
283 1632
284 1641
285 245
286 1852
287 2508
288 2366
289 1491
290 45
291 857
292 941
293 2894
294 2690
295 2387
296 2175
297 2455
298 2377
299 446
300 2331
301 2523
302 1399
303 389
304 1740
305 1405
306 2417
307 2764
308 2411
309 1795
310 2219
311 2112
312 1279
313 1657
314 461
315 2634
316 791
317 2073
318 2523
319 729
320 1804
321 252
322 658
323 1390
324 235
325 1700
326 2485
327 2584
328 800
329 2444
330 2169
331 1981
332 2920
333 590
334 2787
335 1338
336 73
337 316
338 80
339 777
340 1824
341 43
342 37
343 205
344 1375
345 2860
346 1450
347 832
348 2430
349 2336
350 255
351 265
352 2767
353 1897
354 656
355 1803
356 2626
357 2557
358 1140
359 1090
360 1998
361 2095
362 2457
363 2798
364 2373
365 1904
366 260
367 868
368 1662
369 1381
370 1418
371 2032
372 737
373 718
374 2710
375 673
376 2988
377 6
378 1030
379 678
380 1768
381 2850
382 1628
383 2694
384 2878
385 299
386 2006
387 358
388 1558
389 2870
390 837
391 2380
392 2527
393 1950
394 197
395 55
396 990
397 368
398 1964
399 2415
400 1330
401 2728
402 1255
403 1968
404 2724
405 875
406 1686
407 282
408 1069
409 1596
410 1316
411 994
412 1671
413 599
414 181
415 2893
416 202
417 1915
418 2800
419 529
420 1903
421 2136
422 578
423 2877
424 318
425 2755
426 284
427 151
428 145
429 1608
430 2688
431 1129
432 2230
433 2272
434 1643
435 614
436 126
437 2934
438 584
439 2257
440 2665
441 1937
442 618
443 1326
444 1362
445 2856
446 174
447 1935
448 816
449 1807
450 2150
451 1632
452 35
453 2516
454 2250
455 1203
456 2851
457 664
458 2363
459 374
460 1719
461 2541
462 1531
463 1685
464 1150
465 1682
466 2165
467 2974
468 1339
469 1252
470 100
471 1781
472 218
473 626
474 2078
475 1896
476 1600
477 1057
478 1555
479 2281
480 2222
481 2037
482 2233
483 2027
484 475
485 1698
486 924
487 2250
488 471
489 2676
490 1459
491 307
492 1390
493 2847
494 2447
495 2407
496 2401
497 224
498 2854
499 654
500 2866
501 249
502 1592
503 519
504 2992
505 2836
506 1191
507 574
508 1452
509 1546
510 673
511 1485
512 1531
513 799
514 554
515 2782
516 1258
517 2214
518 1554
519 1248
520 2764
521 2167
522 2213
523 338
524 2953
525 578
526 919
527 1485
528 1600
529 2075
530 972
531 2357
532 239
533 1605
534 1406
535 1707
536 1976
537 81
538 447
539 1636
540 138
541 1253
542 1481
543 1663
544 2162
545 2650
546 1755
547 1689
548 1878
549 2715
550 1858
551 2427
552 1635
553 504
554 2212
555 321
556 2409
557 1195
558 2812
559 639
560 977
561 2537
562 1757
563 1442
564 469
565 770
566 18
567 1903
568 2550
569 2790
570 1280
571 137
572 1367
573 1833
574 2641
575 337
576 1261
577 1718
578 2056
579 250
580 594
581 2595
582 1096
583 2286
584 775
585 1413
586 726
587 1297
588 513
589 2038
590 1644
591 1047
592 1848
593 2181
594 769
595 2349
596 1967
597 185
598 1447
599 2800
600 419
601 602
602 166
603 1680
604 2248
605 2621
606 1499
607 2886
608 1849
609 2108
610 2726
611 1357
612 1238
613 2911
614 397
615 2930
616 771
617 1806
618 1667
619 2512
620 570
621 409
622 2105
623 179
624 2648
625 2415
626 2753
627 670
628 2265
629 29
630 2735
631 2843
632 1407
633 2227
634 1310
635 2870
636 1521
637 2207
638 855
639 804
640 1831
641 542
642 712
643 309
644 1283
645 2716
646 2293
647 979
648 208
649 2479
650 2085
651 722
652 2014
653 743
654 2592
655 2782
656 2721
657 2859
658 1683
659 2026
660 2585
661 1103
662 2661
663 527
664 2283
665 1065
666 1873
667 1514
668 2414
669 1185
670 42
671 860
672 1625
673 1202
674 2565
675 499
676 868
677 1015
678 2040
679 646
680 2147
681 752
682 812
683 1741
684 759
685 2481
686 2960
687 119
688 116
689 1088
690 2044
691 428
692 1626
693 2731
694 868
695 1421
696 1741
697 671
698 590
699 1792
700 2138
701 803
702 2178
703 202
704 1290
705 2385
706 545
707 2895
708 2327
709 1184
710 758
711 209
712 136
713 877
714 2709
715 531
716 546
717 403
718 382
719 1795
720 1869
721 692
722 2627
723 2880
724 1588
725 30
726 2882
727 2540
728 2894
729 2396
730 2127
731 1490
732 2706
733 2478
734 344
735 1636
736 1650
737 1991
738 322
739 157
740 1463
741 1851
742 306
743 2224
744 2595
745 1557
746 39
747 748
748 551
749 1311
750 1476
751 1409
752 2347
753 2818
754 1771
755 486
756 950
757 644
758 2560
759 513
760 1362
761 1899
762 1101
763 1938
764 1422
765 929
766 2048
767 1628
768 1014
769 2337
770 2239
771 2300
772 1991
773 922
774 2266
775 2738
776 2090
777 2286
778 29
779 603
780 1034
781 1265
782 1881
783 2138
784 762
785 2482
786 2125
787 1536
788 1782
789 1495
790 2511
791 653
792 1736
793 2071
794 1842
795 1980
796 2645
797 1765
798 2878
799 811
800 2274
801 1025
802 614
803 2531
804 1545
805 1009
806 2122
807 2310
808 907
809 497
810 429
811 166
812 1243
813 367
814 95
815 86
816 1806
817 1763
818 1477
819 2726
820 2426
821 1404
822 277
823 1908
824 1418
825 2141
826 494
827 1709
828 393
829 1160
830 1285
831 2482
832 2407
833 2064
834 514
835 2178
836 1159
837 2065
838 158
839 469
840 1925
841 435
842 859
843 1638
844 2702
845 1820
846 651
847 2735
848 2264
849 1900
850 53
851 1677
852 1367
853 303
854 2009
855 2215
856 2801
857 2743
858 1601
859 2012
860 611
861 1758
862 2313
863 1850
864 790
865 82
866 2753
867 754
868 742
869 844
870 133
871 731
872 1648
873 911
874 871
875 1435

