840 70
0 20
1 1661
2 1610
3 1125
4 1586
5 146
6 2568
7 867
8 2117
9 1309
10 2073
11 2362
12 1101
13 1821
14 2931
15 393
16 2476
17 2194
18 2855
19 1811
20 709
21 1889
22 906
23 20
24 1085
25 454
26 2223
27 1563
28 1634
29 1570
30 438
31 458
32 1519
33 1909
34 2077
35 1743
36 242
37 2007
38 2737
39 1793
40 81
41 2006
42 1547
43 1946
44 354
45 252
46 2354
47 1752
48 2032
49 1163
50 1109
51 1048
52 185
53 904
54 1120
55 441
56 2003
57 2566
58 1134
59 1188
60 1354
61 1122
62 383
63 1186
64 2950
65 2483
66 978
67 1092
68 817
69 1242
70 1386
71 2624
72 1361
73 1745
74 80
75 1991
76 2238
77 1338
78 764
79 2034
80 2231
81 2856
82 67
83 796
84 872
85 514
86 2104
87 1141
88 1362
89 460
90 2004
91 2080
92 1608
93 2156
94 1479
95 2855
96 1737
97 684
98 871
99 185
100 1424
101 1077
102 2397
103 1993
104 325
105 2868
106 2175
107 895
108 1124
109 2154
110 764
111 148
112 2122
113 923
114 1855
115 2061
116 2428
117 1123
118 2818
119 2428
120 953
121 135
122 2228
123 2535
124 820
125 1757
126 1436
127 1616
128 2908
129 2433
130 1545
131 250
132 2905
133 813
134 214
135 1867
136 2118
137 1832
138 2687
139 2796
140 2156
141 403
142 1202
143 2438
144 2384
145 2432
146 2240
147 2059
148 919
149 1353
150 208
151 1302
152 1681
153 958
154 570
155 2096
156 2680
157 784
158 1977
159 59
160 431
161 1278
162 2259
163 1059
164 295
165 1329
166 9
167 2319
168 327
169 2792
170 486
171 20
172 2847
173 2323
174 266
175 651
176 1976
177 2446
178 2126
179 2332
180 154
181 2761
182 1897
183 153
184 2575
185 2883
186 2976
187 1640
188 1050
189 2657
190 2183
191 1673
192 144
193 1718
194 2945
195 133
196 745
197 1347
198 300
199 1012
200 2351
201 2530
202 1046
203 575
204 752
205 142
206 1436
207 2486
208 2654
209 167
210 1376
211 2480
212 2978
213 34
214 2566
215 2176
216 589
217 872
218 2353
219 1158
220 1702
221 989
222 2693
223 1384
224 76
225 46
226 1171
227 2217
228 2432
229 208
230 2306
231 2634
232 1986
233 1781
234 558
235 748
236 2487
237 981
238 2731
239 491
240 1114
241 2798
242 70
243 1140
244 2457
245 931
246 2446
247 1325
248 1445
249 2975
250 2923
251 336
252 1146
253 2921
254 2415
255 2945
256 351
257 278
258 2885
259 459
260 201
261 261
262 2561
263 2278
264 360
265 1935
266 2077
267 2951
268 1761
269 1958
270 2948
271 1808
272 1841
273 1347
274 2267
275 728
276 84
277 1432
278 2291
279 2070
280 2499
281 1048
282 1874
283 30
284 509
285 2048
286 2620
287 1101
288 508
289 2796
290 1278
291 1463
292 1309
293 477
294 352
295 2866
296 1798
297 2734
298 839
299 2403
300 1112
301 2929
302 1855
303 2510
304 346
305 2121
306 2444
307 1210
308 1720
309 93
310 1655
311 761
312 734
313 591
314 718
315 728
316 312
317 1326
318 2435
319 1012
320 1437
321 2256
322 2910
323 856
324 1819
325 1186
326 668
327 1615
328 1035
329 2741
330 2731
331 720
332 892
333 2212
334 1982
335 81
336 1256
337 2872
338 1181
339 2435
340 2258
341 1388
342 1762
343 1396
344 2771
345 1816
346 983
347 1904
348 2957
349 2982
350 2910
351 1131
352 474
353 2397
354 166
355 0
356 153
357 823
358 1624
359 2038
360 2631
361 184
362 1526
363 1625
364 1560
365 312
366 521
367 1224
368 995
369 1760
370 722
371 1047
372 1305
373 196
374 280
375 1457
376 1712
377 2010
378 2347
379 678
380 827
381 116
382 522
383 2157
384 2506
385 883
386 185
387 393
388 1046
389 834
390 893
391 1333
392 2264
393 236
394 731
395 1310
396 2839
397 2875
398 1675
399 1688
400 664
401 1312
402 1176
403 1143
404 1539
405 342
406 726
407 1875
408 2986
409 894
410 1559
411 2446
412 130
413 450
414 791
415 1082
416 489
417 1456
418 718
419 2038
420 2748
421 2128
422 905
423 82
424 2952
425 2959
426 1099
427 805
428 798
429 743
430 2710
431 2649
432 2698
433 1240
434 1607
435 610
436 343
437 2963
438 2599
439 368
440 2106
441 2310
442 2619
443 272
444 2584
445 471
446 2053
447 1291
448 447
449 710
450 2901
451 577
452 928
453 2684
454 2985
455 2164
456 1878
457 949
458 1580
459 575
460 700
461 2979
462 2667
463 1595
464 994
465 985
466 439
467 2805
468 2116
469 367
470 2714
471 460
472 2236
473 617
474 1004
475 1476
476 1001
477 2296
478 1675
479 329
480 291
481 944
482 344
483 77
484 1075
485 2446
486 412
487 2642
488 2383
489 1557
490 2767
491 371
492 1566
493 1339
494 1488
495 2474
496 2169
497 1321
498 106
499 1350
500 2551
501 854
502 563
503 2623
504 2409
505 2099
506 2413
507 1919
508 2156
509 2126
510 630
511 324
512 751
513 2664
514 575
515 2732
516 2929
517 1059
518 931
519 2887
520 2449
521 2627
522 1047
523 2018
524 722
525 130
526 648
527 1332
528 2140
529 1076
530 233
531 1557
532 2225
533 669
534 454
535 1524
536 413
537 1899
538 1399
539 960
540 2292
541 736
542 766
543 1152
544 1723
545 2540
546 2014
547 1831
548 2127
549 2936
550 2395
551 60
552 1297
553 567
554 2027
555 2481
556 2018
557 1180
558 2473
559 2509
560 1031
561 343
562 2948
563 2253
564 688
565 2728
566 531
567 2413
568 2632
569 1298
570 2596
571 2937
572 1591
573 343
574 0
575 871
576 2577
577 2978
578 1874
579 157
580 2164
581 2077
582 1055
583 2809
584 2387
585 9
586 599
587 2926
588 966
589 934
590 2485
591 1365
592 1132
593 573
594 2376
595 2277
596 1656
597 618
598 1918
599 2541
600 71
601 1796
602 857
603 1924
604 561
605 482
606 2356
607 2978
608 1944
609 1047
610 1353
611 1535
612 679
613 1163
614 552
615 1006
616 1248
617 443
618 1492
619 1701
620 1428
621 1070
622 2005
623 2601
624 2463
625 887
626 2405
627 1510
628 2638
629 488
630 2011
631 1497
632 1106
633 2870
634 2752
635 2470
636 220
637 142
638 1527
639 1477
640 54
641 615
642 13
643 759
644 2257
645 2354
646 1585
647 92
648 231
649 1511
650 65
651 771
652 583
653 756
654 1252
655 2554
656 2898
657 1803
658 570
659 1479
660 2549
661 1150
662 2581
663 1176
664 1927
665 2312
666 270
667 2764
668 448
669 1414
670 2130
671 72
672 1714
673 2995
674 255
675 860
676 2095
677 2600
678 2811
679 2454
680 2372
681 2103
682 2394
683 2772
684 215
685 339
686 3000
687 2590
688 1319
689 538
690 1401
691 1625
692 601
693 1609
694 2336
695 707
696 2056
697 1959
698 1596
699 1029
700 92
701 1260
702 1905
703 2900
704 2298
705 1824
706 2103
707 2200
708 350
709 1814
710 2595
711 2930
712 657
713 757
714 2404
715 2022
716 196
717 645
718 461
719 2214
720 543
721 1746
722 1284
723 2994
724 518
725 131
726 778
727 1402
728 2491
729 1096
730 1319
731 1567
732 2696
733 2079
734 2848
735 2530
736 1535
737 1875
738 1338
739 1841
740 978
741 1728
742 91
743 1487
744 2437
745 1585
746 953
747 1401
748 864
749 381
750 2785
751 1587
752 609
753 1475
754 963
755 1974
756 843
757 1458
758 2677
759 2700
760 816
761 845
762 255
763 504
764 1176
765 2898
766 2740
767 371
768 173
769 1966
770 1054
771 180
772 629
773 2356
774 524
775 1825
776 2514
777 1213
778 2655
779 2924
780 2566
781 648
782 1185
783 1713
784 1378
785 2082
786 1208
787 2290
788 2028
789 2235
790 420
791 1743
792 772
793 2441
794 1790
795 456
796 453
797 299
798 652
799 681
800 2573
801 2859
802 507
803 1647
804 1717
805 1888
806 1773
807 1059
808 2457
809 1360
810 214
811 109
812 896
813 122
814 1544
815 1008
816 2149
817 1326
818 1599
819 1356
820 2405
821 1273
822 64
823 40
824 2517
825 703
826 1301
827 2754
828 2340
829 2121
830 1103
831 1940
832 1767
833 1049
834 510
835 56
836 2758
837 829
838 1326
839 1255

