253 69
0 1330
1 222
2 2517
3 2196
4 703
5 166
6 2784
7 929
8 2546
9 2852
10 102
11 1872
12 1459
13 1664
14 1871
15 2737
16 2001
17 1479
18 1773
19 2411
20 2685
21 1682
22 1037
23 1707
24 550
25 1770
26 94
27 1457
28 1493
29 1600
30 1366
31 5
32 1780
33 1456
34 468
35 599
36 144
37 1775
38 2797
39 813
40 1654
41 450
42 2032
43 633
44 1795
45 1202
46 2660
47 1330
48 1915
49 1034
50 2263
51 146
52 1410
53 570
54 1588
55 2806
56 2233
57 557
58 2181
59 811
60 599
61 2899
62 778
63 2908
64 1922
65 1639
66 2018
67 2510
68 2130
69 2296
70 735
71 382
72 2720
73 105
74 1803
75 857
76 2332
77 1865
78 2868
79 811
80 959
81 133
82 49
83 438
84 1307
85 348
86 1017
87 1612
88 2691
89 341
90 2371
91 680
92 1845
93 1120
94 1168
95 2915
96 1907
97 958
98 2055
99 2935
100 1
101 60
102 2149
103 889
104 2337
105 177
106 2590
107 2318
108 813
109 2477
110 1836
111 2221
112 1884
113 1813
114 73
115 1785
116 2537
117 1643
118 2406
119 2167
120 2437
121 1344
122 2620
123 2554
124 65
125 2810
126 374
127 1183
128 1487
129 878
130 528
131 1924
132 438
133 1107
134 389
135 195
136 140
137 1356
138 2994
139 1122
140 929
141 1595
142 2321
143 253
144 1659
145 2163
146 1083
147 2323
148 2096
149 1062
150 1381
151 1757
152 1570
153 1039
154 2426
155 942
156 2259
157 1333
158 2967
159 1771
160 2140
161 142
162 296
163 1304
164 795
165 2393
166 1283
167 2255
168 590
169 1748
170 1587
171 1312
172 292
173 2809
174 787
175 2415
176 1713
177 2324
178 351
179 2542
180 1723
181 1329
182 1501
183 1979
184 335
185 1428
186 2422
187 2768
188 871
189 2799
190 1892
191 1182
192 1328
193 1327
194 1064
195 2834
196 561
197 1503
198 724
199 1512
200 2364
201 540
202 1708
203 2703
204 1032
205 2116
206 2067
207 2598
208 697
209 780
210 1168
211 1071
212 1120
213 2891
214 1221
215 2848
216 1623
217 2620
218 1516
219 1408
220 1844
221 2358
222 1345
223 2660
224 1980
225 2553
226 2188
227 1318
228 2426
229 2037
230 2219
231 2050
232 2576
233 1727
234 2151
235 1795
236 2683
237 2180
238 1377
239 618
240 1039
241 1869
242 2323
243 747
244 1042
245 2761
246 1340
247 2634
248 983
249 856
250 2824
251 2932
252 2227

