84 7
0 971
1 2897
2 1916
3 2730
4 2614
5 2628
6 2516
7 468
8 1094
9 1100
10 1726
11 1881
12 2009
13 753
14 1838
15 1368
16 1485
17 1459
18 2806
19 2029
20 1560
21 922
22 2137
23 1085
24 609
25 627
26 1070
27 2771
28 2271
29 600
30 151
31 539
32 2200
33 905
34 155
35 1467
36 724
37 2249
38 1466
39 2474
40 1338
41 1401
42 1618
43 2014
44 2165
45 344
46 891
47 2431
48 1729
49 2698
50 1743
51 389
52 2859
53 460
54 2975
55 2905
56 1775
57 440
58 707
59 558
60 672
61 2589
62 82
63 639
64 2292
65 1099
66 772
67 2149
68 2493
69 2977
70 201
71 1718
72 504
73 2645
74 1180
75 1235
76 2452
77 1988
78 750
79 2913
80 44
81 2639
82 2619
83 2898

