957 20
0 1785
1 563
2 2419
3 715
4 1954
5 2076
6 572
7 1559
8 1472
9 1600
10 1655
11 42
12 1086
13 1296
14 2858
15 1699
16 2240
17 14
18 2477
19 709
20 1752
21 698
22 1248
23 1738
24 581
25 2079
26 2161
27 2488
28 2676
29 1053
30 837
31 690
32 1487
33 757
34 1463
35 1690
36 1987
37 2755
38 2257
39 1048
40 746
41 2538
42 2454
43 61
44 1596
45 1307
46 2409
47 1988
48 149
49 1260
50 2455
51 10
52 1839
53 1204
54 1746
55 1047
56 858
57 2451
58 2864
59 1283
60 1868
61 1513
62 2032
63 970
64 1252
65 2386
66 50
67 1422
68 1558
69 1539
70 1257
71 890
72 2398
73 950
74 355
75 1511
76 456
77 2954
78 963
79 1446
80 735
81 235
82 1370
83 581
84 1134
85 167
86 786
87 841
88 380
89 1347
90 1101
91 2934
92 1290
93 450
94 2693
95 2981
96 187
97 2128
98 2741
99 2028
100 710
101 2683
102 1426
103 455
104 629
105 114
106 901
107 2481
108 891
109 1282
110 321
111 513
112 1675
113 798
114 2632
115 590
116 1302
117 1898
118 62
119 868
120 1175
121 2982
122 2844
123 1772
124 15
125 2522
126 475
127 978
128 1875
129 1998
130 1028
131 1145
132 969
133 1746
134 2092
135 230
136 763
137 2820
138 514
139 2956
140 228
141 2349
142 615
143 2877
144 2464
145 692
146 2137
147 708
148 2607
149 632
150 1007
151 2463
152 1327
153 547
154 1180
155 333
156 568
157 856
158 1854
159 763
160 2440
161 1395
162 939
163 764
164 2937
165 184
166 334
167 1807
168 1296
169 2813
170 2940
171 314
172 1381
173 461
174 541
175 951
176 1505
177 2313
178 2722
179 691
180 1391
181 2116
182 712
183 2271
184 972
185 536
186 1042
187 2526
188 2159
189 2213
190 1479
191 2944
192 2816
193 252
194 2031
195 49
196 1074
197 543
198 974
199 744
200 771
201 2074
202 27
203 14
204 2481
205 843
206 2906
207 1455
208 161
209 2959
210 2756
211 2800
212 2699
213 2219
214 82
215 838
216 1835
217 1348
218 338
219 930
220 1404
221 456
222 2009
223 888
224 963
225 391
226 1958
227 1489
228 1986
229 816
230 1510
231 1896
232 2385
233 2354
234 1682
235 172
236 1670
237 2570
238 2210
239 586
240 2145
241 598
242 2339
243 2281
244 317
245 334
246 1606
247 2263
248 1251
249 1752
250 1471
251 2465
252 336
253 2258
254 2728
255 1874
256 547
257 2727
258 1384
259 734
260 1023
261 825
262 2107
263 678
264 2079
265 2417
266 1670
267 1932
268 576
269 1639
270 179
271 2958
272 185
273 1042
274 767
275 169
276 272
277 725
278 2978
279 1490
280 342
281 853
282 2095
283 329
284 81
285 2792
286 1346
287 762
288 1843
289 1404
290 1644
291 1883
292 2518
293 598
294 1761
295 1312
296 477
297 112
298 2446
299 2495
300 371
301 2224
302 2110
303 2095
304 1800
305 1291
306 62
307 2708
308 1795
309 1586
310 2069
311 1251
312 2401
313 2703
314 2833
315 625
316 1155
317 1031
318 423
319 1607
320 1806
321 2269
322 301
323 1143
324 399
325 1811
326 1420
327 2612
328 2597
329 2378
330 48
331 50
332 1509
333 2597
334 2372
335 267
336 383
337 918
338 2585
339 1170
340 2211
341 1365
342 2990
343 1815
344 847
345 2036
346 1584
347 1089
348 827
349 2864
350 199
351 1420
352 2207
353 723
354 1124
355 1374
356 2710
357 1276
358 2488
359 2461
360 899
361 1319
362 1920
363 1640
364 574
365 2014
366 447
367 410
368 918
369 1021
370 1067
371 812
372 1097
373 2001
374 2640
375 1153
376 1367
377 1655
378 1653
379 1098
380 596
381 1296
382 1899
383 2533
384 185
385 1432
386 2405
387 1449
388 2361
389 2686
390 2159
391 1974
392 2579
393 1058
394 206
395 722
396 1361
397 2598
398 502
399 1262
400 2106
401 2199
402 1160
403 137
404 977
405 2134
406 1283
407 1160
408 2671
409 2069
410 1057
411 799
412 2982
413 380
414 1896
415 338
416 885
417 215
418 1701
419 2987
420 1010
421 2824
422 235
423 1258
424 642
425 221
426 1425
427 2177
428 1547
429 2468
430 2377
431 1450
432 2869
433 1875
434 2504
435 2316
436 2536
437 1096
438 533
439 1199
440 2794
441 2363
442 1937
443 1762
444 2540
445 51
446 2966
447 2648
448 1332
449 102
450 1638
451 2446
452 404
453 1857
454 2714
455 1018
456 1827
457 194
458 1852
459 1651
460 848
461 1345
462 2858
463 2148
464 1226
465 1982
466 2101
467 1882
468 1894
469 1799
470 1176
471 1187
472 111
473 2310
474 2329
475 2000
476 1161
477 616
478 2259
479 954
480 153
481 1232
482 416
483 2982
484 2116
485 2719
486 1596
487 127
488 2205
489 2512
490 2765
491 2358
492 1138
493 303
494 2225
495 2966
496 2565
497 1753
498 1925
499 757
500 2092
501 43
502 2962
503 1213
504 2806
505 2912
506 1454
507 458
508 2384
509 982
510 287
511 108
512 2987
513 1611
514 648
515 2710
516 968
517 2424
518 589
519 296
520 1830
521 140
522 1112
523 748
524 695
525 2498
526 2558
527 2520
528 505
529 2497
530 2549
531 270
532 1560
533 1328
534 1235
535 1002
536 1652
537 741
538 2427
539 1668
540 1566
541 1700
542 165
543 2172
544 1879
545 1505
546 2591
547 997
548 1014
549 1556
550 59
551 1878
552 78
553 315
554 1167
555 605
556 2513
557 670
558 1031
559 2420
560 549
561 217
562 115
563 2574
564 2745
565 339
566 2330
567 866
568 1876
569 1658
570 1041
571 2208
572 934
573 2269
574 993
575 447
576 1408
577 1050
578 2556
579 514
580 328
581 796
582 503
583 1229
584 267
585 685
586 1811
587 255
588 37
589 1361
590 2746
591 1140
592 268
593 1706
594 658
595 2116
596 782
597 312
598 1232
599 1358
600 467
601 761
602 2913
603 977
604 1873
605 716
606 2532
607 1008
608 1139
609 2729
610 1923
611 91
612 1924
613 2858
614 817
615 1278
616 2846
617 1550
618 2198
619 1792
620 2341
621 2488
622 1683
623 2042
624 1019
625 2440
626 12
627 1726
628 1735
629 532
630 1608
631 1912
632 1348
633 1661
634 1364
635 1513
636 2758
637 1990
638 1433
639 2658
640 576
641 2753
642 1732
643 413
644 835
645 1380
646 650
647 2534
648 2365
649 813
650 2474
651 2452
652 1083
653 2618
654 592
655 1952
656 789
657 2820
658 1523
659 2186
660 2742
661 2836
662 2984
663 562
664 1913
665 1963
666 1030
667 2269
668 2546
669 119
670 1046
671 1570
672 160
673 602
674 1560
675 533
676 2576
677 2580
678 2596
679 285
680 1269
681 1117
682 2647
683 2938
684 794
685 729
686 1233
687 416
688 309
689 1086
690 2451
691 780
692 2825
693 2210
694 1777
695 556
696 1247
697 2281
698 1241
699 2099
700 964
701 242
702 665
703 2459
704 2844
705 2057
706 526
707 2775
708 297
709 826
710 918
711 1324
712 13
713 1870
714 1861
715 35
716 2723
717 848
718 929
719 2399
720 1477
721 2586
722 885
723 1570
724 2375
725 109
726 1001
727 2528
728 2289
729 1869
730 2944
731 2457
732 1723
733 1116
734 1010
735 1118
736 790
737 2685
738 684
739 2819
740 1674
741 1284
742 2034
743 1436
744 666
745 1175
746 298
747 1017
748 1361
749 1104
750 2845
751 1682
752 1879
753 2139
754 2791
755 2641
756 2858
757 2333
758 2838
759 2987
760 12
761 1181
762 565
763 2278
764 2974
765 714
766 106
767 1643
768 320
769 1255
770 2174
771 1368
772 859
773 2141
774 1636
775 2986
776 2184
777 1981
778 212
779 1799
780 1526
781 1083
782 1152
783 863
784 1342
785 1567
786 2101
787 2110
788 1723
789 1201
790 2786
791 1831
792 1872
793 2243
794 624
795 493
796 306
797 2502
798 1506
799 2599
800 2595
801 1730
802 995
803 723
804 873
805 747
806 2162
807 2593
808 21
809 1504
810 2243
811 1768
812 2695
813 1821
814 2826
815 2088
816 584
817 2499
818 735
819 369
820 206
821 898
822 1607
823 2004
824 115
825 696
826 2868
827 2574
828 786
829 2303
830 950
831 1238
832 238
833 9
834 949
835 2916
836 1140
837 495
838 2293
839 120
840 1058
841 692
842 2232
843 752
844 2942
845 564
846 2242
847 942
848 776
849 2720
850 2571
851 555
852 751
853 2955
854 1724
855 1662
856 1821
857 2616
858 2911
859 560
860 1181
861 2466
862 718
863 2650
864 2665
865 2762
866 915
867 2623
868 2837
869 1844
870 208
871 779
872 2537
873 2404
874 2926
875 504
876 982
877 2517
878 1406
879 2454
880 1403
881 960
882 713
883 177
884 667
885 405
886 1172
887 2654
888 1241
889 184
890 2430
891 1889
892 2652
893 2180
894 1087
895 237
896 2272
897 1852
898 1634
899 1293
900 951
901 1709
902 426
903 347
904 1060
905 2415
906 2433
907 2390
908 1137
909 1670
910 2422
911 2764
912 2807
913 2177
914 968
915 809
916 60
917 2146
918 742
919 1463
920 1325
921 2398
922 2437
923 1387
924 783
925 318
926 2643
927 1777
928 2078
929 1724
930 941
931 393
932 1746
933 636
934 2213
935 706
936 444
937 1352
938 226
939 1208
940 54
941 836
942 2421
943 719
944 2616
945 2113
946 2084
947 169
948 1270
949 2537
950 337
951 1806
952 2466
953 2034
954 1638
955 788
956 151

