234 86
0 967
1 2154
2 1383
3 225
4 1152
5 1435
6 2149
7 2335
8 1176
9 2081
10 1109
11 2639
12 1005
13 338
14 366
15 1625
16 514
17 2530
18 2054
19 2741
20 2697
21 482
22 1245
23 1088
24 230
25 732
26 2305
27 2967
28 829
29 282
30 2700
31 2299
32 1131
33 224
34 2073
35 63
36 2259
37 1522
38 1941
39 1547
40 2079
41 119
42 2065
43 2283
44 843
45 1312
46 1645
47 1071
48 1339
49 379
50 114
51 1013
52 1241
53 573
54 1776
55 583
56 466
57 2253
58 853
59 1963
60 1203
61 2289
62 1329
63 1588
64 684
65 1340
66 2908
67 2865
68 2072
69 1675
70 495
71 2961
72 2345
73 1398
74 1651
75 2928
76 2796
77 2149
78 2573
79 2972
80 217
81 2063
82 117
83 1690
84 1499
85 1623
86 1716
87 1172
88 924
89 2367
90 259
91 862
92 2130
93 2986
94 1042
95 743
96 2914
97 1575
98 1165
99 1339
100 1072
101 365
102 366
103 42
104 1939
105 847
106 561
107 2285
108 1357
109 327
110 2989
111 418
112 2087
113 1997
114 2285
115 370
116 1641
117 2565
118 1595
119 266
120 2869
121 1298
122 2169
123 2033
124 2830
125 2659
126 38
127 1604
128 2417
129 2146
130 2019
131 1760
132 113
133 335
134 2585
135 1946
136 796
137 2098
138 1264
139 1343
140 2638
141 236
142 2543
143 996
144 1462
145 964
146 909
147 1644
148 282
149 2134
150 544
151 1515
152 168
153 78
154 2798
155 436
156 2082
157 1655
158 2960
159 1219
160 1221
161 1595
162 1501
163 423
164 1036
165 323
166 2483
167 2319
168 1574
169 2239
170 1047
171 1970
172 2041
173 1294
174 1897
175 787
176 1406
177 695
178 284
179 824
180 2213
181 755
182 1187
183 2972
184 112
185 2492
186 2683
187 2460
188 2133
189 1396
190 2517
191 63
192 901
193 1619
194 2216
195 2239
196 1823
197 1600
198 2986
199 1284
200 1425
201 1847
202 2017
203 751
204 2500
205 1550
206 900
207 2625
208 1036
209 2822
210 1311
211 2781
212 1784
213 736
214 2121
215 2049
216 355
217 1786
218 750
219 2471
220 1960
221 2246
222 521
223 2464
224 864
225 2428
226 2256
227 1871
228 1299
229 2723
230 325
231 806
232 225
233 2471

