916 0
0 150
1 49
2 2126
3 1097
4 2610
5 2011
6 1939
7 673
8 1818
9 852
10 1623
11 2877
12 453
13 2817
14 1250
15 163
16 606
17 2111
18 244
19 966
20 594
21 721
22 570
23 1618
24 821
25 2157
26 2197
27 600
28 31
29 919
30 140
31 481
32 411
33 2140
34 2003
35 175
36 1854
37 1849
38 234
39 1281
40 2809
41 1854
42 308
43 2499
44 2863
45 2456
46 1594
47 904
48 1407
49 2829
50 2118
51 1716
52 1239
53 2809
54 7
55 2495
56 2997
57 838
58 2053
59 1939
60 1149
61 938
62 2153
63 826
64 580
65 2261
66 2731
67 2021
68 554
69 2897
70 1042
71 1454
72 1266
73 187
74 788
75 699
76 866
77 1060
78 279
79 1714
80 175
81 2688
82 582
83 861
84 2972
85 993
86 1593
87 28
88 1624
89 2002
90 1252
91 1700
92 2848
93 2219
94 264
95 2169
96 953
97 967
98 2633
99 1671
100 1824
101 1851
102 464
103 345
104 1883
105 2907
106 1344
107 1209
108 471
109 974
110 863
111 1497
112 1921
113 2475
114 133
115 1821
116 1291
117 1628
118 2811
119 2438
120 2887
121 1073
122 1748
123 2471
124 2878
125 2533
126 1526
127 794
128 2819
129 2746
130 136
131 1330
132 1758
133 937
134 185
135 1061
136 880
137 120
138 2097
139 2806
140 1438
141 1371
142 1985
143 780
144 1277
145 2405
146 2003
147 517
148 366
149 233
150 857
151 2107
152 761
153 651
154 1697
155 1212
156 449
157 566
158 1771
159 1554
160 1122
161 1304
162 1999
163 1240
164 2737
165 2953
166 830
167 511
168 2920
169 233
170 2014
171 1339
172 2130
173 170
174 1806
175 2176
176 775
177 739
178 1677
179 436
180 719
181 1946
182 1418
183 2598
184 2330
185 1431
186 1976
187 2620
188 1299
189 1748
190 809
191 1552
192 2164
193 2065
194 434
195 657
196 2430
197 108
198 1931
199 2830
200 2440
201 2566
202 2654
203 1385
204 659
205 437
206 450
207 1817
208 2810
209 1939
210 2044
211 488
212 177
213 93
214 1605
215 383
216 1526
217 2821
218 413
219 2188
220 198
221 14
222 228
223 1271
224 1492
225 2411
226 1400
227 1523
228 969
229 887
230 315
231 2800
232 2964
233 511
234 1212
235 2576
236 1047
237 2363
238 993
239 1131
240 1785
241 1905
242 882
243 2297
244 174
245 2461
246 878
247 2364
248 506
249 2308
250 953
251 2961
252 1845
253 2509
254 1053
255 1073
256 1331
257 1697
258 160
259 644
260 580
261 2283
262 231
263 1713
264 1318
265 1520
266 168
267 480
268 2243
269 2101
270 2564
271 994
272 1505
273 1951
274 2415
275 2413
276 515
277 1062
278 1247
279 1018
280 831
281 793
282 427
283 1327
284 1007
285 2633
286 103
287 2142
288 2482
289 2556
290 2684
291 1074
292 939
293 1488
294 853
295 1970
296 2340
297 2555
298 95
299 2100
300 484
301 1808
302 1765
303 1384
304 809
305 2321
306 1151
307 881
308 1931
309 446
310 791
311 119
312 2476
313 2495
314 2612
315 756
316 304
317 1718
318 2772
319 737
320 2352
321 259
322 947
323 49
324 1121
325 1138
326 2659
327 2229
328 2152
329 2334
330 2932
331 1508
332 474
333 1451
334 1343
335 2189
336 780
337 2853
338 1618
339 33
340 1905
341 1457
342 1069
343 618
344 1119
345 2807
346 1492
347 2868
348 394
349 2802
350 2539
351 2606
352 21
353 2263
354 2192
355 2663
356 318
357 1016
358 108
359 775
360 2454
361 1093
362 2462
363 2739
364 1553
365 816
366 2791
367 1098
368 142
369 608
370 2406
371 521
372 1015
373 2747
374 368
375 2710
376 1988
377 2257
378 877
379 2411
380 2020
381 2254
382 2190
383 1005
384 1946
385 2498
386 2526
387 1675
388 418
389 2371
390 2713
391 1561
392 755
393 1854
394 2903
395 2509
396 75
397 2623
398 2436
399 2244
400 1990
401 987
402 964
403 433
404 890
405 792
406 2151
407 1760
408 1766
409 1816
410 1387
411 2367
412 1725
413 1122
414 1041
415 2327
416 1526
417 2137
418 1803
419 1386
420 2650
421 2499
422 3
423 1187
424 2428
425 1760
426 1525
427 1001
428 2735
429 2292
430 2450
431 2440
432 1601
433 338
434 1972
435 2911
436 309
437 1927
438 2811
439 2913
440 1876
441 2234
442 1144
443 2928
444 1132
445 866
446 1024
447 589
448 896
449 2040
450 2543
451 2580
452 1340
453 2852
454 1405
455 447
456 1942
457 1050
458 2483
459 1498
460 460
461 2967
462 110
463 902
464 883
465 1589
466 2676
467 2271
468 376
469 464
470 1593
471 2773
472 2840
473 2372
474 985
475 525
476 375
477 2908
478 1239
479 1331
480 1323
481 1820
482 1794
483 1456
484 55
485 1868
486 2384
487 1004
488 1410
489 81
490 2941
491 571
492 334
493 1601
494 1005
495 2719
496 2654
497 999
498 786
499 1377
500 838
501 1697
502 31
503 2760
504 210
505 1586
506 1447
507 620
508 2380
509 185
510 818
511 13
512 2167
513 2103
514 338
515 1394
516 512
517 1576
518 2538
519 2555
520 556
521 2035
522 2957
523 1547
524 974
525 2562
526 247
527 314
528 875
529 2091
530 2208
531 2137
532 1877
533 2451
534 1783
535 1001
536 2174
537 914
538 376
539 2938
540 603
541 661
542 44
543 760
544 2988
545 240
546 843
547 1912
548 2942
549 2874
550 880
551 2519
552 604
553 2829
554 1962
555 1715
556 708
557 2491
558 255
559 2975
560 2155
561 2925
562 928
563 1277
564 2991
565 291
566 2305
567 1679
568 2517
569 1212
570 524
571 694
572 2310
573 281
574 157
575 2361
576 2386
577 2301
578 2765
579 2288
580 1694
581 1061
582 198
583 1711
584 1278
585 1413
586 2939
587 99
588 1807
589 777
590 296
591 1049
592 546
593 883
594 2501
595 1058
596 1482
597 1478
598 31
599 698
600 1967
601 2794
602 2445
603 2013
604 2478
605 1177
606 638
607 2010
608 43
609 1161
610 1267
611 2620
612 1851
613 412
614 2152
615 1889
616 552
617 1932
618 992
619 541
620 457
621 1136
622 641
623 2408
624 1152
625 1574
626 2613
627 985
628 1209
629 1216
630 420
631 1180
632 2658
633 785
634 2844
635 1870
636 2012
637 1146
638 502
639 2615
640 2516
641 2937
642 1497
643 2401
644 15
645 2811
646 401
647 1564
648 435
649 277
650 410
651 2013
652 511
653 2036
654 1491
655 23
656 1939
657 2726
658 1239
659 593
660 1632
661 709
662 2199
663 2434
664 2929
665 1702
666 2182
667 41
668 1866
669 2636
670 2296
671 2189
672 1126
673 2597
674 853
675 2635
676 2839
677 409
678 2811
679 42
680 1221
681 1313
682 812
683 237
684 2362
685 2240
686 227
687 2711
688 1890
689 545
690 1638
691 1253
692 2528
693 1987
694 828
695 734
696 2191
697 1599
698 1318
699 550
700 1398
701 629
702 2081
703 2325
704 1476
705 2646
706 149
707 573
708 2607
709 299
710 2774
711 1037
712 549
713 870
714 6
715 1513
716 69
717 1306
718 2883
719 1074
720 1120
721 375
722 2354
723 1766
724 615
725 433
726 690
727 2879
728 1886
729 1963
730 2330
731 2166
732 2064
733 361
734 2978
735 1536
736 2943
737 407
738 610
739 2623
740 1855
741 527
742 105
743 2924
744 1861
745 897
746 2603
747 1470
748 507
749 976
750 2821
751 835
752 962
753 2411
754 1605
755 2214
756 772
757 2265
758 1633
759 1885
760 531
761 2181
762 2444
763 1923
764 2144
765 1072
766 868
767 1226
768 210
769 2008
770 2792
771 2075
772 2166
773 534
774 2247
775 1630
776 2120
777 2515
778 144
779 252
780 573
781 295
782 246
783 2136
784 2112
785 2372
786 2330
787 1745
788 2000
789 654
790 1271
791 2485
792 1061
793 2756
794 2224
795 1415
796 554
797 860
798 174
799 805
800 1021
801 1758
802 670
803 2325
804 2328
805 2917
806 1784
807 2472
808 1797
809 2345
810 1856
811 90
812 627
813 1138
814 1520
815 2887
816 2147
817 1482
818 1745
819 1383
820 2677
821 870
822 1218
823 2324
824 1594
825 1237
826 945
827 2615
828 680
829 2008
830 938
831 776
832 1714
833 2475
834 1919
835 2307
836 2136
837 1235
838 2549
839 1246
840 2295
841 2182
842 1976
843 2659
844 487
845 742
846 395
847 103
848 718
849 1465
850 550
851 172
852 2814
853 1474
854 2128
855 2751
856 791
857 2086
858 339
859 1691
860 1556
861 845
862 119
863 2609
864 1410
865 1202
866 538
867 2911
868 2395
869 1322
870 1547
871 786
872 1917
873 49
874 2554
875 2701
876 960
877 1590
878 852
879 1309
880 1325
881 460
882 1151
883 2928
884 2720
885 645
886 1772
887 1686
888 1383
889 522
890 850
891 2063
892 108
893 2858
894 2500
895 1184
896 2350
897 521
898 1382
899 900
900 1508
901 89
902 903
903 1245
904 1682
905 763
906 1391
907 1112
908 2387
909 1655
910 2501
911 1052
912 1318
913 663
914 2704
915 2660

