892 56
0 1791
1 2684
2 1368
3 769
4 1124
5 1675
6 2073
7 2511
8 2197
9 85
10 241
11 1121
12 45
13 1956
14 2727
15 2691
16 1869
17 838
18 1924
19 2360
20 1126
21 2436
22 243
23 540
24 2587
25 974
26 1549
27 1139
28 253
29 83
30 2146
31 334
32 2933
33 1814
34 1469
35 2762
36 2598
37 2462
38 153
39 1444
40 1489
41 409
42 2416
43 769
44 357
45 551
46 1069
47 2070
48 882
49 1779
50 1609
51 1188
52 1416
53 2128
54 2692
55 1327
56 300
57 1304
58 95
59 1453
60 189
61 100
62 1781
63 2751
64 2543
65 2108
66 492
67 2048
68 911
69 33
70 1689
71 1156
72 2671
73 892
74 2596
75 1199
76 285
77 1288
78 557
79 2177
80 820
81 1773
82 175
83 2624
84 2428
85 1415
86 2017
87 846
88 1943
89 680
90 2212
91 2884
92 1799
93 1363
94 1218
95 289
96 209
97 2325
98 1663
99 481
100 2272
101 2230
102 1127
103 1625
104 2987
105 2183
106 2590
107 2801
108 1803
109 1564
110 1246
111 2726
112 1524
113 229
114 216
115 582
116 1389
117 1562
118 1385
119 1175
120 594
121 1541
122 2289
123 995
124 177
125 2202
126 2281
127 107
128 690
129 1000
130 1732
131 2050
132 1862
133 2940
134 872
135 2380
136 989
137 354
138 7
139 2273
140 1549
141 1601
142 2655
143 712
144 2767
145 1245
146 683
147 2657
148 2380
149 876
150 525
151 239
152 2940
153 2557
154 2250
155 2866
156 741
157 2923
158 2082
159 967
160 2702
161 2470
162 146
163 2571
164 1469
165 2196
166 1194
167 1193
168 1255
169 619
170 1929
171 41
172 650
173 2478
174 2166
175 2874
176 1686
177 2144
178 2744
179 1311
180 506
181 2327
182 2064
183 517
184 732
185 1791
186 1735
187 2177
188 2361
189 490
190 600
191 1007
192 2173
193 358
194 1374
195 1602
196 1800
197 2916
198 1789
199 238
200 1797
201 398
202 908
203 2269
204 612
205 156
206 606
207 517
208 1037
209 572
210 129
211 1705
212 1534
213 288
214 1438
215 2268
216 1854
217 197
218 1926
219 1811
220 1987
221 2472
222 1165
223 1767
224 2495
225 1416
226 2155
227 92
228 1386
229 2157
230 2189
231 1165
232 1692
233 2999
234 201
235 2718
236 1272
237 1624
238 2667
239 1100
240 825
241 2998
242 1101
243 1752
244 2223
245 147
246 2401
247 2621
248 1146
249 1118
250 2252
251 1380
252 1473
253 1073
254 1577
255 2155
256 969
257 2056
258 2006
259 2152
260 262
261 2765
262 574
263 227
264 2185
265 395
266 966
267 2457
268 2043
269 2691
270 1121
271 142
272 828
273 133
274 2311
275 1871
276 690
277 477
278 1477
279 2814
280 2466
281 1753
282 1866
283 1772
284 1760
285 1477
286 1968
287 2681
288 1000
289 1842
290 403
291 2078
292 1342
293 966
294 1717
295 979
296 2499
297 1034
298 649
299 2363
300 560
301 1080
302 576
303 2919
304 356
305 2909
306 1514
307 157
308 1531
309 451
310 1419
311 576
312 1074
313 2231
314 631
315 728
316 1614
317 1092
318 349
319 529
320 1773
321 393
322 443
323 847
324 173
325 1211
326 11
327 2463
328 2713
329 2219
330 1333
331 1333
332 606
333 1998
334 1999
335 147
336 1227
337 743
338 741
339 1060
340 524
341 1715
342 1838
343 457
344 737
345 525
346 2862
347 1755
348 1314
349 2674
350 505
351 2707
352 2862
353 1843
354 355
355 15
356 2947
357 2194
358 1722
359 2096
360 2407
361 1593
362 2807
363 995
364 1202
365 1905
366 380
367 2866
368 322
369 567
370 30
371 878
372 2618
373 1053
374 2997
375 640
376 122
377 2110
378 2332
379 2406
380 1588
381 2673
382 1917
383 1467
384 455
385 2246
386 534
387 400
388 2944
389 1997
390 724
391 720
392 105
393 1557
394 2637
395 2475
396 1380
397 1284
398 984
399 516
400 1558
401 771
402 2683
403 1813
404 321
405 2367
406 2040
407 2101
408 2481
409 2194
410 2144
411 2724
412 1889
413 1646
414 811
415 956
416 679
417 2968
418 1348
419 1562
420 2860
421 1947
422 373
423 1994
424 1206
425 2848
426 950
427 1543
428 500
429 2077
430 2847
431 343
432 53
433 2405
434 1337
435 56
436 2680
437 2521
438 2824
439 2851
440 1214
441 2348
442 651
443 375
444 1368
445 1720
446 2681
447 2702
448 603
449 2052
450 2337
451 2671
452 2400
453 2315
454 1536
455 2619
456 1292
457 2014
458 1350
459 2815
460 687
461 2446
462 965
463 326
464 1416
465 1237
466 2411
467 1797
468 2565
469 582
470 2097
471 1025
472 2288
473 2393
474 2228
475 2092
476 1074
477 610
478 1603
479 637
480 1957
481 2256
482 2606
483 2973
484 294
485 536
486 2335
487 1955
488 2014
489 1173
490 2515
491 1726
492 244
493 1601
494 1544
495 1239
496 2929
497 399
498 1407
499 1298
500 2556
501 1632
502 568
503 1748
504 1453
505 2858
506 970
507 2079
508 831
509 1495
510 326
511 1172
512 584
513 2191
514 1360
515 269
516 2457
517 598
518 2426
519 95
520 2436
521 422
522 483
523 970
524 1558
525 103
526 141
527 1516
528 267
529 114
530 2675
531 2706
532 212
533 1937
534 1337
535 16
536 26
537 2834
538 697
539 2830
540 2918
541 613
542 352
543 2535
544 1911
545 2559
546 2164
547 2083
548 1586
549 2961
550 2498
551 1254
552 1437
553 1316
554 862
555 1515
556 1709
557 296
558 2755
559 985
560 1211
561 108
562 2226
563 2328
564 279
565 2746
566 211
567 1448
568 1153
569 2574
570 1204
571 308
572 1787
573 52
574 632
575 2646
576 2950
577 2124
578 1152
579 2606
580 1851
581 1676
582 903
583 2440
584 2443
585 2063
586 937
587 446
588 2390
589 896
590 659
591 2664
592 2909
593 2683
594 1627
595 1362
596 699
597 404
598 1000
599 783
600 2937
601 2731
602 976
603 726
604 2033
605 581
606 1767
607 1009
608 1531
609 480
610 694
611 765
612 460
613 2652
614 67
615 1069
616 958
617 2050
618 2664
619 732
620 1948
621 1306
622 600
623 1968
624 777
625 305
626 2847
627 1959
628 618
629 1004
630 2914
631 2720
632 425
633 35
634 2393
635 2248
636 1060
637 2310
638 2584
639 795
640 2902
641 308
642 1299
643 2473
644 2011
645 2731
646 572
647 2223
648 2117
649 600
650 430
651 185
652 1386
653 676
654 2961
655 31
656 831
657 491
658 91
659 661
660 701
661 500
662 1687
663 2591
664 759
665 2930
666 658
667 2240
668 2979
669 296
670 601
671 1213
672 932
673 1384
674 1416
675 2804
676 881
677 383
678 2683
679 1061
680 1155
681 1309
682 1336
683 2314
684 2539
685 2965
686 2643
687 1396
688 2333
689 1278
690 20
691 742
692 1222
693 2648
694 2011
695 2476
696 274
697 2549
698 2463
699 786
700 1047
701 305
702 476
703 891
704 2010
705 2619
706 1000
707 1596
708 2549
709 770
710 491
711 915
712 2527
713 2828
714 833
715 1939
716 1461
717 2295
718 736
719 751
720 599
721 2643
722 75
723 1279
724 1674
725 1283
726 1307
727 1288
728 2105
729 1705
730 1215
731 535
732 307
733 2123
734 1525
735 2327
736 1876
737 643
738 1674
739 1074
740 892
741 2588
742 1190
743 823
744 2029
745 2864
746 2344
747 2797
748 2647
749 1685
750 1958
751 202
752 282
753 283
754 2174
755 2131
756 69
757 2223
758 2422
759 1897
760 1354
761 1847
762 635
763 632
764 1685
765 2734
766 1370
767 2023
768 1779
769 2963
770 643
771 2661
772 390
773 608
774 2632
775 814
776 1990
777 1927
778 1792
779 128
780 35
781 644
782 1346
783 1629
784 680
785 154
786 2292
787 2763
788 1021
789 2257
790 313
791 2950
792 2742
793 1301
794 1068
795 752
796 767
797 267
798 1853
799 575
800 2177
801 1146
802 739
803 2511
804 1827
805 1316
806 1835
807 1162
808 463
809 1896
810 443
811 2174
812 2257
813 2313
814 2800
815 2192
816 2212
817 2634
818 1881
819 2421
820 2694
821 2200
822 1191
823 2089
824 2200
825 2536
826 469
827 1137
828 2458
829 1260
830 989
831 2841
832 110
833 688
834 89
835 153
836 113
837 2559
838 666
839 582
840 430
841 2141
842 2263
843 1312
844 2963
845 58
846 1972
847 618
848 447
849 2283
850 2305
851 2358
852 305
853 219
854 2632
855 1771
856 501
857 2001
858 1846
859 1175
860 1468
861 1673
862 2987
863 365
864 2443
865 2701
866 733
867 2058
868 863
869 116
870 1696
871 134
872 194
873 1555
874 2312
875 2521
876 2642
877 1988
878 749
879 1636
880 1872
881 2505
882 987
883 485
884 2255
885 783
886 1450
887 409
888 1913
889 2336
890 731
891 2128

