897 53
0 2420
1 1618
2 1206
3 2155
4 614
5 2867
6 138
7 95
8 1890
9 977
10 1565
11 1464
12 1594
13 1911
14 2634
15 500
16 2472
17 654
18 2602
19 200
20 1902
21 2281
22 645
23 1296
24 1379
25 2169
26 1023
27 805
28 2329
29 2373
30 1399
31 2133
32 1888
33 499
34 2521
35 1218
36 2444
37 2893
38 106
39 655
40 1355
41 1227
42 282
43 122
44 2736
45 571
46 1315
47 1293
48 614
49 405
50 207
51 1972
52 1
53 629
54 1952
55 2901
56 2211
57 1283
58 95
59 915
60 408
61 2071
62 1925
63 438
64 2601
65 1988
66 2199
67 918
68 1772
69 1719
70 1673
71 227
72 1771
73 2794
74 1579
75 1527
76 2811
77 2791
78 847
79 365
80 232
81 2292
82 2635
83 1944
84 2805
85 260
86 2365
87 2579
88 1357
89 976
90 425
91 2979
92 2506
93 2125
94 2008
95 2153
96 1662
97 2489
98 451
99 98
100 1290
101 1697
102 2543
103 117
104 1633
105 1910
106 1577
107 1265
108 270
109 547
110 2661
111 2662
112 2852
113 563
114 1657
115 2909
116 879
117 2899
118 2363
119 538
120 1279
121 2944
122 2652
123 1446
124 1221
125 476
126 2448
127 2499
128 889
129 2167
130 481
131 1548
132 1500
133 432
134 1712
135 1661
136 1041
137 231
138 1696
139 742
140 1704
141 530
142 2306
143 2292
144 1527
145 1875
146 649
147 2775
148 971
149 2714
150 1647
151 2328
152 534
153 852
154 959
155 2859
156 2369
157 2413
158 1330
159 1864
160 272
161 1300
162 480
163 530
164 325
165 2999
166 927
167 1851
168 2106
169 428
170 182
171 2275
172 280
173 1722
174 2
175 1984
176 2963
177 2028
178 2417
179 787
180 273
181 801
182 2887
183 2293
184 1730
185 2735
186 30
187 2437
188 2156
189 2402
190 988
191 739
192 1312
193 240
194 2584
195 1828
196 1746
197 757
198 1989
199 1780
200 734
201 1626
202 2253
203 1983
204 2940
205 2611
206 417
207 942
208 1218
209 985
210 1725
211 2291
212 1200
213 759
214 1281
215 2844
216 1921
217 255
218 2109
219 2858
220 1858
221 796
222 2526
223 1245
224 265
225 2777
226 2761
227 1998
228 1061
229 2234
230 764
231 1550
232 48
233 2032
234 2237
235 914
236 1058
237 1714
238 1602
239 2741
240 509
241 1837
242 692
243 1391
244 64
245 1262
246 2459
247 1406
248 1181
249 1351
250 345
251 2109
252 1473
253 1274
254 1010
255 2306
256 2030
257 238
258 5
259 2289
260 386
261 2976
262 119
263 2676
264 1148
265 1462
266 527
267 184
268 928
269 2713
270 1021
271 1053
272 2032
273 2441
274 135
275 254
276 1611
277 987
278 504
279 541
280 2433
281 2745
282 1043
283 1242
284 769
285 1213
286 428
287 28
288 484
289 2357
290 2920
291 1290
292 487
293 1972
294 393
295 2799
296 2511
297 425
298 1
299 797
300 2330
301 2865
302 2711
303 1779
304 2591
305 2023
306 1146
307 1576
308 2608
309 2192
310 451
311 1151
312 937
313 1485
314 247
315 1797
316 2082
317 419
318 2712
319 531
320 2303
321 2559
322 2667
323 123
324 1052
325 1021
326 324
327 2294
328 2707
329 1776
330 542
331 1127
332 2424
333 558
334 1236
335 2170
336 1670
337 2846
338 968
339 814
340 136
341 2392
342 834
343 1719
344 2366
345 1568
346 2102
347 1951
348 319
349 795
350 1323
351 2796
352 2527
353 1815
354 1170
355 1103
356 421
357 2157
358 1711
359 1822
360 964
361 1062
362 2878
363 538
364 1257
365 2067
366 2041
367 1564
368 67
369 111
370 783
371 1730
372 412
373 1187
374 2777
375 2062
376 79
377 1424
378 1955
379 1139
380 1479
381 678
382 1373
383 2029
384 1442
385 1416
386 382
387 1563
388 1856
389 2072
390 173
391 1779
392 2096
393 569
394 154
395 936
396 1708
397 1778
398 2468
399 999
400 1356
401 177
402 1985
403 721
404 1092
405 116
406 269
407 2009
408 2393
409 2851
410 1665
411 2754
412 808
413 2128
414 1318
415 2982
416 2105
417 2286
418 135
419 2343
420 1744
421 944
422 472
423 1967
424 343
425 2654
426 1437
427 182
428 2969
429 2293
430 2679
431 2409
432 157
433 158
434 56
435 2014
436 1861
437 2013
438 949
439 1133
440 2058
441 1534
442 1005
443 1628
444 2934
445 2234
446 2930
447 331
448 468
449 95
450 2309
451 812
452 1810
453 2648
454 2575
455 1783
456 2973
457 680
458 1820
459 1193
460 292
461 800
462 2880
463 1877
464 2859
465 1961
466 2061
467 1025
468 216
469 750
470 412
471 1243
472 196
473 2480
474 1544
475 2824
476 1575
477 2394
478 2093
479 131
480 2558
481 864
482 1956
483 1958
484 620
485 1412
486 926
487 1823
488 1287
489 1171
490 1803
491 74
492 1670
493 163
494 1344
495 2019
496 1062
497 1154
498 945
499 646
500 885
501 964
502 16
503 2953
504 2921
505 2709
506 1066
507 1589
508 1896
509 1559
510 2988
511 166
512 949
513 427
514 246
515 771
516 741
517 113
518 2309
519 2743
520 2625
521 2473
522 1275
523 2176
524 1288
525 208
526 47
527 879
528 2296
529 2069
530 1762
531 362
532 1979
533 1285
534 2133
535 1503
536 2034
537 2583
538 2846
539 39
540 2197
541 2187
542 240
543 1701
544 1067
545 386
546 1377
547 901
548 851
549 733
550 2810
551 1144
552 2446
553 2351
554 1594
555 1741
556 1954
557 1240
558 1799
559 2550
560 1606
561 2516
562 892
563 2570
564 891
565 1017
566 2905
567 1274
568 559
569 2472
570 137
571 822
572 31
573 1560
574 325
575 634
576 46
577 2374
578 2
579 2902
580 2701
581 1244
582 1016
583 1291
584 245
585 510
586 2700
587 635
588 2774
589 1828
590 1762
591 1339
592 174
593 898
594 941
595 1406
596 398
597 272
598 1636
599 1121
600 814
601 2822
602 1022
603 2836
604 988
605 437
606 1040
607 1504
608 875
609 2531
610 2955
611 536
612 1230
613 1397
614 1224
615 849
616 2206
617 2508
618 1249
619 2814
620 82
621 2776
622 1438
623 1522
624 1622
625 2211
626 2297
627 944
628 1094
629 857
630 742
631 2085
632 2365
633 2046
634 2918
635 2191
636 817
637 952
638 459
639 1754
640 972
641 758
642 86
643 2627
644 2605
645 2293
646 2124
647 2238
648 1239
649 1090
650 2446
651 753
652 2139
653 1134
654 2756
655 517
656 2112
657 2359
658 2448
659 899
660 2195
661 353
662 1618
663 8
664 2121
665 1122
666 227
667 1177
668 918
669 2932
670 710
671 1515
672 1197
673 2166
674 1885
675 1158
676 520
677 2739
678 2974
679 2111
680 2490
681 2893
682 668
683 2320
684 2315
685 935
686 2548
687 807
688 2433
689 1865
690 2472
691 494
692 600
693 1946
694 1733
695 2209
696 171
697 1961
698 891
699 2183
700 2914
701 621
702 649
703 1727
704 617
705 426
706 1168
707 1944
708 1629
709 897
710 501
711 243
712 2886
713 144
714 1291
715 2127
716 1233
717 1448
718 1642
719 2867
720 2471
721 2513
722 2405
723 1150
724 542
725 740
726 1378
727 2838
728 869
729 1918
730 888
731 2593
732 1726
733 1089
734 125
735 1141
736 2261
737 1327
738 2729
739 2287
740 1273
741 621
742 247
743 578
744 350
745 994
746 2059
747 160
748 19
749 1869
750 1898
751 2932
752 2338
753 2993
754 284
755 614
756 1453
757 2296
758 582
759 1783
760 1345
761 2451
762 1357
763 909
764 1719
765 984
766 539
767 985
768 2950
769 2804
770 199
771 913
772 480
773 386
774 1404
775 405
776 2484
777 2259
778 275
779 2370
780 1859
781 1321
782 199
783 2584
784 2
785 2994
786 1343
787 2599
788 2882
789 456
790 1796
791 1276
792 2822
793 1150
794 648
795 2202
796 1837
797 1627
798 171
799 693
800 2652
801 418
802 869
803 2332
804 890
805 2835
806 2108
807 743
808 2449
809 323
810 208
811 2234
812 2337
813 116
814 1793
815 2946
816 1835
817 2639
818 1575
819 1045
820 856
821 826
822 1656
823 1121
824 2144
825 1295
826 2576
827 101
828 1383
829 2433
830 905
831 2680
832 2299
833 10
834 2215
835 1237
836 1262
837 1560
838 2363
839 991
840 1964
841 1404
842 14
843 1635
844 215
845 1426
846 470
847 1536
848 2713
849 410
850 2712
851 645
852 620
853 881
854 2098
855 371
856 207
857 2756
858 1034
859 12
860 2520
861 368
862 2841
863 2546
864 104
865 2909
866 1380
867 1497
868 1655
869 2486
870 1336
871 177
872 2995
873 20
874 1825
875 634
876 93
877 2261
878 2885
879 31
880 948
881 2207
882 2587
883 1270
884 1916
885 907
886 1993
887 2456
888 2912
889 186
890 1989
891 1862
892 1871
893 1870
894 1283
895 1725
896 2676

