741 25
0 1720
1 408
2 1631
3 1011
4 2768
5 1709
6 613
7 271
8 2454
9 1447
10 169
11 2174
12 2309
13 1158
14 2910
15 920
16 1992
17 2982
18 650
19 313
20 2153
21 640
22 1325
23 2588
24 1793
25 1287
26 2220
27 524
28 2464
29 2085
30 2676
31 633
32 543
33 1437
34 1721
35 633
36 1033
37 841
38 582
39 1265
40 2560
41 676
42 1254
43 600
44 1424
45 1372
46 342
47 1736
48 2483
49 1521
50 420
51 1153
52 1159
53 659
54 615
55 1226
56 335
57 2321
58 2050
59 2175
60 1912
61 430
62 1280
63 1389
64 226
65 2891
66 2560
67 1749
68 2459
69 1272
70 205
71 1128
72 2504
73 237
74 2466
75 283
76 1818
77 1023
78 1248
79 1188
80 1862
81 706
82 895
83 996
84 2992
85 460
86 171
87 2471
88 839
89 1562
90 532
91 2839
92 2887
93 1174
94 2148
95 610
96 1065
97 2749
98 2886
99 2743
100 799
101 2066
102 2198
103 105
104 2166
105 2916
106 1305
107 566
108 2603
109 1485
110 2259
111 1610
112 2383
113 1631
114 2820
115 394
116 2353
117 1721
118 844
119 1831
120 1953
121 2378
122 2169
123 77
124 2249
125 1826
126 180
127 569
128 892
129 1326
130 1715
131 2479
132 184
133 438
134 1599
135 1829
136 2791
137 1069
138 1112
139 2701
140 2157
141 2522
142 1781
143 2397
144 2578
145 1670
146 2811
147 1163
148 804
149 2759
150 2959
151 1260
152 2667
153 470
154 609
155 2333
156 888
157 2903
158 1346
159 1167
160 2647
161 1526
162 2305
163 2263
164 1568
165 2393
166 265
167 726
168 2817
169 1433
170 398
171 834
172 2621
173 2167
174 170
175 1054
176 1790
177 397
178 1963
179 2883
180 658
181 1118
182 861
183 533
184 2412
185 2211
186 44
187 645
188 375
189 322
190 2629
191 2568
192 2270
193 946
194 690
195 1808
196 1867
197 643
198 1888
199 2294
200 1271
201 1594
202 1797
203 2760
204 229
205 1954
206 2697
207 2478
208 2620
209 1008
210 2837
211 1961
212 1870
213 781
214 260
215 373
216 2888
217 2038
218 1133
219 1562
220 2845
221 2008
222 1134
223 2961
224 712
225 2407
226 306
227 1206
228 420
229 243
230 2973
231 676
232 732
233 301
234 1142
235 566
236 2104
237 2488
238 2529
239 2426
240 1873
241 329
242 461
243 698
244 902
245 60
246 2936
247 2366
248 1343
249 1692
250 826
251 654
252 1779
253 587
254 2990
255 1171
256 800
257 287
258 2230
259 2907
260 2992
261 851
262 1849
263 607
264 237
265 2029
266 2219
267 602
268 2484
269 244
270 862
271 254
272 244
273 2134
274 2141
275 514
276 2497
277 457
278 2543
279 2710
280 2332
281 213
282 2014
283 1753
284 2994
285 2833
286 1192
287 1220
288 2095
289 2172
290 590
291 345
292 1802
293 2999
294 2930
295 2116
296 715
297 2789
298 689
299 2509
300 785
301 1576
302 2376
303 2095
304 1247
305 1750
306 568
307 546
308 1852
309 2721
310 466
311 1962
312 8
313 1206
314 1403
315 2943
316 2535
317 895
318 754
319 1513
320 1492
321 10
322 2760
323 1101
324 1731
325 1
326 1347
327 1694
328 2443
329 220
330 1824
331 1917
332 1588
333 560
334 2564
335 2148
336 956
337 2405
338 2341
339 512
340 2185
341 938
342 2769
343 2222
344 2117
345 1654
346 1385
347 1293
348 815
349 2407
350 2939
351 79
352 2262
353 334
354 121
355 1423
356 2709
357 1775
358 2291
359 2214
360 1505
361 2306
362 2923
363 1910
364 1488
365 270
366 406
367 56
368 1911
369 258
370 2164
371 931
372 203
373 88
374 1050
375 2228
376 1685
377 1966
378 1533
379 1667
380 776
381 1823
382 154
383 212
384 1944
385 2956
386 1063
387 2826
388 215
389 1314
390 2613
391 418
392 2900
393 102
394 868
395 2676
396 522
397 114
398 634
399 1601
400 442
401 358
402 1984
403 15
404 2709
405 354
406 1245
407 1760
408 2782
409 1607
410 586
411 1138
412 1834
413 1862
414 724
415 1799
416 546
417 1430
418 2689
419 999
420 2119
421 511
422 60
423 2146
424 1939
425 2310
426 1738
427 746
428 2040
429 1470
430 1849
431 320
432 2090
433 849
434 2935
435 673
436 2324
437 1404
438 2528
439 2348
440 1421
441 1982
442 1350
443 320
444 33
445 1744
446 125
447 1386
448 928
449 794
450 1391
451 2283
452 1996
453 2096
454 1615
455 551
456 1964
457 523
458 2973
459 2157
460 1007
461 1129
462 1272
463 728
464 2635
465 179
466 1154
467 1116
468 1991
469 1503
470 1007
471 1364
472 1248
473 1862
474 2815
475 730
476 967
477 2398
478 985
479 2618
480 2186
481 131
482 210
483 2851
484 2411
485 1060
486 1926
487 2677
488 768
489 2647
490 2049
491 2063
492 183
493 492
494 694
495 2499
496 2640
497 401
498 2223
499 2902
500 1357
501 2584
502 806
503 27
504 385
505 2500
506 219
507 2570
508 1656
509 1471
510 2886
511 1060
512 1563
513 2208
514 1656
515 2009
516 226
517 879
518 2165
519 2825
520 775
521 791
522 1542
523 1105
524 1583
525 713
526 2399
527 2544
528 386
529 1066
530 1116
531 2578
532 2035
533 969
534 2398
535 2141
536 1307
537 931
538 2521
539 2851
540 2770
541 1319
542 2504
543 1587
544 1255
545 998
546 2725
547 8
548 1189
549 234
550 1988
551 1308
552 1251
553 2758
554 1122
555 1826
556 1708
557 1700
558 1953
559 1511
560 142
561 2463
562 1922
563 2963
564 121
565 2961
566 858
567 968
568 1447
569 284
570 1508
571 1224
572 2191
573 721
574 2843
575 1276
576 932
577 2052
578 871
579 990
580 1442
581 1356
582 193
583 393
584 629
585 2247
586 957
587 2006
588 985
589 1035
590 1274
591 2749
592 2575
593 2552
594 2553
595 14
596 1730
597 1794
598 2564
599 2262
600 940
601 2822
602 1248
603 391
604 1916
605 2453
606 548
607 2776
608 1409
609 1646
610 2080
611 531
612 443
613 2454
614 1590
615 343
616 602
617 1367
618 2463
619 2237
620 2802
621 1222
622 909
623 1468
624 1197
625 1808
626 1892
627 1203
628 1975
629 684
630 257
631 349
632 2377
633 1948
634 329
635 1340
636 2662
637 2203
638 2224
639 2870
640 2960
641 361
642 442
643 594
644 1774
645 127
646 2549
647 2313
648 2113
649 1115
650 1877
651 1594
652 1076
653 2044
654 763
655 2018
656 313
657 1660
658 2565
659 869
660 2295
661 2620
662 2170
663 493
664 1595
665 528
666 556
667 115
668 2711
669 1092
670 2005
671 660
672 1512
673 1324
674 960
675 2074
676 2142
677 35
678 2709
679 544
680 1110
681 2895
682 2059
683 2426
684 352
685 1225
686 618
687 840
688 2009
689 419
690 18
691 2963
692 1013
693 1545
694 2762
695 1797
696 1344
697 1528
698 2471
699 2315
700 2587
701 2594
702 130
703 2381
704 451
705 521
706 387
707 2731
708 1296
709 2579
710 366
711 813
712 2005
713 1230
714 2881
715 720
716 723
717 2084
718 1929
719 2199
720 1379
721 323
722 359
723 2625
724 1305
725 2618
726 2537
727 2480
728 162
729 2893
730 2178
731 204
732 1940
733 521
734 745
735 2770
736 2955
737 1333
738 889
739 1842
740 2987

