119 65
0 974
1 909
2 1922
3 1474
4 675
5 1176
6 529
7 2945
8 2953
9 930
10 2636
11 1571
12 1364
13 767
14 1646
15 336
16 858
17 2107
18 1445
19 1729
20 285
21 1095
22 684
23 2896
24 1167
25 561
26 2169
27 1269
28 1319
29 2629
30 451
31 324
32 2234
33 198
34 1710
35 45
36 2490
37 2253
38 2828
39 982
40 1526
41 2125
42 2396
43 211
44 1249
45 1864
46 1945
47 118
48 1708
49 2751
50 1043
51 1981
52 497
53 992
54 1645
55 546
56 1365
57 675
58 1739
59 836
60 378
61 1687
62 2607
63 2254
64 1712
65 919
66 2388
67 112
68 679
69 2364
70 1083
71 1525
72 2704
73 2204
74 918
75 109
76 847
77 1736
78 2418
79 626
80 876
81 2360
82 1244
83 1467
84 765
85 2489
86 2786
87 2826
88 621
89 998
90 30
91 2348
92 417
93 2548
94 1770
95 1715
96 1395
97 994
98 1184
99 1823
100 1182
101 1432
102 2852
103 544
104 2469
105 71
106 1210
107 1612
108 1846
109 2720
110 757
111 967
112 871
113 507
114 1272
115 531
116 2924
117 484
118 1321

