533 32
0 1916
1 200
2 2331
3 4
4 2159
5 698
6 2520
7 76
8 906
9 2521
10 758
11 676
12 274
13 2956
14 454
15 627
16 816
17 1699
18 356
19 1616
20 2891
21 864
22 2066
23 398
24 2688
25 899
26 1134
27 2314
28 322
29 1889
30 1824
31 328
32 1333
33 910
34 137
35 1285
36 2976
37 2033
38 423
39 1993
40 1623
41 2623
42 1493
43 95
44 344
45 2084
46 2508
47 1065
48 669
49 2990
50 2774
51 2902
52 1128
53 2694
54 1703
55 2874
56 540
57 2307
58 958
59 517
60 1123
61 1722
62 38
63 1009
64 772
65 1877
66 352
67 937
68 1229
69 1375
70 1068
71 227
72 1235
73 240
74 2203
75 233
76 192
77 2100
78 889
79 2722
80 795
81 854
82 525
83 1729
84 1344
85 527
86 1637
87 1641
88 70
89 2607
90 1912
91 699
92 2152
93 604
94 2236
95 676
96 63
97 1091
98 2746
99 792
100 1056
101 340
102 1015
103 2727
104 297
105 2245
106 1544
107 2457
108 1808
109 1205
110 2630
111 488
112 289
113 2650
114 2686
115 2235
116 1320
117 128
118 785
119 2759
120 2248
121 2952
122 952
123 2152
124 1786
125 2933
126 503
127 2794
128 1665
129 2239
130 10
131 1063
132 2501
133 1808
134 450
135 220
136 1042
137 2172
138 2786
139 331
140 1318
141 2082
142 166
143 1379
144 2285
145 2958
146 2466
147 2012
148 2207
149 2333
150 290
151 446
152 1984
153 2040
154 352
155 923
156 329
157 2421
158 758
159 76
160 1285
161 1904
162 2258
163 1916
164 1454
165 2772
166 830
167 1779
168 268
169 448
170 2784
171 2204
172 1806
173 2363
174 688
175 929
176 1798
177 674
178 2278
179 365
180 621
181 765
182 1849
183 165
184 1877
185 856
186 1603
187 1763
188 2921
189 1734
190 1622
191 541
192 532
193 2745
194 2464
195 2353
196 299
197 916
198 2826
199 833
200 3000
201 731
202 2591
203 2156
204 1442
205 1506
206 1078
207 420
208 696
209 341
210 1716
211 2242
212 2326
213 461
214 1918
215 2613
216 1470
217 2231
218 630
219 2381
220 745
221 2646
222 2015
223 2238
224 2823
225 2867
226 1579
227 1392
228 264
229 2266
230 2901
231 149
232 484
233 134
234 2730
235 50
236 1395
237 332
238 1368
239 2359
240 1697
241 2861
242 2534
243 2749
244 242
245 318
246 617
247 2199
248 1533
249 927
250 613
251 2828
252 2798
253 501
254 2366
255 377
256 1289
257 2892
258 2226
259 1792
260 2328
261 2809
262 87
263 593
264 2005
265 278
266 1186
267 2124
268 1905
269 625
270 972
271 1408
272 666
273 73
274 69
275 1227
276 2533
277 315
278 1436
279 1581
280 1142
281 1434
282 2196
283 247
284 2227
285 644
286 2784
287 2414
288 678
289 2342
290 1973
291 2103
292 709
293 134
294 885
295 2045
296 2938
297 2936
298 2997
299 2240
300 1225
301 2997
302 1984
303 1973
304 2870
305 704
306 321
307 2421
308 2288
309 978
310 419
311 2244
312 1055
313 903
314 323
315 383
316 2395
317 1384
318 586
319 480
320 2020
321 1921
322 2182
323 309
324 2987
325 328
326 2550
327 896
328 727
329 1162
330 1130
331 2555
332 2701
333 2313
334 1506
335 1875
336 1467
337 1036
338 186
339 564
340 1686
341 785
342 2390
343 2562
344 895
345 2956
346 522
347 1579
348 380
349 1297
350 286
351 2277
352 1689
353 9
354 345
355 1924
356 554
357 76
358 1970
359 2299
360 2720
361 16
362 1069
363 2158
364 2765
365 1534
366 1093
367 1384
368 2335
369 1042
370 1651
371 16
372 2119
373 1134
374 1707
375 1639
376 2922
377 1463
378 627
379 313
380 2421
381 543
382 1722
383 2747
384 1354
385 1595
386 325
387 2008
388 2454
389 1800
390 2759
391 1825
392 1102
393 1811
394 1434
395 1384
396 1093
397 2289
398 740
399 1541
400 1503
401 2706
402 2926
403 1173
404 144
405 2235
406 874
407 1138
408 2498
409 1087
410 1490
411 2067
412 1262
413 2583
414 1910
415 2962
416 127
417 2217
418 356
419 93
420 700
421 2688
422 1970
423 1063
424 1195
425 1177
426 1070
427 1317
428 2077
429 1462
430 2786
431 321
432 442
433 2722
434 1805
435 860
436 496
437 2691
438 2204
439 118
440 2154
441 2644
442 2135
443 2362
444 1935
445 1733
446 947
447 2185
448 1679
449 1690
450 938
451 341
452 2549
453 1689
454 1124
455 2341
456 2203
457 2780
458 357
459 2156
460 84
461 1253
462 2844
463 142
464 1352
465 2854
466 575
467 1312
468 312
469 311
470 111
471 430
472 319
473 109
474 74
475 59
476 2858
477 1606
478 1680
479 531
480 2865
481 1730
482 1586
483 2954
484 2326
485 1221
486 858
487 545
488 1663
489 98
490 568
491 511
492 1105
493 1059
494 2476
495 1273
496 1571
497 2228
498 1504
499 2046
500 658
501 2715
502 279
503 1008
504 539
505 2101
506 128
507 2380
508 2638
509 2461
510 64
511 1734
512 1144
513 1533
514 1601
515 1822
516 2901
517 1289
518 2384
519 1607
520 2994
521 2772
522 2366
523 45
524 1785
525 2285
526 2324
527 359
528 2777
529 2573
530 2915
531 100
532 697

