734 51
0 1218
1 252
2 622
3 508
4 782
5 12
6 869
7 1976
8 2975
9 1942
10 2645
11 995
12 2484
13 1495
14 1994
15 881
16 1525
17 2909
18 1437
19 739
20 1228
21 447
22 2614
23 373
24 1373
25 736
26 126
27 2219
28 2640
29 504
30 1603
31 955
32 2769
33 780
34 21
35 1182
36 427
37 2812
38 2429
39 1930
40 2891
41 2962
42 638
43 2262
44 186
45 386
46 2233
47 1580
48 1310
49 2720
50 732
51 1908
52 1449
53 1353
54 1827
55 1212
56 2593
57 1714
58 2446
59 2544
60 2955
61 2448
62 2149
63 988
64 801
65 2386
66 1549
67 2177
68 1297
69 905
70 905
71 2374
72 1845
73 839
74 430
75 345
76 2428
77 1497
78 2535
79 949
80 247
81 2195
82 2854
83 1521
84 2425
85 1254
86 1368
87 2169
88 1381
89 418
90 1983
91 2895
92 1942
93 1260
94 494
95 856
96 2672
97 1067
98 2481
99 1112
100 1294
101 1044
102 1779
103 2746
104 1648
105 2579
106 519
107 264
108 2498
109 2983
110 1105
111 2932
112 1569
113 1771
114 298
115 1019
116 1305
117 449
118 808
119 1424
120 921
121 2768
122 2821
123 162
124 326
125 1139
126 1724
127 841
128 384
129 2501
130 771
131 2274
132 2971
133 2701
134 1903
135 1120
136 669
137 498
138 736
139 4
140 2905
141 2919
142 381
143 206
144 2514
145 1343
146 2416
147 1766
148 1920
149 1607
150 83
151 1996
152 1171
153 2623
154 2197
155 129
156 1590
157 1244
158 1195
159 2668
160 317
161 58
162 2529
163 2400
164 2609
165 801
166 2095
167 1753
168 2519
169 185
170 312
171 301
172 729
173 273
174 337
175 71
176 2910
177 540
178 526
179 937
180 832
181 2893
182 635
183 2981
184 2174
185 2895
186 1289
187 2412
188 2197
189 362
190 2716
191 2777
192 748
193 1979
194 1394
195 439
196 369
197 1680
198 2352
199 2489
200 1768
201 44
202 1997
203 2332
204 793
205 2279
206 402
207 2306
208 1055
209 2683
210 1156
211 589
212 2849
213 1272
214 79
215 1595
216 1439
217 3
218 2087
219 2093
220 2889
221 842
222 363
223 2574
224 639
225 1865
226 396
227 1751
228 1724
229 1908
230 1640
231 1841
232 1176
233 2355
234 1727
235 2831
236 2929
237 1610
238 2211
239 1032
240 996
241 2513
242 1712
243 2560
244 1861
245 1765
246 866
247 2533
248 837
249 1483
250 1536
251 2675
252 1028
253 963
254 447
255 555
256 1327
257 2967
258 2609
259 2654
260 689
261 536
262 2950
263 2285
264 90
265 1575
266 206
267 2852
268 834
269 2221
270 38
271 560
272 1823
273 527
274 1444
275 2219
276 2019
277 462
278 908
279 1519
280 1965
281 1551
282 168
283 2670
284 565
285 896
286 1464
287 502
288 263
289 2230
290 1760
291 141
292 901
293 2342
294 30
295 773
296 1305
297 2083
298 840
299 2082
300 839
301 282
302 1075
303 781
304 640
305 2136
306 1008
307 1076
308 1872
309 1005
310 1840
311 2510
312 2334
313 971
314 31
315 888
316 2458
317 2793
318 1504
319 1702
320 2285
321 1671
322 1359
323 1931
324 2617
325 2257
326 695
327 2620
328 2276
329 1071
330 1435
331 452
332 2253
333 2099
334 910
335 1523
336 1222
337 1223
338 2718
339 113
340 1928
341 2188
342 1618
343 2170
344 2764
345 1136
346 2861
347 409
348 2045
349 2662
350 72
351 567
352 1529
353 197
354 2596
355 1748
356 567
357 2937
358 750
359 2448
360 2787
361 652
362 1083
363 2371
364 2655
365 2123
366 1270
367 2794
368 655
369 231
370 1557
371 228
372 502
373 1107
374 2601
375 1655
376 1561
377 2990
378 1910
379 2126
380 2470
381 2002
382 1044
383 1694
384 1318
385 1533
386 824
387 1434
388 1297
389 1424
390 2856
391 2008
392 945
393 175
394 193
395 2710
396 1226
397 263
398 1381
399 2271
400 2451
401 159
402 1853
403 1638
404 1438
405 1049
406 1398
407 779
408 1555
409 1676
410 578
411 1610
412 649
413 665
414 2
415 1031
416 2853
417 2146
418 2783
419 2205
420 438
421 478
422 754
423 2258
424 1234
425 219
426 777
427 1670
428 2325
429 2184
430 1366
431 1484
432 1759
433 653
434 2443
435 1354
436 2389
437 437
438 1843
439 345
440 1384
441 1694
442 646
443 1130
444 1621
445 2287
446 1592
447 486
448 2962
449 1885
450 253
451 841
452 153
453 1555
454 103
455 2721
456 2818
457 2763
458 834
459 32
460 479
461 968
462 1630
463 2571
464 2278
465 1861
466 2442
467 1418
468 1757
469 2988
470 402
471 226
472 426
473 404
474 1681
475 2528
476 72
477 454
478 1889
479 108
480 2300
481 275
482 2776
483 2597
484 1933
485 2352
486 2318
487 1884
488 887
489 1884
490 2343
491 1576
492 1737
493 173
494 2805
495 2478
496 1089
497 855
498 765
499 1821
500 661
501 1214
502 1216
503 2584
504 14
505 2984
506 197
507 106
508 2394
509 1445
510 2387
511 963
512 484
513 2750
514 1215
515 208
516 865
517 2067
518 1993
519 2652
520 1388
521 1408
522 1560
523 654
524 1615
525 914
526 2429
527 2910
528 1363
529 1437
530 2844
531 2113
532 2809
533 2561
534 2615
535 2169
536 1384
537 1192
538 992
539 2764
540 1096
541 719
542 1150
543 1843
544 919
545 915
546 1548
547 2192
548 2413
549 1615
550 873
551 757
552 1674
553 2108
554 2912
555 1780
556 1724
557 1234
558 510
559 219
560 1577
561 1582
562 583
563 1892
564 132
565 2784
566 2522
567 461
568 73
569 1853
570 2583
571 2402
572 2536
573 8
574 1440
575 1607
576 132
577 744
578 2809
579 2334
580 1508
581 1357
582 2077
583 2326
584 2853
585 2044
586 1094
587 1076
588 1770
589 195
590 2511
591 2208
592 2514
593 941
594 1747
595 530
596 2874
597 2711
598 2472
599 519
600 914
601 274
602 1829
603 1115
604 483
605 1222
606 102
607 2586
608 872
609 1726
610 154
611 294
612 894
613 1124
614 153
615 666
616 2554
617 49
618 768
619 349
620 244
621 2525
622 2196
623 2203
624 1829
625 1510
626 2655
627 1976
628 2939
629 558
630 2089
631 266
632 1462
633 220
634 2535
635 1667
636 2093
637 2237
638 1792
639 361
640 2827
641 2520
642 1264
643 2694
644 1840
645 76
646 703
647 1051
648 394
649 57
650 1438
651 2472
652 706
653 1603
654 1477
655 191
656 2842
657 1631
658 2745
659 2621
660 2680
661 959
662 1536
663 742
664 2284
665 1917
666 1280
667 1966
668 1709
669 915
670 1816
671 1836
672 2632
673 938
674 2941
675 1301
676 2022
677 1725
678 2648
679 2731
680 464
681 1262
682 1276
683 1595
684 1221
685 770
686 488
687 2566
688 2363
689 2849
690 2208
691 1351
692 2971
693 2076
694 1946
695 403
696 1122
697 2937
698 1281
699 880
700 2014
701 938
702 291
703 879
704 1139
705 2213
706 804
707 440
708 2045
709 2341
710 405
711 2035
712 1966
713 1706
714 587
715 2795
716 739
717 448
718 1104
719 364
720 1099
721 1299
722 1791
723 810
724 2453
725 2664
726 2352
727 2880
728 2338
729 1067
730 2684
731 2425
732 2281
733 773

