113 72
0 1977
1 2443
2 923
3 1385
4 1192
5 1434
6 410
7 2492
8 455
9 2521
10 469
11 2001
12 2207
13 865
14 191
15 2424
16 2210
17 1783
18 2744
19 938
20 2341
21 368
22 2992
23 1209
24 586
25 63
26 1390
27 2477
28 1960
29 477
30 2805
31 2727
32 2773
33 445
34 1361
35 208
36 1786
37 1654
38 628
39 1457
40 1960
41 1736
42 765
43 2874
44 1225
45 1873
46 1994
47 2820
48 1004
49 2626
50 2328
51 1881
52 2801
53 2905
54 37
55 1019
56 426
57 1523
58 27
59 1517
60 54
61 625
62 1011
63 1861
64 2646
65 35
66 1537
67 1945
68 367
69 567
70 341
71 2117
72 2109
73 1788
74 2063
75 1350
76 1711
77 2389
78 1972
79 1585
80 758
81 804
82 1350
83 797
84 2888
85 1249
86 90
87 906
88 2340
89 2237
90 2922
91 2044
92 588
93 764
94 2214
95 2875
96 1103
97 726
98 351
99 511
100 395
101 2503
102 1793
103 2432
104 1937
105 1812
106 136
107 1258
108 2466
109 449
110 1962
111 396
112 1562

