277 39
0 1231
1 754
2 2064
3 2621
4 668
5 2879
6 1688
7 2127
8 2401
9 1360
10 2278
11 662
12 433
13 1316
14 1856
15 1257
16 2843
17 2122
18 2961
19 1908
20 2292
21 1650
22 463
23 1315
24 1421
25 297
26 2365
27 817
28 469
29 1109
30 2157
31 2477
32 367
33 1116
34 65
35 2252
36 2381
37 2069
38 2325
39 884
40 2774
41 1570
42 2013
43 75
44 2057
45 1901
46 1759
47 1430
48 719
49 130
50 1875
51 774
52 767
53 1820
54 2406
55 953
56 2788
57 2556
58 999
59 1618
60 2795
61 1733
62 2181
63 2796
64 2363
65 84
66 2051
67 2172
68 2254
69 326
70 1430
71 1727
72 340
73 1404
74 1764
75 2829
76 1713
77 2600
78 2306
79 1966
80 2592
81 2674
82 2242
83 470
84 1187
85 2108
86 91
87 740
88 456
89 944
90 2131
91 31
92 1092
93 1085
94 2222
95 2984
96 2666
97 1348
98 2941
99 230
100 362
101 2
102 870
103 634
104 2023
105 1178
106 2226
107 1606
108 1177
109 1971
110 1553
111 2690
112 2780
113 2723
114 655
115 435
116 1162
117 1119
118 2543
119 144
120 1942
121 1813
122 1748
123 479
124 1084
125 1038
126 1331
127 1010
128 657
129 2093
130 1329
131 1439
132 2330
133 2567
134 966
135 153
136 2351
137 2688
138 2178
139 254
140 1090
141 1250
142 2392
143 2866
144 2680
145 727
146 1009
147 332
148 1186
149 481
150 1927
151 2096
152 2223
153 2601
154 130
155 1240
156 486
157 578
158 919
159 715
160 271
161 2360
162 2453
163 952
164 1583
165 140
166 42
167 1497
168 1010
169 2279
170 1300
171 488
172 2452
173 610
174 2266
175 1713
176 1434
177 2029
178 2693
179 1179
180 1384
181 299
182 2035
183 2791
184 338
185 514
186 254
187 436
188 2000
189 799
190 2887
191 1900
192 711
193 2042
194 967
195 50
196 1097
197 1198
198 2860
199 154
200 2498
201 2080
202 1961
203 1458
204 2803
205 2690
206 1447
207 532
208 1755
209 930
210 2231
211 305
212 2401
213 1704
214 2596
215 1504
216 543
217 409
218 1228
219 2815
220 2877
221 758
222 821
223 1218
224 2912
225 2684
226 2584
227 2052
228 234
229 583
230 558
231 181
232 1104
233 1088
234 2395
235 2582
236 751
237 1971
238 158
239 2213
240 1980
241 2629
242 1591
243 1620
244 2761
245 1517
246 226
247 1498
248 1812
249 775
250 1603
251 1774
252 751
253 389
254 750
255 1006
256 2204
257 2250
258 2588
259 1608
260 2731
261 326
262 2713
263 2766
264 2469
265 932
266 1679
267 2131
268 714
269 1125
270 1244
271 686
272 856
273 627
274 2907
275 2669
276 773

