857 15
0 302
1 1826
2 1160
3 406
4 341
5 785
6 681
7 2061
8 715
9 678
10 534
11 78
12 775
13 1143
14 2175
15 393
16 939
17 1238
18 1324
19 1890
20 1552
21 2254
22 1951
23 2406
24 2565
25 2720
26 1212
27 2772
28 1206
29 806
30 10
31 513
32 869
33 2668
34 1049
35 1308
36 2426
37 593
38 569
39 645
40 2295
41 629
42 445
43 2777
44 633
45 1097
46 2735
47 2226
48 2705
49 2956
50 2456
51 1833
52 61
53 2321
54 382
55 588
56 870
57 1555
58 812
59 899
60 911
61 2231
62 1772
63 2418
64 1181
65 2844
66 1519
67 769
68 888
69 787
70 810
71 2976
72 1243
73 724
74 1973
75 1108
76 2835
77 2473
78 1713
79 1570
80 507
81 2725
82 709
83 1720
84 347
85 848
86 1480
87 2586
88 74
89 1386
90 154
91 1805
92 973
93 2270
94 562
95 906
96 2131
97 2313
98 1250
99 322
100 2215
101 2834
102 687
103 1655
104 2123
105 1423
106 2562
107 1089
108 245
109 2922
110 2806
111 2625
112 1945
113 412
114 1873
115 2829
116 2897
117 2338
118 1423
119 1767
120 508
121 2904
122 2769
123 2552
124 1795
125 2674
126 394
127 2224
128 215
129 2086
130 2330
131 1508
132 2047
133 2208
134 1959
135 2935
136 884
137 494
138 982
139 2655
140 1017
141 1299
142 2480
143 288
144 2803
145 1268
146 598
147 1599
148 2769
149 978
150 1797
151 2249
152 2474
153 976
154 72
155 1539
156 1681
157 2790
158 1615
159 1144
160 682
161 1399
162 2209
163 2756
164 486
165 258
166 1284
167 210
168 944
169 2079
170 960
171 13
172 1466
173 3000
174 70
175 1623
176 756
177 2225
178 1045
179 1426
180 397
181 2676
182 534
183 216
184 2210
185 2726
186 1029
187 915
188 290
189 1630
190 387
191 754
192 874
193 88
194 2320
195 4
196 80
197 1728
198 1606
199 1265
200 1160
201 1936
202 180
203 2270
204 2004
205 1576
206 942
207 55
208 799
209 1528
210 458
211 234
212 2199
213 2663
214 1206
215 2180
216 2687
217 879
218 335
219 2476
220 547
221 2897
222 2840
223 249
224 333
225 1389
226 2055
227 271
228 930
229 2046
230 1145
231 326
232 1741
233 1000
234 1227
235 2194
236 173
237 1667
238 1830
239 1780
240 2241
241 2654
242 228
243 312
244 1190
245 1798
246 2956
247 1450
248 2445
249 1702
250 1349
251 1566
252 1047
253 1441
254 2196
255 1275
256 991
257 1524
258 2092
259 443
260 2471
261 1020
262 1365
263 801
264 1148
265 1140
266 1552
267 1062
268 1208
269 1548
270 1049
271 1498
272 192
273 1449
274 256
275 1290
276 2898
277 1608
278 2089
279 1947
280 1209
281 903
282 2754
283 1311
284 1252
285 2293
286 2288
287 2095
288 584
289 346
290 1635
291 1139
292 342
293 1158
294 1208
295 2774
296 1167
297 42
298 2223
299 2135
300 2189
301 721
302 1573
303 2151
304 672
305 353
306 1001
307 8
308 2101
309 23
310 1636
311 2182
312 2335
313 1140
314 675
315 860
316 1114
317 1863
318 2648
319 1327
320 854
321 569
322 1000
323 151
324 842
325 257
326 2355
327 269
328 788
329 584
330 939
331 2890
332 175
333 894
334 36
335 66
336 1557
337 2867
338 548
339 2239
340 2173
341 994
342 1949
343 368
344 389
345 43
346 2950
347 864
348 162
349 2071
350 2912
351 650
352 1615
353 2090
354 2167
355 747
356 1164
357 479
358 1945
359 1825
360 2297
361 158
362 2873
363 1675
364 2205
365 2404
366 1675
367 2853
368 213
369 1363
370 2260
371 1307
372 2464
373 2741
374 2837
375 1625
376 2214
377 2155
378 634
379 2336
380 2632
381 326
382 2969
383 1129
384 1027
385 1233
386 533
387 2245
388 1007
389 1151
390 1428
391 2049
392 929
393 829
394 2204
395 2138
396 1862
397 2294
398 2005
399 2656
400 2913
401 1673
402 720
403 940
404 232
405 2745
406 1618
407 1956
408 783
409 1595
410 1565
411 642
412 955
413 953
414 1270
415 501
416 2489
417 278
418 1493
419 477
420 2440
421 590
422 2303
423 2406
424 2792
425 190
426 1917
427 591
428 604
429 2798
430 1659
431 1278
432 2600
433 1257
434 2707
435 2237
436 1896
437 2584
438 1582
439 2796
440 2961
441 1512
442 1968
443 1579
444 382
445 286
446 1313
447 163
448 2234
449 417
450 1654
451 2536
452 580
453 1799
454 1681
455 471
456 543
457 2432
458 2560
459 2386
460 1107
461 861
462 264
463 819
464 1533
465 2065
466 2549
467 2494
468 970
469 409
470 455
471 2354
472 1874
473 920
474 128
475 1156
476 2004
477 253
478 485
479 1170
480 2501
481 827
482 1647
483 2363
484 1256
485 499
486 2096
487 279
488 877
489 1164
490 1920
491 2815
492 565
493 1102
494 1069
495 2750
496 811
497 2273
498 1202
499 990
500 1384
501 457
502 1353
503 2200
504 1322
505 585
506 99
507 2428
508 1647
509 1432
510 1157
511 1113
512 2722
513 2435
514 400
515 1786
516 442
517 1473
518 215
519 2343
520 1439
521 2120
522 1120
523 2174
524 342
525 2993
526 56
527 1950
528 2666
529 1722
530 1255
531 46
532 1768
533 1433
534 2595
535 1380
536 1824
537 409
538 614
539 1155
540 532
541 1145
542 2564
543 2543
544 908
545 2204
546 2084
547 1875
548 2361
549 1557
550 1605
551 2953
552 1705
553 1554
554 2185
555 1612
556 2369
557 2126
558 2801
559 2853
560 814
561 2615
562 1537
563 1251
564 674
565 1705
566 385
567 1624
568 718
569 2374
570 303
571 2352
572 2209
573 2353
574 529
575 2505
576 2064
577 864
578 1750
579 310
580 1324
581 823
582 218
583 1027
584 288
585 629
586 1770
587 199
588 913
589 2569
590 1115
591 2065
592 1825
593 1725
594 1965
595 2668
596 2394
597 2234
598 320
599 1250
600 1142
601 335
602 663
603 1099
604 1407
605 562
606 1548
607 1031
608 697
609 1768
610 838
611 2093
612 1925
613 1042
614 1020
615 1651
616 2611
617 2174
618 230
619 2825
620 1001
621 2080
622 2065
623 1313
624 220
625 1343
626 416
627 1739
628 1682
629 2070
630 1581
631 1687
632 510
633 35
634 324
635 119
636 2970
637 1637
638 537
639 1145
640 1486
641 864
642 1687
643 2897
644 2440
645 11
646 1890
647 2097
648 2633
649 759
650 394
651 539
652 77
653 1733
654 1190
655 2158
656 1527
657 2158
658 1881
659 843
660 449
661 2659
662 1060
663 292
664 1285
665 1202
666 1788
667 1260
668 2137
669 1483
670 757
671 1563
672 721
673 132
674 2210
675 2709
676 2812
677 2087
678 1678
679 2653
680 917
681 168
682 2759
683 83
684 1493
685 2519
686 93
687 1139
688 732
689 2431
690 1463
691 2994
692 2413
693 2919
694 1601
695 2812
696 2161
697 1202
698 2176
699 747
700 1556
701 2065
702 1376
703 2774
704 2135
705 1068
706 1313
707 979
708 1946
709 1327
710 1709
711 1186
712 1306
713 1920
714 2980
715 1060
716 2027
717 1156
718 47
719 880
720 1407
721 854
722 4
723 2944
724 400
725 1723
726 874
727 1987
728 2139
729 2172
730 2230
731 1172
732 2827
733 393
734 915
735 2199
736 2995
737 2913
738 2159
739 2392
740 1910
741 1400
742 233
743 2010
744 2641
745 2814
746 1043
747 2632
748 1599
749 537
750 766
751 611
752 648
753 745
754 2509
755 150
756 2387
757 530
758 2341
759 2392
760 103
761 1238
762 2142
763 26
764 108
765 2061
766 646
767 101
768 2231
769 2105
770 562
771 2683
772 2874
773 1241
774 1848
775 2683
776 541
777 2245
778 789
779 949
780 1671
781 2835
782 692
783 1674
784 2811
785 2823
786 337
787 2399
788 2871
789 2671
790 2961
791 591
792 402
793 1565
794 522
795 2087
796 1081
797 2276
798 221
799 1314
800 2255
801 1662
802 2309
803 1260
804 106
805 233
806 160
807 2633
808 818
809 2265
810 1757
811 1959
812 1669
813 1147
814 2798
815 2876
816 265
817 2522
818 1401
819 1650
820 718
821 2022
822 1777
823 581
824 2673
825 1005
826 2326
827 1178
828 1270
829 2545
830 859
831 1381
832 541
833 1059
834 967
835 2992
836 1328
837 712
838 1004
839 1592
840 1816
841 1659
842 1656
843 2728
844 2835
845 2785
846 971
847 1819
848 10
849 2484
850 2736
851 2321
852 1218
853 13
854 463
855 364
856 2359

