443 61
0 745
1 2135
2 311
3 1661
4 2970
5 1524
6 1032
7 542
8 2889
9 1298
10 597
11 1604
12 2257
13 2709
14 1410
15 263
16 2218
17 767
18 1102
19 2093
20 993
21 2315
22 2015
23 1746
24 2500
25 520
26 1498
27 1530
28 2237
29 690
30 1167
31 534
32 220
33 936
34 135
35 2732
36 2360
37 460
38 2032
39 2785
40 2317
41 2369
42 1531
43 1046
44 877
45 906
46 309
47 695
48 1690
49 2001
50 1960
51 1016
52 1768
53 1478
54 2339
55 76
56 2304
57 2527
58 553
59 27
60 2828
61 2315
62 248
63 2198
64 1081
65 650
66 2431
67 2467
68 1491
69 2783
70 1416
71 560
72 2174
73 2029
74 1707
75 1688
76 2970
77 1985
78 479
79 1593
80 1904
81 91
82 2921
83 242
84 2316
85 1230
86 2112
87 2733
88 726
89 2320
90 2792
91 2596
92 271
93 2455
94 61
95 2278
96 2797
97 1123
98 2393
99 843
100 573
101 2015
102 2760
103 441
104 672
105 1159
106 1588
107 2194
108 1669
109 1369
110 190
111 1598
112 384
113 2785
114 2136
115 471
116 2765
117 544
118 2801
119 829
120 1959
121 2998
122 629
123 800
124 2236
125 1497
126 2417
127 1740
128 161
129 687
130 645
131 67
132 2727
133 2946
134 2265
135 2831
136 2554
137 530
138 2883
139 2562
140 2876
141 113
142 2644
143 2248
144 1467
145 891
146 2279
147 2932
148 2602
149 1156
150 1950
151 1163
152 405
153 1387
154 1097
155 1936
156 1937
157 2688
158 2079
159 541
160 2699
161 2824
162 558
163 2213
164 794
165 408
166 478
167 1232
168 733
169 415
170 122
171 512
172 2728
173 2747
174 1298
175 2605
176 2208
177 2405
178 2776
179 2465
180 1899
181 1217
182 1932
183 1104
184 1047
185 1874
186 2964
187 2198
188 73
189 1332
190 909
191 2298
192 2923
193 339
194 2590
195 1454
196 1176
197 629
198 1934
199 1422
200 2578
201 1250
202 2565
203 2020
204 1463
205 2377
206 2722
207 2663
208 2662
209 2239
210 1315
211 2938
212 94
213 2022
214 2927
215 1078
216 2452
217 2366
218 1071
219 1802
220 596
221 92
222 1550
223 225
224 540
225 2720
226 1283
227 186
228 1846
229 2367
230 1818
231 2664
232 1134
233 547
234 2206
235 2861
236 291
237 1558
238 1243
239 27
240 324
241 1131
242 2580
243 1277
244 1471
245 2608
246 2323
247 2527
248 1576
249 72
250 661
251 1147
252 2595
253 2421
254 1385
255 1745
256 2863
257 2333
258 2291
259 2154
260 1429
261 1406
262 290
263 1423
264 2625
265 2796
266 577
267 2770
268 2647
269 1152
270 1186
271 1661
272 1570
273 204
274 54
275 1470
276 688
277 2142
278 2818
279 2605
280 784
281 2411
282 511
283 544
284 2032
285 1497
286 1553
287 827
288 145
289 389
290 1582
291 2933
292 2322
293 2099
294 2065
295 2997
296 1716
297 1099
298 516
299 1964
300 1112
301 257
302 686
303 110
304 1880
305 1252
306 1889
307 1232
308 1237
309 674
310 1940
311 623
312 1928
313 1993
314 735
315 1342
316 1354
317 618
318 1188
319 2057
320 2193
321 1326
322 1017
323 609
324 819
325 152
326 2846
327 2941
328 2630
329 1691
330 1957
331 602
332 2189
333 483
334 2085
335 914
336 2898
337 749
338 605
339 1367
340 952
341 2642
342 2625
343 1453
344 277
345 1971
346 467
347 1032
348 1250
349 2554
350 2402
351 430
352 42
353 769
354 2180
355 1520
356 2338
357 847
358 2319
359 2869
360 2135
361 373
362 44
363 888
364 1112
365 1294
366 2208
367 1387
368 1913
369 1988
370 1723
371 2844
372 1463
373 2214
374 2683
375 1627
376 984
377 1051
378 2026
379 1588
380 662
381 234
382 2621
383 562
384 2411
385 2168
386 1065
387 1308
388 1784
389 589
390 809
391 1477
392 2320
393 2466
394 88
395 1665
396 2403
397 923
398 1314
399 2652
400 1526
401 1818
402 516
403 1908
404 640
405 2487
406 2602
407 2276
408 1355
409 748
410 468
411 1707
412 663
413 2153
414 1877
415 232
416 2412
417 2035
418 2917
419 1312
420 189
421 2188
422 1461
423 2893
424 1102
425 2959
426 2429
427 2971
428 712
429 2907
430 475
431 1133
432 1249
433 168
434 2193
435 545
436 148
437 509
438 2014
439 1321
440 1272
441 458
442 2645

