980 5
0 1182
1 1210
2 205
3 1905
4 2490
5 1787
6 1721
7 2998
8 1234
9 2734
10 968
11 1
12 1772
13 1633
14 2483
15 1048
16 562
17 1703
18 2724
19 267
20 1223
21 1883
22 2770
23 2824
24 2523
25 2722
26 275
27 1646
28 2048
29 1202
30 1403
31 2049
32 417
33 190
34 84
35 350
36 2629
37 1511
38 1753
39 2902
40 2505
41 199
42 374
43 2904
44 1339
45 252
46 2901
47 874
48 2471
49 2917
50 2069
51 2562
52 2655
53 571
54 90
55 566
56 810
57 1014
58 1100
59 293
60 1400
61 2575
62 1407
63 2522
64 2647
65 2518
66 156
67 1124
68 1421
69 623
70 1514
71 2583
72 1902
73 625
74 833
75 866
76 2023
77 1250
78 1876
79 38
80 734
81 747
82 1601
83 360
84 7
85 1836
86 91
87 1969
88 2507
89 1055
90 948
91 398
92 2220
93 152
94 830
95 2413
96 839
97 11
98 1354
99 1278
100 2494
101 1826
102 1277
103 1055
104 1784
105 2109
106 2491
107 1696
108 1082
109 2290
110 1604
111 2115
112 1917
113 711
114 2988
115 270
116 2937
117 2595
118 1951
119 2521
120 124
121 1507
122 1699
123 1973
124 566
125 1844
126 706
127 403
128 2332
129 94
130 1109
131 331
132 1911
133 2692
134 133
135 1263
136 1259
137 1875
138 1707
139 1717
140 2502
141 1368
142 1199
143 1499
144 2278
145 955
146 1781
147 219
148 2187
149 2947
150 39
151 2265
152 161
153 1080
154 1440
155 28
156 662
157 2566
158 1671
159 2787
160 2331
161 215
162 1945
163 681
164 1483
165 2710
166 2199
167 1630
168 1464
169 153
170 1121
171 1100
172 2968
173 839
174 299
175 1245
176 1392
177 2466
178 2616
179 1368
180 2669
181 2468
182 596
183 1264
184 2536
185 214
186 524
187 549
188 2970
189 661
190 2267
191 1151
192 1177
193 707
194 949
195 2443
196 365
197 1207
198 211
199 1891
200 1167
201 2751
202 134
203 2942
204 1651
205 1437
206 2550
207 1802
208 597
209 834
210 793
211 1919
212 2237
213 2780
214 2297
215 302
216 1315
217 1279
218 887
219 284
220 345
221 1209
222 143
223 16
224 2103
225 1708
226 34
227 2967
228 2983
229 2840
230 521
231 1254
232 2897
233 2001
234 1514
235 2904
236 988
237 2720
238 2708
239 312
240 2356
241 2482
242 1951
243 1045
244 730
245 123
246 577
247 2395
248 2074
249 1834
250 1755
251 1733
252 969
253 1944
254 1469
255 1850
256 2805
257 2066
258 1337
259 1565
260 1892
261 830
262 2130
263 2347
264 2302
265 2000
266 857
267 322
268 1120
269 1330
270 1828
271 86
272 1487
273 261
274 2992
275 326
276 2337
277 2606
278 2719
279 272
280 461
281 1563
282 1811
283 1046
284 598
285 2891
286 1181
287 1311
288 929
289 2617
290 2314
291 461
292 2749
293 2262
294 18
295 1448
296 1637
297 2147
298 1479
299 338
300 412
301 166
302 276
303 863
304 928
305 408
306 529
307 2843
308 1597
309 114
310 176
311 2256
312 1305
313 2526
314 2184
315 338
316 1316
317 1649
318 508
319 251
320 1943
321 364
322 860
323 1328
324 2157
325 1676
326 1104
327 2526
328 661
329 2774
330 277
331 1009
332 602
333 1845
334 685
335 226
336 1025
337 771
338 1477
339 890
340 2343
341 636
342 1050
343 2019
344 2572
345 224
346 802
347 710
348 962
349 2757
350 156
351 1544
352 2513
353 2487
354 2310
355 840
356 1238
357 2353
358 687
359 2140
360 984
361 1045
362 1762
363 907
364 1843
365 1153
366 2497
367 2417
368 2858
369 2425
370 523
371 671
372 953
373 1757
374 1478
375 2392
376 848
377 1769
378 2509
379 566
380 1998
381 746
382 1492
383 2176
384 697
385 1705
386 462
387 2048
388 2823
389 2181
390 1156
391 1855
392 2832
393 1608
394 910
395 771
396 895
397 30
398 2770
399 2755
400 162
401 2662
402 1813
403 1773
404 1333
405 1256
406 2814
407 2744
408 689
409 1782
410 1376
411 1324
412 1811
413 1973
414 1420
415 2309
416 2381
417 2416
418 1297
419 2048
420 2950
421 2694
422 2270
423 2816
424 1516
425 547
426 2549
427 2455
428 1437
429 1587
430 1347
431 984
432 813
433 800
434 473
435 269
436 986
437 2767
438 1405
439 93
440 135
441 1362
442 2249
443 2951
444 2004
445 2285
446 2518
447 385
448 1372
449 1259
450 665
451 1378
452 603
453 1031
454 2037
455 1828
456 1920
457 924
458 1055
459 2355
460 2250
461 819
462 2768
463 1592
464 703
465 760
466 2485
467 416
468 1516
469 1472
470 1009
471 335
472 2389
473 2238
474 768
475 1487
476 2850
477 2755
478 472
479 2926
480 1301
481 116
482 2276
483 21
484 18
485 1316
486 1168
487 1671
488 428
489 1148
490 2204
491 1960
492 2882
493 709
494 1861
495 1589
496 1784
497 2169
498 72
499 1622
500 633
501 2952
502 1252
503 1217
504 780
505 687
506 2549
507 301
508 1065
509 746
510 2926
511 545
512 787
513 2470
514 487
515 772
516 2933
517 331
518 910
519 401
520 2248
521 1456
522 344
523 2833
524 594
525 2565
526 1183
527 1158
528 2020
529 2804
530 1589
531 1334
532 1654
533 2684
534 703
535 2389
536 2220
537 2136
538 1509
539 835
540 52
541 1601
542 1561
543 77
544 2074
545 1257
546 1795
547 1694
548 1120
549 1360
550 2686
551 1450
552 2848
553 113
554 2771
555 1177
556 2094
557 1107
558 2718
559 960
560 582
561 2639
562 127
563 140
564 2676
565 821
566 2186
567 1647
568 2385
569 2683
570 1326
571 1788
572 1553
573 2369
574 1312
575 696
576 2589
577 2680
578 1461
579 2635
580 2372
581 1731
582 707
583 2002
584 623
585 1256
586 1279
587 2579
588 138
589 1480
590 955
591 2493
592 2360
593 2979
594 1131
595 615
596 1447
597 887
598 860
599 1178
600 422
601 2975
602 2899
603 2614
604 802
605 2429
606 2988
607 1405
608 523
609 2217
610 1057
611 1006
612 1933
613 3
614 480
615 2681
616 1480
617 346
618 1058
619 679
620 2111
621 472
622 2046
623 2018
624 913
625 1335
626 537
627 2100
628 1782
629 2642
630 1429
631 637
632 1874
633 123
634 1961
635 2639
636 2707
637 2548
638 1954
639 776
640 2728
641 2685
642 659
643 1651
644 1116
645 697
646 1467
647 2365
648 132
649 2377
650 1106
651 2963
652 672
653 2923
654 2023
655 1431
656 1912
657 748
658 2129
659 2498
660 378
661 431
662 569
663 1194
664 2288
665 1090
666 1166
667 2791
668 1503
669 86
670 206
671 1638
672 2031
673 1867
674 2594
675 973
676 157
677 1958
678 1359
679 2704
680 1736
681 2871
682 1460
683 1848
684 2456
685 2285
686 2970
687 1089
688 699
689 2039
690 1725
691 211
692 2573
693 1637
694 163
695 1420
696 1887
697 995
698 2436
699 1042
700 1275
701 1394
702 2586
703 1506
704 1247
705 1179
706 2160
707 453
708 948
709 1957
710 1182
711 2400
712 1648
713 117
714 474
715 2195
716 1273
717 2655
718 1124
719 55
720 946
721 934
722 2624
723 815
724 1435
725 391
726 2934
727 2913
728 2425
729 179
730 2896
731 557
732 2292
733 2853
734 18
735 1531
736 1953
737 1914
738 744
739 1143
740 1544
741 1409
742 426
743 1612
744 1730
745 2088
746 2222
747 405
748 1037
749 2172
750 378
751 1646
752 1413
753 1622
754 708
755 908
756 1647
757 486
758 2879
759 203
760 33
761 172
762 365
763 2809
764 1040
765 1153
766 211
767 913
768 1502
769 1416
770 2303
771 959
772 1070
773 213
774 2860
775 635
776 2990
777 283
778 1989
779 1798
780 871
781 966
782 1396
783 2242
784 667
785 53
786 2613
787 1192
788 379
789 754
790 2048
791 2109
792 1226
793 661
794 2449
795 2029
796 673
797 1223
798 2769
799 2756
800 2845
801 2579
802 1586
803 2651
804 1018
805 396
806 422
807 1303
808 1257
809 948
810 2952
811 1020
812 1576
813 2096
814 1089
815 2321
816 2277
817 205
818 949
819 2924
820 2057
821 373
822 1259
823 2383
824 1824
825 2832
826 1474
827 1250
828 1693
829 1155
830 2964
831 2937
832 1429
833 2777
834 2469
835 347
836 686
837 2667
838 1872
839 1314
840 2482
841 2648
842 766
843 1833
844 750
845 603
846 546
847 1929
848 2246
849 2201
850 2024
851 2686
852 1978
853 1316
854 1091
855 542
856 2835
857 49
858 740
859 1075
860 2659
861 1885
862 2653
863 968
864 1231
865 1865
866 420
867 1365
868 918
869 1630
870 718
871 1640
872 633
873 2095
874 1287
875 2905
876 390
877 572
878 2215
879 1008
880 1812
881 1619
882 2979
883 1587
884 1021
885 1623
886 33
887 454
888 1905
889 2268
890 1431
891 776
892 1837
893 1147
894 1883
895 2534
896 1873
897 2125
898 2242
899 2969
900 802
901 1026
902 1090
903 2726
904 1383
905 543
906 722
907 1919
908 1024
909 2908
910 1510
911 1692
912 1003
913 1633
914 1076
915 706
916 109
917 1747
918 996
919 2384
920 1575
921 2501
922 909
923 1695
924 775
925 2183
926 1897
927 331
928 1916
929 1438
930 1346
931 2598
932 1301
933 662
934 977
935 2360
936 646
937 1671
938 223
939 961
940 682
941 39
942 723
943 559
944 2201
945 1651
946 1532
947 1114
948 2109
949 1416
950 1119
951 2710
952 2566
953 2010
954 2873
955 2680
956 2772
957 1208
958 1026
959 71
960 705
961 1160
962 173
963 1871
964 1952
965 1573
966 2527
967 1985
968 216
969 2924
970 2790
971 1973
972 1167
973 2548
974 870
975 929
976 952
977 367
978 1417
979 70

