195 85
0 2712
1 1657
2 2847
3 1345
4 2928
5 501
6 2624
7 369
8 2046
9 725
10 2174
11 2552
12 1617
13 2237
14 2828
15 2438
16 2250
17 1923
18 70
19 207
20 270
21 1520
22 848
23 1100
24 2558
25 2365
26 2812
27 1183
28 1329
29 785
30 2330
31 1287
32 1189
33 187
34 1155
35 988
36 1765
37 2673
38 401
39 90
40 965
41 1360
42 1374
43 1219
44 2976
45 352
46 1114
47 270
48 67
49 1815
50 306
51 550
52 2461
53 477
54 2828
55 670
56 1778
57 1806
58 1944
59 1441
60 964
61 1547
62 1034
63 562
64 31
65 2766
66 1079
67 778
68 1364
69 1307
70 2300
71 1286
72 1530
73 1932
74 1298
75 871
76 1568
77 1736
78 12
79 2281
80 2163
81 2458
82 1814
83 1720
84 1422
85 1709
86 34
87 726
88 2710
89 2211
90 140
91 2880
92 1068
93 2117
94 2409
95 1901
96 934
97 1315
98 2284
99 1043
100 1528
101 2667
102 1342
103 1309
104 1013
105 2462
106 542
107 1524
108 2751
109 626
110 2366
111 2360
112 1070
113 516
114 588
115 700
116 1419
117 2806
118 375
119 1898
120 2033
121 1567
122 2891
123 652
124 929
125 1069
126 1061
127 210
128 2038
129 617
130 272
131 2545
132 1330
133 509
134 814
135 177
136 57
137 1554
138 2230
139 1981
140 1609
141 2170
142 2905
143 2913
144 1186
145 499
146 2647
147 537
148 2191
149 1361
150 256
151 2755
152 492
153 448
154 1886
155 2361
156 2586
157 1672
158 2414
159 915
160 1117
161 1967
162 237
163 1248
164 557
165 2474
166 1397
167 1836
168 744
169 2974
170 1262
171 2235
172 1143
173 1728
174 113
175 430
176 2949
177 1659
178 920
179 893
180 2504
181 1267
182 1933
183 54
184 1620
185 2424
186 2960
187 1201
188 1679
189 324
190 1936
191 1695
192 308
193 2123
194 2669

