835 46
0 1833
1 211
2 2545
3 1010
4 2586
5 413
6 2898
7 1064
8 170
9 2627
10 866
11 17
12 116
13 1270
14 1582
15 150
16 158
17 1340
18 2060
19 2310
20 2240
21 2876
22 889
23 685
24 2685
25 2638
26 429
27 1181
28 38
29 644
30 512
31 308
32 2692
33 1945
34 2672
35 2928
36 2069
37 1595
38 2476
39 114
40 2281
41 2071
42 1663
43 2543
44 1482
45 663
46 2077
47 143
48 1554
49 2718
50 2169
51 54
52 2488
53 1290
54 1470
55 1908
56 1138
57 1547
58 1776
59 117
60 289
61 2556
62 1220
63 816
64 1192
65 1188
66 2449
67 2635
68 940
69 1931
70 370
71 1621
72 2655
73 1966
74 1114
75 1965
76 2638
77 2597
78 2797
79 396
80 2599
81 2782
82 788
83 2594
84 2711
85 1403
86 2344
87 197
88 1710
89 402
90 2793
91 706
92 977
93 2038
94 1914
95 841
96 1970
97 2992
98 1503
99 1473
100 1351
101 2142
102 374
103 2789
104 793
105 989
106 1436
107 1052
108 1566
109 2207
110 2355
111 1823
112 2534
113 1735
114 2437
115 103
116 892
117 1751
118 1008
119 1442
120 2746
121 642
122 270
123 377
124 1648
125 737
126 2697
127 352
128 2806
129 148
130 2302
131 417
132 465
133 1106
134 2177
135 19
136 156
137 384
138 1020
139 1692
140 2631
141 1395
142 629
143 927
144 617
145 2582
146 727
147 1296
148 2341
149 212
150 1025
151 2020
152 1271
153 2188
154 426
155 1367
156 1080
157 1386
158 2662
159 1344
160 1248
161 2446
162 2470
163 327
164 1480
165 2295
166 588
167 2864
168 505
169 2676
170 106
171 692
172 1162
173 1260
174 2949
175 1831
176 2876
177 2164
178 852
179 1464
180 470
181 2390
182 2138
183 1050
184 2368
185 2980
186 2208
187 2486
188 587
189 80
190 2330
191 2550
192 2718
193 760
194 2559
195 276
196 982
197 1561
198 873
199 353
200 2680
201 696
202 2769
203 1386
204 1552
205 1651
206 2781
207 2675
208 1079
209 2804
210 2412
211 1860
212 917
213 858
214 905
215 1173
216 1179
217 1723
218 511
219 2121
220 2816
221 1105
222 1396
223 1126
224 121
225 2087
226 585
227 2190
228 784
229 2638
230 1807
231 1049
232 1336
233 2068
234 1319
235 2382
236 2131
237 2688
238 1845
239 1727
240 408
241 1502
242 2777
243 2079
244 2946
245 374
246 1508
247 102
248 331
249 720
250 2324
251 544
252 826
253 668
254 478
255 1942
256 2677
257 704
258 533
259 1772
260 2700
261 516
262 2448
263 2663
264 706
265 450
266 595
267 2121
268 1915
269 2334
270 1778
271 553
272 2014
273 2339
274 2028
275 232
276 1971
277 1172
278 1711
279 1045
280 532
281 435
282 1051
283 2328
284 2245
285 734
286 749
287 2470
288 207
289 724
290 1596
291 2261
292 1273
293 556
294 1555
295 1308
296 534
297 1946
298 2555
299 736
300 1296
301 436
302 834
303 107
304 1458
305 55
306 2675
307 584
308 535
309 502
310 2158
311 1166
312 2381
313 2546
314 121
315 1433
316 226
317 857
318 2564
319 1166
320 965
321 2632
322 2627
323 510
324 292
325 1844
326 795
327 1139
328 1935
329 1496
330 472
331 96
332 799
333 2689
334 798
335 814
336 1959
337 1579
338 2493
339 1696
340 877
341 861
342 1974
343 2790
344 1942
345 2051
346 2964
347 715
348 2660
349 2544
350 954
351 2409
352 1029
353 2286
354 2695
355 1139
356 1810
357 1475
358 1643
359 2810
360 1059
361 561
362 45
363 459
364 1351
365 1422
366 2394
367 2193
368 1722
369 2841
370 85
371 335
372 103
373 1353
374 2
375 1502
376 2270
377 1929
378 1858
379 626
380 2831
381 1664
382 1263
383 2488
384 2916
385 669
386 1301
387 426
388 562
389 596
390 1814
391 922
392 1158
393 1024
394 535
395 213
396 2744
397 1680
398 1198
399 963
400 2311
401 1361
402 2228
403 1242
404 1082
405 98
406 1537
407 1731
408 556
409 1061
410 1047
411 1660
412 1941
413 1239
414 2549
415 1450
416 950
417 1961
418 1252
419 509
420 1436
421 159
422 1411
423 695
424 410
425 2580
426 463
427 2947
428 2293
429 1628
430 1596
431 269
432 1567
433 778
434 549
435 1765
436 1124
437 1165
438 1479
439 2760
440 951
441 981
442 1123
443 2667
444 2179
445 2985
446 48
447 1626
448 1501
449 1088
450 1345
451 2768
452 195
453 449
454 310
455 1931
456 1745
457 1977
458 2461
459 439
460 18
461 2855
462 8
463 2805
464 2249
465 937
466 1943
467 1843
468 1905
469 1074
470 349
471 2538
472 508
473 186
474 1550
475 1627
476 2752
477 1463
478 2703
479 470
480 1872
481 1523
482 1278
483 1105
484 1983
485 1342
486 321
487 1339
488 1352
489 2568
490 2412
491 685
492 2840
493 798
494 1130
495 2504
496 87
497 1293
498 1631
499 1688
500 1680
501 1743
502 1379
503 1954
504 897
505 768
506 1462
507 415
508 1376
509 1311
510 2079
511 2904
512 2902
513 2255
514 749
515 937
516 767
517 1021
518 24
519 240
520 2798
521 469
522 95
523 585
524 2424
525 574
526 1657
527 2619
528 188
529 2358
530 815
531 1022
532 1701
533 1107
534 2096
535 2173
536 367
537 371
538 4
539 374
540 90
541 789
542 1325
543 1019
544 2946
545 361
546 2115
547 2953
548 1771
549 1897
550 2111
551 455
552 192
553 2553
554 2495
555 2008
556 665
557 2142
558 1792
559 2447
560 296
561 1618
562 2842
563 627
564 2741
565 2311
566 1062
567 659
568 467
569 903
570 2701
571 1166
572 613
573 2313
574 1199
575 2415
576 1972
577 1564
578 1952
579 2821
580 1910
581 2999
582 1182
583 1651
584 1795
585 2278
586 202
587 414
588 927
589 2834
590 2739
591 947
592 2638
593 803
594 248
595 452
596 469
597 2644
598 821
599 364
600 417
601 676
602 1448
603 1023
604 1922
605 1096
606 2453
607 1994
608 2365
609 1693
610 2199
611 99
612 350
613 2299
614 1142
615 198
616 354
617 1434
618 2407
619 2957
620 1425
621 140
622 2584
623 144
624 2887
625 505
626 2772
627 1253
628 450
629 1701
630 2387
631 2347
632 2584
633 1976
634 2236
635 1273
636 471
637 166
638 2081
639 26
640 2956
641 1748
642 2576
643 2496
644 1854
645 1108
646 421
647 942
648 863
649 2969
650 1006
651 1914
652 925
653 1989
654 2882
655 93
656 2215
657 1244
658 55
659 1398
660 2646
661 1702
662 375
663 2491
664 2760
665 2120
666 1277
667 1661
668 1854
669 952
670 2867
671 1904
672 612
673 2386
674 1011
675 2549
676 1017
677 1889
678 1828
679 1243
680 769
681 1437
682 1025
683 1230
684 2261
685 809
686 916
687 1502
688 1833
689 1734
690 2748
691 1021
692 2365
693 612
694 2875
695 2110
696 2079
697 1860
698 2663
699 28
700 2221
701 1758
702 1375
703 806
704 502
705 1695
706 1434
707 1805
708 2674
709 1498
710 693
711 950
712 1879
713 2650
714 127
715 2433
716 64
717 2639
718 2286
719 2717
720 1684
721 2198
722 520
723 388
724 1105
725 455
726 1545
727 2410
728 2508
729 966
730 1283
731 990
732 629
733 2650
734 666
735 1705
736 1323
737 2472
738 2561
739 105
740 2267
741 1528
742 1933
743 923
744 113
745 299
746 1410
747 912
748 1945
749 1264
750 2302
751 2031
752 2330
753 467
754 1156
755 52
756 1824
757 2520
758 56
759 1810
760 2547
761 655
762 2352
763 2608
764 2246
765 512
766 357
767 2970
768 2908
769 736
770 36
771 287
772 1382
773 2713
774 1614
775 146
776 1776
777 2292
778 2385
779 855
780 427
781 394
782 1639
783 2630
784 1051
785 362
786 346
787 2639
788 406
789 2105
790 585
791 1471
792 1241
793 1107
794 2298
795 2460
796 927
797 160
798 2140
799 2830
800 2435
801 910
802 2062
803 1751
804 67
805 1930
806 1025
807 819
808 1513
809 1182
810 2267
811 1821
812 2367
813 2177
814 813
815 87
816 1225
817 1545
818 1202
819 379
820 2470
821 193
822 1791
823 367
824 2873
825 184
826 1757
827 1277
828 250
829 1314
830 1759
831 2755
832 892
833 2243
834 5

