377 0
0 81
1 191
2 1665
3 2216
4 540
5 2777
6 343
7 2424
8 2152
9 2310
10 1790
11 241
12 2315
13 624
14 1644
15 2230
16 1898
17 920
18 2178
19 646
20 2801
21 1878
22 2007
23 1199
24 92
25 2670
26 215
27 1196
28 2445
29 1945
30 1636
31 2045
32 1975
33 1089
34 873
35 2330
36 2274
37 361
38 15
39 965
40 633
41 97
42 142
43 1429
44 2075
45 2472
46 1152
47 2445
48 705
49 2907
50 2154
51 40
52 232
53 1618
54 1331
55 686
56 2033
57 2443
58 2223
59 2921
60 1537
61 2100
62 2008
63 1453
64 1881
65 2349
66 2014
67 1788
68 79
69 1138
70 941
71 632
72 437
73 2071
74 956
75 1597
76 1220
77 785
78 101
79 316
80 2869
81 983
82 726
83 1505
84 341
85 1297
86 2568
87 700
88 1593
89 754
90 1211
91 550
92 2398
93 797
94 2991
95 2768
96 2169
97 455
98 819
99 1931
100 641
101 2014
102 1144
103 1586
104 1640
105 702
106 2244
107 2258
108 1362
109 16
110 556
111 1012
112 2265
113 650
114 1313
115 2088
116 2611
117 725
118 2675
119 503
120 2877
121 2546
122 971
123 2046
124 569
125 1915
126 1789
127 949
128 2113
129 1641
130 734
131 2107
132 2197
133 2165
134 704
135 1753
136 1737
137 1918
138 2071
139 2483
140 2721
141 2009
142 1986
143 1484
144 2167
145 1915
146 2050
147 2171
148 298
149 734
150 1286
151 2305
152 2731
153 2155
154 816
155 2933
156 2773
157 2346
158 73
159 1985
160 2101
161 1584
162 420
163 2523
164 1563
165 2287
166 533
167 2831
168 1062
169 2674
170 244
171 2658
172 127
173 2594
174 153
175 674
176 1447
177 2536
178 2148
179 1961
180 1601
181 452
182 1595
183 2220
184 2788
185 813
186 332
187 1635
188 2438
189 1353
190 861
191 548
192 524
193 853
194 1232
195 856
196 2271
197 1514
198 2435
199 2620
200 1893
201 1676
202 2062
203 72
204 2979
205 47
206 388
207 1880
208 1015
209 2838
210 880
211 477
212 2203
213 2701
214 2973
215 1130
216 1320
217 2897
218 31
219 983
220 956
221 1772
222 598
223 1852
224 11
225 2275
226 2866
227 1788
228 303
229 2758
230 2439
231 1476
232 1664
233 2668
234 885
235 463
236 338
237 839
238 1501
239 344
240 2993
241 427
242 512
243 2100
244 1388
245 1012
246 577
247 1075
248 2890
249 695
250 2073
251 1184
252 428
253 50
254 1830
255 2514
256 1709
257 182
258 1760
259 2349
260 2832
261 2075
262 2516
263 831
264 2482
265 1643
266 1047
267 1223
268 1878
269 1591
270 2672
271 203
272 1011
273 2900
274 1638
275 2834
276 399
277 653
278 1837
279 1320
280 2191
281 1922
282 2601
283 670
284 1664
285 2610
286 1894
287 553
288 22
289 1143
290 1508
291 27
292 1132
293 483
294 2103
295 560
296 2220
297 2323
298 186
299 658
300 559
301 2360
302 459
303 2647
304 2840
305 1184
306 1300
307 1306
308 1833
309 164
310 1287
311 719
312 2599
313 915
314 324
315 2389
316 2111
317 32
318 717
319 1451
320 2738
321 2069
322 200
323 288
324 2058
325 1540
326 2388
327 546
328 2686
329 2789
330 2860
331 2217
332 306
333 1531
334 1470
335 2677
336 1528
337 871
338 2738
339 2410
340 771
341 101
342 1897
343 367
344 1392
345 2917
346 1539
347 1090
348 2165
349 66
350 429
351 1894
352 2448
353 2328
354 943
355 2244
356 2828
357 2536
358 2698
359 1612
360 2748
361 455
362 101
363 1692
364 1840
365 2537
366 2699
367 949
368 1663
369 2644
370 1812
371 2081
372 2949
373 1498
374 1296
375 177
376 26

