841 94
0 884
1 2057
2 184
3 2009
4 1813
5 599
6 2557
7 2589
8 1846
9 2157
10 2772
11 1935
12 837
13 953
14 2976
15 395
16 200
17 1315
18 1673
19 708
20 2365
21 112
22 1897
23 1637
24 2750
25 1023
26 464
27 2418
28 2067
29 1435
30 1317
31 1374
32 779
33 2709
34 1374
35 1524
36 145
37 1639
38 1779
39 2062
40 209
41 1844
42 2951
43 851
44 2426
45 787
46 98
47 2283
48 591
49 1689
50 2616
51 2580
52 625
53 2632
54 2422
55 1191
56 1597
57 1089
58 284
59 345
60 1146
61 344
62 1648
63 2664
64 2647
65 1769
66 372
67 1170
68 909
69 1832
70 2308
71 697
72 1043
73 458
74 741
75 2032
76 2334
77 1717
78 2266
79 98
80 977
81 178
82 1232
83 784
84 185
85 186
86 2233
87 595
88 743
89 1938
90 173
91 985
92 618
93 1924
94 1667
95 1308
96 701
97 2329
98 1333
99 1450
100 2543
101 2935
102 561
103 2477
104 841
105 1507
106 1455
107 1875
108 1700
109 663
110 1509
111 2400
112 2038
113 253
114 529
115 90
116 1264
117 1889
118 2496
119 233
120 187
121 1916
122 537
123 2672
124 559
125 1170
126 2459
127 2752
128 1354
129 2148
130 2628
131 2984
132 1037
133 231
134 2999
135 1329
136 880
137 2465
138 1603
139 2000
140 1045
141 6
142 1988
143 2271
144 2533
145 1675
146 2025
147 601
148 2972
149 420
150 1848
151 1745
152 2768
153 2888
154 100
155 379
156 480
157 2660
158 2616
159 946
160 1003
161 2145
162 1729
163 1947
164 2225
165 959
166 598
167 1542
168 1665
169 2367
170 213
171 513
172 1
173 1404
174 1867
175 1627
176 119
177 937
178 1337
179 2219
180 1100
181 2074
182 187
183 2724
184 1221
185 545
186 175
187 24
188 1177
189 2913
190 2849
191 1865
192 107
193 396
194 752
195 2467
196 2111
197 1998
198 1955
199 708
200 2162
201 568
202 1619
203 2566
204 12
205 2707
206 2254
207 1716
208 361
209 97
210 2090
211 386
212 704
213 1057
214 1775
215 2870
216 1739
217 1665
218 2610
219 1916
220 820
221 1508
222 1557
223 2992
224 354
225 1088
226 387
227 2259
228 65
229 762
230 1899
231 1055
232 2796
233 109
234 2956
235 1744
236 56
237 2916
238 2606
239 2776
240 2255
241 1849
242 2497
243 524
244 2583
245 947
246 1593
247 830
248 2438
249 2945
250 1712
251 259
252 121
253 398
254 2562
255 1730
256 1349
257 814
258 3000
259 1827
260 1124
261 1214
262 1534
263 45
264 1302
265 913
266 2914
267 2056
268 1313
269 2732
270 2900
271 2910
272 1528
273 765
274 1307
275 2922
276 58
277 2772
278 2076
279 785
280 2512
281 1218
282 2945
283 1568
284 1198
285 237
286 141
287 583
288 675
289 2219
290 2106
291 2352
292 2430
293 2932
294 1650
295 195
296 1229
297 162
298 170
299 1639
300 1737
301 2736
302 1906
303 922
304 1887
305 1688
306 711
307 2215
308 1094
309 2536
310 2418
311 1285
312 651
313 2456
314 2708
315 2764
316 2171
317 39
318 1705
319 1805
320 2973
321 1608
322 2842
323 71
324 1610
325 1683
326 503
327 881
328 1124
329 1056
330 2931
331 172
332 1272
333 1941
334 1686
335 1381
336 2585
337 336
338 693
339 2489
340 700
341 2134
342 1199
343 1756
344 525
345 2175
346 2357
347 1702
348 1990
349 2813
350 280
351 127
352 2766
353 656
354 575
355 577
356 178
357 439
358 2383
359 2507
360 2912
361 2902
362 1304
363 690
364 2203
365 2700
366 791
367 129
368 925
369 1743
370 296
371 1045
372 562
373 2966
374 2708
375 660
376 10
377 2599
378 945
379 1951
380 982
381 2147
382 1296
383 1126
384 1680
385 2840
386 2397
387 2370
388 724
389 229
390 1248
391 2455
392 1632
393 1955
394 1262
395 2220
396 349
397 1520
398 603
399 1987
400 2930
401 1065
402 492
403 2428
404 130
405 2308
406 893
407 2426
408 2449
409 2074
410 288
411 590
412 1967
413 2027
414 1377
415 71
416 1807
417 35
418 1062
419 752
420 484
421 2957
422 2850
423 2639
424 2550
425 2969
426 2490
427 1472
428 2041
429 852
430 12
431 2576
432 56
433 1694
434 1489
435 2894
436 2544
437 1128
438 1910
439 510
440 630
441 2542
442 2484
443 395
444 2773
445 2244
446 465
447 2316
448 1354
449 1832
450 95
451 2022
452 2912
453 2542
454 2581
455 1186
456 862
457 55
458 124
459 1080
460 2793
461 1860
462 978
463 2797
464 2808
465 105
466 630
467 187
468 83
469 2428
470 22
471 795
472 2704
473 163
474 28
475 2259
476 756
477 457
478 2333
479 2982
480 2390
481 58
482 1541
483 2966
484 641
485 2251
486 172
487 1466
488 455
489 2512
490 2484
491 1767
492 1710
493 1977
494 1617
495 378
496 540
497 363
498 522
499 1935
500 885
501 2928
502 1803
503 754
504 2050
505 2871
506 1696
507 764
508 1904
509 2739
510 2633
511 1469
512 1770
513 2610
514 173
515 588
516 2113
517 563
518 1523
519 1715
520 1556
521 1678
522 1106
523 2873
524 120
525 604
526 992
527 432
528 1485
529 2866
530 1937
531 1878
532 665
533 796
534 2061
535 1816
536 912
537 762
538 2541
539 2044
540 1113
541 1308
542 56
543 2364
544 2971
545 1631
546 568
547 27
548 1196
549 778
550 461
551 2972
552 694
553 1478
554 108
555 285
556 1960
557 1741
558 93
559 2069
560 2343
561 1891
562 1337
563 1872
564 2181
565 2243
566 1724
567 2290
568 1189
569 1985
570 286
571 751
572 859
573 2078
574 2611
575 19
576 2596
577 240
578 543
579 2970
580 2354
581 111
582 2050
583 1564
584 324
585 1907
586 20
587 911
588 1875
589 987
590 1142
591 916
592 703
593 983
594 1035
595 2711
596 651
597 1889
598 2328
599 520
600 1300
601 428
602 303
603 2689
604 1300
605 2098
606 71
607 1005
608 1826
609 1973
610 2943
611 1228
612 2926
613 2558
614 2681
615 2899
616 1982
617 1787
618 1700
619 1408
620 2841
621 1886
622 1824
623 2604
624 2118
625 261
626 1189
627 2934
628 1622
629 930
630 2881
631 911
632 969
633 311
634 1159
635 2531
636 2138
637 2873
638 813
639 99
640 1445
641 2748
642 1812
643 632
644 1225
645 748
646 912
647 2627
648 1021
649 463
650 349
651 782
652 1909
653 120
654 2026
655 2232
656 2682
657 2767
658 2249
659 1671
660 813
661 1222
662 1045
663 1367
664 1001
665 1892
666 1261
667 1411
668 44
669 2283
670 2590
671 2653
672 1178
673 806
674 2206
675 1272
676 1644
677 153
678 2426
679 1915
680 1120
681 560
682 2168
683 2131
684 1002
685 750
686 1765
687 1227
688 2996
689 128
690 886
691 2103
692 1155
693 2350
694 1662
695 1359
696 2772
697 1980
698 1707
699 2079
700 407
701 1609
702 1179
703 2911
704 1034
705 2341
706 1715
707 2446
708 595
709 1447
710 1928
711 111
712 521
713 1083
714 1999
715 426
716 2413
717 2445
718 2452
719 1155
720 2555
721 2199
722 218
723 843
724 2132
725 1357
726 1178
727 2552
728 2802
729 286
730 2356
731 96
732 2567
733 2053
734 1143
735 584
736 891
737 1810
738 2178
739 164
740 1295
741 2188
742 1196
743 1781
744 90
745 2853
746 1295
747 185
748 2088
749 610
750 2583
751 2422
752 2506
753 218
754 2541
755 1178
756 1510
757 596
758 1153
759 2479
760 1538
761 2200
762 2554
763 2692
764 621
765 665
766 1875
767 73
768 614
769 922
770 1958
771 1395
772 1468
773 2764
774 2026
775 1971
776 1642
777 1259
778 1997
779 1993
780 1559
781 1276
782 1642
783 1012
784 635
785 2457
786 1433
787 2127
788 167
789 744
790 806
791 49
792 2562
793 637
794 1158
795 1568
796 498
797 2355
798 2001
799 1451
800 1990
801 508
802 876
803 525
804 768
805 1686
806 1891
807 941
808 2773
809 167
810 780
811 892
812 1616
813 925
814 1210
815 1800
816 2588
817 579
818 2088
819 491
820 1571
821 2570
822 152
823 2506
824 1228
825 1483
826 1413
827 2048
828 1051
829 2303
830 957
831 1708
832 2025
833 2719
834 2329
835 2839
836 2174
837 2350
838 2608
839 1924
840 2720

