85 22
0 477
1 1467
2 2985
3 2808
4 1642
5 2968
6 1161
7 2175
8 248
9 592
10 2624
11 379
12 1785
13 2322
14 1491
15 2161
16 2627
17 728
18 2332
19 1443
20 902
21 2705
22 1560
23 1537
24 848
25 2573
26 487
27 1385
28 1006
29 194
30 754
31 1802
32 561
33 1001
34 2488
35 580
36 2958
37 2726
38 2336
39 488
40 2022
41 709
42 1034
43 2902
44 216
45 1918
46 2421
47 2027
48 2877
49 488
50 2037
51 155
52 2621
53 950
54 1690
55 161
56 2754
57 1404
58 249
59 1974
60 1776
61 358
62 2411
63 990
64 2300
65 1587
66 1675
67 882
68 1709
69 455
70 921
71 527
72 2092
73 1517
74 2732
75 2238
76 2101
77 2649
78 609
79 1916
80 140
81 2214
82 1508
83 203
84 2107

