297 54
0 713
1 290
2 524
3 1479
4 1006
5 302
6 884
7 1228
8 2083
9 4
10 2122
11 802
12 1396
13 1452
14 467
15 499
16 2166
17 2057
18 1448
19 994
20 123
21 1762
22 1501
23 2619
24 1174
25 338
26 2034
27 1664
28 1509
29 1693
30 2350
31 859
32 859
33 770
34 2705
35 1239
36 1201
37 1378
38 2673
39 747
40 740
41 2442
42 1670
43 1359
44 1894
45 941
46 497
47 2147
48 2277
49 2368
50 2129
51 1605
52 2919
53 2796
54 2773
55 785
56 2719
57 1238
58 1785
59 1237
60 2964
61 2154
62 2214
63 62
64 879
65 1155
66 1537
67 2157
68 1708
69 1696
70 2882
71 1476
72 2080
73 2523
74 954
75 1601
76 971
77 1771
78 2695
79 1139
80 2080
81 2158
82 844
83 52
84 2350
85 1830
86 2400
87 220
88 2205
89 2188
90 101
91 1312
92 1170
93 1105
94 15
95 620
96 2887
97 2670
98 2921
99 74
100 2972
101 1254
102 1514
103 2063
104 363
105 2611
106 2958
107 2568
108 1145
109 2849
110 2704
111 2923
112 2942
113 1688
114 275
115 2452
116 1810
117 408
118 2967
119 868
120 2544
121 2749
122 2024
123 2648
124 507
125 458
126 2670
127 721
128 1876
129 69
130 461
131 2359
132 234
133 1500
134 1438
135 433
136 1844
137 163
138 186
139 1818
140 914
141 1519
142 2037
143 2946
144 1069
145 548
146 2811
147 2518
148 2807
149 1871
150 1251
151 2007
152 2497
153 525
154 1568
155 1657
156 2550
157 336
158 666
159 654
160 2601
161 1326
162 2140
163 2856
164 1125
165 1652
166 2145
167 1640
168 26
169 2340
170 1635
171 1844
172 616
173 869
174 1523
175 2322
176 380
177 581
178 549
179 1151
180 1175
181 1294
182 1235
183 1776
184 1160
185 688
186 2021
187 690
188 1303
189 1044
190 48
191 184
192 2165
193 2083
194 2486
195 2356
196 1524
197 1735
198 743
199 2309
200 2726
201 1332
202 1417
203 23
204 1365
205 2451
206 1765
207 460
208 2928
209 320
210 442
211 1946
212 1266
213 2154
214 2284
215 1432
216 813
217 392
218 177
219 2137
220 2528
221 471
222 1139
223 1320
224 2581
225 940
226 1787
227 359
228 248
229 2367
230 2165
231 584
232 1288
233 392
234 2609
235 871
236 1544
237 1136
238 2082
239 967
240 2712
241 1092
242 1973
243 1779
244 1806
245 242
246 692
247 2928
248 1
249 2688
250 702
251 860
252 2127
253 1186
254 1316
255 2773
256 2524
257 1169
258 2608
259 216
260 1584
261 1661
262 1085
263 1578
264 1472
265 890
266 1960
267 2893
268 1082
269 1189
270 2156
271 1088
272 323
273 133
274 1163
275 2119
276 701
277 1687
278 2011
279 4
280 2200
281 1420
282 822
283 2814
284 1211
285 867
286 1073
287 867
288 395
289 786
290 2753
291 98
292 908
293 1500
294 2456
295 2201
296 115

