532 41
0 1667
1 815
2 1632
3 2012
4 1979
5 2049
6 2666
7 2180
8 411
9 2199
10 1244
11 2305
12 2074
13 2606
14 182
15 756
16 1657
17 709
18 1060
19 2823
20 24
21 2051
22 1064
23 1483
24 2180
25 495
26 2605
27 1540
28 2391
29 1211
30 1594
31 985
32 1916
33 1616
34 904
35 400
36 1575
37 163
38 1611
39 2096
40 15
41 1834
42 2807
43 2363
44 296
45 1717
46 2773
47 558
48 2508
49 221
50 2977
51 1963
52 1905
53 2142
54 297
55 198
56 2118
57 947
58 1260
59 686
60 2137
61 1325
62 2183
63 56
64 2387
65 678
66 19
67 298
68 2922
69 2327
70 379
71 22
72 1973
73 1520
74 1636
75 2569
76 2790
77 399
78 115
79 810
80 2110
81 2290
82 410
83 1001
84 2420
85 499
86 2271
87 610
88 1493
89 2087
90 2596
91 379
92 799
93 769
94 103
95 1186
96 441
97 1206
98 1001
99 1832
100 2434
101 54
102 2828
103 969
104 1798
105 52
106 561
107 2006
108 1988
109 996
110 2666
111 1654
112 611
113 562
114 1519
115 2189
116 2552
117 1748
118 1731
119 1400
120 2722
121 957
122 1807
123 1172
124 2071
125 1480
126 1041
127 328
128 1888
129 1479
130 1731
131 559
132 524
133 1661
134 2246
135 1554
136 261
137 2348
138 2244
139 321
140 2252
141 362
142 233
143 1851
144 551
145 1913
146 1666
147 2266
148 1261
149 630
150 731
151 2111
152 380
153 425
154 1288
155 698
156 433
157 2245
158 205
159 2558
160 1581
161 600
162 1279
163 560
164 1905
165 471
166 1464
167 2977
168 2447
169 1479
170 388
171 198
172 2651
173 1442
174 1156
175 2048
176 1981
177 2168
178 1675
179 1855
180 1139
181 473
182 1063
183 416
184 887
185 1400
186 118
187 157
188 1614
189 2237
190 1157
191 1868
192 2871
193 140
194 840
195 2925
196 1123
197 2739
198 2564
199 928
200 1834
201 1591
202 2262
203 1872
204 2951
205 2937
206 2482
207 1539
208 1513
209 810
210 56
211 2881
212 1046
213 2507
214 2810
215 1245
216 63
217 1791
218 1757
219 2295
220 1094
221 2032
222 2177
223 974
224 2561
225 1764
226 576
227 2060
228 21
229 2176
230 1892
231 2572
232 228
233 2134
234 1521
235 2661
236 2020
237 647
238 1827
239 2240
240 2536
241 1957
242 485
243 2728
244 624
245 2307
246 2925
247 1549
248 316
249 2174
250 1109
251 1421
252 2189
253 962
254 367
255 1624
256 1865
257 2833
258 873
259 987
260 274
261 1277
262 1178
263 97
264 1958
265 565
266 1745
267 2352
268 417
269 2145
270 1382
271 2522
272 1600
273 2153
274 2846
275 1909
276 2097
277 875
278 1505
279 390
280 2597
281 1382
282 1030
283 590
284 216
285 2365
286 2285
287 2559
288 548
289 1466
290 1105
291 2651
292 10
293 693
294 1575
295 2045
296 660
297 2353
298 2153
299 1935
300 2678
301 1713
302 659
303 1543
304 1681
305 77
306 702
307 1023
308 1525
309 415
310 2429
311 1987
312 2019
313 812
314 1440
315 1441
316 28
317 2775
318 2693
319 301
320 714
321 2517
322 2938
323 1782
324 156
325 2292
326 991
327 807
328 1145
329 661
330 2044
331 1490
332 607
333 1663
334 176
335 1923
336 2344
337 53
338 1230
339 1341
340 654
341 1834
342 1420
343 2124
344 1953
345 437
346 767
347 2117
348 2755
349 1291
350 1684
351 1098
352 1395
353 1556
354 1564
355 582
356 2449
357 1104
358 1287
359 1527
360 1629
361 1156
362 2997
363 1999
364 503
365 1833
366 1827
367 1765
368 1900
369 1143
370 2140
371 2697
372 2634
373 2301
374 2079
375 16
376 1261
377 1751
378 2502
379 1638
380 1935
381 1818
382 1666
383 727
384 437
385 2999
386 2902
387 1640
388 1926
389 1011
390 1740
391 1128
392 1968
393 394
394 709
395 1356
396 1744
397 1045
398 1693
399 905
400 870
401 42
402 1473
403 2178
404 1872
405 2542
406 2244
407 1211
408 335
409 2285
410 2076
411 221
412 2711
413 398
414 452
415 1480
416 650
417 771
418 1385
419 84
420 2021
421 1135
422 1595
423 1730
424 1777
425 1975
426 383
427 2929
428 1196
429 1795
430 378
431 1806
432 1151
433 2502
434 7
435 1352
436 434
437 2298
438 660
439 151
440 902
441 2934
442 958
443 944
444 2503
445 2198
446 1355
447 2942
448 758
449 2391
450 2230
451 1039
452 2686
453 73
454 2012
455 934
456 980
457 1644
458 367
459 1337
460 1433
461 48
462 2933
463 167
464 2265
465 1552
466 2338
467 1779
468 111
469 2449
470 2217
471 1488
472 637
473 2077
474 777
475 152
476 362
477 2971
478 1255
479 1992
480 2660
481 2309
482 1847
483 2431
484 2631
485 2710
486 734
487 2650
488 814
489 371
490 1241
491 1534
492 1676
493 1260
494 186
495 2985
496 706
497 1401
498 2710
499 1172
500 55
501 1635
502 2805
503 2942
504 1768
505 1519
506 1164
507 1713
508 1267
509 1200
510 2446
511 712
512 2956
513 183
514 2701
515 2543
516 840
517 1302
518 2226
519 250
520 1850
521 106
522 44
523 2018
524 1623
525 1026
526 1150
527 706
528 806
529 88
530 1167
531 2492

