597 25
0 1767
1 2085
2 1560
3 2272
4 1986
5 1609
6 2777
7 2174
8 1815
9 422
10 1022
11 2893
12 1599
13 1094
14 973
15 1066
16 1383
17 2000
18 1222
19 2234
20 2846
21 602
22 1033
23 1629
24 1686
25 1248
26 2703
27 1074
28 2429
29 2126
30 427
31 1076
32 115
33 324
34 823
35 2826
36 1113
37 1474
38 2066
39 2106
40 659
41 1052
42 2807
43 2504
44 2891
45 2838
46 1730
47 498
48 357
49 1380
50 596
51 922
52 1673
53 411
54 2849
55 345
56 2261
57 667
58 1906
59 935
60 1300
61 2323
62 204
63 1574
64 521
65 280
66 1043
67 2789
68 2887
69 208
70 1495
71 747
72 37
73 2637
74 2848
75 612
76 1970
77 1567
78 2408
79 2206
80 2668
81 63
82 1893
83 2940
84 2577
85 97
86 130
87 436
88 569
89 1285
90 491
91 851
92 490
93 662
94 1434
95 670
96 2751
97 2869
98 2755
99 2314
100 2307
101 105
102 2162
103 55
104 1604
105 2005
106 1706
107 2951
108 370
109 1621
110 2668
111 444
112 1884
113 2857
114 582
115 1806
116 787
117 812
118 899
119 528
120 2791
121 975
122 538
123 1695
124 1738
125 2334
126 2925
127 1436
128 2296
129 42
130 1696
131 2828
132 2126
133 2995
134 72
135 1303
136 2993
137 2609
138 1760
139 1003
140 2065
141 1281
142 2099
143 350
144 1843
145 225
146 390
147 786
148 623
149 656
150 1032
151 1611
152 847
153 1968
154 2427
155 1064
156 2838
157 2501
158 2805
159 2824
160 150
161 60
162 2529
163 359
164 2926
165 2005
166 2403
167 1058
168 1794
169 767
170 311
171 2218
172 604
173 1171
174 1786
175 2351
176 1446
177 1297
178 1189
179 1893
180 126
181 1108
182 687
183 2982
184 1254
185 1661
186 2766
187 614
188 1209
189 351
190 412
191 2665
192 2972
193 2225
194 2983
195 2337
196 237
197 1962
198 1935
199 1577
200 1519
201 599
202 406
203 2213
204 1362
205 1560
206 1421
207 2262
208 1202
209 751
210 147
211 2390
212 2380
213 166
214 2846
215 879
216 1843
217 768
218 724
219 1690
220 96
221 656
222 1347
223 1584
224 1883
225 1544
226 835
227 1052
228 1425
229 183
230 772
231 2172
232 2716
233 1767
234 2093
235 155
236 1598
237 2737
238 598
239 86
240 2997
241 2980
242 2627
243 2143
244 825
245 666
246 368
247 2486
248 1313
249 2784
250 1666
251 2362
252 848
253 2813
254 920
255 541
256 1547
257 2496
258 337
259 75
260 1247
261 465
262 557
263 571
264 2623
265 1873
266 1922
267 1763
268 1697
269 492
270 2741
271 793
272 547
273 408
274 2336
275 619
276 1694
277 2657
278 2615
279 2645
280 1682
281 1432
282 917
283 226
284 2246
285 2850
286 1946
287 467
288 2149
289 365
290 2284
291 2246
292 2412
293 1949
294 1752
295 1273
296 2412
297 456
298 2667
299 1840
300 2737
301 187
302 1523
303 1920
304 2594
305 1429
306 2597
307 1592
308 740
309 1010
310 1811
311 1163
312 937
313 1416
314 1392
315 1603
316 1382
317 2325
318 2735
319 2824
320 540
321 2692
322 1727
323 452
324 2692
325 1351
326 1149
327 1331
328 1831
329 834
330 128
331 97
332 1030
333 2343
334 1475
335 1201
336 2508
337 921
338 101
339 2728
340 2294
341 1857
342 2574
343 739
344 2679
345 643
346 2160
347 1861
348 2763
349 74
350 642
351 1377
352 2269
353 2589
354 1381
355 1936
356 2461
357 2415
358 1457
359 987
360 1722
361 2487
362 1590
363 1304
364 234
365 2307
366 1320
367 173
368 2904
369 1873
370 274
371 20
372 2196
373 1554
374 557
375 2605
376 8
377 2481
378 1087
379 236
380 2205
381 1587
382 175
383 338
384 2468
385 2890
386 2382
387 2538
388 2248
389 725
390 1443
391 2221
392 2408
393 2776
394 1661
395 1888
396 2370
397 1579
398 1849
399 2480
400 2388
401 1134
402 1969
403 2969
404 137
405 1819
406 438
407 671
408 2839
409 446
410 489
411 600
412 1279
413 443
414 847
415 1488
416 124
417 480
418 1900
419 2067
420 2624
421 930
422 396
423 636
424 235
425 2157
426 885
427 2749
428 2125
429 59
430 2882
431 454
432 1468
433 746
434 159
435 34
436 618
437 2824
438 1612
439 933
440 115
441 2423
442 1078
443 2944
444 1872
445 1090
446 862
447 1652
448 2351
449 512
450 643
451 2832
452 169
453 2945
454 903
455 1598
456 1765
457 408
458 2188
459 1516
460 962
461 78
462 428
463 2829
464 434
465 1886
466 2339
467 1813
468 1734
469 1600
470 625
471 1104
472 2907
473 2786
474 2581
475 2338
476 1696
477 876
478 281
479 2498
480 290
481 1596
482 1713
483 2612
484 550
485 2524
486 2632
487 1653
488 2614
489 2591
490 2963
491 54
492 865
493 113
494 730
495 1551
496 1935
497 1393
498 145
499 1394
500 452
501 803
502 199
503 1772
504 2949
505 1173
506 1013
507 2719
508 1118
509 2982
510 2921
511 2604
512 950
513 2853
514 818
515 2130
516 1820
517 1436
518 2750
519 147
520 437
521 2927
522 431
523 2374
524 2486
525 1350
526 439
527 59
528 584
529 1863
530 2070
531 2421
532 2526
533 1618
534 1585
535 2032
536 1651
537 2979
538 1931
539 1765
540 1183
541 884
542 835
543 1763
544 2449
545 2724
546 2771
547 526
548 14
549 1791
550 1531
551 2384
552 953
553 2566
554 230
555 2695
556 2417
557 2220
558 1566
559 1234
560 1831
561 2123
562 1549
563 2728
564 1047
565 972
566 888
567 2160
568 2085
569 2001
570 1768
571 2801
572 2063
573 2340
574 1912
575 2326
576 2992
577 45
578 2000
579 2869
580 871
581 473
582 211
583 480
584 24
585 1755
586 1361
587 269
588 926
589 1379
590 614
591 1405
592 1087
593 1782
594 1100
595 677
596 293

