122 17
0 1432
1 2711
2 2979
3 1683
4 22
5 1048
6 2026
7 878
8 1862
9 1102
10 2263
11 2385
12 2652
13 2984
14 2583
15 1937
16 1557
17 2620
18 1795
19 1088
20 278
21 1549
22 2465
23 2484
24 2048
25 2777
26 2823
27 2088
28 2205
29 1365
30 711
31 2445
32 1595
33 2972
34 2510
35 1269
36 2856
37 2539
38 987
39 698
40 1038
41 1049
42 1843
43 2603
44 2155
45 508
46 1224
47 2392
48 2577
49 193
50 2536
51 1854
52 1004
53 1899
54 1845
55 619
56 2568
57 989
58 771
59 2277
60 2128
61 1424
62 1056
63 1411
64 1402
65 130
66 1549
67 1104
68 1538
69 2302
70 2378
71 1286
72 446
73 552
74 2791
75 1565
76 1124
77 730
78 2207
79 2468
80 554
81 2101
82 2935
83 1837
84 479
85 2344
86 1797
87 1126
88 1450
89 2080
90 1518
91 826
92 2695
93 640
94 1160
95 462
96 2208
97 2692
98 1404
99 1252
100 2770
101 961
102 2039
103 2396
104 141
105 2187
106 2432
107 13
108 1873
109 1192
110 48
111 2182
112 2362
113 2531
114 308
115 213
116 931
117 1496
118 1271
119 446
120 1680
121 2242

