258 39
0 1617
1 2780
2 316
3 1842
4 2421
5 104
6 1968
7 929
8 194
9 2873
10 704
11 1235
12 582
13 1279
14 2228
15 2731
16 1335
17 425
18 2779
19 354
20 2897
21 2575
22 2307
23 2128
24 1191
25 826
26 2686
27 963
28 1380
29 1670
30 475
31 929
32 2726
33 1765
34 1014
35 2975
36 2239
37 2186
38 1197
39 1180
40 1146
41 760
42 1957
43 125
44 2946
45 2863
46 580
47 393
48 2322
49 2352
50 2236
51 1825
52 482
53 215
54 1981
55 662
56 924
57 1961
58 1075
59 2403
60 1940
61 2055
62 404
63 1290
64 330
65 2215
66 524
67 908
68 1409
69 2321
70 2469
71 2224
72 1220
73 2942
74 523
75 2999
76 2105
77 1013
78 942
79 1004
80 2864
81 9
82 1514
83 1733
84 718
85 2518
86 1309
87 2139
88 1762
89 2540
90 2143
91 2610
92 2464
93 2800
94 2326
95 42
96 1520
97 2723
98 1509
99 96
100 2390
101 113
102 1524
103 1767
104 1510
105 1281
106 2268
107 1956
108 2794
109 965
110 1511
111 1724
112 1832
113 1286
114 2662
115 2606
116 1495
117 1190
118 2660
119 598
120 572
121 2659
122 2473
123 504
124 2765
125 2144
126 1783
127 776
128 1518
129 2155
130 712
131 399
132 2975
133 1670
134 127
135 2684
136 1122
137 1505
138 902
139 1118
140 1844
141 847
142 937
143 847
144 835
145 1583
146 86
147 1071
148 1820
149 2687
150 1073
151 164
152 870
153 1950
154 1219
155 657
156 2186
157 2757
158 1701
159 1729
160 1967
161 2097
162 1478
163 632
164 884
165 2857
166 629
167 2318
168 629
169 1675
170 1448
171 959
172 903
173 1085
174 1617
175 621
176 1888
177 1471
178 2315
179 1522
180 169
181 24
182 2720
183 336
184 1381
185 1472
186 1808
187 2876
188 400
189 2857
190 2933
191 2944
192 1483
193 404
194 766
195 999
196 1757
197 2645
198 2196
199 2374
200 626
201 891
202 1695
203 128
204 1798
205 926
206 1406
207 1711
208 102
209 1877
210 564
211 172
212 2406
213 2822
214 1517
215 2583
216 1303
217 2758
218 791
219 2446
220 1518
221 2989
222 104
223 1107
224 318
225 1270
226 1173
227 2904
228 2458
229 1206
230 1244
231 1556
232 57
233 2016
234 2307
235 278
236 2406
237 2700
238 2975
239 1840
240 1501
241 2289
242 2627
243 1593
244 520
245 2424
246 2255
247 2409
248 2365
249 2053
250 701
251 2541
252 153
253 752
254 1146
255 2227
256 374
257 115

