381 8
0 1684
1 999
2 1141
3 2772
4 2143
5 1422
6 2102
7 1898
8 1051
9 625
10 2430
11 1416
12 319
13 606
14 287
15 1548
16 778
17 2922
18 613
19 1555
20 1910
21 1739
22 2445
23 2086
24 908
25 2199
26 722
27 1260
28 1408
29 409
30 2258
31 2967
32 1643
33 2745
34 2610
35 1895
36 680
37 1532
38 2686
39 1584
40 1000
41 761
42 628
43 2072
44 2598
45 155
46 1184
47 2621
48 1651
49 2872
50 794
51 2962
52 2866
53 278
54 707
55 397
56 952
57 2083
58 61
59 2594
60 1802
61 500
62 1974
63 1704
64 2925
65 2682
66 1566
67 891
68 2982
69 1589
70 1208
71 1633
72 2758
73 767
74 1166
75 2639
76 689
77 2310
78 218
79 1423
80 1546
81 1253
82 1360
83 1086
84 3000
85 1063
86 1224
87 1583
88 52
89 1934
90 2674
91 1375
92 1812
93 2
94 462
95 1420
96 2240
97 1575
98 2501
99 2742
100 1081
101 2309
102 1021
103 481
104 1607
105 165
106 872
107 1581
108 1785
109 2710
110 1247
111 2253
112 1417
113 1169
114 1772
115 1822
116 1957
117 818
118 1106
119 1452
120 1643
121 2632
122 523
123 1447
124 735
125 2105
126 2864
127 2827
128 2590
129 814
130 1904
131 1117
132 2452
133 2253
134 1344
135 1766
136 2747
137 1169
138 2666
139 2691
140 476
141 543
142 2421
143 2608
144 1161
145 660
146 63
147 1520
148 2842
149 2919
150 386
151 2649
152 2822
153 1478
154 2941
155 877
156 1582
157 1203
158 1906
159 428
160 1112
161 2105
162 2834
163 761
164 519
165 1837
166 1387
167 297
168 2192
169 206
170 533
171 1228
172 2622
173 2798
174 2474
175 2471
176 1303
177 1056
178 900
179 141
180 2388
181 670
182 2380
183 2515
184 1327
185 1314
186 838
187 2259
188 1040
189 2587
190 1411
191 2193
192 1111
193 448
194 2526
195 2443
196 1860
197 2291
198 344
199 922
200 1140
201 166
202 2418
203 919
204 1568
205 2904
206 437
207 1122
208 1364
209 403
210 1825
211 878
212 2368
213 543
214 315
215 2175
216 625
217 2056
218 2603
219 2845
220 1877
221 1753
222 126
223 2684
224 327
225 1737
226 2967
227 1647
228 1784
229 1512
230 2839
231 131
232 1803
233 1618
234 2236
235 801
236 1031
237 194
238 1152
239 1303
240 733
241 2548
242 2612
243 2838
244 103
245 1712
246 1347
247 190
248 1599
249 1296
250 2638
251 3000
252 2607
253 1119
254 2234
255 255
256 431
257 2765
258 1937
259 2294
260 2642
261 1765
262 1584
263 2551
264 505
265 2066
266 2746
267 2578
268 2276
269 133
270 1852
271 2184
272 820
273 2647
274 2321
275 1593
276 56
277 2814
278 1913
279 2106
280 945
281 1163
282 70
283 950
284 2469
285 120
286 16
287 2956
288 340
289 322
290 2745
291 1515
292 335
293 2875
294 185
295 2381
296 2780
297 2954
298 1698
299 1519
300 255
301 2976
302 1399
303 1719
304 1069
305 1804
306 441
307 1182
308 1447
309 1369
310 1008
311 1446
312 2288
313 718
314 1899
315 2062
316 1165
317 74
318 872
319 799
320 1159
321 1850
322 527
323 2437
324 1755
325 2196
326 1800
327 501
328 671
329 647
330 350
331 2744
332 282
333 425
334 1332
335 633
336 2131
337 2437
338 2622
339 721
340 1242
341 817
342 2846
343 2358
344 1995
345 1759
346 177
347 2862
348 344
349 984
350 1116
351 120
352 2591
353 2800
354 45
355 619
356 2639
357 246
358 64
359 2570
360 768
361 1220
362 1086
363 1073
364 2831
365 546
366 2206
367 2174
368 2584
369 329
370 1612
371 1223
372 116
373 142
374 1062
375 1142
376 2657
377 2835
378 2124
379 824
380 2293

