129 78
0 2781
1 1377
2 348
3 1570
4 247
5 2038
6 95
7 2166
8 1905
9 159
10 596
11 1515
12 604
13 2099
14 2361
15 2771
16 1983
17 2966
18 952
19 540
20 949
21 2371
22 1151
23 3000
24 17
25 2321
26 1823
27 2790
28 975
29 783
30 2238
31 2023
32 2816
33 1732
34 2889
35 1274
36 352
37 2981
38 2169
39 2273
40 2873
41 238
42 1280
43 507
44 2476
45 2650
46 1990
47 198
48 2729
49 1710
50 476
51 968
52 1069
53 2815
54 1134
55 1465
56 47
57 1799
58 122
59 2503
60 537
61 281
62 939
63 496
64 1207
65 1657
66 1242
67 751
68 950
69 864
70 832
71 250
72 2936
73 1248
74 2256
75 1718
76 2574
77 748
78 795
79 1615
80 603
81 502
82 1644
83 160
84 2519
85 978
86 2898
87 509
88 2594
89 1254
90 150
91 1146
92 1788
93 1323
94 2155
95 854
96 688
97 2189
98 2337
99 2727
100 506
101 1555
102 360
103 2336
104 1737
105 2255
106 586
107 2899
108 1980
109 1353
110 1734
111 711
112 2938
113 2855
114 1289
115 2267
116 1260
117 1596
118 1311
119 907
120 1974
121 1157
122 2587
123 951
124 1365
125 446
126 1076
127 1492
128 2750

