508 94
0 2027
1 2734
2 2755
3 60
4 1742
5 180
6 2682
7 351
8 2960
9 2042
10 573
11 288
12 2375
13 1072
14 536
15 1339
16 533
17 2240
18 2863
19 486
20 2731
21 2632
22 1289
23 146
24 1681
25 491
26 836
27 2656
28 1414
29 2566
30 2138
31 2784
32 17
33 1322
34 2652
35 834
36 1532
37 1861
38 423
39 2601
40 1809
41 409
42 2110
43 2580
44 1623
45 1234
46 1092
47 426
48 2865
49 385
50 293
51 2485
52 2807
53 409
54 203
55 2676
56 888
57 2988
58 1503
59 294
60 1729
61 2132
62 2016
63 2678
64 1242
65 24
66 1851
67 1230
68 1013
69 2808
70 2604
71 1151
72 668
73 1933
74 2595
75 2070
76 2970
77 2378
78 1282
79 2393
80 1532
81 441
82 113
83 2161
84 1203
85 1438
86 40
87 337
88 218
89 1243
90 2959
91 2936
92 2910
93 1011
94 37
95 1028
96 2470
97 2913
98 1578
99 1426
100 2103
101 1035
102 797
103 2751
104 2894
105 1962
106 2358
107 2461
108 2432
109 885
110 927
111 228
112 2309
113 1444
114 1655
115 2467
116 2527
117 262
118 596
119 1749
120 434
121 2498
122 129
123 2881
124 1253
125 2090
126 2955
127 1477
128 1909
129 436
130 272
131 1385
132 2373
133 1682
134 1061
135 1189
136 2418
137 1813
138 693
139 1019
140 2094
141 2951
142 2300
143 2129
144 2456
145 2868
146 1855
147 146
148 1674
149 1934
150 1005
151 775
152 1529
153 281
154 553
155 1954
156 941
157 2574
158 1639
159 2789
160 1979
161 977
162 125
163 766
164 1298
165 183
166 669
167 780
168 1525
169 2504
170 156
171 2545
172 1668
173 216
174 1765
175 2071
176 2163
177 2247
178 172
179 2174
180 765
181 2131
182 826
183 2931
184 986
185 134
186 1962
187 2721
188 1816
189 811
190 2842
191 87
192 507
193 650
194 2162
195 735
196 896
197 2420
198 590
199 1133
200 1603
201 800
202 1869
203 1075
204 2789
205 564
206 2218
207 1539
208 846
209 2041
210 2168
211 1138
212 636
213 1660
214 2192
215 959
216 732
217 1417
218 1278
219 518
220 1789
221 170
222 1100
223 422
224 2579
225 29
226 1252
227 1917
228 358
229 2730
230 642
231 1135
232 564
233 1028
234 2253
235 149
236 1724
237 658
238 981
239 837
240 594
241 598
242 2414
243 2817
244 161
245 2934
246 2311
247 2224
248 1220
249 252
250 2677
251 864
252 2551
253 2309
254 655
255 1249
256 222
257 1271
258 1269
259 2172
260 1755
261 2266
262 1963
263 852
264 1074
265 884
266 334
267 1774
268 1001
269 843
270 2752
271 2074
272 1461
273 1525
274 2280
275 233
276 2263
277 197
278 1209
279 2923
280 1647
281 2712
282 1955
283 1778
284 362
285 2812
286 1136
287 440
288 2972
289 2446
290 190
291 2782
292 2143
293 626
294 2909
295 2206
296 2351
297 1634
298 2458
299 2360
300 938
301 726
302 1320
303 2943
304 1317
305 848
306 1979
307 131
308 1180
309 2494
310 331
311 1568
312 2505
313 1601
314 235
315 297
316 2995
317 1697
318 2746
319 348
320 1206
321 1394
322 2145
323 236
324 2064
325 638
326 1572
327 1966
328 457
329 16
330 918
331 1745
332 1228
333 2417
334 1475
335 1600
336 1906
337 2523
338 1239
339 2876
340 2135
341 362
342 2268
343 1176
344 1785
345 677
346 898
347 1068
348 855
349 1717
350 408
351 433
352 2413
353 449
354 8
355 2802
356 449
357 673
358 1423
359 2441
360 2740
361 555
362 816
363 2866
364 519
365 2426
366 1824
367 334
368 750
369 2314
370 2734
371 2437
372 2639
373 2816
374 725
375 430
376 1192
377 2737
378 2425
379 2246
380 2663
381 277
382 141
383 593
384 1509
385 1300
386 2217
387 870
388 1659
389 2611
390 1714
391 1298
392 1793
393 1430
394 2422
395 2145
396 1128
397 1020
398 108
399 2402
400 883
401 2479
402 2756
403 2938
404 2451
405 1788
406 1236
407 1732
408 1682
409 2653
410 2719
411 1401
412 665
413 540
414 263
415 2442
416 446
417 2715
418 259
419 1384
420 387
421 384
422 596
423 908
424 915
425 2330
426 785
427 624
428 948
429 910
430 959
431 2000
432 127
433 2106
434 996
435 2781
436 1161
437 1007
438 1161
439 2510
440 2788
441 1344
442 1172
443 1758
444 1590
445 2706
446 1271
447 2028
448 531
449 1320
450 576
451 2218
452 2705
453 2735
454 1223
455 1671
456 363
457 1692
458 910
459 1155
460 1405
461 129
462 2361
463 13
464 1752
465 1325
466 324
467 691
468 34
469 2822
470 458
471 404
472 660
473 737
474 795
475 1488
476 1737
477 175
478 1898
479 2865
480 2457
481 2705
482 2080
483 5
484 396
485 2620
486 993
487 2208
488 1402
489 1174
490 2902
491 1100
492 2213
493 2943
494 1696
495 1678
496 2042
497 2466
498 431
499 2806
500 2815
501 1800
502 475
503 1169
504 2981
505 442
506 679
507 837

