918 16
0 2760
1 2846
2 1778
3 1339
4 2179
5 1810
6 403
7 68
8 1632
9 92
10 2833
11 1471
12 2125
13 1439
14 1621
15 612
16 2151
17 2454
18 1405
19 656
20 2056
21 1207
22 145
23 2236
24 997
25 945
26 648
27 2426
28 615
29 2794
30 966
31 952
32 2005
33 2186
34 2824
35 853
36 2782
37 702
38 1952
39 1930
40 2445
41 1478
42 586
43 1515
44 1599
45 1786
46 2778
47 2569
48 485
49 379
50 2588
51 2737
52 511
53 2154
54 389
55 892
56 485
57 2345
58 2039
59 218
60 1327
61 2659
62 2174
63 263
64 2488
65 1998
66 1108
67 2558
68 5
69 2925
70 843
71 1801
72 2730
73 1684
74 2471
75 360
76 2847
77 2153
78 2484
79 1533
80 2139
81 2311
82 2822
83 1792
84 2402
85 2779
86 963
87 788
88 967
89 2521
90 2445
91 538
92 2580
93 1135
94 432
95 2755
96 1967
97 497
98 315
99 1540
100 2167
101 2397
102 2580
103 2511
104 1367
105 1148
106 2044
107 815
108 1450
109 626
110 172
111 117
112 415
113 2067
114 912
115 2738
116 134
117 2866
118 1358
119 2821
120 2171
121 895
122 2416
123 728
124 2895
125 847
126 1351
127 1892
128 2880
129 1225
130 735
131 547
132 1446
133 1169
134 1213
135 501
136 1243
137 892
138 2425
139 1533
140 1043
141 962
142 2282
143 422
144 1704
145 74
146 2785
147 2281
148 545
149 135
150 2210
151 312
152 2638
153 1173
154 1538
155 2661
156 1968
157 2158
158 1426
159 936
160 873
161 1619
162 300
163 2491
164 2544
165 1427
166 557
167 1654
168 2508
169 1342
170 1411
171 2690
172 1409
173 168
174 2393
175 1246
176 1318
177 66
178 1993
179 2183
180 1559
181 908
182 333
183 47
184 1544
185 2260
186 2067
187 2239
188 1649
189 64
190 1441
191 2293
192 2007
193 2762
194 1200
195 592
196 2301
197 19
198 2392
199 961
200 2118
201 175
202 1832
203 1005
204 331
205 1514
206 1340
207 2801
208 2123
209 86
210 1928
211 2191
212 1719
213 2339
214 975
215 2331
216 223
217 1683
218 1086
219 1856
220 936
221 1989
222 134
223 1943
224 144
225 1906
226 26
227 2529
228 1761
229 1065
230 442
231 369
232 1279
233 331
234 2876
235 1741
236 719
237 2659
238 2426
239 1937
240 1891
241 918
242 436
243 1016
244 1826
245 1297
246 967
247 126
248 1570
249 92
250 1293
251 1240
252 2831
253 620
254 2416
255 514
256 723
257 892
258 1383
259 1064
260 38
261 1820
262 1122
263 350
264 838
265 2444
266 876
267 1418
268 1278
269 1
270 2958
271 1990
272 2742
273 347
274 2552
275 2620
276 2317
277 899
278 37
279 1891
280 1048
281 1037
282 869
283 1629
284 1884
285 2057
286 1944
287 2741
288 2448
289 2730
290 1872
291 2460
292 624
293 532
294 2672
295 1636
296 1879
297 1574
298 451
299 2176
300 303
301 165
302 2446
303 2953
304 1883
305 2762
306 985
307 583
308 518
309 744
310 1842
311 1112
312 187
313 145
314 1539
315 417
316 834
317 2266
318 2208
319 12
320 1152
321 2902
322 2083
323 918
324 281
325 2756
326 1051
327 211
328 2253
329 1512
330 2947
331 2560
332 2237
333 563
334 598
335 1084
336 2148
337 405
338 104
339 1422
340 1623
341 1378
342 26
343 2324
344 1822
345 1872
346 1272
347 1679
348 2330
349 1754
350 1772
351 1611
352 896
353 688
354 336
355 2388
356 151
357 2328
358 423
359 1683
360 16
361 2467
362 376
363 2301
364 25
365 732
366 336
367 869
368 1621
369 2996
370 1310
371 618
372 2383
373 269
374 668
375 1921
376 469
377 722
378 851
379 183
380 2384
381 2719
382 694
383 2170
384 1645
385 182
386 2552
387 2379
388 1274
389 518
390 1112
391 1761
392 766
393 1247
394 1473
395 2427
396 2778
397 2388
398 2192
399 1782
400 2071
401 1262
402 2180
403 2212
404 2883
405 1852
406 1742
407 2645
408 2155
409 522
410 1009
411 2565
412 1655
413 297
414 229
415 2197
416 1628
417 1415
418 2272
419 951
420 891
421 1064
422 1813
423 677
424 115
425 1979
426 453
427 1801
428 693
429 298
430 2547
431 1010
432 1772
433 1484
434 2723
435 903
436 2012
437 650
438 1785
439 119
440 2239
441 91
442 2118
443 648
444 2862
445 1323
446 978
447 377
448 561
449 2665
450 2036
451 2366
452 1457
453 2700
454 2133
455 330
456 1113
457 2391
458 87
459 141
460 1319
461 1831
462 731
463 1138
464 1062
465 533
466 678
467 2686
468 2456
469 160
470 1405
471 2603
472 825
473 1643
474 441
475 952
476 1531
477 754
478 2943
479 1726
480 2621
481 2615
482 1420
483 99
484 2292
485 240
486 239
487 1399
488 1453
489 476
490 1810
491 2886
492 1039
493 1367
494 2942
495 2615
496 768
497 0
498 233
499 1894
500 2826
501 573
502 2004
503 2295
504 2516
505 1856
506 1359
507 733
508 769
509 847
510 1824
511 782
512 2919
513 2377
514 434
515 642
516 563
517 1836
518 7
519 1776
520 1044
521 188
522 414
523 2640
524 601
525 772
526 2020
527 477
528 1628
529 389
530 255
531 1730
532 2522
533 1035
534 1358
535 591
536 1131
537 1054
538 1657
539 1079
540 1311
541 2461
542 2247
543 1136
544 2898
545 1143
546 1343
547 1936
548 448
549 796
550 666
551 2193
552 1101
553 625
554 1575
555 2586
556 1625
557 2502
558 744
559 2619
560 393
561 1868
562 499
563 1604
564 1738
565 1346
566 657
567 140
568 854
569 2391
570 1967
571 2034
572 2283
573 1719
574 2135
575 1151
576 1437
577 2238
578 450
579 572
580 1830
581 2323
582 2260
583 2849
584 1723
585 1580
586 2247
587 807
588 1742
589 1821
590 741
591 2110
592 195
593 744
594 577
595 761
596 1032
597 2954
598 2495
599 667
600 2104
601 2345
602 1938
603 236
604 925
605 933
606 513
607 2165
608 2478
609 589
610 23
611 965
612 342
613 2011
614 1743
615 1424
616 499
617 296
618 1779
619 1390
620 2448
621 1495
622 657
623 947
624 2646
625 1474
626 738
627 1581
628 1344
629 1863
630 278
631 2061
632 532
633 2171
634 2588
635 190
636 693
637 1375
638 2144
639 1334
640 2333
641 663
642 2424
643 2677
644 542
645 2069
646 537
647 1396
648 1362
649 2801
650 1548
651 2061
652 2339
653 920
654 1377
655 2363
656 681
657 2279
658 1464
659 749
660 206
661 2942
662 2116
663 2619
664 2966
665 311
666 1739
667 729
668 625
669 2654
670 2654
671 1275
672 87
673 2195
674 1538
675 2690
676 1608
677 2391
678 2943
679 1482
680 307
681 551
682 2302
683 1912
684 81
685 302
686 1363
687 2380
688 72
689 1008
690 1831
691 749
692 399
693 271
694 2325
695 2319
696 2429
697 652
698 1739
699 1317
700 1685
701 1460
702 1521
703 78
704 2778
705 1457
706 2033
707 2284
708 1773
709 966
710 1358
711 2788
712 1710
713 2710
714 1325
715 1947
716 991
717 2700
718 2740
719 1287
720 408
721 1235
722 1051
723 2777
724 711
725 974
726 625
727 1832
728 131
729 2104
730 807
731 1385
732 2182
733 1880
734 393
735 1921
736 928
737 2891
738 1348
739 521
740 2075
741 1034
742 855
743 296
744 2332
745 1610
746 215
747 685
748 2283
749 2335
750 952
751 487
752 394
753 879
754 1466
755 110
756 69
757 2459
758 1055
759 1818
760 1011
761 1017
762 2918
763 1877
764 1625
765 1760
766 2478
767 1894
768 2119
769 1581
770 2997
771 1759
772 2337
773 1224
774 2913
775 239
776 2062
777 2219
778 336
779 1051
780 426
781 2903
782 2295
783 425
784 2125
785 720
786 2947
787 1265
788 767
789 2414
790 905
791 2572
792 605
793 2608
794 2633
795 1224
796 303
797 1475
798 672
799 204
800 894
801 2778
802 871
803 537
804 85
805 592
806 1188
807 1330
808 2885
809 297
810 1828
811 1600
812 2529
813 809
814 2484
815 1343
816 1447
817 1748
818 2911
819 528
820 2917
821 2949
822 136
823 2258
824 645
825 1107
826 2837
827 863
828 2241
829 118
830 2883
831 2526
832 1624
833 1365
834 1704
835 2361
836 1928
837 1181
838 1546
839 19
840 852
841 994
842 2488
843 1040
844 1535
845 2535
846 1521
847 2017
848 2451
849 237
850 2322
851 1347
852 688
853 1636
854 1159
855 1484
856 782
857 2658
858 1805
859 1258
860 1024
861 1483
862 1056
863 650
864 79
865 798
866 2220
867 155
868 2597
869 2082
870 874
871 1121
872 2041
873 219
874 212
875 2852
876 2873
877 1638
878 993
879 210
880 296
881 2942
882 2918
883 2270
884 1288
885 1524
886 2302
887 1133
888 103
889 2213
890 800
891 279
892 1576
893 494
894 425
895 2641
896 1783
897 507
898 447
899 2837
900 2943
901 895
902 1836
903 1651
904 2580
905 2053
906 2393
907 2865
908 2231
909 2045
910 2789
911 2864
912 1107
913 952
914 364
915 2841
916 138
917 967

