672 38
0 2848
1 957
2 67
3 1700
4 1583
5 2667
6 2534
7 2575
8 2016
9 1001
10 937
11 1272
12 1100
13 2951
14 2787
15 1088
16 1541
17 2075
18 2191
19 2001
20 1338
21 1997
22 71
23 304
24 1505
25 547
26 2045
27 1840
28 1718
29 1305
30 964
31 1220
32 849
33 594
34 597
35 553
36 2616
37 1006
38 2651
39 2023
40 1047
41 783
42 1925
43 2211
44 593
45 2532
46 518
47 2212
48 807
49 497
50 1682
51 1221
52 2659
53 1198
54 2144
55 2915
56 1146
57 2707
58 1045
59 2806
60 149
61 275
62 1392
63 1356
64 833
65 2483
66 1192
67 984
68 1163
69 1301
70 1757
71 2149
72 501
73 1980
74 547
75 2229
76 1337
77 64
78 2689
79 1738
80 2889
81 2174
82 2478
83 2835
84 1150
85 2945
86 1904
87 2720
88 104
89 1879
90 791
91 2547
92 1225
93 2119
94 543
95 1115
96 2388
97 2823
98 1278
99 384
100 1982
101 1671
102 2348
103 169
104 1182
105 1320
106 1211
107 780
108 823
109 2049
110 423
111 2153
112 993
113 2243
114 1127
115 186
116 1197
117 1678
118 2870
119 1383
120 2283
121 2739
122 1467
123 395
124 793
125 575
126 270
127 1222
128 769
129 1947
130 2606
131 327
132 1757
133 2176
134 2963
135 1376
136 1840
137 2886
138 1455
139 1560
140 531
141 2906
142 762
143 1728
144 1645
145 1227
146 1136
147 1493
148 1241
149 2128
150 89
151 1864
152 898
153 415
154 2148
155 225
156 117
157 1350
158 905
159 1689
160 2569
161 288
162 1308
163 1622
164 2619
165 447
166 876
167 2605
168 2129
169 2619
170 2436
171 2045
172 577
173 2884
174 1712
175 1106
176 335
177 2430
178 459
179 2716
180 295
181 1235
182 1927
183 1331
184 2669
185 2149
186 1965
187 1968
188 276
189 332
190 760
191 267
192 1192
193 2198
194 2522
195 837
196 1060
197 1049
198 2447
199 1659
200 112
201 2406
202 2903
203 1783
204 922
205 1379
206 1300
207 723
208 585
209 2335
210 2914
211 1818
212 1342
213 2119
214 1271
215 2279
216 2249
217 1344
218 497
219 182
220 412
221 2020
222 2000
223 1377
224 1357
225 1441
226 2497
227 1278
228 2722
229 1077
230 2764
231 2795
232 1302
233 1115
234 598
235 1212
236 2581
237 497
238 565
239 2116
240 2560
241 280
242 2233
243 98
244 898
245 422
246 1388
247 2721
248 413
249 605
250 1494
251 845
252 823
253 2912
254 1112
255 1369
256 2262
257 719
258 2474
259 2305
260 236
261 571
262 874
263 66
264 1100
265 1687
266 176
267 2162
268 1404
269 2525
270 1125
271 2913
272 1133
273 211
274 1107
275 480
276 2090
277 1709
278 305
279 2703
280 661
281 2968
282 2356
283 2214
284 857
285 333
286 2695
287 2171
288 1598
289 1193
290 464
291 1825
292 1566
293 597
294 1422
295 2562
296 1146
297 2554
298 1333
299 677
300 81
301 613
302 2373
303 2996
304 2691
305 89
306 2875
307 268
308 156
309 700
310 2071
311 2763
312 2996
313 647
314 1991
315 2966
316 2514
317 599
318 2680
319 2694
320 2850
321 1526
322 1463
323 1343
324 2405
325 774
326 207
327 403
328 2966
329 2004
330 416
331 2330
332 372
333 2964
334 1050
335 534
336 210
337 99
338 2382
339 245
340 854
341 1988
342 1662
343 753
344 1754
345 2140
346 1161
347 1316
348 903
349 29
350 2443
351 1826
352 2476
353 2377
354 183
355 656
356 1732
357 496
358 978
359 264
360 1004
361 2927
362 1383
363 106
364 1011
365 539
366 829
367 1939
368 923
369 2268
370 2918
371 1807
372 2768
373 2753
374 2027
375 2734
376 1595
377 2571
378 572
379 401
380 2546
381 115
382 499
383 2722
384 1837
385 346
386 2679
387 835
388 2025
389 1433
390 1151
391 2445
392 571
393 1155
394 1057
395 526
396 416
397 292
398 488
399 1808
400 1189
401 2236
402 784
403 87
404 1969
405 849
406 1201
407 843
408 652
409 1386
410 300
411 770
412 2465
413 2907
414 2129
415 2747
416 1009
417 1500
418 2015
419 116
420 775
421 1800
422 55
423 100
424 1027
425 1509
426 1209
427 2864
428 2916
429 2808
430 1644
431 2803
432 237
433 2425
434 1083
435 851
436 2788
437 409
438 2608
439 470
440 2974
441 2053
442 2533
443 2527
444 794
445 2384
446 817
447 2157
448 326
449 1259
450 2866
451 949
452 1893
453 684
454 301
455 2679
456 1739
457 916
458 1081
459 2907
460 2058
461 1638
462 2815
463 2216
464 1294
465 172
466 77
467 234
468 580
469 1969
470 771
471 1173
472 1305
473 1226
474 2491
475 59
476 2357
477 1121
478 2857
479 2151
480 543
481 1410
482 1405
483 1298
484 1091
485 438
486 2785
487 1319
488 2614
489 1451
490 485
491 54
492 1381
493 1884
494 395
495 2904
496 285
497 2359
498 2983
499 2409
500 1102
501 1840
502 35
503 2826
504 2869
505 2628
506 2644
507 2258
508 2681
509 1648
510 1202
511 2359
512 2682
513 359
514 339
515 809
516 1746
517 2063
518 2190
519 2555
520 1959
521 1788
522 2428
523 2051
524 1670
525 1514
526 280
527 2450
528 1875
529 1719
530 2628
531 1087
532 1027
533 508
534 1707
535 1172
536 1263
537 1102
538 1735
539 133
540 1705
541 161
542 2733
543 2092
544 156
545 1164
546 2084
547 1156
548 2251
549 1132
550 2922
551 2746
552 1670
553 2705
554 2669
555 599
556 731
557 1118
558 1163
559 2242
560 1756
561 841
562 1707
563 2184
564 1975
565 2075
566 2460
567 2865
568 1539
569 2295
570 2451
571 2973
572 1235
573 1483
574 446
575 2234
576 445
577 2074
578 819
579 2012
580 2660
581 131
582 952
583 2973
584 2183
585 1849
586 1495
587 2632
588 153
589 2108
590 1038
591 1389
592 1975
593 472
594 1735
595 1053
596 2601
597 2185
598 633
599 290
600 1093
601 1457
602 1200
603 732
604 925
605 808
606 1439
607 2833
608 1139
609 1847
610 2038
611 1774
612 709
613 985
614 1798
615 1560
616 2142
617 1997
618 1039
619 1030
620 1410
621 2393
622 2147
623 112
624 1427
625 138
626 2314
627 2457
628 242
629 1904
630 461
631 2971
632 2666
633 2998
634 2972
635 1757
636 708
637 217
638 1900
639 1373
640 989
641 2806
642 2055
643 1627
644 2966
645 834
646 732
647 497
648 613
649 615
650 1856
651 1837
652 1782
653 1521
654 389
655 1419
656 113
657 1268
658 231
659 499
660 2245
661 328
662 2575
663 1015
664 1283
665 1705
666 1033
667 717
668 760
669 407
670 1105
671 460

