905 82
0 1689
1 462
2 938
3 1779
4 2870
5 2380
6 1425
7 1545
8 386
9 158
10 500
11 2448
12 1265
13 718
14 2713
15 1643
16 303
17 197
18 2705
19 266
20 924
21 1442
22 486
23 2528
24 533
25 819
26 1241
27 74
28 1185
29 133
30 1967
31 2190
32 1065
33 1602
34 983
35 1433
36 2504
37 2962
38 1254
39 2993
40 2718
41 2728
42 2854
43 991
44 1665
45 1848
46 2886
47 2169
48 695
49 2675
50 1554
51 1594
52 1561
53 0
54 1090
55 843
56 1672
57 1722
58 631
59 2537
60 1936
61 1192
62 1624
63 2561
64 1947
65 994
66 2837
67 2393
68 1448
69 2565
70 182
71 312
72 1073
73 2306
74 142
75 998
76 244
77 444
78 880
79 1953
80 268
81 2955
82 2760
83 1834
84 2729
85 1265
86 1116
87 2027
88 1245
89 2594
90 1784
91 803
92 2449
93 824
94 258
95 1945
96 425
97 1697
98 293
99 2388
100 1263
101 1533
102 155
103 2297
104 269
105 1401
106 966
107 2436
108 1595
109 109
110 2160
111 774
112 2527
113 1200
114 47
115 832
116 2526
117 696
118 2192
119 140
120 1635
121 2641
122 761
123 2500
124 454
125 407
126 2582
127 405
128 2138
129 2356
130 50
131 2770
132 432
133 1125
134 184
135 2924
136 231
137 2167
138 298
139 1847
140 2720
141 1868
142 2645
143 1344
144 343
145 2071
146 1747
147 1579
148 2084
149 1266
150 2868
151 1761
152 2973
153 2603
154 567
155 1950
156 583
157 1182
158 2991
159 2340
160 2625
161 2183
162 2256
163 10
164 961
165 2690
166 2009
167 2112
168 2764
169 247
170 2959
171 240
172 2427
173 2224
174 1165
175 1906
176 944
177 1476
178 2605
179 1759
180 441
181 1011
182 1285
183 2767
184 1668
185 528
186 2396
187 1121
188 2968
189 2379
190 2823
191 2421
192 796
193 2283
194 901
195 1689
196 2679
197 1993
198 673
199 1600
200 1321
201 2169
202 479
203 559
204 1828
205 584
206 881
207 2398
208 1773
209 473
210 407
211 2083
212 2056
213 1440
214 2192
215 1511
216 1011
217 553
218 1287
219 165
220 1623
221 1202
222 1805
223 1346
224 1221
225 2549
226 2708
227 606
228 833
229 2870
230 1166
231 2052
232 1716
233 797
234 1777
235 1490
236 2381
237 1452
238 854
239 5
240 885
241 1551
242 187
243 91
244 829
245 964
246 951
247 1688
248 1173
249 624
250 1199
251 417
252 2912
253 637
254 1129
255 33
256 9
257 2758
258 1975
259 1722
260 1360
261 2263
262 169
263 870
264 1348
265 1837
266 1240
267 177
268 941
269 782
270 2600
271 590
272 438
273 1995
274 2219
275 1741
276 303
277 1560
278 77
279 826
280 2693
281 2545
282 2134
283 2772
284 853
285 1240
286 1607
287 599
288 382
289 1562
290 2776
291 1937
292 2529
293 2773
294 217
295 2189
296 1635
297 1926
298 1208
299 348
300 1114
301 1659
302 1978
303 2893
304 1651
305 504
306 1163
307 2402
308 539
309 1657
310 2033
311 1362
312 372
313 787
314 66
315 236
316 2582
317 2365
318 636
319 326
320 535
321 2415
322 1822
323 1078
324 284
325 1345
326 236
327 249
328 2424
329 2179
330 212
331 2169
332 2322
333 2827
334 2615
335 1292
336 2927
337 1431
338 90
339 2533
340 1929
341 525
342 1156
343 889
344 822
345 441
346 2519
347 2544
348 2077
349 170
350 1546
351 855
352 2417
353 72
354 1116
355 1607
356 2967
357 1310
358 2926
359 710
360 1252
361 377
362 2489
363 2311
364 929
365 2315
366 627
367 1228
368 1200
369 2685
370 1521
371 1294
372 2366
373 196
374 641
375 743
376 1617
377 284
378 2726
379 1216
380 1744
381 1463
382 2000
383 2712
384 2758
385 617
386 1681
387 1790
388 457
389 2096
390 1859
391 1390
392 751
393 61
394 2563
395 518
396 592
397 2217
398 2033
399 621
400 1791
401 30
402 1181
403 1192
404 182
405 1405
406 483
407 2560
408 328
409 2676
410 2574
411 2591
412 2531
413 95
414 2380
415 2227
416 2343
417 2063
418 1543
419 1885
420 2029
421 2103
422 2502
423 316
424 531
425 2050
426 1132
427 1667
428 285
429 125
430 1429
431 2080
432 552
433 2658
434 2833
435 1723
436 1248
437 149
438 884
439 2632
440 647
441 2177
442 2171
443 2933
444 1195
445 1539
446 377
447 669
448 309
449 663
450 2448
451 821
452 1509
453 1436
454 2086
455 1462
456 1145
457 2807
458 984
459 984
460 245
461 2198
462 2910
463 1252
464 2671
465 1070
466 603
467 858
468 378
469 1457
470 2005
471 2985
472 231
473 1090
474 897
475 1262
476 611
477 2214
478 1046
479 453
480 1846
481 2198
482 1597
483 31
484 2332
485 234
486 1856
487 2622
488 675
489 117
490 2415
491 685
492 2179
493 662
494 2142
495 955
496 458
497 2808
498 2338
499 774
500 2724
501 117
502 2359
503 1633
504 2111
505 1969
506 2492
507 1462
508 2452
509 2293
510 1318
511 916
512 1764
513 65
514 2439
515 2777
516 57
517 386
518 1811
519 1304
520 496
521 1804
522 2098
523 2817
524 2144
525 2187
526 680
527 612
528 1642
529 2489
530 193
531 2400
532 1783
533 2926
534 2361
535 1162
536 1849
537 1517
538 1808
539 2522
540 2826
541 2721
542 1371
543 1618
544 243
545 44
546 1061
547 269
548 2469
549 338
550 878
551 2278
552 2560
553 2534
554 2067
555 2019
556 2100
557 2422
558 452
559 1080
560 878
561 113
562 2029
563 316
564 1280
565 2068
566 2604
567 2313
568 1969
569 913
570 1768
571 1633
572 2403
573 1324
574 1328
575 753
576 189
577 1520
578 1464
579 940
580 2486
581 1125
582 955
583 811
584 2991
585 1658
586 1754
587 2588
588 2293
589 1021
590 1398
591 1918
592 1301
593 1370
594 1634
595 2036
596 786
597 1650
598 594
599 973
600 653
601 2742
602 2094
603 405
604 2953
605 625
606 1032
607 2888
608 1598
609 1748
610 1059
611 1834
612 1355
613 1673
614 2940
615 1237
616 2531
617 318
618 2937
619 2892
620 1074
621 1921
622 799
623 2779
624 2746
625 1463
626 1648
627 844
628 964
629 571
630 2464
631 1378
632 2625
633 97
634 1268
635 1419
636 2174
637 978
638 2940
639 349
640 1547
641 2741
642 2508
643 1014
644 714
645 2156
646 80
647 657
648 1831
649 1674
650 2854
651 2159
652 169
653 1669
654 2473
655 137
656 577
657 94
658 1148
659 1316
660 460
661 516
662 1730
663 2244
664 1333
665 430
666 404
667 275
668 2768
669 940
670 2216
671 2398
672 2546
673 2164
674 2031
675 2072
676 2788
677 2687
678 366
679 1387
680 2280
681 2297
682 2436
683 750
684 2409
685 1248
686 1365
687 1158
688 794
689 1863
690 829
691 989
692 2563
693 1021
694 1309
695 950
696 439
697 2385
698 1258
699 478
700 109
701 429
702 2632
703 217
704 737
705 2704
706 2324
707 893
708 1260
709 2451
710 2237
711 566
712 702
713 944
714 478
715 1420
716 506
717 1078
718 1430
719 1928
720 2351
721 1759
722 528
723 1627
724 982
725 866
726 77
727 1448
728 259
729 2725
730 2752
731 2967
732 1866
733 38
734 1397
735 356
736 390
737 1035
738 1887
739 1152
740 967
741 941
742 2185
743 2593
744 1082
745 1775
746 1082
747 90
748 2687
749 773
750 2512
751 2381
752 443
753 726
754 2308
755 2574
756 1736
757 281
758 1665
759 1468
760 2778
761 1256
762 2453
763 2918
764 1720
765 10
766 2443
767 1831
768 2270
769 606
770 2654
771 2561
772 291
773 2797
774 823
775 863
776 2154
777 863
778 2979
779 2384
780 1393
781 815
782 731
783 1676
784 2733
785 622
786 2384
787 2531
788 2361
789 1462
790 2138
791 999
792 842
793 325
794 282
795 1541
796 1263
797 1664
798 1783
799 2104
800 68
801 280
802 2443
803 2322
804 702
805 2348
806 208
807 2678
808 1576
809 1577
810 883
811 7
812 866
813 1026
814 732
815 2604
816 1821
817 543
818 2218
819 2043
820 1292
821 2464
822 213
823 601
824 831
825 2141
826 1481
827 2198
828 1797
829 576
830 1525
831 947
832 2960
833 2655
834 2398
835 1751
836 1160
837 2618
838 480
839 74
840 40
841 1375
842 1019
843 1230
844 1885
845 2142
846 2998
847 721
848 187
849 887
850 1847
851 1121
852 234
853 2434
854 1376
855 1613
856 2498
857 1145
858 177
859 2439
860 2030
861 2162
862 2681
863 1124
864 1196
865 2464
866 0
867 1622
868 1466
869 1456
870 2006
871 953
872 780
873 2556
874 162
875 1192
876 1118
877 1803
878 2828
879 1123
880 1523
881 1562
882 710
883 2228
884 209
885 2526
886 1464
887 2651
888 1317
889 481
890 741
891 2138
892 1817
893 1480
894 1104
895 2859
896 175
897 1759
898 1801
899 3000
900 551
901 753
902 1097
903 1935
904 2952

