784 48
0 1628
1 520
2 83
3 1667
4 2955
5 2878
6 124
7 556
8 1574
9 229
10 1491
11 1142
12 820
13 2149
14 1381
15 1212
16 1178
17 186
18 47
19 1440
20 1922
21 1913
22 2498
23 1329
24 1433
25 644
26 1061
27 1272
28 565
29 225
30 2351
31 723
32 2840
33 1287
34 1817
35 1044
36 591
37 1025
38 666
39 1196
40 2479
41 745
42 2744
43 1039
44 2140
45 861
46 654
47 2977
48 1243
49 101
50 671
51 844
52 2255
53 2492
54 2258
55 2398
56 206
57 1270
58 1281
59 1007
60 2268
61 1831
62 1602
63 2944
64 1153
65 2073
66 1351
67 294
68 468
69 1296
70 1883
71 2437
72 1751
73 986
74 2030
75 1425
76 120
77 71
78 960
79 1514
80 355
81 1584
82 1963
83 2715
84 818
85 267
86 1021
87 623
88 100
89 328
90 882
91 1091
92 742
93 1023
94 1215
95 1724
96 2483
97 2037
98 193
99 1976
100 2577
101 1549
102 680
103 2691
104 1678
105 2799
106 664
107 2768
108 111
109 1101
110 2679
111 2084
112 2140
113 1302
114 1583
115 1410
116 273
117 1
118 2531
119 1820
120 1831
121 244
122 1503
123 2317
124 143
125 2830
126 1441
127 2022
128 101
129 1786
130 1770
131 2023
132 2962
133 1085
134 2961
135 183
136 73
137 1295
138 2774
139 1283
140 1843
141 1365
142 459
143 2360
144 1751
145 971
146 900
147 2054
148 2690
149 1379
150 1251
151 154
152 2410
153 1949
154 2674
155 1579
156 85
157 1481
158 1231
159 1080
160 1088
161 2074
162 1850
163 1889
164 2870
165 1549
166 2265
167 2528
168 1842
169 2478
170 885
171 2881
172 1446
173 2982
174 380
175 2659
176 1526
177 1016
178 2022
179 1352
180 2068
181 451
182 280
183 2752
184 1868
185 1236
186 1054
187 175
188 1010
189 477
190 83
191 592
192 630
193 1461
194 1831
195 572
196 1526
197 1770
198 2901
199 1571
200 2594
201 595
202 1099
203 2680
204 373
205 1296
206 1848
207 2632
208 2035
209 1058
210 712
211 2871
212 2243
213 890
214 2190
215 2722
216 1373
217 1598
218 1850
219 2324
220 1487
221 1315
222 1637
223 2908
224 2330
225 1669
226 1167
227 1761
228 1996
229 829
230 449
231 1784
232 999
233 2906
234 2485
235 1864
236 2385
237 1436
238 2432
239 2447
240 1408
241 1359
242 1318
243 2775
244 2327
245 1073
246 1969
247 892
248 473
249 2312
250 2366
251 2221
252 769
253 2511
254 144
255 2762
256 1805
257 1232
258 244
259 222
260 358
261 2878
262 1774
263 2943
264 322
265 1191
266 235
267 671
268 2434
269 1485
270 632
271 801
272 1276
273 1747
274 1674
275 1778
276 1594
277 2153
278 1193
279 575
280 1894
281 2967
282 2302
283 172
284 48
285 1068
286 758
287 860
288 388
289 2908
290 135
291 795
292 371
293 374
294 2932
295 188
296 1897
297 901
298 1533
299 905
300 2721
301 2384
302 1173
303 2372
304 0
305 2412
306 363
307 2414
308 1346
309 1765
310 300
311 2138
312 2080
313 830
314 2466
315 739
316 1678
317 242
318 173
319 2951
320 295
321 2536
322 1800
323 150
324 876
325 2430
326 1823
327 72
328 2550
329 1925
330 2016
331 976
332 1030
333 774
334 491
335 208
336 1185
337 1412
338 1700
339 1030
340 2528
341 32
342 1564
343 1682
344 1919
345 877
346 1962
347 934
348 2449
349 2112
350 402
351 2912
352 129
353 2762
354 2829
355 597
356 1836
357 287
358 1777
359 1586
360 398
361 36
362 2161
363 1523
364 790
365 1712
366 1147
367 206
368 185
369 2599
370 1198
371 1072
372 2603
373 1212
374 525
375 1900
376 17
377 2428
378 1218
379 1819
380 2746
381 871
382 563
383 922
384 2417
385 1769
386 1880
387 1216
388 486
389 2442
390 970
391 1086
392 2012
393 506
394 2701
395 480
396 544
397 2087
398 2256
399 1786
400 967
401 138
402 1271
403 1145
404 2243
405 1424
406 49
407 1690
408 1364
409 48
410 2176
411 691
412 420
413 2297
414 2900
415 1834
416 213
417 2402
418 2005
419 2659
420 95
421 1368
422 2001
423 1653
424 563
425 2457
426 2367
427 886
428 1211
429 56
430 442
431 675
432 459
433 56
434 961
435 403
436 2292
437 355
438 1882
439 803
440 587
441 2418
442 2476
443 1740
444 2506
445 1326
446 1656
447 2627
448 2106
449 2804
450 414
451 2124
452 500
453 877
454 1777
455 36
456 157
457 2227
458 1764
459 2177
460 1435
461 1163
462 2750
463 285
464 329
465 1921
466 624
467 922
468 2599
469 1806
470 471
471 2715
472 1317
473 52
474 1625
475 2065
476 2175
477 1570
478 1750
479 207
480 2001
481 368
482 2726
483 2643
484 103
485 525
486 587
487 2673
488 1126
489 1362
490 2388
491 1864
492 2420
493 2418
494 1612
495 1867
496 2581
497 1198
498 556
499 2813
500 2399
501 2342
502 2336
503 540
504 915
505 916
506 168
507 1566
508 1355
509 1268
510 1963
511 2528
512 1213
513 2247
514 2435
515 2819
516 1893
517 1116
518 398
519 1029
520 1244
521 1731
522 2530
523 2843
524 2072
525 382
526 1096
527 2766
528 870
529 2226
530 1825
531 2320
532 1747
533 2502
534 2563
535 2719
536 2688
537 1153
538 1568
539 278
540 1924
541 810
542 2315
543 1013
544 2749
545 349
546 1830
547 2338
548 1705
549 2407
550 2921
551 2561
552 545
553 2963
554 90
555 2327
556 591
557 2835
558 2113
559 2043
560 2305
561 1649
562 886
563 2984
564 2735
565 1672
566 2317
567 1171
568 1252
569 156
570 1261
571 227
572 1199
573 1495
574 1552
575 459
576 2623
577 1319
578 2776
579 2579
580 1776
581 849
582 785
583 495
584 2924
585 1784
586 1857
587 359
588 1514
589 843
590 1787
591 90
592 796
593 1017
594 429
595 2087
596 767
597 1115
598 1498
599 879
600 1458
601 2103
602 2286
603 1498
604 1030
605 2779
606 2298
607 1533
608 2803
609 2849
610 2837
611 332
612 651
613 2641
614 766
615 505
616 2010
617 472
618 52
619 2200
620 456
621 2950
622 1802
623 676
624 395
625 1395
626 2434
627 2624
628 88
629 1832
630 2737
631 141
632 2469
633 2596
634 2249
635 1039
636 2038
637 1311
638 2387
639 2483
640 950
641 2315
642 257
643 2902
644 1623
645 617
646 2185
647 2613
648 2530
649 694
650 1348
651 1299
652 854
653 1986
654 2894
655 2561
656 2543
657 2666
658 2048
659 2375
660 2281
661 2845
662 461
663 1408
664 1416
665 2572
666 349
667 2436
668 977
669 422
670 1801
671 335
672 1587
673 1669
674 1985
675 880
676 1649
677 1649
678 203
679 935
680 1996
681 2172
682 571
683 1818
684 801
685 1686
686 613
687 1722
688 2718
689 789
690 1853
691 645
692 1259
693 1085
694 1623
695 630
696 541
697 2883
698 2723
699 12
700 2121
701 2576
702 1934
703 2328
704 1732
705 1216
706 2027
707 232
708 1472
709 255
710 391
711 2624
712 2393
713 1166
714 823
715 2310
716 2871
717 915
718 2253
719 2842
720 741
721 2140
722 2371
723 1676
724 2108
725 1126
726 1777
727 612
728 416
729 942
730 2777
731 2094
732 464
733 906
734 1432
735 1556
736 1812
737 143
738 275
739 797
740 1662
741 755
742 2007
743 423
744 1462
745 1571
746 82
747 906
748 1351
749 1191
750 1512
751 1315
752 559
753 1146
754 1126
755 1638
756 313
757 786
758 714
759 1897
760 92
761 1202
762 775
763 1781
764 1858
765 650
766 1693
767 1935
768 19
769 6
770 1773
771 896
772 1902
773 2418
774 1253
775 2631
776 942
777 344
778 1745
779 575
780 936
781 819
782 1823
783 2102

