571 26
0 141
1 173
2 1994
3 515
4 79
5 2565
6 2220
7 258
8 2196
9 1312
10 635
11 1868
12 2394
13 2117
14 2588
15 605
16 2232
17 615
18 28
19 23
20 1940
21 1063
22 1193
23 184
24 1108
25 1862
26 2673
27 2900
28 335
29 2441
30 821
31 2123
32 854
33 1596
34 2098
35 848
36 880
37 790
38 1126
39 707
40 2862
41 469
42 1888
43 1892
44 417
45 2905
46 1594
47 547
48 1418
49 1375
50 2173
51 417
52 2571
53 528
54 1773
55 249
56 2231
57 1778
58 2285
59 2271
60 2893
61 762
62 1822
63 2867
64 1189
65 1039
66 1445
67 511
68 1651
69 991
70 1628
71 2290
72 711
73 506
74 2256
75 2126
76 1431
77 2512
78 439
79 550
80 2048
81 1132
82 1688
83 1278
84 1203
85 2483
86 2806
87 2539
88 1657
89 2118
90 2711
91 1688
92 2560
93 1917
94 120
95 1056
96 171
97 2108
98 2819
99 931
100 34
101 158
102 2774
103 50
104 2349
105 1487
106 1341
107 1990
108 2885
109 1363
110 1138
111 601
112 706
113 2471
114 1293
115 2991
116 2428
117 1925
118 2451
119 2229
120 2357
121 1453
122 2785
123 1013
124 338
125 2368
126 407
127 2329
128 306
129 483
130 1258
131 190
132 392
133 1157
134 39
135 627
136 1618
137 2157
138 776
139 207
140 912
141 1169
142 2541
143 2672
144 357
145 1544
146 803
147 638
148 75
149 2750
150 651
151 1836
152 1423
153 875
154 846
155 1101
156 1856
157 1268
158 2991
159 2327
160 1671
161 1378
162 824
163 935
164 1873
165 1564
166 2666
167 928
168 1061
169 33
170 700
171 2548
172 1553
173 1631
174 2996
175 914
176 299
177 971
178 2302
179 1155
180 2392
181 1343
182 1816
183 1245
184 1239
185 2332
186 540
187 418
188 1065
189 2443
190 2410
191 2148
192 2744
193 794
194 2224
195 1588
196 794
197 2212
198 2535
199 2835
200 1690
201 2983
202 2444
203 1570
204 485
205 733
206 2665
207 1427
208 2247
209 343
210 2657
211 822
212 1476
213 119
214 738
215 1126
216 1137
217 327
218 240
219 1247
220 679
221 2944
222 2375
223 2610
224 241
225 1613
226 1630
227 1313
228 1041
229 1064
230 1754
231 2074
232 1047
233 235
234 2179
235 9
236 1743
237 849
238 1588
239 842
240 1293
241 2040
242 923
243 1475
244 330
245 554
246 1401
247 1572
248 313
249 1764
250 2041
251 157
252 81
253 2334
254 358
255 2905
256 1622
257 81
258 1349
259 1232
260 1656
261 530
262 1305
263 739
264 2239
265 560
266 1797
267 2433
268 935
269 2455
270 2589
271 2004
272 2931
273 782
274 2154
275 1837
276 1926
277 2881
278 2351
279 2967
280 1398
281 2795
282 1162
283 260
284 910
285 521
286 2384
287 428
288 1644
289 1281
290 2572
291 2811
292 396
293 329
294 2677
295 1011
296 1428
297 540
298 1609
299 2965
300 1657
301 886
302 2192
303 888
304 1635
305 2866
306 2954
307 2854
308 466
309 2116
310 1941
311 1402
312 2432
313 1045
314 1235
315 2219
316 2533
317 251
318 2779
319 1373
320 2804
321 1282
322 525
323 1777
324 1865
325 255
326 66
327 2731
328 2486
329 1425
330 2841
331 1189
332 1626
333 1713
334 1192
335 2206
336 541
337 874
338 476
339 1344
340 2610
341 2851
342 188
343 992
344 1461
345 949
346 1124
347 81
348 857
349 746
350 1758
351 10
352 2186
353 693
354 2248
355 626
356 1093
357 559
358 2456
359 167
360 1163
361 1154
362 1651
363 2573
364 1868
365 1813
366 2940
367 2255
368 585
369 969
370 1650
371 594
372 469
373 2627
374 1197
375 1327
376 1074
377 531
378 1382
379 280
380 1220
381 87
382 2638
383 256
384 202
385 404
386 2670
387 2726
388 2283
389 1240
390 2906
391 2344
392 65
393 1294
394 1777
395 2422
396 1451
397 2432
398 2041
399 720
400 2537
401 1646
402 2631
403 1097
404 700
405 319
406 1684
407 1859
408 413
409 1355
410 2446
411 1046
412 1847
413 430
414 1100
415 1423
416 2448
417 144
418 897
419 491
420 2646
421 1630
422 708
423 198
424 670
425 173
426 385
427 1440
428 327
429 957
430 45
431 3000
432 2889
433 1545
434 862
435 1428
436 54
437 1111
438 2154
439 2563
440 440
441 1321
442 1574
443 268
444 278
445 1353
446 1948
447 946
448 986
449 1922
450 2530
451 2841
452 2992
453 1243
454 2681
455 2617
456 14
457 2574
458 559
459 2805
460 1677
461 1306
462 1766
463 1585
464 1779
465 447
466 1157
467 1666
468 841
469 605
470 2932
471 334
472 1846
473 1080
474 1260
475 281
476 391
477 2517
478 1193
479 176
480 1199
481 2881
482 1032
483 2413
484 2742
485 2449
486 501
487 1685
488 1396
489 1902
490 826
491 2418
492 1676
493 1869
494 1529
495 658
496 2678
497 1763
498 2607
499 915
500 2106
501 1205
502 2320
503 2652
504 1098
505 1050
506 2923
507 774
508 484
509 2860
510 2617
511 1912
512 1622
513 2238
514 1319
515 504
516 2171
517 1926
518 811
519 1338
520 2033
521 1239
522 475
523 911
524 1460
525 705
526 457
527 2607
528 2445
529 1267
530 2497
531 2227
532 1519
533 1310
534 2170
535 2872
536 1517
537 2562
538 413
539 2446
540 2062
541 2372
542 1644
543 1045
544 2451
545 1256
546 1531
547 1758
548 847
549 709
550 1134
551 559
552 2968
553 2674
554 2333
555 1901
556 2806
557 1921
558 1138
559 1301
560 2721
561 2222
562 696
563 997
564 670
565 2136
566 1760
567 2717
568 1286
569 1657
570 1040

