959 75
0 285
1 2809
2 2604
3 2728
4 2947
5 2815
6 327
7 1773
8 2058
9 1671
10 2077
11 715
12 2120
13 1941
14 2288
15 1649
16 1979
17 2148
18 2032
19 225
20 2105
21 2206
22 2895
23 2613
24 1395
25 849
26 2848
27 926
28 467
29 731
30 1610
31 2264
32 795
33 1174
34 2517
35 659
36 321
37 1623
38 1088
39 544
40 1924
41 65
42 1951
43 2536
44 513
45 1552
46 1601
47 1544
48 465
49 954
50 2811
51 1317
52 1788
53 1879
54 1798
55 1965
56 915
57 2246
58 2038
59 1945
60 2524
61 125
62 335
63 2611
64 1454
65 1270
66 1734
67 1996
68 2995
69 235
70 288
71 1344
72 1251
73 1998
74 1148
75 316
76 1757
77 1454
78 341
79 1860
80 1844
81 748
82 1296
83 1162
84 383
85 1226
86 511
87 2239
88 373
89 365
90 2869
91 2579
92 2241
93 551
94 2966
95 144
96 2325
97 2988
98 959
99 990
100 2250
101 2889
102 2294
103 1827
104 704
105 948
106 1937
107 0
108 1959
109 751
110 960
111 2524
112 1302
113 272
114 992
115 1265
116 269
117 917
118 155
119 1415
120 2702
121 1612
122 2972
123 760
124 1473
125 1760
126 748
127 1120
128 869
129 608
130 1954
131 2079
132 71
133 633
134 1272
135 1428
136 2147
137 2533
138 1856
139 1010
140 1474
141 65
142 215
143 526
144 70
145 2238
146 1771
147 2664
148 2019
149 1167
150 2372
151 477
152 1943
153 1390
154 1990
155 222
156 654
157 1046
158 61
159 839
160 1035
161 847
162 396
163 836
164 1179
165 59
166 814
167 665
168 2160
169 1123
170 2553
171 1842
172 1090
173 1531
174 1796
175 1682
176 1200
177 899
178 1175
179 1945
180 2837
181 341
182 1158
183 1722
184 2594
185 1720
186 597
187 2640
188 817
189 1890
190 957
191 2253
192 898
193 2050
194 490
195 2796
196 1509
197 1315
198 1968
199 895
200 373
201 2612
202 2176
203 878
204 1667
205 2033
206 1261
207 2391
208 2360
209 140
210 1344
211 2375
212 138
213 2348
214 369
215 1482
216 2909
217 2001
218 881
219 1343
220 274
221 502
222 1444
223 1457
224 45
225 130
226 1655
227 2548
228 1568
229 1744
230 2918
231 1073
232 2845
233 2748
234 829
235 1113
236 1644
237 2317
238 844
239 641
240 320
241 2059
242 311
243 1253
244 1387
245 514
246 566
247 744
248 2729
249 2369
250 2873
251 2977
252 1061
253 2935
254 2218
255 2579
256 195
257 1334
258 292
259 1774
260 1311
261 1705
262 651
263 320
264 2783
265 2547
266 2875
267 1116
268 909
269 1115
270 1546
271 401
272 2866
273 1675
274 2847
275 929
276 2292
277 1226
278 1192
279 2446
280 2419
281 2370
282 2260
283 158
284 153
285 21
286 2915
287 1290
288 1417
289 437
290 2360
291 2595
292 2284
293 2242
294 60
295 1610
296 1389
297 1297
298 674
299 15
300 1511
301 1091
302 2123
303 2451
304 2520
305 175
306 992
307 1331
308 1811
309 356
310 785
311 2844
312 334
313 1727
314 2075
315 640
316 930
317 1659
318 354
319 586
320 2647
321 2139
322 2980
323 1950
324 2561
325 1883
326 89
327 973
328 688
329 2786
330 2487
331 1110
332 80
333 1680
334 362
335 2361
336 656
337 1873
338 983
339 1835
340 2534
341 1351
342 1330
343 1150
344 1803
345 2105
346 1515
347 179
348 1336
349 2788
350 1872
351 1211
352 2191
353 1083
354 741
355 2632
356 395
357 1612
358 2121
359 322
360 1507
361 999
362 44
363 627
364 1212
365 1990
366 2275
367 1317
368 2637
369 1415
370 2978
371 356
372 1995
373 260
374 2455
375 416
376 470
377 1332
378 2018
379 101
380 1388
381 1859
382 211
383 2868
384 492
385 2029
386 255
387 358
388 1806
389 2598
390 994
391 1239
392 1053
393 2015
394 513
395 1208
396 125
397 2770
398 242
399 2090
400 1893
401 1354
402 711
403 1526
404 2360
405 2355
406 2125
407 2134
408 1968
409 2046
410 2614
411 1223
412 1775
413 2388
414 1537
415 344
416 1385
417 839
418 204
419 2865
420 120
421 2845
422 1927
423 679
424 1589
425 2502
426 2811
427 2753
428 175
429 827
430 2090
431 963
432 1226
433 607
434 882
435 2088
436 1031
437 1707
438 211
439 460
440 1247
441 264
442 691
443 2824
444 1597
445 1033
446 1302
447 1281
448 153
449 382
450 1745
451 1281
452 782
453 2619
454 819
455 2033
456 2929
457 2402
458 2746
459 1053
460 37
461 110
462 1688
463 2427
464 126
465 581
466 1158
467 182
468 1474
469 704
470 1475
471 2742
472 968
473 1541
474 476
475 2545
476 404
477 1745
478 1371
479 2055
480 679
481 2509
482 1886
483 1505
484 178
485 2564
486 2330
487 746
488 357
489 313
490 2978
491 815
492 1207
493 2507
494 2830
495 2515
496 1940
497 1450
498 2528
499 2425
500 2661
501 2419
502 2705
503 1124
504 1254
505 2333
506 1683
507 2059
508 1463
509 2603
510 1858
511 1496
512 1148
513 1060
514 1926
515 2751
516 1167
517 545
518 1969
519 2426
520 203
521 2935
522 2213
523 1914
524 1671
525 1370
526 2816
527 963
528 1425
529 1851
530 877
531 1509
532 786
533 1655
534 850
535 2645
536 344
537 2987
538 962
539 1660
540 2025
541 2674
542 2082
543 482
544 1005
545 2828
546 2955
547 594
548 102
549 1802
550 887
551 1034
552 1951
553 2618
554 2441
555 985
556 721
557 305
558 2375
559 1371
560 1835
561 363
562 1869
563 813
564 2199
565 116
566 1004
567 145
568 1949
569 2523
570 2144
571 2533
572 2981
573 1138
574 277
575 2748
576 623
577 2951
578 2858
579 354
580 316
581 339
582 2609
583 863
584 612
585 40
586 891
587 824
588 5
589 1141
590 2051
591 2372
592 2553
593 1568
594 1962
595 1326
596 2391
597 2273
598 394
599 1789
600 1791
601 32
602 1578
603 2989
604 318
605 589
606 696
607 1061
608 590
609 694
610 1244
611 60
612 1209
613 2554
614 565
615 1297
616 2758
617 2160
618 876
619 1489
620 68
621 2295
622 1763
623 1676
624 2788
625 2187
626 1899
627 1886
628 2511
629 1331
630 2282
631 1780
632 1783
633 1450
634 1364
635 1317
636 2647
637 2300
638 1383
639 2937
640 882
641 157
642 561
643 36
644 1776
645 334
646 982
647 1642
648 3
649 2785
650 173
651 2028
652 657
653 522
654 844
655 2010
656 235
657 812
658 477
659 904
660 1880
661 130
662 1266
663 1775
664 1517
665 654
666 1358
667 13
668 1971
669 2313
670 1425
671 593
672 2461
673 1978
674 2209
675 1707
676 1795
677 1549
678 2865
679 2247
680 2548
681 1303
682 2992
683 1619
684 2447
685 1255
686 544
687 2455
688 729
689 2857
690 1332
691 2386
692 1014
693 2086
694 335
695 2106
696 1230
697 1284
698 986
699 821
700 357
701 2197
702 2275
703 2944
704 829
705 585
706 1377
707 2623
708 2146
709 952
710 2960
711 1975
712 1377
713 997
714 1230
715 2067
716 2786
717 1548
718 1874
719 749
720 2290
721 150
722 2257
723 2528
724 2661
725 828
726 2885
727 1697
728 915
729 1849
730 800
731 1607
732 2342
733 2368
734 154
735 71
736 2738
737 379
738 1515
739 1107
740 2341
741 1399
742 1194
743 1239
744 1543
745 2080
746 2398
747 225
748 2024
749 2753
750 2550
751 67
752 841
753 2422
754 370
755 1294
756 2272
757 462
758 1523
759 2540
760 962
761 150
762 23
763 457
764 2006
765 1513
766 228
767 665
768 880
769 1692
770 2317
771 1716
772 769
773 1937
774 1351
775 217
776 2881
777 1180
778 1154
779 1904
780 465
781 1903
782 473
783 2825
784 134
785 842
786 2429
787 631
788 1585
789 1074
790 1597
791 182
792 1563
793 2124
794 1426
795 2264
796 1708
797 2627
798 2729
799 2568
800 584
801 219
802 231
803 1210
804 2754
805 2310
806 1372
807 354
808 799
809 1944
810 213
811 373
812 2077
813 2386
814 2713
815 228
816 2196
817 1231
818 862
819 50
820 526
821 1884
822 2569
823 2598
824 2299
825 2890
826 2809
827 682
828 1084
829 1045
830 2571
831 1260
832 1201
833 424
834 200
835 2148
836 913
837 346
838 617
839 1649
840 1402
841 2033
842 462
843 143
844 1930
845 2711
846 765
847 291
848 1537
849 2361
850 1547
851 2467
852 2861
853 737
854 475
855 989
856 705
857 1502
858 2128
859 2379
860 2783
861 1919
862 235
863 1028
864 1668
865 885
866 2340
867 2172
868 2142
869 2030
870 427
871 403
872 2978
873 2150
874 2705
875 1569
876 908
877 1338
878 1719
879 2160
880 1756
881 184
882 1676
883 2052
884 860
885 917
886 1719
887 320
888 2270
889 1482
890 1084
891 1334
892 451
893 2204
894 1092
895 1143
896 460
897 664
898 2418
899 2844
900 1425
901 417
902 976
903 696
904 476
905 2560
906 1569
907 2738
908 2098
909 2568
910 748
911 581
912 2776
913 2301
914 1238
915 846
916 2975
917 2357
918 2623
919 1516
920 2147
921 2000
922 2180
923 1782
924 121
925 186
926 2421
927 914
928 1968
929 2723
930 2738
931 1575
932 1875
933 2032
934 453
935 1358
936 2232
937 1548
938 1880
939 2310
940 2460
941 1139
942 29
943 446
944 1989
945 2244
946 1242
947 2987
948 2605
949 840
950 2818
951 1682
952 55
953 524
954 7
955 1638
956 2907
957 2711
958 8

