885 6
0 658
1 732
2 2973
3 2822
4 1144
5 2495
6 526
7 2991
8 2104
9 2334
10 957
11 1158
12 1158
13 1599
14 1115
15 2288
16 456
17 2307
18 353
19 1666
20 2419
21 2605
22 1729
23 376
24 864
25 46
26 226
27 2475
28 921
29 1215
30 122
31 1297
32 1462
33 2147
34 265
35 1065
36 1733
37 2162
38 1646
39 860
40 422
41 237
42 1004
43 1382
44 1599
45 376
46 87
47 1275
48 2558
49 49
50 1027
51 2473
52 408
53 1638
54 2768
55 33
56 1906
57 1725
58 2356
59 934
60 1508
61 2688
62 2441
63 2052
64 237
65 2943
66 2360
67 2800
68 1644
69 2617
70 1891
71 212
72 556
73 2045
74 1584
75 1409
76 1032
77 2523
78 1649
79 1041
80 2721
81 871
82 320
83 2823
84 1936
85 2433
86 2596
87 1372
88 2912
89 829
90 2527
91 2742
92 2634
93 1521
94 1195
95 147
96 518
97 2900
98 2472
99 1358
100 854
101 1812
102 925
103 1986
104 1069
105 2414
106 1247
107 2038
108 2426
109 1658
110 910
111 2739
112 714
113 1269
114 482
115 1680
116 998
117 307
118 1048
119 390
120 2267
121 14
122 348
123 1593
124 83
125 2176
126 1676
127 1037
128 1538
129 209
130 1791
131 2659
132 2828
133 1913
134 1623
135 2904
136 1414
137 2056
138 402
139 1919
140 177
141 551
142 232
143 2449
144 1756
145 110
146 904
147 387
148 488
149 389
150 1985
151 1629
152 2965
153 2712
154 1117
155 2947
156 967
157 2129
158 1630
159 1236
160 2727
161 1786
162 1358
163 1674
164 559
165 1951
166 154
167 1456
168 2757
169 544
170 461
171 2254
172 1489
173 662
174 1625
175 2781
176 2509
177 480
178 670
179 125
180 1088
181 764
182 2549
183 1957
184 1911
185 1625
186 2378
187 1641
188 887
189 1169
190 2085
191 418
192 659
193 951
194 980
195 1408
196 938
197 2943
198 2255
199 2048
200 2561
201 1221
202 2501
203 1791
204 1433
205 449
206 2929
207 2839
208 2030
209 2045
210 856
211 985
212 852
213 2462
214 1332
215 1294
216 2482
217 1461
218 1959
219 861
220 1066
221 2594
222 707
223 2673
224 1998
225 2088
226 1631
227 234
228 847
229 651
230 967
231 863
232 1513
233 2691
234 363
235 1889
236 1691
237 631
238 1599
239 1626
240 802
241 1258
242 1412
243 536
244 2852
245 2312
246 2045
247 718
248 2402
249 2319
250 438
251 1407
252 2651
253 351
254 2727
255 828
256 611
257 82
258 376
259 980
260 2600
261 2912
262 2575
263 2836
264 2976
265 282
266 2316
267 936
268 297
269 1629
270 751
271 2931
272 1024
273 2297
274 2696
275 988
276 579
277 2629
278 1500
279 628
280 1113
281 1119
282 1830
283 2023
284 1407
285 1659
286 2304
287 1405
288 2609
289 2037
290 2081
291 2819
292 2929
293 302
294 145
295 713
296 513
297 323
298 497
299 2561
300 2581
301 2984
302 1114
303 124
304 2595
305 2726
306 735
307 2982
308 1789
309 1485
310 848
311 1880
312 2478
313 721
314 618
315 1543
316 154
317 1616
318 1144
319 2112
320 2975
321 826
322 727
323 2702
324 1304
325 442
326 2789
327 1955
328 1526
329 2436
330 1491
331 2886
332 1251
333 2
334 940
335 1964
336 2533
337 2593
338 273
339 369
340 586
341 1644
342 334
343 2150
344 1563
345 2981
346 524
347 2645
348 1684
349 1841
350 2731
351 2199
352 1803
353 1264
354 952
355 2326
356 2223
357 2144
358 1949
359 1916
360 1015
361 48
362 941
363 2996
364 2228
365 296
366 62
367 2985
368 2010
369 152
370 1662
371 1045
372 1580
373 1357
374 2905
375 1952
376 1823
377 2011
378 1582
379 1141
380 2653
381 1647
382 2719
383 2544
384 2826
385 1686
386 2147
387 2005
388 2665
389 342
390 1113
391 2185
392 2294
393 2571
394 1370
395 2854
396 2043
397 218
398 1806
399 2077
400 2185
401 2129
402 239
403 2055
404 249
405 1967
406 1393
407 593
408 2098
409 95
410 1854
411 2783
412 2553
413 1069
414 588
415 1031
416 1141
417 1726
418 2581
419 982
420 2751
421 2603
422 2139
423 425
424 746
425 1411
426 1240
427 29
428 979
429 129
430 273
431 1009
432 2588
433 1611
434 834
435 1942
436 611
437 453
438 533
439 1468
440 544
441 559
442 37
443 2105
444 2761
445 2109
446 1487
447 543
448 966
449 2110
450 2276
451 2639
452 2107
453 2277
454 884
455 173
456 2329
457 296
458 714
459 1348
460 1537
461 14
462 1819
463 2532
464 2663
465 2419
466 1806
467 701
468 526
469 970
470 805
471 2625
472 2497
473 2275
474 507
475 582
476 2471
477 1009
478 2058
479 727
480 2335
481 454
482 1838
483 962
484 2919
485 1667
486 2278
487 1590
488 1996
489 111
490 346
491 2092
492 1045
493 559
494 2303
495 1582
496 667
497 1750
498 2353
499 981
500 1047
501 2994
502 318
503 633
504 1703
505 2219
506 2081
507 2497
508 877
509 2180
510 1476
511 451
512 2263
513 1333
514 797
515 1868
516 440
517 284
518 1730
519 888
520 381
521 2520
522 703
523 1850
524 1758
525 464
526 2512
527 2248
528 764
529 897
530 482
531 791
532 1025
533 1008
534 317
535 879
536 1305
537 2116
538 287
539 2599
540 2256
541 2519
542 2115
543 740
544 661
545 1188
546 2891
547 716
548 907
549 2935
550 1599
551 2467
552 2383
553 2746
554 2680
555 1118
556 2357
557 2666
558 218
559 589
560 1100
561 2706
562 2113
563 597
564 1187
565 11
566 165
567 408
568 2371
569 126
570 353
571 1843
572 1318
573 1962
574 2108
575 2279
576 892
577 1373
578 160
579 1762
580 508
581 276
582 1743
583 2685
584 208
585 1789
586 14
587 396
588 926
589 2294
590 2366
591 1364
592 2064
593 1893
594 375
595 557
596 1014
597 839
598 401
599 2929
600 1830
601 1141
602 2904
603 2847
604 2427
605 1099
606 2668
607 131
608 1158
609 2553
610 1009
611 2686
612 2900
613 371
614 574
615 366
616 2084
617 2520
618 2402
619 2019
620 1422
621 1492
622 668
623 2794
624 2012
625 1466
626 2054
627 2554
628 1748
629 939
630 2098
631 2662
632 2881
633 2302
634 1850
635 1382
636 2685
637 2216
638 1119
639 2365
640 1758
641 470
642 620
643 847
644 1128
645 2528
646 1512
647 2421
648 976
649 524
650 1065
651 784
652 2623
653 1889
654 1727
655 186
656 976
657 2516
658 468
659 759
660 825
661 2299
662 1839
663 427
664 1642
665 1536
666 596
667 1569
668 597
669 2072
670 1675
671 1704
672 2106
673 2431
674 2662
675 2489
676 653
677 2074
678 545
679 2940
680 2861
681 2593
682 2720
683 1302
684 2088
685 2352
686 2471
687 1697
688 2847
689 754
690 682
691 1647
692 2359
693 389
694 2922
695 1620
696 2726
697 2373
698 1594
699 174
700 2739
701 276
702 1934
703 2403
704 1671
705 960
706 1499
707 1804
708 2464
709 405
710 1496
711 2011
712 21
713 2878
714 2373
715 4
716 32
717 2961
718 1227
719 1546
720 1424
721 2049
722 182
723 2042
724 1052
725 480
726 2301
727 886
728 1302
729 2756
730 2161
731 347
732 1057
733 2117
734 2602
735 490
736 1686
737 2511
738 2873
739 1563
740 2942
741 1345
742 2872
743 1768
744 2808
745 1350
746 1794
747 335
748 381
749 321
750 315
751 1319
752 2166
753 1471
754 1449
755 2115
756 245
757 1511
758 2015
759 2440
760 2048
761 1981
762 2535
763 256
764 1625
765 892
766 173
767 1009
768 2145
769 294
770 454
771 2253
772 2012
773 746
774 236
775 2154
776 2375
777 2036
778 2931
779 2002
780 927
781 2640
782 1944
783 1160
784 178
785 111
786 2093
787 1743
788 2728
789 1494
790 1714
791 2364
792 490
793 2445
794 1975
795 2483
796 1640
797 2896
798 1916
799 365
800 25
801 849
802 1918
803 706
804 2955
805 2042
806 25
807 1607
808 2215
809 1706
810 2469
811 1657
812 250
813 1767
814 1842
815 3
816 1986
817 187
818 926
819 2712
820 1915
821 1987
822 2753
823 1105
824 235
825 738
826 2586
827 368
828 2439
829 1619
830 2909
831 1066
832 800
833 815
834 566
835 1291
836 1497
837 205
838 448
839 598
840 2909
841 1161
842 1776
843 1904
844 2593
845 566
846 2424
847 2655
848 844
849 2421
850 2255
851 2929
852 13
853 1882
854 2416
855 2183
856 2014
857 105
858 458
859 2886
860 1679
861 1569
862 1397
863 654
864 2700
865 1840
866 594
867 1673
868 1136
869 1788
870 1267
871 1086
872 516
873 2665
874 1628
875 582
876 2783
877 2434
878 2575
879 2524
880 998
881 2045
882 2219
883 2578
884 2140

