99 45
0 2228
1 2593
2 2087
3 1022
4 2269
5 2626
6 2618
7 1810
8 2860
9 1497
10 102
11 1771
12 1705
13 47
14 280
15 2288
16 1636
17 2713
18 1104
19 2659
20 211
21 1439
22 315
23 1797
24 1438
25 2276
26 2168
27 2004
28 2129
29 1403
30 2341
31 724
32 1763
33 1046
34 1905
35 915
36 2491
37 2780
38 2650
39 318
40 2044
41 716
42 1020
43 220
44 1974
45 1245
46 2358
47 2471
48 658
49 623
50 264
51 457
52 2395
53 265
54 2691
55 2458
56 1370
57 1929
58 2896
59 2635
60 1180
61 2799
62 293
63 1458
64 1546
65 1350
66 1599
67 1525
68 1403
69 1407
70 1920
71 868
72 2260
73 1708
74 1202
75 2840
76 2876
77 573
78 257
79 1083
80 2201
81 133
82 581
83 1325
84 8
85 1363
86 2748
87 349
88 1752
89 1144
90 2664
91 961
92 2497
93 174
94 2096
95 1210
96 2955
97 2680
98 998

