783 54
0 2536
1 283
2 1254
3 1581
4 554
5 644
6 2269
7 2479
8 1097
9 1743
10 2194
11 860
12 1687
13 2732
14 2255
15 791
16 2092
17 552
18 355
19 783
20 742
21 1115
22 1483
23 420
24 959
25 789
26 1015
27 1717
28 2830
29 737
30 270
31 954
32 2949
33 1676
34 202
35 1057
36 1949
37 2028
38 2259
39 558
40 1446
41 1733
42 2748
43 940
44 1352
45 777
46 1177
47 2699
48 2268
49 1361
50 468
51 183
52 2245
53 400
54 1479
55 690
56 1118
57 1522
58 853
59 2571
60 2368
61 191
62 2594
63 2910
64 2287
65 823
66 2700
67 1433
68 2771
69 1420
70 1362
71 2447
72 2311
73 1001
74 2203
75 2774
76 468
77 2480
78 763
79 541
80 494
81 1275
82 1244
83 140
84 2716
85 1956
86 1081
87 1161
88 1632
89 2606
90 516
91 629
92 2523
93 149
94 2499
95 1666
96 1274
97 1978
98 2022
99 505
100 186
101 1677
102 2411
103 1560
104 1944
105 1982
106 2956
107 1487
108 1967
109 198
110 2424
111 382
112 1413
113 2580
114 2542
115 324
116 2461
117 841
118 1459
119 1243
120 1051
121 2074
122 2765
123 2407
124 937
125 2190
126 1660
127 1532
128 2758
129 937
130 2883
131 2602
132 2435
133 1889
134 226
135 253
136 917
137 2430
138 1719
139 606
140 162
141 367
142 153
143 1591
144 2546
145 352
146 1372
147 2079
148 2735
149 1195
150 2103
151 90
152 2778
153 2173
154 2097
155 1437
156 2225
157 1738
158 86
159 2053
160 832
161 132
162 988
163 2285
164 2914
165 276
166 1385
167 2520
168 1860
169 511
170 235
171 859
172 2209
173 1548
174 169
175 765
176 1558
177 980
178 2299
179 1273
180 1030
181 1002
182 1419
183 2921
184 1933
185 1134
186 702
187 2573
188 396
189 1771
190 2072
191 1252
192 2961
193 2647
194 2186
195 2091
196 643
197 2505
198 529
199 2355
200 2095
201 2192
202 2830
203 739
204 417
205 660
206 1114
207 2778
208 759
209 518
210 1591
211 1100
212 787
213 2161
214 1961
215 54
216 2149
217 2133
218 138
219 2010
220 2262
221 1471
222 1264
223 344
224 1674
225 2610
226 799
227 494
228 2016
229 1454
230 621
231 2150
232 1035
233 1886
234 446
235 2783
236 416
237 1566
238 360
239 2203
240 1346
241 546
242 1470
243 408
244 502
245 880
246 1935
247 1586
248 2012
249 2287
250 2938
251 2726
252 778
253 724
254 2279
255 2983
256 1641
257 1458
258 1975
259 608
260 427
261 1563
262 1709
263 2119
264 723
265 2896
266 1020
267 2466
268 1022
269 1129
270 2703
271 2812
272 1631
273 1807
274 2272
275 1615
276 1335
277 2920
278 2886
279 1906
280 1242
281 2906
282 2966
283 2792
284 1103
285 1317
286 397
287 1857
288 652
289 1115
290 2829
291 1702
292 1167
293 312
294 1835
295 1347
296 2044
297 991
298 1196
299 1090
300 517
301 1025
302 899
303 68
304 1589
305 1664
306 1889
307 646
308 122
309 1274
310 58
311 348
312 1529
313 2765
314 2905
315 2390
316 391
317 2747
318 1655
319 813
320 491
321 1015
322 2788
323 760
324 1028
325 2850
326 39
327 1752
328 1364
329 1262
330 2276
331 1570
332 2203
333 2403
334 2814
335 2749
336 21
337 2049
338 2519
339 1491
340 2122
341 2484
342 2905
343 216
344 461
345 999
346 1014
347 401
348 216
349 986
350 327
351 2673
352 2888
353 1692
354 2769
355 1803
356 930
357 2661
358 746
359 1605
360 1851
361 343
362 641
363 1883
364 93
365 419
366 1483
367 814
368 19
369 1390
370 1661
371 62
372 1764
373 2066
374 2669
375 2792
376 2082
377 629
378 2847
379 652
380 1627
381 1321
382 515
383 2735
384 473
385 1048
386 2015
387 2457
388 159
389 367
390 632
391 2738
392 1655
393 2962
394 2352
395 1075
396 2853
397 2044
398 1448
399 1140
400 2048
401 1521
402 2906
403 969
404 977
405 414
406 2170
407 833
408 2339
409 1354
410 1240
411 2976
412 1419
413 544
414 1917
415 2445
416 2313
417 2308
418 559
419 2810
420 1914
421 1756
422 875
423 1345
424 1228
425 443
426 1248
427 1938
428 638
429 693
430 726
431 1494
432 294
433 2889
434 2400
435 793
436 443
437 2110
438 21
439 2402
440 2869
441 857
442 1087
443 2218
444 604
445 2915
446 460
447 546
448 1763
449 820
450 115
451 1081
452 2125
453 109
454 1502
455 20
456 471
457 909
458 2133
459 2581
460 2284
461 2397
462 2171
463 1854
464 2030
465 1337
466 1453
467 753
468 1455
469 2935
470 1260
471 781
472 724
473 1603
474 1349
475 958
476 1665
477 1454
478 173
479 1191
480 951
481 932
482 91
483 1287
484 1269
485 665
486 974
487 2619
488 2439
489 610
490 1134
491 1573
492 1716
493 919
494 1375
495 1473
496 2639
497 2241
498 846
499 2479
500 1069
501 2489
502 1179
503 761
504 1226
505 770
506 2534
507 2896
508 2961
509 300
510 1636
511 2416
512 2544
513 2276
514 1358
515 2161
516 30
517 2873
518 1049
519 905
520 97
521 390
522 1694
523 223
524 813
525 960
526 579
527 2196
528 1306
529 37
530 1467
531 2174
532 1217
533 152
534 2100
535 746
536 2040
537 2980
538 285
539 1692
540 1297
541 1656
542 1542
543 2450
544 2211
545 173
546 2219
547 2332
548 721
549 64
550 1062
551 686
552 1832
553 2358
554 2163
555 1047
556 2281
557 1017
558 696
559 861
560 188
561 435
562 368
563 1588
564 2854
565 1807
566 41
567 1741
568 2253
569 1855
570 2690
571 1971
572 2775
573 1214
574 392
575 370
576 1291
577 640
578 424
579 337
580 622
581 2995
582 2568
583 2211
584 2765
585 2828
586 1387
587 2522
588 2277
589 1181
590 206
591 2141
592 691
593 695
594 2843
595 2391
596 165
597 2280
598 2545
599 303
600 1965
601 1228
602 2871
603 2792
604 2454
605 558
606 1713
607 702
608 1036
609 1800
610 965
611 2839
612 1557
613 959
614 2876
615 915
616 1627
617 2533
618 2068
619 211
620 96
621 281
622 1317
623 2012
624 2127
625 1353
626 96
627 2534
628 2001
629 2715
630 2898
631 2191
632 892
633 385
634 1993
635 428
636 615
637 2523
638 1110
639 1569
640 507
641 233
642 2552
643 1571
644 1570
645 2994
646 488
647 1352
648 1667
649 2247
650 1577
651 808
652 498
653 1328
654 2054
655 2707
656 2324
657 1956
658 2153
659 2048
660 1300
661 1389
662 670
663 1564
664 263
665 1625
666 1017
667 110
668 1365
669 190
670 2135
671 2280
672 1523
673 2771
674 541
675 1666
676 2595
677 1441
678 1969
679 949
680 2082
681 1144
682 1153
683 1209
684 2551
685 1537
686 572
687 1921
688 2016
689 2773
690 997
691 827
692 2468
693 228
694 2529
695 1427
696 947
697 1022
698 1654
699 1588
700 273
701 2417
702 1692
703 1560
704 2798
705 2757
706 1984
707 1806
708 2680
709 2200
710 2139
711 513
712 2939
713 27
714 586
715 231
716 846
717 1501
718 2622
719 2688
720 1800
721 2712
722 2669
723 1128
724 751
725 485
726 1323
727 1929
728 2985
729 886
730 2692
731 2161
732 1513
733 1106
734 835
735 1822
736 62
737 2063
738 495
739 2779
740 1083
741 1139
742 1214
743 2338
744 2542
745 2736
746 342
747 115
748 1073
749 2240
750 2316
751 442
752 2006
753 2190
754 36
755 1959
756 2382
757 455
758 11
759 2713
760 2393
761 148
762 2371
763 2940
764 2221
765 2561
766 1291
767 1672
768 1155
769 978
770 755
771 2596
772 70
773 206
774 2360
775 2570
776 92
777 1966
778 1961
779 664
780 2809
781 596
782 1483

