977 10
0 2702
1 466
2 2861
3 837
4 2468
5 1643
6 504
7 2831
8 1800
9 1724
10 53
11 2757
12 1875
13 808
14 311
15 2734
16 486
17 2152
18 2676
19 2653
20 757
21 2006
22 1179
23 2175
24 81
25 1593
26 1588
27 115
28 1703
29 1037
30 205
31 858
32 574
33 1500
34 1750
35 2731
36 2774
37 1012
38 1244
39 2174
40 1808
41 1026
42 2826
43 1834
44 1564
45 2699
46 2304
47 1867
48 1613
49 460
50 2708
51 2145
52 2075
53 2421
54 2969
55 317
56 356
57 1261
58 546
59 1425
60 1163
61 155
62 53
63 2777
64 1542
65 2498
66 441
67 1618
68 2389
69 829
70 2964
71 1
72 612
73 793
74 1052
75 962
76 1726
77 1017
78 2919
79 1542
80 76
81 1211
82 833
83 2782
84 1307
85 72
86 2114
87 1448
88 275
89 2841
90 1505
91 696
92 1401
93 1798
94 882
95 1227
96 2689
97 1294
98 1560
99 2189
100 2244
101 2027
102 526
103 1374
104 942
105 958
106 911
107 2260
108 813
109 2602
110 1170
111 1108
112 723
113 659
114 798
115 2538
116 1157
117 806
118 487
119 1353
120 1221
121 238
122 1721
123 2297
124 1768
125 800
126 424
127 2205
128 903
129 1397
130 988
131 1236
132 1956
133 769
134 2892
135 657
136 1872
137 1771
138 1088
139 250
140 1882
141 2816
142 2645
143 2019
144 153
145 1393
146 2031
147 2319
148 1901
149 1735
150 2746
151 192
152 2161
153 1055
154 2837
155 1081
156 963
157 2668
158 1924
159 1812
160 913
161 2272
162 808
163 775
164 2466
165 2797
166 1189
167 2533
168 2508
169 893
170 1399
171 2983
172 2868
173 938
174 1616
175 2725
176 2547
177 1404
178 1316
179 461
180 337
181 1647
182 1236
183 1520
184 1870
185 117
186 1416
187 194
188 158
189 601
190 265
191 2421
192 2552
193 62
194 45
195 2792
196 1458
197 2474
198 1778
199 2832
200 1887
201 74
202 1802
203 1315
204 1309
205 1798
206 1512
207 2093
208 1306
209 2835
210 2176
211 844
212 2070
213 1869
214 549
215 2762
216 1080
217 2335
218 52
219 191
220 1862
221 1389
222 2096
223 2202
224 2798
225 363
226 1294
227 314
228 1572
229 2703
230 1752
231 2375
232 953
233 1673
234 2313
235 1696
236 801
237 1117
238 1499
239 369
240 2144
241 1176
242 2247
243 36
244 1380
245 1191
246 1173
247 1525
248 437
249 2720
250 2950
251 2157
252 2497
253 2061
254 875
255 2456
256 2528
257 1136
258 1963
259 2572
260 1707
261 924
262 521
263 2301
264 683
265 132
266 2374
267 1073
268 1575
269 1168
270 560
271 1946
272 97
273 164
274 1488
275 1260
276 2742
277 484
278 1562
279 54
280 1614
281 571
282 1437
283 2245
284 2466
285 1383
286 952
287 2562
288 174
289 1711
290 1857
291 379
292 119
293 20
294 2268
295 672
296 1002
297 2348
298 1654
299 739
300 2651
301 1758
302 1524
303 483
304 1497
305 2510
306 1530
307 2717
308 2626
309 307
310 1060
311 115
312 2722
313 1021
314 1696
315 1420
316 718
317 185
318 1523
319 1667
320 2260
321 1996
322 2091
323 2426
324 2992
325 813
326 1494
327 2107
328 2444
329 2238
330 1877
331 568
332 708
333 787
334 2030
335 2618
336 320
337 1195
338 807
339 1445
340 2387
341 422
342 2876
343 347
344 891
345 2937
346 2913
347 2116
348 1726
349 1574
350 1212
351 764
352 1160
353 981
354 452
355 2099
356 473
357 2120
358 1242
359 273
360 1119
361 2445
362 114
363 2514
364 1248
365 1519
366 2616
367 523
368 2451
369 512
370 2920
371 371
372 1593
373 376
374 426
375 256
376 2165
377 2502
378 1960
379 125
380 1021
381 1251
382 179
383 2791
384 2343
385 1323
386 1845
387 2838
388 1099
389 629
390 1134
391 2085
392 2132
393 1468
394 2721
395 1881
396 1354
397 266
398 2414
399 675
400 2954
401 2646
402 1524
403 2601
404 1416
405 1044
406 1002
407 1763
408 762
409 2589
410 1257
411 2098
412 583
413 475
414 2530
415 1218
416 1180
417 1669
418 1981
419 969
420 1852
421 2627
422 413
423 2146
424 1926
425 420
426 1434
427 2837
428 1860
429 2135
430 1911
431 1098
432 2857
433 1691
434 435
435 598
436 2946
437 32
438 2505
439 2494
440 1509
441 780
442 74
443 1291
444 870
445 2973
446 1885
447 2407
448 1141
449 65
450 2580
451 2753
452 2568
453 2
454 1559
455 114
456 2446
457 829
458 694
459 1884
460 2023
461 1069
462 2442
463 2790
464 752
465 85
466 1909
467 850
468 1951
469 338
470 1751
471 2290
472 1343
473 2861
474 2664
475 1908
476 2542
477 1728
478 1758
479 439
480 2942
481 1979
482 1503
483 575
484 1246
485 2162
486 1301
487 1845
488 2030
489 2982
490 2595
491 2181
492 1441
493 156
494 2754
495 179
496 1556
497 2781
498 731
499 1367
500 2516
501 2997
502 1727
503 622
504 1619
505 456
506 2192
507 2566
508 1189
509 2768
510 1642
511 1787
512 1412
513 1007
514 1956
515 1214
516 1822
517 855
518 2281
519 1653
520 1238
521 2117
522 1771
523 2307
524 2563
525 198
526 1293
527 1258
528 330
529 1356
530 2172
531 591
532 1427
533 2485
534 2299
535 639
536 2355
537 1884
538 542
539 2454
540 2258
541 830
542 262
543 2799
544 2125
545 1386
546 368
547 2998
548 1735
549 2948
550 1871
551 2480
552 155
553 2420
554 297
555 1769
556 321
557 953
558 1525
559 1103
560 2350
561 2281
562 301
563 2384
564 1823
565 1602
566 50
567 226
568 1098
569 324
570 535
571 1814
572 2008
573 1093
574 1306
575 2481
576 973
577 718
578 200
579 2077
580 788
581 2267
582 2306
583 2714
584 975
585 1920
586 1066
587 2857
588 498
589 2206
590 696
591 2927
592 328
593 2085
594 2672
595 54
596 1818
597 2200
598 1174
599 2481
600 2205
601 1592
602 1203
603 849
604 383
605 1754
606 2202
607 2277
608 372
609 831
610 982
611 808
612 1260
613 2387
614 2865
615 1058
616 189
617 1175
618 1004
619 2488
620 1648
621 1738
622 2620
623 1205
624 88
625 461
626 1761
627 461
628 1678
629 1213
630 1612
631 1781
632 1542
633 490
634 2778
635 1351
636 447
637 2126
638 1240
639 2522
640 176
641 941
642 276
643 63
644 19
645 227
646 1364
647 1941
648 999
649 2101
650 1887
651 94
652 156
653 1988
654 20
655 2445
656 2060
657 1835
658 1010
659 1150
660 1212
661 1612
662 320
663 1615
664 698
665 420
666 508
667 2550
668 2560
669 1705
670 2330
671 1380
672 2369
673 1040
674 1277
675 2072
676 423
677 2440
678 2889
679 752
680 2940
681 2793
682 2762
683 1046
684 2468
685 1867
686 1988
687 1710
688 154
689 788
690 2311
691 683
692 2144
693 1395
694 370
695 1618
696 1960
697 542
698 1688
699 2208
700 2384
701 285
702 2670
703 1311
704 2838
705 1281
706 2848
707 719
708 2970
709 311
710 1564
711 2648
712 1579
713 947
714 980
715 577
716 2983
717 1222
718 165
719 2998
720 5
721 1036
722 973
723 2700
724 578
725 2433
726 15
727 512
728 1130
729 2288
730 1452
731 1917
732 2580
733 2427
734 2834
735 1120
736 1374
737 1697
738 2798
739 2758
740 1620
741 646
742 1753
743 101
744 1911
745 2207
746 1878
747 1242
748 2838
749 1748
750 205
751 1282
752 1877
753 147
754 1740
755 199
756 2682
757 2186
758 124
759 958
760 1079
761 1154
762 2777
763 938
764 1097
765 2630
766 1248
767 2985
768 2862
769 709
770 936
771 2795
772 128
773 1700
774 1246
775 54
776 187
777 322
778 1524
779 2945
780 2462
781 2305
782 510
783 2666
784 1054
785 517
786 2157
787 1412
788 1865
789 1034
790 2965
791 1092
792 1748
793 2473
794 2245
795 2360
796 513
797 1895
798 2645
799 1108
800 2085
801 1251
802 2205
803 1589
804 1381
805 658
806 2989
807 230
808 1957
809 807
810 2049
811 2696
812 1627
813 1428
814 2544
815 2282
816 2335
817 541
818 1632
819 317
820 731
821 1509
822 638
823 1969
824 2498
825 2356
826 969
827 1524
828 2120
829 2471
830 1973
831 1392
832 1696
833 285
834 2565
835 1146
836 161
837 803
838 2287
839 1212
840 1663
841 2481
842 4
843 20
844 1516
845 1410
846 689
847 1758
848 2578
849 986
850 2143
851 1533
852 2677
853 861
854 1993
855 381
856 1293
857 1935
858 2582
859 2995
860 332
861 1224
862 1635
863 28
864 2195
865 649
866 492
867 167
868 2552
869 455
870 1905
871 1752
872 1062
873 2266
874 2230
875 861
876 1830
877 843
878 1011
879 1685
880 1007
881 1290
882 435
883 2742
884 1522
885 2548
886 492
887 1904
888 1464
889 270
890 1827
891 2180
892 1407
893 447
894 2101
895 1845
896 1174
897 692
898 2491
899 1982
900 568
901 603
902 2242
903 1292
904 837
905 999
906 2516
907 2435
908 1795
909 2678
910 140
911 2863
912 67
913 635
914 2890
915 983
916 1046
917 1190
918 2968
919 109
920 1646
921 2504
922 426
923 1656
924 1520
925 1729
926 690
927 1213
928 215
929 2132
930 2953
931 561
932 932
933 2728
934 1440
935 2980
936 1579
937 2417
938 1571
939 70
940 2866
941 2318
942 2288
943 1555
944 185
945 1433
946 1253
947 407
948 2673
949 2663
950 2140
951 1409
952 978
953 1380
954 2862
955 1067
956 816
957 459
958 2354
959 748
960 674
961 2256
962 1027
963 442
964 2037
965 2113
966 1440
967 831
968 768
969 1089
970 368
971 2005
972 2728
973 1410
974 703
975 435
976 1254

