567 2
0 1336
1 2259
2 606
3 1260
4 1825
5 1950
6 2999
7 1236
8 2955
9 2365
10 1569
11 1657
12 1808
13 2381
14 627
15 2113
16 2508
17 999
18 726
19 1985
20 1443
21 316
22 1436
23 721
24 1391
25 990
26 2342
27 1813
28 1296
29 2751
30 78
31 845
32 2449
33 796
34 1710
35 170
36 2955
37 1329
38 64
39 2130
40 2394
41 1493
42 2407
43 1507
44 1041
45 1748
46 1197
47 1720
48 313
49 1293
50 2522
51 2839
52 129
53 2242
54 1323
55 1260
56 1772
57 2313
58 23
59 2364
60 1485
61 235
62 904
63 2904
64 1841
65 2606
66 1347
67 2158
68 870
69 1875
70 394
71 2344
72 60
73 1114
74 2553
75 849
76 233
77 126
78 2506
79 747
80 1069
81 1560
82 497
83 1903
84 2577
85 779
86 1607
87 2865
88 2776
89 1520
90 1228
91 1277
92 1738
93 1025
94 2193
95 1457
96 471
97 1854
98 151
99 2987
100 515
101 257
102 2265
103 2507
104 1826
105 2757
106 2883
107 375
108 2130
109 2812
110 1146
111 2796
112 277
113 1687
114 2948
115 176
116 2885
117 2055
118 1246
119 284
120 2682
121 131
122 610
123 2604
124 74
125 154
126 2812
127 773
128 1958
129 149
130 800
131 2918
132 1995
133 2556
134 1565
135 866
136 940
137 1226
138 1730
139 2180
140 287
141 231
142 1164
143 1006
144 710
145 1092
146 1323
147 1372
148 2231
149 587
150 317
151 1330
152 2723
153 2545
154 984
155 2774
156 1890
157 1143
158 660
159 599
160 34
161 1963
162 2875
163 2765
164 1187
165 637
166 2519
167 2771
168 2509
169 692
170 131
171 1034
172 1609
173 668
174 852
175 2973
176 648
177 2006
178 2230
179 1313
180 411
181 994
182 122
183 1414
184 1705
185 2546
186 834
187 1116
188 1613
189 319
190 2130
191 2191
192 1271
193 1312
194 2831
195 207
196 1272
197 2828
198 2805
199 1212
200 1958
201 1025
202 2355
203 2221
204 551
205 1547
206 2031
207 1717
208 2240
209 759
210 383
211 8
212 1420
213 2877
214 342
215 164
216 824
217 2257
218 267
219 1522
220 1748
221 2888
222 2542
223 1125
224 1188
225 864
226 31
227 1158
228 1818
229 2554
230 2302
231 1368
232 1560
233 513
234 812
235 2946
236 1390
237 1327
238 1854
239 1872
240 218
241 252
242 2932
243 1242
244 1798
245 2836
246 2569
247 2138
248 1127
249 1204
250 213
251 2931
252 2762
253 1999
254 2090
255 2143
256 2268
257 464
258 1725
259 2114
260 399
261 2961
262 67
263 198
264 2238
265 548
266 1228
267 1062
268 2855
269 2494
270 877
271 925
272 1849
273 907
274 1322
275 614
276 2626
277 2326
278 1811
279 298
280 2427
281 2975
282 1139
283 2821
284 2796
285 1512
286 1895
287 1781
288 824
289 868
290 1573
291 164
292 2662
293 1620
294 2807
295 909
296 2871
297 2064
298 1586
299 2473
300 873
301 2649
302 2030
303 2798
304 2394
305 2113
306 1381
307 2941
308 302
309 2180
310 1210
311 1328
312 525
313 565
314 2104
315 2067
316 1825
317 1422
318 2001
319 1165
320 1348
321 924
322 1183
323 2239
324 2223
325 1709
326 1002
327 686
328 571
329 1547
330 1656
331 2464
332 2276
333 128
334 1057
335 563
336 1941
337 2002
338 1029
339 2898
340 221
341 1001
342 1781
343 1224
344 1568
345 1631
346 875
347 2544
348 1045
349 962
350 2577
351 2271
352 2821
353 2259
354 593
355 5
356 1972
357 2082
358 137
359 2309
360 1888
361 1393
362 999
363 1713
364 970
365 1717
366 692
367 1103
368 1060
369 355
370 1478
371 1498
372 386
373 1503
374 2670
375 1465
376 1975
377 703
378 2189
379 2090
380 2701
381 1354
382 1219
383 2767
384 286
385 576
386 759
387 17
388 472
389 2789
390 786
391 649
392 2710
393 1068
394 257
395 1671
396 2985
397 1514
398 2889
399 1984
400 1176
401 59
402 829
403 235
404 912
405 1593
406 2388
407 147
408 677
409 157
410 2903
411 2461
412 137
413 2384
414 2251
415 1437
416 2667
417 371
418 1842
419 237
420 259
421 175
422 354
423 1598
424 1438
425 2492
426 2476
427 2802
428 2740
429 1908
430 2566
431 105
432 1872
433 2600
434 811
435 1994
436 151
437 2924
438 1387
439 1749
440 230
441 1554
442 1819
443 187
444 461
445 922
446 1115
447 479
448 2548
449 2197
450 1580
451 700
452 761
453 1170
454 2724
455 656
456 258
457 809
458 2891
459 2442
460 867
461 2729
462 2084
463 827
464 691
465 2807
466 1535
467 1482
468 2041
469 34
470 957
471 397
472 1972
473 363
474 2364
475 1220
476 142
477 1639
478 1767
479 871
480 2150
481 451
482 2463
483 1589
484 189
485 435
486 2662
487 1602
488 883
489 2475
490 504
491 863
492 2450
493 646
494 889
495 2315
496 2500
497 1418
498 2937
499 1330
500 2716
501 1958
502 348
503 2812
504 1459
505 2938
506 2144
507 1215
508 2508
509 2360
510 2916
511 2800
512 1250
513 2224
514 1825
515 2834
516 1385
517 2248
518 925
519 155
520 2125
521 1604
522 433
523 1618
524 434
525 614
526 1168
527 1813
528 2987
529 1038
530 1120
531 1088
532 2113
533 276
534 1126
535 1893
536 2486
537 2951
538 1347
539 1317
540 768
541 420
542 2928
543 1261
544 1453
545 2179
546 1587
547 418
548 2691
549 1899
550 1700
551 1846
552 1050
553 1427
554 7
555 1547
556 566
557 44
558 1083
559 2695
560 2844
561 2426
562 417
563 1444
564 511
565 11
566 1588

