189 3
0 2114
1 2785
2 2973
3 1707
4 2635
5 1085
6 1293
7 2864
8 2806
9 2103
10 2426
11 1744
12 2301
13 298
14 308
15 1003
16 526
17 252
18 61
19 757
20 1778
21 1447
22 1277
23 233
24 2197
25 2528
26 280
27 799
28 263
29 2703
30 2800
31 120
32 873
33 53
34 2352
35 2075
36 2977
37 1619
38 2041
39 1936
40 2625
41 1224
42 2066
43 1132
44 400
45 2875
46 2394
47 242
48 216
49 2793
50 143
51 2349
52 2543
53 659
54 1035
55 101
56 2889
57 2147
58 1602
59 826
60 2829
61 948
62 1288
63 583
64 1191
65 609
66 1789
67 2334
68 1483
69 1053
70 1403
71 623
72 2927
73 929
74 2660
75 1075
76 2656
77 865
78 1730
79 2050
80 1957
81 501
82 1860
83 874
84 1777
85 535
86 2558
87 753
88 2011
89 683
90 465
91 842
92 164
93 1386
94 1469
95 808
96 227
97 733
98 1329
99 2832
100 1093
101 937
102 210
103 2222
104 1711
105 2373
106 1965
107 2353
108 2705
109 1155
110 2492
111 2236
112 585
113 2900
114 2968
115 2826
116 2268
117 1636
118 2636
119 998
120 492
121 238
122 2082
123 1269
124 146
125 1094
126 783
127 2907
128 634
129 1500
130 177
131 355
132 307
133 961
134 863
135 918
136 432
137 2220
138 1917
139 1503
140 535
141 1257
142 2320
143 2775
144 2693
145 1156
146 745
147 763
148 1056
149 871
150 808
151 1207
152 882
153 3
154 603
155 1367
156 2353
157 1243
158 604
159 2560
160 724
161 81
162 2638
163 1069
164 345
165 15
166 545
167 1073
168 2546
169 28
170 1378
171 103
172 1120
173 2720
174 2481
175 2785
176 1698
177 2164
178 2594
179 1950
180 451
181 789
182 2062
183 2958
184 1990
185 2131
186 658
187 976
188 2270

