632 31
0 686
1 1013
2 1997
3 1903
4 66
5 2193
6 505
7 1028
8 2939
9 1795
10 683
11 892
12 1411
13 1981
14 396
15 2617
16 1820
17 238
18 2960
19 664
20 2817
21 1816
22 510
23 2085
24 744
25 721
26 26
27 2648
28 2859
29 2495
30 887
31 2790
32 1511
33 2321
34 1410
35 1874
36 2931
37 1036
38 308
39 2601
40 2448
41 1541
42 1038
43 2420
44 1567
45 388
46 654
47 2773
48 210
49 2351
50 2259
51 2436
52 802
53 1105
54 2551
55 576
56 2299
57 806
58 440
59 28
60 1379
61 2838
62 2369
63 2862
64 400
65 966
66 1718
67 2783
68 98
69 632
70 1047
71 2861
72 62
73 1984
74 2541
75 2691
76 1933
77 1736
78 1615
79 1430
80 2353
81 2120
82 2795
83 65
84 356
85 2160
86 2512
87 1616
88 559
89 722
90 1709
91 2730
92 1308
93 537
94 2476
95 1576
96 2217
97 1729
98 2292
99 547
100 531
101 1441
102 838
103 1109
104 840
105 490
106 1771
107 715
108 2903
109 2169
110 1028
111 2864
112 2888
113 2407
114 249
115 289
116 1794
117 300
118 159
119 611
120 2974
121 2673
122 1551
123 0
124 310
125 321
126 2250
127 148
128 1669
129 703
130 1684
131 769
132 1707
133 114
134 848
135 1361
136 1197
137 2164
138 2945
139 201
140 507
141 821
142 1117
143 1686
144 2177
145 2742
146 980
147 2517
148 2585
149 2696
150 1590
151 1151
152 1066
153 2061
154 1698
155 993
156 2328
157 1617
158 2806
159 1091
160 1020
161 723
162 1694
163 849
164 1775
165 1833
166 2290
167 1611
168 894
169 2915
170 443
171 672
172 807
173 2233
174 1463
175 1857
176 2614
177 1920
178 104
179 2112
180 458
181 2019
182 1194
183 2193
184 1277
185 2143
186 164
187 2536
188 2824
189 2919
190 1094
191 2927
192 1273
193 2277
194 2231
195 2268
196 1834
197 1034
198 382
199 2142
200 2533
201 1599
202 2307
203 2061
204 154
205 34
206 1253
207 1357
208 331
209 2369
210 1870
211 592
212 2943
213 2671
214 335
215 2682
216 2519
217 283
218 474
219 957
220 574
221 2069
222 869
223 1490
224 1095
225 874
226 1494
227 2278
228 1753
229 90
230 2621
231 1539
232 1620
233 2399
234 2664
235 1699
236 252
237 981
238 1272
239 2897
240 2469
241 2383
242 1795
243 2820
244 546
245 412
246 2188
247 98
248 604
249 2458
250 1792
251 1076
252 1137
253 1846
254 2829
255 2515
256 1433
257 1881
258 1916
259 1485
260 2521
261 2735
262 790
263 972
264 2277
265 2000
266 416
267 2572
268 2973
269 1259
270 879
271 1202
272 1729
273 1271
274 1255
275 2034
276 2175
277 1488
278 222
279 2549
280 1756
281 2560
282 2048
283 2464
284 2367
285 2066
286 1240
287 777
288 1860
289 1887
290 2227
291 211
292 635
293 1331
294 1585
295 514
296 644
297 2690
298 817
299 1629
300 2361
301 2309
302 754
303 348
304 727
305 2749
306 2047
307 1092
308 2543
309 35
310 1656
311 1943
312 2857
313 1125
314 2033
315 2182
316 2785
317 512
318 2005
319 1569
320 190
321 1535
322 2565
323 51
324 2390
325 440
326 2823
327 1050
328 989
329 2639
330 2473
331 936
332 354
333 1004
334 380
335 1961
336 2711
337 1050
338 72
339 299
340 204
341 13
342 1294
343 1869
344 2463
345 530
346 357
347 937
348 1907
349 1804
350 2161
351 2219
352 154
353 576
354 108
355 835
356 2737
357 2779
358 174
359 1590
360 2355
361 1694
362 1214
363 2791
364 294
365 2085
366 1150
367 2244
368 1894
369 800
370 180
371 2859
372 535
373 1036
374 2491
375 1666
376 1204
377 653
378 1033
379 2713
380 1832
381 1649
382 2532
383 599
384 2891
385 443
386 1471
387 654
388 2081
389 2079
390 40
391 2816
392 2235
393 106
394 1156
395 1569
396 2388
397 2552
398 474
399 2123
400 1594
401 1309
402 343
403 805
404 2084
405 2635
406 2066
407 672
408 2501
409 2844
410 2968
411 1519
412 659
413 951
414 1956
415 1083
416 2802
417 1369
418 477
419 559
420 1822
421 1115
422 52
423 2424
424 2043
425 1921
426 276
427 2336
428 269
429 1652
430 6
431 590
432 2183
433 509
434 1990
435 2139
436 1343
437 2053
438 878
439 1705
440 158
441 2680
442 2262
443 1665
444 2675
445 2413
446 13
447 1604
448 1657
449 192
450 451
451 822
452 2604
453 628
454 2075
455 2431
456 2061
457 1374
458 2235
459 1300
460 100
461 369
462 2165
463 201
464 2334
465 15
466 911
467 1957
468 454
469 991
470 2736
471 1321
472 1203
473 1753
474 905
475 2591
476 2484
477 652
478 1321
479 2631
480 2952
481 2904
482 2528
483 1022
484 473
485 1004
486 2466
487 1655
488 278
489 1142
490 493
491 1449
492 2174
493 2807
494 699
495 2804
496 2497
497 63
498 2361
499 2035
500 1353
501 101
502 644
503 1737
504 2250
505 1905
506 507
507 1011
508 1495
509 732
510 1756
511 886
512 2591
513 2559
514 235
515 2565
516 1436
517 1226
518 2594
519 1863
520 928
521 974
522 2532
523 453
524 1324
525 781
526 814
527 1470
528 364
529 2186
530 367
531 2658
532 2438
533 278
534 487
535 2007
536 2360
537 1459
538 2609
539 2552
540 2018
541 2435
542 1779
543 1306
544 2476
545 1776
546 1098
547 2603
548 2270
549 1865
550 508
551 2569
552 1870
553 661
554 2533
555 2347
556 2853
557 1238
558 2507
559 1050
560 871
561 1171
562 2047
563 1060
564 1622
565 585
566 2758
567 75
568 1167
569 1993
570 2236
571 2662
572 1478
573 987
574 2774
575 535
576 1851
577 602
578 86
579 2073
580 1396
581 2949
582 317
583 2520
584 796
585 2506
586 354
587 1885
588 2669
589 2418
590 402
591 1712
592 1487
593 610
594 885
595 1293
596 375
597 1093
598 224
599 881
600 275
601 1547
602 1959
603 1928
604 2306
605 617
606 482
607 1363
608 2551
609 2038
610 68
611 2461
612 1276
613 2741
614 1173
615 2633
616 941
617 1819
618 2745
619 2411
620 1547
621 220
622 188
623 1653
624 2628
625 815
626 274
627 1178
628 2864
629 689
630 548
631 2869

