679 3
0 1306
1 111
2 1472
3 1785
4 1383
5 155
6 1513
7 1641
8 2033
9 235
10 1828
11 1871
12 923
13 2044
14 442
15 709
16 1096
17 1191
18 36
19 633
20 1070
21 1411
22 154
23 1366
24 2828
25 2060
26 1798
27 163
28 1858
29 2239
30 425
31 1302
32 1534
33 2630
34 747
35 588
36 1814
37 51
38 817
39 2657
40 2457
41 74
42 179
43 2544
44 1328
45 1675
46 2409
47 2459
48 595
49 682
50 2345
51 1440
52 1790
53 1265
54 1033
55 1948
56 1435
57 1079
58 144
59 1765
60 773
61 933
62 2338
63 2003
64 2752
65 1925
66 1320
67 2565
68 2318
69 1414
70 986
71 2988
72 521
73 2405
74 2724
75 2571
76 83
77 130
78 927
79 2861
80 2656
81 273
82 130
83 261
84 2948
85 125
86 2690
87 493
88 1320
89 1895
90 2578
91 2829
92 10
93 1297
94 213
95 1861
96 1297
97 2327
98 1518
99 590
100 1937
101 2437
102 2182
103 452
104 2276
105 2312
106 1596
107 1685
108 1946
109 2728
110 953
111 1877
112 244
113 492
114 1286
115 956
116 822
117 1933
118 2698
119 816
120 2917
121 83
122 2453
123 1414
124 1284
125 2080
126 1301
127 2632
128 287
129 2794
130 2991
131 239
132 2812
133 2183
134 1098
135 1252
136 573
137 1993
138 2698
139 667
140 375
141 1545
142 2869
143 361
144 1230
145 1408
146 1938
147 1707
148 363
149 1179
150 396
151 2014
152 2400
153 917
154 1669
155 350
156 2263
157 2592
158 644
159 1075
160 598
161 1720
162 437
163 1645
164 1456
165 2241
166 1324
167 1378
168 1226
169 2541
170 1273
171 2460
172 977
173 920
174 210
175 9
176 2393
177 577
178 1888
179 2444
180 2621
181 2494
182 2418
183 2102
184 2929
185 2496
186 2403
187 1079
188 1200
189 889
190 2849
191 1180
192 1161
193 2415
194 2965
195 488
196 2179
197 258
198 627
199 1810
200 2162
201 1348
202 1411
203 1550
204 2012
205 1178
206 1653
207 2203
208 1164
209 2977
210 2688
211 2081
212 2118
213 1068
214 1936
215 1387
216 67
217 588
218 816
219 1824
220 2470
221 1157
222 2701
223 863
224 2700
225 1102
226 1095
227 1872
228 2257
229 2023
230 1600
231 1660
232 2769
233 2592
234 2159
235 2428
236 830
237 367
238 2196
239 473
240 1173
241 1577
242 872
243 1068
244 2360
245 177
246 367
247 1730
248 77
249 2313
250 2644
251 2415
252 632
253 865
254 1123
255 2679
256 1035
257 2260
258 1768
259 2031
260 307
261 2603
262 644
263 2159
264 1352
265 1025
266 689
267 532
268 1923
269 165
270 32
271 423
272 1430
273 664
274 1633
275 1028
276 886
277 1321
278 2069
279 426
280 2070
281 2597
282 1002
283 776
284 2951
285 991
286 728
287 922
288 1892
289 175
290 1600
291 2236
292 2765
293 1348
294 275
295 1689
296 2602
297 22
298 2446
299 1526
300 1298
301 464
302 2468
303 2110
304 2828
305 1593
306 1955
307 1726
308 1063
309 99
310 2349
311 81
312 2356
313 1772
314 2771
315 997
316 38
317 2673
318 1414
319 2743
320 49
321 589
322 2555
323 842
324 1549
325 75
326 1094
327 1607
328 1569
329 596
330 1796
331 1312
332 177
333 1849
334 22
335 2054
336 2274
337 1063
338 2157
339 687
340 1591
341 1127
342 1535
343 159
344 270
345 1765
346 1824
347 370
348 2315
349 611
350 2258
351 1024
352 2675
353 2843
354 2450
355 1445
356 2646
357 1361
358 488
359 2648
360 2333
361 1297
362 342
363 1920
364 1219
365 881
366 690
367 151
368 111
369 663
370 2998
371 2746
372 411
373 2108
374 450
375 1768
376 1001
377 1972
378 1130
379 143
380 482
381 412
382 2778
383 2555
384 2181
385 848
386 2248
387 1439
388 1599
389 407
390 2387
391 1108
392 1762
393 2794
394 1453
395 1295
396 767
397 810
398 193
399 2476
400 2024
401 547
402 378
403 464
404 1603
405 271
406 2812
407 1041
408 207
409 723
410 2386
411 1642
412 2107
413 675
414 2214
415 1538
416 842
417 2114
418 1128
419 1184
420 1503
421 2753
422 1949
423 607
424 401
425 2772
426 2233
427 2309
428 562
429 2806
430 290
431 1392
432 2343
433 207
434 955
435 2176
436 150
437 1406
438 346
439 1780
440 219
441 1299
442 39
443 765
444 2831
445 2301
446 677
447 2472
448 2435
449 458
450 2349
451 263
452 2648
453 2211
454 2217
455 820
456 655
457 519
458 57
459 750
460 224
461 2497
462 886
463 2370
464 934
465 546
466 129
467 521
468 2364
469 385
470 931
471 980
472 221
473 448
474 463
475 2462
476 2300
477 2680
478 2179
479 1924
480 548
481 1802
482 2163
483 1821
484 1308
485 2302
486 2919
487 483
488 179
489 487
490 126
491 2642
492 2617
493 858
494 514
495 812
496 1706
497 188
498 1628
499 805
500 2963
501 1520
502 2549
503 2770
504 1623
505 2391
506 2246
507 62
508 2095
509 2734
510 2451
511 442
512 2942
513 2327
514 1837
515 476
516 1352
517 1485
518 1403
519 1788
520 2307
521 1106
522 1170
523 1215
524 2901
525 2221
526 2435
527 663
528 2014
529 2597
530 365
531 1224
532 323
533 2253
534 2192
535 1237
536 1261
537 2089
538 1048
539 1386
540 2238
541 2759
542 992
543 1803
544 2639
545 73
546 2470
547 972
548 2513
549 2675
550 2820
551 1545
552 1411
553 680
554 367
555 2062
556 57
557 2320
558 585
559 2930
560 2329
561 648
562 239
563 1289
564 1741
565 1439
566 19
567 2003
568 2891
569 838
570 183
571 1621
572 2095
573 1083
574 49
575 2411
576 881
577 2494
578 1839
579 1494
580 98
581 408
582 2735
583 2700
584 2966
585 268
586 2326
587 695
588 1303
589 2951
590 677
591 1516
592 525
593 1916
594 1902
595 678
596 191
597 828
598 2194
599 2391
600 650
601 1360
602 27
603 371
604 1748
605 742
606 1575
607 1896
608 490
609 263
610 2936
611 1304
612 2999
613 526
614 831
615 1078
616 2506
617 2487
618 1445
619 1553
620 2798
621 2069
622 2877
623 650
624 1233
625 1379
626 1342
627 1366
628 1919
629 1208
630 119
631 2460
632 270
633 1847
634 2601
635 1888
636 2703
637 2863
638 820
639 1729
640 1634
641 1565
642 2586
643 2948
644 2691
645 2967
646 2758
647 151
648 3
649 686
650 1377
651 1417
652 267
653 850
654 1753
655 317
656 2147
657 2218
658 33
659 790
660 1853
661 1718
662 2602
663 2335
664 735
665 2915
666 273
667 2095
668 1315
669 886
670 2049
671 1510
672 1754
673 2304
674 500
675 972
676 1257
677 446
678 196

