693 40
0 1524
1 2899
2 2474
3 2206
4 2301
5 1320
6 106
7 175
8 1795
9 2290
10 52
11 1916
12 366
13 1025
14 1735
15 2614
16 1095
17 411
18 2852
19 1541
20 521
21 2787
22 1105
23 1356
24 2200
25 1144
26 1644
27 997
28 2274
29 1290
30 1708
31 870
32 2439
33 2585
34 2195
35 2237
36 2502
37 652
38 394
39 2225
40 538
41 913
42 757
43 1944
44 1198
45 1551
46 2282
47 939
48 303
49 1780
50 710
51 532
52 337
53 434
54 1750
55 1977
56 1761
57 626
58 668
59 251
60 375
61 69
62 1610
63 2908
64 231
65 1734
66 2753
67 2464
68 624
69 1606
70 1059
71 2524
72 1263
73 1956
74 996
75 2394
76 1241
77 2545
78 2095
79 2017
80 1324
81 768
82 871
83 136
84 2063
85 585
86 2229
87 1883
88 741
89 131
90 662
91 760
92 2819
93 968
94 34
95 208
96 2405
97 121
98 2459
99 1335
100 1034
101 1074
102 223
103 1304
104 1155
105 890
106 905
107 1680
108 2454
109 32
110 888
111 1732
112 2288
113 2349
114 868
115 2968
116 1788
117 2867
118 35
119 1325
120 1721
121 716
122 405
123 1335
124 1795
125 2207
126 1736
127 2176
128 339
129 2554
130 465
131 1357
132 759
133 1739
134 2882
135 2346
136 2631
137 402
138 1090
139 1157
140 1396
141 2943
142 2691
143 1764
144 950
145 2417
146 1113
147 1063
148 177
149 1761
150 1623
151 798
152 760
153 1084
154 2963
155 1231
156 1204
157 705
158 1885
159 1734
160 2029
161 536
162 915
163 2087
164 2945
165 2043
166 2177
167 1553
168 979
169 1017
170 208
171 2237
172 1
173 100
174 1743
175 419
176 23
177 2889
178 2043
179 1459
180 692
181 880
182 2280
183 2336
184 1873
185 1802
186 1981
187 1485
188 1741
189 2600
190 2726
191 607
192 1105
193 1726
194 1484
195 2439
196 1839
197 37
198 161
199 2445
200 1770
201 175
202 2295
203 1071
204 632
205 1253
206 2538
207 1697
208 1893
209 1220
210 2031
211 1867
212 1057
213 930
214 1258
215 1476
216 1746
217 1635
218 135
219 1257
220 1578
221 1516
222 2427
223 665
224 962
225 1102
226 1469
227 1649
228 824
229 199
230 2458
231 695
232 2667
233 969
234 552
235 305
236 527
237 1033
238 1898
239 1572
240 2342
241 1255
242 96
243 136
244 1296
245 182
246 2324
247 740
248 2440
249 1209
250 1586
251 1417
252 1404
253 2618
254 2565
255 2272
256 929
257 2319
258 2276
259 1813
260 10
261 1426
262 2540
263 2968
264 2789
265 130
266 109
267 1889
268 2165
269 95
270 2901
271 970
272 285
273 1087
274 300
275 1684
276 272
277 2688
278 1680
279 1932
280 174
281 2920
282 997
283 1849
284 372
285 648
286 131
287 1083
288 917
289 1933
290 2690
291 1209
292 2067
293 2932
294 1719
295 2884
296 2187
297 1474
298 2255
299 1579
300 1831
301 978
302 2584
303 1007
304 2574
305 1873
306 49
307 66
308 98
309 2997
310 2372
311 1604
312 1032
313 1412
314 230
315 2238
316 138
317 100
318 2562
319 2624
320 1647
321 2824
322 2262
323 1165
324 766
325 1017
326 1942
327 1125
328 867
329 848
330 2406
331 614
332 130
333 61
334 2699
335 211
336 1244
337 480
338 141
339 317
340 416
341 425
342 2596
343 1542
344 575
345 2200
346 2350
347 809
348 648
349 1000
350 1798
351 2726
352 2866
353 1278
354 146
355 942
356 550
357 2388
358 1618
359 1245
360 2608
361 59
362 2361
363 1324
364 2372
365 2623
366 2637
367 2139
368 836
369 866
370 993
371 2834
372 1046
373 2035
374 1001
375 2396
376 2967
377 2997
378 2678
379 1209
380 2327
381 693
382 1571
383 401
384 2803
385 1483
386 1665
387 2236
388 2353
389 1122
390 1055
391 1278
392 1908
393 2865
394 1841
395 764
396 2967
397 2313
398 309
399 1500
400 469
401 1423
402 2768
403 2439
404 796
405 475
406 1205
407 974
408 1273
409 156
410 504
411 1473
412 2621
413 822
414 1773
415 1611
416 2752
417 2521
418 166
419 2148
420 1929
421 701
422 1451
423 1831
424 2912
425 2200
426 280
427 2485
428 148
429 1659
430 2044
431 503
432 1027
433 1976
434 2916
435 1288
436 332
437 842
438 33
439 2257
440 684
441 25
442 673
443 2407
444 2511
445 1193
446 1285
447 719
448 209
449 1532
450 518
451 2017
452 478
453 102
454 732
455 1132
456 2784
457 1780
458 2073
459 340
460 565
461 423
462 312
463 2737
464 2298
465 1141
466 1617
467 209
468 837
469 2659
470 156
471 2128
472 344
473 291
474 1458
475 2033
476 2554
477 508
478 380
479 1815
480 2106
481 1697
482 10
483 2314
484 1800
485 2242
486 738
487 2683
488 2772
489 2994
490 616
491 631
492 1772
493 2163
494 865
495 1078
496 447
497 440
498 711
499 1364
500 1630
501 1566
502 1923
503 855
504 1742
505 2799
506 228
507 43
508 2710
509 1769
510 2805
511 2087
512 1518
513 608
514 2388
515 166
516 758
517 2626
518 1378
519 2574
520 1317
521 2547
522 1179
523 825
524 1701
525 1294
526 1875
527 2570
528 717
529 509
530 2719
531 413
532 1633
533 1242
534 1513
535 1857
536 2543
537 2348
538 1648
539 322
540 378
541 887
542 2707
543 582
544 1819
545 510
546 2455
547 1858
548 2422
549 2801
550 642
551 443
552 2401
553 212
554 1500
555 88
556 2932
557 2125
558 1478
559 2035
560 936
561 1943
562 1693
563 952
564 2145
565 2156
566 2215
567 1258
568 2787
569 193
570 1349
571 1535
572 2765
573 356
574 1458
575 385
576 1306
577 961
578 2360
579 1373
580 282
581 2466
582 1855
583 369
584 515
585 135
586 396
587 2466
588 216
589 618
590 1122
591 1357
592 1781
593 1482
594 1099
595 1593
596 369
597 1266
598 1794
599 886
600 78
601 529
602 2875
603 1230
604 651
605 1800
606 1009
607 1112
608 800
609 2709
610 117
611 2783
612 1207
613 1409
614 837
615 306
616 1617
617 657
618 2045
619 1523
620 2398
621 231
622 1425
623 1550
624 848
625 2449
626 2808
627 881
628 1881
629 59
630 1229
631 859
632 2262
633 700
634 967
635 1351
636 187
637 385
638 2642
639 519
640 2690
641 2072
642 1093
643 378
644 189
645 629
646 1926
647 567
648 1743
649 2387
650 228
651 1334
652 923
653 1459
654 914
655 154
656 889
657 979
658 2646
659 1061
660 1262
661 2073
662 689
663 2395
664 476
665 732
666 1054
667 2404
668 2718
669 198
670 2783
671 1747
672 334
673 1923
674 2418
675 1309
676 822
677 588
678 1542
679 385
680 437
681 1945
682 2332
683 2384
684 2242
685 0
686 2997
687 656
688 960
689 2283
690 2699
691 912
692 1724

