320 85
0 87
1 57
2 2447
3 846
4 1349
5 932
6 2548
7 2579
8 347
9 872
10 1866
11 1288
12 1257
13 1532
14 246
15 1811
16 1673
17 1039
18 1202
19 802
20 593
21 2240
22 813
23 2947
24 1176
25 1982
26 250
27 1515
28 1147
29 2151
30 2483
31 346
32 897
33 1272
34 868
35 44
36 1843
37 747
38 559
39 2136
40 1526
41 885
42 1930
43 699
44 949
45 1562
46 1168
47 1273
48 1627
49 2453
50 2590
51 2545
52 49
53 2892
54 1239
55 1684
56 2323
57 1118
58 48
59 1645
60 617
61 155
62 2994
63 879
64 2459
65 1964
66 2460
67 621
68 1167
69 2728
70 1093
71 896
72 995
73 451
74 2908
75 1751
76 2830
77 2940
78 385
79 1123
80 1955
81 827
82 1106
83 1167
84 1178
85 2842
86 1911
87 873
88 1914
89 1713
90 1829
91 1279
92 276
93 993
94 2993
95 2385
96 2714
97 232
98 1066
99 2046
100 1521
101 2304
102 1363
103 1283
104 267
105 1639
106 1068
107 1135
108 2975
109 2577
110 2907
111 574
112 2895
113 1679
114 2995
115 1047
116 2977
117 591
118 2293
119 2257
120 1960
121 2532
122 117
123 1380
124 1906
125 1389
126 1859
127 1025
128 2462
129 2076
130 1547
131 917
132 2833
133 446
134 2282
135 2205
136 1002
137 1353
138 750
139 343
140 474
141 1882
142 1925
143 2613
144 1809
145 1857
146 2453
147 1624
148 1137
149 1913
150 1675
151 1670
152 2065
153 2131
154 517
155 466
156 628
157 2056
158 1677
159 1512
160 2887
161 640
162 2436
163 2609
164 1492
165 1563
166 1955
167 1367
168 397
169 115
170 2661
171 2609
172 1359
173 2485
174 2098
175 2570
176 318
177 2263
178 1979
179 929
180 341
181 910
182 1195
183 1728
184 775
185 294
186 2272
187 763
188 382
189 69
190 1552
191 1443
192 321
193 898
194 2503
195 385
196 1017
197 1235
198 2840
199 2805
200 1269
201 1560
202 1737
203 2867
204 474
205 596
206 2634
207 2643
208 654
209 919
210 2032
211 2199
212 1489
213 1951
214 1194
215 935
216 2165
217 2580
218 2971
219 343
220 1500
221 2908
222 1095
223 1920
224 2264
225 968
226 2656
227 2379
228 898
229 395
230 848
231 1288
232 2256
233 1025
234 182
235 381
236 354
237 1682
238 1108
239 1862
240 792
241 1945
242 478
243 1927
244 1812
245 2767
246 1129
247 452
248 2262
249 2611
250 2272
251 2106
252 2036
253 1413
254 2962
255 2640
256 2136
257 1961
258 2919
259 523
260 2018
261 958
262 2665
263 2303
264 448
265 63
266 2298
267 1871
268 1892
269 2218
270 651
271 1684
272 1114
273 1013
274 2861
275 1871
276 188
277 2957
278 1903
279 1878
280 2291
281 263
282 1585
283 33
284 336
285 796
286 1192
287 2831
288 731
289 1312
290 2764
291 1636
292 2528
293 924
294 902
295 2438
296 2538
297 2402
298 1557
299 192
300 2893
301 2995
302 701
303 2543
304 2790
305 394
306 860
307 624
308 2554
309 1912
310 2598
311 1958
312 90
313 412
314 2011
315 936
316 1784
317 625
318 465
319 2950

