294 89
0 1881
1 2212
2 1157
3 1730
4 564
5 284
6 1300
7 1201
8 2753
9 743
10 326
11 326
12 1022
13 2330
14 2781
15 24
16 2498
17 1271
18 2930
19 183
20 45
21 1897
22 2972
23 2291
24 2875
25 80
26 253
27 2034
28 1663
29 2223
30 2752
31 2643
32 1053
33 1191
34 2746
35 1535
36 1845
37 2693
38 1226
39 279
40 2924
41 1771
42 2918
43 492
44 1203
45 1598
46 952
47 2362
48 1661
49 1590
50 1061
51 2283
52 1
53 1578
54 2715
55 837
56 900
57 2817
58 2923
59 1780
60 1361
61 2472
62 2288
63 1578
64 2777
65 2708
66 2931
67 1431
68 1709
69 467
70 1048
71 1230
72 590
73 2277
74 2498
75 1570
76 2055
77 665
78 1565
79 138
80 562
81 2557
82 2316
83 2602
84 1977
85 2183
86 2258
87 2200
88 801
89 383
90 1596
91 1803
92 774
93 1925
94 2202
95 2864
96 2594
97 2700
98 1909
99 1472
100 2191
101 537
102 325
103 803
104 1840
105 1323
106 2793
107 1201
108 2752
109 566
110 833
111 216
112 2943
113 518
114 880
115 1764
116 1349
117 204
118 1378
119 2209
120 473
121 1439
122 721
123 2114
124 625
125 513
126 871
127 2524
128 187
129 1156
130 1186
131 12
132 926
133 852
134 1085
135 364
136 2879
137 2114
138 1168
139 1498
140 1421
141 84
142 467
143 812
144 902
145 1977
146 2071
147 1924
148 2755
149 978
150 1885
151 56
152 610
153 2876
154 68
155 1695
156 1004
157 1962
158 695
159 542
160 873
161 1859
162 2209
163 216
164 2817
165 564
166 1566
167 455
168 1703
169 2400
170 2228
171 1498
172 1781
173 812
174 1618
175 2863
176 1483
177 196
178 2995
179 2405
180 2182
181 2306
182 867
183 2204
184 2127
185 2981
186 415
187 1636
188 1375
189 493
190 1156
191 2799
192 2072
193 2266
194 1361
195 728
196 527
197 1016
198 1254
199 2476
200 344
201 872
202 502
203 2808
204 563
205 583
206 2937
207 271
208 2304
209 1001
210 1218
211 239
212 3000
213 2687
214 475
215 2271
216 2667
217 2100
218 2487
219 466
220 1546
221 1991
222 2339
223 1161
224 2425
225 184
226 1163
227 1611
228 2597
229 2172
230 2651
231 2384
232 2962
233 479
234 2793
235 2044
236 942
237 1841
238 1899
239 2593
240 835
241 729
242 1953
243 1767
244 345
245 1123
246 55
247 1271
248 1072
249 489
250 137
251 1507
252 262
253 2457
254 1201
255 122
256 2004
257 2902
258 2118
259 418
260 243
261 2038
262 1027
263 338
264 2670
265 525
266 2669
267 823
268 2189
269 309
270 2391
271 2669
272 298
273 1173
274 541
275 982
276 1788
277 1300
278 2155
279 2973
280 1362
281 1995
282 2948
283 2631
284 1190
285 1914
286 2545
287 2557
288 580
289 2123
290 1112
291 147
292 2283
293 497

