547 18
0 1307
1 988
2 563
3 2321
4 2015
5 2270
6 995
7 71
8 375
9 858
10 2817
11 2599
12 2094
13 315
14 382
15 121
16 917
17 1206
18 2841
19 771
20 1235
21 253
22 2567
23 2731
24 1861
25 1443
26 2459
27 1450
28 1641
29 2426
30 126
31 2233
32 1988
33 2851
34 1834
35 1024
36 148
37 2202
38 693
39 1487
40 1760
41 1415
42 871
43 2719
44 2783
45 1029
46 2540
47 263
48 1773
49 2787
50 1348
51 2380
52 1395
53 1109
54 1113
55 1608
56 2135
57 834
58 2713
59 2830
60 704
61 807
62 677
63 1418
64 891
65 2325
66 70
67 1866
68 1444
69 2787
70 1961
71 1896
72 874
73 2818
74 1687
75 310
76 1086
77 2227
78 2592
79 1425
80 1113
81 2784
82 2883
83 2430
84 623
85 2631
86 1781
87 347
88 2746
89 1536
90 2678
91 938
92 1478
93 2421
94 2240
95 2903
96 1954
97 677
98 2236
99 1335
100 2220
101 532
102 530
103 1624
104 1200
105 374
106 394
107 811
108 1193
109 2153
110 1038
111 1104
112 1227
113 2997
114 757
115 2718
116 1762
117 433
118 2512
119 1523
120 2430
121 2138
122 94
123 880
124 1357
125 1121
126 2199
127 2016
128 977
129 958
130 79
131 520
132 2875
133 2205
134 1243
135 529
136 1933
137 2971
138 826
139 2215
140 2585
141 1130
142 1476
143 55
144 1878
145 1520
146 2520
147 387
148 946
149 2965
150 163
151 2885
152 2222
153 221
154 676
155 1037
156 732
157 431
158 1510
159 755
160 847
161 2493
162 1933
163 1207
164 2756
165 1093
166 1112
167 662
168 2209
169 162
170 2089
171 849
172 2730
173 2315
174 583
175 525
176 816
177 2067
178 199
179 51
180 2953
181 1637
182 2399
183 352
184 1666
185 355
186 1705
187 2748
188 2980
189 437
190 1591
191 714
192 507
193 1454
194 746
195 1725
196 2283
197 2591
198 1035
199 275
200 312
201 1488
202 1627
203 2351
204 422
205 1357
206 1912
207 496
208 1281
209 2027
210 2696
211 941
212 507
213 424
214 1672
215 1670
216 2134
217 7
218 2021
219 2541
220 520
221 1199
222 2212
223 284
224 1946
225 279
226 1385
227 1031
228 1934
229 889
230 572
231 1091
232 609
233 572
234 1855
235 367
236 2364
237 401
238 1822
239 2441
240 2045
241 2220
242 1066
243 2454
244 636
245 829
246 2697
247 663
248 37
249 2921
250 372
251 1871
252 1360
253 692
254 1938
255 1939
256 1354
257 1265
258 55
259 2534
260 885
261 1088
262 2541
263 2566
264 2236
265 430
266 2349
267 2320
268 364
269 1669
270 1109
271 2335
272 1382
273 2628
274 940
275 618
276 44
277 247
278 2600
279 515
280 34
281 2003
282 2367
283 2174
284 171
285 2309
286 2273
287 378
288 1968
289 1807
290 677
291 998
292 1603
293 63
294 1704
295 969
296 1661
297 1526
298 2171
299 624
300 2379
301 1980
302 426
303 860
304 2480
305 685
306 879
307 2210
308 894
309 2575
310 1871
311 1797
312 342
313 704
314 1495
315 427
316 2875
317 2393
318 993
319 2832
320 1237
321 1937
322 783
323 1191
324 1075
325 1736
326 733
327 1887
328 2921
329 1170
330 2474
331 2072
332 93
333 568
334 2570
335 690
336 1227
337 217
338 2298
339 1334
340 73
341 423
342 2336
343 2885
344 1828
345 1068
346 1330
347 1749
348 374
349 1281
350 1096
351 1212
352 1139
353 1577
354 1090
355 787
356 2939
357 353
358 505
359 868
360 2800
361 864
362 2736
363 1587
364 2062
365 2370
366 1578
367 2020
368 2541
369 2467
370 952
371 2255
372 1148
373 1782
374 1902
375 2953
376 1980
377 1798
378 2153
379 1719
380 743
381 202
382 2488
383 764
384 1353
385 765
386 2017
387 1530
388 1107
389 1626
390 2243
391 982
392 1548
393 769
394 2916
395 2266
396 1181
397 1133
398 199
399 2564
400 1003
401 312
402 2603
403 243
404 2857
405 2044
406 854
407 2975
408 2842
409 2866
410 1427
411 2373
412 42
413 2579
414 1816
415 2801
416 510
417 85
418 1775
419 1563
420 1751
421 298
422 500
423 1519
424 809
425 1202
426 1301
427 433
428 1711
429 1558
430 2039
431 2513
432 1550
433 2872
434 1805
435 933
436 899
437 455
438 1374
439 1483
440 2645
441 701
442 2419
443 242
444 2875
445 2492
446 2460
447 12
448 131
449 241
450 2124
451 716
452 729
453 262
454 2038
455 2290
456 2921
457 25
458 1052
459 2885
460 2380
461 481
462 1266
463 344
464 2050
465 2298
466 1832
467 1455
468 2475
469 1711
470 2259
471 2284
472 869
473 2418
474 2995
475 16
476 1979
477 378
478 2710
479 2524
480 2062
481 593
482 2398
483 1139
484 453
485 2380
486 1422
487 17
488 1228
489 818
490 2672
491 398
492 507
493 1755
494 495
495 2315
496 752
497 780
498 2616
499 1962
500 333
501 2560
502 1709
503 189
504 1774
505 101
506 388
507 1361
508 2251
509 481
510 1482
511 1283
512 2934
513 220
514 1171
515 2375
516 1851
517 115
518 638
519 733
520 2964
521 2668
522 2321
523 1549
524 1214
525 1805
526 1593
527 795
528 1783
529 1177
530 2120
531 2829
532 13
533 635
534 1417
535 2474
536 786
537 561
538 2545
539 1215
540 395
541 1858
542 428
543 2829
544 372
545 48
546 933

