126 37
0 2660
1 1731
2 1425
3 261
4 356
5 1989
6 1353
7 912
8 398
9 2005
10 1153
11 1720
12 2974
13 2339
14 444
15 1484
16 2209
17 285
18 985
19 2750
20 2252
21 1082
22 388
23 194
24 2801
25 2405
26 199
27 2467
28 357
29 987
30 1498
31 1061
32 2883
33 911
34 1305
35 2350
36 2161
37 185
38 1590
39 2424
40 2082
41 2798
42 197
43 665
44 1053
45 2607
46 2582
47 951
48 1557
49 1345
50 2658
51 718
52 2692
53 2548
54 2178
55 961
56 2153
57 495
58 2469
59 2227
60 2809
61 1281
62 2238
63 1584
64 2627
65 2483
66 2547
67 1754
68 2013
69 161
70 2940
71 331
72 799
73 734
74 418
75 1382
76 668
77 587
78 2003
79 318
80 863
81 2577
82 760
83 1345
84 2105
85 2776
86 2021
87 173
88 2590
89 552
90 224
91 508
92 1318
93 2282
94 426
95 1038
96 782
97 1802
98 2858
99 1022
100 2876
101 1439
102 835
103 2869
104 1197
105 1662
106 868
107 2216
108 354
109 417
110 806
111 2249
112 766
113 2144
114 2572
115 875
116 2182
117 2281
118 1593
119 2562
120 1411
121 1754
122 2664
123 486
124 1612
125 656

