252 6
0 1228
1 414
2 2438
3 2545
4 944
5 2446
6 2370
7 1517
8 1998
9 2414
10 11
11 118
12 847
13 1219
14 171
15 1804
16 2924
17 2985
18 1895
19 1647
20 1360
21 613
22 2046
23 68
24 2780
25 1525
26 534
27 1371
28 521
29 1770
30 1023
31 637
32 529
33 1375
34 2350
35 135
36 2593
37 941
38 2789
39 1615
40 2258
41 459
42 2301
43 1063
44 1095
45 1535
46 242
47 120
48 1603
49 429
50 2121
51 184
52 676
53 2001
54 1159
55 1733
56 351
57 244
58 2362
59 733
60 2906
61 2716
62 2362
63 1301
64 621
65 1146
66 1294
67 1515
68 477
69 1450
70 2612
71 2062
72 2234
73 2304
74 1977
75 627
76 2261
77 2070
78 1522
79 1516
80 2065
81 916
82 2433
83 2852
84 2593
85 979
86 703
87 1208
88 1773
89 2544
90 1559
91 1444
92 1870
93 2397
94 1367
95 1443
96 1686
97 1325
98 311
99 835
100 875
101 2550
102 2831
103 2903
104 1487
105 2646
106 2173
107 14
108 327
109 239
110 2663
111 1987
112 1859
113 2632
114 552
115 1287
116 765
117 1845
118 2159
119 2215
120 845
121 968
122 986
123 1891
124 2697
125 1758
126 1561
127 161
128 388
129 1082
130 135
131 1795
132 2157
133 1304
134 305
135 2418
136 2120
137 2499
138 2863
139 1890
140 1132
141 1698
142 2655
143 524
144 2602
145 2729
146 1411
147 2799
148 2976
149 1785
150 344
151 643
152 120
153 1991
154 1866
155 691
156 2098
157 1101
158 1501
159 525
160 843
161 1639
162 2112
163 1733
164 230
165 167
166 2693
167 712
168 2953
169 2984
170 2999
171 1663
172 728
173 1888
174 472
175 253
176 2806
177 351
178 339
179 2324
180 1936
181 1783
182 1010
183 1994
184 1732
185 2095
186 69
187 2583
188 1085
189 77
190 2330
191 1869
192 1695
193 1528
194 1490
195 1363
196 554
197 438
198 2712
199 1456
200 2404
201 1041
202 2185
203 647
204 481
205 2929
206 2067
207 629
208 1060
209 218
210 2386
211 2669
212 2775
213 229
214 2211
215 45
216 1232
217 303
218 2519
219 229
220 2900
221 2570
222 448
223 1110
224 1744
225 1353
226 1739
227 518
228 1720
229 2533
230 1675
231 259
232 1814
233 527
234 2954
235 2530
236 1649
237 1299
238 184
239 1075
240 869
241 2542
242 1939
243 2198
244 782
245 1029
246 1252
247 763
248 306
249 1521
250 1071
251 762

