756 4
0 897
1 2338
2 2615
3 1180
4 1859
5 1669
6 2518
7 1299
8 2626
9 1209
10 1638
11 2745
12 1489
13 571
14 2448
15 2191
16 2261
17 1638
18 2464
19 380
20 2647
21 548
22 2674
23 308
24 1989
25 2676
26 577
27 493
28 2456
29 2339
30 2940
31 288
32 2184
33 1576
34 748
35 93
36 2012
37 1340
38 2030
39 2389
40 2601
41 1325
42 2768
43 1000
44 2348
45 1203
46 1057
47 2179
48 459
49 1869
50 2741
51 2936
52 2351
53 2377
54 2636
55 2839
56 1237
57 2130
58 2021
59 1230
60 258
61 1480
62 2087
63 963
64 1138
65 1412
66 367
67 2288
68 2138
69 1193
70 2277
71 2536
72 1851
73 2577
74 1524
75 1241
76 1138
77 2386
78 2478
79 2226
80 1977
81 733
82 2722
83 1564
84 795
85 303
86 1763
87 1814
88 161
89 2022
90 2757
91 1203
92 2178
93 2313
94 263
95 1825
96 567
97 956
98 169
99 2836
100 730
101 1821
102 1390
103 440
104 1731
105 189
106 1372
107 2207
108 876
109 1840
110 2696
111 263
112 921
113 278
114 348
115 1993
116 2881
117 68
118 161
119 774
120 1859
121 973
122 80
123 760
124 1190
125 1376
126 1612
127 2653
128 875
129 1098
130 2419
131 423
132 2623
133 2780
134 763
135 2201
136 2758
137 634
138 515
139 2126
140 2125
141 150
142 123
143 1684
144 1178
145 2866
146 1007
147 6
148 699
149 2020
150 1347
151 897
152 1142
153 2588
154 1243
155 2478
156 79
157 162
158 2320
159 1951
160 2201
161 915
162 2421
163 1468
164 23
165 1781
166 80
167 2928
168 2567
169 1927
170 2363
171 861
172 357
173 1139
174 929
175 2490
176 2268
177 1960
178 270
179 1076
180 63
181 20
182 1569
183 2837
184 1294
185 2731
186 2856
187 1605
188 2872
189 1876
190 1834
191 1279
192 2898
193 2379
194 2330
195 1370
196 2459
197 2399
198 1414
199 2801
200 2350
201 2576
202 2213
203 2814
204 1180
205 932
206 2488
207 266
208 2854
209 1373
210 326
211 2672
212 2592
213 2725
214 1328
215 10
216 1670
217 2352
218 2047
219 2601
220 2206
221 1371
222 1930
223 809
224 2095
225 210
226 2923
227 1799
228 405
229 2964
230 1356
231 1957
232 2937
233 361
234 127
235 800
236 71
237 2252
238 1165
239 394
240 2989
241 1335
242 108
243 1406
244 2104
245 953
246 808
247 1302
248 1416
249 1966
250 1676
251 1770
252 1694
253 2994
254 2896
255 963
256 965
257 79
258 1458
259 245
260 97
261 499
262 1593
263 799
264 1824
265 2916
266 1231
267 2037
268 1582
269 1559
270 1770
271 73
272 1126
273 2074
274 1448
275 817
276 2352
277 1552
278 2363
279 236
280 2401
281 2199
282 2145
283 2623
284 2396
285 1120
286 88
287 1667
288 101
289 1561
290 1894
291 1314
292 2656
293 187
294 1037
295 2618
296 2046
297 1969
298 1689
299 1446
300 1536
301 1815
302 1871
303 14
304 1769
305 1455
306 2931
307 1076
308 2074
309 2838
310 2895
311 951
312 2259
313 2771
314 486
315 1950
316 2804
317 1381
318 1933
319 361
320 96
321 1572
322 1988
323 2236
324 794
325 2165
326 373
327 1058
328 427
329 2861
330 1045
331 819
332 1518
333 1086
334 329
335 764
336 1292
337 476
338 1175
339 315
340 2054
341 177
342 597
343 2763
344 741
345 2402
346 2430
347 2910
348 1149
349 1949
350 668
351 840
352 156
353 197
354 881
355 1236
356 717
357 1008
358 67
359 1349
360 271
361 1746
362 2060
363 1616
364 2478
365 28
366 1748
367 605
368 2215
369 2766
370 1703
371 2078
372 832
373 2921
374 1040
375 1857
376 1894
377 2262
378 437
379 200
380 2521
381 2559
382 2735
383 2251
384 1472
385 1781
386 64
387 2657
388 507
389 2051
390 1166
391 331
392 1655
393 2785
394 1728
395 265
396 1684
397 1778
398 1975
399 1982
400 1558
401 359
402 832
403 2949
404 322
405 1254
406 905
407 239
408 51
409 1025
410 2557
411 1986
412 1993
413 1251
414 553
415 163
416 1638
417 1895
418 697
419 1299
420 1998
421 1511
422 1376
423 1960
424 1265
425 1853
426 1401
427 1118
428 533
429 136
430 1534
431 867
432 876
433 2345
434 1509
435 1646
436 1078
437 2203
438 1615
439 1420
440 1319
441 1716
442 353
443 673
444 1576
445 1796
446 1477
447 2626
448 2681
449 2335
450 1077
451 115
452 1167
453 2110
454 18
455 1415
456 2020
457 1243
458 2374
459 1894
460 446
461 103
462 1248
463 2476
464 2937
465 1565
466 2733
467 349
468 985
469 1060
470 2945
471 2476
472 1754
473 2422
474 2136
475 1164
476 1619
477 1602
478 1067
479 588
480 1941
481 232
482 954
483 1009
484 1825
485 992
486 1958
487 530
488 662
489 2270
490 510
491 1524
492 1969
493 1163
494 1108
495 410
496 362
497 973
498 1746
499 170
500 425
501 1349
502 236
503 2565
504 1374
505 562
506 943
507 1256
508 1800
509 1942
510 2677
511 683
512 1732
513 41
514 74
515 811
516 1479
517 2800
518 1965
519 767
520 2323
521 2428
522 1495
523 1314
524 572
525 2074
526 2106
527 2714
528 2126
529 2788
530 307
531 2614
532 278
533 1015
534 1005
535 1037
536 884
537 2774
538 2325
539 728
540 2158
541 1860
542 1064
543 2372
544 786
545 1952
546 2238
547 99
548 1568
549 2506
550 217
551 2140
552 1970
553 2478
554 1913
555 1288
556 1040
557 293
558 2735
559 1849
560 1754
561 2986
562 1195
563 2664
564 2599
565 1683
566 1254
567 2450
568 1278
569 1186
570 947
571 2702
572 1090
573 2662
574 2243
575 2267
576 1681
577 1579
578 2879
579 1066
580 1508
581 1793
582 323
583 1115
584 495
585 268
586 2958
587 1624
588 1900
589 2998
590 2137
591 550
592 2330
593 2257
594 400
595 68
596 2503
597 168
598 2367
599 1776
600 1891
601 1802
602 1952
603 2230
604 1241
605 2813
606 62
607 2495
608 1611
609 1439
610 2664
611 1159
612 2218
613 85
614 310
615 338
616 1808
617 472
618 2184
619 986
620 1542
621 2696
622 1658
623 1148
624 2831
625 514
626 1098
627 1964
628 2970
629 706
630 2543
631 1160
632 1919
633 1620
634 1649
635 1335
636 2751
637 1458
638 1519
639 2368
640 2027
641 1895
642 1325
643 913
644 112
645 920
646 2753
647 1965
648 2687
649 883
650 2290
651 1102
652 2437
653 2229
654 146
655 2859
656 435
657 911
658 2291
659 26
660 2516
661 2847
662 1834
663 1930
664 51
665 443
666 578
667 2985
668 1097
669 1241
670 1800
671 1210
672 2164
673 1534
674 2135
675 2963
676 443
677 1014
678 1171
679 956
680 859
681 2751
682 1882
683 952
684 2942
685 2984
686 1000
687 1553
688 355
689 2654
690 1402
691 2796
692 1908
693 1440
694 228
695 1671
696 1459
697 1906
698 1546
699 20
700 403
701 1166
702 407
703 637
704 219
705 229
706 269
707 530
708 2814
709 2517
710 1503
711 2840
712 1861
713 347
714 1336
715 1203
716 551
717 1994
718 574
719 2234
720 1802
721 1663
722 1192
723 2783
724 1238
725 2159
726 2720
727 2540
728 2193
729 2166
730 2072
731 1093
732 1717
733 1153
734 1097
735 2756
736 1812
737 68
738 1134
739 1571
740 1653
741 295
742 2793
743 408
744 1325
745 1069
746 1247
747 1012
748 888
749 2904
750 1892
751 2091
752 2370
753 2536
754 1658
755 1399

