849 16
0 761
1 384
2 2408
3 2771
4 900
5 82
6 558
7 1308
8 850
9 1399
10 430
11 1463
12 929
13 2043
14 488
15 1298
16 1400
17 1480
18 2150
19 2492
20 1913
21 2738
22 1295
23 2872
24 2261
25 2417
26 895
27 2948
28 1611
29 288
30 2151
31 772
32 1786
33 2701
34 2912
35 2259
36 112
37 2490
38 1041
39 266
40 948
41 354
42 1816
43 2800
44 1751
45 181
46 1512
47 2855
48 498
49 2930
50 652
51 784
52 2704
53 663
54 1550
55 1221
56 2689
57 358
58 2148
59 2035
60 2311
61 2628
62 1072
63 1522
64 2424
65 485
66 1773
67 2049
68 1157
69 2183
70 847
71 1349
72 2020
73 102
74 1781
75 2241
76 1433
77 1635
78 2650
79 1599
80 2217
81 1609
82 2149
83 2986
84 1112
85 581
86 1096
87 531
88 1350
89 1320
90 1041
91 2762
92 1334
93 1130
94 2822
95 749
96 2882
97 2944
98 16
99 2826
100 2041
101 2647
102 2176
103 597
104 1689
105 982
106 675
107 262
108 1288
109 2022
110 610
111 785
112 1549
113 1198
114 950
115 793
116 130
117 832
118 2068
119 372
120 2147
121 33
122 962
123 2561
124 199
125 2044
126 1329
127 1494
128 257
129 2188
130 919
131 726
132 969
133 1685
134 2606
135 2884
136 7
137 743
138 487
139 1699
140 1934
141 2473
142 2121
143 1667
144 586
145 1017
146 2924
147 2839
148 1787
149 1390
150 345
151 1058
152 1117
153 1525
154 1613
155 2479
156 968
157 1388
158 2430
159 1504
160 2701
161 2349
162 1234
163 905
164 2134
165 1753
166 1246
167 1486
168 330
169 2656
170 160
171 1589
172 2460
173 1069
174 830
175 1349
176 2347
177 27
178 2513
179 2552
180 2100
181 1783
182 591
183 786
184 2914
185 1561
186 2274
187 257
188 1781
189 2360
190 1638
191 1077
192 1876
193 2094
194 1166
195 1180
196 592
197 1965
198 380
199 1220
200 1037
201 86
202 1299
203 915
204 2685
205 2530
206 2388
207 2599
208 877
209 69
210 398
211 2268
212 849
213 2132
214 272
215 181
216 195
217 926
218 1237
219 252
220 209
221 1182
222 705
223 2064
224 2172
225 1378
226 465
227 554
228 630
229 821
230 1443
231 1998
232 1618
233 327
234 589
235 1917
236 2651
237 2214
238 1821
239 894
240 464
241 2269
242 2629
243 1735
244 1432
245 434
246 1392
247 700
248 1922
249 927
250 1876
251 2455
252 346
253 1018
254 131
255 1389
256 1037
257 1766
258 1802
259 1582
260 2755
261 1373
262 2006
263 910
264 735
265 1333
266 2180
267 911
268 1815
269 2393
270 673
271 1464
272 2264
273 1681
274 693
275 1276
276 2036
277 2805
278 1716
279 863
280 1993
281 1959
282 2498
283 1605
284 16
285 78
286 535
287 337
288 841
289 1117
290 1272
291 1678
292 1709
293 1094
294 2573
295 99
296 15
297 1851
298 2458
299 2363
300 1165
301 406
302 2542
303 2012
304 1937
305 1476
306 2914
307 2320
308 2619
309 243
310 1321
311 1672
312 764
313 1368
314 2837
315 539
316 1200
317 2827
318 785
319 2962
320 1901
321 2851
322 2798
323 557
324 134
325 909
326 2759
327 513
328 2532
329 1958
330 2952
331 1750
332 299
333 1480
334 290
335 206
336 2449
337 724
338 1303
339 2172
340 2290
341 204
342 1927
343 2958
344 336
345 2556
346 404
347 2293
348 1772
349 325
350 1116
351 13
352 2804
353 280
354 973
355 1378
356 423
357 2521
358 2374
359 987
360 2357
361 867
362 2196
363 2958
364 1153
365 589
366 1298
367 2049
368 959
369 1889
370 1082
371 2275
372 1939
373 2130
374 1856
375 2469
376 711
377 2697
378 2674
379 2983
380 2904
381 2895
382 164
383 2230
384 900
385 2670
386 832
387 2155
388 1103
389 2260
390 2053
391 1882
392 1430
393 2224
394 729
395 499
396 2271
397 827
398 1108
399 2725
400 752
401 2738
402 260
403 2728
404 2366
405 249
406 2314
407 2945
408 237
409 2615
410 2296
411 1570
412 195
413 2785
414 1858
415 1957
416 2764
417 1388
418 209
419 2663
420 2444
421 2332
422 2005
423 873
424 1080
425 2427
426 2030
427 2966
428 2604
429 758
430 252
431 2878
432 1984
433 1946
434 2780
435 2962
436 34
437 1496
438 877
439 116
440 1372
441 885
442 1199
443 2055
444 1147
445 470
446 7
447 2631
448 730
449 5
450 755
451 907
452 537
453 2529
454 101
455 5
456 2009
457 2431
458 2808
459 1669
460 1872
461 2557
462 426
463 260
464 1904
465 479
466 1243
467 362
468 1697
469 773
470 2395
471 1330
472 1626
473 2381
474 1615
475 2533
476 1920
477 1364
478 2128
479 2582
480 106
481 69
482 1674
483 2
484 1077
485 2961
486 2500
487 760
488 2616
489 2595
490 2621
491 633
492 1599
493 779
494 305
495 2628
496 2286
497 2902
498 2093
499 1469
500 1029
501 740
502 1438
503 595
504 1796
505 1611
506 117
507 573
508 2833
509 2362
510 2712
511 81
512 1956
513 382
514 2590
515 1668
516 748
517 1663
518 2281
519 2301
520 827
521 2158
522 727
523 2882
524 382
525 1873
526 414
527 712
528 1363
529 2847
530 738
531 1325
532 670
533 1247
534 1728
535 1130
536 1111
537 188
538 2283
539 920
540 2061
541 1099
542 788
543 2952
544 2183
545 266
546 1858
547 1581
548 1750
549 1871
550 1639
551 2958
552 2744
553 1403
554 1614
555 275
556 218
557 428
558 1718
559 2875
560 1253
561 2067
562 2907
563 2382
564 811
565 1257
566 2562
567 2875
568 1343
569 2952
570 2949
571 2903
572 5
573 2984
574 2484
575 899
576 1106
577 557
578 2550
579 141
580 1143
581 2081
582 2265
583 734
584 1883
585 1955
586 970
587 2581
588 2324
589 1750
590 530
591 1647
592 2497
593 1515
594 1211
595 982
596 2828
597 2646
598 371
599 1617
600 150
601 259
602 1096
603 2186
604 607
605 1594
606 1550
607 413
608 1043
609 1376
610 2358
611 64
612 2188
613 1892
614 1192
615 1945
616 972
617 621
618 1260
619 1286
620 2093
621 2272
622 2804
623 1893
624 2817
625 356
626 1658
627 924
628 896
629 350
630 407
631 11
632 1040
633 1859
634 695
635 1932
636 2103
637 79
638 1174
639 2533
640 2541
641 2353
642 163
643 1484
644 2352
645 1911
646 2771
647 1792
648 57
649 1519
650 188
651 2198
652 891
653 6
654 2202
655 562
656 442
657 2010
658 1641
659 1499
660 2136
661 405
662 1266
663 2119
664 7
665 2189
666 1273
667 850
668 177
669 571
670 493
671 2592
672 491
673 1604
674 1112
675 2643
676 236
677 307
678 2577
679 520
680 623
681 2759
682 2100
683 2229
684 1228
685 169
686 785
687 2543
688 669
689 2873
690 25
691 2257
692 2992
693 2111
694 2921
695 2285
696 743
697 2249
698 1576
699 606
700 2177
701 214
702 1109
703 134
704 2044
705 1277
706 837
707 1886
708 2945
709 2278
710 208
711 2674
712 2425
713 2060
714 1465
715 1849
716 1590
717 46
718 119
719 383
720 2095
721 377
722 2392
723 2683
724 2726
725 2675
726 1492
727 2669
728 2810
729 1041
730 810
731 1098
732 1502
733 1614
734 1575
735 1120
736 228
737 1774
738 1621
739 2083
740 2935
741 210
742 2213
743 1495
744 1843
745 432
746 1853
747 755
748 2024
749 387
750 1587
751 1662
752 208
753 2695
754 917
755 510
756 2826
757 890
758 1209
759 1264
760 1549
761 1049
762 1082
763 2404
764 273
765 1396
766 1834
767 232
768 971
769 2845
770 1037
771 258
772 1544
773 185
774 2820
775 1562
776 192
777 1336
778 466
779 2325
780 1719
781 2114
782 1059
783 1699
784 1056
785 2523
786 697
787 1820
788 2026
789 2701
790 1437
791 1254
792 1654
793 1270
794 1100
795 160
796 2874
797 481
798 354
799 2595
800 2440
801 1314
802 1671
803 1346
804 809
805 756
806 2770
807 1874
808 1961
809 1138
810 2164
811 717
812 2425
813 600
814 2232
815 2796
816 2052
817 1372
818 2556
819 2667
820 2704
821 1572
822 2555
823 1284
824 96
825 1025
826 1237
827 1773
828 944
829 1509
830 1412
831 2184
832 326
833 2369
834 2278
835 2805
836 2909
837 842
838 702
839 2608
840 2474
841 811
842 242
843 846
844 576
845 1325
846 2521
847 1303
848 1557

