842 32
0 2332
1 706
2 2748
3 2765
4 1046
5 1685
6 458
7 1181
8 969
9 2874
10 2305
11 2105
12 2565
13 2361
14 416
15 1579
16 1320
17 776
18 1255
19 2619
20 242
21 2328
22 1128
23 1450
24 1862
25 538
26 2245
27 2167
28 2101
29 2343
30 2810
31 2568
32 1569
33 2246
34 869
35 1228
36 1754
37 1502
38 672
39 2048
40 235
41 1094
42 1037
43 2982
44 2039
45 2391
46 2498
47 2599
48 726
49 391
50 2423
51 361
52 610
53 2581
54 1875
55 2979
56 2025
57 1376
58 2245
59 121
60 1615
61 847
62 977
63 1996
64 452
65 1603
66 1049
67 93
68 1708
69 433
70 604
71 2294
72 1003
73 1924
74 2707
75 1363
76 383
77 2034
78 873
79 1793
80 1748
81 558
82 1590
83 2749
84 572
85 644
86 2618
87 441
88 2736
89 440
90 1297
91 1735
92 2099
93 396
94 159
95 410
96 1582
97 2684
98 1648
99 908
100 2109
101 2366
102 2168
103 2041
104 2445
105 1801
106 60
107 2986
108 1583
109 903
110 1725
111 2289
112 460
113 1123
114 1673
115 52
116 1092
117 1680
118 1288
119 75
120 1222
121 880
122 443
123 1371
124 2445
125 531
126 2377
127 2658
128 1059
129 904
130 2927
131 187
132 2530
133 1848
134 1938
135 373
136 1771
137 200
138 650
139 2478
140 751
141 403
142 1067
143 2358
144 614
145 1266
146 2378
147 214
148 398
149 1635
150 1716
151 2651
152 1408
153 1608
154 649
155 2744
156 313
157 962
158 2285
159 1890
160 1456
161 689
162 2199
163 1648
164 1887
165 1521
166 1336
167 1428
168 2306
169 217
170 1115
171 1405
172 1605
173 712
174 2696
175 2351
176 1729
177 789
178 1235
179 1899
180 2168
181 2366
182 1354
183 1289
184 1037
185 2836
186 2289
187 2515
188 1226
189 739
190 2464
191 1287
192 1450
193 577
194 1039
195 905
196 192
197 2560
198 1955
199 1205
200 512
201 1145
202 1291
203 2063
204 439
205 1394
206 495
207 2312
208 643
209 2605
210 358
211 210
212 2782
213 2732
214 643
215 1547
216 1208
217 505
218 1262
219 2188
220 2162
221 335
222 1385
223 1321
224 2522
225 1761
226 787
227 1861
228 1161
229 379
230 2108
231 2486
232 2048
233 2403
234 1499
235 1604
236 597
237 2063
238 1200
239 1253
240 999
241 1625
242 2760
243 991
244 1537
245 1719
246 2456
247 558
248 1240
249 687
250 2711
251 110
252 340
253 2769
254 1452
255 2911
256 834
257 2005
258 2640
259 2441
260 1358
261 250
262 2951
263 2569
264 1759
265 203
266 393
267 245
268 2722
269 1269
270 2059
271 2714
272 178
273 1978
274 1857
275 857
276 479
277 1541
278 364
279 2661
280 1902
281 1419
282 2276
283 275
284 1501
285 2990
286 2287
287 489
288 716
289 1504
290 615
291 2293
292 1928
293 1026
294 1663
295 796
296 1736
297 2771
298 2364
299 617
300 2763
301 809
302 1560
303 886
304 695
305 737
306 2430
307 1533
308 2684
309 767
310 1709
311 1598
312 1730
313 2080
314 1286
315 2961
316 565
317 961
318 1701
319 1511
320 2536
321 2402
322 379
323 59
324 2510
325 688
326 2675
327 2618
328 422
329 192
330 1926
331 709
332 950
333 1519
334 1538
335 2928
336 505
337 1714
338 1812
339 1270
340 568
341 560
342 2008
343 1787
344 1014
345 2328
346 503
347 2095
348 729
349 2246
350 1020
351 2952
352 121
353 1415
354 1440
355 2903
356 846
357 1612
358 1494
359 1615
360 584
361 2273
362 1629
363 2060
364 2313
365 2878
366 829
367 2579
368 2142
369 346
370 1233
371 2095
372 90
373 653
374 1462
375 2069
376 939
377 1553
378 1607
379 258
380 1230
381 1533
382 2303
383 1501
384 1567
385 1396
386 326
387 250
388 2895
389 1449
390 1243
391 1085
392 119
393 1722
394 2984
395 1733
396 903
397 490
398 634
399 713
400 722
401 1032
402 2946
403 1353
404 1972
405 2316
406 866
407 2579
408 2848
409 965
410 1365
411 1257
412 1375
413 2328
414 2582
415 1322
416 111
417 2601
418 1239
419 429
420 2607
421 305
422 1314
423 2059
424 1384
425 1494
426 500
427 729
428 2594
429 2465
430 1320
431 2925
432 1517
433 1647
434 1044
435 915
436 2326
437 1599
438 1843
439 657
440 1998
441 2816
442 2836
443 602
444 2671
445 456
446 2820
447 894
448 1754
449 798
450 2489
451 2173
452 2588
453 1380
454 1896
455 1928
456 1931
457 26
458 2266
459 1931
460 725
461 632
462 1271
463 2921
464 2113
465 2863
466 1475
467 1566
468 2594
469 95
470 2032
471 628
472 2820
473 494
474 1938
475 1209
476 2155
477 917
478 2349
479 595
480 1255
481 1507
482 2423
483 1277
484 1903
485 538
486 676
487 1026
488 879
489 2941
490 1535
491 950
492 2417
493 1471
494 2430
495 173
496 601
497 2725
498 1544
499 1326
500 1103
501 2412
502 1756
503 1061
504 1495
505 2218
506 2043
507 2322
508 90
509 2317
510 84
511 812
512 1631
513 1310
514 357
515 1696
516 2734
517 1272
518 155
519 2005
520 1206
521 1485
522 213
523 842
524 365
525 2647
526 1400
527 1475
528 1007
529 1601
530 1122
531 97
532 294
533 1093
534 1580
535 976
536 1344
537 1573
538 738
539 2207
540 396
541 2827
542 2469
543 2230
544 1114
545 2628
546 2266
547 1889
548 2766
549 2884
550 2041
551 387
552 1288
553 1196
554 313
555 2994
556 348
557 1401
558 2924
559 585
560 2360
561 916
562 1384
563 2450
564 2830
565 64
566 1706
567 1649
568 2707
569 1531
570 1010
571 1657
572 2985
573 213
574 1449
575 502
576 709
577 1018
578 1800
579 2295
580 2819
581 2411
582 411
583 2947
584 2985
585 1919
586 9
587 1768
588 225
589 1490
590 2697
591 468
592 891
593 1281
594 623
595 2305
596 2582
597 1380
598 634
599 485
600 1694
601 1275
602 595
603 2025
604 1768
605 2514
606 1226
607 325
608 1953
609 167
610 2912
611 1807
612 1218
613 2652
614 1606
615 208
616 1134
617 990
618 2371
619 1276
620 1913
621 1246
622 279
623 1685
624 2296
625 2114
626 257
627 1619
628 1721
629 439
630 2430
631 937
632 1729
633 1063
634 619
635 1271
636 2299
637 1827
638 1564
639 1933
640 146
641 454
642 1434
643 621
644 168
645 2349
646 1567
647 662
648 1521
649 1347
650 2202
651 2886
652 1549
653 686
654 1521
655 682
656 710
657 641
658 198
659 2650
660 998
661 1168
662 481
663 74
664 363
665 1905
666 2024
667 2625
668 1775
669 410
670 1848
671 182
672 2461
673 2379
674 1140
675 761
676 1228
677 2527
678 1803
679 1202
680 1940
681 761
682 2407
683 817
684 1532
685 1687
686 1150
687 2321
688 668
689 2733
690 2016
691 271
692 1832
693 995
694 2523
695 940
696 2873
697 2753
698 1874
699 632
700 2765
701 1338
702 2454
703 2208
704 616
705 1970
706 1639
707 1456
708 2545
709 369
710 1600
711 842
712 224
713 2213
714 1796
715 155
716 451
717 244
718 2102
719 599
720 59
721 1118
722 1491
723 2663
724 1650
725 1247
726 143
727 47
728 430
729 2027
730 516
731 2325
732 652
733 2777
734 2761
735 2387
736 93
737 582
738 2961
739 622
740 2396
741 1238
742 1630
743 75
744 2568
745 2419
746 391
747 2208
748 827
749 443
750 2220
751 2022
752 633
753 14
754 1935
755 1593
756 1503
757 1384
758 2852
759 1922
760 106
761 2595
762 2855
763 66
764 409
765 478
766 923
767 1379
768 2626
769 2044
770 2610
771 1585
772 341
773 2456
774 110
775 896
776 2738
777 1924
778 183
779 1135
780 2125
781 2464
782 1024
783 1512
784 1473
785 1436
786 1794
787 1645
788 2467
789 615
790 1877
791 1288
792 1833
793 526
794 1824
795 360
796 1798
797 1646
798 621
799 530
800 999
801 2348
802 391
803 859
804 424
805 359
806 2499
807 1487
808 2610
809 2688
810 2834
811 2933
812 1215
813 2717
814 539
815 817
816 490
817 737
818 2310
819 109
820 2294
821 884
822 1123
823 1523
824 986
825 1214
826 1929
827 954
828 2565
829 2021
830 822
831 2492
832 2236
833 996
834 122
835 1019
836 905
837 530
838 105
839 1053
840 2329
841 2565

