845 74
0 79
1 1009
2 2569
3 2089
4 2905
5 157
6 1545
7 1354
8 268
9 2517
10 1092
11 891
12 1834
13 1309
14 1370
15 2632
16 809
17 1641
18 1511
19 1139
20 874
21 2466
22 2913
23 2597
24 785
25 2194
26 1873
27 61
28 985
29 193
30 1656
31 754
32 588
33 305
34 2296
35 1059
36 1626
37 551
38 401
39 1607
40 1612
41 2519
42 2773
43 1799
44 2947
45 1800
46 2414
47 2996
48 750
49 698
50 1194
51 2500
52 2507
53 1905
54 2265
55 1328
56 356
57 1127
58 1771
59 1799
60 1369
61 1798
62 1201
63 379
64 2538
65 2588
66 1256
67 1483
68 1507
69 937
70 515
71 1672
72 789
73 127
74 2777
75 2931
76 1481
77 1296
78 872
79 1958
80 2608
81 968
82 1315
83 1662
84 1143
85 433
86 1832
87 693
88 2293
89 2264
90 1502
91 2139
92 61
93 1319
94 775
95 2388
96 2295
97 619
98 210
99 2826
100 2662
101 462
102 1981
103 1078
104 1503
105 141
106 1615
107 1713
108 2576
109 1077
110 2005
111 1728
112 1401
113 1492
114 804
115 2546
116 1704
117 1996
118 1662
119 356
120 2503
121 706
122 1522
123 2298
124 2306
125 1504
126 2518
127 1791
128 1455
129 507
130 1241
131 2897
132 2708
133 2342
134 2939
135 2818
136 2965
137 1991
138 2014
139 1243
140 1079
141 791
142 2290
143 1596
144 1282
145 1926
146 980
147 2402
148 2111
149 1726
150 950
151 1529
152 2766
153 1740
154 1135
155 168
156 920
157 1983
158 565
159 1088
160 2902
161 624
162 825
163 2227
164 588
165 2138
166 2576
167 1971
168 1176
169 583
170 1678
171 1662
172 1438
173 2794
174 1294
175 2352
176 305
177 2761
178 1798
179 2906
180 736
181 959
182 940
183 696
184 763
185 2217
186 2923
187 2914
188 868
189 1155
190 612
191 1250
192 513
193 989
194 2540
195 1258
196 1899
197 647
198 2956
199 1204
200 552
201 486
202 1551
203 2067
204 1178
205 1512
206 1415
207 869
208 2845
209 1845
210 642
211 2410
212 467
213 1441
214 944
215 1065
216 2969
217 734
218 2544
219 2453
220 2010
221 2694
222 2316
223 2106
224 447
225 715
226 1762
227 1072
228 346
229 373
230 946
231 2737
232 2790
233 908
234 2107
235 1624
236 429
237 860
238 182
239 2620
240 1800
241 2304
242 212
243 330
244 1352
245 2367
246 646
247 2709
248 496
249 2208
250 593
251 771
252 592
253 746
254 453
255 1841
256 383
257 1746
258 118
259 2005
260 2898
261 2480
262 2971
263 1493
264 1559
265 2017
266 1277
267 2705
268 1293
269 1439
270 1706
271 2918
272 647
273 1332
274 1393
275 1154
276 2767
277 320
278 1384
279 1670
280 1980
281 1252
282 2036
283 1232
284 1086
285 31
286 108
287 401
288 1164
289 2549
290 1253
291 2021
292 1708
293 1379
294 1301
295 1629
296 2746
297 1652
298 1685
299 114
300 1241
301 1336
302 1312
303 1651
304 1367
305 442
306 1309
307 1791
308 1875
309 796
310 2372
311 1766
312 2845
313 80
314 1949
315 567
316 1335
317 1962
318 1834
319 372
320 1490
321 2815
322 2214
323 2732
324 1899
325 1395
326 506
327 814
328 635
329 1737
330 1396
331 1404
332 931
333 636
334 1202
335 386
336 848
337 1532
338 2385
339 2955
340 420
341 225
342 61
343 570
344 1224
345 1552
346 2379
347 979
348 1667
349 2639
350 863
351 1557
352 2354
353 2869
354 1336
355 2663
356 1758
357 1704
358 1154
359 1132
360 2529
361 506
362 342
363 1496
364 1467
365 225
366 1527
367 624
368 663
369 2763
370 1026
371 2426
372 2507
373 345
374 2257
375 2238
376 955
377 108
378 1083
379 2659
380 731
381 1876
382 1735
383 1248
384 70
385 1584
386 1352
387 349
388 2845
389 1690
390 898
391 664
392 2212
393 2901
394 414
395 2535
396 2934
397 1857
398 2995
399 1867
400 584
401 1481
402 1264
403 2231
404 109
405 2774
406 467
407 2257
408 2720
409 1991
410 1128
411 1864
412 1364
413 1629
414 1116
415 804
416 2714
417 2471
418 873
419 2984
420 1674
421 1088
422 1024
423 2770
424 413
425 1696
426 2379
427 735
428 2662
429 858
430 1019
431 2826
432 346
433 1292
434 2506
435 1769
436 1334
437 861
438 1807
439 860
440 1763
441 2831
442 934
443 1343
444 1994
445 766
446 1707
447 1104
448 886
449 1271
450 1917
451 1562
452 1783
453 671
454 1796
455 95
456 1518
457 1006
458 1079
459 2570
460 1720
461 1007
462 1403
463 1982
464 1981
465 137
466 2697
467 28
468 2443
469 2495
470 858
471 2150
472 1126
473 823
474 2145
475 1971
476 2692
477 1282
478 1766
479 1794
480 2923
481 163
482 905
483 865
484 494
485 188
486 2637
487 171
488 2653
489 2437
490 1942
491 2948
492 2427
493 1441
494 82
495 1717
496 667
497 679
498 329
499 1483
500 2097
501 119
502 245
503 267
504 96
505 234
506 225
507 2823
508 2254
509 1962
510 2015
511 1120
512 405
513 939
514 2846
515 2010
516 1875
517 2954
518 2437
519 2300
520 1616
521 276
522 1814
523 1802
524 533
525 1487
526 199
527 2093
528 1027
529 1755
530 2482
531 1519
532 285
533 2571
534 2050
535 2972
536 2279
537 1431
538 2816
539 2978
540 2274
541 651
542 1098
543 1477
544 2417
545 1517
546 290
547 2204
548 2726
549 73
550 273
551 846
552 2459
553 235
554 2980
555 162
556 257
557 1592
558 240
559 2158
560 709
561 778
562 2684
563 1720
564 113
565 1599
566 106
567 1548
568 2183
569 1335
570 1736
571 1799
572 2902
573 998
574 560
575 2688
576 74
577 2950
578 950
579 859
580 1833
581 2194
582 882
583 2707
584 915
585 1835
586 1264
587 2477
588 264
589 1419
590 1275
591 2122
592 2296
593 487
594 150
595 2635
596 2067
597 2891
598 2726
599 1035
600 808
601 2583
602 1346
603 1703
604 1284
605 1525
606 2536
607 552
608 2891
609 2307
610 506
611 2205
612 508
613 2649
614 622
615 106
616 2806
617 942
618 1516
619 249
620 1255
621 1366
622 1813
623 2215
624 905
625 1810
626 1659
627 819
628 482
629 2122
630 1170
631 768
632 584
633 144
634 487
635 2164
636 2752
637 1353
638 1111
639 311
640 1443
641 1692
642 687
643 1368
644 1289
645 1646
646 582
647 1270
648 1335
649 1311
650 751
651 609
652 1777
653 88
654 1567
655 600
656 2534
657 1587
658 243
659 264
660 2177
661 902
662 3000
663 1637
664 660
665 1196
666 447
667 2466
668 2541
669 714
670 2222
671 1374
672 19
673 484
674 2399
675 329
676 2317
677 282
678 330
679 1525
680 1513
681 417
682 84
683 546
684 70
685 2276
686 231
687 1334
688 2875
689 2448
690 1696
691 2187
692 1128
693 1284
694 1989
695 60
696 87
697 2721
698 1357
699 1196
700 2245
701 1097
702 1150
703 2396
704 2085
705 990
706 2600
707 1756
708 1765
709 2619
710 2076
711 1651
712 344
713 931
714 479
715 2313
716 1240
717 919
718 1122
719 1199
720 2149
721 845
722 852
723 1435
724 795
725 1578
726 2844
727 1628
728 2955
729 1159
730 1711
731 2454
732 582
733 1245
734 2758
735 1732
736 818
737 2489
738 264
739 958
740 801
741 2212
742 1706
743 1318
744 2849
745 2308
746 2120
747 1489
748 1824
749 450
750 1120
751 538
752 440
753 974
754 1968
755 140
756 436
757 30
758 753
759 154
760 2677
761 2828
762 420
763 1505
764 2638
765 739
766 2366
767 2082
768 204
769 2496
770 2235
771 25
772 800
773 2574
774 1134
775 927
776 2366
777 2694
778 2161
779 2222
780 2122
781 129
782 2648
783 1086
784 2476
785 727
786 2404
787 1078
788 1863
789 1385
790 2067
791 1391
792 1829
793 1551
794 2644
795 1421
796 2978
797 2198
798 2280
799 2111
800 1748
801 2978
802 2197
803 872
804 2447
805 223
806 87
807 125
808 2099
809 2891
810 2701
811 2588
812 668
813 2224
814 1087
815 771
816 1642
817 767
818 1022
819 1619
820 854
821 858
822 2651
823 270
824 2167
825 2443
826 1100
827 2182
828 1624
829 1041
830 2151
831 1917
832 2271
833 2333
834 1461
835 1538
836 1583
837 1050
838 2651
839 2370
840 201
841 2992
842 1982
843 2085
844 1526

