183 16
0 2677
1 1121
2 2549
3 979
4 2638
5 1777
6 1337
7 1453
8 1958
9 1520
10 629
11 2191
12 2216
13 2070
14 1341
15 1498
16 1015
17 2022
18 1831
19 502
20 26
21 227
22 10
23 2252
24 2896
25 235
26 1312
27 1516
28 1213
29 943
30 552
31 1843
32 950
33 2796
34 215
35 505
36 2784
37 614
38 2209
39 2765
40 1684
41 1287
42 2985
43 2947
44 2446
45 779
46 2060
47 1026
48 1962
49 2274
50 2281
51 2560
52 2420
53 2654
54 2650
55 610
56 756
57 644
58 151
59 2298
60 2886
61 1490
62 1108
63 784
64 1200
65 120
66 174
67 445
68 1462
69 2520
70 1495
71 672
72 234
73 2637
74 880
75 2383
76 296
77 801
78 1435
79 423
80 2193
81 2845
82 1447
83 228
84 2095
85 1112
86 1921
87 1466
88 537
89 2964
90 2458
91 622
92 552
93 949
94 2040
95 1278
96 501
97 1450
98 1571
99 2765
100 255
101 1184
102 183
103 2929
104 734
105 277
106 207
107 1011
108 2441
109 1261
110 387
111 810
112 2699
113 2704
114 2964
115 525
116 793
117 1702
118 1178
119 969
120 2092
121 1064
122 2926
123 2367
124 1128
125 917
126 1560
127 2151
128 2034
129 568
130 1178
131 1116
132 457
133 1059
134 2663
135 1773
136 1521
137 2207
138 2566
139 1070
140 1930
141 675
142 1040
143 2999
144 2823
145 2592
146 2993
147 2244
148 142
149 2264
150 2992
151 2454
152 2640
153 804
154 623
155 662
156 510
157 1528
158 2073
159 2152
160 618
161 81
162 2467
163 1034
164 455
165 1892
166 2591
167 41
168 917
169 2427
170 384
171 1076
172 1170
173 530
174 654
175 2197
176 741
177 2330
178 771
179 545
180 955
181 2465
182 2033

