411 34
0 216
1 1301
2 6
3 2197
4 2114
5 726
6 175
7 2807
8 2941
9 136
10 80
11 2536
12 962
13 34
14 854
15 1810
16 1816
17 1706
18 1901
19 1347
20 2296
21 2162
22 761
23 1226
24 1271
25 2282
26 2848
27 2755
28 1365
29 855
30 2202
31 469
32 958
33 2422
34 310
35 2956
36 425
37 1491
38 2920
39 2727
40 1727
41 1704
42 694
43 661
44 2104
45 105
46 2347
47 987
48 1769
49 1964
50 2767
51 1433
52 2768
53 2149
54 1392
55 2294
56 2874
57 591
58 1140
59 840
60 2464
61 2382
62 1950
63 2554
64 89
65 329
66 1861
67 365
68 364
69 1799
70 89
71 393
72 1351
73 2089
74 2487
75 1724
76 1523
77 2235
78 1380
79 2677
80 957
81 624
82 2790
83 2599
84 2636
85 1743
86 1415
87 1276
88 1238
89 1172
90 2175
91 2244
92 235
93 1755
94 1964
95 985
96 2868
97 2548
98 1077
99 1970
100 1945
101 1443
102 2920
103 58
104 1636
105 1902
106 2703
107 994
108 749
109 1069
110 534
111 2414
112 2916
113 1123
114 2131
115 1138
116 1314
117 1756
118 485
119 98
120 1669
121 2383
122 1335
123 2931
124 1035
125 538
126 1421
127 1233
128 1068
129 2625
130 891
131 2124
132 856
133 2670
134 1379
135 2971
136 1047
137 257
138 2484
139 2822
140 2141
141 1549
142 2237
143 2792
144 2826
145 795
146 314
147 552
148 1034
149 1877
150 2204
151 453
152 2200
153 2580
154 1790
155 2861
156 932
157 2808
158 604
159 1726
160 240
161 2387
162 2075
163 750
164 1466
165 999
166 620
167 270
168 1411
169 256
170 2008
171 805
172 2730
173 2766
174 363
175 736
176 2841
177 1259
178 185
179 1559
180 41
181 458
182 1929
183 1912
184 2870
185 988
186 714
187 2826
188 1743
189 1544
190 636
191 492
192 873
193 290
194 1748
195 696
196 1140
197 1005
198 1269
199 2451
200 1299
201 2664
202 2463
203 1210
204 2661
205 1688
206 1533
207 220
208 191
209 1230
210 851
211 1985
212 1397
213 2962
214 2176
215 2658
216 2976
217 1146
218 471
219 785
220 2160
221 1996
222 2926
223 1207
224 317
225 1535
226 726
227 2580
228 1214
229 2605
230 273
231 2743
232 1782
233 1863
234 128
235 474
236 1117
237 724
238 505
239 267
240 1551
241 179
242 1973
243 1134
244 1210
245 672
246 2812
247 1148
248 1340
249 2328
250 2109
251 140
252 2562
253 2769
254 529
255 2393
256 2085
257 834
258 775
259 889
260 2222
261 2117
262 1385
263 1254
264 2375
265 345
266 1246
267 2132
268 1755
269 2216
270 2835
271 548
272 2755
273 834
274 1255
275 409
276 1497
277 690
278 2233
279 795
280 1932
281 1533
282 853
283 1008
284 2351
285 936
286 1607
287 2817
288 1828
289 1204
290 1559
291 1405
292 1904
293 510
294 409
295 2767
296 2614
297 179
298 2732
299 1679
300 1692
301 1989
302 2469
303 29
304 2914
305 1352
306 1746
307 2005
308 1304
309 2671
310 2376
311 1470
312 256
313 470
314 2658
315 1175
316 1269
317 2387
318 1277
319 1768
320 794
321 1469
322 2354
323 2587
324 1586
325 2286
326 2486
327 294
328 249
329 2447
330 2228
331 2301
332 1511
333 781
334 1693
335 1527
336 1166
337 815
338 2807
339 2217
340 489
341 1092
342 2773
343 495
344 1871
345 1061
346 1585
347 1773
348 2809
349 2660
350 2617
351 2563
352 711
353 23
354 1835
355 2440
356 388
357 1599
358 2637
359 507
360 835
361 75
362 530
363 542
364 1121
365 375
366 457
367 1612
368 1054
369 1736
370 2871
371 2011
372 47
373 2951
374 462
375 1340
376 1028
377 623
378 2306
379 2484
380 2474
381 2423
382 1918
383 2294
384 1216
385 450
386 1987
387 2046
388 335
389 385
390 2569
391 1603
392 2768
393 1293
394 1141
395 2321
396 2501
397 1130
398 2459
399 684
400 1377
401 2302
402 1351
403 2436
404 2386
405 197
406 1949
407 2877
408 756
409 622
410 948

