164 63
0 2686
1 1926
2 1016
3 2182
4 1309
5 2699
6 2735
7 2238
8 1575
9 1984
10 1587
11 2613
12 2502
13 208
14 1715
15 1333
16 454
17 1528
18 2428
19 2832
20 2758
21 2855
22 585
23 2891
24 1184
25 1096
26 25
27 1367
28 1468
29 1208
30 2792
31 132
32 1216
33 2440
34 90
35 304
36 1694
37 918
38 1030
39 281
40 1290
41 120
42 277
43 626
44 1867
45 2598
46 2781
47 2683
48 419
49 1489
50 186
51 891
52 2167
53 1561
54 2165
55 1047
56 178
57 2696
58 203
59 2600
60 1730
61 2017
62 1255
63 1140
64 1650
65 1935
66 1815
67 1778
68 2949
69 211
70 1317
71 412
72 2589
73 1638
74 1085
75 2914
76 1364
77 42
78 2879
79 1623
80 1674
81 2587
82 140
83 2675
84 1772
85 2773
86 2202
87 246
88 1999
89 966
90 2197
91 190
92 212
93 718
94 2231
95 1995
96 2647
97 215
98 2624
99 2572
100 444
101 772
102 2396
103 470
104 868
105 2307
106 2083
107 63
108 2398
109 872
110 738
111 1818
112 839
113 2627
114 1556
115 2987
116 2486
117 2978
118 1127
119 143
120 1180
121 1782
122 1567
123 1201
124 1941
125 2551
126 569
127 1825
128 2415
129 2452
130 2229
131 160
132 2797
133 2491
134 2533
135 1522
136 916
137 1700
138 401
139 2133
140 2659
141 1531
142 1588
143 1207
144 936
145 1722
146 642
147 426
148 824
149 100
150 812
151 261
152 804
153 2878
154 3000
155 1690
156 2053
157 2296
158 363
159 946
160 2932
161 1802
162 13
163 2475

