438 33
0 886
1 2787
2 62
3 76
4 923
5 1489
6 2547
7 845
8 1642
9 2845
10 1785
11 84
12 493
13 2332
14 2177
15 1293
16 1002
17 2202
18 1325
19 2826
20 1673
21 1020
22 2488
23 989
24 1644
25 873
26 979
27 530
28 1941
29 253
30 1969
31 491
32 973
33 2882
34 1793
35 648
36 460
37 709
38 609
39 1396
40 2550
41 1388
42 1353
43 1000
44 2147
45 39
46 1607
47 677
48 2385
49 1042
50 2250
51 1649
52 2526
53 1111
54 2411
55 670
56 33
57 2500
58 371
59 697
60 2740
61 2637
62 525
63 780
64 263
65 2433
66 1755
67 1910
68 2487
69 2600
70 2801
71 150
72 1710
73 2832
74 1975
75 802
76 2342
77 2828
78 1456
79 122
80 2547
81 1838
82 1757
83 269
84 2652
85 1187
86 2752
87 2091
88 1307
89 2484
90 802
91 522
92 4
93 518
94 1592
95 862
96 155
97 629
98 1595
99 1548
100 872
101 2558
102 2913
103 2874
104 2599
105 317
106 281
107 2150
108 215
109 2309
110 536
111 1730
112 2588
113 1311
114 1549
115 1799
116 2894
117 1226
118 2497
119 720
120 1290
121 648
122 555
123 2716
124 492
125 1115
126 2361
127 1295
128 42
129 2573
130 439
131 2493
132 1562
133 2075
134 647
135 347
136 816
137 534
138 1192
139 2995
140 174
141 1222
142 1347
143 1668
144 1795
145 1183
146 1188
147 1868
148 162
149 1124
150 578
151 2700
152 2360
153 1908
154 2787
155 1834
156 254
157 1932
158 1630
159 1506
160 1735
161 2304
162 2736
163 112
164 1447
165 2665
166 2733
167 1926
168 235
169 316
170 781
171 537
172 2697
173 1085
174 2353
175 2708
176 2693
177 1399
178 172
179 1725
180 616
181 288
182 1674
183 2702
184 659
185 141
186 1606
187 1993
188 1529
189 169
190 271
191 1050
192 692
193 1142
194 319
195 2568
196 1884
197 2898
198 2729
199 960
200 2308
201 73
202 45
203 1712
204 2011
205 1554
206 2414
207 1183
208 2756
209 2807
210 2307
211 1323
212 476
213 155
214 1699
215 850
216 1551
217 339
218 2393
219 280
220 1320
221 1269
222 2246
223 41
224 1016
225 61
226 985
227 1922
228 1745
229 2390
230 1101
231 2083
232 2003
233 1957
234 474
235 1041
236 2064
237 1856
238 1884
239 1385
240 2145
241 987
242 2601
243 976
244 2355
245 2804
246 2298
247 2210
248 1546
249 117
250 592
251 1712
252 1942
253 70
254 1143
255 1823
256 1173
257 138
258 1010
259 1853
260 1211
261 2034
262 2466
263 1832
264 226
265 1667
266 133
267 1670
268 1028
269 2162
270 433
271 2800
272 1817
273 2604
274 284
275 736
276 675
277 1776
278 2309
279 1764
280 2032
281 1081
282 184
283 1120
284 1632
285 1491
286 1819
287 2490
288 1629
289 2567
290 587
291 753
292 371
293 223
294 1827
295 1604
296 2520
297 1152
298 2922
299 1189
300 1635
301 2052
302 171
303 5
304 764
305 2428
306 1510
307 2693
308 835
309 2473
310 2134
311 546
312 2275
313 81
314 259
315 840
316 2969
317 382
318 269
319 1234
320 968
321 1544
322 504
323 2573
324 1683
325 2836
326 1669
327 61
328 2294
329 113
330 1035
331 1223
332 1582
333 502
334 845
335 1675
336 23
337 2875
338 670
339 1146
340 1106
341 443
342 895
343 1487
344 1032
345 2675
346 1225
347 2577
348 1853
349 2020
350 2888
351 731
352 1948
353 517
354 1307
355 2438
356 403
357 1522
358 189
359 674
360 1324
361 2565
362 2641
363 1534
364 172
365 828
366 1246
367 1834
368 2032
369 2636
370 2163
371 200
372 2797
373 2599
374 1949
375 313
376 2320
377 1864
378 1898
379 542
380 2885
381 1259
382 1099
383 1285
384 156
385 2475
386 2767
387 2636
388 662
389 79
390 2157
391 2617
392 1399
393 131
394 1241
395 2797
396 2822
397 1498
398 1157
399 1209
400 271
401 1366
402 2911
403 710
404 377
405 2927
406 645
407 1002
408 312
409 364
410 1866
411 24
412 1695
413 2450
414 1957
415 2644
416 1618
417 754
418 104
419 321
420 1904
421 191
422 984
423 1609
424 1026
425 2294
426 1442
427 2412
428 1679
429 1744
430 37
431 2427
432 177
433 2566
434 2706
435 1290
436 1836
437 313

