746 3
0 1302
1 1325
2 353
3 1458
4 1561
5 2390
6 2249
7 2534
8 2545
9 172
10 211
11 1187
12 135
13 269
14 499
15 989
16 2966
17 1432
18 1045
19 425
20 1838
21 1972
22 548
23 2890
24 2126
25 1881
26 2240
27 1575
28 2777
29 2766
30 1483
31 1548
32 2674
33 759
34 134
35 2846
36 707
37 2974
38 2370
39 417
40 1852
41 2936
42 1092
43 407
44 1700
45 2082
46 1586
47 2834
48 501
49 10
50 1463
51 2215
52 2774
53 1657
54 1682
55 795
56 856
57 1006
58 1880
59 2009
60 594
61 1962
62 576
63 2721
64 1423
65 228
66 1097
67 2887
68 190
69 89
70 2057
71 510
72 2162
73 1283
74 1796
75 1283
76 207
77 2968
78 903
79 1020
80 655
81 2521
82 2796
83 393
84 611
85 2725
86 2516
87 1409
88 690
89 1638
90 749
91 512
92 910
93 2211
94 1410
95 941
96 2750
97 632
98 1389
99 779
100 1739
101 2951
102 1032
103 1728
104 540
105 2511
106 441
107 208
108 1733
109 2173
110 432
111 2617
112 273
113 1962
114 2817
115 1165
116 2452
117 1244
118 2067
119 117
120 2113
121 1615
122 2156
123 1536
124 2728
125 1084
126 614
127 121
128 122
129 1387
130 586
131 898
132 1656
133 57
134 1169
135 2036
136 120
137 1021
138 516
139 120
140 1823
141 700
142 2410
143 2187
144 1380
145 2533
146 1095
147 1843
148 2853
149 1828
150 30
151 2295
152 2781
153 2252
154 452
155 1819
156 379
157 1102
158 165
159 655
160 1933
161 2663
162 2357
163 2359
164 2277
165 1684
166 2621
167 746
168 2952
169 154
170 1292
171 2554
172 1629
173 2070
174 123
175 645
176 1016
177 2614
178 1082
179 2674
180 1982
181 2902
182 1080
183 1372
184 2097
185 2010
186 500
187 650
188 1722
189 610
190 1272
191 979
192 1509
193 1491
194 2175
195 911
196 249
197 494
198 1397
199 2276
200 2928
201 362
202 1554
203 2421
204 2218
205 2326
206 1954
207 2247
208 3
209 1216
210 1516
211 351
212 1357
213 2501
214 1275
215 806
216 1260
217 2900
218 1740
219 1156
220 1641
221 2383
222 539
223 762
224 2161
225 1229
226 516
227 1896
228 415
229 1188
230 1526
231 2906
232 1725
233 1011
234 1137
235 2150
236 1740
237 2838
238 2305
239 331
240 840
241 2489
242 277
243 167
244 1776
245 2860
246 1345
247 2083
248 217
249 2221
250 1460
251 1836
252 1380
253 2093
254 2379
255 2882
256 827
257 355
258 1636
259 754
260 2617
261 1295
262 2883
263 997
264 1312
265 2033
266 2602
267 1056
268 1841
269 1372
270 1602
271 2774
272 2619
273 2038
274 1985
275 2474
276 1679
277 399
278 1218
279 318
280 1816
281 720
282 1870
283 640
284 804
285 1413
286 2524
287 222
288 235
289 1903
290 126
291 90
292 2822
293 0
294 1365
295 1653
296 848
297 525
298 2926
299 1626
300 613
301 1143
302 6
303 1112
304 2382
305 2723
306 765
307 323
308 1453
309 34
310 698
311 1742
312 1588
313 1991
314 2859
315 283
316 1163
317 2233
318 1709
319 2755
320 1928
321 2830
322 2988
323 2094
324 90
325 2120
326 2913
327 295
328 1325
329 588
330 2214
331 818
332 95
333 1612
334 1780
335 96
336 910
337 1425
338 220
339 2184
340 702
341 750
342 1878
343 23
344 1096
345 2769
346 1429
347 182
348 1581
349 2619
350 1796
351 2321
352 1276
353 483
354 2141
355 769
356 2064
357 1849
358 1929
359 1441
360 1289
361 1764
362 2916
363 1755
364 1872
365 1038
366 2625
367 1599
368 1611
369 55
370 46
371 991
372 151
373 875
374 883
375 653
376 405
377 834
378 801
379 2818
380 2848
381 2256
382 2424
383 2162
384 1786
385 614
386 798
387 2650
388 410
389 2395
390 2864
391 771
392 2299
393 2812
394 1510
395 456
396 2998
397 1487
398 1387
399 1021
400 1682
401 1746
402 1354
403 146
404 877
405 215
406 1770
407 590
408 2892
409 869
410 1938
411 2537
412 1311
413 1382
414 1382
415 1921
416 1883
417 1772
418 725
419 2890
420 2673
421 2632
422 637
423 857
424 2078
425 1223
426 459
427 2640
428 2898
429 2842
430 2340
431 1032
432 2845
433 1407
434 1550
435 2383
436 1176
437 734
438 1698
439 2314
440 264
441 2258
442 326
443 2547
444 2319
445 673
446 1887
447 270
448 1928
449 1817
450 2181
451 2456
452 290
453 226
454 579
455 970
456 1409
457 2563
458 2494
459 129
460 745
461 2079
462 163
463 2094
464 1224
465 2440
466 2921
467 2235
468 390
469 2865
470 514
471 2596
472 2231
473 48
474 2014
475 2550
476 312
477 662
478 1718
479 2703
480 1537
481 184
482 2992
483 2144
484 321
485 2615
486 481
487 1875
488 1817
489 2172
490 1664
491 2632
492 2306
493 1098
494 2747
495 1615
496 704
497 504
498 2490
499 1192
500 688
501 675
502 2892
503 399
504 731
505 2151
506 2502
507 2046
508 482
509 2143
510 901
511 2627
512 693
513 311
514 2232
515 602
516 185
517 2605
518 1116
519 825
520 615
521 1420
522 911
523 801
524 2091
525 1735
526 2514
527 2390
528 2806
529 1427
530 2583
531 1417
532 2680
533 2444
534 1071
535 2464
536 314
537 1418
538 1256
539 1601
540 2023
541 1251
542 2439
543 2209
544 2146
545 338
546 2915
547 2152
548 811
549 2847
550 649
551 2322
552 1066
553 2253
554 960
555 733
556 2839
557 2900
558 899
559 694
560 64
561 2115
562 1193
563 1621
564 524
565 2186
566 1637
567 2686
568 489
569 2696
570 2991
571 2232
572 1820
573 1670
574 272
575 341
576 2823
577 300
578 1933
579 333
580 1316
581 880
582 2076
583 1635
584 827
585 858
586 188
587 1458
588 837
589 2464
590 433
591 2791
592 1524
593 432
594 1236
595 2477
596 1902
597 286
598 2508
599 859
600 473
601 2422
602 838
603 1342
604 1872
605 1916
606 1206
607 2369
608 1139
609 2196
610 2516
611 1460
612 2264
613 2059
614 698
615 2388
616 1713
617 2056
618 1039
619 2793
620 416
621 626
622 2284
623 2702
624 435
625 582
626 65
627 2297
628 1042
629 2892
630 889
631 1485
632 140
633 1499
634 482
635 1082
636 591
637 222
638 57
639 205
640 1923
641 2589
642 1402
643 2048
644 1950
645 1521
646 2588
647 66
648 980
649 486
650 1715
651 1489
652 788
653 1370
654 1343
655 2605
656 1216
657 1895
658 1286
659 2567
660 1297
661 1230
662 423
663 1678
664 1253
665 58
666 804
667 313
668 1117
669 1655
670 1336
671 681
672 1912
673 593
674 2186
675 893
676 1866
677 2125
678 1523
679 1392
680 71
681 1621
682 2135
683 2145
684 2189
685 2168
686 1372
687 2169
688 2680
689 1712
690 2892
691 2958
692 220
693 984
694 56
695 615
696 2471
697 496
698 1161
699 1633
700 844
701 221
702 1203
703 53
704 2668
705 18
706 2514
707 2688
708 2963
709 886
710 23
711 2749
712 2429
713 440
714 723
715 550
716 246
717 24
718 2354
719 2917
720 556
721 157
722 993
723 2896
724 2764
725 2081
726 2569
727 1375
728 2572
729 2348
730 1269
731 2034
732 482
733 2416
734 1427
735 2563
736 2148
737 1544
738 2142
739 1161
740 1460
741 2751
742 482
743 1884
744 829
745 193

