411 35
0 912
1 895
2 1709
3 522
4 1722
5 1778
6 10
7 1794
8 473
9 1914
10 1532
11 2537
12 1468
13 2955
14 1376
15 357
16 268
17 2905
18 2204
19 523
20 1694
21 2331
22 626
23 2843
24 2802
25 2834
26 2631
27 2186
28 1270
29 1848
30 2352
31 2350
32 671
33 460
34 788
35 119
36 1381
37 902
38 661
39 1574
40 1121
41 1478
42 2810
43 2930
44 2498
45 1885
46 140
47 875
48 1090
49 1930
50 56
51 2245
52 2050
53 1456
54 2621
55 1663
56 1687
57 319
58 2811
59 43
60 14
61 659
62 815
63 301
64 227
65 46
66 1897
67 1413
68 1448
69 1610
70 97
71 576
72 1019
73 409
74 20
75 954
76 992
77 2260
78 2255
79 2827
80 2180
81 2297
82 694
83 2313
84 1055
85 1942
86 2287
87 2190
88 923
89 1181
90 2473
91 1999
92 809
93 1061
94 2272
95 1359
96 2154
97 1670
98 166
99 1182
100 2614
101 2286
102 926
103 2251
104 683
105 2896
106 618
107 2761
108 2810
109 522
110 1059
111 708
112 2001
113 2465
114 2489
115 1460
116 2598
117 1412
118 627
119 1333
120 4
121 267
122 2005
123 260
124 667
125 2189
126 257
127 859
128 1973
129 692
130 1695
131 2333
132 1074
133 2292
134 1303
135 2931
136 1842
137 463
138 777
139 1183
140 1305
141 2392
142 1898
143 773
144 765
145 1450
146 155
147 1529
148 603
149 2160
150 544
151 41
152 1704
153 2024
154 107
155 1445
156 925
157 2867
158 2588
159 1545
160 2802
161 1590
162 2596
163 98
164 2211
165 2314
166 1917
167 634
168 939
169 687
170 1010
171 70
172 461
173 2557
174 2864
175 2856
176 537
177 2803
178 2730
179 815
180 1118
181 1426
182 903
183 1868
184 1146
185 469
186 1229
187 2084
188 1880
189 1553
190 1977
191 443
192 2722
193 179
194 651
195 212
196 2823
197 150
198 658
199 2446
200 1086
201 1939
202 1207
203 116
204 978
205 379
206 2310
207 2694
208 2715
209 2788
210 2703
211 2099
212 1812
213 1071
214 1057
215 1129
216 1040
217 2052
218 48
219 1863
220 2408
221 2134
222 2354
223 2666
224 1876
225 2182
226 2011
227 1413
228 2495
229 2877
230 944
231 1146
232 1538
233 302
234 1521
235 645
236 497
237 851
238 132
239 2637
240 1664
241 2076
242 1994
243 415
244 836
245 317
246 2097
247 1548
248 1737
249 2905
250 928
251 1445
252 1488
253 2261
254 181
255 1080
256 2013
257 2833
258 1358
259 2599
260 1228
261 636
262 1438
263 1556
264 160
265 2600
266 836
267 2050
268 2730
269 2770
270 1554
271 1720
272 1974
273 1489
274 395
275 2691
276 1086
277 914
278 5
279 845
280 141
281 2165
282 1922
283 29
284 185
285 2841
286 2949
287 2127
288 2717
289 744
290 348
291 417
292 1336
293 1045
294 515
295 2863
296 2772
297 1775
298 783
299 689
300 63
301 1592
302 2270
303 728
304 1607
305 1116
306 1639
307 289
308 1022
309 1316
310 790
311 2461
312 1776
313 1813
314 665
315 2737
316 2845
317 1801
318 1820
319 707
320 532
321 2923
322 607
323 1644
324 2090
325 23
326 507
327 966
328 2202
329 883
330 2954
331 1168
332 2832
333 2182
334 16
335 1989
336 1883
337 2171
338 1976
339 671
340 2389
341 684
342 1541
343 739
344 997
345 2055
346 2202
347 464
348 644
349 2104
350 480
351 2928
352 1650
353 2924
354 2494
355 693
356 1081
357 99
358 1521
359 1239
360 2970
361 780
362 2789
363 1818
364 1322
365 496
366 1425
367 2763
368 706
369 300
370 1313
371 788
372 1612
373 900
374 2161
375 1271
376 1090
377 1599
378 94
379 326
380 2434
381 349
382 719
383 2314
384 2868
385 2314
386 1466
387 582
388 380
389 2289
390 2812
391 2715
392 508
393 1482
394 1154
395 45
396 1476
397 2943
398 645
399 2114
400 1373
401 1065
402 2555
403 1154
404 1872
405 886
406 2567
407 349
408 1139
409 1925
410 409

