156 65
0 1751
1 1882
2 2785
3 653
4 2377
5 1024
6 2065
7 1974
8 2463
9 2905
10 623
11 1413
12 2449
13 661
14 1771
15 2917
16 1081
17 2893
18 1050
19 291
20 650
21 1309
22 412
23 483
24 1919
25 1551
26 2138
27 1774
28 2241
29 161
30 1714
31 1988
32 2907
33 2803
34 185
35 1879
36 2521
37 261
38 520
39 1775
40 1399
41 801
42 827
43 1474
44 1340
45 1938
46 1945
47 2946
48 1009
49 1228
50 2852
51 1811
52 982
53 437
54 282
55 1627
56 2857
57 2155
58 1685
59 2274
60 296
61 2382
62 1667
63 2066
64 22
65 1319
66 1505
67 744
68 522
69 2867
70 1154
71 2326
72 1731
73 2863
74 1382
75 2528
76 373
77 2961
78 1705
79 2933
80 2751
81 2549
82 241
83 1482
84 2237
85 2442
86 1589
87 1930
88 209
89 2594
90 1231
91 346
92 306
93 2164
94 781
95 2886
96 345
97 705
98 977
99 1327
100 693
101 1428
102 2555
103 446
104 476
105 2336
106 498
107 2180
108 1918
109 971
110 2336
111 1382
112 2690
113 2785
114 2367
115 63
116 2732
117 2510
118 558
119 2545
120 1512
121 1953
122 2512
123 1638
124 2267
125 938
126 516
127 1266
128 2254
129 2385
130 1936
131 1306
132 2080
133 395
134 771
135 1069
136 511
137 86
138 2401
139 2170
140 1678
141 2740
142 1382
143 382
144 1833
145 666
146 1829
147 204
148 1652
149 2751
150 1504
151 391
152 1170
153 965
154 1942
155 2334

