448 97
0 6
1 389
2 65
3 1083
4 1914
5 1336
6 2524
7 734
8 1917
9 331
10 1438
11 1299
12 1689
13 1202
14 1176
15 1232
16 1562
17 1547
18 2619
19 874
20 2689
21 1049
22 2493
23 1848
24 1276
25 2813
26 519
27 2663
28 2647
29 1872
30 2779
31 1592
32 1473
33 1261
34 1177
35 1702
36 211
37 216
38 777
39 1864
40 1560
41 517
42 2310
43 2256
44 806
45 1651
46 2
47 2234
48 1158
49 2821
50 584
51 141
52 52
53 2556
54 125
55 1018
56 969
57 67
58 334
59 2709
60 2965
61 2989
62 2803
63 2734
64 234
65 430
66 1045
67 2162
68 1144
69 1540
70 2009
71 620
72 958
73 1066
74 145
75 103
76 1580
77 2002
78 1493
79 39
80 2507
81 2811
82 421
83 2089
84 2836
85 2158
86 1117
87 2701
88 417
89 1826
90 391
91 708
92 53
93 1950
94 2352
95 2367
96 292
97 189
98 293
99 547
100 254
101 781
102 1981
103 2226
104 2495
105 734
106 1547
107 1579
108 763
109 1970
110 1885
111 1432
112 876
113 284
114 144
115 2350
116 187
117 824
118 2494
119 593
120 714
121 517
122 1275
123 2624
124 888
125 2401
126 123
127 229
128 1780
129 1347
130 643
131 1089
132 2552
133 260
134 2965
135 2606
136 720
137 1523
138 411
139 554
140 2124
141 372
142 1135
143 1269
144 205
145 1874
146 894
147 2785
148 769
149 2221
150 1839
151 158
152 1053
153 173
154 1372
155 897
156 1734
157 880
158 1931
159 2776
160 194
161 2614
162 2193
163 2042
164 273
165 1564
166 1876
167 358
168 2895
169 1460
170 452
171 260
172 1012
173 758
174 463
175 2484
176 2387
177 1462
178 939
179 85
180 1218
181 1918
182 1120
183 236
184 2769
185 204
186 165
187 2266
188 2002
189 2729
190 2784
191 1107
192 1531
193 680
194 1128
195 2663
196 2495
197 1609
198 2282
199 905
200 1261
201 1398
202 2610
203 677
204 2576
205 1818
206 505
207 339
208 945
209 1470
210 1535
211 851
212 545
213 2658
214 2679
215 2798
216 1373
217 1660
218 1219
219 2912
220 215
221 2733
222 2204
223 1046
224 1699
225 2059
226 1202
227 2897
228 1558
229 1317
230 2713
231 2665
232 74
233 1637
234 2697
235 1052
236 2364
237 1156
238 967
239 1653
240 942
241 769
242 1114
243 1304
244 2192
245 2965
246 515
247 288
248 829
249 2928
250 1563
251 443
252 1397
253 1235
254 116
255 474
256 2030
257 81
258 2070
259 344
260 2920
261 736
262 1070
263 2229
264 842
265 1490
266 2780
267 1623
268 2464
269 1762
270 789
271 432
272 368
273 80
274 832
275 2640
276 2960
277 2135
278 2434
279 1733
280 1110
281 1557
282 132
283 2855
284 2818
285 1917
286 2781
287 501
288 2466
289 2707
290 901
291 2254
292 1149
293 584
294 779
295 2330
296 1766
297 1050
298 1263
299 942
300 2047
301 435
302 1588
303 2330
304 1218
305 2518
306 404
307 682
308 346
309 1577
310 2557
311 2903
312 1154
313 387
314 2054
315 634
316 2696
317 1078
318 2939
319 1882
320 2587
321 851
322 2593
323 303
324 850
325 849
326 656
327 2646
328 2686
329 1072
330 1109
331 1143
332 496
333 1575
334 883
335 2325
336 2881
337 1856
338 888
339 824
340 2296
341 2398
342 869
343 2110
344 1213
345 793
346 788
347 1708
348 477
349 2664
350 1292
351 1671
352 1733
353 1942
354 1965
355 1564
356 1364
357 2443
358 239
359 1991
360 140
361 1958
362 2341
363 2895
364 1974
365 1235
366 1036
367 324
368 502
369 833
370 1030
371 583
372 85
373 1304
374 573
375 2754
376 2140
377 815
378 289
379 2556
380 284
381 626
382 2870
383 2444
384 2478
385 2799
386 909
387 475
388 2544
389 2269
390 2901
391 1603
392 2066
393 1852
394 1744
395 1609
396 2975
397 1733
398 1116
399 2137
400 1670
401 2027
402 1772
403 1576
404 892
405 460
406 785
407 926
408 106
409 819
410 2740
411 2369
412 409
413 568
414 953
415 2436
416 2909
417 2827
418 597
419 2897
420 1664
421 1082
422 585
423 615
424 153
425 1523
426 121
427 2553
428 246
429 2360
430 54
431 2445
432 2770
433 1507
434 2794
435 1894
436 2535
437 651
438 1226
439 949
440 1061
441 2671
442 836
443 88
444 1626
445 2754
446 1268
447 359

