318 3
0 2454
1 2435
2 1096
3 1660
4 841
5 988
6 24
7 365
8 490
9 1395
10 918
11 1390
12 1397
13 1428
14 27
15 1903
16 755
17 148
18 2331
19 2006
20 1378
21 1126
22 2567
23 2976
24 2654
25 2554
26 1692
27 2209
28 1103
29 2867
30 1449
31 433
32 1340
33 56
34 2259
35 1209
36 2351
37 1730
38 1130
39 1947
40 555
41 288
42 970
43 1128
44 174
45 1529
46 1658
47 2655
48 1572
49 2802
50 655
51 241
52 1419
53 1715
54 835
55 2095
56 2522
57 393
58 742
59 678
60 1867
61 11
62 2617
63 622
64 2303
65 2294
66 330
67 2695
68 794
69 1153
70 743
71 850
72 1212
73 907
74 2959
75 1251
76 2671
77 1028
78 1666
79 65
80 478
81 1362
82 1322
83 320
84 2694
85 2122
86 1123
87 2300
88 332
89 804
90 2682
91 1969
92 2266
93 447
94 968
95 766
96 1390
97 1199
98 151
99 1096
100 2748
101 2020
102 245
103 942
104 891
105 2870
106 1243
107 1675
108 1344
109 998
110 289
111 1980
112 1124
113 1429
114 2278
115 1784
116 2071
117 1299
118 1803
119 854
120 427
121 1897
122 2955
123 2139
124 548
125 1156
126 2390
127 1498
128 785
129 2663
130 142
131 1945
132 1728
133 2314
134 1714
135 2784
136 511
137 1002
138 1337
139 922
140 1139
141 810
142 1310
143 2275
144 1077
145 2184
146 134
147 866
148 2366
149 1224
150 1481
151 2475
152 1535
153 2927
154 2766
155 1801
156 1547
157 2574
158 2585
159 188
160 372
161 2822
162 1145
163 2428
164 709
165 1022
166 2352
167 1340
168 1220
169 2782
170 225
171 1886
172 2297
173 2916
174 2439
175 971
176 2338
177 300
178 499
179 93
180 1514
181 973
182 1761
183 2565
184 2664
185 1992
186 2468
187 411
188 2262
189 2725
190 1131
191 1877
192 420
193 2324
194 1334
195 2709
196 1282
197 457
198 1291
199 1031
200 1945
201 742
202 1299
203 2866
204 2324
205 2753
206 1687
207 2617
208 706
209 81
210 313
211 2178
212 1946
213 2491
214 90
215 2044
216 1191
217 2930
218 2182
219 664
220 2419
221 173
222 705
223 574
224 1621
225 1255
226 2768
227 1443
228 2297
229 398
230 2460
231 1980
232 579
233 846
234 773
235 2766
236 715
237 56
238 2037
239 709
240 1486
241 2677
242 2092
243 2136
244 2886
245 2562
246 2731
247 569
248 159
249 2228
250 2774
251 2769
252 871
253 1888
254 663
255 1121
256 1082
257 2839
258 2901
259 615
260 314
261 2540
262 1846
263 1296
264 2329
265 577
266 304
267 955
268 967
269 237
270 2263
271 1041
272 1567
273 765
274 1827
275 338
276 2193
277 1732
278 2979
279 2770
280 2531
281 2818
282 2873
283 2673
284 2187
285 1331
286 1037
287 785
288 836
289 706
290 1064
291 1018
292 490
293 62
294 2714
295 719
296 2919
297 2929
298 123
299 1
300 1435
301 1202
302 2361
303 1427
304 678
305 2604
306 2173
307 2256
308 802
309 2674
310 503
311 2298
312 131
313 338
314 1270
315 2017
316 1718
317 2154

