669 38
0 337
1 213
2 736
3 1038
4 293
5 131
6 1624
7 674
8 2426
9 326
10 2359
11 1803
12 1347
13 2463
14 2455
15 154
16 1421
17 2784
18 2325
19 1127
20 599
21 228
22 2436
23 2392
24 1935
25 2024
26 1578
27 2292
28 336
29 1268
30 2667
31 2168
32 1921
33 1278
34 1020
35 2202
36 702
37 2026
38 486
39 2168
40 1670
41 1558
42 429
43 317
44 2161
45 506
46 599
47 2230
48 35
49 504
50 2364
51 655
52 1970
53 1791
54 1153
55 1373
56 2258
57 2268
58 1058
59 2319
60 368
61 1861
62 1483
63 2749
64 1917
65 342
66 1925
67 2853
68 2103
69 831
70 848
71 229
72 2193
73 2342
74 2779
75 1991
76 731
77 146
78 789
79 207
80 2506
81 65
82 1910
83 2068
84 2370
85 2873
86 1152
87 2269
88 2428
89 1760
90 1910
91 1590
92 1291
93 2900
94 2724
95 638
96 2308
97 2163
98 706
99 1128
100 816
101 2687
102 2584
103 1753
104 1225
105 2751
106 386
107 2631
108 1075
109 1637
110 2583
111 188
112 2930
113 1284
114 2107
115 1368
116 2794
117 258
118 1434
119 1854
120 2881
121 1096
122 2695
123 2896
124 1812
125 2040
126 682
127 2361
128 2153
129 480
130 1369
131 379
132 2121
133 2024
134 1509
135 2225
136 637
137 2667
138 1709
139 457
140 2599
141 1452
142 2921
143 1402
144 78
145 2525
146 364
147 1861
148 230
149 2613
150 1142
151 2801
152 2116
153 2562
154 2128
155 2431
156 1661
157 372
158 2307
159 2767
160 2984
161 1995
162 2738
163 2832
164 1639
165 742
166 1094
167 207
168 583
169 952
170 1336
171 2964
172 1747
173 543
174 667
175 69
176 1820
177 2473
178 1153
179 2131
180 2481
181 135
182 166
183 2272
184 175
185 2798
186 790
187 2987
188 2669
189 775
190 1095
191 2394
192 1769
193 824
194 974
195 45
196 388
197 2699
198 1073
199 1373
200 246
201 871
202 264
203 349
204 2363
205 2385
206 1826
207 362
208 2541
209 1293
210 2697
211 941
212 1214
213 1789
214 924
215 535
216 1902
217 315
218 2572
219 54
220 2693
221 758
222 746
223 1676
224 1102
225 1541
226 2640
227 1202
228 2768
229 2942
230 2085
231 282
232 229
233 945
234 2903
235 896
236 2597
237 2548
238 2038
239 1740
240 2498
241 2820
242 1660
243 818
244 2328
245 2761
246 1813
247 1134
248 1193
249 1900
250 2024
251 105
252 1909
253 1755
254 776
255 1411
256 2324
257 1449
258 2464
259 2889
260 968
261 283
262 152
263 917
264 2195
265 1110
266 1081
267 2845
268 1327
269 650
270 2570
271 2337
272 1611
273 1747
274 240
275 2945
276 669
277 327
278 2374
279 2500
280 2043
281 121
282 2794
283 2832
284 886
285 116
286 1637
287 1797
288 2409
289 2385
290 1030
291 2015
292 2213
293 195
294 1537
295 659
296 2595
297 367
298 536
299 675
300 350
301 2942
302 2401
303 1124
304 1396
305 2634
306 1501
307 2492
308 1045
309 2001
310 426
311 2607
312 830
313 2112
314 1960
315 748
316 2718
317 2087
318 1839
319 242
320 26
321 1389
322 1972
323 1062
324 779
325 762
326 568
327 1031
328 2352
329 1093
330 1759
331 443
332 2193
333 2560
334 1024
335 249
336 1403
337 2746
338 634
339 2876
340 2598
341 2641
342 1637
343 2875
344 1820
345 2837
346 2112
347 67
348 2634
349 2559
350 63
351 2005
352 649
353 2399
354 1751
355 1292
356 1977
357 2818
358 2596
359 2710
360 2113
361 2496
362 1178
363 2263
364 2339
365 2141
366 1682
367 1843
368 1792
369 1184
370 2775
371 533
372 1076
373 1044
374 1403
375 772
376 927
377 246
378 608
379 1021
380 17
381 187
382 1653
383 690
384 1948
385 33
386 2930
387 2369
388 2766
389 648
390 1159
391 2307
392 1850
393 651
394 2001
395 2243
396 2089
397 1753
398 1165
399 630
400 110
401 618
402 1112
403 2518
404 135
405 1112
406 2722
407 1327
408 68
409 1067
410 716
411 1780
412 2172
413 1194
414 1546
415 73
416 370
417 707
418 44
419 2070
420 1014
421 1126
422 1619
423 1299
424 1827
425 989
426 1130
427 2932
428 574
429 1082
430 659
431 1856
432 1478
433 1329
434 759
435 1993
436 2985
437 1065
438 190
439 577
440 1484
441 1348
442 2631
443 1803
444 1625
445 2101
446 1620
447 2772
448 849
449 152
450 2575
451 765
452 2926
453 764
454 1859
455 1468
456 1285
457 1806
458 2256
459 2080
460 948
461 1787
462 139
463 955
464 4
465 2726
466 623
467 2030
468 234
469 2714
470 700
471 1768
472 2955
473 2414
474 2891
475 2506
476 2808
477 883
478 2456
479 723
480 1309
481 2922
482 531
483 1406
484 1185
485 821
486 948
487 1662
488 1819
489 2338
490 2958
491 922
492 1938
493 1357
494 623
495 616
496 598
497 2722
498 1681
499 1070
500 430
501 2040
502 151
503 9
504 1539
505 34
506 1190
507 2980
508 1384
509 1847
510 1372
511 1957
512 2348
513 1547
514 2076
515 1615
516 2078
517 2489
518 517
519 100
520 853
521 1310
522 1006
523 1134
524 1564
525 1789
526 1355
527 1781
528 2770
529 170
530 534
531 2070
532 601
533 2957
534 1253
535 1986
536 2636
537 2029
538 412
539 1625
540 1308
541 1273
542 2669
543 2759
544 898
545 909
546 2084
547 1340
548 488
549 2455
550 2504
551 2811
552 772
553 9
554 1198
555 326
556 1902
557 2160
558 2410
559 2213
560 426
561 1172
562 1061
563 1014
564 1427
565 1522
566 1926
567 584
568 41
569 241
570 728
571 1006
572 2298
573 2150
574 301
575 2004
576 851
577 1227
578 2609
579 1841
580 2725
581 1326
582 622
583 229
584 822
585 2640
586 1338
587 426
588 2333
589 1921
590 989
591 673
592 2074
593 1381
594 2395
595 1366
596 378
597 1702
598 1149
599 2034
600 812
601 460
602 2641
603 2548
604 1217
605 2241
606 2358
607 2650
608 350
609 2117
610 1188
611 2821
612 915
613 1769
614 334
615 2801
616 2164
617 950
618 2016
619 1372
620 1803
621 1489
622 1208
623 2365
624 2594
625 2499
626 392
627 924
628 1667
629 601
630 1573
631 333
632 1580
633 2682
634 2734
635 845
636 2398
637 765
638 242
639 674
640 2655
641 984
642 1633
643 549
644 527
645 1610
646 2630
647 947
648 2326
649 226
650 2303
651 687
652 2315
653 2392
654 1402
655 2440
656 2760
657 624
658 871
659 539
660 1603
661 1918
662 637
663 1711
664 1525
665 1109
666 331
667 1611
668 2765

