935 83
0 1313
1 1105
2 2753
3 187
4 2733
5 2959
6 2272
7 19
8 2243
9 1019
10 595
11 2805
12 827
13 657
14 2973
15 1434
16 644
17 2071
18 2247
19 2362
20 563
21 2074
22 2163
23 623
24 1318
25 1431
26 2234
27 855
28 1349
29 1696
30 2365
31 327
32 2395
33 2075
34 2955
35 1006
36 2597
37 2658
38 2063
39 452
40 2085
41 1045
42 185
43 270
44 861
45 766
46 1760
47 2966
48 2493
49 1495
50 2951
51 721
52 1565
53 2067
54 862
55 1801
56 1869
57 20
58 40
59 275
60 1873
61 1112
62 558
63 888
64 2053
65 1183
66 127
67 841
68 2180
69 2061
70 1655
71 28
72 73
73 1785
74 1976
75 2669
76 2008
77 2477
78 1817
79 2738
80 2877
81 229
82 1249
83 377
84 2795
85 1830
86 1490
87 2935
88 313
89 282
90 861
91 167
92 781
93 2199
94 1440
95 2681
96 42
97 1137
98 2381
99 128
100 493
101 1070
102 1237
103 2493
104 300
105 2891
106 90
107 188
108 581
109 2945
110 2109
111 1985
112 1950
113 264
114 1558
115 506
116 2657
117 2428
118 40
119 551
120 844
121 1239
122 1547
123 2616
124 1970
125 615
126 959
127 211
128 2488
129 1035
130 2788
131 326
132 11
133 2789
134 2371
135 2033
136 1088
137 1957
138 1765
139 1336
140 784
141 2409
142 1248
143 2862
144 2551
145 538
146 1527
147 2236
148 1747
149 2048
150 2173
151 1254
152 1097
153 1599
154 186
155 899
156 395
157 1774
158 1326
159 2076
160 2705
161 1357
162 2011
163 1298
164 709
165 1640
166 1342
167 1989
168 119
169 1313
170 1891
171 808
172 2829
173 280
174 1009
175 891
176 1182
177 1464
178 2835
179 1264
180 252
181 601
182 2091
183 1416
184 1927
185 2167
186 1961
187 2238
188 1588
189 2846
190 765
191 1403
192 1309
193 767
194 2938
195 1298
196 708
197 287
198 720
199 1113
200 2034
201 1680
202 2850
203 887
204 129
205 926
206 906
207 1142
208 1890
209 1289
210 1633
211 1597
212 1519
213 1172
214 776
215 2421
216 1629
217 2855
218 2573
219 2423
220 207
221 1504
222 2786
223 481
224 70
225 1992
226 1497
227 651
228 1231
229 733
230 1301
231 1149
232 647
233 648
234 2224
235 2404
236 1926
237 186
238 770
239 106
240 50
241 2897
242 2349
243 2281
244 2037
245 843
246 2347
247 2830
248 757
249 2549
250 1997
251 2487
252 592
253 383
254 242
255 265
256 1044
257 101
258 2865
259 2924
260 303
261 2247
262 1843
263 779
264 988
265 131
266 2230
267 9
268 2518
269 1940
270 530
271 1156
272 1750
273 380
274 1143
275 1524
276 1987
277 368
278 2150
279 2475
280 2752
281 1935
282 17
283 321
284 2444
285 320
286 2143
287 1627
288 1430
289 2847
290 1833
291 2469
292 729
293 228
294 2048
295 687
296 1127
297 58
298 1082
299 1657
300 1278
301 2781
302 2213
303 6
304 1834
305 117
306 314
307 1120
308 571
309 705
310 1673
311 890
312 1822
313 2795
314 2343
315 2004
316 2123
317 1416
318 359
319 964
320 27
321 2342
322 674
323 2267
324 1366
325 1909
326 519
327 429
328 2796
329 1251
330 960
331 1205
332 2741
333 1383
334 2206
335 825
336 702
337 2278
338 80
339 1447
340 401
341 2729
342 228
343 1476
344 936
345 1507
346 634
347 1952
348 2503
349 2078
350 2459
351 2543
352 1240
353 1646
354 2224
355 66
356 2262
357 753
358 2099
359 1122
360 765
361 1597
362 824
363 1945
364 2666
365 863
366 1200
367 2068
368 70
369 2171
370 1173
371 648
372 71
373 693
374 1940
375 1009
376 65
377 1145
378 1147
379 253
380 1669
381 1849
382 1726
383 2360
384 1259
385 2266
386 1352
387 501
388 136
389 2939
390 2398
391 2691
392 1644
393 2017
394 529
395 2072
396 197
397 1064
398 1265
399 2485
400 1792
401 210
402 899
403 1868
404 904
405 1086
406 1551
407 2408
408 741
409 1638
410 1965
411 2085
412 1581
413 1869
414 2514
415 2835
416 2168
417 1714
418 1001
419 2159
420 2406
421 2014
422 644
423 2864
424 187
425 1581
426 1671
427 1201
428 2384
429 2293
430 2922
431 1764
432 1383
433 2125
434 2946
435 1951
436 1331
437 1111
438 2958
439 85
440 1850
441 41
442 1842
443 2575
444 1766
445 1474
446 356
447 1086
448 1117
449 895
450 2701
451 2885
452 1073
453 2154
454 2570
455 2648
456 366
457 1303
458 12
459 668
460 2167
461 2759
462 2229
463 1782
464 331
465 2110
466 1526
467 1385
468 1041
469 907
470 116
471 129
472 1157
473 1842
474 931
475 2803
476 2718
477 2362
478 2988
479 2660
480 1128
481 608
482 1349
483 1419
484 2068
485 2175
486 1471
487 37
488 2871
489 1462
490 415
491 58
492 236
493 732
494 1808
495 986
496 372
497 1477
498 1037
499 1227
500 1996
501 2299
502 146
503 2005
504 720
505 512
506 1118
507 804
508 2890
509 2985
510 2410
511 581
512 1549
513 2924
514 2032
515 1199
516 1805
517 2670
518 1777
519 1341
520 1432
521 2117
522 2352
523 1846
524 2490
525 2866
526 50
527 1992
528 2143
529 665
530 1794
531 962
532 2389
533 2138
534 2303
535 2460
536 2558
537 1876
538 2243
539 759
540 1348
541 678
542 2706
543 1346
544 1926
545 530
546 1136
547 539
548 983
549 1604
550 33
551 1018
552 2447
553 949
554 2264
555 1536
556 2398
557 252
558 260
559 423
560 1794
561 542
562 716
563 1340
564 1350
565 1371
566 1883
567 1295
568 1295
569 2737
570 2447
571 478
572 1367
573 1028
574 2448
575 747
576 1521
577 152
578 1581
579 91
580 1532
581 2471
582 488
583 773
584 484
585 2313
586 1500
587 1307
588 237
589 1939
590 580
591 660
592 584
593 907
594 1047
595 2227
596 2198
597 446
598 1910
599 1951
600 253
601 904
602 643
603 2974
604 2698
605 2792
606 2102
607 1577
608 2682
609 2801
610 1168
611 2422
612 2818
613 2177
614 1244
615 1023
616 551
617 1450
618 1864
619 1781
620 2906
621 682
622 1719
623 1928
624 2741
625 2913
626 1194
627 1998
628 72
629 2298
630 2694
631 2717
632 457
633 2261
634 867
635 811
636 1027
637 728
638 161
639 1213
640 2095
641 371
642 2711
643 2695
644 1556
645 1416
646 2381
647 1606
648 1578
649 2891
650 262
651 2333
652 1388
653 73
654 808
655 2656
656 2216
657 2733
658 1265
659 2247
660 1808
661 370
662 371
663 1461
664 2010
665 2099
666 2589
667 288
668 1561
669 1862
670 1937
671 1157
672 1493
673 365
674 2048
675 486
676 2133
677 2734
678 1837
679 175
680 491
681 1773
682 584
683 1453
684 804
685 2518
686 2317
687 294
688 707
689 2092
690 368
691 1656
692 2843
693 1520
694 1292
695 1190
696 1717
697 2970
698 464
699 1785
700 2894
701 374
702 308
703 1771
704 2307
705 927
706 1456
707 2933
708 2564
709 2712
710 536
711 767
712 1001
713 247
714 65
715 2164
716 942
717 346
718 2357
719 983
720 2708
721 2952
722 1871
723 2626
724 1674
725 1479
726 1344
727 976
728 374
729 737
730 558
731 1892
732 1485
733 1130
734 2458
735 2865
736 2298
737 42
738 1950
739 164
740 970
741 963
742 1896
743 85
744 1621
745 2921
746 113
747 1897
748 1948
749 2709
750 196
751 2502
752 1461
753 1717
754 1688
755 1785
756 1943
757 168
758 507
759 2118
760 370
761 440
762 695
763 2944
764 908
765 971
766 2596
767 1273
768 1942
769 2654
770 344
771 2070
772 679
773 1081
774 1970
775 622
776 1250
777 2661
778 1538
779 1581
780 1217
781 1830
782 468
783 2226
784 1034
785 79
786 2781
787 2089
788 2635
789 2964
790 1772
791 2757
792 2634
793 969
794 1398
795 2767
796 592
797 970
798 1732
799 2327
800 2531
801 690
802 2632
803 1330
804 1110
805 608
806 57
807 1722
808 2937
809 387
810 1881
811 776
812 1496
813 1869
814 2717
815 510
816 444
817 194
818 1464
819 518
820 2508
821 2710
822 592
823 321
824 1209
825 2138
826 2050
827 2521
828 62
829 1692
830 1517
831 939
832 1129
833 588
834 2369
835 2083
836 875
837 1781
838 656
839 972
840 37
841 1252
842 2443
843 2808
844 1498
845 1808
846 2268
847 714
848 661
849 69
850 595
851 352
852 1739
853 593
854 506
855 2211
856 2291
857 718
858 1159
859 1043
860 2412
861 2375
862 1240
863 1513
864 1686
865 2777
866 1553
867 2573
868 979
869 1030
870 2924
871 5
872 695
873 1752
874 2645
875 260
876 138
877 2491
878 1293
879 2758
880 1396
881 2188
882 1718
883 1392
884 1121
885 948
886 456
887 42
888 1072
889 2458
890 756
891 1672
892 2016
893 1739
894 1037
895 1377
896 2191
897 2759
898 94
899 853
900 1563
901 141
902 1091
903 1015
904 1987
905 2662
906 1253
907 2865
908 1435
909 2883
910 1036
911 700
912 491
913 1857
914 2198
915 494
916 2615
917 1814
918 1040
919 1021
920 857
921 2870
922 1690
923 1812
924 691
925 1639
926 2761
927 2627
928 1988
929 602
930 2766
931 2427
932 1924
933 447
934 1558

