991 92
0 1101
1 2253
2 1790
3 881
4 1466
5 271
6 1368
7 1565
8 2671
9 1499
10 164
11 2533
12 1630
13 1667
14 2539
15 2121
16 828
17 1203
18 614
19 739
20 2161
21 458
22 556
23 2874
24 716
25 898
26 1867
27 1029
28 757
29 1146
30 1611
31 599
32 1376
33 1510
34 2846
35 2641
36 2709
37 2644
38 1292
39 1715
40 2824
41 2034
42 1860
43 2956
44 2302
45 1921
46 2229
47 2523
48 1554
49 673
50 276
51 1834
52 1418
53 1433
54 2942
55 315
56 1742
57 408
58 2688
59 581
60 2839
61 424
62 1242
63 2043
64 731
65 1236
66 278
67 1095
68 2016
69 2002
70 1447
71 1730
72 159
73 1624
74 1100
75 2834
76 2558
77 1297
78 200
79 2976
80 705
81 2461
82 2421
83 193
84 32
85 1436
86 2517
87 2410
88 441
89 2715
90 1317
91 2932
92 165
93 1440
94 2574
95 2369
96 1034
97 485
98 2310
99 2086
100 48
101 2662
102 562
103 5
104 368
105 1357
106 707
107 795
108 2818
109 146
110 890
111 296
112 1467
113 2956
114 857
115 1291
116 187
117 1787
118 579
119 1397
120 1059
121 352
122 852
123 658
124 763
125 412
126 351
127 2830
128 882
129 1755
130 535
131 2914
132 246
133 994
134 2156
135 748
136 744
137 722
138 2121
139 967
140 949
141 2059
142 1569
143 1226
144 1917
145 32
146 1538
147 16
148 951
149 740
150 2514
151 2027
152 1514
153 2312
154 194
155 446
156 211
157 1987
158 647
159 2460
160 2174
161 573
162 2671
163 1900
164 757
165 2750
166 2796
167 2702
168 468
169 1877
170 2571
171 803
172 2011
173 128
174 1726
175 1528
176 410
177 2802
178 478
179 1162
180 2991
181 1381
182 2919
183 588
184 2442
185 2289
186 2501
187 2412
188 320
189 124
190 2068
191 879
192 2421
193 51
194 2357
195 2800
196 267
197 998
198 951
199 2148
200 256
201 997
202 54
203 2401
204 1010
205 1258
206 2067
207 1076
208 1003
209 2367
210 2284
211 2232
212 703
213 2148
214 2886
215 576
216 819
217 2459
218 489
219 2259
220 2729
221 373
222 1658
223 2415
224 2261
225 1343
226 567
227 1946
228 2017
229 67
230 2719
231 2804
232 1606
233 68
234 370
235 1441
236 2975
237 1617
238 306
239 965
240 2737
241 2692
242 1367
243 1563
244 216
245 624
246 2846
247 1221
248 990
249 891
250 2929
251 2492
252 921
253 420
254 1112
255 1387
256 1058
257 1572
258 2132
259 1294
260 923
261 969
262 1592
263 61
264 1980
265 2854
266 1831
267 1021
268 984
269 767
270 1447
271 652
272 1684
273 2449
274 1990
275 1130
276 2003
277 2718
278 1556
279 1634
280 483
281 2954
282 2659
283 1866
284 1965
285 2153
286 1767
287 2716
288 397
289 2067
290 2830
291 774
292 914
293 2146
294 2272
295 2988
296 2487
297 2474
298 1769
299 2893
300 65
301 1837
302 2546
303 28
304 2033
305 669
306 1947
307 1949
308 818
309 2676
310 2649
311 2922
312 2900
313 2654
314 2799
315 563
316 1395
317 1515
318 1036
319 218
320 1412
321 2843
322 1589
323 1295
324 996
325 2401
326 232
327 761
328 2470
329 1125
330 769
331 1067
332 1166
333 1860
334 561
335 2527
336 780
337 482
338 1243
339 424
340 2081
341 1391
342 2519
343 1423
344 2587
345 264
346 2259
347 297
348 1142
349 730
350 1969
351 116
352 2480
353 820
354 2636
355 1312
356 113
357 1197
358 2971
359 2562
360 2907
361 1821
362 1920
363 349
364 899
365 1400
366 2917
367 311
368 704
369 2915
370 1825
371 2729
372 407
373 2898
374 1267
375 48
376 118
377 1449
378 2942
379 2184
380 1256
381 2131
382 222
383 2357
384 1744
385 2309
386 1311
387 687
388 1921
389 1928
390 672
391 819
392 2504
393 1437
394 787
395 1088
396 11
397 2738
398 2482
399 2472
400 1396
401 311
402 1009
403 1980
404 439
405 822
406 850
407 1104
408 891
409 2605
410 1816
411 2308
412 1355
413 961
414 651
415 467
416 2452
417 1004
418 2264
419 2575
420 1378
421 1794
422 2554
423 723
424 2046
425 2036
426 820
427 2301
428 476
429 407
430 1616
431 1478
432 2143
433 42
434 820
435 2212
436 2943
437 2903
438 1572
439 2586
440 2426
441 916
442 516
443 1340
444 1151
445 2091
446 642
447 307
448 2072
449 2579
450 2540
451 751
452 2128
453 2039
454 2223
455 708
456 1054
457 1165
458 590
459 2598
460 2629
461 1997
462 1503
463 2788
464 644
465 1434
466 2459
467 1024
468 735
469 1602
470 13
471 840
472 27
473 1649
474 912
475 1245
476 888
477 352
478 1420
479 2099
480 1548
481 270
482 682
483 1780
484 2173
485 137
486 183
487 288
488 2358
489 2078
490 1676
491 1703
492 1116
493 556
494 634
495 667
496 2652
497 1955
498 1781
499 990
500 2675
501 1303
502 315
503 1132
504 1086
505 1538
506 468
507 1364
508 2363
509 458
510 508
511 2363
512 997
513 2868
514 1577
515 109
516 2646
517 921
518 2307
519 1640
520 494
521 2455
522 2345
523 1836
524 1572
525 2598
526 1331
527 2537
528 2447
529 1813
530 1916
531 2715
532 1387
533 1003
534 1107
535 1649
536 768
537 288
538 2569
539 1246
540 2699
541 793
542 2481
543 976
544 2916
545 240
546 2174
547 1479
548 1574
549 2173
550 2815
551 2406
552 1043
553 1743
554 513
555 963
556 1088
557 1974
558 1316
559 1836
560 294
561 2656
562 869
563 1553
564 905
565 2818
566 2455
567 1338
568 335
569 825
570 2355
571 2268
572 2140
573 1746
574 2474
575 2821
576 1609
577 2317
578 1707
579 2806
580 2518
581 2154
582 562
583 1191
584 1534
585 2515
586 1968
587 2623
588 2217
589 2170
590 1806
591 625
592 958
593 130
594 2314
595 2037
596 82
597 2845
598 852
599 2194
600 2249
601 16
602 683
603 1967
604 394
605 463
606 975
607 1265
608 73
609 285
610 2652
611 515
612 1020
613 1784
614 1897
615 2643
616 399
617 2479
618 2548
619 1494
620 2564
621 1594
622 948
623 1201
624 2223
625 439
626 2893
627 871
628 1708
629 10
630 1458
631 2184
632 1318
633 1232
634 1109
635 1493
636 1288
637 512
638 851
639 1306
640 365
641 2315
642 2151
643 2546
644 983
645 98
646 2555
647 946
648 1300
649 2622
650 2849
651 649
652 1697
653 2850
654 1877
655 1906
656 1313
657 475
658 1016
659 994
660 1508
661 2316
662 1617
663 2010
664 2008
665 342
666 1191
667 845
668 1263
669 2987
670 322
671 2680
672 272
673 2774
674 1745
675 1195
676 2768
677 1245
678 66
679 2545
680 217
681 663
682 294
683 2479
684 787
685 1881
686 282
687 990
688 1962
689 1860
690 580
691 2876
692 1552
693 147
694 2679
695 1887
696 1494
697 489
698 870
699 2288
700 1338
701 2405
702 1588
703 2012
704 2596
705 1624
706 1847
707 1958
708 871
709 1150
710 2451
711 2829
712 675
713 2412
714 1986
715 1669
716 445
717 1669
718 980
719 1818
720 618
721 1737
722 2325
723 967
724 646
725 2474
726 2536
727 1474
728 1780
729 2843
730 1317
731 712
732 1650
733 117
734 988
735 288
736 1117
737 967
738 2525
739 313
740 2258
741 2148
742 23
743 547
744 1911
745 1802
746 1124
747 1901
748 2574
749 2946
750 1015
751 593
752 2931
753 2387
754 424
755 1410
756 1752
757 2365
758 2874
759 380
760 1575
761 1147
762 2232
763 1619
764 1742
765 430
766 1618
767 1989
768 1940
769 878
770 365
771 1610
772 2779
773 1546
774 2973
775 1408
776 1491
777 810
778 2904
779 1476
780 2268
781 2490
782 2369
783 1360
784 2157
785 2188
786 65
787 1109
788 871
789 416
790 2426
791 1458
792 1692
793 2580
794 1787
795 1684
796 2422
797 2236
798 94
799 976
800 2895
801 2051
802 574
803 2304
804 2733
805 2203
806 108
807 2564
808 251
809 2554
810 182
811 758
812 771
813 855
814 1161
815 2770
816 1493
817 182
818 1494
819 102
820 2236
821 1877
822 1876
823 2831
824 1308
825 2067
826 1449
827 1642
828 2984
829 948
830 2989
831 1173
832 1018
833 789
834 847
835 2087
836 1316
837 1431
838 1989
839 251
840 1467
841 1218
842 2400
843 206
844 575
845 1248
846 1537
847 1376
848 346
849 1184
850 2129
851 2273
852 1630
853 442
854 2894
855 1967
856 1279
857 1967
858 1543
859 2920
860 1534
861 711
862 1186
863 470
864 2272
865 2641
866 1500
867 83
868 848
869 2881
870 2743
871 1012
872 1395
873 2626
874 907
875 1716
876 885
877 263
878 1169
879 180
880 2716
881 468
882 605
883 1189
884 2245
885 1387
886 1220
887 2694
888 404
889 2281
890 1180
891 483
892 2921
893 699
894 2273
895 2963
896 2769
897 1639
898 317
899 1839
900 1372
901 1298
902 1220
903 1712
904 2257
905 1802
906 1821
907 578
908 2523
909 2990
910 2610
911 224
912 1328
913 1660
914 1431
915 2215
916 135
917 2318
918 2332
919 2423
920 2118
921 2180
922 2459
923 1192
924 2983
925 774
926 624
927 452
928 1454
929 62
930 2806
931 2730
932 2325
933 368
934 1022
935 427
936 2050
937 4
938 1155
939 2887
940 2349
941 2907
942 1301
943 598
944 1064
945 448
946 1943
947 679
948 692
949 1031
950 1752
951 1742
952 2132
953 2140
954 2471
955 1018
956 2194
957 10
958 2881
959 2754
960 717
961 895
962 1642
963 1570
964 1370
965 2519
966 2349
967 1777
968 2261
969 2395
970 2996
971 188
972 1342
973 440
974 1655
975 121
976 2063
977 2270
978 882
979 811
980 8
981 508
982 1728
983 1533
984 2194
985 253
986 210
987 407
988 116
989 56
990 2562

