987 48
0 589
1 2187
2 268
3 2517
4 2678
5 151
6 459
7 481
8 1086
9 1503
10 2557
11 2694
12 2171
13 2231
14 849
15 2402
16 1116
17 2354
18 288
19 1564
20 119
21 2733
22 137
23 1038
24 381
25 1232
26 17
27 499
28 2825
29 2929
30 97
31 1332
32 2129
33 1326
34 1598
35 984
36 2068
37 312
38 2400
39 2033
40 660
41 993
42 2366
43 1459
44 1552
45 430
46 1848
47 2572
48 2796
49 2868
50 189
51 749
52 2739
53 2362
54 2065
55 2126
56 56
57 2001
58 920
59 1820
60 2441
61 1306
62 1126
63 2852
64 465
65 869
66 539
67 312
68 553
69 2517
70 2537
71 1879
72 2282
73 497
74 1287
75 1599
76 373
77 735
78 85
79 1906
80 1137
81 2149
82 2718
83 2285
84 2813
85 675
86 1576
87 1800
88 2102
89 2382
90 1915
91 0
92 773
93 1000
94 1033
95 1360
96 2108
97 509
98 2227
99 130
100 1554
101 2672
102 84
103 1746
104 2284
105 299
106 219
107 2379
108 798
109 142
110 2126
111 379
112 267
113 2076
114 1600
115 271
116 162
117 62
118 2307
119 1249
120 1317
121 131
122 387
123 2687
124 2458
125 365
126 1954
127 1990
128 2277
129 2251
130 1280
131 221
132 2914
133 1494
134 742
135 1277
136 580
137 2105
138 860
139 2037
140 1415
141 1650
142 1576
143 2121
144 2130
145 2514
146 1353
147 2582
148 2447
149 909
150 1203
151 2947
152 2615
153 2288
154 451
155 1564
156 408
157 530
158 25
159 506
160 1188
161 2875
162 1826
163 2228
164 594
165 765
166 172
167 2536
168 404
169 127
170 2590
171 1520
172 2376
173 2195
174 1094
175 2325
176 2254
177 168
178 2163
179 924
180 1842
181 492
182 2471
183 2512
184 2795
185 2956
186 399
187 2122
188 1034
189 1089
190 2877
191 27
192 143
193 16
194 2477
195 671
196 1061
197 937
198 1485
199 2927
200 1441
201 1110
202 2875
203 2893
204 1468
205 1844
206 165
207 919
208 2747
209 1818
210 171
211 379
212 2998
213 1483
214 2188
215 1701
216 2262
217 2236
218 1717
219 2980
220 1976
221 1835
222 1653
223 2881
224 2171
225 259
226 1455
227 2785
228 2286
229 2576
230 1220
231 2526
232 2626
233 2783
234 349
235 2068
236 1701
237 1643
238 1712
239 824
240 2517
241 1481
242 625
243 815
244 158
245 2838
246 1786
247 1901
248 798
249 2130
250 979
251 1326
252 1487
253 2384
254 2184
255 882
256 1099
257 1245
258 632
259 1918
260 79
261 1116
262 2823
263 608
264 1888
265 2501
266 159
267 2147
268 2962
269 831
270 1242
271 2339
272 379
273 642
274 2712
275 1754
276 2217
277 25
278 2554
279 1594
280 850
281 1196
282 401
283 546
284 711
285 1311
286 458
287 2386
288 2696
289 2095
290 679
291 455
292 685
293 1967
294 1708
295 2789
296 2635
297 686
298 2642
299 1171
300 605
301 937
302 1888
303 2707
304 2847
305 660
306 928
307 1015
308 149
309 1430
310 1191
311 2487
312 1142
313 1377
314 117
315 2370
316 2637
317 2157
318 1689
319 448
320 1273
321 868
322 990
323 1699
324 1869
325 2990
326 1401
327 1085
328 300
329 1169
330 622
331 428
332 379
333 664
334 1234
335 2228
336 1884
337 34
338 752
339 2845
340 2716
341 1068
342 2615
343 1259
344 2352
345 2224
346 2210
347 305
348 1682
349 2575
350 2235
351 2450
352 1054
353 1749
354 755
355 768
356 2606
357 2675
358 2499
359 2629
360 45
361 1342
362 884
363 192
364 1029
365 584
366 751
367 1387
368 1112
369 2400
370 1019
371 2496
372 472
373 2837
374 32
375 1367
376 2894
377 2466
378 11
379 2616
380 2226
381 2071
382 2820
383 1409
384 348
385 949
386 2443
387 1300
388 2699
389 1084
390 1025
391 1571
392 442
393 1393
394 352
395 655
396 2764
397 569
398 2803
399 1683
400 900
401 2883
402 2517
403 2999
404 1739
405 1876
406 2185
407 1285
408 623
409 764
410 2079
411 202
412 1832
413 879
414 2134
415 2938
416 1600
417 2797
418 752
419 6
420 1319
421 1678
422 749
423 2830
424 699
425 669
426 2022
427 396
428 2628
429 1594
430 554
431 484
432 2140
433 500
434 641
435 1670
436 2470
437 1595
438 2354
439 1338
440 676
441 853
442 1314
443 2606
444 2966
445 2887
446 1053
447 2597
448 2226
449 1458
450 732
451 2969
452 2520
453 1407
454 1300
455 2030
456 669
457 806
458 38
459 825
460 1423
461 749
462 1294
463 1901
464 846
465 2538
466 1308
467 1178
468 180
469 2186
470 2501
471 2043
472 164
473 1683
474 1789
475 2972
476 2570
477 1156
478 522
479 2379
480 1526
481 2181
482 17
483 1923
484 406
485 2135
486 1508
487 2869
488 2994
489 2229
490 808
491 1434
492 2811
493 1108
494 1738
495 2557
496 2440
497 421
498 934
499 544
500 1252
501 373
502 2165
503 2922
504 1627
505 175
506 2981
507 2648
508 162
509 1475
510 1289
511 1362
512 1514
513 2120
514 961
515 35
516 2575
517 1080
518 207
519 2244
520 2745
521 1217
522 1114
523 154
524 2641
525 1513
526 1413
527 1744
528 1610
529 1393
530 532
531 1313
532 651
533 997
534 305
535 2288
536 1835
537 1432
538 287
539 926
540 59
541 987
542 1365
543 1582
544 2266
545 2894
546 2376
547 484
548 1838
549 1582
550 1765
551 411
552 1371
553 2356
554 1317
555 885
556 2418
557 17
558 778
559 127
560 1496
561 1994
562 330
563 1247
564 1692
565 2592
566 870
567 1127
568 1615
569 469
570 2970
571 2820
572 2746
573 2829
574 787
575 1468
576 1524
577 399
578 653
579 1157
580 31
581 2953
582 2615
583 2451
584 2271
585 1696
586 2303
587 1565
588 2810
589 837
590 2954
591 100
592 689
593 2193
594 1142
595 389
596 2910
597 1110
598 407
599 1877
600 2569
601 2691
602 2252
603 1470
604 1175
605 1730
606 1946
607 354
608 1284
609 1717
610 1581
611 1425
612 720
613 730
614 836
615 1558
616 2071
617 177
618 1582
619 190
620 1245
621 478
622 465
623 1605
624 2574
625 1342
626 1362
627 1590
628 2453
629 2698
630 2858
631 872
632 1529
633 1022
634 2193
635 19
636 1035
637 2690
638 1821
639 676
640 571
641 1033
642 1426
643 97
644 67
645 2114
646 2163
647 2931
648 942
649 1574
650 1382
651 1600
652 1958
653 1549
654 1014
655 1768
656 135
657 1149
658 399
659 2692
660 51
661 2434
662 1404
663 2240
664 2612
665 249
666 1317
667 1233
668 1694
669 2621
670 594
671 1855
672 1006
673 754
674 532
675 1485
676 1334
677 1998
678 357
679 2542
680 1905
681 475
682 2255
683 305
684 1459
685 602
686 2741
687 1367
688 2917
689 1653
690 1728
691 2936
692 1325
693 1009
694 10
695 1844
696 2642
697 571
698 2848
699 667
700 975
701 455
702 1453
703 398
704 2009
705 2301
706 2499
707 2328
708 1610
709 1196
710 527
711 2723
712 1602
713 167
714 514
715 85
716 1507
717 2916
718 55
719 1374
720 830
721 438
722 1226
723 1460
724 434
725 2496
726 2297
727 413
728 2254
729 2669
730 1927
731 1117
732 112
733 2320
734 2830
735 2426
736 2618
737 822
738 1625
739 1624
740 2423
741 2135
742 81
743 1998
744 1707
745 1320
746 1988
747 764
748 2181
749 383
750 1436
751 1825
752 371
753 126
754 2630
755 374
756 2376
757 1257
758 2743
759 884
760 2024
761 1567
762 487
763 771
764 1245
765 395
766 113
767 808
768 1105
769 743
770 1880
771 910
772 1415
773 723
774 2895
775 2513
776 1058
777 1375
778 1270
779 2289
780 1092
781 1227
782 2756
783 112
784 639
785 2498
786 199
787 2303
788 853
789 2323
790 1537
791 641
792 2196
793 2964
794 1582
795 313
796 1301
797 1259
798 1771
799 1789
800 1484
801 2710
802 753
803 2640
804 252
805 2601
806 2421
807 130
808 2288
809 1633
810 2925
811 2744
812 1613
813 2696
814 841
815 2794
816 2973
817 403
818 929
819 2076
820 780
821 788
822 52
823 2940
824 766
825 763
826 160
827 2852
828 147
829 2935
830 2861
831 355
832 2166
833 1909
834 1741
835 989
836 1968
837 823
838 524
839 2158
840 1597
841 1689
842 1584
843 842
844 772
845 679
846 2652
847 1923
848 921
849 1789
850 1772
851 2430
852 848
853 1677
854 1576
855 1734
856 217
857 1672
858 1543
859 2820
860 2795
861 605
862 2097
863 1221
864 176
865 2506
866 660
867 2112
868 1979
869 83
870 187
871 585
872 15
873 121
874 2247
875 1379
876 1563
877 1281
878 340
879 2299
880 15
881 752
882 2769
883 1916
884 85
885 1070
886 1618
887 415
888 1949
889 2920
890 2878
891 2877
892 2785
893 283
894 1774
895 121
896 1270
897 518
898 1770
899 2435
900 46
901 2430
902 1446
903 1574
904 437
905 667
906 2531
907 1412
908 1235
909 389
910 1958
911 2320
912 2883
913 2554
914 692
915 694
916 2348
917 2949
918 320
919 823
920 766
921 1298
922 77
923 956
924 1975
925 1766
926 1059
927 843
928 2194
929 1126
930 2041
931 564
932 1539
933 1419
934 357
935 2128
936 2293
937 43
938 2829
939 313
940 453
941 2415
942 198
943 821
944 1481
945 2992
946 1838
947 617
948 1531
949 129
950 2441
951 1129
952 1651
953 987
954 1924
955 2613
956 1453
957 1908
958 208
959 1112
960 2520
961 1116
962 2064
963 2977
964 1056
965 141
966 1407
967 1798
968 336
969 1834
970 2008
971 1205
972 1697
973 988
974 1563
975 2203
976 2824
977 234
978 1584
979 2272
980 1613
981 951
982 2072
983 2183
984 1960
985 398
986 1965

