666 5
0 1345
1 393
2 2325
3 694
4 2793
5 622
6 1067
7 1852
8 420
9 2926
10 2329
11 1075
12 2146
13 1546
14 2754
15 1831
16 2932
17 2077
18 1956
19 16
20 1534
21 1045
22 196
23 1864
24 2690
25 2582
26 685
27 978
28 1876
29 1302
30 1103
31 990
32 2653
33 2967
34 1174
35 2133
36 2832
37 865
38 2689
39 644
40 2260
41 684
42 711
43 1851
44 1906
45 2872
46 2886
47 2352
48 2543
49 2014
50 241
51 2849
52 2135
53 2422
54 2492
55 1312
56 829
57 447
58 1362
59 2086
60 2956
61 1395
62 2868
63 2235
64 2455
65 1721
66 2381
67 540
68 1436
69 1121
70 2042
71 1054
72 2770
73 337
74 1793
75 794
76 2338
77 536
78 426
79 314
80 132
81 2583
82 1643
83 1936
84 1178
85 167
86 1520
87 1716
88 1908
89 1184
90 962
91 2312
92 1440
93 2821
94 2547
95 1795
96 2824
97 2127
98 2180
99 2324
100 1726
101 1675
102 2022
103 2973
104 27
105 991
106 1927
107 14
108 1229
109 1456
110 1496
111 167
112 1055
113 502
114 1216
115 1348
116 2593
117 779
118 1290
119 1486
120 1158
121 2899
122 2942
123 1377
124 1155
125 2040
126 2227
127 1130
128 1391
129 2894
130 1929
131 1225
132 2609
133 305
134 842
135 165
136 2549
137 1816
138 669
139 445
140 292
141 1303
142 1441
143 666
144 578
145 1182
146 2703
147 1244
148 2431
149 2635
150 2618
151 166
152 2766
153 621
154 1774
155 1501
156 2494
157 81
158 788
159 2369
160 1218
161 2487
162 1218
163 1639
164 2895
165 2734
166 1552
167 2499
168 1008
169 2541
170 1324
171 27
172 118
173 2200
174 1669
175 2411
176 306
177 2473
178 2744
179 1817
180 585
181 688
182 113
183 1508
184 1449
185 2651
186 1498
187 370
188 2787
189 2071
190 1948
191 1060
192 541
193 2954
194 2705
195 994
196 2590
197 2995
198 2413
199 2014
200 2127
201 134
202 104
203 1698
204 2203
205 1264
206 2696
207 238
208 1465
209 2776
210 731
211 873
212 872
213 1508
214 1067
215 2648
216 574
217 1489
218 891
219 1249
220 889
221 2946
222 2423
223 2327
224 770
225 953
226 2171
227 1159
228 1689
229 1491
230 332
231 1539
232 2339
233 108
234 1695
235 1741
236 1209
237 1459
238 1265
239 1215
240 284
241 501
242 2742
243 2574
244 2632
245 2700
246 2241
247 2643
248 55
249 1822
250 2368
251 1503
252 143
253 2751
254 1667
255 632
256 1432
257 610
258 1843
259 712
260 2450
261 1176
262 1543
263 1016
264 565
265 890
266 1895
267 1676
268 80
269 443
270 2054
271 1733
272 2477
273 1461
274 301
275 719
276 1722
277 1406
278 1788
279 1074
280 2169
281 743
282 1
283 696
284 1448
285 906
286 2525
287 113
288 922
289 1105
290 766
291 228
292 1107
293 1052
294 2601
295 2548
296 1349
297 1205
298 2767
299 2402
300 2054
301 284
302 448
303 2560
304 2347
305 1582
306 2621
307 1455
308 2121
309 2916
310 2212
311 1076
312 775
313 2604
314 583
315 490
316 2112
317 2883
318 2912
319 1596
320 2732
321 663
322 2855
323 2492
324 2778
325 2292
326 228
327 2687
328 719
329 946
330 2968
331 2035
332 1161
333 1249
334 1494
335 765
336 1925
337 1784
338 1784
339 434
340 1714
341 384
342 2576
343 2199
344 532
345 1835
346 2740
347 1151
348 585
349 315
350 327
351 949
352 615
353 2713
354 1093
355 945
356 1876
357 2612
358 1320
359 670
360 2193
361 2209
362 2722
363 888
364 2945
365 2130
366 481
367 2463
368 1181
369 665
370 2648
371 2455
372 33
373 2808
374 2507
375 1602
376 872
377 1461
378 761
379 1783
380 884
381 2671
382 1197
383 2675
384 2045
385 2998
386 955
387 1503
388 2961
389 2185
390 2808
391 80
392 1294
393 2833
394 2943
395 1157
396 1302
397 1443
398 2922
399 2499
400 2825
401 539
402 1903
403 45
404 1313
405 2899
406 63
407 425
408 2511
409 2211
410 893
411 1515
412 1126
413 2102
414 2649
415 725
416 1619
417 1459
418 2095
419 2867
420 2152
421 1237
422 992
423 406
424 1422
425 993
426 942
427 1874
428 1586
429 821
430 2577
431 543
432 427
433 2297
434 1334
435 598
436 2203
437 2935
438 2382
439 2696
440 304
441 894
442 2076
443 484
444 297
445 1543
446 2493
447 156
448 1696
449 1493
450 962
451 428
452 1654
453 116
454 2478
455 1272
456 1864
457 101
458 1262
459 1960
460 1066
461 138
462 53
463 84
464 2994
465 1089
466 2012
467 1404
468 2952
469 630
470 30
471 429
472 24
473 2343
474 1696
475 2837
476 1876
477 2136
478 1523
479 877
480 2071
481 1552
482 2850
483 1205
484 2925
485 2816
486 236
487 1062
488 967
489 1254
490 1347
491 2759
492 2298
493 614
494 2465
495 2029
496 2060
497 2118
498 113
499 480
500 442
501 1414
502 311
503 1471
504 1175
505 2775
506 2211
507 1424
508 1585
509 1263
510 1891
511 546
512 480
513 2149
514 710
515 1676
516 2340
517 773
518 689
519 1234
520 1183
521 2143
522 2138
523 1016
524 2741
525 1785
526 1027
527 477
528 1371
529 2539
530 2116
531 1136
532 768
533 2838
534 1204
535 102
536 1961
537 2756
538 1528
539 2039
540 888
541 607
542 2541
543 2489
544 1464
545 2020
546 1089
547 772
548 2706
549 2379
550 1950
551 771
552 2766
553 1134
554 498
555 1871
556 2201
557 743
558 806
559 796
560 1570
561 2088
562 1168
563 2125
564 2698
565 2266
566 2927
567 475
568 776
569 400
570 998
571 2149
572 2567
573 786
574 1333
575 1249
576 2059
577 2032
578 694
579 82
580 716
581 46
582 1647
583 1592
584 695
585 11
586 2649
587 2073
588 1481
589 1743
590 2788
591 1603
592 2756
593 1965
594 892
595 302
596 183
597 2993
598 2126
599 2295
600 2147
601 1861
602 293
603 2303
604 2527
605 2660
606 2995
607 10
608 2844
609 2990
610 2898
611 369
612 784
613 2734
614 2356
615 2459
616 2550
617 2122
618 218
619 2304
620 41
621 1963
622 1188
623 617
624 1039
625 1076
626 1397
627 931
628 1114
629 406
630 2177
631 1500
632 377
633 2452
634 1674
635 213
636 2042
637 2586
638 832
639 153
640 2327
641 1061
642 183
643 1215
644 305
645 1991
646 1389
647 2076
648 486
649 1023
650 2955
651 2414
652 2046
653 2844
654 1129
655 2879
656 2119
657 1455
658 2198
659 1319
660 1566
661 2901
662 2283
663 2846
664 2948
665 413

