914 82
0 765
1 1288
2 199
3 2039
4 256
5 1623
6 2868
7 2578
8 2369
9 2977
10 2808
11 2826
12 2686
13 925
14 2972
15 222
16 451
17 689
18 194
19 47
20 400
21 1724
22 805
23 1322
24 1782
25 643
26 835
27 2017
28 2084
29 542
30 1478
31 2807
32 2109
33 994
34 2284
35 611
36 2049
37 1817
38 2288
39 2615
40 2247
41 53
42 498
43 1867
44 2862
45 3
46 2508
47 2291
48 2429
49 562
50 2266
51 2070
52 1528
53 2171
54 2186
55 1829
56 2546
57 1058
58 2005
59 1869
60 1292
61 2043
62 2837
63 2344
64 261
65 63
66 220
67 844
68 983
69 2679
70 1946
71 2467
72 1302
73 2881
74 37
75 2826
76 1661
77 110
78 2328
79 2929
80 956
81 2880
82 2037
83 2901
84 2201
85 2095
86 640
87 2611
88 2673
89 2977
90 2965
91 1349
92 714
93 2520
94 565
95 942
96 2739
97 1091
98 804
99 845
100 1115
101 836
102 1990
103 1443
104 1099
105 2394
106 2510
107 2926
108 391
109 1844
110 423
111 2849
112 1135
113 2599
114 250
115 1513
116 1053
117 634
118 1366
119 136
120 508
121 2000
122 1717
123 2323
124 1899
125 734
126 2359
127 2544
128 967
129 1917
130 2715
131 228
132 233
133 1787
134 1908
135 256
136 2636
137 2641
138 695
139 1814
140 1955
141 926
142 1852
143 1071
144 2893
145 606
146 1099
147 821
148 2553
149 2964
150 1017
151 470
152 918
153 2700
154 2610
155 21
156 1624
157 2704
158 1305
159 832
160 972
161 2563
162 1461
163 1001
164 2706
165 143
166 834
167 143
168 1934
169 1443
170 1340
171 2755
172 1277
173 1898
174 325
175 214
176 2551
177 1932
178 2434
179 407
180 254
181 463
182 2269
183 1838
184 1201
185 2451
186 483
187 1792
188 1051
189 1838
190 2293
191 2422
192 1522
193 2722
194 2902
195 1831
196 1348
197 2108
198 384
199 626
200 906
201 932
202 1463
203 1538
204 2274
205 1361
206 1416
207 1688
208 1851
209 818
210 718
211 1290
212 1803
213 2580
214 1142
215 2548
216 738
217 1245
218 2017
219 2272
220 880
221 31
222 246
223 2453
224 1792
225 2637
226 2705
227 2761
228 652
229 105
230 239
231 2310
232 251
233 2647
234 833
235 2274
236 2234
237 1679
238 2721
239 2751
240 1838
241 1948
242 1082
243 870
244 1251
245 399
246 1990
247 2599
248 1970
249 2219
250 406
251 1240
252 944
253 978
254 393
255 1513
256 1587
257 752
258 5
259 446
260 2519
261 2055
262 2535
263 477
264 2658
265 2544
266 1343
267 2865
268 685
269 2924
270 265
271 2134
272 1418
273 1293
274 2593
275 2921
276 750
277 1146
278 649
279 1192
280 2515
281 2959
282 1377
283 2620
284 2914
285 2942
286 1700
287 596
288 2411
289 2426
290 1643
291 1942
292 2084
293 1169
294 1384
295 674
296 376
297 848
298 1986
299 2265
300 1131
301 279
302 1208
303 1512
304 2654
305 877
306 306
307 2937
308 2186
309 2906
310 2381
311 1187
312 1522
313 506
314 415
315 1341
316 2149
317 2163
318 656
319 97
320 347
321 519
322 2023
323 591
324 2130
325 1293
326 2546
327 1942
328 921
329 2730
330 723
331 916
332 2811
333 2011
334 805
335 1889
336 2799
337 1738
338 720
339 1185
340 1621
341 1799
342 492
343 2340
344 2182
345 666
346 1161
347 512
348 1750
349 1805
350 1374
351 1729
352 180
353 686
354 2651
355 2450
356 2963
357 1266
358 789
359 2507
360 2522
361 1227
362 2755
363 750
364 2589
365 2224
366 2150
367 2301
368 2304
369 357
370 111
371 60
372 1075
373 1412
374 1385
375 2105
376 406
377 527
378 2213
379 2190
380 887
381 236
382 2454
383 2420
384 48
385 1515
386 2752
387 202
388 314
389 729
390 513
391 2147
392 910
393 2208
394 353
395 1046
396 2790
397 2758
398 444
399 1845
400 1608
401 2217
402 1772
403 2377
404 2821
405 947
406 1532
407 308
408 686
409 2127
410 242
411 916
412 1748
413 1870
414 1369
415 1440
416 2878
417 722
418 492
419 11
420 2362
421 13
422 2063
423 2360
424 1869
425 1539
426 80
427 1879
428 2088
429 1712
430 1832
431 306
432 2287
433 2230
434 1883
435 1295
436 1593
437 901
438 2286
439 1655
440 304
441 833
442 2987
443 2621
444 2119
445 1526
446 1795
447 1037
448 1448
449 2399
450 1405
451 2943
452 1569
453 2919
454 233
455 2143
456 1306
457 539
458 2995
459 1001
460 304
461 2497
462 441
463 2861
464 2661
465 738
466 2199
467 1083
468 142
469 1936
470 1896
471 1434
472 741
473 1518
474 2602
475 999
476 2438
477 2110
478 1572
479 2142
480 2839
481 2270
482 770
483 627
484 1856
485 1364
486 2242
487 2001
488 2945
489 2320
490 2524
491 462
492 1405
493 1374
494 1343
495 653
496 2293
497 895
498 979
499 2655
500 1446
501 540
502 1698
503 611
504 2193
505 2847
506 2215
507 596
508 2804
509 264
510 27
511 2558
512 1460
513 1184
514 1326
515 2546
516 1108
517 1611
518 425
519 1778
520 2820
521 1859
522 1673
523 2083
524 1504
525 729
526 1813
527 599
528 823
529 730
530 244
531 2441
532 2757
533 1501
534 1222
535 1960
536 69
537 2175
538 603
539 389
540 965
541 1260
542 1336
543 1619
544 1520
545 2279
546 71
547 1991
548 2822
549 2206
550 29
551 748
552 2900
553 2269
554 2779
555 700
556 885
557 325
558 2929
559 1272
560 2286
561 2120
562 1037
563 2895
564 2187
565 1459
566 1493
567 2317
568 1845
569 1544
570 873
571 2224
572 1560
573 1315
574 2993
575 2723
576 1364
577 2079
578 2862
579 2498
580 1648
581 1138
582 607
583 2498
584 1711
585 2729
586 1133
587 1890
588 1287
589 2393
590 2697
591 2548
592 2523
593 2759
594 1896
595 156
596 1106
597 1897
598 2410
599 1329
600 2036
601 663
602 1291
603 2813
604 1376
605 1092
606 462
607 1389
608 1403
609 143
610 1034
611 440
612 1679
613 2161
614 1023
615 2950
616 1233
617 1748
618 1642
619 2539
620 1607
621 157
622 2096
623 1945
624 2273
625 2242
626 1897
627 2345
628 94
629 1110
630 420
631 1090
632 2247
633 1147
634 999
635 1269
636 2807
637 2629
638 738
639 2871
640 2087
641 2499
642 2055
643 1749
644 216
645 184
646 1145
647 1111
648 222
649 2585
650 2527
651 2143
652 2633
653 76
654 156
655 528
656 1925
657 1125
658 1650
659 761
660 1245
661 2812
662 2839
663 1167
664 2296
665 435
666 66
667 2698
668 647
669 67
670 1309
671 1304
672 1320
673 1574
674 1000
675 1288
676 2460
677 1529
678 1210
679 2888
680 414
681 608
682 1469
683 15
684 1818
685 2132
686 2907
687 1657
688 1563
689 2208
690 1963
691 2039
692 1793
693 601
694 1258
695 504
696 2014
697 375
698 2283
699 1066
700 1169
701 2544
702 1554
703 449
704 2528
705 1577
706 1929
707 938
708 961
709 1810
710 860
711 159
712 2078
713 2636
714 360
715 2584
716 2738
717 2664
718 1763
719 826
720 1267
721 900
722 1455
723 2956
724 2939
725 1463
726 1268
727 35
728 673
729 2919
730 1026
731 1114
732 2804
733 338
734 2024
735 2328
736 2871
737 2565
738 2984
739 1650
740 47
741 1122
742 19
743 2490
744 373
745 1191
746 1101
747 2101
748 2786
749 95
750 215
751 1405
752 2329
753 847
754 702
755 1279
756 619
757 330
758 1698
759 2159
760 1968
761 185
762 1801
763 611
764 1715
765 322
766 2152
767 24
768 750
769 14
770 2052
771 2188
772 333
773 2015
774 1393
775 2263
776 679
777 1807
778 1871
779 2966
780 2566
781 2183
782 9
783 1544
784 2748
785 905
786 1459
787 583
788 2725
789 2173
790 773
791 2995
792 1792
793 1448
794 2809
795 383
796 2601
797 2776
798 78
799 2398
800 1283
801 2236
802 757
803 1801
804 1570
805 264
806 647
807 1908
808 952
809 103
810 1942
811 2644
812 1738
813 419
814 515
815 480
816 1856
817 2781
818 388
819 615
820 1532
821 1395
822 1679
823 1679
824 583
825 2413
826 2686
827 2748
828 306
829 2669
830 2045
831 2017
832 1464
833 1474
834 2640
835 968
836 2280
837 1706
838 1569
839 318
840 2094
841 2860
842 1168
843 603
844 2505
845 2764
846 507
847 2941
848 987
849 2799
850 1219
851 1715
852 802
853 1549
854 390
855 108
856 2142
857 2254
858 2477
859 1252
860 958
861 1332
862 17
863 2908
864 1264
865 2350
866 143
867 2578
868 231
869 541
870 2633
871 724
872 1883
873 1476
874 1221
875 2046
876 637
877 542
878 1974
879 2024
880 2557
881 1909
882 696
883 1261
884 1397
885 359
886 2572
887 2979
888 1551
889 675
890 793
891 2478
892 2290
893 1064
894 13
895 230
896 1530
897 2822
898 847
899 963
900 1459
901 1075
902 1571
903 887
904 836
905 705
906 517
907 1051
908 2656
909 1847
910 2965
911 2579
912 631
913 2235

