475 2
0 135
1 969
2 225
3 1023
4 2617
5 1748
6 695
7 1960
8 2714
9 558
10 25
11 17
12 552
13 1399
14 1933
15 2196
16 2146
17 2591
18 2354
19 586
20 1204
21 1454
22 182
23 1668
24 747
25 1898
26 227
27 2829
28 186
29 1906
30 2506
31 2679
32 89
33 2402
34 284
35 1690
36 2739
37 13
38 1277
39 1864
40 27
41 1509
42 1919
43 471
44 1536
45 923
46 2070
47 2807
48 1414
49 16
50 420
51 1858
52 2572
53 587
54 1606
55 785
56 601
57 287
58 858
59 367
60 297
61 1425
62 1434
63 191
64 302
65 477
66 1293
67 1467
68 2017
69 1862
70 2472
71 395
72 2806
73 0
74 2898
75 1167
76 2613
77 1883
78 1365
79 2775
80 124
81 634
82 674
83 995
84 197
85 1019
86 497
87 1243
88 973
89 457
90 2266
91 1361
92 674
93 454
94 2343
95 828
96 124
97 2864
98 351
99 878
100 2411
101 2320
102 2901
103 1934
104 812
105 436
106 266
107 2210
108 455
109 1205
110 1598
111 552
112 1950
113 1124
114 990
115 2705
116 789
117 229
118 1171
119 983
120 1825
121 23
122 41
123 982
124 648
125 1933
126 1325
127 1219
128 2177
129 2641
130 659
131 557
132 196
133 1869
134 2456
135 2249
136 1879
137 1518
138 273
139 1746
140 889
141 565
142 2407
143 2274
144 2755
145 538
146 1646
147 2949
148 960
149 2164
150 981
151 1645
152 2304
153 189
154 2835
155 1906
156 599
157 218
158 2913
159 1654
160 1799
161 55
162 2074
163 1314
164 1140
165 10
166 523
167 684
168 1893
169 1955
170 2346
171 936
172 2742
173 572
174 547
175 484
176 1131
177 1534
178 964
179 192
180 2620
181 2750
182 1408
183 2951
184 1609
185 2603
186 2403
187 1818
188 362
189 1967
190 371
191 2791
192 2732
193 637
194 1406
195 427
196 2534
197 630
198 3
199 1585
200 1726
201 1418
202 686
203 1824
204 1313
205 1787
206 1195
207 522
208 2530
209 1859
210 848
211 2185
212 66
213 1457
214 230
215 1162
216 181
217 843
218 245
219 539
220 1647
221 968
222 2857
223 2139
224 2839
225 2346
226 2007
227 1212
228 1022
229 2270
230 2853
231 1388
232 1364
233 498
234 2732
235 1817
236 2747
237 1123
238 2271
239 1165
240 2384
241 1010
242 1594
243 42
244 422
245 357
246 1522
247 1061
248 1770
249 913
250 1851
251 914
252 350
253 2707
254 1123
255 641
256 2191
257 684
258 686
259 2050
260 2899
261 1693
262 2437
263 1680
264 1442
265 2966
266 2704
267 2161
268 1737
269 774
270 1832
271 1943
272 1825
273 2120
274 2680
275 2788
276 2775
277 2055
278 2971
279 386
280 875
281 1488
282 336
283 1934
284 205
285 682
286 385
287 2889
288 1418
289 86
290 2226
291 2820
292 2804
293 2924
294 2173
295 1867
296 2888
297 2113
298 947
299 2804
300 208
301 2304
302 2458
303 828
304 2207
305 1951
306 1598
307 138
308 1373
309 321
310 1060
311 862
312 1763
313 1923
314 1906
315 403
316 234
317 622
318 605
319 2000
320 2184
321 2796
322 140
323 950
324 2499
325 570
326 506
327 1298
328 166
329 406
330 1807
331 1690
332 1545
333 992
334 743
335 1159
336 1890
337 2934
338 213
339 2474
340 347
341 1271
342 2436
343 1894
344 2026
345 2696
346 343
347 2335
348 2470
349 631
350 1002
351 2551
352 655
353 69
354 420
355 2257
356 2225
357 2335
358 522
359 1810
360 2029
361 2866
362 220
363 1819
364 533
365 2842
366 98
367 1837
368 2624
369 1675
370 2255
371 1872
372 2354
373 1723
374 1717
375 705
376 780
377 2347
378 2367
379 81
380 327
381 664
382 771
383 2901
384 412
385 173
386 2855
387 2888
388 2611
389 340
390 2727
391 1677
392 2971
393 265
394 2133
395 888
396 404
397 238
398 2962
399 2163
400 2379
401 2663
402 905
403 2641
404 1395
405 571
406 1384
407 1137
408 1171
409 745
410 1483
411 2728
412 2400
413 2613
414 1777
415 496
416 1161
417 1904
418 2939
419 1157
420 1771
421 1460
422 1355
423 1692
424 490
425 2886
426 631
427 442
428 2270
429 1337
430 753
431 2869
432 1018
433 787
434 2096
435 2779
436 829
437 1053
438 213
439 946
440 946
441 2917
442 287
443 1715
444 1480
445 2219
446 2772
447 2521
448 682
449 1817
450 2240
451 2230
452 2748
453 1723
454 2942
455 2027
456 1062
457 2454
458 926
459 1930
460 35
461 958
462 1291
463 1223
464 2548
465 778
466 1085
467 2047
468 1653
469 1931
470 506
471 1864
472 2063
473 1545
474 966

