131 45
0 658
1 1961
2 795
3 2955
4 489
5 2269
6 1754
7 330
8 1125
9 414
10 1507
11 2553
12 358
13 2721
14 1366
15 1593
16 245
17 153
18 1010
19 2636
20 2710
21 138
22 277
23 1768
24 194
25 1758
26 1903
27 1329
28 2414
29 1469
30 1878
31 2552
32 590
33 1010
34 1387
35 1963
36 1775
37 1355
38 692
39 894
40 1035
41 1469
42 474
43 1634
44 1049
45 1704
46 2651
47 2218
48 2009
49 2428
50 2936
51 1614
52 1879
53 1083
54 1956
55 636
56 1949
57 1762
58 95
59 602
60 2783
61 1506
62 2555
63 411
64 1684
65 1508
66 750
67 1440
68 1425
69 2528
70 213
71 733
72 1031
73 750
74 1239
75 2394
76 971
77 1986
78 1959
79 2418
80 55
81 366
82 1460
83 2831
84 2209
85 221
86 1520
87 821
88 1901
89 832
90 2901
91 2531
92 2450
93 1792
94 2219
95 1189
96 1941
97 2113
98 2780
99 168
100 2422
101 250
102 2851
103 2425
104 700
105 504
106 1639
107 334
108 1772
109 2849
110 62
111 485
112 200
113 1556
114 1024
115 927
116 454
117 1274
118 992
119 379
120 720
121 1542
122 1984
123 2063
124 1741
125 2342
126 2369
127 2358
128 1242
129 1759
130 1828

