222 62
0 2010
1 2921
2 2020
3 2173
4 1864
5 910
6 1019
7 914
8 1349
9 297
10 214
11 1619
12 2440
13 2897
14 1054
15 2921
16 1906
17 2391
18 46
19 2760
20 2188
21 1240
22 987
23 1623
24 153
25 2868
26 422
27 2415
28 962
29 2328
30 1114
31 2084
32 438
33 650
34 2039
35 1353
36 474
37 223
38 1179
39 32
40 1787
41 770
42 2017
43 671
44 58
45 1712
46 889
47 1881
48 493
49 2962
50 1374
51 2814
52 2906
53 1706
54 2663
55 1900
56 1188
57 2083
58 2628
59 2343
60 1478
61 2608
62 2087
63 2374
64 19
65 601
66 163
67 2031
68 367
69 352
70 1651
71 1050
72 1031
73 2767
74 282
75 320
76 1326
77 124
78 1957
79 1600
80 851
81 475
82 2982
83 2484
84 732
85 1774
86 2592
87 353
88 679
89 2052
90 1337
91 2567
92 2527
93 330
94 1412
95 1209
96 837
97 310
98 2889
99 2498
100 1833
101 1424
102 2456
103 1059
104 2750
105 807
106 991
107 1862
108 2493
109 1495
110 1708
111 1713
112 1624
113 2636
114 2407
115 1448
116 1864
117 1023
118 381
119 1936
120 2764
121 2257
122 292
123 2284
124 2261
125 2361
126 584
127 1968
128 1288
129 1291
130 157
131 2160
132 490
133 2294
134 841
135 1660
136 858
137 364
138 2529
139 1670
140 2430
141 2257
142 2567
143 2408
144 2020
145 2066
146 1579
147 1891
148 1621
149 133
150 1926
151 2041
152 2916
153 14
154 2692
155 322
156 2214
157 1991
158 2175
159 781
160 1006
161 2229
162 1671
163 2676
164 2003
165 995
166 1910
167 1366
168 389
169 1049
170 2678
171 1391
172 2561
173 1029
174 1061
175 628
176 49
177 2966
178 279
179 67
180 1359
181 1619
182 1077
183 2831
184 2470
185 654
186 1813
187 1319
188 2127
189 539
190 2871
191 196
192 2869
193 197
194 361
195 2532
196 979
197 583
198 2761
199 2903
200 2698
201 1206
202 485
203 553
204 160
205 1943
206 1800
207 556
208 1447
209 2524
210 1825
211 202
212 1013
213 2781
214 1520
215 108
216 1977
217 2093
218 227
219 270
220 2479
221 1224

