431 50
0 932
1 2275
2 1635
3 1430
4 847
5 2702
6 336
7 2535
8 2834
9 6
10 1178
11 540
12 2687
13 1148
14 1064
15 129
16 2505
17 241
18 2111
19 1885
20 1538
21 1716
22 888
23 1844
24 390
25 1118
26 395
27 753
28 270
29 1564
30 843
31 867
32 2911
33 2176
34 2209
35 2535
36 1082
37 1824
38 292
39 385
40 2436
41 2656
42 1172
43 2060
44 2061
45 1720
46 2957
47 1094
48 1111
49 776
50 2572
51 2364
52 471
53 309
54 2588
55 2537
56 1501
57 100
58 1431
59 2935
60 2142
61 1708
62 847
63 1295
64 2025
65 89
66 1297
67 2585
68 1521
69 534
70 1775
71 2379
72 2862
73 39
74 1893
75 2932
76 2946
77 486
78 1322
79 237
80 448
81 2068
82 22
83 6
84 2071
85 1529
86 1774
87 1496
88 719
89 177
90 2332
91 122
92 996
93 1851
94 943
95 2809
96 1157
97 2128
98 2488
99 380
100 405
101 2024
102 389
103 817
104 16
105 1194
106 512
107 1223
108 1035
109 105
110 98
111 1400
112 1
113 1245
114 834
115 155
116 944
117 1975
118 1143
119 1447
120 2470
121 800
122 1241
123 1274
124 932
125 1584
126 1811
127 1203
128 2115
129 1506
130 383
131 2933
132 835
133 2476
134 2474
135 888
136 1696
137 1123
138 1438
139 143
140 347
141 2348
142 191
143 2666
144 775
145 2922
146 2226
147 2953
148 1323
149 718
150 1147
151 1783
152 1575
153 2019
154 788
155 1298
156 965
157 2753
158 1781
159 765
160 2522
161 1561
162 394
163 2935
164 1916
165 1906
166 1006
167 1929
168 209
169 1352
170 909
171 1178
172 2961
173 305
174 1447
175 2369
176 1148
177 2701
178 2929
179 4
180 1693
181 2161
182 1736
183 2823
184 2376
185 269
186 1862
187 1101
188 463
189 261
190 1856
191 2876
192 2898
193 2430
194 107
195 2100
196 2963
197 842
198 814
199 1669
200 1555
201 1497
202 1523
203 303
204 1989
205 134
206 2338
207 377
208 259
209 2950
210 1605
211 1730
212 2938
213 583
214 2392
215 2527
216 2185
217 178
218 2846
219 2188
220 1434
221 369
222 10
223 2826
224 2475
225 2793
226 475
227 1769
228 664
229 183
230 1114
231 2879
232 2252
233 2810
234 1980
235 902
236 717
237 453
238 730
239 2722
240 1547
241 1244
242 2631
243 2028
244 427
245 1056
246 1248
247 1201
248 2435
249 2373
250 1993
251 925
252 134
253 970
254 1764
255 2173
256 1445
257 2938
258 1301
259 660
260 1378
261 1917
262 519
263 15
264 2639
265 428
266 636
267 2692
268 2580
269 1747
270 1007
271 1137
272 2918
273 1283
274 2977
275 1246
276 2852
277 324
278 1128
279 1840
280 998
281 699
282 2239
283 2366
284 1090
285 1327
286 1076
287 2251
288 2828
289 2757
290 1099
291 843
292 1185
293 2458
294 36
295 449
296 2972
297 708
298 2783
299 2539
300 2202
301 1293
302 797
303 1768
304 2720
305 442
306 2695
307 2951
308 689
309 1601
310 1436
311 654
312 2144
313 416
314 1515
315 1115
316 298
317 100
318 626
319 2621
320 1700
321 840
322 1145
323 1303
324 1034
325 2553
326 959
327 1913
328 1873
329 1668
330 1894
331 2008
332 2328
333 2537
334 1033
335 1287
336 1373
337 1972
338 705
339 2349
340 2776
341 2213
342 2237
343 455
344 1303
345 7
346 2123
347 1526
348 2932
349 259
350 397
351 2975
352 1322
353 2824
354 333
355 1921
356 241
357 1987
358 518
359 1023
360 58
361 2502
362 2903
363 899
364 1296
365 530
366 2700
367 2836
368 159
369 147
370 1373
371 1165
372 580
373 1694
374 2703
375 2300
376 381
377 2900
378 222
379 2595
380 2686
381 1267
382 2099
383 2686
384 2435
385 1623
386 2588
387 2339
388 2785
389 61
390 1682
391 2703
392 58
393 2096
394 2458
395 1359
396 1306
397 814
398 465
399 2931
400 149
401 371
402 2170
403 2240
404 802
405 1907
406 1362
407 2726
408 982
409 1192
410 1525
411 378
412 1999
413 2412
414 1689
415 908
416 2108
417 505
418 1818
419 1466
420 81
421 178
422 91
423 2981
424 350
425 702
426 1324
427 1188
428 1929
429 2239
430 2421

