748 41
0 977
1 1558
2 323
3 1504
4 2796
5 193
6 385
7 2265
8 737
9 908
10 1594
11 499
12 1033
13 1406
14 1064
15 639
16 1996
17 80
18 549
19 1000
20 1693
21 2053
22 1111
23 762
24 1508
25 2425
26 28
27 2513
28 1828
29 427
30 466
31 1748
32 1537
33 371
34 488
35 613
36 1928
37 1072
38 2895
39 1513
40 1737
41 1717
42 293
43 801
44 2592
45 2297
46 2203
47 2142
48 1181
49 577
50 2808
51 1805
52 1206
53 1771
54 2115
55 727
56 2921
57 2034
58 288
59 2887
60 395
61 1632
62 1034
63 1079
64 1525
65 1853
66 2978
67 1251
68 1122
69 2389
70 1266
71 317
72 992
73 1235
74 1329
75 1978
76 1229
77 2174
78 1695
79 231
80 2281
81 2496
82 1220
83 1042
84 1193
85 1439
86 1778
87 84
88 1216
89 603
90 2623
91 2674
92 175
93 2261
94 2828
95 755
96 384
97 791
98 1142
99 1205
100 1679
101 2731
102 604
103 390
104 1486
105 2725
106 2900
107 1627
108 2091
109 844
110 1650
111 2242
112 2776
113 1380
114 1027
115 833
116 1037
117 1586
118 939
119 396
120 2724
121 2754
122 1976
123 1046
124 1449
125 767
126 644
127 83
128 1431
129 792
130 1203
131 1246
132 2810
133 2654
134 203
135 2125
136 1
137 459
138 1559
139 2002
140 131
141 1054
142 299
143 860
144 924
145 1698
146 2598
147 2770
148 2244
149 2962
150 2024
151 1445
152 20
153 2845
154 2386
155 49
156 588
157 1931
158 2207
159 204
160 940
161 1020
162 2743
163 2224
164 2063
165 1798
166 1676
167 2756
168 293
169 2797
170 1476
171 98
172 1326
173 1953
174 987
175 2897
176 1656
177 1931
178 1577
179 1878
180 2751
181 2439
182 1561
183 682
184 1401
185 2952
186 2385
187 2373
188 193
189 2181
190 117
191 2106
192 2286
193 1407
194 124
195 1175
196 810
197 1450
198 1079
199 403
200 2883
201 2348
202 147
203 1363
204 1789
205 2094
206 1274
207 2314
208 1377
209 2686
210 2902
211 1997
212 1018
213 2385
214 260
215 424
216 1291
217 2154
218 667
219 1364
220 991
221 1478
222 1069
223 402
224 2777
225 1699
226 2718
227 1956
228 1766
229 203
230 2555
231 2381
232 496
233 2373
234 2927
235 1745
236 1568
237 1174
238 2328
239 412
240 1864
241 1597
242 1248
243 1975
244 2070
245 1239
246 281
247 2374
248 776
249 844
250 1696
251 743
252 46
253 2284
254 1552
255 512
256 2589
257 66
258 1262
259 2025
260 2361
261 1312
262 121
263 2385
264 931
265 203
266 816
267 1939
268 1685
269 1694
270 1282
271 314
272 2485
273 61
274 2717
275 1510
276 896
277 946
278 1883
279 742
280 847
281 2775
282 2153
283 2924
284 71
285 1367
286 1972
287 668
288 1510
289 51
290 2542
291 1100
292 2599
293 1434
294 1343
295 1158
296 1367
297 2552
298 1501
299 1068
300 2561
301 535
302 1399
303 2668
304 516
305 1489
306 821
307 248
308 938
309 2425
310 1105
311 2272
312 2963
313 1925
314 1309
315 2755
316 389
317 1544
318 1192
319 829
320 2982
321 2661
322 1721
323 1185
324 2504
325 2948
326 3
327 2315
328 1121
329 2991
330 1168
331 2153
332 46
333 2000
334 310
335 14
336 12
337 2031
338 2696
339 1452
340 1692
341 1802
342 2772
343 886
344 389
345 2443
346 2601
347 2725
348 1796
349 1824
350 116
351 857
352 2131
353 536
354 1870
355 1342
356 631
357 1448
358 772
359 536
360 2960
361 393
362 1776
363 2963
364 483
365 107
366 416
367 1637
368 1965
369 1170
370 2891
371 409
372 75
373 430
374 775
375 365
376 2163
377 2118
378 2798
379 324
380 2229
381 2522
382 2457
383 1831
384 2985
385 2968
386 1084
387 399
388 975
389 1996
390 2432
391 320
392 994
393 591
394 1284
395 2556
396 391
397 2121
398 57
399 1922
400 1961
401 1525
402 2997
403 1486
404 167
405 861
406 1045
407 1174
408 2343
409 2500
410 633
411 2226
412 612
413 2347
414 113
415 67
416 2044
417 1067
418 643
419 2248
420 2846
421 2132
422 952
423 1712
424 2381
425 547
426 116
427 1008
428 1329
429 2055
430 1820
431 210
432 2939
433 2397
434 1396
435 1840
436 110
437 1596
438 1273
439 1583
440 2397
441 1188
442 747
443 1862
444 442
445 2208
446 480
447 369
448 997
449 1915
450 2161
451 2844
452 227
453 23
454 2768
455 218
456 1771
457 2708
458 1537
459 1323
460 2798
461 884
462 1635
463 2342
464 1369
465 742
466 2329
467 2186
468 1967
469 1454
470 1780
471 46
472 369
473 2557
474 2903
475 466
476 1352
477 2502
478 320
479 1628
480 1394
481 2713
482 1918
483 2264
484 528
485 866
486 2896
487 1806
488 827
489 2469
490 756
491 2082
492 2035
493 46
494 787
495 2409
496 2997
497 1341
498 1943
499 2685
500 2059
501 1239
502 1598
503 370
504 736
505 809
506 357
507 308
508 851
509 467
510 1530
511 1653
512 2246
513 2323
514 1947
515 1438
516 1811
517 20
518 1624
519 2239
520 275
521 1269
522 586
523 197
524 178
525 2142
526 31
527 390
528 2990
529 803
530 2146
531 2761
532 96
533 476
534 426
535 430
536 412
537 1520
538 1416
539 859
540 2234
541 1624
542 2613
543 2666
544 2268
545 808
546 2464
547 2802
548 2279
549 1785
550 240
551 1219
552 1131
553 518
554 1281
555 953
556 561
557 1000
558 2180
559 1732
560 677
561 1005
562 606
563 69
564 1728
565 1347
566 2770
567 44
568 934
569 51
570 404
571 2635
572 1339
573 759
574 2302
575 1415
576 986
577 2930
578 1698
579 1039
580 2701
581 924
582 942
583 972
584 175
585 2316
586 177
587 567
588 2904
589 745
590 1274
591 1922
592 165
593 1214
594 2690
595 1312
596 2027
597 250
598 494
599 2540
600 2009
601 2103
602 46
603 2489
604 743
605 944
606 1751
607 773
608 1370
609 359
610 1070
611 588
612 484
613 897
614 913
615 1249
616 843
617 690
618 796
619 2248
620 778
621 430
622 1668
623 2028
624 1158
625 2918
626 94
627 2149
628 2782
629 427
630 10
631 1413
632 387
633 902
634 1877
635 1975
636 443
637 2731
638 2299
639 2528
640 2130
641 1869
642 1017
643 1861
644 1172
645 828
646 869
647 621
648 1895
649 1587
650 2727
651 1698
652 2238
653 1874
654 474
655 2575
656 91
657 2878
658 896
659 2356
660 561
661 672
662 331
663 1523
664 2833
665 588
666 2845
667 2366
668 19
669 2653
670 43
671 2761
672 2451
673 873
674 2541
675 1821
676 2008
677 670
678 2232
679 748
680 2628
681 1083
682 36
683 2413
684 751
685 1230
686 123
687 1827
688 2448
689 1942
690 2974
691 2764
692 2823
693 2394
694 1323
695 2799
696 179
697 2893
698 499
699 1726
700 2028
701 1392
702 1632
703 1532
704 2660
705 1612
706 1924
707 585
708 772
709 101
710 236
711 1921
712 1922
713 413
714 2043
715 2157
716 839
717 108
718 1140
719 941
720 1168
721 1235
722 1048
723 902
724 2944
725 527
726 2846
727 1873
728 2756
729 2469
730 973
731 83
732 281
733 1862
734 2596
735 1248
736 1735
737 900
738 1479
739 2416
740 2893
741 2069
742 1748
743 2552
744 2159
745 1137
746 802
747 1687

