885 79
0 523
1 2932
2 2901
3 313
4 817
5 2793
6 310
7 2027
8 205
9 1479
10 1147
11 2985
12 2176
13 821
14 265
15 2424
16 1234
17 2101
18 228
19 381
20 1754
21 552
22 2169
23 102
24 1742
25 1267
26 2865
27 1240
28 198
29 2128
30 1196
31 2994
32 133
33 520
34 1804
35 1386
36 1538
37 2552
38 1406
39 1649
40 1571
41 10
42 1050
43 2608
44 330
45 146
46 2478
47 1232
48 2942
49 1445
50 2294
51 1614
52 1569
53 1249
54 1012
55 1963
56 662
57 1561
58 531
59 844
60 2518
61 623
62 400
63 1674
64 534
65 1532
66 1476
67 1302
68 347
69 668
70 568
71 1621
72 117
73 2405
74 1328
75 1447
76 2713
77 2255
78 2437
79 1949
80 2513
81 2120
82 2806
83 2107
84 2510
85 168
86 727
87 2211
88 2366
89 1112
90 1479
91 239
92 2417
93 2242
94 648
95 699
96 1075
97 1609
98 1178
99 2153
100 2729
101 2257
102 784
103 1640
104 1269
105 2991
106 2500
107 731
108 1539
109 2030
110 1543
111 292
112 289
113 1580
114 2599
115 1179
116 1087
117 2287
118 1603
119 582
120 926
121 1247
122 1122
123 1150
124 1193
125 7
126 2311
127 2
128 2506
129 2168
130 85
131 1826
132 590
133 2373
134 2067
135 169
136 2869
137 2519
138 1611
139 1541
140 1480
141 2784
142 1053
143 699
144 1132
145 1556
146 968
147 1992
148 1770
149 254
150 1945
151 1592
152 2960
153 2102
154 2447
155 2141
156 2790
157 889
158 1734
159 2945
160 2620
161 2120
162 1596
163 167
164 2013
165 1167
166 1402
167 553
168 999
169 501
170 1746
171 2967
172 632
173 126
174 2465
175 237
176 2068
177 134
178 1692
179 533
180 1509
181 1396
182 2019
183 2986
184 1521
185 2723
186 2800
187 1314
188 123
189 1146
190 1612
191 1651
192 1416
193 733
194 2141
195 2530
196 2802
197 745
198 666
199 2060
200 96
201 846
202 2750
203 2195
204 2875
205 2224
206 1970
207 930
208 2851
209 1565
210 1908
211 1609
212 2290
213 283
214 1513
215 16
216 2638
217 2907
218 761
219 2885
220 1388
221 2940
222 1185
223 694
224 279
225 1742
226 779
227 1113
228 822
229 1178
230 879
231 1496
232 2827
233 2672
234 1401
235 2838
236 2779
237 2679
238 2753
239 1717
240 1783
241 2006
242 1975
243 2179
244 1954
245 964
246 61
247 2102
248 2872
249 986
250 1035
251 542
252 219
253 1307
254 2364
255 1783
256 2386
257 918
258 1627
259 1791
260 589
261 639
262 2458
263 2204
264 2049
265 2756
266 2113
267 2327
268 1415
269 717
270 1707
271 1566
272 170
273 2135
274 634
275 1440
276 2291
277 2166
278 1454
279 1550
280 2495
281 1553
282 1331
283 557
284 2670
285 846
286 2180
287 851
288 1305
289 1910
290 2534
291 1981
292 2818
293 453
294 1117
295 1424
296 2359
297 2483
298 1622
299 2431
300 441
301 1657
302 421
303 2365
304 1343
305 2019
306 759
307 448
308 1349
309 2567
310 1383
311 2254
312 894
313 464
314 501
315 829
316 2436
317 1467
318 2531
319 2698
320 2012
321 2417
322 442
323 305
324 591
325 1900
326 290
327 1800
328 2127
329 1620
330 755
331 1849
332 2016
333 1382
334 1197
335 55
336 882
337 2939
338 1921
339 1438
340 2044
341 2115
342 427
343 198
344 656
345 1498
346 1813
347 884
348 1627
349 651
350 2165
351 2123
352 1789
353 2025
354 54
355 2626
356 467
357 1176
358 1104
359 1080
360 253
361 1950
362 1682
363 1592
364 485
365 2952
366 2120
367 2572
368 2230
369 1047
370 1374
371 2957
372 498
373 1538
374 2777
375 1038
376 2811
377 666
378 1951
379 2902
380 1035
381 1742
382 1573
383 248
384 1414
385 195
386 1470
387 2980
388 110
389 950
390 762
391 2916
392 2080
393 519
394 2853
395 546
396 1294
397 1627
398 2535
399 2381
400 1634
401 2670
402 947
403 93
404 1605
405 147
406 936
407 1575
408 795
409 2195
410 1789
411 567
412 1818
413 1278
414 14
415 116
416 33
417 2104
418 2674
419 1010
420 2100
421 2392
422 474
423 2483
424 2071
425 23
426 961
427 372
428 1846
429 2623
430 816
431 2033
432 1635
433 1386
434 502
435 2236
436 213
437 2717
438 791
439 505
440 991
441 2830
442 1401
443 1736
444 2096
445 1105
446 37
447 1112
448 1570
449 2605
450 1740
451 1078
452 427
453 347
454 1359
455 2275
456 2280
457 592
458 2951
459 2398
460 1858
461 655
462 535
463 107
464 1541
465 1694
466 1468
467 1372
468 2769
469 109
470 621
471 1732
472 1825
473 1007
474 2372
475 2219
476 2738
477 2324
478 887
479 1931
480 2548
481 602
482 2834
483 1553
484 1516
485 284
486 121
487 85
488 1873
489 342
490 98
491 2414
492 2308
493 1447
494 984
495 1578
496 485
497 671
498 611
499 830
500 1940
501 1666
502 795
503 2247
504 2124
505 1003
506 284
507 2890
508 492
509 699
510 2587
511 2212
512 586
513 1780
514 2808
515 1057
516 785
517 2982
518 2750
519 371
520 1309
521 449
522 348
523 901
524 2923
525 1685
526 202
527 1098
528 2248
529 579
530 2709
531 2790
532 944
533 423
534 1393
535 2944
536 2649
537 1581
538 1601
539 2725
540 2472
541 2576
542 1699
543 2007
544 1176
545 1447
546 1422
547 1641
548 2865
549 785
550 807
551 1329
552 2563
553 2235
554 2192
555 1478
556 768
557 432
558 2291
559 628
560 799
561 2828
562 1318
563 1285
564 1246
565 428
566 974
567 1564
568 2083
569 446
570 1120
571 778
572 1113
573 2832
574 2884
575 1760
576 285
577 2324
578 462
579 940
580 1669
581 1523
582 1137
583 583
584 310
585 853
586 119
587 937
588 674
589 698
590 1473
591 2184
592 1449
593 1894
594 675
595 1963
596 1021
597 2931
598 845
599 937
600 2257
601 2835
602 1939
603 2924
604 361
605 888
606 1601
607 1899
608 2147
609 1579
610 2469
611 886
612 2528
613 2389
614 2051
615 152
616 2623
617 408
618 2583
619 273
620 540
621 2765
622 2588
623 1614
624 2971
625 1927
626 1734
627 2405
628 345
629 1655
630 1867
631 2835
632 1501
633 2844
634 2702
635 477
636 2736
637 2941
638 778
639 163
640 2181
641 2746
642 2233
643 640
644 853
645 2615
646 789
647 1799
648 228
649 520
650 1134
651 130
652 1754
653 926
654 1098
655 2506
656 387
657 2879
658 1636
659 1330
660 1093
661 270
662 1265
663 621
664 499
665 2872
666 788
667 1727
668 1340
669 2422
670 1516
671 938
672 2040
673 2698
674 316
675 1749
676 2539
677 2010
678 617
679 2213
680 1254
681 2640
682 2072
683 2951
684 598
685 1330
686 2493
687 251
688 725
689 2619
690 2730
691 42
692 2499
693 825
694 2787
695 2237
696 1049
697 1881
698 2482
699 2404
700 2212
701 2012
702 423
703 1012
704 2761
705 1824
706 1949
707 2376
708 36
709 306
710 2410
711 482
712 28
713 2188
714 800
715 1794
716 1187
717 2878
718 1631
719 2352
720 1101
721 1439
722 2019
723 2869
724 50
725 374
726 2295
727 2087
728 1683
729 341
730 2462
731 1519
732 2122
733 2986
734 1973
735 388
736 1863
737 1560
738 2995
739 2779
740 1349
741 337
742 2639
743 1091
744 1293
745 446
746 2849
747 2566
748 823
749 2486
750 630
751 1525
752 5
753 1080
754 1699
755 867
756 1422
757 1564
758 1033
759 1237
760 101
761 750
762 1713
763 1680
764 2534
765 1615
766 10
767 1058
768 677
769 240
770 1208
771 2798
772 2653
773 764
774 325
775 2056
776 1757
777 1648
778 810
779 1724
780 1724
781 656
782 2567
783 504
784 712
785 1035
786 1543
787 1054
788 1341
789 376
790 1375
791 1560
792 1263
793 252
794 442
795 1048
796 2876
797 1548
798 2271
799 1597
800 2280
801 610
802 131
803 32
804 2778
805 231
806 238
807 1234
808 142
809 985
810 2710
811 1578
812 43
813 2387
814 823
815 2967
816 1649
817 428
818 1052
819 2684
820 2659
821 603
822 1464
823 2803
824 2266
825 1422
826 1702
827 1276
828 2411
829 1133
830 2941
831 454
832 1427
833 1335
834 2153
835 2377
836 1372
837 2433
838 321
839 639
840 1165
841 1127
842 2111
843 208
844 1315
845 1254
846 951
847 412
848 323
849 1580
850 1929
851 2863
852 807
853 406
854 915
855 112
856 2296
857 1988
858 897
859 1134
860 2535
861 605
862 2537
863 699
864 393
865 2939
866 2663
867 1628
868 2810
869 2160
870 672
871 33
872 814
873 634
874 960
875 491
876 19
877 710
878 1983
879 2446
880 2955
881 1511
882 661
883 632
884 1587

