86 68
0 982
1 1017
2 1986
3 363
4 2721
5 121
6 1770
7 1085
8 488
9 1586
10 57
11 1180
12 1822
13 2306
14 1468
15 557
16 184
17 1783
18 1107
19 647
20 419
21 259
22 564
23 2735
24 918
25 1398
26 2074
27 1636
28 2414
29 1815
30 2346
31 1652
32 1204
33 2541
34 2198
35 2222
36 783
37 2793
38 2370
39 2591
40 27
41 696
42 2949
43 851
44 54
45 1377
46 2019
47 34
48 2671
49 201
50 1290
51 277
52 1869
53 445
54 2790
55 1278
56 2051
57 1473
58 688
59 1594
60 675
61 1769
62 219
63 1204
64 2544
65 1743
66 2116
67 2030
68 2666
69 457
70 2843
71 2667
72 2990
73 1993
74 2701
75 2088
76 349
77 2905
78 1376
79 1193
80 229
81 1796
82 440
83 1467
84 2795
85 2728

