127 99
0 427
1 2719
2 2903
3 294
4 2308
5 2266
6 467
7 770
8 1472
9 123
10 434
11 2897
12 2804
13 1082
14 2003
15 1125
16 1121
17 1351
18 1554
19 2969
20 1295
21 1846
22 2308
23 2449
24 1002
25 829
26 2061
27 774
28 1623
29 2474
30 656
31 2067
32 2702
33 1474
34 2664
35 1052
36 2471
37 1631
38 728
39 1605
40 2093
41 561
42 1542
43 2464
44 1244
45 1103
46 37
47 2529
48 2858
49 2379
50 1651
51 1168
52 447
53 400
54 472
55 1220
56 1968
57 718
58 1390
59 1252
60 2272
61 297
62 878
63 2130
64 1487
65 1320
66 807
67 494
68 2312
69 339
70 1913
71 937
72 177
73 1213
74 819
75 622
76 371
77 1534
78 652
79 2440
80 1677
81 2560
82 2012
83 1445
84 2880
85 1210
86 754
87 2034
88 988
89 841
90 1748
91 1597
92 1260
93 694
94 500
95 1071
96 2122
97 1944
98 2671
99 1575
100 1292
101 1937
102 222
103 2075
104 421
105 1807
106 2265
107 924
108 1325
109 527
110 1871
111 1323
112 2036
113 1349
114 2939
115 1554
116 508
117 2250
118 2507
119 2710
120 475
121 1790
122 1877
123 2932
124 2789
125 1596
126 2528

