836 67
0 2097
1 2836
2 2794
3 2457
4 2827
5 602
6 2923
7 2576
8 1470
9 1824
10 2978
11 2691
12 94
13 1198
14 2294
15 2152
16 1780
17 2306
18 2596
19 2351
20 137
21 1563
22 2270
23 2556
24 1889
25 2481
26 2947
27 1522
28 2679
29 80
30 1429
31 1447
32 447
33 1073
34 1329
35 2865
36 852
37 690
38 1721
39 2895
40 1723
41 446
42 2066
43 1508
44 797
45 185
46 1692
47 704
48 2
49 2956
50 1568
51 973
52 1032
53 2657
54 952
55 2616
56 2635
57 2706
58 493
59 2573
60 1574
61 444
62 1293
63 2424
64 2566
65 559
66 574
67 2311
68 1419
69 1983
70 916
71 131
72 713
73 816
74 2415
75 2816
76 40
77 784
78 385
79 2142
80 2318
81 793
82 679
83 1021
84 2149
85 1475
86 2584
87 949
88 1068
89 362
90 2122
91 25
92 133
93 824
94 865
95 2726
96 1189
97 2085
98 1100
99 2641
100 1594
101 609
102 2327
103 432
104 2857
105 2848
106 1852
107 2962
108 1999
109 1141
110 1959
111 905
112 2723
113 43
114 2251
115 815
116 258
117 114
118 1635
119 2501
120 1988
121 1713
122 2866
123 2612
124 596
125 397
126 633
127 527
128 343
129 234
130 1618
131 1900
132 2582
133 2249
134 2489
135 937
136 996
137 1343
138 1775
139 350
140 1066
141 126
142 1779
143 2460
144 1094
145 453
146 1025
147 2552
148 2088
149 2775
150 2455
151 1102
152 2685
153 2657
154 1354
155 1928
156 1299
157 1939
158 2974
159 1704
160 2560
161 2614
162 1444
163 2130
164 1502
165 1773
166 90
167 5
168 2189
169 2904
170 2934
171 1056
172 2807
173 491
174 2576
175 1311
176 2854
177 11
178 1264
179 2420
180 998
181 1543
182 910
183 2989
184 669
185 1958
186 1441
187 1457
188 2725
189 2450
190 1851
191 274
192 1699
193 2834
194 1788
195 1188
196 2790
197 320
198 410
199 733
200 2349
201 2759
202 2446
203 1063
204 242
205 416
206 1896
207 648
208 1803
209 1158
210 1760
211 1611
212 817
213 500
214 1494
215 2661
216 1351
217 2246
218 1242
219 554
220 1788
221 1908
222 1
223 1737
224 978
225 2157
226 1732
227 1428
228 841
229 2954
230 2045
231 1549
232 649
233 1052
234 2708
235 1750
236 1763
237 721
238 2225
239 2322
240 223
241 513
242 1211
243 2608
244 2747
245 2647
246 391
247 816
248 2227
249 1416
250 184
251 195
252 314
253 2216
254 2102
255 1486
256 1079
257 994
258 1403
259 1342
260 646
261 20
262 2911
263 1651
264 1087
265 397
266 1006
267 288
268 2010
269 2457
270 486
271 1639
272 1258
273 1684
274 2819
275 1428
276 248
277 2729
278 2843
279 1566
280 2171
281 67
282 234
283 2802
284 169
285 2063
286 894
287 1302
288 2669
289 2159
290 102
291 1085
292 314
293 1812
294 83
295 978
296 755
297 892
298 2075
299 989
300 2391
301 1451
302 20
303 1472
304 2692
305 1140
306 154
307 2370
308 370
309 1345
310 2994
311 2796
312 832
313 1677
314 637
315 2864
316 1102
317 1525
318 1500
319 2186
320 324
321 2301
322 860
323 1360
324 584
325 1292
326 1905
327 1648
328 1467
329 2736
330 1317
331 2552
332 2544
333 701
334 486
335 1583
336 700
337 2885
338 2422
339 1640
340 2037
341 1752
342 2599
343 435
344 2138
345 12
346 2638
347 1457
348 200
349 2888
350 1750
351 1818
352 1956
353 2166
354 87
355 2673
356 1503
357 2657
358 903
359 1873
360 467
361 548
362 709
363 2430
364 2355
365 439
366 2841
367 2352
368 2441
369 2509
370 1534
371 2322
372 846
373 1058
374 2711
375 370
376 403
377 2509
378 512
379 1054
380 676
381 1195
382 2347
383 311
384 1509
385 414
386 495
387 1563
388 446
389 844
390 1317
391 2163
392 1892
393 2660
394 1500
395 2569
396 2947
397 2734
398 487
399 2129
400 2429
401 1745
402 1645
403 2427
404 2125
405 2596
406 534
407 781
408 2896
409 1905
410 2899
411 1541
412 1830
413 1106
414 137
415 1091
416 1616
417 2100
418 2837
419 889
420 400
421 1220
422 256
423 2560
424 2991
425 2156
426 2426
427 1267
428 1558
429 1441
430 1674
431 1847
432 1057
433 1703
434 1981
435 2930
436 1059
437 289
438 2679
439 352
440 1602
441 1617
442 1196
443 1462
444 2942
445 1909
446 177
447 670
448 2595
449 1591
450 1153
451 1049
452 2448
453 1701
454 377
455 1163
456 1524
457 518
458 315
459 81
460 2641
461 1737
462 567
463 653
464 1609
465 1138
466 2739
467 1384
468 2748
469 1592
470 2715
471 2805
472 1430
473 2671
474 1113
475 1435
476 370
477 1059
478 702
479 1501
480 1802
481 800
482 395
483 2195
484 1135
485 2609
486 2658
487 158
488 1404
489 2344
490 2855
491 1722
492 902
493 509
494 2991
495 2925
496 2625
497 1102
498 950
499 1605
500 1659
501 2052
502 722
503 170
504 2534
505 2101
506 13
507 222
508 589
509 1245
510 11
511 586
512 510
513 2600
514 836
515 1786
516 1650
517 870
518 2513
519 1309
520 1320
521 878
522 1764
523 1221
524 1472
525 110
526 2868
527 782
528 284
529 635
530 985
531 2820
532 68
533 554
534 2063
535 1598
536 844
537 2530
538 320
539 1648
540 1644
541 958
542 2170
543 2016
544 1350
545 1356
546 214
547 1636
548 2723
549 2365
550 2341
551 595
552 1424
553 2227
554 1064
555 2877
556 2623
557 1308
558 917
559 1784
560 1960
561 507
562 319
563 2759
564 1725
565 2163
566 869
567 525
568 157
569 52
570 2271
571 802
572 833
573 1845
574 2768
575 2648
576 900
577 2404
578 2225
579 168
580 2587
581 2635
582 1047
583 364
584 2947
585 1494
586 464
587 1278
588 1245
589 1539
590 1343
591 1979
592 151
593 2717
594 224
595 1095
596 211
597 2697
598 2111
599 581
600 82
601 1467
602 1768
603 2333
604 2052
605 2477
606 2830
607 1845
608 436
609 1556
610 661
611 2842
612 1068
613 2034
614 1024
615 2304
616 1094
617 1770
618 1792
619 2041
620 2375
621 1551
622 2095
623 450
624 526
625 2076
626 247
627 60
628 2500
629 2369
630 1185
631 496
632 2936
633 1587
634 1244
635 1875
636 761
637 355
638 1373
639 2174
640 2182
641 1895
642 2358
643 2407
644 1691
645 2846
646 54
647 2977
648 1313
649 2575
650 1283
651 1606
652 157
653 2791
654 499
655 1776
656 1566
657 2251
658 2144
659 1781
660 134
661 724
662 1369
663 2417
664 591
665 2287
666 2039
667 560
668 2867
669 1185
670 2601
671 2051
672 1284
673 1234
674 254
675 464
676 151
677 2836
678 1719
679 701
680 1567
681 1261
682 609
683 116
684 2476
685 1820
686 1208
687 2800
688 990
689 2964
690 1305
691 2084
692 1864
693 1495
694 1944
695 140
696 42
697 1712
698 2098
699 2556
700 2146
701 1424
702 1211
703 1230
704 2343
705 2904
706 1351
707 611
708 411
709 233
710 149
711 365
712 2326
713 1482
714 2299
715 1429
716 665
717 720
718 1220
719 1113
720 447
721 2181
722 636
723 2298
724 1068
725 2539
726 468
727 2526
728 555
729 1885
730 2896
731 2870
732 2607
733 2754
734 974
735 678
736 937
737 233
738 2820
739 1505
740 2102
741 1654
742 585
743 1019
744 1933
745 605
746 1689
747 2324
748 2973
749 2774
750 2883
751 1043
752 1791
753 1070
754 9
755 1842
756 2943
757 1519
758 157
759 2679
760 452
761 1848
762 513
763 1760
764 115
765 1133
766 823
767 2582
768 2907
769 2967
770 1508
771 2824
772 112
773 1744
774 2420
775 2333
776 1046
777 1381
778 1743
779 1512
780 1179
781 1365
782 1633
783 364
784 2964
785 83
786 2373
787 90
788 2381
789 1590
790 651
791 2791
792 1632
793 974
794 2622
795 693
796 88
797 1885
798 440
799 1121
800 1857
801 779
802 2240
803 636
804 1364
805 2941
806 1190
807 2129
808 1203
809 2592
810 112
811 1955
812 1508
813 1145
814 1164
815 1961
816 459
817 1505
818 2485
819 2803
820 737
821 2441
822 1783
823 1512
824 126
825 1199
826 1733
827 1454
828 1552
829 503
830 1196
831 417
832 1320
833 1723
834 2253
835 1383

