881 14
0 446
1 1364
2 2194
3 1853
4 2621
5 663
6 2325
7 197
8 188
9 828
10 2620
11 1419
12 2328
13 350
14 790
15 296
16 1530
17 2239
18 2007
19 2425
20 2977
21 873
22 683
23 1760
24 293
25 1239
26 2417
27 1326
28 1974
29 2897
30 2194
31 323
32 790
33 1084
34 2817
35 592
36 269
37 2355
38 1867
39 918
40 2419
41 2179
42 2815
43 1197
44 448
45 919
46 320
47 54
48 744
49 1741
50 2839
51 2679
52 2012
53 813
54 50
55 453
56 705
57 1523
58 2646
59 705
60 1423
61 915
62 2133
63 777
64 968
65 1135
66 616
67 909
68 1078
69 2385
70 1420
71 610
72 1810
73 2042
74 2671
75 2411
76 2814
77 1539
78 371
79 1688
80 1280
81 264
82 522
83 1577
84 523
85 1679
86 2791
87 2767
88 2165
89 1362
90 67
91 1292
92 2795
93 854
94 2904
95 1039
96 1133
97 2240
98 937
99 39
100 1880
101 2335
102 2357
103 1277
104 1398
105 2660
106 1041
107 2064
108 1612
109 1295
110 744
111 2129
112 1392
113 1461
114 2001
115 2734
116 1993
117 2803
118 149
119 161
120 2282
121 2742
122 2396
123 2111
124 2816
125 683
126 779
127 1980
128 2217
129 929
130 2749
131 2148
132 1491
133 869
134 1592
135 967
136 1113
137 569
138 2784
139 2932
140 744
141 94
142 660
143 404
144 1733
145 2470
146 827
147 774
148 967
149 1569
150 27
151 1714
152 1238
153 303
154 2676
155 2035
156 1616
157 1662
158 2337
159 2638
160 2010
161 2554
162 2709
163 1726
164 17
165 502
166 1834
167 2645
168 110
169 2607
170 113
171 1546
172 506
173 792
174 1450
175 1121
176 1973
177 668
178 655
179 1935
180 903
181 2775
182 2107
183 1976
184 1198
185 564
186 2950
187 972
188 690
189 1643
190 260
191 2088
192 1320
193 617
194 1796
195 340
196 2357
197 842
198 1844
199 1378
200 534
201 2813
202 85
203 2021
204 1244
205 963
206 1769
207 2989
208 1588
209 1427
210 19
211 19
212 2802
213 1305
214 2944
215 602
216 2409
217 2826
218 1542
219 232
220 124
221 1920
222 1151
223 2991
224 1567
225 1281
226 1976
227 364
228 798
229 1867
230 1253
231 470
232 444
233 1118
234 84
235 892
236 1759
237 2607
238 1388
239 609
240 2978
241 1207
242 1104
243 1051
244 506
245 1077
246 2401
247 333
248 470
249 448
250 581
251 2996
252 52
253 1133
254 1916
255 352
256 1154
257 2378
258 1236
259 2047
260 154
261 292
262 409
263 2962
264 862
265 1862
266 853
267 1620
268 573
269 1501
270 486
271 1357
272 2755
273 1727
274 97
275 2599
276 1188
277 1229
278 50
279 522
280 1729
281 1819
282 2990
283 1864
284 2402
285 1777
286 1810
287 2141
288 2082
289 2771
290 45
291 2133
292 305
293 919
294 2135
295 2311
296 1529
297 1711
298 885
299 2681
300 1663
301 2313
302 776
303 2414
304 1058
305 413
306 2188
307 169
308 1854
309 773
310 1951
311 2168
312 1057
313 2992
314 1888
315 1480
316 2951
317 364
318 1183
319 323
320 2322
321 1329
322 1965
323 2032
324 1097
325 233
326 1665
327 408
328 2263
329 358
330 2111
331 854
332 2083
333 1612
334 1893
335 1018
336 2469
337 1864
338 2691
339 516
340 436
341 2971
342 314
343 699
344 2129
345 1803
346 1466
347 1751
348 1568
349 1201
350 1283
351 2815
352 2787
353 779
354 2366
355 1854
356 1697
357 1864
358 1626
359 1003
360 2744
361 1394
362 1479
363 1007
364 506
365 2476
366 2057
367 385
368 34
369 2184
370 997
371 2335
372 2774
373 172
374 1375
375 1579
376 2917
377 2874
378 1500
379 1782
380 852
381 2669
382 1494
383 1436
384 2659
385 2609
386 1023
387 1379
388 2591
389 1975
390 1494
391 1126
392 1186
393 2808
394 2948
395 1972
396 476
397 1574
398 2269
399 2091
400 1700
401 1968
402 8
403 2319
404 600
405 2338
406 1826
407 592
408 2180
409 2705
410 2221
411 636
412 952
413 434
414 1841
415 1582
416 360
417 1638
418 2238
419 2855
420 2526
421 2243
422 79
423 1861
424 1370
425 1284
426 57
427 1989
428 541
429 2486
430 1171
431 131
432 2124
433 1330
434 1853
435 1748
436 1602
437 907
438 1620
439 1350
440 2602
441 767
442 1638
443 2397
444 2899
445 2781
446 1947
447 2608
448 522
449 1422
450 166
451 1376
452 1548
453 3000
454 286
455 2674
456 30
457 1403
458 2572
459 57
460 1776
461 2721
462 986
463 1231
464 182
465 1786
466 455
467 1196
468 1658
469 1043
470 420
471 290
472 1907
473 1918
474 617
475 2767
476 2356
477 61
478 2359
479 1635
480 137
481 1719
482 2516
483 1490
484 1157
485 1068
486 1022
487 662
488 211
489 195
490 2398
491 2250
492 986
493 473
494 623
495 1110
496 2957
497 733
498 2356
499 768
500 359
501 2951
502 1689
503 1080
504 2097
505 2260
506 1624
507 202
508 1072
509 89
510 2128
511 1248
512 1914
513 152
514 726
515 2111
516 1745
517 1508
518 589
519 90
520 1473
521 2079
522 418
523 2175
524 2888
525 1319
526 1713
527 145
528 2945
529 2640
530 1874
531 1728
532 1982
533 2938
534 2601
535 1184
536 2426
537 2399
538 829
539 882
540 631
541 1443
542 157
543 333
544 1690
545 1483
546 1813
547 2780
548 2220
549 2734
550 2187
551 2527
552 162
553 63
554 1184
555 2684
556 1605
557 2158
558 2572
559 1243
560 1458
561 1627
562 175
563 1495
564 565
565 2599
566 2899
567 1471
568 693
569 1411
570 723
571 877
572 2972
573 777
574 2068
575 1386
576 23
577 1068
578 1852
579 1397
580 2990
581 1461
582 456
583 2041
584 1926
585 2083
586 1578
587 1429
588 427
589 487
590 228
591 1205
592 835
593 1582
594 971
595 2491
596 2501
597 1054
598 2732
599 920
600 1110
601 280
602 1418
603 19
604 1810
605 241
606 1813
607 2818
608 598
609 1182
610 2306
611 1650
612 597
613 2857
614 2312
615 339
616 1853
617 2558
618 546
619 1930
620 323
621 1989
622 2860
623 2275
624 1257
625 515
626 1751
627 751
628 2234
629 864
630 2163
631 18
632 308
633 759
634 769
635 1446
636 2075
637 1287
638 1661
639 1359
640 2793
641 2671
642 1012
643 2965
644 78
645 2729
646 1243
647 2962
648 2440
649 473
650 2208
651 2328
652 102
653 2883
654 1016
655 188
656 614
657 345
658 2495
659 2810
660 1914
661 2393
662 2980
663 2260
664 1646
665 2699
666 1710
667 2420
668 1196
669 1542
670 2883
671 395
672 2032
673 403
674 2999
675 815
676 2148
677 2460
678 726
679 116
680 903
681 338
682 2439
683 1202
684 1403
685 2073
686 2022
687 2069
688 981
689 1941
690 1271
691 976
692 1992
693 2736
694 1927
695 2569
696 1677
697 2860
698 698
699 2059
700 404
701 557
702 317
703 2460
704 1244
705 1169
706 2506
707 2658
708 2694
709 1485
710 1445
711 2520
712 1377
713 2058
714 2955
715 445
716 699
717 938
718 2350
719 562
720 1500
721 1218
722 2661
723 1983
724 137
725 783
726 2032
727 2284
728 163
729 157
730 21
731 2599
732 1879
733 1279
734 423
735 1206
736 2362
737 2968
738 786
739 381
740 1385
741 799
742 881
743 717
744 2917
745 2530
746 2262
747 1412
748 2906
749 1137
750 582
751 2963
752 2227
753 1886
754 1812
755 1523
756 65
757 2738
758 348
759 2958
760 1488
761 2116
762 289
763 692
764 342
765 230
766 2345
767 975
768 180
769 426
770 614
771 481
772 208
773 2417
774 982
775 1860
776 292
777 2208
778 2282
779 2505
780 1587
781 1367
782 977
783 1865
784 1970
785 2909
786 2381
787 1346
788 2557
789 1670
790 813
791 2540
792 1206
793 2866
794 1717
795 1331
796 2771
797 1915
798 2779
799 1232
800 1005
801 534
802 792
803 1959
804 567
805 1611
806 2848
807 2279
808 2390
809 1808
810 1097
811 2976
812 1955
813 2609
814 1068
815 146
816 1605
817 2861
818 2737
819 557
820 306
821 2418
822 1182
823 2605
824 1864
825 2848
826 163
827 1603
828 1098
829 1491
830 94
831 1376
832 2179
833 1501
834 2372
835 2889
836 2395
837 1945
838 2378
839 1718
840 2731
841 2974
842 2617
843 166
844 345
845 2598
846 117
847 1704
848 1337
849 848
850 1467
851 1855
852 1336
853 1292
854 1621
855 1138
856 2163
857 2844
858 2873
859 2722
860 2728
861 1750
862 1161
863 1969
864 67
865 984
866 922
867 286
868 2496
869 2023
870 2776
871 1038
872 752
873 972
874 1198
875 578
876 2133
877 2431
878 1433
879 2546
880 19

