269 70
0 735
1 1901
2 2285
3 1866
4 1479
5 2501
6 1109
7 1479
8 1709
9 799
10 1526
11 1996
12 635
13 312
14 2539
15 1889
16 1106
17 2801
18 1239
19 743
20 1828
21 2612
22 475
23 1870
24 1220
25 1719
26 1817
27 1776
28 672
29 773
30 683
31 2830
32 2248
33 940
34 534
35 2486
36 1856
37 2600
38 1874
39 1854
40 1677
41 931
42 1258
43 2821
44 2021
45 2661
46 2091
47 1641
48 843
49 191
50 1964
51 1588
52 1068
53 1419
54 2166
55 1866
56 2728
57 2383
58 1043
59 2814
60 903
61 2555
62 523
63 22
64 1509
65 966
66 2796
67 1782
68 2346
69 1036
70 993
71 1460
72 72
73 2908
74 1315
75 1746
76 2842
77 1265
78 980
79 2324
80 1325
81 2083
82 223
83 2768
84 721
85 508
86 1043
87 1944
88 2845
89 1738
90 1380
91 413
92 2960
93 1912
94 392
95 1677
96 2118
97 177
98 1626
99 2106
100 2004
101 2719
102 1800
103 1743
104 368
105 473
106 2693
107 1995
108 910
109 1138
110 2699
111 1107
112 2634
113 1360
114 1995
115 2126
116 1233
117 359
118 1364
119 1557
120 1392
121 2751
122 65
123 1920
124 2365
125 1547
126 508
127 1551
128 583
129 2747
130 2132
131 720
132 1528
133 1372
134 954
135 1698
136 1242
137 1826
138 469
139 424
140 1227
141 2438
142 1153
143 2653
144 2479
145 2609
146 1810
147 2713
148 2629
149 2967
150 869
151 2727
152 1354
153 2168
154 1761
155 1272
156 2279
157 2692
158 600
159 2421
160 2099
161 2580
162 2461
163 351
164 337
165 467
166 103
167 787
168 750
169 2914
170 2967
171 597
172 1608
173 2095
174 682
175 2670
176 455
177 2572
178 2704
179 120
180 2114
181 53
182 833
183 1810
184 2963
185 2799
186 1868
187 466
188 1681
189 553
190 1492
191 2661
192 210
193 1779
194 211
195 815
196 593
197 2274
198 2333
199 2050
200 902
201 1559
202 733
203 1302
204 616
205 2743
206 2096
207 1149
208 2324
209 2879
210 2376
211 2827
212 1635
213 892
214 2747
215 267
216 1023
217 370
218 908
219 2983
220 1680
221 1049
222 355
223 2369
224 858
225 1834
226 2699
227 1042
228 1672
229 487
230 2984
231 1619
232 2807
233 2449
234 45
235 905
236 2424
237 853
238 659
239 479
240 532
241 1340
242 538
243 289
244 2306
245 2029
246 2192
247 199
248 798
249 1176
250 2941
251 968
252 2902
253 2905
254 469
255 1475
256 886
257 969
258 2240
259 2761
260 1449
261 996
262 2279
263 1472
264 310
265 218
266 1295
267 1451
268 608

