251 10
0 393
1 962
2 2672
3 293
4 623
5 1796
6 604
7 1711
8 1334
9 2673
10 2794
11 575
12 509
13 2300
14 2034
15 1090
16 2361
17 498
18 1830
19 997
20 930
21 2940
22 2307
23 2434
24 441
25 160
26 989
27 206
28 1342
29 624
30 2959
31 1554
32 1639
33 2959
34 2720
35 898
36 2330
37 686
38 1839
39 1099
40 1731
41 1386
42 50
43 1643
44 1140
45 2838
46 859
47 2077
48 892
49 569
50 360
51 1303
52 1030
53 388
54 1895
55 1138
56 2901
57 855
58 1390
59 894
60 2307
61 521
62 2248
63 2180
64 2170
65 204
66 361
67 1782
68 374
69 637
70 761
71 2713
72 1510
73 472
74 1247
75 1807
76 478
77 2977
78 2705
79 605
80 2093
81 2995
82 2862
83 2026
84 1142
85 936
86 649
87 1483
88 277
89 1029
90 1560
91 2171
92 2645
93 2865
94 2748
95 418
96 955
97 2804
98 922
99 1098
100 2553
101 1781
102 1090
103 265
104 1091
105 2740
106 2184
107 777
108 2978
109 2695
110 2577
111 1721
112 1645
113 2692
114 228
115 2927
116 8
117 2129
118 1230
119 1219
120 449
121 1299
122 212
123 1757
124 2985
125 1398
126 914
127 1302
128 247
129 1711
130 1219
131 2906
132 165
133 2567
134 727
135 734
136 1175
137 1250
138 274
139 580
140 541
141 366
142 2005
143 2743
144 2545
145 2251
146 2322
147 2754
148 1514
149 2151
150 1321
151 1711
152 1091
153 2150
154 2843
155 1022
156 748
157 941
158 1858
159 853
160 1139
161 2037
162 803
163 1269
164 1021
165 1565
166 993
167 1662
168 1188
169 2714
170 81
171 1688
172 2744
173 2097
174 1681
175 1988
176 2171
177 2292
178 2648
179 1389
180 138
181 2403
182 1775
183 960
184 830
185 417
186 2288
187 1297
188 2262
189 1199
190 1117
191 2372
192 194
193 2391
194 2206
195 2557
196 1115
197 2469
198 803
199 1653
200 1535
201 2690
202 1459
203 1187
204 671
205 2637
206 2954
207 2136
208 2412
209 110
210 2703
211 1472
212 2228
213 1792
214 2969
215 2572
216 2576
217 2480
218 1292
219 834
220 1830
221 2202
222 417
223 2567
224 2799
225 939
226 1837
227 2508
228 293
229 1833
230 465
231 6
232 408
233 272
234 1996
235 894
236 1246
237 1631
238 1957
239 1336
240 1580
241 901
242 1469
243 1175
244 2474
245 1835
246 2386
247 2464
248 890
249 2197
250 1415

