813 73
0 2898
1 782
2 2061
3 873
4 1092
5 202
6 1165
7 1598
8 513
9 634
10 281
11 2
12 1109
13 1952
14 1954
15 1887
16 1461
17 1141
18 2481
19 559
20 2371
21 2740
22 2976
23 718
24 1328
25 2291
26 614
27 403
28 1547
29 1914
30 2636
31 1830
32 1760
33 2495
34 861
35 686
36 1427
37 500
38 1539
39 2678
40 377
41 1192
42 2607
43 2794
44 1725
45 315
46 1544
47 955
48 1026
49 1484
50 887
51 431
52 2878
53 918
54 709
55 2191
56 2412
57 218
58 1668
59 544
60 2184
61 1618
62 91
63 111
64 22
65 601
66 2830
67 2562
68 389
69 726
70 2946
71 384
72 2868
73 2444
74 1266
75 1042
76 1582
77 2262
78 380
79 2290
80 1436
81 2994
82 172
83 3000
84 2553
85 1570
86 2620
87 895
88 1320
89 60
90 1717
91 2270
92 2821
93 741
94 81
95 2304
96 2096
97 886
98 316
99 1161
100 226
101 1646
102 328
103 228
104 2543
105 2597
106 1593
107 1679
108 712
109 555
110 2558
111 772
112 1258
113 875
114 1835
115 1018
116 735
117 1314
118 1270
119 887
120 892
121 977
122 2574
123 125
124 2569
125 1261
126 2296
127 2614
128 2682
129 106
130 367
131 369
132 860
133 587
134 272
135 1159
136 274
137 104
138 2884
139 1852
140 1300
141 1499
142 1875
143 2006
144 2384
145 130
146 907
147 65
148 400
149 20
150 1677
151 1035
152 1036
153 538
154 2518
155 1313
156 2317
157 1514
158 1397
159 1806
160 2344
161 191
162 1332
163 160
164 1834
165 1082
166 120
167 1445
168 177
169 1627
170 2451
171 1475
172 2424
173 971
174 1052
175 849
176 2011
177 2110
178 2475
179 409
180 47
181 2129
182 956
183 201
184 153
185 2443
186 429
187 2403
188 1047
189 1413
190 1028
191 1917
192 401
193 1759
194 1240
195 2600
196 431
197 1233
198 300
199 2233
200 703
201 2243
202 1309
203 1740
204 1008
205 1724
206 1555
207 1566
208 2064
209 2043
210 323
211 684
212 969
213 2623
214 1392
215 1768
216 381
217 2923
218 1128
219 419
220 400
221 1260
222 2301
223 883
224 598
225 1675
226 531
227 1204
228 1267
229 184
230 1773
231 1280
232 948
233 1714
234 1378
235 2990
236 446
237 2146
238 2851
239 375
240 2055
241 1519
242 2989
243 1726
244 1574
245 1623
246 1558
247 849
248 2751
249 1705
250 2651
251 336
252 1704
253 1934
254 1007
255 2131
256 172
257 1785
258 118
259 1342
260 2753
261 2957
262 2507
263 2914
264 1108
265 1888
266 2712
267 2317
268 1243
269 349
270 932
271 2868
272 1704
273 1605
274 2849
275 800
276 1639
277 1487
278 1357
279 1433
280 2234
281 1831
282 1350
283 2862
284 2375
285 1705
286 2866
287 1947
288 2149
289 1154
290 2017
291 2741
292 2693
293 735
294 961
295 1204
296 565
297 2842
298 1568
299 1030
300 2886
301 551
302 2618
303 460
304 1463
305 2345
306 2202
307 1742
308 2548
309 1680
310 454
311 2533
312 137
313 285
314 436
315 1178
316 2886
317 2303
318 1038
319 2559
320 633
321 1108
322 57
323 117
324 2351
325 1053
326 311
327 1085
328 1838
329 2358
330 722
331 1871
332 952
333 2284
334 2721
335 2291
336 2950
337 1494
338 1877
339 2625
340 1166
341 563
342 2338
343 2817
344 1456
345 2885
346 442
347 70
348 558
349 1587
350 1600
351 1364
352 1958
353 464
354 661
355 235
356 2102
357 1010
358 1504
359 1718
360 268
361 1064
362 157
363 82
364 2538
365 2146
366 587
367 1380
368 1898
369 1413
370 1535
371 341
372 2696
373 202
374 2050
375 1452
376 1293
377 1392
378 2420
379 2264
380 1353
381 207
382 933
383 78
384 401
385 2980
386 2576
387 579
388 1415
389 2452
390 1047
391 432
392 168
393 1803
394 100
395 730
396 589
397 1113
398 2782
399 620
400 125
401 1321
402 2906
403 2083
404 1521
405 486
406 2205
407 1327
408 2637
409 2534
410 899
411 1441
412 2552
413 2167
414 669
415 47
416 1052
417 1890
418 2930
419 2059
420 1471
421 2976
422 305
423 950
424 1973
425 2116
426 2519
427 1151
428 17
429 1232
430 1302
431 2669
432 2192
433 1258
434 595
435 610
436 322
437 297
438 305
439 45
440 1225
441 379
442 139
443 763
444 1829
445 2019
446 71
447 1496
448 2288
449 1129
450 674
451 588
452 1844
453 2226
454 796
455 1804
456 355
457 2379
458 2446
459 1954
460 438
461 2479
462 2182
463 825
464 1823
465 2391
466 179
467 1363
468 890
469 291
470 2632
471 2780
472 1670
473 1588
474 1930
475 1626
476 1107
477 2066
478 2029
479 315
480 124
481 2325
482 1941
483 2384
484 695
485 2705
486 1142
487 2126
488 1406
489 853
490 1662
491 64
492 129
493 1668
494 2237
495 2047
496 1146
497 152
498 2890
499 1034
500 727
501 403
502 2634
503 378
504 2515
505 2514
506 2380
507 1920
508 2310
509 831
510 1141
511 2946
512 1385
513 1502
514 121
515 1435
516 317
517 98
518 987
519 285
520 2158
521 339
522 2861
523 2510
524 2657
525 2211
526 48
527 1926
528 2024
529 2559
530 2932
531 2757
532 984
533 1886
534 2633
535 2601
536 2895
537 311
538 1202
539 2566
540 2123
541 1014
542 2402
543 2144
544 1017
545 626
546 194
547 665
548 426
549 2113
550 987
551 781
552 2899
553 1464
554 203
555 2150
556 647
557 321
558 2399
559 465
560 2880
561 40
562 2334
563 2261
564 128
565 1432
566 1330
567 2313
568 1603
569 2288
570 2895
571 1163
572 2391
573 2948
574 2578
575 1228
576 1156
577 531
578 1869
579 1028
580 2029
581 2852
582 84
583 1261
584 2545
585 2047
586 2352
587 525
588 1023
589 1306
590 2751
591 1488
592 23
593 343
594 143
595 2438
596 2302
597 2545
598 2231
599 343
600 2053
601 2781
602 2572
603 1379
604 2412
605 828
606 2316
607 554
608 2573
609 2660
610 2419
611 102
612 901
613 540
614 1037
615 2762
616 520
617 38
618 2626
619 2276
620 1733
621 1647
622 1412
623 674
624 2139
625 987
626 1065
627 1065
628 2858
629 5
630 1495
631 1071
632 1130
633 2533
634 2023
635 953
636 517
637 986
638 1696
639 302
640 44
641 1524
642 718
643 2257
644 1
645 2664
646 466
647 1039
648 632
649 1860
650 817
651 948
652 418
653 1379
654 1804
655 1539
656 2814
657 2703
658 1567
659 2750
660 2053
661 1263
662 497
663 2287
664 1777
665 2929
666 1929
667 944
668 301
669 181
670 2091
671 608
672 142
673 1128
674 1019
675 18
676 2860
677 2044
678 591
679 668
680 1635
681 2009
682 2886
683 151
684 2729
685 2462
686 1395
687 1677
688 2271
689 2865
690 2084
691 141
692 1853
693 1411
694 1822
695 2121
696 2874
697 321
698 1851
699 886
700 144
701 2874
702 2006
703 2346
704 481
705 2287
706 230
707 1813
708 745
709 2627
710 1747
711 2987
712 136
713 2918
714 2738
715 1668
716 164
717 239
718 101
719 2484
720 1068
721 1385
722 2902
723 198
724 2939
725 1302
726 1528
727 1769
728 711
729 240
730 1194
731 2911
732 2918
733 2924
734 1930
735 262
736 1024
737 523
738 2844
739 1322
740 2184
741 484
742 16
743 1929
744 1293
745 1261
746 2655
747 1916
748 1292
749 1381
750 2731
751 625
752 2277
753 1883
754 1364
755 686
756 201
757 1498
758 398
759 351
760 2819
761 2535
762 2182
763 495
764 1027
765 884
766 1530
767 2063
768 231
769 2886
770 279
771 88
772 2941
773 1900
774 1867
775 2224
776 2954
777 1420
778 155
779 1153
780 1487
781 2366
782 2981
783 2243
784 2695
785 1105
786 1448
787 494
788 2276
789 63
790 1502
791 1678
792 1748
793 849
794 965
795 1467
796 2864
797 1669
798 2039
799 2991
800 1003
801 553
802 2451
803 1486
804 2895
805 224
806 1907
807 913
808 165
809 2114
810 2134
811 2705
812 1438

