750 98
0 368
1 1218
2 60
3 2363
4 2102
5 1114
6 1302
7 1894
8 832
9 2034
10 607
11 962
12 1178
13 281
14 480
15 1669
16 135
17 532
18 1931
19 642
20 2038
21 723
22 2890
23 2302
24 1180
25 351
26 678
27 94
28 2465
29 1395
30 1957
31 558
32 926
33 2970
34 98
35 376
36 2466
37 2874
38 186
39 2585
40 1118
41 2209
42 1472
43 2549
44 1733
45 761
46 2260
47 238
48 2515
49 2885
50 2861
51 2970
52 803
53 1109
54 2853
55 1326
56 1054
57 2235
58 1740
59 2611
60 1151
61 2686
62 1922
63 389
64 32
65 1791
66 1539
67 2732
68 95
69 2385
70 777
71 2765
72 2090
73 2528
74 319
75 540
76 2026
77 2600
78 1288
79 1236
80 1232
81 2111
82 2122
83 59
84 363
85 2730
86 1680
87 1366
88 425
89 645
90 1126
91 2959
92 741
93 1960
94 1682
95 954
96 2498
97 437
98 203
99 1386
100 1165
101 2870
102 2855
103 154
104 1174
105 390
106 906
107 775
108 25
109 1015
110 1314
111 2076
112 721
113 352
114 1124
115 2344
116 1714
117 1603
118 246
119 2910
120 802
121 842
122 2204
123 218
124 2040
125 1955
126 539
127 555
128 568
129 668
130 2171
131 713
132 410
133 2033
134 1963
135 1124
136 348
137 1268
138 2502
139 1419
140 0
141 2254
142 2057
143 2901
144 2690
145 1362
146 1747
147 267
148 1913
149 1046
150 766
151 1749
152 2234
153 2195
154 2877
155 367
156 1784
157 2707
158 1969
159 124
160 2328
161 2858
162 2677
163 1138
164 2090
165 641
166 1065
167 832
168 2553
169 1323
170 78
171 1582
172 1470
173 2326
174 617
175 1758
176 2647
177 2703
178 355
179 200
180 2439
181 2008
182 2255
183 262
184 1893
185 973
186 2512
187 1646
188 2795
189 139
190 2560
191 83
192 1019
193 2731
194 2972
195 852
196 241
197 1382
198 2338
199 2525
200 0
201 902
202 140
203 65
204 2936
205 1402
206 129
207 1008
208 83
209 381
210 2624
211 1785
212 2926
213 2863
214 2158
215 311
216 294
217 628
218 2588
219 1447
220 400
221 1448
222 2711
223 1624
224 1137
225 238
226 1782
227 2580
228 2870
229 2766
230 2619
231 838
232 78
233 102
234 632
235 2429
236 1280
237 2863
238 1841
239 587
240 699
241 285
242 1921
243 2504
244 2516
245 1634
246 702
247 900
248 1250
249 1435
250 985
251 1712
252 1739
253 2693
254 2059
255 322
256 1693
257 1418
258 565
259 1409
260 2748
261 249
262 989
263 1087
264 2938
265 2663
266 1983
267 1829
268 2778
269 968
270 2130
271 1169
272 187
273 1865
274 1916
275 1676
276 1629
277 2436
278 1588
279 688
280 155
281 2441
282 971
283 1472
284 1185
285 885
286 1719
287 1604
288 748
289 2098
290 61
291 115
292 942
293 1708
294 1434
295 2750
296 2600
297 863
298 2121
299 2243
300 1753
301 2412
302 2421
303 623
304 2170
305 1816
306 807
307 1009
308 2028
309 1469
310 2449
311 660
312 2705
313 1611
314 851
315 449
316 1742
317 1701
318 1537
319 1601
320 2588
321 1522
322 1427
323 1172
324 1253
325 2467
326 270
327 1538
328 258
329 2600
330 1709
331 1679
332 1890
333 1345
334 1087
335 1278
336 1531
337 2570
338 409
339 1093
340 1052
341 320
342 1750
343 2774
344 2737
345 764
346 38
347 586
348 1577
349 1776
350 400
351 1126
352 2171
353 2331
354 667
355 2886
356 1849
357 2003
358 1260
359 1933
360 465
361 236
362 1180
363 2015
364 82
365 2902
366 2726
367 2322
368 707
369 110
370 506
371 706
372 1591
373 1980
374 744
375 157
376 2646
377 2375
378 1723
379 266
380 2570
381 1714
382 492
383 861
384 1045
385 693
386 784
387 344
388 501
389 879
390 2881
391 1052
392 1271
393 2737
394 86
395 1715
396 1861
397 1806
398 2733
399 1908
400 2791
401 1918
402 265
403 1945
404 2999
405 2704
406 646
407 263
408 842
409 907
410 2039
411 1770
412 301
413 2029
414 134
415 227
416 139
417 1405
418 168
419 986
420 1636
421 2744
422 1354
423 504
424 411
425 995
426 386
427 407
428 1002
429 1873
430 2970
431 2229
432 677
433 1779
434 2256
435 1683
436 452
437 1877
438 1195
439 2872
440 1287
441 1026
442 1920
443 1513
444 1836
445 736
446 2897
447 1813
448 2215
449 215
450 706
451 1638
452 802
453 152
454 2734
455 1683
456 2113
457 2108
458 2711
459 1976
460 1607
461 2855
462 1435
463 1160
464 1217
465 2764
466 2500
467 1603
468 1766
469 2353
470 696
471 723
472 1718
473 2289
474 1316
475 2301
476 1655
477 824
478 2331
479 595
480 497
481 369
482 1920
483 1306
484 797
485 1060
486 1822
487 2224
488 2446
489 2316
490 1544
491 2012
492 2715
493 2652
494 2109
495 2857
496 2195
497 2976
498 1921
499 1193
500 815
501 1164
502 619
503 2086
504 1680
505 530
506 300
507 2336
508 336
509 498
510 2459
511 575
512 1847
513 746
514 2763
515 1150
516 2979
517 1475
518 2133
519 457
520 1623
521 1955
522 1574
523 130
524 983
525 323
526 2766
527 2823
528 2291
529 1611
530 278
531 2932
532 2513
533 2621
534 1758
535 1203
536 2069
537 395
538 666
539 320
540 2407
541 2067
542 621
543 1136
544 2803
545 51
546 2917
547 2945
548 692
549 925
550 11
551 1614
552 259
553 874
554 359
555 971
556 2791
557 2728
558 1655
559 1152
560 1995
561 1747
562 1376
563 1109
564 1899
565 2053
566 655
567 2289
568 743
569 2906
570 2876
571 1555
572 2038
573 2108
574 2162
575 240
576 2842
577 170
578 1365
579 2378
580 881
581 2135
582 1621
583 682
584 437
585 508
586 2636
587 2489
588 1008
589 127
590 1253
591 399
592 269
593 1923
594 1382
595 1893
596 2570
597 921
598 2151
599 2789
600 1368
601 2418
602 2568
603 719
604 1573
605 1067
606 231
607 1974
608 1395
609 1029
610 2567
611 134
612 766
613 1759
614 2340
615 1713
616 2600
617 1187
618 1249
619 344
620 515
621 1705
622 2714
623 1087
624 972
625 502
626 623
627 1471
628 133
629 1933
630 814
631 2020
632 1999
633 64
634 706
635 1265
636 1145
637 2873
638 1623
639 242
640 1124
641 550
642 895
643 1100
644 161
645 1329
646 2562
647 1687
648 2946
649 707
650 857
651 1419
652 1346
653 910
654 1291
655 570
656 1766
657 613
658 1589
659 1963
660 1457
661 1954
662 473
663 48
664 1360
665 2478
666 2744
667 159
668 1251
669 1044
670 1171
671 2416
672 1261
673 2668
674 1494
675 1634
676 1690
677 1838
678 2471
679 2193
680 1534
681 2519
682 1249
683 1209
684 2627
685 1887
686 2974
687 622
688 1188
689 1406
690 2449
691 959
692 1693
693 1645
694 968
695 231
696 2505
697 2010
698 903
699 2380
700 2971
701 790
702 2508
703 2234
704 649
705 503
706 452
707 1636
708 2945
709 1894
710 2748
711 944
712 429
713 1827
714 1819
715 2934
716 1636
717 1130
718 1398
719 603
720 2968
721 1874
722 356
723 1851
724 2184
725 1176
726 1760
727 1811
728 2328
729 2585
730 1979
731 1369
732 338
733 20
734 736
735 2352
736 600
737 758
738 2298
739 97
740 880
741 1893
742 2124
743 664
744 732
745 599
746 542
747 2307
748 2790
749 915

