874 10
0 728
1 2581
2 1892
3 2166
4 2262
5 1125
6 110
7 212
8 766
9 2060
10 2375
11 2794
12 2642
13 1599
14 1596
15 1259
16 1055
17 2948
18 263
19 979
20 655
21 2454
22 1056
23 157
24 1576
25 2621
26 2239
27 893
28 847
29 2246
30 2503
31 1614
32 2935
33 81
34 1988
35 346
36 583
37 491
38 1161
39 17
40 2931
41 2408
42 1398
43 2705
44 1102
45 2497
46 914
47 2616
48 2886
49 34
50 22
51 1328
52 2240
53 425
54 275
55 1694
56 992
57 31
58 499
59 2097
60 289
61 234
62 2512
63 777
64 1939
65 2271
66 1317
67 483
68 240
69 2608
70 1231
71 1556
72 2290
73 2323
74 2426
75 836
76 790
77 1201
78 460
79 216
80 2632
81 1678
82 218
83 623
84 1429
85 1248
86 1347
87 2452
88 470
89 395
90 386
91 2982
92 2462
93 2075
94 537
95 1025
96 2217
97 276
98 513
99 276
100 2133
101 1872
102 1801
103 76
104 1605
105 2938
106 1755
107 1407
108 1069
109 1172
110 346
111 51
112 2413
113 1043
114 1735
115 2281
116 564
117 1263
118 2080
119 2371
120 2155
121 46
122 1856
123 353
124 1984
125 367
126 2356
127 1210
128 754
129 1729
130 1990
131 2051
132 130
133 20
134 1456
135 2653
136 393
137 582
138 2430
139 2737
140 942
141 2412
142 2347
143 588
144 2599
145 737
146 908
147 2876
148 1591
149 399
150 795
151 1993
152 1972
153 450
154 1127
155 2187
156 124
157 92
158 693
159 576
160 40
161 2374
162 2178
163 391
164 2972
165 2023
166 1754
167 2897
168 1964
169 1928
170 2625
171 2858
172 1796
173 796
174 2383
175 196
176 2024
177 1695
178 956
179 1679
180 814
181 1789
182 1789
183 697
184 2477
185 946
186 2604
187 2540
188 269
189 2859
190 2882
191 1015
192 2472
193 1082
194 2400
195 2027
196 2405
197 766
198 184
199 1448
200 2696
201 270
202 2065
203 1933
204 182
205 1932
206 304
207 508
208 2740
209 2314
210 1611
211 128
212 1757
213 2035
214 321
215 978
216 1260
217 955
218 1527
219 9
220 783
221 1349
222 814
223 930
224 1757
225 209
226 2273
227 2264
228 2638
229 1850
230 714
231 379
232 2003
233 2213
234 38
235 1361
236 2886
237 1692
238 912
239 2037
240 1967
241 1663
242 2565
243 2311
244 931
245 2874
246 1862
247 1107
248 744
249 481
250 2199
251 2066
252 361
253 287
254 27
255 318
256 29
257 1944
258 2005
259 1600
260 1098
261 187
262 879
263 873
264 695
265 2664
266 674
267 672
268 526
269 1678
270 141
271 731
272 1487
273 1453
274 2121
275 2484
276 509
277 2341
278 704
279 1029
280 1417
281 145
282 668
283 2805
284 2713
285 596
286 2884
287 566
288 2771
289 2788
290 1136
291 647
292 874
293 92
294 2242
295 2425
296 933
297 2034
298 1143
299 2951
300 1439
301 1639
302 2526
303 1815
304 223
305 1729
306 1198
307 2214
308 1920
309 2735
310 2609
311 56
312 416
313 1216
314 2091
315 914
316 2898
317 213
318 542
319 972
320 459
321 2037
322 2848
323 1443
324 2009
325 256
326 282
327 2991
328 2590
329 339
330 303
331 270
332 1511
333 2921
334 1471
335 1829
336 306
337 291
338 2708
339 1290
340 2467
341 384
342 2174
343 1460
344 160
345 1757
346 1768
347 2361
348 1694
349 1804
350 989
351 432
352 1674
353 2223
354 1757
355 1923
356 134
357 2117
358 519
359 2364
360 2505
361 1104
362 2707
363 357
364 1794
365 2167
366 35
367 585
368 2733
369 1335
370 2165
371 2348
372 2056
373 2810
374 707
375 1082
376 254
377 1585
378 2026
379 432
380 80
381 1525
382 1621
383 2621
384 373
385 1940
386 1653
387 194
388 2597
389 2321
390 2980
391 398
392 556
393 754
394 1678
395 2093
396 1022
397 845
398 896
399 2456
400 988
401 629
402 192
403 2069
404 213
405 2235
406 2863
407 379
408 2953
409 529
410 162
411 2096
412 1456
413 2126
414 429
415 2909
416 930
417 2350
418 1454
419 216
420 2328
421 1661
422 2911
423 2406
424 2238
425 2861
426 1365
427 2611
428 2679
429 2510
430 576
431 2490
432 1207
433 1419
434 2946
435 2991
436 1488
437 372
438 1257
439 604
440 2449
441 1740
442 2892
443 368
444 1533
445 508
446 386
447 1539
448 782
449 2660
450 2563
451 1893
452 974
453 1568
454 353
455 1716
456 1433
457 443
458 2342
459 719
460 1515
461 2881
462 2173
463 783
464 1542
465 235
466 2421
467 2660
468 1876
469 1940
470 2467
471 1694
472 824
473 1859
474 867
475 2944
476 2672
477 807
478 1950
479 2905
480 1156
481 103
482 2713
483 1597
484 2810
485 2429
486 58
487 1583
488 2564
489 1942
490 2751
491 1467
492 2861
493 2149
494 1629
495 798
496 2183
497 2150
498 2193
499 295
500 1913
501 941
502 2986
503 2915
504 729
505 2849
506 976
507 2117
508 2266
509 814
510 28
511 2241
512 1605
513 1957
514 2519
515 2675
516 2003
517 1067
518 89
519 2228
520 229
521 2728
522 2058
523 2959
524 1293
525 956
526 2239
527 738
528 2793
529 2942
530 984
531 1001
532 694
533 769
534 1530
535 567
536 2649
537 588
538 1546
539 2939
540 2770
541 2957
542 2712
543 1510
544 228
545 1557
546 138
547 725
548 1403
549 1823
550 817
551 1925
552 1593
553 1087
554 185
555 1902
556 2968
557 2781
558 2412
559 2705
560 264
561 1514
562 531
563 1518
564 2976
565 304
566 15
567 1808
568 2319
569 2136
570 2365
571 1874
572 2290
573 3
574 1429
575 1891
576 2922
577 2675
578 2778
579 2354
580 1382
581 1438
582 2495
583 167
584 690
585 796
586 1385
587 595
588 1136
589 887
590 1536
591 2645
592 469
593 108
594 1279
595 1178
596 2975
597 1481
598 1278
599 1255
600 131
601 1952
602 984
603 1823
604 1354
605 2750
606 2257
607 35
608 1352
609 1179
610 34
611 2774
612 1697
613 144
614 304
615 2679
616 2068
617 2668
618 2303
619 1697
620 1204
621 918
622 25
623 1984
624 86
625 1544
626 2705
627 1214
628 2837
629 2081
630 2916
631 973
632 2110
633 1209
634 430
635 1107
636 2036
637 1723
638 80
639 2547
640 1994
641 401
642 1909
643 129
644 1771
645 1287
646 1318
647 2786
648 275
649 2154
650 2895
651 1003
652 2005
653 2959
654 2523
655 1661
656 1412
657 608
658 2602
659 2052
660 1466
661 35
662 695
663 1867
664 2286
665 1564
666 846
667 2245
668 2029
669 1021
670 434
671 1303
672 2956
673 874
674 250
675 1988
676 44
677 2633
678 995
679 824
680 2939
681 1184
682 1528
683 962
684 150
685 914
686 2422
687 2792
688 218
689 1656
690 50
691 1813
692 2148
693 876
694 1811
695 339
696 1375
697 294
698 456
699 1402
700 898
701 2631
702 2751
703 1617
704 965
705 10
706 2233
707 507
708 2515
709 1249
710 2281
711 2265
712 683
713 2476
714 2085
715 2358
716 1563
717 2433
718 1383
719 2854
720 2889
721 1242
722 547
723 1398
724 484
725 442
726 819
727 2245
728 84
729 1607
730 909
731 1937
732 2699
733 2743
734 1472
735 2897
736 553
737 2407
738 2156
739 2768
740 513
741 967
742 373
743 2652
744 954
745 661
746 916
747 867
748 584
749 2761
750 1551
751 2594
752 520
753 1677
754 1030
755 1416
756 2303
757 2438
758 500
759 523
760 2300
761 1039
762 2905
763 2731
764 929
765 433
766 1255
767 1328
768 1881
769 1546
770 171
771 76
772 1543
773 743
774 358
775 560
776 572
777 191
778 2522
779 1680
780 1239
781 2118
782 1333
783 2778
784 2578
785 1869
786 551
787 802
788 1237
789 186
790 1353
791 2728
792 2630
793 1454
794 1784
795 466
796 2027
797 2653
798 810
799 1562
800 2312
801 456
802 1266
803 1502
804 2427
805 370
806 1996
807 2429
808 1923
809 633
810 81
811 2606
812 763
813 1866
814 2340
815 2558
816 2154
817 512
818 918
819 2687
820 374
821 2676
822 1767
823 115
824 528
825 1725
826 2644
827 1623
828 1352
829 302
830 1939
831 2182
832 1328
833 71
834 1003
835 1773
836 741
837 1753
838 1353
839 774
840 808
841 2957
842 999
843 1136
844 697
845 1066
846 2556
847 1365
848 667
849 2400
850 1719
851 2395
852 1062
853 569
854 683
855 67
856 2603
857 1854
858 1300
859 1408
860 2859
861 2136
862 158
863 1860
864 1010
865 1930
866 2504
867 1983
868 1647
869 105
870 2227
871 1696
872 2524
873 533

