442 99
0 1022
1 798
2 285
3 2457
4 2578
5 1971
6 887
7 2767
8 901
9 1965
10 2001
11 2640
12 915
13 2216
14 2669
15 1632
16 91
17 561
18 1826
19 2091
20 0
21 1075
22 1589
23 2306
24 1918
25 101
26 2378
27 863
28 1329
29 269
30 2883
31 162
32 459
33 1827
34 102
35 2837
36 1203
37 1272
38 854
39 1510
40 1128
41 2963
42 2986
43 1653
44 595
45 345
46 478
47 192
48 2149
49 2264
50 156
51 1628
52 465
53 557
54 1057
55 244
56 2333
57 2591
58 2651
59 2321
60 359
61 2906
62 1965
63 131
64 2417
65 54
66 2056
67 2314
68 905
69 556
70 1291
71 500
72 1450
73 814
74 982
75 776
76 2398
77 1454
78 861
79 181
80 1628
81 2786
82 794
83 1388
84 405
85 1403
86 2135
87 33
88 2832
89 2244
90 2826
91 1952
92 1165
93 125
94 1763
95 2501
96 102
97 2696
98 1433
99 1969
100 777
101 2347
102 2962
103 2738
104 1753
105 581
106 68
107 1964
108 2619
109 676
110 14
111 14
112 467
113 1848
114 2804
115 2979
116 484
117 2105
118 2643
119 1452
120 1883
121 2254
122 221
123 2265
124 473
125 561
126 2115
127 1927
128 589
129 705
130 2579
131 287
132 2294
133 2164
134 1605
135 2884
136 526
137 1719
138 2219
139 2881
140 342
141 2619
142 1139
143 1022
144 1326
145 1352
146 1054
147 124
148 1554
149 1324
150 2590
151 2590
152 107
153 2506
154 1984
155 55
156 2253
157 850
158 1978
159 1086
160 1503
161 1458
162 2678
163 912
164 1709
165 331
166 1521
167 2027
168 2616
169 719
170 1833
171 2845
172 1182
173 996
174 2854
175 984
176 1965
177 1265
178 681
179 2450
180 2189
181 110
182 2175
183 2724
184 605
185 617
186 1534
187 1696
188 157
189 1022
190 2551
191 2807
192 1661
193 1473
194 498
195 2515
196 444
197 2777
198 1999
199 2950
200 2961
201 2767
202 320
203 1346
204 378
205 1368
206 281
207 1180
208 112
209 537
210 1686
211 1287
212 1201
213 634
214 2559
215 1111
216 1938
217 1602
218 1189
219 832
220 1077
221 2454
222 1162
223 1312
224 1897
225 570
226 239
227 1046
228 151
229 2791
230 927
231 2795
232 2851
233 2435
234 482
235 1809
236 1141
237 2260
238 2076
239 78
240 698
241 1183
242 207
243 1420
244 2313
245 2143
246 369
247 1225
248 257
249 2928
250 216
251 1497
252 1645
253 2995
254 1113
255 949
256 193
257 308
258 1965
259 1443
260 2138
261 2854
262 893
263 1205
264 125
265 1286
266 1846
267 2631
268 2693
269 2776
270 2524
271 1499
272 2115
273 2956
274 313
275 2082
276 777
277 840
278 2460
279 1999
280 573
281 1878
282 259
283 2252
284 2266
285 2337
286 2920
287 2542
288 1695
289 1960
290 1998
291 165
292 2278
293 2187
294 918
295 1466
296 2849
297 1294
298 1081
299 2408
300 1685
301 97
302 948
303 2345
304 2330
305 88
306 1251
307 1341
308 2240
309 615
310 2270
311 1939
312 2434
313 1509
314 102
315 272
316 969
317 2215
318 172
319 1784
320 2070
321 2730
322 919
323 1577
324 579
325 383
326 498
327 917
328 776
329 1223
330 1990
331 1059
332 1177
333 131
334 70
335 2887
336 2860
337 331
338 1108
339 1145
340 2105
341 2962
342 506
343 1246
344 1819
345 2218
346 558
347 1654
348 1393
349 1173
350 1108
351 2906
352 586
353 266
354 2807
355 154
356 1274
357 2695
358 2596
359 2218
360 2374
361 2054
362 785
363 2671
364 1503
365 367
366 2140
367 2955
368 896
369 575
370 1042
371 560
372 120
373 1442
374 2438
375 2387
376 1448
377 1365
378 1974
379 654
380 1651
381 852
382 889
383 1027
384 60
385 1463
386 1347
387 2772
388 1273
389 658
390 1605
391 219
392 1979
393 361
394 2006
395 1842
396 1908
397 939
398 591
399 2963
400 371
401 2154
402 996
403 2486
404 2221
405 2883
406 2776
407 874
408 2699
409 1664
410 2961
411 135
412 294
413 222
414 100
415 642
416 2609
417 582
418 1311
419 722
420 1780
421 2685
422 2904
423 986
424 2122
425 2715
426 2980
427 435
428 1900
429 1854
430 944
431 267
432 2022
433 490
434 893
435 329
436 1820
437 2716
438 1814
439 66
440 1248
441 2618

