775 18
0 1520
1 946
2 2737
3 395
4 1584
5 583
6 2403
7 1698
8 2207
9 412
10 1481
11 2448
12 1510
13 156
14 154
15 1432
16 207
17 1766
18 809
19 1930
20 1316
21 807
22 2615
23 843
24 2471
25 2834
26 2444
27 583
28 2712
29 1300
30 2158
31 804
32 1328
33 2952
34 1133
35 2407
36 1120
37 1212
38 733
39 1046
40 1088
41 1683
42 1524
43 1738
44 55
45 2407
46 319
47 567
48 2297
49 2658
50 2008
51 329
52 2190
53 366
54 1775
55 560
56 2171
57 2210
58 2255
59 912
60 1387
61 947
62 1933
63 570
64 130
65 321
66 780
67 2805
68 844
69 666
70 318
71 2589
72 359
73 2100
74 453
75 1555
76 2217
77 364
78 1566
79 2595
80 175
81 2487
82 2974
83 2923
84 2603
85 2127
86 660
87 2026
88 1519
89 770
90 2375
91 2838
92 1024
93 2145
94 1935
95 2168
96 2343
97 2282
98 2820
99 2999
100 2947
101 1388
102 458
103 327
104 2585
105 675
106 1684
107 861
108 1589
109 358
110 2091
111 491
112 2172
113 1951
114 542
115 1117
116 1295
117 694
118 2791
119 2878
120 656
121 2117
122 371
123 2674
124 523
125 1051
126 1622
127 608
128 193
129 113
130 2295
131 2404
132 850
133 2592
134 163
135 1084
136 2528
137 2495
138 1205
139 1983
140 2959
141 2651
142 619
143 632
144 935
145 1889
146 1646
147 2965
148 2025
149 1379
150 1694
151 241
152 178
153 1561
154 1736
155 1168
156 1913
157 1313
158 1226
159 2609
160 1859
161 76
162 948
163 253
164 1411
165 2694
166 2941
167 1036
168 2907
169 1245
170 2521
171 769
172 1544
173 2118
174 1669
175 433
176 1372
177 51
178 335
179 1873
180 2784
181 213
182 775
183 2944
184 2515
185 982
186 383
187 1625
188 2662
189 962
190 2066
191 1966
192 971
193 2643
194 790
195 1829
196 1996
197 2443
198 2149
199 776
200 1558
201 2710
202 81
203 2675
204 131
205 1369
206 2715
207 22
208 1727
209 2612
210 49
211 2424
212 991
213 1931
214 2707
215 2820
216 2322
217 2670
218 1339
219 711
220 2488
221 751
222 8
223 1960
224 501
225 1082
226 1145
227 1574
228 73
229 1340
230 2634
231 1277
232 2246
233 2452
234 2142
235 1162
236 982
237 1133
238 1202
239 1333
240 197
241 444
242 549
243 1909
244 945
245 564
246 2481
247 264
248 1631
249 537
250 2336
251 1799
252 2935
253 2141
254 302
255 2863
256 928
257 1980
258 2875
259 2646
260 1942
261 2151
262 2373
263 1803
264 1555
265 2249
266 2902
267 164
268 1672
269 1412
270 936
271 2236
272 2624
273 1226
274 2030
275 897
276 2948
277 223
278 2207
279 743
280 2657
281 585
282 1661
283 752
284 1693
285 52
286 1727
287 2356
288 957
289 338
290 968
291 1346
292 1257
293 1549
294 571
295 58
296 2191
297 467
298 645
299 2057
300 1433
301 1075
302 1536
303 1648
304 812
305 2603
306 1130
307 2236
308 2326
309 999
310 1866
311 2011
312 2367
313 202
314 2582
315 354
316 204
317 1113
318 1036
319 683
320 2645
321 605
322 1512
323 1413
324 2847
325 1597
326 1808
327 1341
328 807
329 61
330 2834
331 2763
332 2009
333 750
334 483
335 1732
336 1668
337 679
338 1299
339 1094
340 1379
341 1049
342 1736
343 917
344 384
345 2812
346 1975
347 448
348 1185
349 1884
350 1856
351 2855
352 268
353 736
354 927
355 149
356 2022
357 2346
358 1982
359 1401
360 1445
361 2640
362 2400
363 1261
364 2536
365 200
366 1584
367 1959
368 2899
369 2413
370 1942
371 339
372 2823
373 736
374 320
375 538
376 375
377 1263
378 1867
379 62
380 2797
381 1369
382 1338
383 1252
384 2525
385 2065
386 1298
387 166
388 2146
389 561
390 1416
391 350
392 1094
393 2426
394 1452
395 2471
396 823
397 1392
398 2859
399 2106
400 1895
401 366
402 1441
403 2008
404 1523
405 616
406 2456
407 706
408 2549
409 368
410 2104
411 2322
412 2730
413 857
414 311
415 2792
416 229
417 1283
418 691
419 1394
420 1405
421 2473
422 2067
423 1272
424 2147
425 2051
426 1900
427 2943
428 1025
429 2104
430 2250
431 22
432 2973
433 1069
434 1278
435 404
436 1341
437 2387
438 1129
439 1761
440 2284
441 2301
442 1023
443 194
444 2654
445 604
446 258
447 244
448 222
449 2131
450 52
451 665
452 2606
453 2258
454 2912
455 2034
456 1177
457 1923
458 2167
459 211
460 54
461 1151
462 2747
463 127
464 841
465 2951
466 1773
467 877
468 872
469 1603
470 1852
471 329
472 969
473 292
474 1466
475 2857
476 91
477 364
478 1307
479 159
480 151
481 1144
482 1696
483 571
484 1763
485 1884
486 648
487 1979
488 1548
489 1375
490 740
491 2517
492 2622
493 2451
494 2579
495 2860
496 1372
497 81
498 2847
499 973
500 1300
501 1308
502 2141
503 1387
504 1460
505 1137
506 2873
507 526
508 887
509 748
510 1578
511 1968
512 980
513 360
514 1421
515 1605
516 317
517 2540
518 958
519 366
520 2662
521 973
522 498
523 401
524 2920
525 2455
526 1152
527 145
528 242
529 1474
530 448
531 974
532 470
533 2652
534 2829
535 2885
536 1755
537 1925
538 74
539 144
540 713
541 85
542 1128
543 2239
544 466
545 199
546 41
547 2151
548 952
549 706
550 995
551 1930
552 2416
553 1684
554 2312
555 895
556 2172
557 859
558 1914
559 2278
560 2307
561 1474
562 1880
563 947
564 65
565 1835
566 2245
567 555
568 2095
569 303
570 2818
571 1572
572 1989
573 2428
574 703
575 812
576 1190
577 1702
578 600
579 2008
580 2265
581 1825
582 74
583 1659
584 1508
585 1065
586 1221
587 2321
588 2401
589 1279
590 1779
591 2935
592 1120
593 1127
594 1317
595 601
596 889
597 2618
598 1099
599 915
600 1181
601 507
602 2452
603 1634
604 1620
605 1985
606 1253
607 63
608 1593
609 714
610 2829
611 1818
612 2420
613 1801
614 1372
615 1545
616 2434
617 609
618 270
619 924
620 1861
621 2486
622 2615
623 1386
624 976
625 661
626 1836
627 2284
628 595
629 982
630 1551
631 696
632 521
633 257
634 701
635 1320
636 972
637 1018
638 1283
639 1548
640 1000
641 1094
642 2463
643 598
644 1054
645 1869
646 1530
647 2478
648 689
649 651
650 2843
651 278
652 2123
653 2577
654 632
655 822
656 1912
657 546
658 339
659 1297
660 1181
661 1540
662 1260
663 604
664 23
665 2321
666 2305
667 2238
668 2219
669 2716
670 387
671 2760
672 1571
673 2545
674 2682
675 1980
676 56
677 587
678 1465
679 782
680 2017
681 2801
682 2026
683 2365
684 2577
685 1311
686 322
687 1605
688 1153
689 807
690 2265
691 1277
692 2378
693 679
694 2963
695 416
696 886
697 2195
698 2426
699 894
700 1061
701 2018
702 1713
703 1528
704 632
705 1412
706 2980
707 458
708 353
709 1076
710 2979
711 2333
712 2507
713 1538
714 314
715 360
716 2781
717 1126
718 1080
719 262
720 1276
721 1873
722 812
723 1694
724 2701
725 1357
726 2629
727 208
728 1085
729 292
730 1586
731 502
732 2365
733 1824
734 1097
735 2240
736 378
737 2055
738 56
739 1258
740 2779
741 2246
742 2695
743 2360
744 552
745 1831
746 911
747 836
748 2556
749 1462
750 1180
751 980
752 2676
753 1526
754 2642
755 1070
756 1581
757 1639
758 2417
759 1275
760 1910
761 138
762 1249
763 1080
764 2739
765 2665
766 2728
767 1770
768 153
769 156
770 2889
771 826
772 2363
773 1194
774 1297

