606 22
0 334
1 2781
2 724
3 888
4 929
5 1729
6 2636
7 914
8 1540
9 937
10 490
11 2443
12 838
13 1671
14 2858
15 1113
16 1697
17 1929
18 772
19 2645
20 2401
21 533
22 1882
23 1157
24 2400
25 1886
26 2811
27 2664
28 1123
29 699
30 514
31 2233
32 863
33 709
34 1320
35 2069
36 2791
37 1088
38 2631
39 1962
40 447
41 550
42 2590
43 836
44 1271
45 231
46 1310
47 1411
48 2875
49 1176
50 1937
51 1442
52 514
53 541
54 1574
55 325
56 905
57 630
58 437
59 2744
60 633
61 557
62 1856
63 595
64 1132
65 492
66 2527
67 2549
68 979
69 3000
70 1770
71 2620
72 2890
73 1088
74 1306
75 2852
76 2224
77 0
78 500
79 41
80 1877
81 2648
82 2615
83 2450
84 1621
85 1570
86 1085
87 2918
88 1039
89 2533
90 2607
91 569
92 2124
93 1909
94 818
95 1322
96 544
97 1149
98 751
99 1518
100 2506
101 2524
102 2235
103 1898
104 512
105 331
106 16
107 1824
108 675
109 2706
110 810
111 2955
112 2822
113 2287
114 2821
115 2922
116 1387
117 1447
118 2875
119 370
120 2344
121 146
122 1965
123 2306
124 2697
125 771
126 473
127 2723
128 287
129 719
130 2492
131 2488
132 2477
133 2
134 1029
135 2147
136 1248
137 2357
138 2033
139 81
140 460
141 468
142 2930
143 2306
144 2152
145 1016
146 1028
147 2550
148 782
149 2039
150 302
151 217
152 1689
153 2508
154 1281
155 1571
156 2599
157 2043
158 1148
159 1532
160 1347
161 2080
162 1067
163 2119
164 2924
165 2303
166 517
167 1165
168 1734
169 815
170 2412
171 1375
172 94
173 790
174 881
175 920
176 1192
177 2131
178 1037
179 2705
180 1245
181 1241
182 517
183 657
184 1606
185 1401
186 390
187 400
188 481
189 1226
190 1542
191 406
192 1729
193 2439
194 904
195 2969
196 2686
197 909
198 2605
199 2056
200 1301
201 1747
202 2319
203 362
204 258
205 1840
206 1148
207 1054
208 438
209 747
210 588
211 2439
212 630
213 2636
214 1607
215 2018
216 415
217 2817
218 2509
219 1167
220 447
221 655
222 1189
223 1674
224 1394
225 942
226 1686
227 2435
228 674
229 1214
230 2346
231 94
232 1399
233 2022
234 880
235 97
236 2693
237 2468
238 1230
239 1813
240 2357
241 2779
242 1933
243 493
244 1885
245 1975
246 1120
247 1755
248 661
249 2641
250 193
251 2041
252 753
253 2128
254 1198
255 2241
256 2354
257 115
258 2438
259 1741
260 496
261 1064
262 2594
263 1598
264 1267
265 2237
266 2057
267 1446
268 2055
269 1998
270 2866
271 2964
272 287
273 2690
274 241
275 1469
276 312
277 1124
278 2056
279 1386
280 1711
281 2299
282 2410
283 2999
284 2843
285 1661
286 708
287 1754
288 12
289 2453
290 1527
291 1152
292 2893
293 2636
294 2851
295 72
296 780
297 2202
298 2151
299 911
300 396
301 2435
302 1373
303 1218
304 1664
305 1200
306 1348
307 933
308 2657
309 2852
310 17
311 2015
312 15
313 1840
314 1717
315 1177
316 23
317 149
318 2325
319 202
320 2126
321 840
322 1205
323 1829
324 1492
325 1390
326 2571
327 612
328 2944
329 695
330 747
331 2073
332 2137
333 956
334 2602
335 165
336 2162
337 465
338 2550
339 1945
340 1854
341 966
342 1581
343 2250
344 80
345 1408
346 1233
347 1299
348 1583
349 2658
350 370
351 1174
352 2625
353 2614
354 2346
355 142
356 800
357 991
358 1124
359 631
360 155
361 947
362 1447
363 1552
364 392
365 439
366 257
367 531
368 460
369 2871
370 2333
371 129
372 2554
373 2649
374 2177
375 314
376 875
377 1277
378 1128
379 6
380 389
381 932
382 147
383 2392
384 2352
385 2453
386 121
387 890
388 1962
389 1600
390 806
391 1643
392 380
393 2157
394 555
395 2551
396 1475
397 2607
398 2442
399 2261
400 1900
401 959
402 1651
403 36
404 938
405 1318
406 2687
407 2061
408 1740
409 614
410 1755
411 693
412 223
413 316
414 2020
415 2409
416 2083
417 1376
418 1044
419 2411
420 1935
421 400
422 1969
423 2445
424 2839
425 2040
426 200
427 2127
428 2520
429 1735
430 1885
431 2802
432 2313
433 552
434 2756
435 334
436 1278
437 1550
438 1832
439 2311
440 1926
441 1374
442 2168
443 2287
444 1952
445 2636
446 991
447 2836
448 691
449 2656
450 1645
451 1644
452 931
453 2026
454 2690
455 2176
456 1784
457 1581
458 1968
459 112
460 2679
461 1074
462 2003
463 2088
464 2282
465 2477
466 2161
467 909
468 2451
469 1967
470 2147
471 2477
472 1520
473 2682
474 2505
475 819
476 54
477 787
478 410
479 675
480 2365
481 1202
482 2340
483 741
484 667
485 100
486 2038
487 1372
488 2438
489 2992
490 2404
491 2236
492 99
493 1988
494 1757
495 1872
496 2520
497 1459
498 2231
499 2633
500 1153
501 1233
502 191
503 701
504 1388
505 789
506 1400
507 1724
508 1241
509 2306
510 1258
511 1833
512 2924
513 2659
514 1950
515 906
516 1350
517 2721
518 2983
519 2310
520 1072
521 2637
522 529
523 679
524 2160
525 1417
526 1516
527 2664
528 333
529 1299
530 971
531 2490
532 2336
533 2204
534 423
535 1993
536 507
537 972
538 582
539 2335
540 797
541 1661
542 221
543 1001
544 1901
545 1329
546 2857
547 2057
548 1374
549 2124
550 1514
551 616
552 391
553 1791
554 2162
555 1130
556 521
557 2433
558 1556
559 1313
560 1288
561 866
562 461
563 2364
564 1851
565 2463
566 1072
567 2766
568 2212
569 1822
570 1928
571 2664
572 287
573 320
574 657
575 2691
576 1665
577 1100
578 2210
579 712
580 2210
581 2299
582 444
583 595
584 2329
585 2034
586 1428
587 1573
588 1831
589 1458
590 1559
591 1138
592 2529
593 2197
594 2155
595 1470
596 676
597 705
598 72
599 1266
600 2032
601 2619
602 1811
603 2550
604 2965
605 2504

