432 11
0 1757
1 2282
2 867
3 1160
4 2559
5 1110
6 521
7 1947
8 705
9 888
10 798
11 2712
12 400
13 1365
14 2774
15 1262
16 785
17 1652
18 1649
19 2987
20 2628
21 1124
22 2341
23 2146
24 2374
25 2167
26 1109
27 1892
28 1128
29 63
30 2200
31 547
32 378
33 2302
34 2112
35 2506
36 474
37 1040
38 388
39 1841
40 1863
41 2436
42 2897
43 2076
44 1365
45 176
46 443
47 2135
48 2354
49 2103
50 1877
51 332
52 1680
53 800
54 891
55 371
56 344
57 2812
58 1269
59 968
60 384
61 1170
62 907
63 2285
64 2023
65 74
66 530
67 1913
68 242
69 1195
70 803
71 327
72 2324
73 965
74 519
75 2455
76 951
77 2711
78 1415
79 2374
80 2111
81 2121
82 941
83 2611
84 1442
85 724
86 2202
87 1673
88 1641
89 949
90 740
91 2549
92 3
93 1056
94 2466
95 568
96 1813
97 2970
98 2773
99 273
100 2255
101 2105
102 721
103 1252
104 2325
105 1239
106 2985
107 1455
108 840
109 1842
110 17
111 2862
112 476
113 1559
114 2267
115 1380
116 1773
117 2995
118 2730
119 621
120 2248
121 1928
122 2193
123 2123
124 18
125 2554
126 299
127 1848
128 1976
129 483
130 2398
131 1421
132 144
133 2626
134 2147
135 2405
136 605
137 1929
138 2777
139 721
140 1493
141 1445
142 1189
143 1849
144 1372
145 2795
146 1223
147 2401
148 1967
149 1662
150 2743
151 2960
152 2875
153 1162
154 125
155 2773
156 198
157 498
158 2694
159 450
160 1655
161 496
162 10
163 2125
164 1955
165 2304
166 1737
167 53
168 2329
169 2398
170 863
171 2394
172 2717
173 2198
174 399
175 1316
176 734
177 959
178 585
179 2390
180 2977
181 1574
182 2426
183 48
184 1817
185 70
186 1779
187 2545
188 2363
189 1587
190 212
191 1908
192 898
193 252
194 1434
195 858
196 2811
197 2441
198 487
199 2452
200 2544
201 2259
202 1075
203 2252
204 2869
205 1624
206 124
207 2690
208 229
209 469
210 1969
211 1033
212 1570
213 2818
214 1404
215 1565
216 2335
217 794
218 2336
219 452
220 2593
221 1725
222 1427
223 2157
224 2894
225 760
226 1745
227 1706
228 990
229 2946
230 1486
231 2250
232 1005
233 65
234 706
235 961
236 1083
237 1997
238 457
239 587
240 888
241 2062
242 2499
243 38
244 2327
245 1402
246 438
247 1018
248 1283
249 2995
250 2053
251 1632
252 1610
253 1660
254 2444
255 2164
256 1345
257 425
258 1272
259 188
260 2357
261 784
262 1600
263 305
264 2566
265 338
266 1759
267 628
268 1867
269 2591
270 2018
271 327
272 2975
273 137
274 513
275 1111
276 339
277 1019
278 500
279 877
280 423
281 1714
282 785
283 2706
284 1573
285 2534
286 1600
287 1654
288 1098
289 1498
290 1208
291 339
292 151
293 443
294 2304
295 359
296 513
297 887
298 821
299 2488
300 247
301 1092
302 1577
303 2876
304 105
305 2157
306 1233
307 2845
308 778
309 1511
310 367
311 2245
312 2870
313 2749
314 2620
315 1876
316 644
317 2532
318 2103
319 986
320 420
321 1051
322 2213
323 243
324 760
325 379
326 561
327 332
328 2418
329 2714
330 2927
331 2639
332 1280
333 700
334 2217
335 231
336 1724
337 2102
338 2516
339 2160
340 63
341 2370
342 2755
343 2560
344 134
345 918
346 725
347 2850
348 1245
349 2172
350 309
351 266
352 1679
353 314
354 2880
355 250
356 1385
357 9
358 1255
359 2029
360 291
361 2350
362 289
363 398
364 82
365 2100
366 1029
367 1918
368 1824
369 92
370 22
371 2946
372 2501
373 842
374 2230
375 493
376 1670
377 454
378 1902
379 798
380 1838
381 1741
382 128
383 202
384 2438
385 605
386 796
387 1985
388 47
389 2666
390 2189
391 2901
392 2567
393 599
394 927
395 843
396 2207
397 2300
398 1726
399 2827
400 2137
401 1798
402 1291
403 2143
404 366
405 2649
406 569
407 1450
408 1926
409 635
410 542
411 1355
412 2477
413 1078
414 1939
415 873
416 2482
417 565
418 518
419 2218
420 119
421 863
422 2775
423 1974
424 1910
425 2162
426 1758
427 110
428 2722
429 1183
430 1445
431 44

