812 46
0 2150
1 2702
2 909
3 2865
4 1924
5 1542
6 2324
7 1853
8 2001
9 2552
10 2595
11 2477
12 1399
13 675
14 2219
15 1322
16 2661
17 2523
18 448
19 1689
20 1961
21 2059
22 2451
23 1075
24 2771
25 1891
26 2826
27 2020
28 2221
29 1327
30 1154
31 975
32 1413
33 751
34 716
35 1103
36 1410
37 1589
38 2950
39 1455
40 2779
41 1371
42 248
43 2824
44 844
45 2832
46 1736
47 2635
48 1763
49 2769
50 360
51 326
52 2627
53 2776
54 2399
55 1024
56 2486
57 1114
58 2447
59 2181
60 2924
61 2322
62 1496
63 906
64 1520
65 2423
66 2978
67 1914
68 2870
69 2999
70 1263
71 774
72 2318
73 1657
74 2813
75 2910
76 2770
77 1280
78 2794
79 199
80 339
81 1776
82 41
83 712
84 2618
85 1306
86 1460
87 1723
88 2230
89 1970
90 1412
91 2997
92 2888
93 1411
94 495
95 393
96 2005
97 66
98 1600
99 2900
100 2175
101 1226
102 376
103 1210
104 2007
105 2222
106 1421
107 607
108 2458
109 2936
110 1731
111 2258
112 1394
113 2028
114 2182
115 2503
116 2829
117 118
118 2394
119 2804
120 2894
121 724
122 163
123 2109
124 472
125 1293
126 1889
127 2495
128 2775
129 2981
130 1219
131 32
132 1330
133 1594
134 2141
135 436
136 2425
137 977
138 196
139 0
140 2908
141 2245
142 1107
143 1734
144 1380
145 2900
146 1143
147 2833
148 2253
149 2686
150 891
151 752
152 1566
153 2539
154 165
155 1568
156 2770
157 988
158 1308
159 2978
160 1503
161 2953
162 1783
163 811
164 2194
165 376
166 2623
167 2521
168 2376
169 1598
170 2604
171 1828
172 1481
173 983
174 1938
175 2250
176 1729
177 2447
178 1087
179 888
180 2656
181 1787
182 2238
183 1414
184 2625
185 134
186 16
187 836
188 1105
189 1637
190 61
191 2574
192 653
193 1830
194 450
195 2144
196 1755
197 1218
198 1552
199 2193
200 1579
201 1954
202 748
203 2944
204 2135
205 2769
206 1899
207 2159
208 817
209 2324
210 217
211 814
212 2225
213 354
214 16
215 907
216 426
217 1790
218 325
219 1637
220 1119
221 1914
222 799
223 199
224 2727
225 2676
226 1612
227 1643
228 2433
229 1985
230 2774
231 58
232 617
233 2081
234 1573
235 1183
236 1449
237 1658
238 2617
239 1639
240 2956
241 1837
242 1136
243 2042
244 1699
245 2472
246 161
247 1865
248 2755
249 1133
250 1254
251 708
252 956
253 1825
254 1417
255 937
256 915
257 21
258 1717
259 1498
260 2526
261 429
262 710
263 2256
264 2283
265 655
266 67
267 2048
268 1950
269 1497
270 79
271 2442
272 217
273 746
274 1839
275 1650
276 1738
277 2235
278 477
279 755
280 2633
281 913
282 220
283 22
284 884
285 957
286 746
287 767
288 1322
289 1782
290 1097
291 1212
292 2609
293 2060
294 2156
295 357
296 419
297 1308
298 1289
299 1805
300 2167
301 2265
302 462
303 426
304 363
305 1050
306 2653
307 653
308 747
309 1162
310 1985
311 1761
312 2301
313 2087
314 1772
315 1518
316 2276
317 901
318 2055
319 2567
320 1082
321 2625
322 1253
323 1349
324 2186
325 791
326 2545
327 366
328 1158
329 291
330 2102
331 1663
332 1943
333 2071
334 851
335 2115
336 1141
337 988
338 1111
339 1892
340 1574
341 793
342 1520
343 1582
344 2184
345 2712
346 2880
347 1149
348 787
349 1779
350 2553
351 482
352 2009
353 943
354 1098
355 2869
356 128
357 2196
358 228
359 1167
360 1084
361 2634
362 517
363 2205
364 2636
365 1548
366 1009
367 381
368 2106
369 492
370 1517
371 668
372 1806
373 466
374 906
375 307
376 2496
377 1774
378 2748
379 2575
380 306
381 2345
382 685
383 84
384 791
385 2490
386 1785
387 2892
388 1583
389 1395
390 2191
391 2109
392 1648
393 2253
394 2538
395 2500
396 59
397 2763
398 2152
399 841
400 2794
401 215
402 2600
403 2800
404 2774
405 2763
406 635
407 650
408 2918
409 2450
410 71
411 2454
412 2235
413 21
414 842
415 772
416 2378
417 1253
418 402
419 2292
420 386
421 479
422 682
423 605
424 2476
425 842
426 2234
427 2724
428 1755
429 2019
430 1464
431 1100
432 2055
433 2328
434 849
435 135
436 1880
437 1455
438 1243
439 1311
440 1362
441 821
442 75
443 2904
444 535
445 10
446 969
447 661
448 2994
449 40
450 2963
451 462
452 357
453 1710
454 687
455 1867
456 913
457 2421
458 1541
459 1946
460 450
461 27
462 1122
463 2977
464 1254
465 1413
466 2235
467 2755
468 2495
469 813
470 1491
471 1693
472 587
473 1077
474 2780
475 1102
476 1721
477 2245
478 1080
479 516
480 2202
481 2529
482 614
483 2931
484 1569
485 556
486 827
487 1698
488 1274
489 1694
490 254
491 212
492 2430
493 2342
494 2931
495 1435
496 2438
497 2838
498 1602
499 2669
500 613
501 1356
502 531
503 466
504 13
505 1097
506 2103
507 1831
508 2197
509 800
510 1109
511 232
512 1297
513 2863
514 1478
515 1588
516 26
517 690
518 1861
519 2682
520 9
521 880
522 2016
523 1760
524 2975
525 2154
526 1790
527 352
528 2227
529 2105
530 2122
531 2636
532 2768
533 561
534 1912
535 455
536 2014
537 1828
538 2990
539 2075
540 622
541 1947
542 540
543 1836
544 1527
545 2817
546 2958
547 1822
548 1039
549 1949
550 1015
551 110
552 2922
553 2788
554 2845
555 1078
556 863
557 21
558 2157
559 1720
560 2955
561 8
562 2419
563 2099
564 530
565 809
566 2293
567 1377
568 749
569 1439
570 2956
571 1042
572 209
573 899
574 2314
575 1022
576 2770
577 1385
578 2089
579 50
580 2996
581 693
582 1961
583 2099
584 904
585 171
586 2233
587 117
588 608
589 2913
590 241
591 1968
592 2612
593 907
594 2586
595 492
596 2125
597 2570
598 1119
599 937
600 155
601 2459
602 1734
603 2107
604 2984
605 1109
606 2705
607 1475
608 520
609 2747
610 308
611 513
612 1311
613 1439
614 506
615 1343
616 2049
617 1198
618 2498
619 1579
620 1807
621 232
622 2251
623 2525
624 2075
625 229
626 2809
627 1574
628 1476
629 746
630 2615
631 485
632 2153
633 2865
634 1637
635 1426
636 1257
637 2342
638 2460
639 1681
640 1164
641 2039
642 157
643 577
644 858
645 2421
646 2015
647 1743
648 1707
649 2951
650 1535
651 977
652 1583
653 2432
654 4
655 352
656 251
657 2255
658 1481
659 1076
660 2902
661 114
662 2479
663 254
664 2597
665 129
666 1137
667 401
668 1997
669 2830
670 1471
671 120
672 150
673 2918
674 342
675 1163
676 1693
677 2620
678 1819
679 381
680 1126
681 1310
682 2730
683 1343
684 2816
685 1776
686 140
687 2737
688 2455
689 1825
690 922
691 2332
692 709
693 228
694 1901
695 902
696 1199
697 178
698 1209
699 472
700 2387
701 1029
702 2091
703 2520
704 2760
705 737
706 1685
707 687
708 2848
709 789
710 2853
711 1499
712 1022
713 1375
714 2115
715 1995
716 2725
717 1659
718 2636
719 2593
720 1434
721 2242
722 2825
723 1508
724 319
725 2466
726 2943
727 2010
728 2083
729 726
730 2834
731 784
732 2491
733 455
734 1845
735 2806
736 2679
737 719
738 2186
739 745
740 2587
741 1613
742 2606
743 2759
744 1695
745 2047
746 1696
747 1701
748 365
749 2723
750 718
751 2518
752 1895
753 384
754 2551
755 2221
756 183
757 1338
758 425
759 2956
760 760
761 2106
762 2538
763 760
764 1657
765 2602
766 1411
767 656
768 1101
769 2248
770 2358
771 2294
772 2139
773 2274
774 66
775 47
776 1304
777 1741
778 1576
779 344
780 797
781 2688
782 2661
783 1284
784 316
785 2418
786 2410
787 1550
788 2377
789 531
790 2442
791 711
792 399
793 207
794 842
795 2413
796 387
797 186
798 2909
799 2703
800 273
801 2973
802 1432
803 1261
804 1525
805 2474
806 2701
807 756
808 20
809 2207
810 1483
811 1326

