224 87
0 1016
1 2964
2 1644
3 1646
4 2156
5 2369
6 69
7 930
8 2168
9 2524
10 1052
11 2935
12 1169
13 1029
14 2641
15 2704
16 1423
17 1966
18 2525
19 929
20 571
21 2560
22 1923
23 2350
24 1106
25 1259
26 300
27 2777
28 2079
29 2001
30 1988
31 1282
32 684
33 1335
34 920
35 1118
36 1210
37 1952
38 1269
39 2819
40 2260
41 220
42 1835
43 1301
44 2885
45 763
46 1261
47 1087
48 635
49 1921
50 1433
51 290
52 2545
53 2947
54 970
55 1247
56 890
57 1276
58 1791
59 243
60 1836
61 120
62 1993
63 1689
64 1565
65 2037
66 2118
67 1140
68 136
69 1922
70 2199
71 876
72 1411
73 382
74 1347
75 2301
76 2281
77 654
78 2624
79 2265
80 650
81 1944
82 2006
83 2134
84 124
85 1532
86 1908
87 852
88 2757
89 1876
90 2412
91 95
92 1004
93 655
94 2428
95 1977
96 1137
97 2758
98 2464
99 2232
100 880
101 2690
102 2102
103 2366
104 2165
105 2449
106 86
107 2620
108 1923
109 2717
110 1417
111 946
112 2379
113 553
114 2453
115 877
116 263
117 1305
118 2770
119 2735
120 1091
121 796
122 1561
123 1727
124 2245
125 885
126 1051
127 1227
128 2204
129 979
130 2760
131 1410
132 1218
133 239
134 891
135 1043
136 559
137 1618
138 1093
139 2718
140 1565
141 316
142 558
143 683
144 1396
145 1416
146 57
147 2551
148 1055
149 990
150 2556
151 860
152 2571
153 1450
154 2811
155 2826
156 2415
157 2457
158 1898
159 2054
160 1079
161 2935
162 1085
163 863
164 2519
165 2313
166 1928
167 2341
168 190
169 785
170 1994
171 765
172 249
173 2210
174 806
175 1972
176 2667
177 2838
178 1932
179 762
180 2710
181 1635
182 571
183 1449
184 2572
185 2693
186 1957
187 1249
188 564
189 207
190 2690
191 2129
192 2886
193 2605
194 2577
195 2946
196 2876
197 1974
198 323
199 2345
200 2031
201 2652
202 2094
203 2746
204 588
205 365
206 1360
207 2162
208 1949
209 783
210 2528
211 843
212 664
213 1640
214 600
215 154
216 212
217 578
218 2558
219 2739
220 1774
221 2061
222 2535
223 991

