770 40
0 842
1 1541
2 1660
3 1380
4 388
5 986
6 1557
7 1415
8 2879
9 2533
10 1653
11 1119
12 1647
13 1140
14 858
15 1987
16 2236
17 2938
18 1632
19 2485
20 446
21 718
22 2030
23 2321
24 129
25 1888
26 2449
27 1835
28 2303
29 2229
30 2385
31 2808
32 2006
33 954
34 138
35 2063
36 2078
37 990
38 750
39 566
40 1543
41 1917
42 1620
43 2729
44 2626
45 1405
46 2718
47 2508
48 1686
49 2959
50 2026
51 2170
52 486
53 1263
54 2826
55 2389
56 1155
57 2226
58 2548
59 859
60 270
61 1291
62 955
63 1522
64 2232
65 2350
66 1640
67 2982
68 915
69 1187
70 1883
71 2329
72 413
73 516
74 696
75 2300
76 1339
77 1654
78 2416
79 1205
80 1566
81 291
82 2745
83 665
84 1760
85 131
86 433
87 1011
88 2740
89 411
90 2009
91 2715
92 2097
93 1455
94 1698
95 710
96 124
97 2129
98 2378
99 441
100 2192
101 688
102 2539
103 2508
104 2455
105 32
106 0
107 1807
108 1022
109 365
110 186
111 2035
112 1481
113 2382
114 702
115 186
116 2862
117 543
118 2758
119 955
120 2824
121 1877
122 1199
123 2225
124 1247
125 1489
126 2524
127 304
128 2452
129 2742
130 1824
131 1355
132 2882
133 320
134 2176
135 2111
136 2539
137 2451
138 1406
139 1001
140 45
141 1684
142 895
143 330
144 1379
145 519
146 1029
147 2024
148 1881
149 950
150 2190
151 1743
152 2704
153 163
154 2587
155 659
156 2667
157 2264
158 1598
159 574
160 2740
161 2704
162 2987
163 873
164 310
165 343
166 531
167 2989
168 1882
169 2786
170 1128
171 2181
172 1303
173 1294
174 507
175 1189
176 2684
177 2114
178 1688
179 1911
180 486
181 1906
182 1234
183 356
184 2910
185 1725
186 2764
187 14
188 2676
189 1239
190 2285
191 2129
192 534
193 1567
194 350
195 790
196 1193
197 1193
198 2992
199 1660
200 1597
201 293
202 1675
203 479
204 2146
205 2300
206 2946
207 2430
208 540
209 2965
210 2813
211 1308
212 2102
213 1088
214 174
215 1042
216 1489
217 166
218 2661
219 122
220 781
221 982
222 1511
223 1243
224 441
225 1433
226 646
227 311
228 1410
229 245
230 2597
231 2281
232 2759
233 2255
234 1303
235 2270
236 1871
237 1840
238 579
239 746
240 644
241 2523
242 2064
243 206
244 2131
245 1031
246 1225
247 2341
248 990
249 2759
250 323
251 2555
252 484
253 733
254 2376
255 1342
256 2128
257 2882
258 1028
259 925
260 47
261 227
262 2721
263 1967
264 957
265 1791
266 1548
267 2874
268 428
269 2823
270 2682
271 1299
272 2435
273 1488
274 1682
275 2552
276 1778
277 2472
278 1524
279 2433
280 2460
281 396
282 2478
283 761
284 1919
285 2422
286 1303
287 1398
288 2970
289 612
290 1639
291 2192
292 858
293 190
294 1973
295 1319
296 74
297 2472
298 2572
299 165
300 105
301 415
302 1528
303 385
304 2778
305 2716
306 1367
307 1513
308 662
309 2492
310 1688
311 1051
312 1485
313 20
314 288
315 642
316 2013
317 1192
318 790
319 2918
320 1765
321 1760
322 2071
323 1681
324 99
325 1748
326 1717
327 781
328 413
329 11
330 2693
331 1440
332 2740
333 570
334 2968
335 1427
336 2729
337 2703
338 2830
339 1543
340 1197
341 2874
342 2052
343 1736
344 650
345 1566
346 363
347 451
348 2440
349 310
350 2580
351 631
352 315
353 1050
354 322
355 44
356 2620
357 2415
358 2823
359 1622
360 333
361 2933
362 2975
363 2537
364 2768
365 2099
366 1736
367 1644
368 2933
369 1497
370 1232
371 2636
372 540
373 2797
374 606
375 1064
376 1580
377 402
378 2340
379 1956
380 1075
381 1065
382 802
383 531
384 242
385 1024
386 539
387 2239
388 302
389 2845
390 340
391 1363
392 2871
393 2036
394 1126
395 2803
396 1754
397 1275
398 1555
399 1181
400 63
401 988
402 968
403 890
404 1553
405 2110
406 992
407 2184
408 752
409 965
410 1013
411 919
412 1893
413 1011
414 558
415 2987
416 1625
417 610
418 658
419 2583
420 1656
421 2680
422 2962
423 2449
424 1079
425 2818
426 1475
427 369
428 811
429 988
430 33
431 1408
432 2882
433 623
434 365
435 2389
436 490
437 691
438 1635
439 2915
440 676
441 1351
442 86
443 1879
444 1660
445 1468
446 2562
447 530
448 384
449 911
450 96
451 1722
452 1782
453 1208
454 2662
455 2248
456 510
457 2591
458 975
459 2542
460 1134
461 745
462 2372
463 1792
464 2378
465 1397
466 692
467 2058
468 929
469 2547
470 2056
471 1015
472 700
473 2915
474 1912
475 1392
476 2968
477 1529
478 241
479 1354
480 1995
481 1634
482 834
483 998
484 2233
485 2928
486 2827
487 2851
488 531
489 2213
490 1507
491 2934
492 2638
493 1920
494 1076
495 1490
496 2901
497 1679
498 1545
499 986
500 2534
501 2594
502 306
503 236
504 337
505 2249
506 2480
507 330
508 2398
509 2871
510 1426
511 560
512 279
513 2004
514 2519
515 123
516 872
517 148
518 518
519 1073
520 2255
521 1103
522 587
523 1022
524 178
525 2216
526 1008
527 923
528 2194
529 2180
530 424
531 2325
532 2476
533 2924
534 1149
535 422
536 857
537 877
538 2991
539 2361
540 2590
541 1731
542 2566
543 2919
544 277
545 2932
546 1518
547 640
548 1440
549 1332
550 270
551 2618
552 793
553 2974
554 1603
555 2339
556 2425
557 1739
558 1791
559 2802
560 1231
561 2543
562 2105
563 1566
564 2067
565 1329
566 2044
567 2502
568 519
569 1615
570 1009
571 1270
572 2558
573 512
574 2333
575 1211
576 2577
577 1885
578 1132
579 2480
580 2469
581 2131
582 2413
583 2019
584 2210
585 202
586 222
587 344
588 1324
589 620
590 1438
591 1186
592 1614
593 2975
594 1964
595 2209
596 691
597 2103
598 2654
599 85
600 1829
601 413
602 1141
603 805
604 1934
605 2779
606 1575
607 2981
608 2839
609 132
610 2236
611 672
612 1072
613 1005
614 356
615 808
616 1687
617 2678
618 1604
619 1818
620 2186
621 1329
622 1424
623 984
624 52
625 669
626 1511
627 1914
628 2851
629 1884
630 2356
631 1304
632 940
633 895
634 2697
635 1848
636 1269
637 1726
638 799
639 2570
640 2893
641 1977
642 2840
643 531
644 1331
645 1509
646 1083
647 1361
648 2707
649 2909
650 1174
651 1195
652 960
653 2840
654 1756
655 2082
656 2949
657 1436
658 1406
659 1005
660 1757
661 781
662 427
663 642
664 572
665 1831
666 1992
667 1419
668 1114
669 2136
670 2916
671 1294
672 2145
673 1453
674 579
675 2085
676 1283
677 1662
678 110
679 905
680 1260
681 1750
682 2443
683 31
684 196
685 388
686 1313
687 2812
688 2203
689 1254
690 1711
691 109
692 1112
693 164
694 1130
695 2409
696 820
697 757
698 1213
699 2862
700 2481
701 2286
702 1126
703 940
704 1705
705 213
706 814
707 1076
708 1644
709 875
710 203
711 1440
712 2749
713 1909
714 2690
715 1079
716 490
717 797
718 1768
719 739
720 231
721 1239
722 2901
723 928
724 741
725 781
726 2255
727 1294
728 1156
729 1110
730 1353
731 1116
732 2064
733 2706
734 1001
735 1053
736 803
737 2913
738 1710
739 1709
740 319
741 72
742 2072
743 171
744 393
745 1397
746 1302
747 1997
748 2716
749 552
750 2263
751 1082
752 858
753 381
754 328
755 1751
756 2856
757 2798
758 1490
759 2604
760 1959
761 195
762 507
763 1657
764 1541
765 612
766 215
767 1336
768 1973
769 648

