751 65
0 1397
1 2033
2 203
3 1126
4 254
5 1285
6 2782
7 1427
8 934
9 1395
10 1196
11 161
12 133
13 1195
14 1631
15 559
16 629
17 1549
18 794
19 1541
20 2172
21 1927
22 467
23 2919
24 1488
25 2445
26 282
27 720
28 951
29 1893
30 1384
31 2793
32 104
33 2093
34 31
35 1521
36 2432
37 280
38 2283
39 1782
40 2360
41 2601
42 2276
43 398
44 2879
45 274
46 1607
47 815
48 203
49 2923
50 2970
51 179
52 2420
53 657
54 1300
55 2500
56 1524
57 46
58 358
59 1806
60 22
61 2415
62 536
63 1699
64 1155
65 342
66 184
67 496
68 1430
69 2922
70 313
71 2067
72 1453
73 1420
74 1863
75 1970
76 2252
77 559
78 1010
79 1126
80 1830
81 346
82 446
83 1983
84 929
85 1872
86 2661
87 161
88 889
89 2853
90 1075
91 1383
92 2272
93 2323
94 543
95 2442
96 1067
97 2449
98 1422
99 2757
100 2183
101 61
102 2481
103 1338
104 179
105 2563
106 897
107 2925
108 1380
109 2735
110 2916
111 2996
112 223
113 109
114 2570
115 117
116 942
117 1241
118 509
119 2005
120 1642
121 2805
122 2257
123 2451
124 2094
125 2348
126 1846
127 683
128 653
129 408
130 2152
131 573
132 388
133 599
134 1067
135 565
136 2524
137 1922
138 851
139 1408
140 816
141 156
142 1285
143 1390
144 2161
145 2870
146 790
147 992
148 2792
149 179
150 2747
151 2651
152 358
153 422
154 670
155 1324
156 215
157 485
158 823
159 170
160 2482
161 1425
162 1852
163 889
164 997
165 1561
166 2610
167 789
168 601
169 1879
170 304
171 1653
172 1048
173 1927
174 2772
175 2963
176 2742
177 1801
178 771
179 60
180 2024
181 2875
182 2447
183 899
184 1165
185 2385
186 788
187 1036
188 1641
189 620
190 2367
191 1958
192 516
193 2746
194 2950
195 693
196 2529
197 931
198 525
199 2393
200 2189
201 1816
202 1097
203 2208
204 1390
205 465
206 351
207 1504
208 2712
209 23
210 1040
211 1267
212 1248
213 1136
214 2708
215 2244
216 2224
217 667
218 2636
219 2151
220 2707
221 1402
222 131
223 2640
224 1584
225 2630
226 1893
227 1745
228 2550
229 2291
230 253
231 1113
232 2676
233 600
234 959
235 1674
236 1266
237 676
238 473
239 2865
240 1504
241 948
242 2896
243 1587
244 654
245 2429
246 2477
247 2972
248 1872
249 598
250 861
251 2660
252 1494
253 648
254 773
255 638
256 326
257 617
258 273
259 99
260 1734
261 2287
262 2769
263 117
264 1634
265 607
266 510
267 815
268 1438
269 1412
270 1300
271 446
272 1703
273 2245
274 2008
275 2772
276 1979
277 2804
278 2743
279 1170
280 2255
281 547
282 1708
283 1057
284 1455
285 1946
286 175
287 1868
288 935
289 2748
290 1496
291 1016
292 1784
293 618
294 2374
295 1753
296 74
297 1215
298 2083
299 2629
300 1790
301 795
302 2933
303 2901
304 2807
305 1719
306 2431
307 257
308 1732
309 2207
310 66
311 1533
312 1085
313 2802
314 817
315 831
316 2259
317 1715
318 2068
319 2945
320 58
321 2940
322 569
323 2947
324 962
325 1847
326 1855
327 2666
328 2252
329 197
330 2687
331 2029
332 2684
333 2884
334 480
335 2197
336 126
337 133
338 1519
339 621
340 1586
341 630
342 297
343 2945
344 2443
345 1155
346 1036
347 517
348 2308
349 980
350 2318
351 2880
352 1
353 1264
354 1533
355 1113
356 2317
357 1626
358 2166
359 1561
360 1423
361 2050
362 2059
363 1328
364 142
365 475
366 2984
367 2972
368 1702
369 25
370 558
371 2636
372 2593
373 1255
374 809
375 2509
376 2498
377 2522
378 561
379 250
380 441
381 173
382 741
383 1134
384 1095
385 1308
386 2723
387 1492
388 2565
389 1361
390 2196
391 905
392 820
393 975
394 2935
395 1699
396 2655
397 88
398 249
399 924
400 160
401 1954
402 682
403 2156
404 2623
405 1633
406 2852
407 605
408 847
409 1288
410 403
411 1802
412 1716
413 2251
414 147
415 1923
416 622
417 619
418 2871
419 2724
420 2452
421 1571
422 489
423 2217
424 1356
425 2371
426 1522
427 2691
428 888
429 126
430 2736
431 452
432 426
433 1100
434 2249
435 1166
436 410
437 2203
438 2283
439 1221
440 973
441 1842
442 2347
443 2409
444 2306
445 227
446 606
447 2369
448 436
449 2301
450 2634
451 111
452 1961
453 704
454 745
455 1754
456 540
457 499
458 1314
459 1111
460 2483
461 1184
462 2634
463 2629
464 866
465 2734
466 2525
467 2034
468 2381
469 1703
470 612
471 901
472 309
473 1020
474 1230
475 1989
476 1098
477 1632
478 2251
479 427
480 1946
481 965
482 787
483 2108
484 1125
485 770
486 131
487 27
488 1965
489 2366
490 55
491 1892
492 2336
493 2107
494 746
495 938
496 831
497 773
498 55
499 293
500 2408
501 522
502 2459
503 2708
504 824
505 372
506 2213
507 2174
508 2516
509 302
510 960
511 2982
512 1698
513 2149
514 546
515 1233
516 2351
517 1375
518 2976
519 2536
520 1651
521 849
522 1501
523 471
524 2399
525 2994
526 355
527 1615
528 409
529 2708
530 314
531 2687
532 121
533 961
534 532
535 1969
536 372
537 2309
538 393
539 1226
540 76
541 969
542 413
543 2047
544 427
545 966
546 2309
547 1209
548 2789
549 1011
550 2853
551 2017
552 1109
553 2686
554 2053
555 2234
556 867
557 2352
558 270
559 1658
560 45
561 2764
562 271
563 2274
564 393
565 1392
566 427
567 1046
568 778
569 2395
570 585
571 1620
572 2406
573 1078
574 603
575 2968
576 261
577 621
578 218
579 1940
580 317
581 683
582 2610
583 1370
584 2186
585 2911
586 193
587 2623
588 472
589 417
590 866
591 293
592 1155
593 361
594 1323
595 2625
596 383
597 803
598 1433
599 1941
600 2604
601 1292
602 1723
603 118
604 291
605 2922
606 206
607 597
608 2575
609 518
610 521
611 1377
612 92
613 2380
614 291
615 2082
616 1902
617 2916
618 509
619 624
620 610
621 2170
622 2046
623 2821
624 1005
625 258
626 971
627 140
628 90
629 1581
630 2229
631 570
632 1328
633 139
634 1692
635 1459
636 2385
637 1051
638 36
639 561
640 12
641 1552
642 1025
643 296
644 2039
645 1576
646 585
647 70
648 2063
649 139
650 2034
651 166
652 326
653 248
654 229
655 538
656 512
657 2161
658 2916
659 624
660 2303
661 1885
662 111
663 903
664 1587
665 2240
666 598
667 464
668 1430
669 2289
670 1967
671 1421
672 134
673 2861
674 1341
675 726
676 838
677 1188
678 2207
679 2250
680 674
681 2677
682 1354
683 1697
684 888
685 17
686 849
687 2031
688 2873
689 1660
690 224
691 982
692 2987
693 2643
694 2130
695 385
696 2255
697 2889
698 1727
699 475
700 1104
701 1892
702 2578
703 1515
704 1502
705 1920
706 2957
707 2467
708 285
709 769
710 2448
711 1350
712 284
713 266
714 378
715 2538
716 1329
717 2751
718 2199
719 1784
720 855
721 1727
722 277
723 825
724 2617
725 1626
726 992
727 2594
728 761
729 1607
730 1432
731 1853
732 2394
733 935
734 1188
735 893
736 1540
737 369
738 576
739 2647
740 898
741 2595
742 15
743 1478
744 287
745 2036
746 845
747 2282
748 63
749 2945
750 1887

