551 73
0 2997
1 2440
2 1138
3 1246
4 430
5 2283
6 2028
7 958
8 2775
9 2862
10 227
11 1645
12 1715
13 265
14 1563
15 2978
16 2848
17 1327
18 2890
19 1536
20 468
21 392
22 288
23 1215
24 519
25 1802
26 28
27 2719
28 2443
29 506
30 1274
31 1044
32 858
33 1702
34 2443
35 2058
36 1761
37 2084
38 13
39 2393
40 2055
41 2723
42 1161
43 1351
44 1217
45 1126
46 2868
47 2648
48 1493
49 1468
50 2584
51 2604
52 2288
53 1152
54 2554
55 735
56 677
57 1459
58 375
59 1592
60 2932
61 1954
62 2560
63 2635
64 2283
65 736
66 2693
67 362
68 1116
69 2334
70 2658
71 825
72 523
73 15
74 399
75 1971
76 2604
77 1660
78 2760
79 503
80 2394
81 2378
82 1087
83 1748
84 1367
85 1672
86 544
87 2227
88 2140
89 2084
90 2775
91 2374
92 2492
93 718
94 414
95 1110
96 1628
97 2642
98 1180
99 810
100 1650
101 2030
102 1353
103 2353
104 2900
105 2921
106 1719
107 302
108 1743
109 2673
110 878
111 2558
112 1229
113 793
114 688
115 618
116 1459
117 2960
118 1391
119 2936
120 2757
121 1029
122 1370
123 617
124 2771
125 883
126 1759
127 2724
128 2085
129 2255
130 1270
131 2248
132 2304
133 2841
134 1989
135 543
136 374
137 982
138 2368
139 319
140 2253
141 1366
142 2267
143 1460
144 2510
145 1710
146 2128
147 2879
148 2877
149 1777
150 586
151 1024
152 2828
153 634
154 1675
155 412
156 939
157 1096
158 243
159 2838
160 2085
161 441
162 2430
163 761
164 338
165 210
166 2964
167 2807
168 1502
169 1883
170 329
171 406
172 2493
173 1793
174 1487
175 148
176 93
177 1088
178 2979
179 1444
180 600
181 1889
182 36
183 253
184 2907
185 1822
186 2048
187 2835
188 2117
189 1409
190 1616
191 995
192 152
193 394
194 1813
195 362
196 877
197 120
198 2495
199 1901
200 1379
201 1053
202 2415
203 369
204 1438
205 2745
206 1122
207 539
208 1636
209 1435
210 2469
211 869
212 2611
213 1792
214 2410
215 1869
216 1724
217 1367
218 1382
219 1335
220 1587
221 1149
222 108
223 1055
224 2884
225 932
226 2587
227 616
228 2837
229 2460
230 1838
231 1523
232 2865
233 270
234 1927
235 2179
236 303
237 1330
238 1034
239 2772
240 638
241 1367
242 1220
243 1262
244 1550
245 2663
246 2921
247 1399
248 1999
249 919
250 1329
251 831
252 1939
253 2357
254 2852
255 2427
256 1523
257 562
258 284
259 1649
260 2116
261 1459
262 195
263 1216
264 1689
265 1448
266 810
267 268
268 461
269 110
270 2478
271 2581
272 1093
273 1273
274 2616
275 1458
276 1087
277 1619
278 557
279 2976
280 2613
281 358
282 69
283 2517
284 202
285 600
286 563
287 27
288 1786
289 956
290 297
291 1916
292 1957
293 1168
294 2243
295 2773
296 1995
297 2873
298 451
299 792
300 965
301 2218
302 1148
303 1286
304 402
305 1462
306 2040
307 2848
308 2981
309 228
310 2151
311 513
312 2949
313 936
314 1985
315 632
316 653
317 1828
318 1
319 1289
320 448
321 1876
322 1246
323 2997
324 2616
325 142
326 61
327 2316
328 1346
329 578
330 607
331 1653
332 943
333 2346
334 2298
335 2511
336 475
337 1768
338 1262
339 1510
340 91
341 1569
342 2686
343 847
344 438
345 695
346 1459
347 584
348 1202
349 1847
350 2650
351 2762
352 224
353 408
354 1030
355 154
356 2779
357 2413
358 1162
359 1589
360 305
361 2826
362 341
363 147
364 2509
365 246
366 1273
367 2371
368 550
369 2893
370 2742
371 596
372 1666
373 785
374 333
375 1506
376 1469
377 1436
378 92
379 2171
380 2827
381 240
382 103
383 1595
384 2002
385 1460
386 1051
387 1032
388 333
389 1610
390 1495
391 487
392 2940
393 2252
394 2432
395 2537
396 2973
397 2312
398 2696
399 2712
400 1041
401 396
402 709
403 930
404 444
405 1261
406 207
407 2891
408 1159
409 2796
410 1112
411 522
412 65
413 2333
414 108
415 1443
416 667
417 305
418 78
419 2427
420 1065
421 899
422 1631
423 775
424 1351
425 274
426 375
427 2737
428 1200
429 1458
430 872
431 702
432 908
433 2426
434 238
435 1850
436 2244
437 2688
438 679
439 2405
440 1623
441 703
442 2424
443 2341
444 1645
445 1661
446 196
447 553
448 2296
449 197
450 1008
451 303
452 2070
453 2877
454 239
455 1986
456 356
457 535
458 2313
459 1204
460 1952
461 2624
462 549
463 510
464 1554
465 1620
466 965
467 1249
468 2720
469 1967
470 1735
471 1936
472 1654
473 2693
474 2411
475 2136
476 2799
477 1891
478 2909
479 1389
480 2298
481 2951
482 1091
483 1538
484 1270
485 2386
486 399
487 249
488 1706
489 2384
490 2265
491 1972
492 2266
493 2173
494 2329
495 2643
496 555
497 2005
498 1610
499 522
500 1896
501 1021
502 1942
503 1349
504 147
505 2936
506 241
507 189
508 1404
509 2306
510 2077
511 1617
512 1050
513 403
514 1910
515 538
516 2558
517 32
518 277
519 331
520 2845
521 1142
522 2042
523 1334
524 1403
525 45
526 864
527 1640
528 383
529 1757
530 604
531 296
532 2612
533 586
534 767
535 1880
536 2825
537 1405
538 2156
539 1479
540 1854
541 2338
542 1058
543 1968
544 255
545 2922
546 1824
547 1908
548 1320
549 25
550 2618

