329 51
0 1816
1 853
2 2347
3 2328
4 2840
5 1312
6 2561
7 139
8 2817
9 2308
10 2702
11 2253
12 173
13 416
14 237
15 1908
16 2585
17 2555
18 2574
19 2806
20 2260
21 302
22 1605
23 99
24 1097
25 2809
26 1978
27 2739
28 1408
29 2793
30 2678
31 1559
32 2517
33 1148
34 2358
35 985
36 291
37 1896
38 1732
39 33
40 2511
41 941
42 855
43 2669
44 1468
45 2030
46 1870
47 728
48 684
49 2566
50 2171
51 2726
52 1183
53 2140
54 2821
55 2285
56 449
57 755
58 1677
59 1022
60 366
61 2455
62 749
63 24
64 2560
65 773
66 978
67 236
68 2295
69 2831
70 1069
71 2650
72 1416
73 2398
74 558
75 1688
76 1422
77 2381
78 2453
79 2652
80 1784
81 1502
82 1200
83 1514
84 74
85 1146
86 681
87 1991
88 1762
89 1998
90 2017
91 2174
92 1568
93 2250
94 2989
95 1339
96 2129
97 154
98 1374
99 773
100 432
101 21
102 1813
103 1199
104 2891
105 1270
106 1737
107 1774
108 2876
109 2702
110 2493
111 1620
112 1470
113 881
114 2845
115 53
116 894
117 2855
118 1405
119 1691
120 285
121 526
122 2992
123 1683
124 875
125 1394
126 2947
127 417
128 2001
129 2711
130 2034
131 1597
132 2479
133 1748
134 2374
135 1468
136 222
137 300
138 397
139 2246
140 2412
141 1151
142 1784
143 1314
144 2186
145 1638
146 466
147 130
148 254
149 2751
150 1749
151 2060
152 355
153 1223
154 705
155 2336
156 564
157 1773
158 605
159 1030
160 1293
161 1992
162 2101
163 766
164 883
165 1035
166 664
167 2833
168 1751
169 2498
170 436
171 1347
172 926
173 416
174 2472
175 1330
176 1696
177 1779
178 44
179 2894
180 130
181 2396
182 973
183 546
184 1319
185 911
186 684
187 1720
188 2276
189 195
190 2919
191 2573
192 1868
193 2161
194 1937
195 1869
196 1291
197 1484
198 1303
199 417
200 2470
201 1835
202 1126
203 777
204 41
205 1786
206 439
207 2314
208 589
209 252
210 744
211 2446
212 880
213 1853
214 1645
215 2001
216 1375
217 903
218 1145
219 1352
220 182
221 974
222 1818
223 1616
224 391
225 1230
226 327
227 2250
228 776
229 2872
230 715
231 1729
232 287
233 2483
234 2353
235 563
236 1719
237 1268
238 829
239 2401
240 1604
241 2680
242 1920
243 470
244 803
245 2111
246 2480
247 2653
248 1462
249 1964
250 117
251 2297
252 2453
253 1777
254 2280
255 1555
256 2620
257 2641
258 1011
259 580
260 591
261 1649
262 745
263 1722
264 2674
265 1898
266 2483
267 582
268 2882
269 176
270 622
271 2835
272 2898
273 2856
274 2931
275 82
276 1677
277 2443
278 613
279 2691
280 1060
281 1931
282 2514
283 98
284 533
285 276
286 2423
287 1732
288 2594
289 2372
290 2315
291 2287
292 2108
293 201
294 1040
295 2054
296 2644
297 716
298 2800
299 145
300 248
301 2629
302 1025
303 550
304 2134
305 421
306 2919
307 2624
308 2944
309 2854
310 2993
311 937
312 878
313 1273
314 1512
315 805
316 2340
317 813
318 155
319 665
320 2330
321 1400
322 1209
323 1754
324 473
325 2427
326 1124
327 979
328 1109

