853 87
0 943
1 2903
2 610
3 2547
4 923
5 2282
6 124
7 2234
8 1771
9 552
10 2100
11 2373
12 1755
13 925
14 2615
15 1488
16 1664
17 2129
18 410
19 2666
20 987
21 2443
22 1897
23 2638
24 2396
25 1675
26 1267
27 1857
28 1849
29 1553
30 2060
31 163
32 2738
33 2142
34 939
35 443
36 43
37 254
38 1329
39 273
40 2745
41 1670
42 2170
43 218
44 2757
45 1258
46 1073
47 359
48 2185
49 2751
50 1694
51 1438
52 2818
53 2705
54 558
55 2621
56 2325
57 2182
58 719
59 1602
60 2957
61 756
62 471
63 1024
64 1749
65 46
66 454
67 2267
68 874
69 2430
70 1183
71 2942
72 1575
73 1384
74 716
75 793
76 1724
77 2825
78 858
79 1473
80 2478
81 2132
82 2207
83 1741
84 2727
85 2474
86 2915
87 2177
88 1698
89 928
90 2788
91 849
92 1792
93 721
94 133
95 1815
96 2983
97 1566
98 2619
99 1445
100 1536
101 2163
102 736
103 500
104 2100
105 2950
106 882
107 427
108 1501
109 1505
110 506
111 1949
112 1589
113 2171
114 564
115 1708
116 2224
117 1665
118 1573
119 2280
120 255
121 1047
122 1301
123 1463
124 2982
125 741
126 1743
127 2784
128 1834
129 2905
130 345
131 1973
132 1628
133 2598
134 1434
135 297
136 2122
137 2919
138 2736
139 1436
140 220
141 188
142 50
143 1232
144 421
145 1122
146 1764
147 2015
148 660
149 707
150 2136
151 2208
152 2897
153 2623
154 13
155 1325
156 2836
157 2387
158 1999
159 522
160 365
161 755
162 1156
163 259
164 2240
165 2774
166 1195
167 1182
168 2389
169 321
170 1736
171 258
172 1780
173 2313
174 2763
175 712
176 1917
177 2640
178 2377
179 1083
180 967
181 1769
182 1434
183 713
184 1039
185 2544
186 2214
187 2127
188 2287
189 2833
190 1628
191 1193
192 2016
193 136
194 1507
195 1567
196 2051
197 122
198 146
199 1440
200 2493
201 2280
202 2646
203 2073
204 2008
205 1316
206 1338
207 489
208 1244
209 1265
210 2535
211 2570
212 2833
213 2079
214 2318
215 2841
216 1974
217 2375
218 45
219 2838
220 914
221 1987
222 89
223 2639
224 289
225 2989
226 1392
227 2971
228 2327
229 605
230 2440
231 591
232 60
233 273
234 92
235 1684
236 503
237 1043
238 1146
239 1790
240 409
241 2364
242 2682
243 470
244 243
245 751
246 2624
247 2767
248 2682
249 394
250 2306
251 651
252 603
253 1336
254 2791
255 796
256 1784
257 1211
258 2523
259 2671
260 77
261 1652
262 2133
263 1507
264 106
265 2830
266 1103
267 1032
268 640
269 2331
270 2417
271 1384
272 2991
273 1799
274 2386
275 223
276 2028
277 2597
278 1484
279 41
280 1572
281 913
282 1801
283 2674
284 1238
285 1145
286 325
287 126
288 2326
289 1008
290 1629
291 1815
292 2606
293 1033
294 1954
295 344
296 1457
297 2158
298 865
299 540
300 268
301 909
302 390
303 1934
304 364
305 2735
306 2583
307 1010
308 2104
309 896
310 2196
311 158
312 914
313 1252
314 58
315 1939
316 265
317 1254
318 2429
319 95
320 2571
321 2317
322 1820
323 2741
324 2513
325 768
326 1185
327 1529
328 1482
329 24
330 1890
331 2516
332 1914
333 1423
334 1874
335 1177
336 2949
337 2797
338 2710
339 1830
340 492
341 2466
342 2405
343 2604
344 2994
345 2338
346 1917
347 84
348 2196
349 228
350 2378
351 134
352 2977
353 111
354 372
355 2381
356 1027
357 1601
358 480
359 524
360 1898
361 310
362 1783
363 905
364 2048
365 981
366 2186
367 2761
368 2631
369 2856
370 1781
371 57
372 1531
373 1891
374 1757
375 2505
376 849
377 636
378 2178
379 2123
380 525
381 2764
382 2171
383 2241
384 1909
385 176
386 1929
387 1787
388 1499
389 124
390 284
391 2301
392 738
393 1942
394 1540
395 2634
396 896
397 1987
398 1784
399 2579
400 1594
401 1659
402 2238
403 367
404 2862
405 145
406 58
407 2784
408 1080
409 2709
410 15
411 895
412 1465
413 1082
414 1554
415 1887
416 1310
417 642
418 293
419 1422
420 2524
421 451
422 2171
423 2784
424 2107
425 1226
426 1190
427 687
428 0
429 1723
430 2928
431 2066
432 1250
433 131
434 1023
435 1350
436 1118
437 2913
438 2314
439 304
440 2279
441 1677
442 2470
443 2068
444 1878
445 141
446 600
447 2595
448 155
449 2218
450 2651
451 2720
452 517
453 854
454 2585
455 2190
456 885
457 1202
458 992
459 2336
460 586
461 1268
462 1346
463 2860
464 1493
465 837
466 704
467 1896
468 611
469 172
470 2727
471 277
472 2135
473 2546
474 2380
475 1942
476 140
477 1101
478 2886
479 1168
480 2681
481 1339
482 2076
483 978
484 1641
485 436
486 2964
487 2940
488 591
489 2006
490 311
491 76
492 1884
493 2950
494 395
495 500
496 27
497 1306
498 815
499 1018
500 1031
501 2751
502 1016
503 1613
504 384
505 1742
506 2787
507 2937
508 2424
509 2431
510 1623
511 2826
512 1991
513 2949
514 1050
515 282
516 2883
517 2343
518 2602
519 672
520 2074
521 108
522 2795
523 2568
524 2022
525 2445
526 1344
527 2717
528 665
529 481
530 2711
531 1077
532 1473
533 1773
534 178
535 2794
536 2576
537 2792
538 428
539 1098
540 1608
541 2942
542 1173
543 2622
544 2040
545 2311
546 2918
547 1440
548 2085
549 1783
550 2721
551 534
552 320
553 1474
554 247
555 2026
556 2849
557 1500
558 1169
559 1555
560 2953
561 2660
562 2895
563 1679
564 409
565 2855
566 225
567 60
568 2186
569 2078
570 1661
571 294
572 1080
573 137
574 178
575 55
576 343
577 2008
578 1283
579 2513
580 244
581 1050
582 2614
583 1010
584 117
585 2330
586 1976
587 800
588 2769
589 2252
590 2463
591 907
592 932
593 1700
594 182
595 2348
596 1177
597 2263
598 146
599 1749
600 335
601 1206
602 1438
603 582
604 893
605 137
606 1247
607 2797
608 998
609 235
610 402
611 2433
612 165
613 992
614 196
615 2887
616 2260
617 1072
618 1159
619 697
620 1144
621 2148
622 1839
623 1352
624 1699
625 140
626 1650
627 458
628 150
629 51
630 539
631 2227
632 11
633 1921
634 1321
635 977
636 1546
637 2342
638 1936
639 1
640 156
641 1031
642 2876
643 1477
644 860
645 2738
646 1494
647 2433
648 1923
649 1324
650 314
651 2823
652 2006
653 2219
654 1636
655 2951
656 1266
657 2452
658 1352
659 2889
660 2593
661 2945
662 1763
663 228
664 1236
665 1352
666 433
667 443
668 1890
669 1117
670 2944
671 2123
672 1074
673 2478
674 409
675 2354
676 2619
677 2115
678 1009
679 753
680 481
681 1187
682 427
683 1317
684 1958
685 574
686 2240
687 1
688 1976
689 2572
690 2819
691 1734
692 292
693 627
694 2371
695 2525
696 1077
697 25
698 1225
699 306
700 984
701 685
702 1432
703 1985
704 2529
705 981
706 2151
707 2026
708 83
709 2697
710 369
711 1775
712 309
713 1455
714 2991
715 751
716 632
717 316
718 1009
719 1647
720 564
721 1466
722 1562
723 1465
724 1000
725 1734
726 953
727 22
728 8
729 1335
730 2597
731 2941
732 2128
733 91
734 1640
735 2588
736 1248
737 1504
738 828
739 996
740 517
741 1656
742 412
743 1473
744 1027
745 2962
746 2056
747 129
748 1905
749 933
750 563
751 1785
752 1759
753 25
754 595
755 2648
756 617
757 2892
758 1396
759 2884
760 1294
761 368
762 2496
763 2644
764 2722
765 2231
766 1907
767 1058
768 2664
769 1700
770 2977
771 2150
772 2714
773 963
774 2754
775 1908
776 2425
777 950
778 531
779 1497
780 3
781 1243
782 203
783 99
784 304
785 2180
786 2316
787 2783
788 127
789 2958
790 2128
791 219
792 1811
793 669
794 407
795 846
796 211
797 1291
798 1788
799 2820
800 2719
801 1221
802 2846
803 2342
804 2211
805 23
806 2203
807 516
808 2867
809 1734
810 1183
811 2742
812 1650
813 1846
814 2117
815 2664
816 2002
817 1002
818 2558
819 1112
820 2528
821 445
822 1597
823 25
824 398
825 1888
826 2878
827 518
828 859
829 1458
830 568
831 1498
832 1499
833 709
834 2597
835 2943
836 1713
837 768
838 1183
839 2594
840 832
841 190
842 1042
843 554
844 2588
845 45
846 2717
847 2366
848 702
849 2671
850 1524
851 1547
852 1573

