452 38
0 1600
1 1772
2 2520
3 2576
4 2858
5 1684
6 1557
7 2000
8 673
9 2948
10 469
11 2158
12 2413
13 695
14 1940
15 413
16 1566
17 2551
18 1474
19 573
20 1515
21 503
22 2374
23 1216
24 394
25 1953
26 422
27 2461
28 2102
29 2186
30 1772
31 2230
32 131
33 2916
34 206
35 1701
36 737
37 1389
38 1512
39 1065
40 78
41 1608
42 626
43 2799
44 2431
45 586
46 2003
47 2610
48 2489
49 2550
50 2645
51 1464
52 509
53 1993
54 1002
55 2605
56 889
57 1085
58 2468
59 226
60 1319
61 1067
62 70
63 1179
64 911
65 45
66 1225
67 2926
68 915
69 1847
70 2853
71 899
72 355
73 336
74 2912
75 2901
76 2575
77 2636
78 2595
79 2567
80 724
81 2346
82 2284
83 1444
84 1120
85 2476
86 468
87 912
88 2942
89 2553
90 2474
91 2217
92 895
93 1222
94 2027
95 334
96 2477
97 851
98 2489
99 2179
100 551
101 1589
102 2449
103 2224
104 1007
105 2640
106 1078
107 2939
108 2035
109 1920
110 2213
111 1880
112 2332
113 2527
114 1923
115 2057
116 697
117 414
118 2665
119 1438
120 119
121 1397
122 1118
123 1648
124 579
125 1034
126 2916
127 2734
128 2876
129 1597
130 1048
131 1810
132 2523
133 2698
134 1781
135 2913
136 744
137 1228
138 178
139 2599
140 2102
141 503
142 1840
143 2550
144 1564
145 2540
146 2382
147 915
148 469
149 319
150 1103
151 809
152 154
153 914
154 267
155 77
156 1534
157 1606
158 2864
159 203
160 2177
161 809
162 1408
163 629
164 2051
165 2725
166 2113
167 2804
168 2119
169 779
170 1185
171 2742
172 1390
173 1150
174 858
175 531
176 2095
177 1845
178 76
179 2558
180 2542
181 2568
182 2502
183 1226
184 133
185 997
186 227
187 378
188 1569
189 2690
190 2601
191 2076
192 1208
193 1061
194 1541
195 1708
196 1781
197 684
198 1094
199 2795
200 2653
201 767
202 2693
203 2342
204 980
205 1940
206 188
207 1165
208 2712
209 1960
210 1769
211 1674
212 908
213 1454
214 2027
215 1109
216 331
217 2989
218 1526
219 490
220 1273
221 621
222 665
223 2356
224 2738
225 1366
226 1247
227 2881
228 1003
229 1981
230 2961
231 2351
232 145
233 1532
234 952
235 2872
236 1295
237 1845
238 559
239 481
240 1474
241 1743
242 2058
243 1272
244 2281
245 1032
246 2236
247 728
248 1616
249 339
250 2877
251 1818
252 1783
253 2657
254 2136
255 2681
256 363
257 137
258 2974
259 2294
260 1109
261 664
262 1205
263 2906
264 767
265 2603
266 710
267 1122
268 1766
269 1917
270 656
271 2670
272 957
273 1054
274 128
275 1914
276 1123
277 445
278 859
279 926
280 2071
281 2055
282 1674
283 1406
284 2867
285 235
286 412
287 2994
288 202
289 1656
290 831
291 1906
292 69
293 832
294 533
295 2570
296 1921
297 1722
298 381
299 1048
300 262
301 1220
302 488
303 1279
304 2990
305 2429
306 2060
307 46
308 1947
309 1058
310 1944
311 2418
312 2714
313 586
314 2207
315 1837
316 863
317 2043
318 1312
319 1718
320 2211
321 322
322 1961
323 985
324 1313
325 1943
326 2633
327 2300
328 2975
329 111
330 2149
331 150
332 1146
333 1592
334 1195
335 1785
336 2536
337 2914
338 2757
339 1123
340 1437
341 2650
342 2946
343 2337
344 1855
345 2260
346 2540
347 1571
348 2624
349 2937
350 1107
351 1387
352 2983
353 1222
354 1368
355 1610
356 1680
357 2835
358 2057
359 113
360 1142
361 2673
362 1917
363 2006
364 2486
365 1248
366 546
367 701
368 1149
369 1713
370 1051
371 2343
372 772
373 586
374 102
375 1366
376 1550
377 1414
378 1576
379 344
380 2655
381 1785
382 2731
383 2247
384 931
385 951
386 1480
387 2415
388 1415
389 2773
390 945
391 2384
392 1267
393 1908
394 276
395 16
396 1136
397 50
398 259
399 2332
400 1310
401 222
402 382
403 232
404 332
405 351
406 779
407 2316
408 2095
409 870
410 1494
411 1768
412 2364
413 1388
414 787
415 759
416 135
417 1094
418 2188
419 2894
420 986
421 2158
422 1363
423 2895
424 2347
425 1047
426 1267
427 1933
428 2833
429 2559
430 1023
431 2812
432 2514
433 1281
434 2990
435 1415
436 2290
437 2238
438 2951
439 2668
440 2633
441 392
442 2069
443 1087
444 2789
445 2201
446 1393
447 488
448 955
449 1003
450 1852
451 1482

