405 15
0 1063
1 5
2 510
3 2631
4 2947
5 2992
6 1929
7 2618
8 1682
9 2809
10 2810
11 2382
12 2489
13 778
14 1897
15 195
16 2460
17 598
18 1543
19 346
20 1432
21 1168
22 2634
23 592
24 99
25 984
26 2005
27 765
28 637
29 784
30 619
31 356
32 2162
33 2518
34 2265
35 2600
36 2766
37 2064
38 2517
39 2322
40 692
41 923
42 473
43 665
44 1102
45 809
46 2062
47 125
48 2888
49 1820
50 2087
51 130
52 2296
53 452
54 1352
55 122
56 32
57 817
58 683
59 727
60 1254
61 890
62 2547
63 2802
64 96
65 840
66 397
67 1236
68 18
69 99
70 654
71 854
72 1489
73 1872
74 1253
75 1731
76 1061
77 1986
78 671
79 1925
80 2933
81 2200
82 2461
83 1080
84 487
85 500
86 209
87 2697
88 2165
89 2207
90 2563
91 1693
92 1562
93 2144
94 815
95 1609
96 434
97 2273
98 680
99 2734
100 26
101 2441
102 377
103 312
104 79
105 263
106 608
107 539
108 2865
109 1898
110 2284
111 2381
112 2364
113 876
114 2679
115 1008
116 2882
117 1015
118 673
119 2294
120 38
121 1113
122 2495
123 2535
124 1971
125 807
126 450
127 2407
128 366
129 2519
130 595
131 2024
132 953
133 2405
134 2758
135 2663
136 836
137 219
138 2221
139 390
140 1506
141 342
142 2741
143 1610
144 2466
145 8
146 1766
147 1027
148 1245
149 1575
150 66
151 1234
152 2398
153 709
154 273
155 1680
156 755
157 2374
158 2508
159 117
160 5
161 2034
162 1248
163 2745
164 2745
165 30
166 2578
167 1598
168 1322
169 1136
170 2003
171 1086
172 763
173 2989
174 844
175 2993
176 1604
177 2201
178 2555
179 2569
180 2051
181 511
182 2356
183 363
184 1739
185 1009
186 1499
187 2784
188 445
189 2524
190 787
191 2204
192 124
193 2480
194 2813
195 1254
196 1383
197 2445
198 2618
199 1119
200 1497
201 2308
202 2343
203 2227
204 529
205 275
206 2486
207 1949
208 2757
209 721
210 2717
211 2981
212 674
213 2134
214 1974
215 383
216 2389
217 840
218 944
219 633
220 793
221 2596
222 1263
223 2739
224 2688
225 1407
226 1934
227 845
228 2421
229 483
230 1949
231 2909
232 971
233 222
234 1645
235 1688
236 617
237 1836
238 794
239 595
240 1058
241 41
242 355
243 2842
244 878
245 1468
246 1683
247 2298
248 302
249 2727
250 1382
251 431
252 337
253 116
254 2048
255 778
256 2661
257 210
258 676
259 1102
260 1978
261 754
262 1310
263 244
264 2831
265 2787
266 1223
267 2972
268 2176
269 1116
270 505
271 1782
272 1226
273 1191
274 2235
275 372
276 1156
277 1060
278 1693
279 2054
280 171
281 151
282 1385
283 2119
284 434
285 890
286 1852
287 1782
288 713
289 247
290 2110
291 67
292 1949
293 810
294 2378
295 2003
296 2589
297 2443
298 504
299 2117
300 2196
301 1208
302 708
303 1672
304 2154
305 1391
306 2586
307 381
308 319
309 1593
310 781
311 742
312 698
313 2946
314 1814
315 354
316 59
317 645
318 2640
319 975
320 47
321 2444
322 711
323 2934
324 1624
325 1961
326 2783
327 242
328 1326
329 200
330 2980
331 1750
332 1398
333 1785
334 478
335 2838
336 1723
337 2084
338 2935
339 1337
340 2703
341 1571
342 164
343 1109
344 1514
345 87
346 1561
347 952
348 429
349 1161
350 2064
351 2123
352 2888
353 539
354 230
355 1790
356 2620
357 1806
358 1368
359 1478
360 2242
361 1119
362 3000
363 469
364 742
365 2377
366 1577
367 2715
368 1320
369 699
370 761
371 2384
372 996
373 3000
374 1497
375 490
376 259
377 2419
378 2949
379 903
380 2279
381 2163
382 354
383 2065
384 1579
385 1930
386 166
387 184
388 963
389 1984
390 115
391 1113
392 2342
393 1487
394 246
395 2945
396 2837
397 636
398 1921
399 545
400 2535
401 1020
402 1280
403 2291
404 940

