414 17
0 2412
1 523
2 2952
3 2251
4 87
5 453
6 666
7 1678
8 1335
9 322
10 565
11 1698
12 2834
13 461
14 1155
15 384
16 1641
17 1774
18 2966
19 390
20 1039
21 2479
22 1272
23 2677
24 612
25 2020
26 2333
27 2288
28 1640
29 2488
30 455
31 418
32 2876
33 2721
34 1099
35 218
36 1449
37 1363
38 2356
39 2373
40 2227
41 2751
42 2386
43 53
44 1152
45 1245
46 813
47 2798
48 1637
49 266
50 2242
51 2323
52 491
53 2895
54 1804
55 468
56 1363
57 1819
58 314
59 2551
60 1436
61 1867
62 1245
63 897
64 2612
65 1476
66 2252
67 240
68 1999
69 622
70 365
71 2178
72 152
73 2006
74 2561
75 2100
76 2438
77 1339
78 1727
79 144
80 1884
81 2234
82 2706
83 1354
84 930
85 1761
86 2664
87 1280
88 2444
89 1225
90 1207
91 383
92 34
93 1032
94 1546
95 1643
96 2437
97 2464
98 208
99 433
100 2672
101 161
102 1151
103 197
104 42
105 2650
106 1502
107 1679
108 657
109 2789
110 2707
111 120
112 1922
113 1398
114 1509
115 2913
116 1525
117 1224
118 52
119 66
120 986
121 1739
122 1964
123 1855
124 2770
125 178
126 346
127 1904
128 446
129 2060
130 1565
131 794
132 896
133 749
134 224
135 1734
136 149
137 954
138 2992
139 1012
140 969
141 2870
142 891
143 1389
144 1389
145 1589
146 1532
147 2117
148 2633
149 432
150 2962
151 2724
152 2263
153 1192
154 2805
155 1794
156 1845
157 1219
158 2592
159 481
160 2449
161 1506
162 2474
163 2711
164 1872
165 197
166 247
167 2240
168 1241
169 497
170 1203
171 2135
172 611
173 2482
174 2660
175 2369
176 1847
177 1251
178 1613
179 2159
180 2696
181 2796
182 888
183 265
184 847
185 2488
186 294
187 547
188 2555
189 2651
190 599
191 1649
192 1708
193 740
194 1976
195 1785
196 2548
197 1688
198 2962
199 604
200 2216
201 1577
202 1320
203 523
204 1343
205 133
206 1773
207 485
208 1456
209 1203
210 2103
211 2833
212 2115
213 2725
214 2858
215 2310
216 1633
217 418
218 402
219 902
220 612
221 2574
222 216
223 531
224 2832
225 573
226 2797
227 1628
228 427
229 21
230 1045
231 412
232 86
233 2629
234 1417
235 1473
236 2744
237 2842
238 2586
239 2819
240 1113
241 1322
242 2791
243 2804
244 1684
245 803
246 1985
247 2038
248 1826
249 1201
250 1577
251 1178
252 1423
253 2121
254 636
255 878
256 1720
257 2203
258 2949
259 816
260 2285
261 1452
262 2025
263 274
264 379
265 678
266 1434
267 182
268 2615
269 2824
270 1099
271 2401
272 835
273 767
274 755
275 577
276 2797
277 1002
278 190
279 1253
280 2068
281 217
282 269
283 820
284 498
285 1832
286 1529
287 834
288 1810
289 2528
290 1665
291 2867
292 2654
293 182
294 426
295 443
296 225
297 1908
298 604
299 2095
300 1204
301 506
302 1533
303 734
304 14
305 2533
306 2092
307 840
308 326
309 2003
310 2784
311 1685
312 774
313 1588
314 342
315 2452
316 1229
317 917
318 1874
319 562
320 2326
321 2119
322 1034
323 385
324 1784
325 2189
326 2305
327 2440
328 1763
329 2852
330 2040
331 1469
332 890
333 2183
334 2993
335 276
336 2881
337 1326
338 1105
339 2180
340 870
341 436
342 604
343 1820
344 1868
345 1185
346 683
347 2591
348 137
349 2104
350 1091
351 1450
352 1834
353 1770
354 85
355 989
356 591
357 1932
358 1153
359 51
360 1152
361 74
362 948
363 1884
364 1233
365 2865
366 2395
367 2247
368 120
369 2697
370 2268
371 190
372 2563
373 2480
374 205
375 745
376 1826
377 1019
378 1256
379 1445
380 985
381 1554
382 1088
383 2713
384 2312
385 758
386 2040
387 869
388 2468
389 2574
390 1695
391 92
392 661
393 1252
394 2453
395 61
396 1871
397 286
398 2670
399 2497
400 2685
401 868
402 1376
403 1980
404 648
405 218
406 19
407 406
408 2863
409 1930
410 1226
411 1220
412 612
413 2533

