391 10
0 2528
1 365
2 1731
3 690
4 2197
5 2544
6 2394
7 223
8 2795
9 1160
10 2660
11 680
12 1973
13 1404
14 1310
15 2446
16 860
17 2584
18 1836
19 2559
20 2799
21 2377
22 2098
23 1495
24 164
25 1494
26 379
27 2626
28 2512
29 2529
30 2029
31 2042
32 767
33 96
34 332
35 1497
36 2472
37 2220
38 1749
39 2146
40 1195
41 2710
42 2322
43 1897
44 2136
45 1585
46 654
47 365
48 181
49 874
50 2439
51 1020
52 1355
53 894
54 1939
55 157
56 2054
57 1011
58 828
59 380
60 2720
61 832
62 1183
63 1512
64 331
65 2254
66 1508
67 1973
68 1333
69 1000
70 2982
71 1375
72 891
73 1363
74 1912
75 2302
76 2574
77 2646
78 2838
79 2663
80 1041
81 942
82 590
83 2024
84 521
85 34
86 2579
87 1351
88 301
89 2751
90 2240
91 1134
92 2455
93 457
94 2583
95 881
96 996
97 390
98 72
99 2349
100 401
101 1322
102 2292
103 492
104 1271
105 1179
106 1977
107 1432
108 387
109 1096
110 1248
111 2087
112 2869
113 1723
114 640
115 2350
116 1842
117 1611
118 2618
119 662
120 395
121 32
122 2115
123 2720
124 1271
125 2157
126 2391
127 788
128 1396
129 127
130 2685
131 953
132 751
133 2168
134 2841
135 962
136 861
137 2001
138 1518
139 2081
140 2548
141 583
142 2601
143 1873
144 1163
145 2631
146 888
147 484
148 1416
149 1090
150 1606
151 677
152 2260
153 660
154 1739
155 2029
156 2185
157 2229
158 2336
159 469
160 315
161 2003
162 2186
163 2153
164 2905
165 2750
166 1798
167 1055
168 1823
169 2031
170 2826
171 1083
172 1208
173 486
174 2166
175 859
176 914
177 36
178 2683
179 1693
180 2678
181 1942
182 1567
183 2155
184 842
185 1971
186 1364
187 1469
188 2909
189 1805
190 588
191 1324
192 2360
193 1956
194 1495
195 2757
196 1187
197 1800
198 1712
199 1663
200 60
201 796
202 1037
203 2006
204 2490
205 406
206 2888
207 1705
208 1888
209 1875
210 2911
211 213
212 2905
213 1150
214 1072
215 311
216 1435
217 990
218 865
219 1237
220 1508
221 1488
222 2959
223 2991
224 1633
225 2578
226 319
227 1315
228 1557
229 2408
230 2841
231 2141
232 904
233 1877
234 1853
235 1450
236 1910
237 790
238 2491
239 376
240 2700
241 1109
242 419
243 2340
244 2682
245 1067
246 2154
247 2195
248 244
249 2860
250 129
251 824
252 2626
253 2653
254 1013
255 498
256 1248
257 3000
258 1182
259 2878
260 54
261 1728
262 306
263 1379
264 2504
265 402
266 1153
267 705
268 553
269 1278
270 817
271 2821
272 2678
273 568
274 1754
275 2718
276 2546
277 1284
278 635
279 2374
280 1669
281 1936
282 1813
283 2938
284 1358
285 176
286 2331
287 609
288 2850
289 582
290 2693
291 1690
292 1493
293 1020
294 1074
295 866
296 1073
297 1699
298 2142
299 2919
300 1261
301 592
302 2182
303 160
304 2464
305 1214
306 192
307 1984
308 1245
309 412
310 561
311 2319
312 137
313 334
314 459
315 1338
316 785
317 2178
318 749
319 2273
320 698
321 61
322 1125
323 1648
324 738
325 228
326 1154
327 287
328 1548
329 2309
330 760
331 1074
332 819
333 834
334 1630
335 2945
336 1840
337 1556
338 1789
339 833
340 367
341 1476
342 450
343 639
344 715
345 2336
346 2155
347 1083
348 2717
349 1498
350 2059
351 417
352 1423
353 531
354 954
355 2862
356 408
357 1788
358 2768
359 1130
360 2869
361 1935
362 1366
363 2754
364 2959
365 1855
366 372
367 2737
368 142
369 990
370 599
371 734
372 1784
373 1941
374 2691
375 2282
376 2963
377 2372
378 794
379 453
380 324
381 1745
382 1605
383 1128
384 845
385 480
386 2706
387 2851
388 392
389 2022
390 2749

