120 12
0 2761
1 1979
2 2692
3 1298
4 2603
5 2815
6 1959
7 2636
8 136
9 2512
10 657
11 1461
12 2040
13 934
14 1927
15 2026
16 2414
17 2553
18 39
19 279
20 1530
21 392
22 1147
23 1348
24 1662
25 2677
26 902
27 2045
28 774
29 2328
30 913
31 2753
32 60
33 1312
34 1124
35 1505
36 2277
37 2628
38 2904
39 1401
40 2331
41 1223
42 837
43 759
44 959
45 1539
46 145
47 1549
48 1802
49 1118
50 1550
51 1027
52 1508
53 2119
54 1662
55 2976
56 2953
57 2144
58 1323
59 211
60 2592
61 2938
62 2628
63 1536
64 1156
65 2537
66 2076
67 1337
68 1436
69 2797
70 2923
71 342
72 2601
73 2259
74 2827
75 2309
76 2618
77 1402
78 2950
79 80
80 2680
81 2337
82 1970
83 764
84 84
85 1842
86 1098
87 1052
88 404
89 2529
90 449
91 1831
92 2970
93 207
94 2830
95 493
96 2786
97 390
98 2794
99 680
100 343
101 560
102 1235
103 1551
104 1271
105 313
106 1533
107 302
108 2307
109 2997
110 2152
111 2998
112 818
113 763
114 2469
115 1660
116 2015
117 1372
118 2456
119 2552

