633 93
0 1405
1 1315
2 1631
3 1866
4 1953
5 1061
6 2497
7 2138
8 432
9 2674
10 2814
11 2895
12 1306
13 1181
14 2834
15 395
16 2486
17 286
18 127
19 2284
20 2555
21 1914
22 1811
23 1646
24 2237
25 256
26 1656
27 1913
28 1164
29 1629
30 2465
31 281
32 1253
33 1119
34 1327
35 1724
36 669
37 2074
38 2808
39 1504
40 2816
41 1692
42 1464
43 733
44 2652
45 2508
46 1193
47 752
48 1768
49 778
50 2568
51 178
52 2656
53 101
54 2138
55 321
56 933
57 1702
58 1204
59 1037
60 614
61 2946
62 2707
63 1832
64 984
65 1164
66 2145
67 586
68 2261
69 1958
70 269
71 50
72 1639
73 717
74 2767
75 2881
76 316
77 2596
78 228
79 1109
80 259
81 1770
82 1488
83 63
84 110
85 1650
86 1563
87 2442
88 482
89 1335
90 1014
91 2432
92 175
93 69
94 1674
95 2890
96 2951
97 2677
98 1396
99 480
100 2924
101 1300
102 2218
103 1012
104 594
105 104
106 2485
107 2492
108 1773
109 1383
110 2484
111 1209
112 2564
113 928
114 181
115 889
116 1221
117 1913
118 1333
119 194
120 2356
121 1404
122 428
123 2456
124 900
125 2519
126 888
127 1864
128 1448
129 144
130 2899
131 1370
132 2427
133 2353
134 2330
135 2737
136 2683
137 1800
138 1728
139 2728
140 1160
141 1050
142 979
143 1129
144 2469
145 279
146 2661
147 51
148 1928
149 2979
150 2540
151 2496
152 2864
153 1253
154 923
155 2149
156 2806
157 1285
158 1817
159 2954
160 2682
161 2661
162 687
163 1066
164 2328
165 2327
166 1266
167 2924
168 1262
169 1864
170 851
171 523
172 2810
173 254
174 2870
175 1131
176 2910
177 1292
178 2089
179 883
180 2358
181 2413
182 1194
183 1512
184 2814
185 1370
186 2174
187 1720
188 1285
189 1387
190 2144
191 1380
192 1682
193 2620
194 2467
195 94
196 1080
197 957
198 2002
199 2925
200 802
201 1141
202 377
203 1394
204 2938
205 1536
206 368
207 1520
208 2143
209 2729
210 2847
211 2403
212 1633
213 2344
214 2211
215 1661
216 2762
217 2833
218 794
219 2252
220 1282
221 2462
222 2214
223 1448
224 1310
225 2393
226 1323
227 1497
228 633
229 41
230 1006
231 1482
232 361
233 1484
234 1960
235 2195
236 2411
237 2000
238 1596
239 933
240 2043
241 1340
242 1782
243 307
244 2114
245 1644
246 1574
247 486
248 851
249 1714
250 2686
251 2847
252 1432
253 1059
254 218
255 1270
256 718
257 2005
258 674
259 2850
260 2396
261 1175
262 2561
263 2128
264 1104
265 2664
266 849
267 761
268 1467
269 1365
270 1253
271 2978
272 167
273 371
274 927
275 140
276 1832
277 1393
278 1819
279 2906
280 1466
281 1369
282 211
283 85
284 261
285 2356
286 2788
287 889
288 342
289 2761
290 2605
291 27
292 1944
293 2745
294 2684
295 2436
296 181
297 930
298 1282
299 113
300 263
301 2408
302 1421
303 2175
304 1953
305 2554
306 936
307 24
308 221
309 2353
310 1302
311 2757
312 1965
313 740
314 157
315 2314
316 1031
317 422
318 1527
319 1626
320 1544
321 1296
322 2921
323 713
324 1314
325 1104
326 458
327 2970
328 2892
329 994
330 2670
331 2850
332 2298
333 2879
334 5
335 975
336 1619
337 950
338 2873
339 168
340 2884
341 2363
342 718
343 1421
344 2716
345 1886
346 1802
347 740
348 2764
349 1234
350 471
351 238
352 2072
353 175
354 320
355 1891
356 547
357 470
358 1755
359 2529
360 820
361 2355
362 1300
363 1469
364 799
365 2526
366 1983
367 1216
368 1688
369 769
370 963
371 1269
372 2651
373 768
374 1165
375 937
376 1591
377 1241
378 2481
379 1434
380 2269
381 1289
382 1429
383 1321
384 2240
385 2588
386 1223
387 570
388 1266
389 2534
390 2454
391 2796
392 639
393 2686
394 2820
395 1122
396 1591
397 1173
398 2660
399 1922
400 2483
401 312
402 129
403 1324
404 900
405 242
406 1184
407 135
408 2731
409 1375
410 2280
411 2902
412 2402
413 1164
414 1190
415 2684
416 1180
417 2634
418 2259
419 2972
420 1741
421 2425
422 89
423 737
424 175
425 873
426 781
427 2287
428 2910
429 921
430 2512
431 1434
432 1975
433 457
434 1277
435 2941
436 162
437 2210
438 2493
439 2902
440 2140
441 377
442 580
443 282
444 834
445 2143
446 2366
447 2056
448 1807
449 2670
450 2482
451 1447
452 1006
453 2102
454 2186
455 645
456 1046
457 1334
458 1709
459 115
460 1754
461 427
462 1438
463 567
464 1326
465 1893
466 2831
467 2323
468 1354
469 1732
470 2343
471 2658
472 1678
473 1527
474 1979
475 2696
476 2104
477 935
478 1162
479 968
480 2637
481 2736
482 2978
483 560
484 2998
485 132
486 306
487 1930
488 1921
489 2760
490 1263
491 2491
492 1865
493 1189
494 2481
495 1185
496 318
497 2095
498 707
499 1712
500 2980
501 1702
502 1914
503 84
504 2780
505 2741
506 2161
507 2840
508 641
509 271
510 462
511 2370
512 2788
513 509
514 1383
515 2453
516 1300
517 1915
518 788
519 1770
520 2982
521 2734
522 1789
523 2579
524 142
525 2389
526 656
527 246
528 1130
529 2873
530 1290
531 2940
532 329
533 2212
534 1272
535 781
536 760
537 2809
538 1743
539 1593
540 1620
541 1994
542 2058
543 1075
544 2353
545 2772
546 284
547 506
548 1158
549 353
550 2180
551 277
552 1651
553 1116
554 674
555 2042
556 1955
557 1870
558 586
559 1610
560 2745
561 541
562 147
563 1228
564 2702
565 901
566 1942
567 2618
568 536
569 297
570 748
571 1849
572 2578
573 428
574 112
575 350
576 2232
577 366
578 1835
579 507
580 1586
581 1792
582 187
583 208
584 2732
585 950
586 2094
587 2975
588 432
589 2142
590 188
591 2112
592 1998
593 2920
594 245
595 475
596 1759
597 1838
598 1566
599 1821
600 2409
601 2230
602 214
603 1346
604 2186
605 1236
606 746
607 2202
608 1336
609 103
610 1265
611 530
612 2297
613 2328
614 459
615 739
616 803
617 1757
618 1154
619 1324
620 2154
621 1814
622 1859
623 2512
624 1160
625 477
626 1231
627 834
628 2799
629 1023
630 2564
631 2373
632 2154

