658 35
0 2962
1 2018
2 2461
3 2372
4 2903
5 890
6 2175
7 1493
8 175
9 2699
10 2759
11 339
12 474
13 726
14 2689
15 2122
16 1609
17 215
18 2800
19 2925
20 2285
21 244
22 959
23 961
24 1034
25 1497
26 2629
27 1696
28 2249
29 503
30 555
31 2437
32 1008
33 2437
34 272
35 2155
36 2981
37 2606
38 2276
39 2262
40 391
41 960
42 738
43 1623
44 14
45 2180
46 393
47 2058
48 2766
49 65
50 1240
51 371
52 1502
53 215
54 1537
55 764
56 209
57 497
58 2889
59 257
60 1361
61 2494
62 998
63 336
64 1104
65 2835
66 1604
67 2138
68 1059
69 1701
70 2247
71 2276
72 2578
73 395
74 1636
75 2294
76 717
77 963
78 1838
79 714
80 1467
81 2928
82 2883
83 2558
84 2655
85 2002
86 2047
87 1097
88 394
89 534
90 339
91 1545
92 17
93 2571
94 963
95 1589
96 2358
97 1541
98 744
99 2087
100 414
101 1415
102 2013
103 2113
104 913
105 2585
106 1793
107 1014
108 2775
109 1495
110 2600
111 482
112 1394
113 137
114 1427
115 1886
116 2869
117 511
118 161
119 1524
120 842
121 2699
122 2498
123 2750
124 1444
125 952
126 1377
127 1463
128 815
129 1280
130 476
131 969
132 1179
133 1311
134 2281
135 1229
136 2567
137 229
138 1547
139 1646
140 2413
141 1439
142 2494
143 2266
144 1346
145 2730
146 2267
147 1434
148 2109
149 2629
150 952
151 1767
152 2409
153 402
154 740
155 1639
156 2907
157 609
158 242
159 456
160 2635
161 30
162 943
163 2490
164 2441
165 2603
166 603
167 713
168 1048
169 1306
170 688
171 158
172 2581
173 895
174 2997
175 1832
176 955
177 569
178 2277
179 282
180 307
181 407
182 2169
183 819
184 2910
185 1297
186 2777
187 2855
188 2234
189 1290
190 138
191 1181
192 1298
193 1282
194 1336
195 2774
196 1762
197 1599
198 733
199 529
200 1582
201 1000
202 2793
203 1885
204 1059
205 1010
206 1760
207 2772
208 1616
209 1626
210 1206
211 159
212 1545
213 2013
214 1995
215 1606
216 742
217 2858
218 1102
219 749
220 1574
221 183
222 2819
223 1733
224 2946
225 1845
226 795
227 1960
228 419
229 2318
230 1587
231 2100
232 2373
233 1060
234 2646
235 472
236 2325
237 2012
238 1612
239 122
240 1126
241 1681
242 1268
243 632
244 1494
245 2481
246 2344
247 1099
248 534
249 1111
250 2454
251 1475
252 2700
253 2203
254 178
255 1357
256 18
257 841
258 1866
259 1565
260 1830
261 2842
262 2414
263 1177
264 1874
265 599
266 2376
267 174
268 1275
269 246
270 475
271 204
272 384
273 2956
274 1665
275 2807
276 12
277 322
278 2794
279 2286
280 548
281 2345
282 1756
283 889
284 54
285 2139
286 2728
287 2350
288 1537
289 219
290 2660
291 635
292 1913
293 771
294 2313
295 2215
296 2822
297 2954
298 2574
299 2990
300 1025
301 758
302 643
303 835
304 268
305 1357
306 309
307 986
308 1331
309 918
310 1349
311 841
312 2640
313 2093
314 1034
315 2245
316 1416
317 439
318 1689
319 2970
320 1524
321 929
322 1719
323 1393
324 1827
325 2599
326 671
327 2512
328 453
329 709
330 2062
331 2343
332 1316
333 754
334 2436
335 1331
336 2844
337 681
338 639
339 1823
340 21
341 741
342 2545
343 1165
344 1827
345 1069
346 2997
347 451
348 2426
349 2438
350 73
351 650
352 955
353 1359
354 375
355 1519
356 1329
357 459
358 113
359 2844
360 1826
361 2371
362 1695
363 197
364 2113
365 912
366 2247
367 2518
368 1299
369 1752
370 2202
371 822
372 2917
373 650
374 1951
375 1922
376 2709
377 895
378 472
379 1794
380 2469
381 745
382 112
383 160
384 581
385 2424
386 1773
387 2050
388 551
389 2782
390 1380
391 594
392 1428
393 568
394 943
395 1506
396 2363
397 674
398 906
399 1559
400 2878
401 2359
402 822
403 1216
404 1303
405 1701
406 1556
407 2626
408 1612
409 1574
410 2803
411 158
412 2120
413 1208
414 2094
415 2777
416 300
417 1039
418 141
419 1291
420 2812
421 2881
422 1228
423 2332
424 1301
425 210
426 1979
427 1940
428 9
429 1498
430 1571
431 2621
432 1502
433 508
434 1626
435 153
436 758
437 80
438 2363
439 961
440 2466
441 2459
442 2321
443 61
444 2046
445 2128
446 2130
447 1366
448 2934
449 2922
450 2408
451 891
452 188
453 2225
454 2579
455 2910
456 1403
457 1077
458 735
459 582
460 818
461 740
462 1047
463 2584
464 2334
465 1663
466 1602
467 1959
468 1296
469 1240
470 2844
471 460
472 2395
473 1006
474 2109
475 2995
476 2128
477 303
478 378
479 1878
480 690
481 1464
482 1343
483 1789
484 452
485 2238
486 405
487 2796
488 1259
489 1433
490 473
491 1668
492 561
493 43
494 804
495 1049
496 347
497 2021
498 1585
499 2609
500 993
501 2450
502 216
503 2048
504 1854
505 661
506 776
507 389
508 2759
509 1337
510 2325
511 2274
512 1373
513 1707
514 1352
515 384
516 1650
517 2450
518 86
519 210
520 779
521 1333
522 2713
523 202
524 2531
525 2532
526 645
527 1118
528 1827
529 1480
530 1957
531 2281
532 37
533 2676
534 198
535 1292
536 488
537 2822
538 275
539 964
540 694
541 2161
542 2122
543 2078
544 1452
545 2401
546 580
547 746
548 74
549 1356
550 2959
551 2007
552 45
553 2287
554 1723
555 2521
556 658
557 552
558 1182
559 777
560 1719
561 1978
562 2422
563 2542
564 2927
565 2692
566 2219
567 507
568 843
569 1671
570 1578
571 784
572 369
573 2800
574 239
575 83
576 2240
577 666
578 231
579 2403
580 2876
581 13
582 127
583 749
584 1583
585 215
586 537
587 2601
588 1798
589 2891
590 2098
591 351
592 430
593 385
594 1761
595 2979
596 2857
597 1016
598 1393
599 2159
600 495
601 1769
602 788
603 2198
604 1593
605 2118
606 2488
607 2820
608 445
609 2847
610 1008
611 51
612 1954
613 338
614 81
615 407
616 1471
617 578
618 1204
619 574
620 2540
621 1534
622 2323
623 997
624 2019
625 2959
626 1929
627 2723
628 1769
629 229
630 2819
631 2571
632 2273
633 1239
634 1310
635 948
636 1308
637 80
638 1720
639 1514
640 252
641 961
642 1551
643 2005
644 1409
645 523
646 2853
647 2200
648 2973
649 2868
650 2971
651 900
652 1690
653 1039
654 1402
655 1388
656 450
657 1393

