203 21
0 1575
1 1818
2 2453
3 2181
4 1157
5 1519
6 29
7 213
8 2859
9 1752
10 2306
11 2318
12 2486
13 767
14 1893
15 2755
16 1390
17 245
18 2534
19 1968
20 1838
21 2761
22 2232
23 821
24 348
25 122
26 2901
27 617
28 1192
29 877
30 2357
31 1818
32 143
33 2509
34 1001
35 2642
36 2589
37 1517
38 513
39 1269
40 77
41 143
42 595
43 865
44 1970
45 2602
46 2045
47 1587
48 2983
49 1191
50 1282
51 1438
52 2473
53 1387
54 1351
55 366
56 2060
57 869
58 593
59 1812
60 142
61 1616
62 2891
63 2569
64 973
65 1141
66 2670
67 315
68 2424
69 2884
70 1700
71 1484
72 1816
73 1086
74 622
75 1272
76 2867
77 267
78 1334
79 515
80 2545
81 151
82 2455
83 808
84 104
85 2156
86 2274
87 2673
88 1728
89 2170
90 917
91 2275
92 484
93 388
94 1797
95 1585
96 2064
97 2612
98 941
99 2022
100 2174
101 375
102 164
103 1520
104 2431
105 1825
106 1099
107 137
108 2216
109 2825
110 827
111 1945
112 218
113 2534
114 1525
115 860
116 1026
117 836
118 1217
119 869
120 1305
121 2631
122 20
123 1365
124 592
125 209
126 2077
127 907
128 2243
129 2248
130 1204
131 1312
132 703
133 2270
134 1826
135 1846
136 2798
137 2116
138 1912
139 314
140 1426
141 2446
142 678
143 2031
144 2680
145 1738
146 2006
147 2810
148 577
149 1528
150 589
151 249
152 2649
153 375
154 416
155 67
156 1995
157 1373
158 344
159 666
160 956
161 148
162 1052
163 2259
164 1737
165 420
166 551
167 805
168 1979
169 1951
170 1722
171 1628
172 1121
173 2002
174 2326
175 1385
176 2163
177 1662
178 2770
179 1909
180 2075
181 1307
182 1663
183 1053
184 857
185 1273
186 960
187 1451
188 2995
189 2946
190 2723
191 2942
192 1727
193 517
194 2503
195 2886
196 2884
197 226
198 2000
199 1613
200 810
201 360
202 2428

