665 80
0 1509
1 2600
2 628
3 2581
4 1349
5 2117
6 2188
7 1268
8 1482
9 1805
10 2246
11 456
12 2320
13 1342
14 1724
15 1214
16 345
17 2877
18 98
19 168
20 387
21 992
22 1004
23 1503
24 1461
25 1514
26 2351
27 2347
28 2891
29 192
30 1768
31 2351
32 509
33 525
34 700
35 2446
36 1210
37 1094
38 2974
39 2384
40 1996
41 375
42 1846
43 2570
44 1098
45 2775
46 2114
47 328
48 187
49 676
50 2889
51 2726
52 2568
53 2424
54 2383
55 1117
56 2810
57 1002
58 2378
59 1346
60 307
61 1946
62 527
63 1482
64 361
65 598
66 70
67 1087
68 1932
69 346
70 2429
71 2371
72 2800
73 1946
74 117
75 1972
76 314
77 2004
78 1513
79 1016
80 1750
81 348
82 974
83 1875
84 1762
85 811
86 985
87 1490
88 1395
89 1362
90 2172
91 1191
92 535
93 1285
94 636
95 978
96 2541
97 1888
98 1085
99 2387
100 2866
101 2985
102 1362
103 1487
104 1661
105 1851
106 451
107 357
108 575
109 2883
110 849
111 1605
112 635
113 400
114 2631
115 177
116 2002
117 459
118 2538
119 61
120 816
121 2045
122 2051
123 1894
124 2854
125 2522
126 1288
127 1196
128 1529
129 1159
130 2893
131 499
132 2653
133 949
134 561
135 1056
136 931
137 293
138 107
139 2922
140 943
141 2972
142 2256
143 1665
144 2161
145 1602
146 519
147 259
148 1359
149 1109
150 2955
151 2529
152 2352
153 183
154 1834
155 1708
156 807
157 911
158 1753
159 2364
160 2154
161 2781
162 2316
163 1503
164 40
165 2226
166 2688
167 102
168 1463
169 1686
170 570
171 2525
172 1595
173 824
174 935
175 1942
176 2636
177 1887
178 544
179 2972
180 639
181 2949
182 276
183 1728
184 715
185 2068
186 2859
187 1215
188 1964
189 1592
190 268
191 1646
192 1771
193 575
194 2726
195 1951
196 2062
197 301
198 2580
199 949
200 837
201 2304
202 1819
203 2963
204 1353
205 2324
206 405
207 1102
208 2735
209 2814
210 792
211 2737
212 2163
213 2932
214 2664
215 1919
216 1444
217 2911
218 1105
219 2299
220 1797
221 1543
222 619
223 945
224 1679
225 1156
226 246
227 2486
228 2115
229 2082
230 208
231 1752
232 845
233 1498
234 230
235 264
236 2389
237 2344
238 2540
239 2911
240 1306
241 1336
242 1106
243 1375
244 570
245 1106
246 1303
247 348
248 2618
249 528
250 1406
251 1654
252 1735
253 2610
254 711
255 1224
256 279
257 1272
258 2872
259 895
260 2587
261 937
262 1846
263 940
264 1517
265 1081
266 1300
267 2909
268 2468
269 1091
270 394
271 2624
272 1602
273 2763
274 1481
275 1643
276 1249
277 1625
278 649
279 2604
280 888
281 527
282 861
283 1131
284 2941
285 2430
286 886
287 1215
288 1132
289 2936
290 645
291 720
292 2167
293 1195
294 174
295 608
296 2109
297 2189
298 2228
299 1008
300 2970
301 1205
302 570
303 834
304 2444
305 118
306 667
307 1788
308 2422
309 2000
310 1936
311 1969
312 2983
313 87
314 2441
315 1700
316 1303
317 1107
318 2553
319 2760
320 654
321 75
322 1505
323 647
324 311
325 311
326 1100
327 888
328 930
329 1191
330 883
331 2777
332 2284
333 1606
334 2149
335 365
336 1035
337 2255
338 933
339 329
340 2190
341 324
342 1857
343 1125
344 2966
345 448
346 2693
347 867
348 2686
349 2719
350 785
351 2056
352 750
353 1337
354 2493
355 2065
356 206
357 2165
358 1395
359 677
360 79
361 1192
362 2992
363 36
364 1453
365 49
366 2421
367 1661
368 2489
369 1098
370 480
371 219
372 517
373 730
374 81
375 2955
376 2494
377 731
378 787
379 1105
380 1469
381 349
382 2999
383 588
384 1232
385 229
386 215
387 2690
388 917
389 2108
390 1897
391 2503
392 1617
393 1454
394 136
395 1778
396 2637
397 2930
398 199
399 3
400 1715
401 2202
402 1668
403 400
404 856
405 2358
406 925
407 1531
408 134
409 1713
410 1644
411 1044
412 2988
413 1499
414 2018
415 2374
416 572
417 2590
418 2501
419 793
420 1148
421 136
422 1360
423 1738
424 2467
425 1487
426 1899
427 942
428 2432
429 1027
430 898
431 1222
432 604
433 1037
434 595
435 1665
436 595
437 1930
438 1434
439 1859
440 2285
441 2247
442 664
443 518
444 2858
445 2626
446 205
447 1044
448 83
449 1596
450 2179
451 1623
452 2628
453 1979
454 678
455 1048
456 1859
457 2960
458 374
459 2013
460 968
461 2322
462 402
463 2093
464 887
465 2096
466 2571
467 2065
468 2620
469 1828
470 2561
471 1544
472 2507
473 1042
474 1367
475 1462
476 366
477 2114
478 1672
479 1388
480 2636
481 2250
482 2477
483 2271
484 2179
485 1882
486 392
487 1230
488 1189
489 137
490 1005
491 1143
492 1647
493 2461
494 1629
495 2833
496 2102
497 2952
498 655
499 568
500 816
501 1860
502 2962
503 2098
504 1260
505 516
506 1756
507 1668
508 1550
509 2709
510 1820
511 832
512 1285
513 1075
514 2986
515 1335
516 443
517 2717
518 2582
519 2371
520 442
521 1458
522 2654
523 669
524 174
525 1051
526 2599
527 241
528 80
529 154
530 1252
531 1973
532 1890
533 1544
534 792
535 308
536 1462
537 1591
538 2200
539 1189
540 962
541 1524
542 174
543 317
544 1464
545 202
546 751
547 172
548 2191
549 2436
550 2064
551 2368
552 1107
553 100
554 2446
555 955
556 1155
557 1403
558 2004
559 967
560 2388
561 900
562 1986
563 577
564 588
565 2112
566 370
567 481
568 770
569 2975
570 1946
571 616
572 1991
573 1527
574 2991
575 385
576 486
577 2040
578 1124
579 2041
580 1797
581 2466
582 1369
583 2822
584 2122
585 1909
586 2436
587 400
588 1978
589 1097
590 43
591 1993
592 550
593 796
594 380
595 538
596 243
597 407
598 193
599 562
600 412
601 663
602 2117
603 1440
604 1278
605 2228
606 1058
607 2660
608 2596
609 1273
610 2267
611 2230
612 1205
613 1251
614 804
615 1212
616 1708
617 507
618 2494
619 657
620 147
621 1912
622 132
623 1602
624 930
625 2758
626 1412
627 749
628 1212
629 767
630 84
631 936
632 1099
633 1317
634 1574
635 529
636 2391
637 179
638 883
639 964
640 1798
641 166
642 2316
643 265
644 1638
645 556
646 2365
647 960
648 1097
649 1362
650 377
651 1642
652 2821
653 379
654 411
655 1030
656 231
657 592
658 785
659 488
660 1285
661 2452
662 1536
663 117
664 1030

