299 2
0 734
1 39
2 2231
3 1951
4 2819
5 393
6 2776
7 2759
8 2548
9 699
10 1368
11 1866
12 1513
13 1209
14 1734
15 2158
16 2009
17 677
18 2526
19 2152
20 669
21 1774
22 1677
23 1822
24 1929
25 579
26 1107
27 719
28 2438
29 1649
30 69
31 1419
32 1858
33 1414
34 2900
35 1893
36 424
37 1061
38 2807
39 2542
40 455
41 1515
42 2776
43 627
44 1557
45 1015
46 329
47 1444
48 2745
49 2104
50 2072
51 436
52 859
53 1263
54 1992
55 2013
56 512
57 872
58 1753
59 1237
60 1950
61 285
62 781
63 1287
64 1300
65 2734
66 2059
67 1070
68 1740
69 2106
70 1335
71 2358
72 301
73 1250
74 270
75 2611
76 384
77 2421
78 2647
79 2166
80 273
81 19
82 165
83 1770
84 354
85 514
86 2268
87 0
88 1766
89 2079
90 787
91 782
92 38
93 751
94 1600
95 868
96 712
97 2554
98 2137
99 1961
100 1060
101 486
102 1209
103 2534
104 2139
105 2039
106 2736
107 1033
108 890
109 1405
110 456
111 851
112 2721
113 2029
114 2869
115 75
116 313
117 2005
118 2288
119 1006
120 1586
121 2966
122 2371
123 18
124 2241
125 1228
126 1298
127 1087
128 2026
129 931
130 2747
131 1090
132 995
133 2819
134 1313
135 1396
136 1635
137 2979
138 2785
139 416
140 677
141 2213
142 2948
143 2517
144 2259
145 606
146 1558
147 625
148 2486
149 177
150 1175
151 1458
152 1902
153 2034
154 2243
155 1163
156 2789
157 346
158 859
159 1920
160 1222
161 2397
162 2246
163 2734
164 760
165 203
166 248
167 456
168 975
169 1791
170 2261
171 1054
172 591
173 1653
174 2029
175 2439
176 1238
177 241
178 1342
179 88
180 681
181 391
182 2381
183 1525
184 1293
185 2159
186 541
187 1280
188 1865
189 2529
190 686
191 1572
192 1297
193 37
194 2226
195 1392
196 625
197 2920
198 1932
199 1459
200 1708
201 1400
202 2840
203 1908
204 534
205 2412
206 2201
207 684
208 2967
209 2160
210 229
211 133
212 1432
213 397
214 957
215 2018
216 620
217 2260
218 784
219 2181
220 1346
221 2082
222 1022
223 2399
224 890
225 2225
226 1497
227 2395
228 1630
229 1296
230 36
231 165
232 494
233 1355
234 314
235 465
236 763
237 1707
238 1450
239 308
240 2148
241 2170
242 2157
243 2081
244 641
245 2987
246 2586
247 310
248 1458
249 2966
250 262
251 1898
252 933
253 1329
254 1972
255 2925
256 1781
257 2921
258 887
259 2282
260 881
261 2907
262 1985
263 2624
264 2153
265 1991
266 2930
267 2093
268 2466
269 176
270 1848
271 762
272 207
273 1012
274 1782
275 2714
276 1892
277 2147
278 2745
279 152
280 1325
281 2640
282 2869
283 2670
284 2777
285 155
286 1344
287 1750
288 1012
289 534
290 1426
291 54
292 55
293 1985
294 2821
295 1169
296 1256
297 1765
298 1344

