141 21
0 877
1 858
2 2165
3 2321
4 220
5 2045
6 1277
7 2778
8 738
9 1745
10 455
11 760
12 404
13 1113
14 2790
15 1218
16 2111
17 1028
18 1782
19 1037
20 212
21 851
22 2771
23 2331
24 1475
25 773
26 2665
27 1917
28 1854
29 1753
30 2666
31 534
32 2992
33 908
34 266
35 1007
36 1757
37 381
38 2233
39 2569
40 1091
41 584
42 1160
43 1691
44 257
45 886
46 2052
47 1143
48 1605
49 665
50 2216
51 1335
52 1935
53 2421
54 736
55 1513
56 1716
57 1415
58 158
59 2050
60 1214
61 1863
62 2329
63 2786
64 668
65 842
66 1611
67 2600
68 1986
69 2331
70 250
71 2661
72 2234
73 1321
74 403
75 717
76 405
77 2847
78 1330
79 1164
80 330
81 297
82 339
83 1700
84 797
85 2686
86 2783
87 1541
88 1489
89 1182
90 2331
91 85
92 2582
93 2900
94 907
95 2516
96 2644
97 2607
98 454
99 1289
100 860
101 803
102 566
103 1481
104 1910
105 2776
106 2699
107 93
108 525
109 1207
110 886
111 1226
112 1624
113 1475
114 2765
115 936
116 2346
117 2200
118 146
119 2231
120 2193
121 2410
122 2507
123 2969
124 2784
125 1757
126 1790
127 1683
128 1047
129 2016
130 2034
131 2015
132 387
133 1819
134 1086
135 557
136 1706
137 487
138 2685
139 2335
140 277

