237 43
0 2265
1 1659
2 1214
3 2697
4 2526
5 158
6 393
7 452
8 1236
9 2620
10 1885
11 264
12 2729
13 1482
14 1822
15 960
16 2751
17 2584
18 902
19 336
20 1734
21 2557
22 805
23 1807
24 553
25 984
26 1544
27 1162
28 357
29 2857
30 909
31 2195
32 361
33 2499
34 2229
35 1266
36 354
37 64
38 2894
39 2625
40 474
41 2707
42 1281
43 1159
44 1629
45 1147
46 2263
47 2110
48 593
49 2444
50 976
51 712
52 332
53 130
54 1506
55 1560
56 1630
57 1750
58 187
59 2551
60 1938
61 2294
62 1406
63 996
64 2792
65 1782
66 2337
67 2626
68 1954
69 2265
70 1385
71 1424
72 1316
73 2742
74 1342
75 2936
76 1806
77 2366
78 2453
79 2349
80 2848
81 1294
82 877
83 2210
84 2859
85 1848
86 345
87 773
88 1596
89 2922
90 655
91 1936
92 2736
93 86
94 991
95 1740
96 356
97 774
98 1269
99 2781
100 316
101 2376
102 110
103 850
104 2535
105 313
106 1446
107 1172
108 2246
109 2136
110 1479
111 523
112 13
113 2849
114 1408
115 2344
116 197
117 349
118 856
119 2931
120 2997
121 283
122 2991
123 1446
124 128
125 1257
126 198
127 1816
128 1411
129 291
130 2767
131 2769
132 2982
133 304
134 2807
135 347
136 241
137 1110
138 1022
139 2442
140 2629
141 1779
142 1720
143 2922
144 735
145 2026
146 2329
147 371
148 2215
149 657
150 82
151 1788
152 1351
153 687
154 2223
155 2947
156 1969
157 2013
158 2989
159 1212
160 2126
161 2179
162 2082
163 2744
164 643
165 68
166 1063
167 2957
168 554
169 2469
170 1069
171 1743
172 2361
173 721
174 493
175 2394
176 1271
177 2957
178 2608
179 2513
180 604
181 2808
182 666
183 1140
184 708
185 1766
186 2294
187 1417
188 1710
189 2977
190 2471
191 1691
192 1954
193 523
194 1071
195 289
196 2044
197 606
198 2409
199 2859
200 2870
201 173
202 1555
203 1851
204 1309
205 2864
206 2
207 2048
208 1069
209 972
210 295
211 1957
212 78
213 1400
214 2953
215 241
216 525
217 2332
218 2989
219 1786
220 1944
221 1763
222 2643
223 481
224 1294
225 350
226 2504
227 1623
228 855
229 2142
230 1405
231 2565
232 648
233 20
234 632
235 2180
236 1817

