239 57
0 1875
1 451
2 2407
3 1436
4 868
5 930
6 1451
7 2730
8 1746
9 227
10 603
11 1389
12 1214
13 2194
14 1295
15 343
16 2880
17 1636
18 710
19 2119
20 2181
21 1714
22 746
23 2512
24 1549
25 557
26 65
27 439
28 236
29 2573
30 2604
31 805
32 347
33 2884
34 2999
35 2012
36 1568
37 2176
38 2927
39 1632
40 706
41 124
42 2418
43 448
44 724
45 1425
46 2695
47 2569
48 1819
49 2222
50 2917
51 617
52 607
53 2348
54 1283
55 355
56 124
57 1360
58 945
59 524
60 1433
61 528
62 1347
63 1438
64 2634
65 820
66 2662
67 664
68 1605
69 307
70 1717
71 2262
72 2405
73 1084
74 327
75 983
76 2617
77 2473
78 2135
79 2042
80 2455
81 1730
82 1736
83 1880
84 1493
85 1483
86 1681
87 2382
88 1877
89 1483
90 1192
91 722
92 1954
93 2724
94 2027
95 104
96 746
97 400
98 1251
99 1619
100 382
101 283
102 1294
103 2034
104 2522
105 2864
106 955
107 1916
108 2340
109 1323
110 1088
111 2275
112 1850
113 1624
114 1386
115 1720
116 24
117 1148
118 1055
119 2685
120 549
121 272
122 2593
123 618
124 1295
125 570
126 1750
127 1307
128 601
129 2373
130 353
131 1911
132 395
133 820
134 1545
135 2312
136 2572
137 1525
138 627
139 1670
140 2726
141 1121
142 2209
143 1324
144 771
145 25
146 536
147 837
148 1616
149 131
150 676
151 911
152 494
153 2434
154 1176
155 1294
156 741
157 125
158 1865
159 2729
160 729
161 2968
162 2049
163 784
164 2364
165 374
166 1687
167 803
168 2687
169 2012
170 1825
171 1755
172 2656
173 1670
174 1827
175 2945
176 2200
177 1057
178 2806
179 1364
180 31
181 2814
182 629
183 176
184 2606
185 2202
186 1090
187 2018
188 552
189 1350
190 2724
191 2374
192 597
193 42
194 2145
195 1555
196 2767
197 1174
198 980
199 183
200 1462
201 2050
202 2458
203 729
204 1713
205 2195
206 2680
207 68
208 2431
209 1517
210 1656
211 288
212 290
213 2623
214 935
215 1119
216 1126
217 824
218 2998
219 2279
220 1923
221 316
222 1080
223 660
224 1539
225 810
226 1070
227 2208
228 702
229 822
230 1660
231 482
232 2964
233 1007
234 2554
235 2423
236 1152
237 1858
238 688

