544 19
0 1653
1 2367
2 2770
3 2118
4 1682
5 1330
6 947
7 1699
8 1148
9 2005
10 1923
11 307
12 1771
13 178
14 2068
15 108
16 2044
17 1988
18 2901
19 554
20 1083
21 714
22 363
23 525
24 1663
25 1925
26 2280
27 1897
28 2576
29 1601
30 1250
31 2465
32 162
33 1007
34 2823
35 2423
36 359
37 2364
38 757
39 1578
40 871
41 2063
42 660
43 229
44 851
45 2681
46 1965
47 1245
48 771
49 2382
50 1400
51 2676
52 2693
53 1075
54 2103
55 2127
56 498
57 252
58 445
59 2027
60 1383
61 2152
62 629
63 1545
64 2172
65 2654
66 713
67 2718
68 2379
69 2690
70 2668
71 1151
72 1646
73 1671
74 706
75 2825
76 932
77 1538
78 2281
79 1487
80 1885
81 289
82 1986
83 2805
84 64
85 1739
86 814
87 997
88 2776
89 2306
90 2767
91 486
92 1400
93 57
94 2256
95 2597
96 2270
97 207
98 1128
99 2708
100 2126
101 2495
102 2104
103 754
104 237
105 2603
106 2494
107 859
108 2806
109 2012
110 2189
111 384
112 807
113 2533
114 1697
115 601
116 1562
117 2484
118 2518
119 1813
120 2223
121 120
122 453
123 929
124 616
125 2015
126 149
127 1357
128 906
129 2299
130 1754
131 1734
132 1016
133 243
134 816
135 535
136 1834
137 2984
138 3
139 750
140 1217
141 885
142 566
143 2004
144 1686
145 1928
146 2962
147 1967
148 1765
149 1649
150 491
151 2947
152 1009
153 2068
154 2664
155 1838
156 1674
157 3000
158 1145
159 684
160 1658
161 2959
162 1592
163 100
164 1894
165 1818
166 298
167 262
168 2160
169 2738
170 2616
171 2249
172 2852
173 2663
174 1549
175 290
176 1926
177 2097
178 832
179 2002
180 2698
181 2852
182 933
183 1939
184 2581
185 644
186 610
187 2508
188 2142
189 2081
190 1481
191 422
192 932
193 1694
194 829
195 1576
196 1575
197 2413
198 2710
199 1325
200 501
201 1219
202 1866
203 1258
204 2342
205 2043
206 2538
207 2021
208 786
209 1665
210 1954
211 294
212 1663
213 2613
214 2496
215 2774
216 679
217 2094
218 1344
219 1288
220 2663
221 2987
222 369
223 1964
224 960
225 687
226 2048
227 403
228 1396
229 1065
230 1380
231 1151
232 2805
233 2650
234 1329
235 2897
236 2340
237 2834
238 915
239 1546
240 1402
241 1211
242 2029
243 2312
244 1343
245 1117
246 1621
247 669
248 1147
249 1988
250 656
251 1103
252 611
253 1019
254 2912
255 1957
256 2357
257 1888
258 1001
259 1559
260 612
261 2830
262 9
263 2032
264 2093
265 1500
266 2699
267 698
268 825
269 1707
270 2926
271 1450
272 611
273 745
274 92
275 161
276 1671
277 1847
278 1873
279 315
280 1010
281 695
282 553
283 2469
284 2951
285 2014
286 2853
287 1025
288 2779
289 606
290 860
291 2488
292 944
293 651
294 2570
295 1152
296 1587
297 916
298 519
299 2526
300 586
301 591
302 1633
303 2762
304 19
305 2457
306 2867
307 170
308 1716
309 469
310 219
311 2387
312 95
313 716
314 89
315 1169
316 1778
317 2955
318 1299
319 2622
320 451
321 90
322 1647
323 2512
324 1425
325 2087
326 253
327 636
328 2732
329 288
330 433
331 2599
332 2016
333 2642
334 584
335 2545
336 1355
337 1065
338 2322
339 0
340 1245
341 186
342 104
343 1936
344 809
345 2529
346 2158
347 1649
348 1551
349 2403
350 1767
351 574
352 1184
353 138
354 2676
355 464
356 826
357 2577
358 1245
359 1498
360 1125
361 2303
362 551
363 989
364 1470
365 487
366 2750
367 432
368 2874
369 81
370 2592
371 1156
372 2633
373 2064
374 667
375 2726
376 1189
377 1789
378 1822
379 555
380 1703
381 2314
382 2608
383 2129
384 912
385 328
386 604
387 1794
388 497
389 248
390 1771
391 1467
392 1460
393 995
394 857
395 2560
396 120
397 1557
398 2453
399 157
400 299
401 2496
402 2486
403 1929
404 2146
405 1272
406 2738
407 372
408 2319
409 2932
410 1211
411 319
412 1826
413 1350
414 169
415 778
416 1806
417 2953
418 1319
419 2542
420 1533
421 211
422 35
423 1327
424 512
425 2131
426 2515
427 1779
428 1167
429 1369
430 2078
431 2668
432 1701
433 2965
434 2162
435 223
436 1281
437 1733
438 526
439 1152
440 1960
441 1233
442 450
443 785
444 880
445 1376
446 240
447 1466
448 2038
449 2193
450 1504
451 2856
452 293
453 2757
454 2992
455 178
456 1690
457 810
458 2838
459 404
460 2120
461 2196
462 508
463 744
464 835
465 2532
466 1627
467 1326
468 2871
469 42
470 2524
471 2616
472 2751
473 2476
474 2389
475 1428
476 1841
477 387
478 2205
479 1593
480 2711
481 1756
482 885
483 2068
484 1430
485 379
486 1174
487 1743
488 776
489 1472
490 2146
491 1654
492 550
493 2292
494 1124
495 2357
496 477
497 124
498 1460
499 1396
500 2378
501 390
502 195
503 1173
504 696
505 440
506 1916
507 2948
508 2565
509 1044
510 639
511 1189
512 1464
513 698
514 1450
515 1165
516 1627
517 2363
518 1671
519 171
520 474
521 1180
522 14
523 282
524 2588
525 1989
526 2200
527 794
528 235
529 2394
530 1672
531 2518
532 1114
533 473
534 1287
535 423
536 173
537 1313
538 89
539 2879
540 2888
541 2185
542 539
543 1887

