414 94
0 1586
1 202
2 2843
3 2750
4 550
5 2816
6 13
7 2059
8 2744
9 2508
10 1558
11 2577
12 368
13 1863
14 1383
15 926
16 2235
17 237
18 607
19 2796
20 1671
21 2753
22 2217
23 910
24 828
25 2349
26 2450
27 396
28 2064
29 2551
30 2796
31 532
32 930
33 526
34 1070
35 1303
36 2511
37 2600
38 2090
39 2526
40 64
41 2017
42 2540
43 29
44 935
45 1229
46 832
47 55
48 1298
49 1128
50 1322
51 202
52 1062
53 1167
54 1974
55 1555
56 2470
57 2543
58 133
59 770
60 1421
61 492
62 285
63 441
64 2610
65 856
66 1340
67 2090
68 582
69 2594
70 1088
71 2887
72 1089
73 1238
74 1854
75 2680
76 903
77 2949
78 1760
79 1146
80 978
81 114
82 2124
83 947
84 675
85 2179
86 2089
87 499
88 2023
89 2407
90 2606
91 2086
92 1210
93 2449
94 1204
95 2664
96 881
97 2075
98 2767
99 1857
100 44
101 2032
102 2236
103 1117
104 2207
105 281
106 2189
107 365
108 2342
109 1740
110 521
111 2715
112 243
113 2469
114 155
115 856
116 2872
117 364
118 2054
119 1045
120 1113
121 1019
122 1445
123 586
124 2779
125 1717
126 2240
127 316
128 2061
129 2515
130 1671
131 2520
132 2790
133 1220
134 2594
135 874
136 1163
137 1417
138 2595
139 2345
140 2374
141 1003
142 1976
143 892
144 585
145 672
146 1280
147 662
148 2061
149 304
150 53
151 1384
152 2711
153 398
154 400
155 2097
156 347
157 2969
158 1650
159 1147
160 2189
161 1326
162 2201
163 2106
164 1125
165 1806
166 602
167 1949
168 2222
169 1858
170 2575
171 1321
172 2628
173 2085
174 2309
175 350
176 2449
177 0
178 1909
179 2365
180 884
181 2156
182 1802
183 2709
184 2672
185 2981
186 1020
187 299
188 1944
189 733
190 2072
191 2496
192 312
193 687
194 1151
195 1674
196 1234
197 39
198 2527
199 1696
200 1214
201 1444
202 62
203 2277
204 1046
205 1480
206 1233
207 2023
208 2062
209 1289
210 2656
211 1016
212 2997
213 3
214 2817
215 604
216 2685
217 2184
218 1850
219 1488
220 2466
221 924
222 1612
223 441
224 550
225 498
226 2815
227 2188
228 2415
229 1362
230 296
231 401
232 2015
233 1276
234 2831
235 770
236 2540
237 1811
238 2753
239 1225
240 402
241 632
242 1555
243 1821
244 587
245 2283
246 1421
247 723
248 386
249 676
250 1679
251 2262
252 424
253 2134
254 1402
255 762
256 2597
257 2057
258 2654
259 388
260 1712
261 2498
262 1016
263 1449
264 2586
265 961
266 2436
267 535
268 492
269 439
270 2019
271 1468
272 1987
273 1915
274 2110
275 1087
276 338
277 257
278 2828
279 351
280 1226
281 2475
282 1259
283 2572
284 2111
285 2551
286 406
287 2188
288 1012
289 2105
290 92
291 1793
292 189
293 993
294 2388
295 2250
296 21
297 2557
298 2264
299 1424
300 2953
301 2518
302 854
303 330
304 1668
305 1788
306 2409
307 2900
308 2071
309 1054
310 2106
311 2573
312 831
313 931
314 656
315 634
316 389
317 2185
318 2157
319 2102
320 686
321 772
322 326
323 629
324 756
325 2088
326 2754
327 1782
328 545
329 1971
330 2588
331 949
332 2042
333 743
334 175
335 1779
336 1865
337 639
338 937
339 569
340 833
341 1936
342 2322
343 1149
344 772
345 2639
346 49
347 1430
348 1929
349 1944
350 66
351 931
352 2389
353 2994
354 1113
355 2170
356 93
357 1140
358 2391
359 2346
360 303
361 2936
362 2851
363 2829
364 2152
365 2925
366 37
367 302
368 522
369 1773
370 2318
371 2987
372 2222
373 372
374 1412
375 2172
376 2790
377 282
378 914
379 1972
380 862
381 1516
382 1319
383 923
384 2531
385 851
386 29
387 1582
388 2296
389 686
390 2448
391 1791
392 2873
393 1277
394 613
395 1454
396 1155
397 561
398 2694
399 2676
400 2220
401 195
402 495
403 1133
404 2425
405 2159
406 1570
407 2249
408 2383
409 2070
410 2355
411 1895
412 377
413 2337

