210 22
0 1526
1 936
2 263
3 570
4 1215
5 992
6 1787
7 2847
8 2095
9 1435
10 793
11 619
12 2301
13 1205
14 844
15 2197
16 408
17 2528
18 2957
19 602
20 2884
21 2197
22 79
23 1617
24 441
25 1919
26 1414
27 2568
28 1612
29 2612
30 437
31 2484
32 2080
33 1336
34 699
35 75
36 433
37 2956
38 2162
39 2649
40 255
41 2719
42 526
43 1705
44 464
45 2673
46 1749
47 2847
48 2046
49 2118
50 2665
51 2337
52 214
53 2012
54 2545
55 2203
56 2944
57 1855
58 45
59 2272
60 246
61 1139
62 241
63 1534
64 1574
65 307
66 440
67 795
68 1664
69 985
70 1371
71 1598
72 1364
73 431
74 1823
75 2081
76 2979
77 1456
78 1431
79 2181
80 2165
81 1423
82 561
83 1754
84 698
85 1763
86 1150
87 856
88 26
89 1645
90 462
91 1448
92 1191
93 2675
94 789
95 1115
96 1763
97 110
98 1199
99 620
100 68
101 2095
102 1864
103 1099
104 405
105 2828
106 1266
107 1693
108 2170
109 1986
110 2563
111 867
112 1258
113 670
114 729
115 1132
116 910
117 1832
118 1563
119 1825
120 1239
121 1445
122 914
123 200
124 2489
125 2579
126 2191
127 1503
128 999
129 680
130 750
131 2716
132 2479
133 868
134 981
135 1808
136 250
137 759
138 164
139 949
140 446
141 1496
142 529
143 2665
144 2474
145 715
146 35
147 2045
148 1065
149 2899
150 2017
151 2281
152 1820
153 1379
154 1402
155 2238
156 1271
157 570
158 826
159 2261
160 289
161 391
162 2282
163 2688
164 1585
165 2241
166 154
167 586
168 1524
169 1035
170 1133
171 32
172 1656
173 1472
174 2610
175 2150
176 343
177 946
178 2214
179 247
180 1537
181 1385
182 543
183 1591
184 1729
185 474
186 2764
187 1561
188 616
189 2911
190 1343
191 1109
192 1673
193 1614
194 2822
195 2008
196 1003
197 742
198 979
199 1402
200 1675
201 1446
202 450
203 749
204 1708
205 1940
206 151
207 2847
208 1465
209 354

