174 83
0 2699
1 1405
2 762
3 953
4 2836
5 2017
6 1723
7 1270
8 522
9 2167
10 1469
11 2251
12 1214
13 2127
14 1018
15 1890
16 455
17 1998
18 316
19 2303
20 2381
21 922
22 2549
23 1157
24 837
25 2020
26 41
27 480
28 310
29 2542
30 1120
31 1457
32 1983
33 2565
34 1931
35 1022
36 1031
37 62
38 2204
39 1196
40 56
41 2710
42 1635
43 431
44 1369
45 2949
46 908
47 2133
48 1883
49 2640
50 1493
51 735
52 399
53 2791
54 131
55 2402
56 108
57 799
58 229
59 1539
60 641
61 2320
62 1586
63 2256
64 2676
65 549
66 1269
67 2298
68 2178
69 1491
70 2293
71 2752
72 766
73 2103
74 2200
75 2277
76 440
77 2714
78 2758
79 11
80 852
81 1830
82 415
83 154
84 421
85 348
86 2960
87 1053
88 1705
89 779
90 1527
91 1510
92 2283
93 1072
94 1927
95 1376
96 1698
97 2960
98 1461
99 1718
100 1138
101 1076
102 1184
103 2434
104 1435
105 1045
106 2616
107 2590
108 2704
109 1292
110 1997
111 1307
112 1266
113 2169
114 2370
115 2355
116 1220
117 2286
118 1648
119 79
120 2349
121 1115
122 2644
123 1705
124 2203
125 2808
126 2928
127 1172
128 2555
129 2254
130 880
131 1614
132 2813
133 1531
134 3
135 2159
136 2880
137 324
138 1034
139 1256
140 2490
141 198
142 2626
143 1956
144 2877
145 2589
146 793
147 2288
148 2679
149 828
150 1265
151 2460
152 2463
153 2637
154 1536
155 1085
156 1210
157 1238
158 138
159 2247
160 1738
161 2247
162 132
163 2650
164 2352
165 1980
166 2527
167 1347
168 100
169 39
170 558
171 1398
172 1038
173 2836

