868 75
0 1084
1 143
2 1755
3 325
4 658
5 2880
6 643
7 1794
8 2385
9 2570
10 2
11 2292
12 2934
13 1743
14 1926
15 2880
16 2941
17 105
18 1967
19 2872
20 1712
21 994
22 2891
23 702
24 836
25 1252
26 1750
27 697
28 2794
29 1003
30 2446
31 428
32 1289
33 687
34 2212
35 1829
36 1101
37 348
38 1702
39 1518
40 2519
41 1825
42 2995
43 1122
44 264
45 1276
46 1036
47 2038
48 905
49 2357
50 44
51 1948
52 30
53 1408
54 2333
55 2969
56 42
57 430
58 2969
59 204
60 1683
61 867
62 2054
63 1564
64 301
65 1612
66 1411
67 1396
68 2112
69 2061
70 2773
71 2993
72 610
73 1357
74 2565
75 2683
76 1728
77 976
78 44
79 419
80 2002
81 786
82 2349
83 1254
84 579
85 1951
86 2356
87 528
88 1102
89 647
90 2610
91 1075
92 851
93 2732
94 2800
95 2479
96 1048
97 443
98 151
99 1636
100 2258
101 610
102 2975
103 2857
104 1009
105 1050
106 1358
107 1566
108 626
109 1208
110 865
111 13
112 1145
113 1184
114 1702
115 1639
116 83
117 2065
118 1387
119 1280
120 2690
121 141
122 2669
123 683
124 2915
125 2581
126 2420
127 357
128 3
129 2574
130 1592
131 1401
132 1491
133 2726
134 2673
135 2965
136 2508
137 1341
138 2839
139 2157
140 1112
141 1276
142 2190
143 2198
144 2501
145 2053
146 581
147 858
148 1184
149 1373
150 881
151 2691
152 1452
153 953
154 2456
155 2088
156 1823
157 1258
158 2977
159 1818
160 1837
161 2170
162 2477
163 1179
164 194
165 1550
166 2582
167 2679
168 1401
169 340
170 2732
171 1037
172 1875
173 1646
174 559
175 1831
176 1547
177 1500
178 675
179 1836
180 2506
181 1454
182 699
183 1334
184 811
185 1334
186 403
187 2052
188 1520
189 2785
190 1065
191 2643
192 2607
193 1448
194 196
195 1575
196 1051
197 43
198 2147
199 2549
200 78
201 1709
202 854
203 2751
204 239
205 1659
206 2061
207 2457
208 1942
209 1854
210 2506
211 506
212 744
213 731
214 417
215 999
216 332
217 2246
218 684
219 1721
220 2492
221 2759
222 687
223 800
224 2825
225 1047
226 2351
227 2807
228 1983
229 2535
230 2974
231 1789
232 59
233 666
234 1450
235 620
236 811
237 1898
238 2122
239 1506
240 205
241 1527
242 1480
243 254
244 2254
245 2450
246 647
247 221
248 1224
249 462
250 264
251 1439
252 2546
253 1338
254 1383
255 1875
256 1484
257 267
258 584
259 2492
260 1271
261 1267
262 1104
263 2822
264 2355
265 1944
266 564
267 2580
268 1505
269 2553
270 339
271 2629
272 1251
273 322
274 751
275 1279
276 507
277 145
278 319
279 2893
280 2465
281 2190
282 1667
283 2978
284 2396
285 2903
286 1374
287 1196
288 677
289 2146
290 2942
291 388
292 1652
293 1587
294 31
295 1953
296 193
297 263
298 2081
299 2924
300 1106
301 210
302 451
303 216
304 2636
305 2433
306 1316
307 1337
308 2851
309 1413
310 288
311 2207
312 2339
313 915
314 2293
315 2108
316 2567
317 1468
318 2417
319 2979
320 1784
321 1734
322 1739
323 2456
324 1800
325 2953
326 2783
327 661
328 1032
329 557
330 2101
331 2550
332 202
333 367
334 1909
335 1068
336 2279
337 170
338 2701
339 720
340 597
341 107
342 2528
343 2108
344 1297
345 934
346 890
347 124
348 2569
349 355
350 1667
351 251
352 2665
353 2343
354 1648
355 2142
356 475
357 734
358 1449
359 1408
360 354
361 733
362 983
363 2060
364 100
365 2116
366 2221
367 2519
368 2360
369 539
370 2916
371 373
372 1107
373 2146
374 2578
375 2632
376 1318
377 2464
378 1878
379 1354
380 470
381 1802
382 632
383 1164
384 810
385 2402
386 2453
387 248
388 836
389 2539
390 54
391 1954
392 1129
393 2000
394 2612
395 1164
396 2422
397 1077
398 1227
399 2205
400 1489
401 398
402 1078
403 1675
404 139
405 2079
406 1207
407 1657
408 2453
409 2195
410 1344
411 1083
412 1608
413 393
414 316
415 752
416 800
417 2075
418 1859
419 132
420 1397
421 2623
422 2889
423 974
424 2166
425 160
426 1735
427 2251
428 1965
429 1850
430 1727
431 2111
432 988
433 725
434 932
435 229
436 2080
437 165
438 2605
439 214
440 1901
441 2269
442 515
443 887
444 1493
445 2346
446 125
447 410
448 2433
449 1149
450 2669
451 740
452 1211
453 1658
454 540
455 1499
456 264
457 1566
458 2858
459 2918
460 1838
461 880
462 960
463 1848
464 1763
465 2725
466 25
467 16
468 2814
469 1262
470 718
471 222
472 2240
473 20
474 2080
475 2099
476 2945
477 2724
478 475
479 2162
480 2713
481 737
482 160
483 2423
484 1724
485 1072
486 2764
487 824
488 2735
489 1781
490 1578
491 1750
492 2281
493 1538
494 151
495 74
496 2133
497 1580
498 2952
499 2375
500 2789
501 2065
502 1190
503 1902
504 513
505 2057
506 2721
507 2531
508 2074
509 2036
510 640
511 183
512 2531
513 469
514 2626
515 2379
516 1572
517 490
518 2234
519 83
520 657
521 765
522 1695
523 1735
524 2623
525 2860
526 2580
527 2389
528 968
529 1519
530 1511
531 2465
532 1679
533 260
534 1385
535 1056
536 1526
537 995
538 1373
539 1908
540 141
541 633
542 35
543 2022
544 566
545 153
546 2106
547 1960
548 307
549 2771
550 1964
551 2782
552 2286
553 2997
554 1033
555 1166
556 454
557 712
558 1857
559 1712
560 2319
561 2280
562 2825
563 1816
564 1285
565 1819
566 2744
567 1522
568 666
569 1350
570 70
571 1817
572 1951
573 2265
574 1755
575 598
576 2297
577 2315
578 978
579 2315
580 112
581 2510
582 2012
583 2149
584 1045
585 2021
586 1151
587 1170
588 2390
589 601
590 2803
591 2158
592 2406
593 1476
594 132
595 1705
596 944
597 2514
598 2766
599 892
600 565
601 1895
602 17
603 2505
604 544
605 692
606 2383
607 1075
608 532
609 2697
610 2746
611 2137
612 1200
613 2809
614 2174
615 2800
616 327
617 956
618 2876
619 1865
620 10
621 1803
622 61
623 350
624 2756
625 665
626 1487
627 108
628 1511
629 1912
630 1162
631 311
632 2488
633 657
634 1298
635 2478
636 979
637 1001
638 2039
639 343
640 2208
641 365
642 2641
643 1036
644 2992
645 2924
646 260
647 2187
648 1917
649 1704
650 189
651 1041
652 166
653 143
654 1384
655 92
656 2923
657 182
658 768
659 16
660 525
661 2912
662 2166
663 1519
664 544
665 1257
666 1736
667 2310
668 1444
669 1386
670 1199
671 581
672 2690
673 2191
674 2997
675 244
676 1402
677 1308
678 44
679 732
680 2487
681 2380
682 1390
683 2734
684 1894
685 1219
686 2418
687 851
688 96
689 2304
690 130
691 2461
692 95
693 941
694 2439
695 1278
696 15
697 1425
698 997
699 2319
700 1767
701 2692
702 2377
703 464
704 543
705 1115
706 1891
707 2373
708 641
709 2018
710 2788
711 2645
712 782
713 368
714 2414
715 1051
716 1200
717 2222
718 2192
719 764
720 2927
721 1406
722 499
723 497
724 1457
725 2922
726 775
727 2223
728 1838
729 389
730 2846
731 2471
732 1524
733 2054
734 184
735 1615
736 1926
737 2278
738 122
739 626
740 1957
741 449
742 986
743 1356
744 613
745 265
746 2547
747 2962
748 1427
749 2240
750 1513
751 1089
752 1565
753 1481
754 430
755 2074
756 1509
757 1625
758 2484
759 2509
760 951
761 1571
762 104
763 2972
764 2115
765 2475
766 659
767 530
768 2736
769 2971
770 657
771 1795
772 321
773 1416
774 809
775 503
776 1780
777 371
778 1709
779 2562
780 1124
781 1294
782 1405
783 1618
784 2456
785 169
786 2898
787 2299
788 570
789 2547
790 958
791 198
792 1803
793 1771
794 1306
795 761
796 1543
797 32
798 2854
799 2935
800 2145
801 1374
802 2484
803 2497
804 92
805 1064
806 1705
807 2667
808 1338
809 1171
810 1814
811 2770
812 717
813 1392
814 101
815 2357
816 718
817 257
818 488
819 367
820 1221
821 1698
822 2080
823 475
824 2202
825 344
826 2529
827 2714
828 2337
829 2302
830 347
831 44
832 1892
833 2
834 491
835 1869
836 507
837 873
838 1701
839 2186
840 2069
841 1237
842 832
843 2660
844 2828
845 2107
846 2923
847 1505
848 1200
849 1991
850 2392
851 1224
852 351
853 625
854 2117
855 1210
856 2774
857 1708
858 2688
859 1704
860 1140
861 33
862 1573
863 740
864 919
865 1832
866 400
867 358

