700 51
0 1235
1 960
2 2400
3 949
4 1090
5 2240
6 2135
7 108
8 2823
9 218
10 58
11 870
12 1678
13 593
14 305
15 330
16 924
17 1412
18 235
19 2639
20 1530
21 323
22 1147
23 2854
24 1828
25 2059
26 1277
27 1048
28 2311
29 457
30 2769
31 1319
32 2189
33 2447
34 2224
35 533
36 2422
37 1969
38 787
39 1645
40 1260
41 2782
42 199
43 747
44 786
45 2008
46 1716
47 118
48 1264
49 2991
50 37
51 834
52 968
53 1506
54 2844
55 348
56 2017
57 2578
58 1480
59 649
60 2436
61 1233
62 170
63 502
64 2695
65 1650
66 1006
67 2212
68 328
69 1062
70 1354
71 2126
72 2147
73 2375
74 2190
75 1292
76 1264
77 567
78 1609
79 2176
80 1494
81 1926
82 329
83 1375
84 637
85 1632
86 2288
87 1047
88 1827
89 1108
90 1314
91 1641
92 1264
93 2755
94 89
95 1056
96 2019
97 1980
98 2765
99 2945
100 2828
101 7
102 283
103 242
104 2168
105 1588
106 2377
107 1769
108 209
109 1485
110 1209
111 179
112 1000
113 545
114 1219
115 1460
116 2091
117 2716
118 2547
119 235
120 178
121 2942
122 913
123 1916
124 2736
125 627
126 2805
127 795
128 28
129 1979
130 2093
131 2333
132 1147
133 388
134 528
135 1969
136 405
137 2702
138 546
139 178
140 824
141 2479
142 1978
143 1471
144 2493
145 1898
146 2097
147 2498
148 645
149 1668
150 682
151 2165
152 130
153 1305
154 1739
155 961
156 2753
157 1204
158 332
159 2933
160 505
161 1265
162 2607
163 1040
164 1123
165 1756
166 1838
167 1537
168 1358
169 655
170 1862
171 1574
172 2799
173 932
174 668
175 322
176 2490
177 2657
178 130
179 1829
180 278
181 1101
182 1655
183 125
184 2306
185 16
186 2780
187 952
188 2283
189 2649
190 1711
191 1582
192 1473
193 2265
194 1655
195 1464
196 670
197 1622
198 2042
199 2090
200 1937
201 1371
202 1074
203 2927
204 369
205 619
206 245
207 682
208 2434
209 1164
210 2313
211 1831
212 502
213 2379
214 382
215 224
216 2008
217 1649
218 2395
219 1436
220 2750
221 2647
222 171
223 1805
224 970
225 1122
226 2923
227 153
228 1260
229 1198
230 1635
231 124
232 350
233 1530
234 2878
235 2864
236 727
237 389
238 1189
239 274
240 1722
241 504
242 1830
243 2342
244 1276
245 1097
246 1579
247 2688
248 740
249 2304
250 1413
251 317
252 2784
253 922
254 1885
255 2065
256 1872
257 686
258 871
259 274
260 266
261 1684
262 1119
263 2186
264 756
265 1086
266 1671
267 2718
268 2909
269 2923
270 625
271 722
272 1980
273 1499
274 2526
275 1710
276 1903
277 2105
278 1536
279 535
280 2915
281 2362
282 2750
283 1689
284 1223
285 1676
286 2919
287 2755
288 165
289 1330
290 1714
291 355
292 1405
293 174
294 619
295 104
296 927
297 29
298 1972
299 1966
300 293
301 466
302 1814
303 229
304 2325
305 2671
306 1894
307 2407
308 2224
309 1405
310 2169
311 2341
312 2496
313 2248
314 2160
315 1958
316 1455
317 982
318 249
319 1872
320 903
321 1749
322 2290
323 1273
324 1586
325 2352
326 2228
327 825
328 624
329 117
330 2122
331 845
332 1311
333 726
334 2651
335 1154
336 2236
337 946
338 71
339 1996
340 2642
341 1846
342 2602
343 2203
344 2511
345 1833
346 702
347 2581
348 956
349 1774
350 1393
351 761
352 289
353 890
354 319
355 729
356 2343
357 1677
358 1245
359 288
360 1494
361 2159
362 133
363 1045
364 1157
365 2590
366 2217
367 2071
368 1550
369 334
370 569
371 2294
372 2926
373 1821
374 1098
375 2682
376 1142
377 2802
378 2794
379 1779
380 2418
381 1118
382 1409
383 2385
384 1487
385 1300
386 889
387 1187
388 2588
389 1323
390 1239
391 850
392 2500
393 833
394 587
395 477
396 1789
397 1088
398 619
399 2752
400 2223
401 2658
402 1263
403 2596
404 357
405 2196
406 1922
407 776
408 1944
409 2086
410 2473
411 2760
412 2689
413 2838
414 2132
415 817
416 470
417 2606
418 2767
419 1395
420 1865
421 1588
422 1548
423 2954
424 1735
425 395
426 2631
427 135
428 1495
429 1139
430 2068
431 2667
432 132
433 1321
434 714
435 1286
436 2109
437 658
438 711
439 1590
440 579
441 657
442 1528
443 2747
444 2649
445 1748
446 607
447 2383
448 1929
449 2108
450 2174
451 2039
452 2801
453 2801
454 1296
455 515
456 925
457 805
458 1214
459 739
460 184
461 2869
462 1434
463 13
464 1116
465 155
466 1822
467 650
468 59
469 2661
470 578
471 1906
472 2555
473 674
474 1665
475 679
476 1656
477 1749
478 581
479 2217
480 2161
481 2494
482 1008
483 606
484 1648
485 930
486 2946
487 2724
488 2748
489 1227
490 1171
491 2384
492 1257
493 1160
494 2684
495 1896
496 1354
497 1377
498 1446
499 1437
500 2582
501 1958
502 2367
503 2027
504 2949
505 719
506 948
507 1015
508 2634
509 1198
510 2219
511 1195
512 95
513 2043
514 2726
515 1662
516 135
517 946
518 2096
519 2396
520 2468
521 2676
522 1877
523 2840
524 2446
525 189
526 1897
527 2719
528 1416
529 150
530 559
531 1399
532 1430
533 1419
534 1388
535 2426
536 1651
537 1069
538 269
539 1976
540 2258
541 297
542 1298
543 1107
544 273
545 2511
546 1839
547 687
548 241
549 2943
550 2242
551 622
552 906
553 1300
554 1234
555 2256
556 2808
557 439
558 2340
559 2333
560 1483
561 403
562 76
563 308
564 423
565 450
566 1041
567 2848
568 857
569 1531
570 1432
571 2605
572 2486
573 2802
574 1989
575 1470
576 2026
577 1546
578 1038
579 1622
580 1201
581 2791
582 1968
583 1770
584 744
585 1632
586 1634
587 2491
588 1028
589 418
590 1304
591 684
592 2997
593 2534
594 1698
595 2956
596 2760
597 1114
598 2545
599 195
600 1817
601 2641
602 2201
603 893
604 550
605 489
606 2657
607 1765
608 927
609 2934
610 1463
611 1332
612 2754
613 1632
614 2754
615 160
616 2542
617 564
618 1844
619 2724
620 9
621 1874
622 2813
623 1964
624 721
625 1380
626 1626
627 1869
628 0
629 331
630 2840
631 2545
632 2451
633 2931
634 2178
635 2921
636 2992
637 2332
638 1034
639 1420
640 1987
641 2558
642 1064
643 1313
644 2461
645 786
646 1406
647 713
648 1708
649 903
650 333
651 82
652 786
653 965
654 2543
655 860
656 2537
657 938
658 2554
659 965
660 2245
661 702
662 2088
663 2576
664 1987
665 311
666 2251
667 1298
668 2488
669 2655
670 2507
671 1290
672 807
673 2131
674 435
675 2060
676 2291
677 1231
678 1011
679 1782
680 595
681 664
682 1819
683 198
684 2801
685 1752
686 1601
687 2429
688 1947
689 1543
690 2119
691 1784
692 2167
693 1771
694 534
695 1261
696 706
697 2015
698 89
699 385

