717 71
0 1650
1 1447
2 274
3 1454
4 2465
5 2569
6 446
7 2556
8 553
9 2565
10 30
11 1466
12 2441
13 1057
14 2136
15 458
16 239
17 1264
18 2125
19 2927
20 824
21 2715
22 1705
23 1293
24 244
25 1404
26 2858
27 2702
28 1317
29 2001
30 2622
31 1436
32 1621
33 1592
34 1551
35 715
36 2278
37 2834
38 2533
39 2787
40 914
41 1852
42 1813
43 1472
44 161
45 2100
46 1118
47 1673
48 882
49 1605
50 991
51 2433
52 217
53 1543
54 371
55 1260
56 320
57 2667
58 179
59 625
60 1052
61 2932
62 285
63 967
64 487
65 2669
66 2582
67 1359
68 2245
69 1051
70 2470
71 1137
72 1286
73 1382
74 353
75 1398
76 423
77 1688
78 16
79 66
80 2760
81 220
82 2763
83 359
84 747
85 1453
86 1992
87 2297
88 2108
89 1257
90 1783
91 2628
92 10
93 1118
94 942
95 1723
96 1837
97 1072
98 271
99 1949
100 2361
101 2653
102 834
103 1152
104 2854
105 1367
106 2084
107 2542
108 2642
109 748
110 1716
111 2061
112 478
113 2906
114 1695
115 645
116 2820
117 2835
118 1379
119 793
120 2951
121 336
122 1471
123 1651
124 831
125 1278
126 2653
127 1509
128 1491
129 2857
130 2249
131 646
132 71
133 385
134 2996
135 2613
136 426
137 1609
138 2060
139 2648
140 2126
141 596
142 2686
143 2095
144 1765
145 2388
146 700
147 312
148 353
149 2432
150 741
151 2484
152 1845
153 1027
154 835
155 1018
156 2394
157 2104
158 620
159 983
160 156
161 2509
162 2748
163 1442
164 1181
165 515
166 1723
167 1013
168 206
169 2042
170 2063
171 2424
172 1973
173 1500
174 1892
175 2470
176 2940
177 156
178 2545
179 1602
180 2134
181 239
182 2218
183 1664
184 90
185 2992
186 2572
187 809
188 271
189 2622
190 1692
191 1685
192 2190
193 876
194 1779
195 884
196 846
197 397
198 817
199 2191
200 374
201 2660
202 2154
203 2613
204 1249
205 2023
206 2120
207 1890
208 236
209 2409
210 186
211 2773
212 2823
213 108
214 2912
215 1730
216 575
217 2544
218 281
219 2781
220 2756
221 946
222 2614
223 1813
224 2492
225 1587
226 2778
227 319
228 718
229 558
230 2159
231 2404
232 231
233 1410
234 1713
235 941
236 888
237 847
238 338
239 1219
240 1808
241 98
242 2464
243 2664
244 2142
245 351
246 181
247 1377
248 1565
249 1009
250 1082
251 1638
252 1439
253 282
254 1111
255 630
256 2021
257 1537
258 203
259 355
260 525
261 1644
262 2896
263 1043
264 2875
265 2862
266 1335
267 2566
268 2690
269 574
270 1602
271 1931
272 1949
273 678
274 1441
275 713
276 224
277 2483
278 1351
279 883
280 608
281 2686
282 2771
283 270
284 2933
285 2403
286 736
287 1590
288 2523
289 207
290 2082
291 1931
292 1791
293 2200
294 2207
295 152
296 134
297 1502
298 2040
299 379
300 350
301 77
302 2938
303 1876
304 1699
305 2426
306 2174
307 146
308 289
309 1344
310 631
311 1934
312 2409
313 1887
314 541
315 1313
316 1245
317 1911
318 717
319 2826
320 848
321 531
322 1301
323 2572
324 464
325 1489
326 2364
327 509
328 2863
329 1141
330 2987
331 537
332 1573
333 2362
334 2586
335 425
336 2099
337 329
338 2569
339 2079
340 447
341 113
342 1920
343 1533
344 191
345 1490
346 960
347 67
348 2454
349 793
350 2608
351 2519
352 2294
353 2940
354 2722
355 2202
356 2256
357 763
358 843
359 2198
360 2839
361 2965
362 2637
363 449
364 942
365 2602
366 1331
367 2900
368 1619
369 1643
370 1917
371 100
372 690
373 2319
374 926
375 1166
376 272
377 1315
378 507
379 1526
380 359
381 836
382 1818
383 1533
384 2885
385 1641
386 2033
387 460
388 514
389 1037
390 1103
391 2238
392 2764
393 233
394 2228
395 151
396 2252
397 685
398 874
399 406
400 1605
401 2440
402 2521
403 2412
404 1393
405 2641
406 2914
407 862
408 28
409 2796
410 332
411 2961
412 2376
413 685
414 629
415 1103
416 1862
417 19
418 1080
419 240
420 1159
421 2209
422 2119
423 2557
424 2731
425 1587
426 2494
427 807
428 259
429 1940
430 1684
431 1425
432 2866
433 989
434 225
435 696
436 2064
437 2190
438 1577
439 1808
440 744
441 2024
442 2341
443 1542
444 1833
445 351
446 2919
447 376
448 1115
449 2233
450 941
451 2127
452 1037
453 1573
454 138
455 212
456 1785
457 2724
458 2649
459 2251
460 580
461 2902
462 18
463 1053
464 2804
465 1521
466 2842
467 957
468 1853
469 2667
470 1516
471 1233
472 560
473 331
474 678
475 352
476 1806
477 2518
478 1989
479 2428
480 2253
481 978
482 2682
483 1081
484 138
485 313
486 726
487 793
488 791
489 1563
490 2656
491 1679
492 1763
493 2463
494 682
495 2730
496 1296
497 1599
498 2963
499 2128
500 2726
501 597
502 2248
503 884
504 1650
505 1673
506 1827
507 2418
508 830
509 2642
510 1977
511 2595
512 225
513 2154
514 1145
515 1336
516 2070
517 2605
518 533
519 2943
520 1751
521 1285
522 2248
523 1926
524 657
525 1194
526 799
527 1427
528 1512
529 961
530 2585
531 1662
532 105
533 1211
534 2442
535 2581
536 2673
537 218
538 2781
539 2831
540 2986
541 82
542 2615
543 945
544 596
545 2911
546 456
547 1376
548 1010
549 1500
550 2767
551 624
552 1910
553 2385
554 2497
555 1155
556 967
557 2397
558 54
559 2006
560 809
561 2816
562 2344
563 2057
564 2495
565 2694
566 1931
567 71
568 1089
569 925
570 2707
571 306
572 2622
573 1913
574 1129
575 706
576 989
577 2989
578 1248
579 2973
580 566
581 2554
582 1995
583 587
584 2403
585 2602
586 1739
587 87
588 2430
589 2365
590 2007
591 2491
592 1980
593 1433
594 1993
595 618
596 59
597 401
598 2314
599 1140
600 2246
601 2604
602 539
603 875
604 1075
605 2392
606 2014
607 393
608 1724
609 932
610 1798
611 790
612 2421
613 1599
614 567
615 1316
616 2565
617 2619
618 2404
619 1970
620 2935
621 1160
622 1637
623 2628
624 1979
625 1346
626 1858
627 128
628 755
629 787
630 2996
631 550
632 2890
633 1286
634 2235
635 709
636 1568
637 127
638 351
639 2411
640 46
641 2318
642 1314
643 2793
644 1083
645 1974
646 2889
647 739
648 2569
649 177
650 365
651 85
652 758
653 551
654 2596
655 2903
656 1214
657 1397
658 2487
659 1078
660 1974
661 2407
662 1667
663 280
664 2680
665 1366
666 1030
667 1941
668 2387
669 937
670 1621
671 1000
672 2305
673 2540
674 1412
675 2803
676 2122
677 2093
678 1967
679 2012
680 2154
681 1425
682 953
683 2325
684 1418
685 964
686 1571
687 685
688 2371
689 2533
690 386
691 1781
692 1720
693 530
694 1251
695 2917
696 2327
697 1505
698 360
699 583
700 2880
701 1368
702 2517
703 565
704 1529
705 26
706 807
707 97
708 188
709 2525
710 2325
711 549
712 2038
713 1472
714 329
715 457
716 2189

