323 85
0 1033
1 137
2 40
3 1470
4 829
5 2874
6 2210
7 1467
8 1940
9 1997
10 2081
11 1889
12 1532
13 955
14 2152
15 2481
16 908
17 1595
18 2841
19 2798
20 1983
21 1531
22 2315
23 1718
24 1214
25 33
26 741
27 2740
28 306
29 2155
30 2464
31 2027
32 918
33 419
34 2648
35 759
36 1733
37 1119
38 1448
39 2934
40 2519
41 1491
42 2709
43 833
44 2930
45 1124
46 1642
47 1434
48 896
49 1629
50 1057
51 208
52 2127
53 545
54 2190
55 318
56 529
57 33
58 1785
59 265
60 2343
61 240
62 1680
63 192
64 2985
65 2473
66 2476
67 539
68 2953
69 1488
70 2084
71 90
72 814
73 1078
74 1906
75 2434
76 2023
77 2554
78 2424
79 1994
80 2500
81 782
82 2919
83 1335
84 2626
85 737
86 2548
87 173
88 1954
89 1455
90 1774
91 1194
92 1395
93 2741
94 169
95 2447
96 2767
97 1656
98 2312
99 4
100 787
101 1827
102 1414
103 1338
104 2797
105 1523
106 717
107 851
108 363
109 1590
110 676
111 2562
112 2090
113 507
114 2442
115 903
116 1324
117 842
118 153
119 2295
120 2884
121 1238
122 2612
123 1364
124 1264
125 2781
126 2375
127 2603
128 257
129 79
130 563
131 1749
132 1720
133 1012
134 1008
135 1121
136 2880
137 487
138 1184
139 396
140 1746
141 2836
142 2858
143 2125
144 1195
145 1025
146 656
147 2573
148 2915
149 1895
150 210
151 1143
152 1646
153 1061
154 2406
155 56
156 1701
157 483
158 606
159 1139
160 297
161 1102
162 2107
163 428
164 1120
165 1405
166 269
167 661
168 1430
169 1677
170 2023
171 541
172 1763
173 1211
174 2303
175 1560
176 1081
177 1860
178 919
179 1939
180 433
181 1927
182 2468
183 1081
184 1500
185 2333
186 2690
187 2722
188 1942
189 1489
190 340
191 2587
192 723
193 1397
194 798
195 1313
196 967
197 236
198 2506
199 33
200 2275
201 1062
202 1812
203 2163
204 2264
205 1785
206 790
207 651
208 896
209 1370
210 2127
211 2865
212 1095
213 894
214 2498
215 812
216 1993
217 2275
218 2659
219 2673
220 935
221 1813
222 337
223 1715
224 662
225 114
226 237
227 241
228 1709
229 1167
230 514
231 302
232 2423
233 719
234 2108
235 1573
236 1728
237 1223
238 1120
239 147
240 2009
241 1102
242 1008
243 2063
244 1531
245 482
246 115
247 184
248 2095
249 437
250 2466
251 2266
252 2692
253 2875
254 920
255 2002
256 1828
257 321
258 1460
259 1746
260 1608
261 1695
262 69
263 1383
264 2128
265 2902
266 2476
267 784
268 2156
269 2775
270 1524
271 1486
272 1005
273 2173
274 216
275 1293
276 2175
277 1985
278 1069
279 762
280 247
281 1167
282 126
283 2836
284 2388
285 1659
286 1415
287 2341
288 923
289 2581
290 2337
291 1269
292 2433
293 331
294 880
295 2730
296 2467
297 1722
298 718
299 2841
300 815
301 683
302 1312
303 2939
304 2065
305 2290
306 1500
307 2213
308 1237
309 884
310 2559
311 2768
312 529
313 1027
314 846
315 1448
316 1330
317 670
318 335
319 2144
320 2857
321 950
322 2723

