354 88
0 1038
1 2779
2 1904
3 1247
4 2841
5 1220
6 1186
7 506
8 2436
9 2855
10 2260
11 2195
12 1950
13 663
14 2592
15 173
16 148
17 1991
18 902
19 1064
20 1033
21 1663
22 1662
23 2453
24 2290
25 969
26 1796
27 833
28 2298
29 1187
30 132
31 2728
32 2903
33 752
34 641
35 281
36 2462
37 619
38 1611
39 390
40 2493
41 1307
42 1831
43 1166
44 2225
45 2432
46 482
47 2681
48 1739
49 1085
50 395
51 931
52 2344
53 98
54 548
55 882
56 1057
57 1593
58 1621
59 256
60 2551
61 11
62 412
63 1460
64 1876
65 1689
66 97
67 220
68 2690
69 2011
70 711
71 1972
72 2863
73 2659
74 2483
75 2287
76 1179
77 1734
78 1921
79 1347
80 1817
81 2189
82 2654
83 1835
84 1282
85 330
86 505
87 1833
88 1683
89 1364
90 2404
91 114
92 2670
93 2314
94 2465
95 2566
96 1862
97 1445
98 2546
99 120
100 729
101 448
102 2139
103 1386
104 656
105 2215
106 49
107 1447
108 1997
109 2644
110 2823
111 561
112 615
113 604
114 643
115 1364
116 427
117 445
118 720
119 1433
120 158
121 662
122 1899
123 1326
124 1010
125 1405
126 678
127 20
128 928
129 438
130 762
131 1046
132 1000
133 2344
134 416
135 1198
136 88
137 1059
138 2699
139 486
140 1278
141 2613
142 2537
143 1958
144 623
145 1747
146 2145
147 2779
148 1843
149 566
150 1972
151 1786
152 2293
153 2775
154 70
155 763
156 583
157 95
158 301
159 2682
160 1017
161 2488
162 2989
163 421
164 1176
165 2139
166 1521
167 2793
168 2468
169 2031
170 1909
171 2631
172 1686
173 2330
174 2356
175 1364
176 31
177 611
178 385
179 135
180 1626
181 1400
182 1320
183 2691
184 2539
185 594
186 764
187 1414
188 1217
189 495
190 2375
191 826
192 432
193 1492
194 2741
195 65
196 22
197 2498
198 2344
199 2291
200 2352
201 267
202 2204
203 341
204 2732
205 1334
206 305
207 1070
208 600
209 2162
210 511
211 1294
212 1329
213 1211
214 2111
215 953
216 1570
217 87
218 217
219 1969
220 1315
221 253
222 1987
223 2534
224 249
225 1144
226 2251
227 2948
228 114
229 2450
230 2323
231 2736
232 2892
233 1373
234 304
235 991
236 2827
237 2100
238 556
239 1025
240 2544
241 2323
242 599
243 388
244 2451
245 57
246 45
247 2291
248 123
249 139
250 1275
251 2011
252 2626
253 727
254 662
255 1511
256 1639
257 1178
258 2994
259 2447
260 2352
261 2676
262 2283
263 720
264 1061
265 1540
266 1391
267 42
268 1788
269 1101
270 1542
271 1895
272 1647
273 1227
274 495
275 877
276 1253
277 2522
278 1693
279 975
280 1619
281 433
282 827
283 2984
284 301
285 1802
286 619
287 262
288 1370
289 2884
290 2294
291 830
292 616
293 1801
294 2229
295 1749
296 2807
297 2112
298 809
299 2404
300 2661
301 1726
302 806
303 770
304 27
305 2048
306 50
307 551
308 3
309 1352
310 1891
311 2032
312 2985
313 2835
314 1754
315 1877
316 1285
317 81
318 1068
319 245
320 697
321 1126
322 121
323 729
324 985
325 1052
326 2089
327 423
328 250
329 2424
330 670
331 15
332 268
333 2703
334 2879
335 2776
336 2234
337 767
338 2571
339 114
340 241
341 885
342 2832
343 1174
344 2028
345 1940
346 1983
347 466
348 359
349 2281
350 2111
351 2263
352 243
353 187

