241 16
0 2117
1 1091
2 657
3 2525
4 2911
5 78
6 2932
7 2219
8 1905
9 2916
10 446
11 1050
12 1324
13 2314
14 2620
15 2077
16 1238
17 2881
18 955
19 2716
20 1377
21 2103
22 69
23 503
24 1552
25 2932
26 2963
27 328
28 2965
29 2459
30 2563
31 1460
32 2285
33 1095
34 573
35 2799
36 1864
37 913
38 2024
39 1343
40 30
41 2386
42 314
43 243
44 2655
45 1215
46 346
47 2767
48 349
49 932
50 646
51 1159
52 2703
53 646
54 2526
55 2538
56 2760
57 357
58 1420
59 165
60 329
61 2714
62 1831
63 1362
64 2938
65 1903
66 1745
67 931
68 91
69 97
70 759
71 930
72 2259
73 2527
74 1813
75 2100
76 2913
77 2457
78 2146
79 1638
80 1200
81 2361
82 1149
83 961
84 761
85 1301
86 2688
87 1262
88 1425
89 1535
90 427
91 362
92 2314
93 1175
94 752
95 2393
96 2631
97 1107
98 2867
99 1070
100 2548
101 778
102 1739
103 2156
104 581
105 2356
106 1799
107 1573
108 2871
109 2814
110 2206
111 1612
112 945
113 2598
114 850
115 200
116 874
117 1933
118 396
119 705
120 2341
121 1367
122 2798
123 864
124 464
125 2266
126 390
127 44
128 2482
129 2727
130 2458
131 2009
132 2586
133 400
134 1493
135 2573
136 1557
137 1608
138 684
139 271
140 2993
141 599
142 2451
143 1924
144 727
145 97
146 104
147 593
148 1962
149 1890
150 2911
151 1462
152 899
153 2707
154 1158
155 1693
156 2051
157 2445
158 620
159 1489
160 1386
161 2137
162 1320
163 88
164 2081
165 1135
166 1694
167 757
168 2818
169 963
170 2475
171 14
172 131
173 794
174 1331
175 1569
176 213
177 2474
178 1022
179 1395
180 140
181 2657
182 991
183 826
184 192
185 1974
186 2442
187 416
188 114
189 1795
190 1294
191 905
192 37
193 2530
194 1139
195 2366
196 598
197 835
198 338
199 683
200 278
201 301
202 2159
203 723
204 1185
205 2570
206 1003
207 654
208 2179
209 12
210 2610
211 432
212 435
213 2845
214 1501
215 1483
216 2082
217 970
218 844
219 2113
220 206
221 849
222 1556
223 2271
224 623
225 1480
226 48
227 1864
228 321
229 139
230 2519
231 2043
232 2455
233 314
234 1190
235 529
236 1037
237 1919
238 1996
239 990
240 2219

