122 34
0 2313
1 1904
2 2837
3 1827
4 2030
5 1089
6 2066
7 2784
8 1107
9 13
10 1350
11 1436
12 21
13 2169
14 712
15 447
16 1823
17 2684
18 1086
19 193
20 13
21 943
22 460
23 1580
24 2362
25 87
26 820
27 2866
28 432
29 2692
30 2043
31 3000
32 2340
33 2067
34 1577
35 1549
36 1477
37 84
38 655
39 2041
40 2563
41 1644
42 1182
43 1903
44 1346
45 785
46 783
47 1397
48 486
49 2453
50 1626
51 1542
52 1800
53 1260
54 9
55 1700
56 2901
57 1427
58 2627
59 1674
60 1467
61 2039
62 1129
63 1654
64 832
65 1235
66 1757
67 650
68 132
69 1730
70 91
71 1350
72 1249
73 2153
74 2287
75 2964
76 1864
77 104
78 1191
79 2361
80 2134
81 1581
82 2824
83 1625
84 1369
85 1312
86 1425
87 182
88 2421
89 774
90 1742
91 243
92 2922
93 2165
94 1683
95 2516
96 1201
97 316
98 480
99 1941
100 2199
101 2711
102 479
103 1108
104 2508
105 712
106 2541
107 710
108 541
109 122
110 1241
111 294
112 268
113 2924
114 320
115 550
116 830
117 318
118 2412
119 1513
120 545
121 2167

