780 50
0 2732
1 423
2 469
3 182
4 2707
5 1614
6 1772
7 2415
8 44
9 2104
10 1539
11 2339
12 437
13 984
14 2696
15 2776
16 1887
17 1554
18 386
19 1074
20 2537
21 1146
22 2710
23 2866
24 159
25 250
26 130
27 1920
28 1425
29 317
30 2985
31 1730
32 758
33 1428
34 1495
35 956
36 1895
37 530
38 1132
39 557
40 2951
41 1161
42 1085
43 820
44 1573
45 2346
46 1831
47 1808
48 909
49 2309
50 2044
51 2377
52 2499
53 932
54 2569
55 621
56 1028
57 2885
58 852
59 72
60 443
61 551
62 2148
63 1311
64 2076
65 2467
66 2420
67 2507
68 2696
69 1541
70 968
71 2891
72 790
73 181
74 683
75 440
76 1871
77 2566
78 2056
79 914
80 1361
81 646
82 851
83 2399
84 172
85 2760
86 2735
87 1943
88 75
89 887
90 391
91 2933
92 1415
93 2064
94 1995
95 2808
96 981
97 1383
98 400
99 734
100 466
101 2485
102 1770
103 930
104 850
105 1640
106 2243
107 1979
108 405
109 2004
110 2754
111 2859
112 308
113 2350
114 429
115 89
116 1992
117 2064
118 2943
119 2000
120 1079
121 1020
122 2286
123 154
124 2077
125 138
126 1051
127 1314
128 931
129 1397
130 2689
131 506
132 1909
133 2595
134 2181
135 2222
136 161
137 1254
138 2081
139 2047
140 1655
141 874
142 447
143 1632
144 2203
145 414
146 1700
147 2696
148 2727
149 1582
150 802
151 419
152 1593
153 2407
154 404
155 2654
156 1031
157 1879
158 488
159 543
160 810
161 253
162 221
163 137
164 484
165 475
166 2117
167 648
168 758
169 447
170 2836
171 2936
172 1124
173 2472
174 238
175 2470
176 762
177 2386
178 1307
179 1171
180 16
181 1430
182 2760
183 1296
184 1686
185 2195
186 874
187 2545
188 2841
189 2332
190 1171
191 128
192 1399
193 1970
194 1561
195 1477
196 2196
197 1105
198 2671
199 700
200 155
201 1919
202 2095
203 2791
204 1066
205 1822
206 1510
207 838
208 453
209 1407
210 1003
211 2866
212 2637
213 2552
214 1869
215 917
216 2359
217 1140
218 1044
219 2952
220 530
221 2331
222 396
223 2799
224 1349
225 1124
226 2740
227 2512
228 1134
229 2398
230 790
231 1178
232 1029
233 2240
234 2958
235 1893
236 591
237 1426
238 1693
239 985
240 1183
241 255
242 2188
243 1530
244 2085
245 1798
246 208
247 2992
248 467
249 1195
250 2934
251 2250
252 26
253 375
254 164
255 250
256 2252
257 1229
258 2291
259 1831
260 2555
261 441
262 1771
263 2090
264 2608
265 168
266 153
267 2726
268 1683
269 2914
270 1930
271 331
272 2806
273 1201
274 965
275 2944
276 913
277 1476
278 399
279 1625
280 80
281 992
282 2632
283 215
284 2096
285 1246
286 645
287 1526
288 2845
289 2402
290 213
291 1371
292 633
293 1197
294 2776
295 1343
296 322
297 1010
298 700
299 2105
300 1099
301 2842
302 811
303 1291
304 2317
305 2778
306 2802
307 1167
308 1504
309 2552
310 74
311 2311
312 878
313 1723
314 2607
315 1494
316 2700
317 605
318 1098
319 1418
320 68
321 2229
322 2448
323 2621
324 735
325 2260
326 2464
327 2476
328 2427
329 1769
330 2452
331 2167
332 2591
333 1180
334 403
335 721
336 2797
337 1384
338 266
339 622
340 2629
341 658
342 1225
343 1242
344 2626
345 335
346 470
347 2339
348 2950
349 2344
350 3000
351 2143
352 1146
353 812
354 1254
355 1463
356 1397
357 1016
358 2249
359 2712
360 2617
361 2954
362 1095
363 963
364 754
365 1146
366 457
367 1859
368 1190
369 1915
370 1788
371 1156
372 1540
373 799
374 582
375 1321
376 2518
377 1718
378 2832
379 2750
380 159
381 2441
382 1516
383 1031
384 2736
385 2962
386 2381
387 389
388 1416
389 408
390 1658
391 1139
392 489
393 749
394 1876
395 619
396 2541
397 2985
398 920
399 2791
400 2658
401 2453
402 883
403 2788
404 1421
405 2460
406 386
407 2193
408 111
409 2747
410 982
411 1809
412 2130
413 286
414 1354
415 995
416 2493
417 2363
418 540
419 2807
420 2132
421 895
422 1225
423 1105
424 2336
425 797
426 1119
427 1646
428 1761
429 1813
430 2694
431 459
432 285
433 2122
434 2229
435 309
436 1860
437 562
438 343
439 1255
440 1914
441 1095
442 2877
443 1115
444 1765
445 1197
446 948
447 468
448 985
449 1667
450 2947
451 2642
452 1751
453 2485
454 1959
455 370
456 1393
457 2205
458 2543
459 632
460 1131
461 386
462 2850
463 2001
464 1338
465 742
466 2788
467 941
468 642
469 554
470 1706
471 2266
472 178
473 1090
474 290
475 815
476 2481
477 2700
478 2692
479 2574
480 2786
481 2529
482 308
483 221
484 1107
485 1795
486 295
487 908
488 2538
489 529
490 709
491 717
492 242
493 2506
494 820
495 2185
496 2813
497 258
498 1665
499 2554
500 44
501 2711
502 436
503 1984
504 1776
505 1320
506 1315
507 2999
508 2600
509 2647
510 1110
511 2335
512 357
513 1502
514 1586
515 2494
516 2100
517 837
518 1358
519 842
520 1091
521 1237
522 1473
523 1552
524 1836
525 2204
526 755
527 1101
528 2484
529 700
530 1368
531 429
532 2228
533 611
534 2092
535 259
536 1129
537 2750
538 261
539 2704
540 2247
541 360
542 1049
543 1785
544 2462
545 2799
546 2396
547 212
548 2667
549 1828
550 2992
551 297
552 2978
553 243
554 1582
555 1852
556 2489
557 1954
558 135
559 2266
560 1195
561 1872
562 1122
563 2492
564 296
565 643
566 2734
567 2942
568 561
569 1423
570 2498
571 2536
572 1470
573 1894
574 327
575 1564
576 1939
577 2360
578 1557
579 631
580 2124
581 723
582 151
583 549
584 71
585 2514
586 2416
587 2896
588 678
589 2815
590 1258
591 214
592 280
593 1722
594 76
595 433
596 2534
597 2277
598 2655
599 821
600 2003
601 2720
602 422
603 1286
604 1585
605 2585
606 247
607 303
608 946
609 485
610 2366
611 877
612 1151
613 847
614 375
615 121
616 361
617 471
618 2314
619 1393
620 1802
621 497
622 329
623 1425
624 900
625 2422
626 1664
627 1135
628 1252
629 567
630 2186
631 2435
632 949
633 7
634 2455
635 430
636 2377
637 2276
638 919
639 451
640 1956
641 316
642 2902
643 1479
644 2704
645 2300
646 876
647 412
648 1107
649 2710
650 2227
651 2646
652 1969
653 44
654 1070
655 2090
656 419
657 616
658 1896
659 476
660 2285
661 487
662 613
663 2116
664 1296
665 1663
666 449
667 1740
668 2579
669 721
670 606
671 200
672 1348
673 1210
674 959
675 1216
676 426
677 1278
678 1639
679 2430
680 1844
681 229
682 453
683 501
684 2376
685 586
686 2454
687 533
688 2059
689 2424
690 2145
691 1976
692 2220
693 761
694 2170
695 2463
696 1087
697 2703
698 2762
699 2140
700 1486
701 996
702 404
703 1817
704 2286
705 597
706 21
707 725
708 1345
709 1257
710 1564
711 1979
712 2979
713 642
714 2590
715 1459
716 2410
717 478
718 589
719 1944
720 1196
721 1362
722 1878
723 27
724 46
725 1078
726 2970
727 2263
728 1316
729 2074
730 1279
731 2105
732 932
733 612
734 1009
735 2162
736 492
737 1706
738 1790
739 69
740 1102
741 1811
742 2197
743 1193
744 116
745 184
746 954
747 858
748 2527
749 502
750 1543
751 2463
752 2053
753 875
754 2972
755 343
756 2843
757 2741
758 2316
759 893
760 1007
761 2570
762 940
763 1179
764 2069
765 156
766 2040
767 2545
768 1570
769 1898
770 1973
771 667
772 791
773 2665
774 513
775 2509
776 2412
777 2294
778 169
779 35

