474 36
0 560
1 2043
2 929
3 2343
4 1420
5 749
6 813
7 2985
8 484
9 249
10 2253
11 2863
12 631
13 429
14 1924
15 2765
16 2313
17 2627
18 2826
19 2940
20 2296
21 1651
22 1412
23 2222
24 2414
25 2172
26 588
27 1360
28 1442
29 2605
30 2968
31 2056
32 2852
33 2929
34 826
35 2296
36 1449
37 1352
38 174
39 172
40 2846
41 2948
42 2966
43 1299
44 63
45 2802
46 434
47 945
48 2050
49 1367
50 1129
51 56
52 248
53 2963
54 2418
55 2169
56 401
57 1751
58 1773
59 2712
60 226
61 1897
62 2775
63 1005
64 391
65 214
66 1551
67 970
68 476
69 924
70 820
71 1037
72 1416
73 1062
74 1442
75 1526
76 2771
77 573
78 2236
79 121
80 335
81 1535
82 2326
83 2301
84 508
85 2618
86 2662
87 2909
88 2928
89 76
90 376
91 2860
92 1111
93 2490
94 2125
95 357
96 406
97 2410
98 2231
99 2440
100 1243
101 240
102 1489
103 1173
104 2054
105 1980
106 1616
107 1597
108 2497
109 1505
110 1778
111 2645
112 1806
113 1597
114 2379
115 2837
116 2100
117 1032
118 148
119 1740
120 2524
121 236
122 497
123 47
124 2236
125 2003
126 2180
127 1615
128 972
129 1604
130 1829
131 935
132 2649
133 1098
134 912
135 34
136 389
137 1095
138 523
139 2802
140 1447
141 1523
142 2348
143 1617
144 106
145 2846
146 595
147 2136
148 1947
149 892
150 2873
151 1228
152 2687
153 2582
154 2233
155 1259
156 121
157 937
158 1799
159 2855
160 2118
161 2090
162 2815
163 1246
164 1264
165 662
166 2701
167 1626
168 2869
169 444
170 1826
171 2757
172 178
173 5
174 412
175 754
176 129
177 2554
178 2242
179 1488
180 2678
181 2309
182 670
183 1628
184 347
185 1229
186 903
187 1825
188 1906
189 71
190 2750
191 2953
192 1601
193 2036
194 965
195 2521
196 237
197 915
198 2134
199 2827
200 1023
201 2223
202 2452
203 1700
204 2381
205 1282
206 1322
207 133
208 1326
209 2107
210 1364
211 2805
212 1628
213 37
214 1072
215 1746
216 1025
217 155
218 393
219 2804
220 2251
221 1075
222 296
223 1734
224 1451
225 2541
226 1916
227 288
228 415
229 1132
230 1955
231 2446
232 2993
233 1792
234 937
235 2892
236 2191
237 1558
238 1159
239 1064
240 2426
241 852
242 1190
243 2148
244 141
245 2684
246 2780
247 726
248 1079
249 2637
250 905
251 1949
252 2547
253 2531
254 1737
255 965
256 906
257 1174
258 375
259 1212
260 779
261 1176
262 1787
263 2366
264 352
265 2599
266 2572
267 2203
268 1944
269 2420
270 1587
271 2619
272 2710
273 710
274 1451
275 2808
276 1790
277 2469
278 1586
279 245
280 2868
281 216
282 360
283 2825
284 92
285 851
286 2139
287 1965
288 1857
289 2437
290 2053
291 2167
292 1330
293 2041
294 767
295 543
296 757
297 2219
298 1935
299 1260
300 1168
301 279
302 2588
303 2984
304 2206
305 1594
306 2446
307 2126
308 1803
309 2606
310 2128
311 296
312 363
313 2300
314 2244
315 2272
316 1168
317 2738
318 1914
319 772
320 1293
321 2857
322 1952
323 316
324 529
325 2092
326 2724
327 811
328 776
329 1184
330 1897
331 2365
332 1111
333 1428
334 1473
335 1019
336 1275
337 1964
338 59
339 2043
340 2833
341 2385
342 1568
343 379
344 207
345 2039
346 2377
347 2930
348 686
349 2004
350 532
351 738
352 932
353 364
354 1306
355 1825
356 2008
357 1420
358 2186
359 1005
360 178
361 2221
362 1124
363 2810
364 2918
365 1133
366 509
367 1530
368 2803
369 1070
370 731
371 2731
372 2515
373 771
374 2980
375 2777
376 606
377 2323
378 2115
379 131
380 1054
381 505
382 178
383 1070
384 2939
385 1839
386 2688
387 137
388 907
389 1610
390 2354
391 1885
392 1291
393 1365
394 2628
395 1215
396 221
397 2154
398 2032
399 2977
400 1160
401 1796
402 2095
403 1434
404 175
405 2721
406 747
407 2727
408 1147
409 600
410 487
411 2369
412 2908
413 1267
414 2690
415 916
416 473
417 1406
418 1404
419 1863
420 1208
421 1508
422 921
423 1735
424 852
425 1330
426 2633
427 2909
428 2440
429 1205
430 1584
431 2137
432 1747
433 84
434 887
435 954
436 2822
437 1085
438 2824
439 169
440 220
441 1065
442 2535
443 1065
444 365
445 243
446 610
447 976
448 266
449 2424
450 2937
451 2460
452 368
453 2903
454 2152
455 2560
456 2871
457 2960
458 2280
459 1894
460 580
461 276
462 2486
463 2058
464 1099
465 130
466 851
467 522
468 2065
469 154
470 473
471 1956
472 2337
473 2886

