400 6
0 758
1 1142
2 2693
3 2354
4 2420
5 808
6 2481
7 1331
8 2233
9 101
10 2031
11 2644
12 2761
13 2568
14 2240
15 2633
16 1741
17 665
18 2604
19 233
20 2625
21 1269
22 944
23 1142
24 2926
25 1886
26 352
27 979
28 2480
29 540
30 1551
31 2646
32 2591
33 425
34 2401
35 2529
36 774
37 373
38 2458
39 2754
40 492
41 943
42 1476
43 416
44 1914
45 2860
46 2145
47 932
48 470
49 258
50 1284
51 933
52 2098
53 1287
54 471
55 2475
56 2602
57 1429
58 156
59 1815
60 2268
61 971
62 2008
63 2197
64 17
65 283
66 1991
67 2338
68 981
69 2326
70 257
71 1747
72 2224
73 2947
74 1815
75 158
76 1433
77 963
78 2842
79 2682
80 412
81 1854
82 404
83 1423
84 2619
85 1528
86 1195
87 861
88 625
89 1186
90 2534
91 106
92 2305
93 844
94 2815
95 1234
96 262
97 1580
98 1574
99 1610
100 1435
101 101
102 505
103 2772
104 1135
105 1770
106 2487
107 2867
108 585
109 2710
110 1305
111 271
112 277
113 2988
114 1759
115 1158
116 1676
117 2070
118 2978
119 634
120 2271
121 757
122 1257
123 1760
124 816
125 2427
126 1058
127 2134
128 2226
129 562
130 503
131 1799
132 842
133 2466
134 2068
135 2531
136 1858
137 2940
138 2762
139 2075
140 2747
141 1340
142 1639
143 1886
144 899
145 1397
146 1889
147 1426
148 1150
149 1667
150 1272
151 811
152 2860
153 2266
154 1302
155 344
156 2482
157 2254
158 2984
159 72
160 573
161 2717
162 1294
163 347
164 1808
165 123
166 1513
167 1990
168 2625
169 1282
170 2467
171 2861
172 1996
173 2731
174 33
175 2931
176 606
177 2815
178 271
179 2766
180 626
181 379
182 668
183 1352
184 1537
185 2494
186 499
187 1066
188 1547
189 341
190 158
191 2047
192 2052
193 2887
194 1103
195 2055
196 2140
197 104
198 2016
199 810
200 278
201 2715
202 16
203 2897
204 1132
205 2394
206 2038
207 2312
208 2862
209 1839
210 1655
211 2496
212 756
213 1077
214 250
215 1564
216 579
217 1915
218 403
219 1180
220 754
221 232
222 105
223 403
224 650
225 378
226 2309
227 558
228 2888
229 804
230 2690
231 1445
232 2648
233 2263
234 936
235 361
236 435
237 952
238 2460
239 2853
240 2663
241 2402
242 1089
243 1769
244 1622
245 2279
246 2949
247 1930
248 1396
249 431
250 120
251 658
252 949
253 389
254 2263
255 1640
256 1558
257 1365
258 1454
259 2909
260 774
261 2291
262 902
263 2119
264 1560
265 2338
266 2579
267 2418
268 2304
269 106
270 2051
271 2791
272 1368
273 74
274 784
275 2853
276 1982
277 486
278 770
279 194
280 1350
281 2846
282 381
283 715
284 1400
285 2089
286 614
287 2722
288 2172
289 1748
290 2191
291 1686
292 764
293 423
294 2693
295 1843
296 1906
297 1350
298 1914
299 1125
300 1031
301 1783
302 1194
303 129
304 98
305 1358
306 323
307 794
308 2303
309 1218
310 255
311 1061
312 1409
313 1708
314 400
315 2068
316 559
317 1193
318 2798
319 778
320 2371
321 186
322 1840
323 1444
324 2604
325 272
326 2205
327 861
328 41
329 874
330 770
331 761
332 62
333 1452
334 2992
335 1028
336 1025
337 371
338 2476
339 575
340 2022
341 1876
342 1588
343 2997
344 1951
345 161
346 2696
347 755
348 450
349 633
350 2995
351 742
352 2338
353 2035
354 82
355 600
356 2181
357 1395
358 720
359 307
360 1775
361 1210
362 289
363 783
364 1293
365 1348
366 2617
367 1423
368 1522
369 2658
370 215
371 1750
372 1218
373 1162
374 2007
375 690
376 1239
377 1168
378 757
379 1254
380 338
381 917
382 917
383 1906
384 1919
385 819
386 148
387 319
388 291
389 746
390 678
391 1873
392 2011
393 58
394 1176
395 1709
396 1285
397 423
398 730
399 516

