67 78
0 2048
1 1760
2 814
3 2636
4 471
5 1658
6 919
7 1130
8 35
9 1948
10 2963
11 2959
12 1437
13 43
14 1553
15 1794
16 2454
17 727
18 293
19 602
20 2208
21 1224
22 2888
23 1721
24 1210
25 2204
26 2906
27 1107
28 1207
29 419
30 1603
31 255
32 1668
33 22
34 1311
35 665
36 1002
37 2692
38 1605
39 463
40 2805
41 1549
42 885
43 1335
44 197
45 578
46 111
47 2447
48 2051
49 2108
50 2955
51 2946
52 176
53 1453
54 365
55 1501
56 726
57 721
58 1850
59 806
60 1396
61 844
62 801
63 1149
64 503
65 2696
66 1846

