186 13
0 1658
1 2609
2 993
3 943
4 2971
5 2988
6 1560
7 2802
8 231
9 2500
10 2224
11 1406
12 11
13 2087
14 1068
15 1965
16 1225
17 1210
18 1802
19 429
20 2168
21 963
22 1525
23 1223
24 2275
25 2632
26 1751
27 358
28 593
29 2407
30 318
31 2791
32 1118
33 971
34 2202
35 297
36 1871
37 1500
38 918
39 211
40 1767
41 1573
42 1389
43 2040
44 1565
45 799
46 1213
47 330
48 2535
49 240
50 2000
51 1447
52 2636
53 384
54 2852
55 1734
56 1586
57 1908
58 2984
59 1792
60 248
61 1112
62 1697
63 587
64 691
65 1447
66 1005
67 1138
68 2507
69 1536
70 622
71 518
72 658
73 2698
74 1606
75 199
76 880
77 918
78 184
79 2706
80 436
81 318
82 1539
83 1031
84 2819
85 936
86 1907
87 2659
88 1886
89 77
90 2499
91 2475
92 216
93 1778
94 589
95 1452
96 363
97 766
98 2575
99 1465
100 1591
101 2776
102 50
103 1182
104 2945
105 2513
106 403
107 170
108 1379
109 698
110 1467
111 1650
112 1423
113 999
114 2001
115 893
116 1897
117 2971
118 2978
119 1041
120 2983
121 371
122 2189
123 2088
124 1268
125 1434
126 2230
127 2048
128 528
129 2877
130 69
131 1772
132 1311
133 1077
134 1801
135 374
136 915
137 1098
138 2455
139 1756
140 1782
141 188
142 240
143 1337
144 1492
145 2357
146 2386
147 330
148 2261
149 2754
150 1004
151 1710
152 2040
153 2781
154 2505
155 847
156 1434
157 513
158 983
159 119
160 818
161 2165
162 2841
163 263
164 1356
165 1092
166 1462
167 988
168 1207
169 1170
170 243
171 2384
172 824
173 506
174 1664
175 2466
176 2603
177 2994
178 2124
179 1008
180 67
181 1647
182 2689
183 2669
184 263
185 1399

