225 15
0 2614
1 2834
2 779
3 599
4 2368
5 2487
6 11
7 428
8 1062
9 876
10 958
11 1089
12 371
13 1341
14 726
15 178
16 2982
17 1112
18 1052
19 2493
20 1842
21 1646
22 966
23 1867
24 1366
25 26
26 2568
27 2460
28 197
29 181
30 1472
31 757
32 1342
33 1399
34 2217
35 839
36 2247
37 1720
38 2860
39 2176
40 1476
41 8
42 2927
43 478
44 1604
45 983
46 642
47 1764
48 76
49 2470
50 2055
51 2283
52 2825
53 2127
54 985
55 2503
56 2708
57 815
58 1546
59 2385
60 746
61 158
62 791
63 1530
64 1344
65 1662
66 687
67 486
68 148
69 2898
70 891
71 178
72 410
73 2089
74 2390
75 1
76 1969
77 757
78 17
79 2738
80 565
81 1249
82 2615
83 1632
84 2240
85 1926
86 1341
87 1229
88 612
89 1167
90 2312
91 178
92 1532
93 1131
94 2676
95 747
96 1368
97 884
98 1458
99 446
100 671
101 2568
102 2696
103 1916
104 804
105 228
106 656
107 590
108 494
109 2371
110 1960
111 55
112 707
113 2748
114 1243
115 1286
116 1662
117 2094
118 320
119 562
120 667
121 706
122 1670
123 1113
124 2054
125 1429
126 2896
127 1395
128 1441
129 2582
130 11
131 2806
132 1684
133 1095
134 929
135 1957
136 773
137 2355
138 908
139 2367
140 1042
141 1729
142 2193
143 178
144 758
145 2751
146 1591
147 1793
148 1087
149 267
150 372
151 1115
152 2771
153 2831
154 589
155 1848
156 2717
157 1786
158 696
159 2524
160 303
161 511
162 1054
163 1795
164 240
165 1149
166 2282
167 270
168 1610
169 1776
170 1706
171 1613
172 870
173 62
174 2778
175 2116
176 1753
177 1338
178 594
179 2662
180 582
181 616
182 524
183 389
184 1908
185 1910
186 286
187 2796
188 1744
189 1890
190 2594
191 2397
192 441
193 345
194 1522
195 1764
196 2914
197 1113
198 1813
199 493
200 2491
201 908
202 1048
203 650
204 2353
205 1930
206 2750
207 1403
208 411
209 536
210 2495
211 2203
212 2293
213 2928
214 1146
215 1948
216 729
217 2276
218 2419
219 241
220 2353
221 2950
222 1454
223 2348
224 2079

