758 80
0 150
1 2885
2 2433
3 694
4 2923
5 1242
6 2850
7 1656
8 460
9 1607
10 1154
11 1662
12 1818
13 744
14 970
15 2785
16 521
17 2580
18 451
19 873
20 1438
21 2736
22 1332
23 1455
24 1509
25 219
26 514
27 2536
28 2223
29 2773
30 2733
31 1505
32 812
33 674
34 2647
35 2648
36 993
37 1548
38 2146
39 592
40 1423
41 608
42 757
43 2923
44 867
45 1049
46 166
47 1061
48 1867
49 247
50 2311
51 1360
52 148
53 2425
54 1619
55 1135
56 1407
57 2842
58 1575
59 2105
60 455
61 2114
62 230
63 309
64 1087
65 39
66 1369
67 1703
68 203
69 443
70 1063
71 2393
72 702
73 755
74 2336
75 2071
76 2858
77 33
78 2731
79 1768
80 2342
81 884
82 1959
83 981
84 1294
85 919
86 2621
87 2988
88 93
89 60
90 1289
91 766
92 1294
93 444
94 567
95 1081
96 1886
97 2762
98 912
99 1485
100 1520
101 1579
102 1306
103 2213
104 634
105 619
106 1486
107 338
108 1837
109 1275
110 1305
111 1943
112 1962
113 367
114 1789
115 1316
116 890
117 657
118 966
119 410
120 2960
121 970
122 1464
123 1726
124 1104
125 2007
126 821
127 1492
128 566
129 66
130 2951
131 220
132 911
133 2847
134 2686
135 134
136 705
137 437
138 895
139 1326
140 113
141 1942
142 2467
143 2001
144 1554
145 918
146 2461
147 1196
148 175
149 61
150 286
151 2881
152 1246
153 1533
154 2856
155 2716
156 774
157 1715
158 767
159 1977
160 2627
161 2270
162 2975
163 2379
164 2658
165 2290
166 2324
167 1515
168 309
169 2180
170 1784
171 2141
172 200
173 2509
174 2054
175 2701
176 799
177 362
178 1224
179 881
180 2195
181 1570
182 732
183 2782
184 980
185 2023
186 706
187 668
188 1790
189 1397
190 500
191 1026
192 2029
193 1834
194 2276
195 2726
196 2907
197 1345
198 2489
199 2960
200 2601
201 1773
202 2262
203 2214
204 1996
205 685
206 207
207 2579
208 1376
209 31
210 1402
211 531
212 436
213 2318
214 588
215 1251
216 2039
217 986
218 1057
219 2913
220 2614
221 1057
222 409
223 1509
224 101
225 409
226 2117
227 2230
228 633
229 2714
230 31
231 678
232 983
233 1779
234 1442
235 608
236 2801
237 550
238 2010
239 2074
240 2086
241 1863
242 2552
243 2398
244 2709
245 2481
246 2200
247 806
248 2629
249 1399
250 2609
251 1856
252 722
253 2358
254 1759
255 1670
256 2077
257 649
258 1182
259 1535
260 1830
261 611
262 2975
263 2420
264 1120
265 1683
266 1474
267 584
268 301
269 454
270 511
271 1028
272 2515
273 1507
274 1299
275 2942
276 2952
277 1740
278 181
279 1291
280 582
281 1736
282 728
283 985
284 2795
285 2900
286 2982
287 808
288 942
289 484
290 1121
291 1709
292 1765
293 1857
294 1292
295 2496
296 2375
297 1631
298 625
299 2940
300 2555
301 1557
302 774
303 2298
304 770
305 2209
306 695
307 126
308 2145
309 232
310 1602
311 163
312 2959
313 157
314 1049
315 369
316 179
317 2977
318 2734
319 170
320 420
321 2008
322 2336
323 2713
324 2070
325 2218
326 1266
327 1541
328 1103
329 292
330 2493
331 2260
332 717
333 1499
334 533
335 1006
336 860
337 2040
338 183
339 2247
340 2530
341 1618
342 2873
343 351
344 757
345 2040
346 2483
347 2757
348 2204
349 782
350 1939
351 1115
352 2806
353 2889
354 1031
355 771
356 2329
357 607
358 108
359 2796
360 1608
361 358
362 525
363 994
364 400
365 63
366 161
367 1162
368 2123
369 2778
370 581
371 883
372 1735
373 1626
374 2741
375 636
376 2050
377 2338
378 1489
379 2923
380 1496
381 1992
382 669
383 326
384 2415
385 2094
386 1401
387 786
388 2878
389 1121
390 2925
391 2549
392 1539
393 139
394 1392
395 189
396 1558
397 2646
398 2798
399 1734
400 1844
401 552
402 1984
403 2566
404 267
405 2663
406 1708
407 1344
408 2720
409 2694
410 2034
411 1741
412 2652
413 2542
414 788
415 1896
416 21
417 1672
418 1932
419 560
420 2450
421 2241
422 2830
423 2401
424 1990
425 1918
426 1782
427 896
428 506
429 276
430 688
431 2665
432 1254
433 2973
434 2885
435 1370
436 1280
437 512
438 115
439 1286
440 1405
441 2845
442 2472
443 464
444 1834
445 790
446 1557
447 2205
448 1032
449 2249
450 860
451 238
452 1708
453 1715
454 1189
455 2539
456 1203
457 1687
458 2527
459 1930
460 2810
461 1353
462 1354
463 2093
464 2643
465 565
466 1047
467 1012
468 141
469 1657
470 2017
471 204
472 126
473 656
474 1876
475 1020
476 1114
477 1795
478 2429
479 1151
480 256
481 403
482 811
483 1198
484 2416
485 2931
486 656
487 351
488 609
489 589
490 2864
491 271
492 2106
493 2608
494 360
495 2828
496 2685
497 890
498 2467
499 2268
500 1071
501 2344
502 2236
503 1584
504 1408
505 262
506 1095
507 2459
508 2021
509 2810
510 2597
511 2093
512 2304
513 355
514 1804
515 213
516 239
517 910
518 2129
519 1533
520 525
521 29
522 266
523 1342
524 2894
525 2686
526 1597
527 1945
528 2422
529 271
530 2514
531 1770
532 1657
533 2545
534 2756
535 1358
536 218
537 1803
538 763
539 1556
540 2039
541 2094
542 2312
543 1861
544 330
545 453
546 696
547 2036
548 899
549 930
550 1748
551 831
552 694
553 2966
554 512
555 2058
556 2258
557 2089
558 591
559 1535
560 2327
561 393
562 942
563 1260
564 1379
565 1323
566 2508
567 1493
568 1128
569 1167
570 1439
571 875
572 1302
573 2869
574 1426
575 65
576 1204
577 1732
578 2393
579 2788
580 306
581 1310
582 2395
583 2090
584 1295
585 2761
586 1969
587 1985
588 964
589 1522
590 969
591 679
592 2361
593 1847
594 2439
595 428
596 1661
597 1884
598 1212
599 1627
600 4
601 750
602 2088
603 1260
604 2217
605 2269
606 2378
607 1331
608 2697
609 844
610 2521
611 985
612 2955
613 2424
614 1662
615 517
616 2840
617 1990
618 1853
619 362
620 2440
621 2668
622 1976
623 2127
624 686
625 2630
626 469
627 1882
628 2709
629 1056
630 1727
631 772
632 273
633 689
634 2471
635 84
636 638
637 2630
638 2444
639 2150
640 86
641 1835
642 1184
643 2124
644 1678
645 2314
646 1010
647 1081
648 305
649 2976
650 2163
651 972
652 865
653 360
654 2877
655 2972
656 105
657 1610
658 2442
659 1154
660 7
661 2385
662 1395
663 1921
664 1711
665 1308
666 2906
667 2695
668 1220
669 183
670 2945
671 2222
672 1866
673 162
674 1883
675 1284
676 1284
677 1730
678 1739
679 2214
680 1386
681 2057
682 1458
683 1703
684 2245
685 192
686 2831
687 2122
688 2401
689 1364
690 2996
691 1569
692 1007
693 2532
694 817
695 2329
696 1737
697 2694
698 777
699 22
700 165
701 2391
702 264
703 2265
704 910
705 2989
706 1134
707 2424
708 439
709 2960
710 1640
711 220
712 1314
713 2950
714 1832
715 458
716 1897
717 1472
718 1815
719 1986
720 1732
721 507
722 1613
723 1984
724 925
725 1526
726 1083
727 866
728 2181
729 2612
730 417
731 644
732 2830
733 2985
734 2709
735 1638
736 1106
737 2857
738 1515
739 1681
740 706
741 47
742 2631
743 598
744 479
745 193
746 1380
747 902
748 1962
749 2461
750 2715
751 2253
752 914
753 2714
754 2005
755 815
756 1511
757 2439

