319 60
0 98
1 1947
2 748
3 2449
4 1311
5 749
6 2137
7 1934
8 2963
9 2923
10 2368
11 1969
12 1792
13 1090
14 1402
15 2067
16 836
17 1106
18 2192
19 1008
20 2840
21 2758
22 2371
23 2009
24 1937
25 2567
26 1366
27 2308
28 6
29 2611
30 104
31 1861
32 2307
33 989
34 2780
35 715
36 1509
37 422
38 672
39 205
40 1378
41 2310
42 2058
43 2667
44 1519
45 2013
46 310
47 698
48 648
49 1441
50 2808
51 226
52 766
53 1247
54 625
55 926
56 1560
57 681
58 28
59 627
60 1131
61 1251
62 2445
63 1952
64 829
65 1597
66 1010
67 891
68 378
69 1019
70 1081
71 518
72 349
73 1006
74 509
75 2592
76 1627
77 1745
78 1107
79 2432
80 2208
81 287
82 1047
83 1106
84 1694
85 299
86 646
87 2847
88 292
89 196
90 1541
91 510
92 805
93 2480
94 2125
95 934
96 1083
97 854
98 2542
99 267
100 1341
101 186
102 2196
103 2339
104 2373
105 573
106 9
107 821
108 1940
109 398
110 1485
111 2631
112 1355
113 2518
114 2124
115 2307
116 2853
117 291
118 2559
119 1064
120 2667
121 1544
122 1278
123 329
124 1045
125 2715
126 268
127 621
128 2882
129 306
130 2738
131 1488
132 1605
133 2324
134 150
135 2972
136 1956
137 1905
138 1661
139 274
140 2677
141 1113
142 1907
143 2906
144 2331
145 2653
146 565
147 354
148 194
149 1319
150 136
151 2248
152 2229
153 2796
154 2821
155 385
156 299
157 2194
158 299
159 1893
160 880
161 2057
162 1204
163 735
164 1632
165 1208
166 1427
167 2067
168 2916
169 1198
170 395
171 790
172 2863
173 616
174 976
175 2658
176 1033
177 1713
178 2473
179 981
180 1036
181 1352
182 1447
183 313
184 2650
185 14
186 2210
187 2088
188 2900
189 2765
190 706
191 214
192 2288
193 2320
194 1012
195 2989
196 1244
197 2843
198 1147
199 597
200 1868
201 1243
202 2617
203 1671
204 669
205 2281
206 2853
207 774
208 1110
209 2943
210 2169
211 702
212 2304
213 2117
214 1934
215 1804
216 763
217 2072
218 563
219 2916
220 274
221 1509
222 1689
223 2904
224 2976
225 1060
226 1078
227 2504
228 1265
229 2944
230 160
231 2086
232 2855
233 2593
234 1758
235 235
236 1562
237 1170
238 2831
239 441
240 2134
241 2727
242 523
243 2570
244 2129
245 1270
246 528
247 553
248 1512
249 1038
250 861
251 1788
252 1390
253 1126
254 1207
255 2102
256 24
257 2004
258 1801
259 278
260 2895
261 1011
262 853
263 427
264 251
265 1262
266 2424
267 2838
268 2720
269 1700
270 599
271 2222
272 1372
273 2916
274 1490
275 1730
276 2210
277 840
278 2620
279 411
280 2849
281 701
282 2650
283 1092
284 2201
285 2847
286 1507
287 2237
288 2694
289 225
290 2548
291 128
292 2697
293 550
294 29
295 1426
296 160
297 811
298 2766
299 349
300 418
301 1840
302 2478
303 1442
304 822
305 2464
306 1566
307 2128
308 25
309 158
310 1996
311 2212
312 1483
313 879
314 963
315 2138
316 650
317 2307
318 2412

