397 91
0 391
1 2807
2 472
3 1963
4 2154
5 2245
6 27
7 130
8 1919
9 2949
10 2946
11 2330
12 2119
13 2072
14 2466
15 1969
16 2957
17 1976
18 2800
19 771
20 2577
21 1148
22 2998
23 2195
24 141
25 676
26 51
27 890
28 672
29 1393
30 600
31 2369
32 1922
33 1418
34 1699
35 1208
36 1079
37 1621
38 2028
39 2136
40 127
41 2156
42 1603
43 1445
44 24
45 2075
46 2954
47 2003
48 1773
49 2137
50 40
51 2834
52 232
53 2873
54 995
55 294
56 293
57 1317
58 36
59 279
60 1223
61 128
62 539
63 2329
64 2958
65 779
66 2022
67 982
68 2543
69 2671
70 2390
71 664
72 2970
73 496
74 253
75 874
76 2148
77 1769
78 1482
79 1897
80 2512
81 2561
82 1664
83 2047
84 2231
85 1830
86 254
87 1965
88 1626
89 1468
90 2472
91 1128
92 1368
93 2430
94 850
95 2602
96 662
97 1856
98 525
99 2351
100 285
101 664
102 830
103 913
104 2044
105 162
106 201
107 2632
108 2353
109 592
110 2042
111 1895
112 2106
113 2039
114 2626
115 976
116 2778
117 2671
118 1787
119 1219
120 39
121 1308
122 2735
123 642
124 2131
125 987
126 2534
127 1689
128 1355
129 1725
130 375
131 2860
132 1244
133 1336
134 2546
135 2012
136 420
137 1843
138 2449
139 1681
140 505
141 1774
142 564
143 1085
144 1650
145 2957
146 903
147 2056
148 435
149 914
150 333
151 871
152 2897
153 633
154 1503
155 1553
156 1830
157 305
158 2971
159 1542
160 2474
161 2867
162 345
163 1455
164 128
165 1403
166 1385
167 1808
168 2261
169 1949
170 219
171 1862
172 2727
173 103
174 1622
175 2550
176 2603
177 186
178 706
179 391
180 1285
181 1193
182 1688
183 2465
184 591
185 691
186 1361
187 1574
188 2041
189 5
190 2792
191 2788
192 1657
193 2477
194 2326
195 1889
196 661
197 1192
198 1761
199 28
200 2382
201 986
202 1664
203 1426
204 1859
205 2255
206 1978
207 2936
208 2890
209 1840
210 2855
211 1975
212 638
213 2604
214 358
215 2624
216 822
217 454
218 2440
219 1588
220 1461
221 63
222 1249
223 1488
224 42
225 477
226 1500
227 883
228 526
229 2319
230 260
231 1585
232 2584
233 451
234 2198
235 2767
236 1396
237 151
238 871
239 1778
240 881
241 502
242 2902
243 1083
244 1981
245 2197
246 1025
247 1176
248 2877
249 2677
250 2390
251 135
252 2324
253 613
254 342
255 368
256 1507
257 989
258 1930
259 769
260 354
261 2757
262 1781
263 999
264 2214
265 2395
266 2414
267 2377
268 2016
269 1144
270 600
271 2932
272 760
273 162
274 487
275 1990
276 2365
277 9
278 818
279 1580
280 1051
281 2466
282 1585
283 463
284 2555
285 1982
286 2059
287 2613
288 2827
289 920
290 999
291 966
292 1095
293 7
294 844
295 53
296 2070
297 277
298 90
299 1766
300 827
301 277
302 2252
303 804
304 2257
305 1964
306 305
307 693
308 1441
309 2859
310 600
311 1230
312 78
313 157
314 1895
315 2599
316 1397
317 479
318 2460
319 2256
320 805
321 468
322 10
323 720
324 413
325 738
326 1321
327 2655
328 938
329 1944
330 1561
331 756
332 1828
333 1144
334 2202
335 2834
336 492
337 909
338 1045
339 1730
340 1080
341 1119
342 1310
343 1179
344 488
345 2407
346 491
347 3
348 1229
349 1928
350 2580
351 1755
352 1758
353 2355
354 2430
355 1721
356 432
357 2793
358 1895
359 71
360 250
361 773
362 2076
363 2737
364 2727
365 562
366 13
367 450
368 454
369 2104
370 1714
371 2629
372 1436
373 2454
374 1090
375 1859
376 2352
377 2985
378 1488
379 1168
380 933
381 2931
382 2710
383 1871
384 1107
385 1446
386 1459
387 1348
388 293
389 2120
390 2291
391 1336
392 2655
393 2080
394 2871
395 349
396 2198

