559 35
0 2708
1 1364
2 2595
3 390
4 2217
5 847
6 875
7 652
8 457
9 491
10 1558
11 1041
12 1560
13 452
14 1680
15 588
16 1618
17 664
18 865
19 1401
20 1038
21 1716
22 2073
23 2580
24 880
25 1922
26 991
27 1634
28 730
29 943
30 1396
31 789
32 684
33 2761
34 793
35 2721
36 314
37 2417
38 297
39 318
40 1283
41 984
42 2464
43 2372
44 2789
45 693
46 1312
47 2689
48 569
49 699
50 2848
51 1351
52 1674
53 552
54 2677
55 2961
56 732
57 882
58 97
59 2184
60 199
61 1925
62 45
63 1562
64 1124
65 2822
66 1760
67 1139
68 2028
69 2623
70 2579
71 1495
72 618
73 1887
74 89
75 100
76 582
77 1447
78 1523
79 261
80 1523
81 2797
82 757
83 2371
84 2905
85 1895
86 2171
87 511
88 2409
89 683
90 157
91 167
92 2452
93 2507
94 620
95 2525
96 41
97 586
98 2837
99 1684
100 2967
101 1565
102 1936
103 269
104 558
105 439
106 1222
107 310
108 1033
109 1928
110 2012
111 932
112 2415
113 2616
114 1305
115 2557
116 800
117 1046
118 1030
119 2243
120 2812
121 1589
122 2430
123 1637
124 467
125 2983
126 2333
127 1167
128 1867
129 1336
130 1107
131 1276
132 1659
133 150
134 1374
135 1674
136 2607
137 429
138 211
139 970
140 1464
141 2423
142 512
143 2896
144 645
145 1507
146 2906
147 2099
148 1400
149 2771
150 172
151 1572
152 478
153 1059
154 1878
155 575
156 2443
157 1031
158 2160
159 1787
160 1949
161 1147
162 1375
163 530
164 2062
165 287
166 679
167 2950
168 2991
169 2507
170 2957
171 645
172 1566
173 1528
174 1599
175 1190
176 805
177 2093
178 1968
179 2930
180 345
181 1119
182 838
183 1883
184 2051
185 578
186 1801
187 1109
188 1893
189 1223
190 2412
191 838
192 1292
193 2362
194 97
195 1015
196 384
197 924
198 895
199 2040
200 742
201 2746
202 1851
203 290
204 212
205 2346
206 797
207 620
208 1206
209 2436
210 323
211 2354
212 1049
213 2023
214 2947
215 2891
216 1104
217 365
218 822
219 851
220 628
221 909
222 1401
223 639
224 2644
225 1665
226 816
227 2229
228 2342
229 1270
230 94
231 2617
232 1971
233 991
234 2187
235 1066
236 2848
237 2515
238 1237
239 1385
240 1804
241 173
242 2485
243 206
244 1237
245 849
246 1447
247 2987
248 2254
249 1474
250 1562
251 2883
252 1538
253 1065
254 1112
255 2493
256 1890
257 890
258 2837
259 711
260 2668
261 154
262 167
263 2453
264 2072
265 1400
266 964
267 1400
268 1249
269 672
270 827
271 2522
272 331
273 309
274 1927
275 766
276 631
277 1029
278 2112
279 2047
280 245
281 1646
282 2972
283 1405
284 2263
285 1267
286 2669
287 2660
288 2601
289 1172
290 1088
291 441
292 183
293 966
294 971
295 1925
296 1200
297 125
298 2241
299 2091
300 1221
301 414
302 1365
303 2348
304 682
305 1380
306 2834
307 2614
308 2961
309 1053
310 1741
311 367
312 1767
313 1957
314 1764
315 2921
316 901
317 460
318 1070
319 1536
320 1864
321 695
322 84
323 2
324 1914
325 2518
326 1689
327 1848
328 1494
329 2417
330 1705
331 1578
332 915
333 2081
334 2670
335 129
336 1120
337 1905
338 1889
339 754
340 910
341 1989
342 417
343 1814
344 949
345 2747
346 1552
347 229
348 1370
349 1262
350 1856
351 1282
352 824
353 2212
354 1914
355 853
356 1990
357 1312
358 1460
359 682
360 2194
361 656
362 2123
363 273
364 866
365 2598
366 2289
367 2797
368 2441
369 775
370 2881
371 1160
372 1778
373 1788
374 437
375 2646
376 541
377 2265
378 1636
379 2265
380 2751
381 1757
382 1222
383 2848
384 2103
385 224
386 526
387 503
388 2453
389 36
390 1186
391 2316
392 882
393 1974
394 363
395 703
396 2190
397 77
398 2515
399 2166
400 2201
401 911
402 563
403 390
404 1641
405 740
406 1473
407 1217
408 668
409 2687
410 591
411 801
412 2366
413 1706
414 1638
415 151
416 2863
417 1428
418 2318
419 57
420 692
421 1143
422 925
423 2031
424 1911
425 224
426 265
427 1382
428 914
429 2903
430 240
431 1064
432 2525
433 917
434 523
435 2575
436 1550
437 2106
438 1029
439 905
440 210
441 906
442 1831
443 853
444 2350
445 1513
446 1410
447 2619
448 333
449 2798
450 596
451 1190
452 1099
453 2718
454 1313
455 2831
456 1187
457 2418
458 2568
459 227
460 711
461 121
462 1197
463 2866
464 52
465 2384
466 1727
467 2510
468 1392
469 335
470 2776
471 2640
472 145
473 1587
474 71
475 2807
476 2017
477 793
478 2238
479 2843
480 1912
481 1866
482 2451
483 2364
484 2771
485 292
486 1555
487 2230
488 2884
489 913
490 1723
491 1821
492 827
493 316
494 1203
495 2320
496 631
497 572
498 2783
499 2566
500 1348
501 2160
502 2300
503 383
504 36
505 2385
506 2191
507 2862
508 2947
509 1285
510 1712
511 115
512 2710
513 2784
514 2930
515 1201
516 1837
517 1494
518 1986
519 386
520 2967
521 2388
522 1264
523 1883
524 2813
525 1499
526 2986
527 2348
528 1837
529 2017
530 688
531 1598
532 836
533 1386
534 121
535 242
536 1567
537 1076
538 2039
539 2957
540 1858
541 2768
542 2833
543 2566
544 1553
545 1744
546 2314
547 1136
548 313
549 2859
550 2981
551 1743
552 2932
553 2932
554 1974
555 2649
556 90
557 387
558 233

