734 13
0 502
1 1500
2 1336
3 1362
4 1185
5 1682
6 772
7 1808
8 2540
9 88
10 520
11 2075
12 1033
13 1628
14 631
15 448
16 1202
17 608
18 1782
19 414
20 2542
21 1515
22 1979
23 285
24 1932
25 1608
26 1943
27 2533
28 678
29 1221
30 1169
31 839
32 1378
33 2045
34 732
35 812
36 2198
37 632
38 110
39 1607
40 494
41 2719
42 1318
43 1136
44 2198
45 2148
46 286
47 2373
48 1683
49 2215
50 436
51 346
52 2282
53 2651
54 2278
55 1180
56 203
57 2188
58 360
59 1822
60 2477
61 2340
62 1348
63 1011
64 942
65 1833
66 2869
67 565
68 856
69 866
70 1346
71 1759
72 2231
73 801
74 1792
75 2328
76 617
77 1710
78 2697
79 1088
80 433
81 585
82 1048
83 1729
84 1139
85 545
86 279
87 2052
88 1691
89 797
90 1121
91 1380
92 1611
93 2063
94 1956
95 636
96 906
97 1596
98 253
99 569
100 1128
101 2406
102 2082
103 2108
104 2169
105 281
106 2420
107 2651
108 365
109 989
110 2289
111 2063
112 870
113 2488
114 2344
115 161
116 1805
117 1786
118 580
119 1138
120 1846
121 2672
122 935
123 488
124 2318
125 400
126 2705
127 227
128 2635
129 1230
130 2673
131 1277
132 1457
133 639
134 2125
135 391
136 304
137 646
138 1652
139 854
140 230
141 1020
142 2395
143 406
144 1858
145 2026
146 171
147 397
148 1401
149 2161
150 2414
151 1757
152 1234
153 1529
154 1593
155 1441
156 2425
157 2361
158 388
159 514
160 2818
161 1042
162 1117
163 1255
164 1989
165 1475
166 53
167 968
168 523
169 805
170 230
171 102
172 807
173 406
174 1349
175 46
176 1378
177 2245
178 2886
179 676
180 1094
181 1924
182 1913
183 65
184 1746
185 2789
186 608
187 2923
188 228
189 58
190 1240
191 1045
192 1076
193 1226
194 1239
195 2567
196 656
197 2986
198 466
199 2282
200 809
201 1620
202 2242
203 649
204 1176
205 525
206 120
207 2482
208 685
209 1284
210 2693
211 2945
212 1864
213 1360
214 153
215 103
216 2677
217 1503
218 208
219 802
220 2531
221 404
222 855
223 817
224 412
225 1692
226 2348
227 892
228 2890
229 1584
230 779
231 1705
232 2886
233 1813
234 2968
235 2527
236 2854
237 317
238 1215
239 2252
240 2399
241 1989
242 583
243 1424
244 689
245 2138
246 1618
247 238
248 1915
249 250
250 2521
251 1629
252 1476
253 2576
254 2225
255 2387
256 2182
257 2442
258 1191
259 2838
260 2064
261 1627
262 821
263 844
264 794
265 142
266 40
267 801
268 1078
269 2489
270 2429
271 1367
272 2568
273 1363
274 209
275 554
276 2062
277 467
278 2955
279 841
280 968
281 2226
282 2732
283 2470
284 1921
285 2726
286 2510
287 2222
288 2071
289 543
290 927
291 1029
292 192
293 897
294 2046
295 363
296 449
297 1703
298 87
299 2584
300 434
301 2308
302 540
303 44
304 2372
305 1466
306 9
307 625
308 776
309 576
310 371
311 461
312 751
313 317
314 2294
315 1269
316 1165
317 2816
318 1359
319 254
320 377
321 596
322 2068
323 1370
324 2073
325 1792
326 0
327 2395
328 1466
329 358
330 1260
331 2756
332 2499
333 1252
334 2760
335 2582
336 2636
337 1304
338 1026
339 2619
340 982
341 2129
342 2026
343 558
344 2621
345 1768
346 2828
347 2850
348 299
349 238
350 602
351 1146
352 1229
353 119
354 173
355 1690
356 2326
357 2501
358 979
359 519
360 2911
361 140
362 2386
363 1748
364 2978
365 2525
366 2136
367 1501
368 2037
369 1337
370 1727
371 343
372 1810
373 2745
374 1774
375 2035
376 2211
377 993
378 1859
379 2783
380 1687
381 371
382 1038
383 2522
384 2686
385 2931
386 2833
387 2130
388 869
389 1103
390 2814
391 2332
392 829
393 2681
394 2071
395 12
396 1541
397 2257
398 600
399 1836
400 2276
401 1074
402 1764
403 2991
404 2338
405 223
406 2863
407 467
408 2160
409 585
410 2434
411 2203
412 1477
413 1748
414 2503
415 1425
416 2776
417 2032
418 2920
419 1070
420 2635
421 2318
422 688
423 1903
424 1149
425 1732
426 1186
427 756
428 438
429 2047
430 737
431 1162
432 337
433 2148
434 2465
435 1174
436 2590
437 1394
438 1646
439 2011
440 2561
441 1274
442 1692
443 685
444 727
445 1303
446 553
447 2488
448 1524
449 749
450 2341
451 344
452 2404
453 2171
454 529
455 2526
456 1847
457 786
458 959
459 1343
460 2806
461 1403
462 2495
463 1139
464 2191
465 2930
466 601
467 2516
468 1962
469 386
470 2664
471 641
472 2455
473 1292
474 1772
475 2361
476 1924
477 2053
478 478
479 1243
480 975
481 2785
482 321
483 755
484 2315
485 2256
486 0
487 877
488 2457
489 631
490 1138
491 115
492 1446
493 464
494 156
495 794
496 86
497 1743
498 2321
499 34
500 1010
501 1148
502 1025
503 929
504 1613
505 1922
506 483
507 182
508 632
509 1114
510 120
511 1269
512 161
513 2722
514 1238
515 1751
516 2143
517 997
518 2279
519 1556
520 2036
521 765
522 1048
523 118
524 2119
525 1303
526 807
527 1300
528 596
529 2106
530 2360
531 2769
532 1750
533 168
534 2937
535 1764
536 2185
537 2402
538 2244
539 1965
540 491
541 1475
542 2745
543 2069
544 2916
545 2835
546 637
547 2778
548 1547
549 1573
550 2179
551 2609
552 1797
553 1756
554 1090
555 1789
556 737
557 107
558 2361
559 1845
560 960
561 95
562 2853
563 1398
564 1742
565 189
566 391
567 498
568 816
569 953
570 1394
571 232
572 2282
573 688
574 2003
575 482
576 2952
577 746
578 1668
579 763
580 2109
581 1095
582 1950
583 677
584 1605
585 2388
586 2740
587 1963
588 1672
589 368
590 1067
591 1367
592 1443
593 739
594 849
595 1631
596 606
597 2858
598 571
599 1885
600 122
601 394
602 656
603 465
604 864
605 1188
606 740
607 528
608 719
609 1267
610 2563
611 1185
612 192
613 1473
614 2542
615 175
616 2308
617 724
618 1033
619 2616
620 212
621 2098
622 2199
623 1471
624 2803
625 2691
626 771
627 532
628 1646
629 1679
630 1683
631 524
632 263
633 2912
634 2848
635 2062
636 612
637 2378
638 892
639 2614
640 1569
641 2065
642 971
643 1711
644 4
645 2555
646 2588
647 736
648 562
649 1313
650 1236
651 2
652 2338
653 297
654 2971
655 2465
656 886
657 1356
658 1084
659 2851
660 1195
661 651
662 1015
663 1834
664 2161
665 2869
666 2836
667 2965
668 1369
669 1481
670 1466
671 1343
672 1770
673 2234
674 189
675 1292
676 56
677 816
678 1050
679 2382
680 892
681 341
682 167
683 1432
684 1324
685 2709
686 764
687 1443
688 685
689 1893
690 2597
691 1787
692 2459
693 1390
694 2353
695 1865
696 2405
697 1593
698 2868
699 392
700 842
701 1133
702 1976
703 2050
704 2260
705 2841
706 2151
707 1375
708 956
709 2765
710 2672
711 2129
712 329
713 1554
714 383
715 2363
716 63
717 1982
718 1730
719 2624
720 813
721 1996
722 375
723 2217
724 2370
725 1653
726 2076
727 2591
728 2868
729 713
730 578
731 1141
732 2712
733 1733

