256 23
0 1099
1 2286
2 1787
3 970
4 2069
5 244
6 2900
7 2296
8 1645
9 1345
10 160
11 213
12 2336
13 2850
14 1861
15 932
16 2296
17 1443
18 2779
19 721
20 2888
21 2257
22 1952
23 595
24 2521
25 2552
26 867
27 1503
28 444
29 2555
30 2548
31 1355
32 1255
33 2873
34 2279
35 2284
36 1254
37 1260
38 2171
39 2070
40 1914
41 2593
42 2449
43 256
44 1995
45 806
46 2623
47 2540
48 2495
49 1009
50 891
51 1287
52 882
53 2354
54 2429
55 126
56 931
57 39
58 1894
59 1370
60 2495
61 2445
62 2423
63 1268
64 2632
65 2081
66 640
67 869
68 2875
69 934
70 2200
71 2689
72 2410
73 2946
74 366
75 1366
76 2934
77 796
78 2046
79 2863
80 935
81 1605
82 822
83 1921
84 137
85 830
86 2178
87 2003
88 299
89 1932
90 1169
91 936
92 2233
93 2670
94 2157
95 1533
96 1401
97 944
98 2748
99 1118
100 2347
101 1084
102 612
103 1
104 1691
105 2263
106 195
107 1057
108 1183
109 350
110 327
111 1549
112 2414
113 4
114 2966
115 1064
116 2638
117 261
118 2997
119 1114
120 161
121 1641
122 848
123 249
124 1297
125 537
126 611
127 1770
128 1524
129 2686
130 1309
131 1440
132 1384
133 1081
134 1064
135 483
136 771
137 2586
138 1587
139 2581
140 829
141 2422
142 2319
143 2785
144 542
145 978
146 2854
147 1148
148 1201
149 2747
150 642
151 2526
152 2264
153 2964
154 220
155 2313
156 2215
157 2784
158 390
159 1730
160 835
161 1984
162 1496
163 1772
164 1818
165 2210
166 2916
167 2621
168 1399
169 2577
170 2286
171 2384
172 1906
173 1474
174 844
175 160
176 1194
177 418
178 1710
179 1947
180 202
181 229
182 1621
183 1415
184 44
185 982
186 2235
187 1555
188 2099
189 2026
190 1053
191 2456
192 878
193 2164
194 1411
195 144
196 1782
197 2093
198 372
199 460
200 952
201 2207
202 492
203 2870
204 2323
205 2810
206 1117
207 145
208 64
209 1915
210 2614
211 204
212 2834
213 900
214 2574
215 168
216 592
217 2896
218 441
219 2789
220 2152
221 2956
222 2207
223 2664
224 1940
225 2593
226 631
227 258
228 2580
229 2207
230 2956
231 249
232 2152
233 1371
234 696
235 932
236 1849
237 231
238 351
239 363
240 2981
241 2304
242 153
243 2295
244 2500
245 1808
246 2743
247 14
248 2363
249 2849
250 1665
251 2282
252 1334
253 2620
254 1836
255 16

