709 6
0 947
1 195
2 2269
3 2546
4 1356
5 2242
6 363
7 2706
8 2669
9 614
10 1146
11 2712
12 1961
13 211
14 1284
15 138
16 1213
17 640
18 2435
19 1767
20 815
21 2937
22 1287
23 86
24 2685
25 1015
26 2256
27 2876
28 1930
29 1427
30 217
31 1837
32 2745
33 961
34 2608
35 203
36 78
37 335
38 2580
39 1201
40 1765
41 989
42 1693
43 869
44 927
45 1574
46 2272
47 1564
48 275
49 2694
50 2767
51 2196
52 1259
53 2008
54 1554
55 960
56 1987
57 1741
58 1845
59 2373
60 1836
61 815
62 1150
63 1516
64 492
65 1312
66 1107
67 2373
68 1442
69 1827
70 1748
71 1728
72 712
73 2894
74 5
75 1598
76 2953
77 1671
78 2972
79 1030
80 1179
81 26
82 943
83 1860
84 1582
85 712
86 2596
87 2604
88 252
89 301
90 2427
91 425
92 1727
93 113
94 264
95 794
96 2415
97 1335
98 951
99 1612
100 1772
101 2887
102 2387
103 321
104 26
105 1824
106 2976
107 542
108 2362
109 1538
110 245
111 1555
112 131
113 2206
114 465
115 2448
116 564
117 943
118 2087
119 1849
120 1719
121 1767
122 1774
123 2286
124 2207
125 2195
126 834
127 2986
128 2817
129 2902
130 4
131 1734
132 352
133 1084
134 822
135 2957
136 714
137 411
138 1246
139 2856
140 1794
141 2308
142 1156
143 2637
144 1698
145 2127
146 759
147 690
148 489
149 912
150 2236
151 68
152 1352
153 911
154 744
155 798
156 1702
157 373
158 2863
159 2360
160 826
161 1473
162 2492
163 340
164 23
165 2586
166 785
167 130
168 595
169 158
170 2192
171 856
172 1236
173 2738
174 1609
175 2924
176 1621
177 1282
178 674
179 389
180 2401
181 1443
182 736
183 295
184 2327
185 135
186 2718
187 483
188 2580
189 1547
190 1759
191 2729
192 1189
193 230
194 2901
195 2718
196 2004
197 1939
198 1913
199 2277
200 139
201 569
202 1630
203 2236
204 1994
205 2703
206 1197
207 2154
208 661
209 760
210 2584
211 729
212 1649
213 2999
214 267
215 888
216 1372
217 751
218 1328
219 1735
220 1739
221 1772
222 2577
223 996
224 1392
225 1235
226 1882
227 2553
228 2967
229 112
230 1729
231 1339
232 404
233 1199
234 1544
235 1122
236 934
237 1552
238 611
239 1276
240 1074
241 2448
242 2892
243 314
244 2138
245 362
246 1977
247 1500
248 1065
249 2435
250 18
251 857
252 2361
253 2939
254 1578
255 2606
256 1051
257 228
258 1486
259 2383
260 2201
261 2141
262 2750
263 690
264 692
265 2808
266 2468
267 428
268 1179
269 2397
270 231
271 2372
272 1300
273 320
274 2663
275 976
276 1207
277 323
278 1984
279 1001
280 492
281 1554
282 2347
283 2263
284 1194
285 90
286 2674
287 629
288 548
289 561
290 2219
291 2694
292 309
293 293
294 1501
295 1459
296 57
297 2950
298 12
299 455
300 741
301 1958
302 2840
303 2809
304 47
305 961
306 1665
307 1110
308 1734
309 118
310 2291
311 2478
312 1307
313 2798
314 1140
315 367
316 1769
317 1285
318 2352
319 817
320 1112
321 2207
322 2138
323 2958
324 1911
325 1682
326 1125
327 161
328 1655
329 2089
330 637
331 2883
332 2832
333 1109
334 1218
335 484
336 1557
337 2464
338 655
339 2280
340 1471
341 2187
342 623
343 41
344 1790
345 1796
346 124
347 2569
348 638
349 559
350 2059
351 565
352 1425
353 1340
354 1637
355 2960
356 611
357 1679
358 81
359 1009
360 2601
361 1496
362 2748
363 2912
364 1860
365 2084
366 327
367 2127
368 1895
369 2128
370 2950
371 466
372 2696
373 2388
374 666
375 1133
376 2684
377 2521
378 1519
379 2418
380 1467
381 1930
382 2950
383 2731
384 1506
385 1239
386 891
387 1934
388 214
389 444
390 2245
391 996
392 2120
393 1907
394 1957
395 915
396 2998
397 1186
398 749
399 597
400 2114
401 2658
402 2967
403 2106
404 939
405 953
406 914
407 2161
408 281
409 901
410 942
411 1880
412 1558
413 1550
414 264
415 366
416 1313
417 2291
418 2836
419 2800
420 622
421 2578
422 963
423 2566
424 2531
425 2163
426 1278
427 1498
428 1793
429 1962
430 2678
431 31
432 206
433 1323
434 1236
435 736
436 170
437 1940
438 2268
439 2624
440 1385
441 2309
442 1606
443 1069
444 527
445 2896
446 763
447 1248
448 509
449 2901
450 20
451 2599
452 1780
453 999
454 939
455 2798
456 1641
457 1003
458 2891
459 981
460 2249
461 931
462 689
463 1417
464 2815
465 313
466 2822
467 284
468 2948
469 1062
470 2282
471 915
472 1167
473 2901
474 1176
475 1418
476 1757
477 1785
478 1635
479 2813
480 1964
481 117
482 2735
483 220
484 1312
485 2987
486 410
487 2233
488 1675
489 1572
490 2082
491 792
492 647
493 2541
494 2968
495 2012
496 2795
497 1053
498 1671
499 1210
500 1303
501 2261
502 2991
503 1751
504 501
505 800
506 2196
507 1434
508 315
509 2402
510 1378
511 1441
512 2188
513 1885
514 2286
515 375
516 1534
517 1515
518 928
519 341
520 1272
521 145
522 2878
523 2808
524 2731
525 2929
526 1017
527 1070
528 2586
529 343
530 2730
531 1054
532 2138
533 1937
534 2227
535 1567
536 2043
537 162
538 1145
539 1811
540 357
541 1881
542 2572
543 2143
544 1314
545 1908
546 1077
547 383
548 2381
549 2078
550 2368
551 1030
552 1223
553 2400
554 2878
555 2919
556 691
557 1363
558 1606
559 83
560 754
561 2129
562 270
563 1034
564 1020
565 1125
566 1014
567 985
568 2474
569 2092
570 1994
571 1361
572 2682
573 965
574 950
575 2111
576 1350
577 1860
578 1067
579 1338
580 398
581 1287
582 2395
583 1242
584 2768
585 321
586 1957
587 92
588 2478
589 425
590 1231
591 2761
592 2694
593 1917
594 35
595 2363
596 2112
597 464
598 1483
599 1727
600 2330
601 675
602 709
603 29
604 349
605 1578
606 703
607 979
608 2989
609 2207
610 1012
611 197
612 445
613 2284
614 2735
615 587
616 1199
617 1133
618 1536
619 937
620 989
621 1696
622 1106
623 1683
624 1973
625 3
626 1856
627 1965
628 2635
629 894
630 2459
631 1711
632 2662
633 1345
634 2451
635 2343
636 2945
637 1469
638 433
639 1311
640 607
641 1148
642 765
643 1810
644 2703
645 2845
646 961
647 2968
648 1388
649 1921
650 2672
651 2862
652 2446
653 411
654 980
655 880
656 1767
657 322
658 2811
659 1930
660 2270
661 1901
662 165
663 1792
664 749
665 1311
666 1677
667 897
668 889
669 585
670 845
671 1624
672 1234
673 2421
674 1158
675 2209
676 2232
677 420
678 932
679 1703
680 52
681 370
682 1652
683 127
684 2468
685 2955
686 99
687 1630
688 1620
689 2170
690 1978
691 1578
692 2448
693 952
694 2169
695 2232
696 2079
697 2671
698 1113
699 723
700 2482
701 2512
702 2165
703 1763
704 740
705 289
706 1251
707 42
708 2188

