870 80
0 254
1 2091
2 22
3 1167
4 284
5 555
6 749
7 1351
8 23
9 2045
10 1787
11 1695
12 1508
13 2413
14 2011
15 77
16 2210
17 2756
18 1223
19 1246
20 1833
21 1872
22 2238
23 628
24 614
25 1754
26 869
27 1647
28 2330
29 1811
30 1199
31 2357
32 1426
33 2947
34 1987
35 2559
36 2082
37 2962
38 1219
39 2844
40 2279
41 751
42 1632
43 1835
44 1819
45 315
46 2531
47 95
48 1037
49 1043
50 2876
51 688
52 383
53 1870
54 2713
55 1856
56 2345
57 2412
58 200
59 800
60 1988
61 382
62 1499
63 647
64 1351
65 2020
66 1678
67 2777
68 692
69 2999
70 2711
71 2279
72 197
73 606
74 643
75 2054
76 2774
77 1288
78 2741
79 1168
80 9
81 661
82 1413
83 1517
84 2317
85 1908
86 2604
87 668
88 2962
89 1308
90 393
91 746
92 809
93 2337
94 2741
95 2578
96 2564
97 407
98 517
99 492
100 1529
101 960
102 2616
103 2634
104 1185
105 2481
106 980
107 2409
108 599
109 1345
110 160
111 1785
112 1763
113 1087
114 1233
115 388
116 2465
117 662
118 1654
119 1355
120 2160
121 1606
122 1953
123 292
124 2846
125 1830
126 2782
127 1816
128 1153
129 2843
130 2971
131 2138
132 2752
133 997
134 1214
135 1942
136 397
137 828
138 1010
139 2556
140 2206
141 1443
142 630
143 1414
144 1845
145 1454
146 25
147 2000
148 1571
149 2681
150 1
151 911
152 592
153 251
154 970
155 753
156 313
157 2550
158 882
159 2857
160 1566
161 2917
162 1105
163 1799
164 1129
165 1899
166 89
167 128
168 274
169 2004
170 239
171 112
172 2309
173 425
174 2979
175 1656
176 2482
177 1058
178 256
179 1968
180 452
181 441
182 2311
183 2917
184 1853
185 1365
186 2872
187 1576
188 38
189 1502
190 988
191 2898
192 1954
193 1441
194 68
195 2765
196 417
197 1216
198 2518
199 240
200 1134
201 2226
202 1381
203 2965
204 718
205 571
206 729
207 1802
208 2472
209 1093
210 860
211 2028
212 1467
213 1146
214 1676
215 668
216 1707
217 1309
218 1938
219 193
220 1677
221 891
222 2217
223 562
224 1613
225 1900
226 1959
227 2317
228 1569
229 1645
230 1062
231 2118
232 192
233 1312
234 690
235 787
236 2582
237 2964
238 1857
239 303
240 1422
241 1570
242 1802
243 1346
244 840
245 533
246 1335
247 66
248 978
249 1860
250 710
251 2621
252 2262
253 1968
254 667
255 2553
256 2326
257 1654
258 2784
259 2257
260 572
261 788
262 782
263 1759
264 1806
265 1338
266 2174
267 1543
268 2171
269 2577
270 1587
271 1589
272 141
273 732
274 257
275 482
276 649
277 2157
278 1520
279 2780
280 1338
281 912
282 28
283 154
284 159
285 2935
286 996
287 137
288 54
289 450
290 562
291 163
292 1851
293 1908
294 2531
295 400
296 1612
297 2512
298 2085
299 1153
300 2834
301 1250
302 7
303 445
304 2952
305 1387
306 1023
307 2449
308 1899
309 1767
310 2389
311 2883
312 518
313 1421
314 1192
315 2614
316 2950
317 2013
318 2905
319 568
320 933
321 2958
322 901
323 1443
324 2513
325 173
326 1
327 503
328 815
329 1055
330 366
331 2549
332 2898
333 362
334 2027
335 1572
336 1349
337 2259
338 1847
339 2358
340 1288
341 479
342 925
343 270
344 2598
345 910
346 2496
347 661
348 2341
349 705
350 2992
351 2768
352 585
353 1683
354 2687
355 2257
356 221
357 1110
358 1489
359 2171
360 2809
361 462
362 1344
363 1132
364 2328
365 869
366 14
367 2445
368 1432
369 2332
370 927
371 1918
372 807
373 911
374 1118
375 1938
376 528
377 1756
378 1231
379 1683
380 607
381 1201
382 2619
383 1118
384 1346
385 2219
386 822
387 1717
388 1161
389 295
390 2473
391 1020
392 2802
393 1649
394 929
395 1591
396 304
397 28
398 1070
399 1823
400 2466
401 352
402 1579
403 1874
404 380
405 1563
406 1429
407 2937
408 46
409 2293
410 732
411 2509
412 2093
413 753
414 969
415 538
416 1557
417 2005
418 1450
419 2000
420 1708
421 1546
422 2257
423 1101
424 2571
425 2821
426 922
427 260
428 1543
429 2211
430 1099
431 2425
432 835
433 604
434 2997
435 2616
436 399
437 2336
438 1367
439 1682
440 2788
441 2925
442 516
443 2561
444 1794
445 2795
446 1036
447 332
448 90
449 655
450 1648
451 2201
452 701
453 2458
454 1739
455 845
456 2180
457 2157
458 1762
459 170
460 1882
461 2552
462 788
463 91
464 2572
465 1526
466 1998
467 28
468 1076
469 1038
470 2719
471 901
472 1711
473 2597
474 2375
475 760
476 1101
477 1617
478 2933
479 2966
480 2680
481 2327
482 1112
483 2477
484 2697
485 878
486 712
487 1916
488 172
489 1317
490 560
491 1769
492 2908
493 1837
494 1561
495 2397
496 832
497 735
498 91
499 1705
500 83
501 1499
502 1302
503 1174
504 1962
505 2234
506 1622
507 2738
508 204
509 875
510 2634
511 2136
512 1908
513 1902
514 2866
515 243
516 1414
517 1892
518 1291
519 1011
520 802
521 2763
522 704
523 1647
524 1210
525 1661
526 112
527 260
528 1567
529 1494
530 2441
531 2579
532 1743
533 1193
534 861
535 336
536 775
537 748
538 1309
539 1603
540 1499
541 959
542 798
543 2008
544 1050
545 330
546 2237
547 986
548 763
549 2556
550 2572
551 2429
552 1842
553 346
554 82
555 1516
556 2943
557 1472
558 865
559 204
560 1378
561 2419
562 988
563 712
564 1976
565 1793
566 2394
567 605
568 2617
569 1479
570 808
571 1972
572 1364
573 898
574 2101
575 2300
576 418
577 1570
578 1454
579 2482
580 2532
581 468
582 707
583 1613
584 1840
585 153
586 850
587 2947
588 1257
589 204
590 214
591 1469
592 518
593 626
594 2791
595 2569
596 2834
597 1338
598 2260
599 367
600 114
601 2999
602 1167
603 578
604 1864
605 2865
606 241
607 2689
608 1016
609 1000
610 619
611 1254
612 2621
613 2302
614 1518
615 1762
616 1831
617 2455
618 2996
619 598
620 2045
621 1182
622 40
623 1811
624 1487
625 2187
626 1539
627 2646
628 2148
629 2485
630 2936
631 2608
632 1439
633 2355
634 1740
635 947
636 2701
637 2274
638 2321
639 1612
640 406
641 719
642 101
643 1788
644 1116
645 385
646 988
647 2221
648 1674
649 774
650 2535
651 509
652 2754
653 2496
654 2635
655 2659
656 2260
657 695
658 2185
659 873
660 117
661 342
662 2824
663 2821
664 874
665 1106
666 150
667 1658
668 1446
669 2154
670 2113
671 222
672 1270
673 616
674 264
675 2685
676 2747
677 2581
678 2456
679 1268
680 832
681 135
682 1396
683 740
684 1897
685 1340
686 2042
687 2527
688 1065
689 1709
690 632
691 1801
692 2207
693 2671
694 884
695 612
696 2651
697 1305
698 2743
699 1213
700 1354
701 445
702 2246
703 87
704 1290
705 2109
706 53
707 1481
708 491
709 1073
710 668
711 1870
712 1390
713 1899
714 2328
715 515
716 1362
717 1084
718 477
719 723
720 2304
721 2898
722 340
723 2147
724 761
725 913
726 2768
727 1119
728 1354
729 2804
730 213
731 1049
732 2581
733 2038
734 2675
735 694
736 1807
737 1254
738 1606
739 1225
740 2562
741 449
742 2830
743 2490
744 2031
745 1173
746 2517
747 735
748 1911
749 1227
750 1356
751 902
752 2719
753 927
754 536
755 674
756 1349
757 1640
758 1714
759 2174
760 60
761 651
762 1484
763 19
764 2760
765 321
766 1860
767 931
768 1109
769 1142
770 1301
771 2936
772 2202
773 2449
774 2563
775 1196
776 2146
777 148
778 2404
779 1924
780 4
781 1589
782 506
783 1048
784 616
785 2700
786 558
787 1153
788 1737
789 81
790 578
791 1849
792 80
793 233
794 2341
795 1297
796 2039
797 424
798 3
799 976
800 1586
801 485
802 2501
803 1848
804 2088
805 2806
806 167
807 553
808 82
809 834
810 540
811 909
812 2716
813 1464
814 1697
815 1654
816 765
817 1670
818 1802
819 581
820 487
821 649
822 70
823 2907
824 1264
825 519
826 2836
827 1047
828 78
829 352
830 1807
831 2053
832 2043
833 191
834 982
835 709
836 635
837 2839
838 440
839 2506
840 1178
841 2633
842 2537
843 705
844 2592
845 2491
846 395
847 250
848 2982
849 458
850 2152
851 522
852 2407
853 1344
854 20
855 1958
856 500
857 1067
858 2135
859 135
860 2408
861 1737
862 2572
863 2374
864 2394
865 2340
866 2705
867 1063
868 709
869 1266

