407 63
0 1191
1 405
2 505
3 744
4 1316
5 1427
6 957
7 708
8 928
9 1601
10 2926
11 992
12 2607
13 2679
14 2056
15 734
16 733
17 2730
18 1696
19 1044
20 1596
21 1590
22 893
23 2806
24 1319
25 2340
26 1442
27 136
28 215
29 2265
30 295
31 1513
32 1096
33 2403
34 2376
35 222
36 1426
37 2026
38 1394
39 818
40 359
41 2306
42 1499
43 800
44 586
45 719
46 1247
47 209
48 697
49 2881
50 386
51 1160
52 1395
53 819
54 1537
55 2571
56 2679
57 656
58 1505
59 781
60 2476
61 364
62 2886
63 621
64 830
65 2636
66 76
67 1640
68 2928
69 1876
70 668
71 2427
72 2635
73 1430
74 2691
75 2561
76 1884
77 480
78 1767
79 1488
80 1933
81 2527
82 1209
83 1203
84 346
85 909
86 2848
87 1919
88 415
89 1088
90 630
91 319
92 1754
93 147
94 851
95 2104
96 504
97 2402
98 701
99 687
100 2235
101 1213
102 1012
103 1295
104 461
105 261
106 349
107 764
108 739
109 2282
110 2206
111 707
112 2594
113 322
114 1733
115 2098
116 2772
117 333
118 2336
119 893
120 985
121 2378
122 220
123 2871
124 745
125 719
126 1624
127 2205
128 1213
129 2833
130 1455
131 2631
132 1718
133 1386
134 1759
135 337
136 919
137 280
138 1156
139 217
140 2568
141 1654
142 1163
143 2713
144 778
145 2371
146 1600
147 2781
148 1579
149 1373
150 1419
151 1916
152 638
153 2621
154 2603
155 2374
156 1306
157 1143
158 1558
159 2261
160 507
161 1640
162 2767
163 1761
164 2458
165 1494
166 1910
167 70
168 1179
169 2365
170 2848
171 2139
172 1860
173 1749
174 494
175 1829
176 963
177 264
178 2946
179 2854
180 2083
181 1068
182 2570
183 1926
184 190
185 91
186 2621
187 2398
188 2241
189 2512
190 2270
191 2019
192 2759
193 1106
194 348
195 304
196 2370
197 2074
198 1844
199 2061
200 2264
201 801
202 871
203 1909
204 2436
205 2939
206 1396
207 250
208 738
209 1814
210 1748
211 1017
212 2181
213 2282
214 369
215 2351
216 1328
217 2380
218 326
219 1053
220 80
221 1801
222 1090
223 1878
224 1553
225 2431
226 743
227 915
228 1291
229 790
230 1469
231 1458
232 2279
233 1107
234 2644
235 2940
236 2438
237 2927
238 650
239 273
240 1440
241 2939
242 2878
243 1733
244 2340
245 2250
246 772
247 2945
248 1948
249 218
250 208
251 1495
252 2122
253 1318
254 1805
255 104
256 2034
257 913
258 401
259 2609
260 325
261 1007
262 1530
263 1238
264 866
265 2462
266 519
267 5
268 374
269 276
270 1736
271 1288
272 1428
273 2890
274 1380
275 847
276 803
277 702
278 102
279 2843
280 1693
281 1118
282 809
283 1024
284 2927
285 62
286 2658
287 2476
288 1805
289 462
290 1158
291 2446
292 2103
293 1309
294 2085
295 575
296 2661
297 768
298 121
299 1718
300 1331
301 1611
302 22
303 911
304 1000
305 324
306 2097
307 2190
308 883
309 1890
310 2874
311 463
312 573
313 1176
314 596
315 694
316 2926
317 1875
318 2287
319 2084
320 2183
321 895
322 791
323 2368
324 237
325 85
326 595
327 80
328 68
329 1626
330 647
331 2887
332 1497
333 1741
334 1847
335 2606
336 2373
337 1290
338 2477
339 1485
340 991
341 1449
342 1220
343 2194
344 2890
345 2453
346 2100
347 2246
348 2366
349 2333
350 2876
351 2037
352 1494
353 1890
354 211
355 799
356 421
357 935
358 1942
359 1894
360 2544
361 1054
362 1078
363 2917
364 1847
365 7
366 711
367 336
368 1001
369 1077
370 2606
371 1543
372 1467
373 2871
374 95
375 91
376 988
377 1166
378 2154
379 823
380 2836
381 605
382 2296
383 2709
384 2709
385 1968
386 756
387 1794
388 47
389 1529
390 496
391 66
392 945
393 1790
394 1608
395 1904
396 2654
397 2021
398 1371
399 2690
400 700
401 1039
402 2021
403 1444
404 493
405 1132
406 1335

