544 32
0 2738
1 2834
2 1827
3 417
4 1071
5 1844
6 84
7 1692
8 879
9 2119
10 113
11 2148
12 1800
13 1233
14 792
15 2930
16 1763
17 2806
18 537
19 107
20 774
21 1294
22 1583
23 1382
24 644
25 926
26 1381
27 842
28 2333
29 1678
30 1186
31 1635
32 2706
33 1867
34 2618
35 2716
36 957
37 1544
38 2507
39 379
40 2261
41 625
42 1997
43 815
44 2976
45 1857
46 877
47 2108
48 2242
49 1014
50 1332
51 2202
52 2682
53 2084
54 153
55 995
56 2914
57 1624
58 2567
59 1806
60 1220
61 725
62 1178
63 1484
64 467
65 948
66 926
67 508
68 127
69 441
70 2854
71 937
72 1082
73 2708
74 2123
75 1712
76 1469
77 921
78 1914
79 1908
80 2651
81 1227
82 250
83 141
84 2253
85 1564
86 1557
87 2909
88 865
89 385
90 1127
91 657
92 2181
93 2632
94 1555
95 1668
96 1123
97 1042
98 636
99 863
100 1102
101 2697
102 365
103 2308
104 2974
105 1491
106 2877
107 1013
108 1655
109 1397
110 1123
111 2250
112 2823
113 1037
114 1161
115 2507
116 1383
117 1128
118 966
119 1916
120 669
121 1080
122 1686
123 590
124 1388
125 169
126 1297
127 1751
128 1257
129 2828
130 363
131 1309
132 2009
133 315
134 548
135 100
136 2415
137 2433
138 2107
139 1176
140 126
141 698
142 112
143 2897
144 2624
145 1720
146 525
147 1560
148 2289
149 1262
150 2610
151 1894
152 2187
153 1100
154 106
155 2256
156 669
157 761
158 2426
159 37
160 588
161 778
162 719
163 1338
164 478
165 647
166 1769
167 1223
168 2246
169 2660
170 895
171 895
172 313
173 2130
174 663
175 2628
176 470
177 2186
178 2757
179 2594
180 2082
181 814
182 162
183 3
184 1780
185 952
186 1587
187 120
188 1351
189 250
190 1753
191 965
192 1964
193 1530
194 1306
195 94
196 2999
197 2743
198 1058
199 2427
200 849
201 591
202 2817
203 2475
204 188
205 1524
206 1227
207 2063
208 158
209 2984
210 147
211 540
212 1412
213 431
214 682
215 1010
216 1086
217 1482
218 2078
219 970
220 2395
221 1993
222 1260
223 1496
224 1870
225 2701
226 665
227 839
228 170
229 51
230 1978
231 1365
232 1778
233 1087
234 769
235 1283
236 309
237 2485
238 1132
239 651
240 2814
241 2070
242 219
243 2977
244 957
245 1796
246 1455
247 443
248 1498
249 157
250 2023
251 965
252 1436
253 2712
254 1625
255 426
256 177
257 459
258 1637
259 646
260 2381
261 1717
262 2597
263 920
264 2828
265 252
266 1524
267 1171
268 284
269 392
270 160
271 2046
272 185
273 1684
274 50
275 2130
276 1973
277 2383
278 68
279 2972
280 615
281 2101
282 151
283 1523
284 1615
285 2274
286 1104
287 2092
288 775
289 2668
290 1953
291 2174
292 2224
293 178
294 1020
295 638
296 1786
297 2734
298 1937
299 2865
300 2411
301 83
302 2770
303 402
304 940
305 312
306 759
307 2617
308 2745
309 2922
310 2804
311 107
312 464
313 436
314 21
315 428
316 1414
317 1573
318 2924
319 981
320 1897
321 2860
322 851
323 1584
324 2104
325 846
326 1710
327 1811
328 2820
329 2600
330 1547
331 403
332 426
333 1446
334 317
335 2418
336 261
337 2411
338 1124
339 1254
340 1967
341 61
342 2007
343 1065
344 303
345 1540
346 1171
347 1607
348 2489
349 1015
350 2388
351 858
352 115
353 1623
354 2515
355 728
356 1195
357 2510
358 1228
359 976
360 434
361 2473
362 1849
363 798
364 74
365 2268
366 1779
367 620
368 653
369 1258
370 716
371 1200
372 1923
373 1290
374 425
375 2881
376 2999
377 105
378 2934
379 2014
380 1389
381 2530
382 403
383 2035
384 1352
385 2866
386 2632
387 2143
388 178
389 2979
390 1920
391 954
392 2651
393 2098
394 2426
395 1628
396 2926
397 605
398 2454
399 2840
400 1632
401 605
402 2121
403 1055
404 1718
405 2651
406 1480
407 1781
408 447
409 2653
410 2789
411 2391
412 2254
413 1171
414 141
415 802
416 895
417 43
418 2312
419 1174
420 377
421 1497
422 166
423 1170
424 1429
425 688
426 2193
427 2175
428 322
429 2064
430 477
431 2251
432 1069
433 91
434 1399
435 1179
436 265
437 382
438 2414
439 71
440 2404
441 1624
442 1919
443 1351
444 300
445 2607
446 1991
447 200
448 2237
449 612
450 750
451 2998
452 2623
453 1083
454 2270
455 702
456 486
457 536
458 336
459 2350
460 1072
461 1525
462 39
463 2996
464 2871
465 713
466 1445
467 2507
468 1501
469 1835
470 190
471 2288
472 2421
473 1793
474 1457
475 1124
476 317
477 286
478 2686
479 2110
480 510
481 1707
482 1994
483 1809
484 516
485 606
486 1732
487 728
488 373
489 910
490 2862
491 2471
492 10
493 2436
494 1799
495 2734
496 521
497 1824
498 2827
499 666
500 956
501 365
502 649
503 423
504 2112
505 2999
506 1340
507 2119
508 2222
509 2084
510 1371
511 620
512 1591
513 241
514 2254
515 2953
516 2312
517 90
518 761
519 2953
520 1243
521 2472
522 2856
523 469
524 2606
525 1989
526 1957
527 2961
528 850
529 309
530 2394
531 2665
532 939
533 1610
534 185
535 1467
536 367
537 2129
538 2126
539 1092
540 2364
541 1540
542 195
543 812

