303 96
0 526
1 1734
2 1115
3 1222
4 2710
5 1680
6 1057
7 2314
8 2326
9 821
10 570
11 94
12 549
13 1502
14 2289
15 994
16 1122
17 2707
18 1995
19 2386
20 1754
21 2883
22 1791
23 203
24 1652
25 448
26 321
27 1571
28 2436
29 1449
30 2228
31 58
32 835
33 709
34 1698
35 1565
36 1763
37 2880
38 2376
39 1594
40 781
41 761
42 2251
43 2235
44 1346
45 169
46 2848
47 1062
48 2626
49 249
50 1825
51 548
52 2189
53 483
54 2600
55 1642
56 715
57 2533
58 720
59 1398
60 2772
61 68
62 379
63 1561
64 860
65 2405
66 1561
67 2470
68 251
69 1752
70 1315
71 2773
72 1992
73 1887
74 2006
75 94
76 1007
77 124
78 2965
79 2854
80 1615
81 1831
82 1966
83 2938
84 1131
85 2884
86 151
87 952
88 999
89 2799
90 2496
91 92
92 1337
93 2123
94 2387
95 2186
96 1
97 1039
98 957
99 2106
100 1287
101 537
102 588
103 338
104 1956
105 2752
106 417
107 797
108 496
109 2130
110 164
111 2412
112 2654
113 2686
114 2252
115 1972
116 1472
117 213
118 2316
119 2269
120 695
121 2580
122 342
123 2896
124 1057
125 2848
126 2148
127 921
128 2703
129 1879
130 579
131 1771
132 1187
133 191
134 2364
135 1671
136 2660
137 1586
138 965
139 818
140 2047
141 436
142 1874
143 389
144 2820
145 298
146 1105
147 23
148 922
149 653
150 1924
151 1796
152 1277
153 2876
154 1501
155 2460
156 1272
157 1794
158 829
159 518
160 1485
161 434
162 1954
163 1118
164 2934
165 1377
166 2753
167 2356
168 2007
169 2179
170 1254
171 1858
172 2921
173 2746
174 77
175 1957
176 2028
177 2029
178 1192
179 1384
180 1083
181 110
182 837
183 2841
184 1300
185 1504
186 472
187 49
188 843
189 1159
190 536
191 2126
192 2097
193 1156
194 2108
195 2333
196 1571
197 1163
198 25
199 47
200 1191
201 2734
202 2596
203 1526
204 2075
205 2619
206 2411
207 246
208 1071
209 448
210 1289
211 269
212 265
213 840
214 412
215 80
216 294
217 24
218 1766
219 1385
220 2314
221 2574
222 2474
223 172
224 239
225 1895
226 1983
227 1232
228 1968
229 1508
230 1137
231 544
232 2526
233 1373
234 2434
235 2899
236 1054
237 32
238 2460
239 1910
240 1326
241 489
242 2671
243 863
244 622
245 1067
246 2200
247 2479
248 1020
249 990
250 1362
251 2248
252 2056
253 1490
254 2094
255 2311
256 2319
257 1705
258 1136
259 2223
260 241
261 2102
262 734
263 2336
264 318
265 2932
266 2877
267 2172
268 1218
269 2182
270 30
271 2672
272 2558
273 572
274 2592
275 39
276 1312
277 1815
278 1883
279 1578
280 1963
281 1914
282 1314
283 224
284 975
285 2585
286 885
287 247
288 1576
289 2527
290 2513
291 1011
292 842
293 2067
294 2843
295 41
296 1865
297 1233
298 592
299 551
300 957
301 1914
302 1819

