894 23
0 713
1 199
2 131
3 1898
4 55
5 1434
6 1984
7 101
8 2843
9 1498
10 2574
11 1380
12 861
13 2041
14 1838
15 2758
16 455
17 217
18 2014
19 536
20 2709
21 2659
22 2367
23 740
24 750
25 19
26 2397
27 2493
28 2186
29 32
30 1650
31 692
32 1622
33 2354
34 2563
35 2726
36 2993
37 2383
38 1437
39 966
40 1955
41 1622
42 84
43 1137
44 2009
45 2904
46 1243
47 705
48 1116
49 239
50 2154
51 653
52 1806
53 2668
54 2525
55 2912
56 726
57 2126
58 1119
59 1075
60 2897
61 1881
62 2850
63 625
64 684
65 445
66 2023
67 1999
68 383
69 2205
70 1298
71 1695
72 1445
73 1556
74 134
75 2564
76 2358
77 1222
78 109
79 1152
80 1321
81 2591
82 1702
83 1632
84 1515
85 1915
86 249
87 570
88 2074
89 2060
90 27
91 1496
92 1486
93 2480
94 2253
95 2150
96 2599
97 295
98 839
99 1850
100 1645
101 214
102 182
103 2117
104 1180
105 1401
106 2934
107 555
108 1887
109 592
110 545
111 1732
112 2155
113 761
114 2661
115 43
116 2379
117 2829
118 2974
119 2355
120 789
121 1689
122 807
123 1415
124 1974
125 2783
126 2511
127 1067
128 2189
129 1671
130 2639
131 1691
132 379
133 2019
134 114
135 421
136 308
137 2719
138 108
139 2833
140 2345
141 2813
142 1136
143 1091
144 1228
145 1643
146 39
147 2684
148 1591
149 1337
150 2173
151 2068
152 2944
153 2307
154 2625
155 902
156 2637
157 2566
158 1960
159 79
160 2710
161 2328
162 2733
163 156
164 1451
165 542
166 1297
167 4
168 2139
169 2661
170 931
171 49
172 2853
173 240
174 2223
175 2749
176 1432
177 2109
178 1948
179 514
180 1595
181 2
182 1870
183 2004
184 449
185 2927
186 315
187 434
188 1930
189 1260
190 1497
191 826
192 966
193 899
194 2383
195 99
196 1768
197 1047
198 1280
199 590
200 385
201 1247
202 1467
203 173
204 2019
205 933
206 2107
207 1875
208 1921
209 1185
210 1235
211 896
212 2062
213 6
214 531
215 1269
216 336
217 2487
218 712
219 1344
220 2797
221 1697
222 183
223 258
224 1175
225 79
226 2460
227 1590
228 359
229 387
230 1621
231 2140
232 714
233 788
234 1010
235 2562
236 2318
237 333
238 2056
239 142
240 1469
241 237
242 1467
243 648
244 1090
245 426
246 1477
247 2628
248 1824
249 2083
250 2466
251 1816
252 2465
253 2041
254 356
255 85
256 1944
257 58
258 2510
259 1993
260 585
261 1809
262 1500
263 2652
264 633
265 2018
266 514
267 1247
268 2715
269 2625
270 1439
271 2436
272 1373
273 895
274 1722
275 2296
276 1019
277 1613
278 1324
279 1626
280 275
281 409
282 857
283 1387
284 418
285 2683
286 2118
287 1351
288 1150
289 1608
290 440
291 771
292 971
293 1726
294 265
295 890
296 424
297 2800
298 2819
299 1455
300 2505
301 2078
302 2372
303 2656
304 1457
305 976
306 2360
307 218
308 1800
309 1171
310 829
311 1369
312 849
313 791
314 562
315 2253
316 669
317 2816
318 1569
319 2957
320 988
321 370
322 499
323 2480
324 1717
325 2445
326 2230
327 985
328 114
329 994
330 513
331 1697
332 329
333 1341
334 1058
335 623
336 1445
337 651
338 345
339 2592
340 1113
341 414
342 1281
343 2762
344 283
345 2216
346 483
347 1317
348 2056
349 1652
350 2187
351 263
352 2081
353 1824
354 1700
355 1678
356 1291
357 3
358 932
359 2630
360 414
361 1044
362 2276
363 1480
364 107
365 690
366 196
367 101
368 1132
369 113
370 1158
371 2750
372 2575
373 2731
374 2246
375 1651
376 903
377 343
378 2491
379 1906
380 366
381 1949
382 2407
383 824
384 270
385 1192
386 2786
387 1386
388 2994
389 981
390 1901
391 1212
392 185
393 241
394 1595
395 1835
396 989
397 96
398 2407
399 1926
400 2320
401 1517
402 2750
403 1487
404 251
405 2306
406 1606
407 2504
408 294
409 2171
410 1198
411 47
412 842
413 1209
414 1348
415 1236
416 1235
417 1289
418 1225
419 488
420 865
421 441
422 3000
423 1226
424 184
425 2339
426 1943
427 2230
428 1618
429 1308
430 2001
431 995
432 2760
433 27
434 267
435 2492
436 2126
437 230
438 2939
439 586
440 2583
441 1162
442 919
443 461
444 344
445 1717
446 2791
447 1140
448 2379
449 1186
450 2932
451 2194
452 2355
453 411
454 1271
455 2896
456 1226
457 2039
458 2046
459 71
460 90
461 167
462 1817
463 1521
464 2138
465 2438
466 863
467 1704
468 2509
469 1270
470 1098
471 1295
472 217
473 2721
474 224
475 2356
476 853
477 2422
478 1154
479 2092
480 2780
481 1852
482 353
483 1179
484 2821
485 1505
486 644
487 431
488 864
489 2761
490 2227
491 1360
492 923
493 1664
494 2614
495 2321
496 669
497 2083
498 1961
499 494
500 2663
501 1740
502 771
503 1013
504 1851
505 2783
506 45
507 1606
508 524
509 2707
510 2399
511 424
512 777
513 2600
514 2848
515 1285
516 1254
517 2944
518 2800
519 526
520 24
521 1788
522 1996
523 478
524 30
525 2157
526 206
527 2696
528 2245
529 1124
530 2631
531 1957
532 1506
533 875
534 1167
535 2526
536 643
537 1138
538 1727
539 146
540 2000
541 460
542 1766
543 1918
544 2798
545 2934
546 2117
547 701
548 2085
549 2888
550 1485
551 705
552 1636
553 344
554 2414
555 153
556 1730
557 2155
558 2509
559 2815
560 2997
561 1513
562 2191
563 1313
564 2161
565 2801
566 1725
567 1846
568 1907
569 353
570 1068
571 2166
572 1895
573 2875
574 2198
575 2516
576 1522
577 2336
578 461
579 1614
580 2052
581 2285
582 2377
583 1957
584 2977
585 1207
586 2147
587 1376
588 550
589 2202
590 2635
591 2277
592 2608
593 29
594 2738
595 2799
596 714
597 753
598 104
599 310
600 2671
601 707
602 166
603 904
604 1866
605 2101
606 1691
607 125
608 427
609 2050
610 1148
611 2277
612 2312
613 365
614 237
615 2889
616 2124
617 2571
618 2040
619 2197
620 2846
621 2917
622 2285
623 893
624 2019
625 212
626 180
627 778
628 1057
629 1332
630 2035
631 1786
632 714
633 2663
634 1083
635 439
636 852
637 1560
638 1124
639 1188
640 2395
641 1929
642 1297
643 2909
644 2702
645 867
646 89
647 409
648 1576
649 598
650 2651
651 1194
652 2100
653 2978
654 2918
655 1808
656 210
657 1745
658 2585
659 2401
660 217
661 2651
662 1996
663 2548
664 1912
665 1383
666 1865
667 621
668 2547
669 888
670 598
671 1428
672 2517
673 1999
674 6
675 2319
676 531
677 1846
678 2052
679 1654
680 775
681 1764
682 2863
683 485
684 2216
685 1604
686 818
687 2209
688 1059
689 504
690 1269
691 2306
692 1913
693 2833
694 1449
695 705
696 265
697 10
698 370
699 1955
700 2466
701 2245
702 2660
703 1636
704 1484
705 205
706 2378
707 2287
708 1319
709 86
710 1003
711 11
712 2657
713 2767
714 432
715 999
716 2497
717 2600
718 668
719 2795
720 2184
721 78
722 138
723 1448
724 2024
725 2222
726 237
727 1867
728 387
729 1436
730 2238
731 420
732 583
733 2147
734 799
735 2770
736 2751
737 2176
738 219
739 2271
740 2141
741 1472
742 820
743 1660
744 2145
745 218
746 459
747 836
748 1943
749 873
750 2970
751 2524
752 2427
753 713
754 539
755 2868
756 1960
757 550
758 1656
759 2849
760 172
761 318
762 1138
763 293
764 378
765 1944
766 2890
767 1353
768 1847
769 810
770 2498
771 839
772 469
773 1430
774 1111
775 1560
776 1445
777 1016
778 2967
779 757
780 590
781 2661
782 1971
783 2577
784 491
785 2516
786 2030
787 1088
788 1580
789 2840
790 1271
791 476
792 2190
793 2312
794 2370
795 1277
796 2145
797 1132
798 1378
799 1128
800 1780
801 815
802 2116
803 2742
804 1365
805 1136
806 210
807 1234
808 1745
809 523
810 2845
811 2112
812 711
813 405
814 2006
815 2668
816 1963
817 1487
818 284
819 1201
820 1890
821 1933
822 651
823 2853
824 528
825 1498
826 1417
827 1947
828 1558
829 418
830 1901
831 2303
832 1556
833 1403
834 2394
835 122
836 692
837 1576
838 2892
839 232
840 2996
841 2458
842 995
843 2716
844 1838
845 2182
846 2676
847 2741
848 1497
849 773
850 741
851 2804
852 203
853 1298
854 674
855 1312
856 2378
857 2335
858 1983
859 42
860 2901
861 742
862 2076
863 913
864 1243
865 1953
866 2754
867 357
868 812
869 953
870 469
871 1111
872 1945
873 1365
874 134
875 2598
876 9
877 710
878 2115
879 2686
880 2556
881 1731
882 2878
883 1254
884 525
885 1206
886 1034
887 2618
888 2876
889 779
890 2244
891 1740
892 1386
893 2398

