590 31
0 45
1 2671
2 1483
3 496
4 208
5 1331
6 2479
7 1711
8 520
9 429
10 1837
11 1082
12 2124
13 2904
14 158
15 552
16 820
17 1460
18 1399
19 1886
20 2449
21 1325
22 1054
23 622
24 2781
25 848
26 2117
27 1311
28 2479
29 123
30 427
31 1344
32 120
33 198
34 1498
35 2746
36 2955
37 748
38 2232
39 1536
40 110
41 1558
42 134
43 2024
44 327
45 1247
46 2259
47 2684
48 2121
49 356
50 521
51 2176
52 2097
53 1143
54 2435
55 2969
56 1248
57 2458
58 51
59 1663
60 2239
61 2849
62 1777
63 2422
64 1018
65 2327
66 2783
67 1419
68 799
69 133
70 1178
71 2653
72 1257
73 1630
74 1754
75 2632
76 681
77 861
78 2504
79 2843
80 491
81 325
82 362
83 1528
84 795
85 1724
86 2301
87 1635
88 2711
89 933
90 1023
91 145
92 2637
93 2150
94 2004
95 1302
96 962
97 2035
98 99
99 2568
100 2991
101 2444
102 2558
103 2650
104 2922
105 1982
106 2430
107 1749
108 1287
109 2609
110 396
111 2500
112 2536
113 1300
114 726
115 2357
116 1173
117 1719
118 2537
119 1418
120 101
121 1167
122 2860
123 1719
124 1780
125 2194
126 668
127 433
128 919
129 2683
130 2897
131 194
132 2466
133 1868
134 452
135 493
136 628
137 2171
138 2117
139 898
140 88
141 2727
142 2613
143 649
144 55
145 1953
146 434
147 2135
148 633
149 530
150 307
151 477
152 532
153 22
154 1306
155 800
156 823
157 1201
158 1268
159 721
160 2675
161 1259
162 2697
163 182
164 270
165 1609
166 2593
167 308
168 1797
169 28
170 2768
171 471
172 91
173 159
174 814
175 1257
176 2482
177 2173
178 464
179 111
180 454
181 804
182 1705
183 1345
184 605
185 604
186 2822
187 2503
188 1
189 495
190 1621
191 1546
192 2133
193 1937
194 2837
195 1523
196 200
197 978
198 802
199 2881
200 2020
201 591
202 2735
203 2370
204 1138
205 375
206 457
207 1207
208 424
209 15
210 2248
211 601
212 2137
213 1601
214 1735
215 2079
216 244
217 436
218 1531
219 1091
220 112
221 2568
222 1212
223 2709
224 2318
225 2605
226 80
227 1940
228 2786
229 1890
230 1970
231 1613
232 606
233 775
234 334
235 904
236 278
237 1425
238 405
239 2666
240 2683
241 617
242 1081
243 1502
244 2479
245 593
246 2539
247 1368
248 803
249 2169
250 1201
251 2370
252 1713
253 2666
254 922
255 1054
256 448
257 1897
258 587
259 928
260 1248
261 1508
262 2231
263 804
264 585
265 348
266 1468
267 2534
268 716
269 2989
270 1404
271 1499
272 1873
273 2565
274 439
275 1631
276 1714
277 774
278 2213
279 1071
280 694
281 328
282 2893
283 1772
284 1885
285 2558
286 525
287 944
288 2478
289 663
290 2868
291 358
292 1494
293 2216
294 2633
295 900
296 1900
297 110
298 20
299 2899
300 1674
301 1101
302 1832
303 864
304 1159
305 2416
306 2730
307 1519
308 586
309 702
310 2344
311 570
312 1737
313 1687
314 2471
315 548
316 270
317 1312
318 902
319 2029
320 2440
321 1397
322 2507
323 977
324 634
325 2712
326 1669
327 1877
328 1392
329 1045
330 1057
331 909
332 2006
333 322
334 50
335 2034
336 1284
337 2597
338 1940
339 2572
340 642
341 564
342 828
343 1788
344 274
345 755
346 1965
347 2677
348 1112
349 2254
350 10
351 2638
352 1277
353 2422
354 2665
355 112
356 2413
357 1477
358 174
359 1978
360 975
361 1300
362 2066
363 588
364 837
365 2715
366 1771
367 1445
368 1031
369 2043
370 127
371 2584
372 1645
373 500
374 1668
375 648
376 2654
377 2364
378 16
379 2801
380 1222
381 2037
382 2961
383 2432
384 1040
385 1791
386 2768
387 1671
388 460
389 1428
390 913
391 2896
392 1121
393 869
394 1770
395 2728
396 1010
397 2250
398 1768
399 1085
400 503
401 583
402 1989
403 1703
404 706
405 2043
406 2953
407 756
408 1889
409 2236
410 2668
411 28
412 866
413 2140
414 1481
415 1516
416 1660
417 2858
418 1030
419 411
420 772
421 2895
422 285
423 717
424 2818
425 1444
426 1421
427 1479
428 1500
429 1449
430 599
431 750
432 847
433 2539
434 2626
435 1316
436 1401
437 879
438 1591
439 2166
440 2069
441 1121
442 1904
443 2641
444 1262
445 10
446 687
447 1600
448 330
449 1713
450 1068
451 319
452 2548
453 536
454 1654
455 2983
456 421
457 788
458 1707
459 1990
460 672
461 741
462 752
463 293
464 843
465 1299
466 1863
467 1249
468 1542
469 1982
470 1489
471 292
472 1377
473 1256
474 1037
475 976
476 2771
477 2676
478 777
479 2676
480 1295
481 2683
482 1704
483 982
484 2045
485 2113
486 1278
487 2364
488 57
489 150
490 1101
491 1929
492 1720
493 2935
494 2220
495 662
496 1649
497 420
498 160
499 493
500 1679
501 2751
502 2738
503 219
504 745
505 679
506 704
507 1531
508 2497
509 2239
510 2069
511 343
512 2113
513 2678
514 2659
515 2617
516 1672
517 1580
518 1130
519 1170
520 375
521 1839
522 2938
523 2951
524 2032
525 204
526 147
527 1159
528 1345
529 671
530 1672
531 1924
532 976
533 1554
534 2735
535 1055
536 637
537 2277
538 672
539 636
540 2747
541 1268
542 705
543 945
544 2260
545 666
546 318
547 1192
548 426
549 500
550 928
551 907
552 674
553 2997
554 78
555 1175
556 2916
557 1630
558 740
559 1218
560 464
561 645
562 1424
563 500
564 1106
565 1021
566 614
567 423
568 1391
569 1612
570 2101
571 326
572 1297
573 1000
574 2314
575 2397
576 2543
577 603
578 2841
579 2396
580 1699
581 555
582 2487
583 408
584 1764
585 1507
586 2284
587 1458
588 503
589 178

