704 76
0 2313
1 2367
2 2309
3 1700
4 2444
5 549
6 545
7 1436
8 2579
9 2903
10 1900
11 2492
12 897
13 2121
14 698
15 936
16 956
17 2603
18 2493
19 342
20 254
21 686
22 1976
23 2830
24 2660
25 2974
26 654
27 2401
28 1709
29 774
30 494
31 506
32 811
33 1992
34 1462
35 20
36 1656
37 890
38 1511
39 1950
40 1845
41 952
42 334
43 565
44 495
45 1630
46 1710
47 2901
48 610
49 922
50 1457
51 621
52 4
53 2101
54 984
55 620
56 309
57 1406
58 1856
59 2707
60 32
61 302
62 759
63 635
64 401
65 1535
66 970
67 2658
68 1057
69 1739
70 1706
71 2709
72 1285
73 2968
74 1822
75 1336
76 214
77 2514
78 133
79 2910
80 2441
81 1621
82 2116
83 2054
84 2299
85 2619
86 1837
87 1115
88 2879
89 2572
90 1762
91 1407
92 2746
93 1792
94 1500
95 1051
96 2276
97 261
98 2648
99 2580
100 2118
101 1338
102 2020
103 1880
104 463
105 2645
106 878
107 2073
108 660
109 106
110 780
111 1813
112 326
113 2502
114 1939
115 1991
116 1350
117 1708
118 1766
119 1749
120 2701
121 2184
122 277
123 2797
124 2513
125 1513
126 2781
127 1643
128 2287
129 2169
130 2225
131 2156
132 1110
133 2048
134 88
135 438
136 1562
137 2466
138 875
139 2549
140 978
141 444
142 2669
143 730
144 2612
145 1276
146 2005
147 399
148 430
149 2937
150 1566
151 2449
152 2758
153 2739
154 2642
155 2333
156 55
157 1098
158 1433
159 458
160 2056
161 204
162 1955
163 1336
164 2976
165 962
166 2907
167 147
168 2585
169 598
170 2766
171 1465
172 564
173 1050
174 304
175 2315
176 1925
177 2344
178 327
179 1653
180 2095
181 23
182 766
183 1019
184 198
185 698
186 919
187 709
188 2224
189 2104
190 1931
191 1422
192 78
193 2072
194 2053
195 1004
196 1420
197 1314
198 1826
199 1535
200 2820
201 174
202 975
203 1504
204 839
205 150
206 335
207 1309
208 2293
209 1744
210 1194
211 415
212 2819
213 966
214 2780
215 2880
216 1804
217 618
218 1842
219 111
220 1813
221 1193
222 673
223 2557
224 808
225 1789
226 2945
227 1405
228 63
229 2554
230 2253
231 819
232 482
233 132
234 2808
235 2081
236 2649
237 772
238 1868
239 531
240 472
241 2252
242 1471
243 1513
244 197
245 1512
246 317
247 1780
248 2443
249 2739
250 2516
251 2729
252 2354
253 1582
254 2068
255 1695
256 339
257 2793
258 1118
259 442
260 21
261 1546
262 736
263 1915
264 1396
265 1458
266 1186
267 404
268 1591
269 270
270 651
271 12
272 1766
273 1419
274 1874
275 2
276 2357
277 1327
278 2654
279 1262
280 2703
281 2773
282 2071
283 1475
284 502
285 2029
286 2539
287 309
288 2480
289 2862
290 2752
291 2309
292 2144
293 1907
294 1156
295 2155
296 23
297 1204
298 2248
299 1209
300 1224
301 1502
302 266
303 1210
304 1055
305 1300
306 2285
307 760
308 1587
309 1123
310 2316
311 2974
312 392
313 2067
314 1581
315 319
316 1692
317 1042
318 2453
319 2708
320 1559
321 2288
322 1909
323 685
324 2091
325 1831
326 2933
327 778
328 335
329 8
330 2990
331 2815
332 1083
333 193
334 858
335 2946
336 1331
337 1962
338 1582
339 1924
340 2922
341 2390
342 1954
343 1155
344 632
345 508
346 848
347 1749
348 369
349 2879
350 1605
351 2312
352 170
353 1461
354 2611
355 1225
356 2740
357 2120
358 2822
359 199
360 2205
361 2030
362 1189
363 74
364 1261
365 576
366 2966
367 240
368 2041
369 497
370 746
371 1071
372 2346
373 1943
374 2324
375 2954
376 204
377 1607
378 2272
379 2732
380 842
381 1084
382 2484
383 1186
384 1002
385 1991
386 1758
387 487
388 979
389 1556
390 975
391 2393
392 304
393 1232
394 749
395 2893
396 1043
397 1833
398 1927
399 1712
400 2370
401 1039
402 1909
403 532
404 1353
405 1319
406 610
407 407
408 2901
409 2877
410 2319
411 862
412 1492
413 379
414 2743
415 2400
416 2035
417 720
418 2415
419 2561
420 1925
421 223
422 2804
423 1539
424 664
425 2599
426 2585
427 2088
428 2790
429 2
430 2700
431 2210
432 1772
433 2249
434 2561
435 839
436 2281
437 1050
438 1427
439 1113
440 535
441 485
442 444
443 2255
444 1525
445 1518
446 1210
447 1573
448 1324
449 2078
450 433
451 817
452 2802
453 142
454 1353
455 2792
456 2127
457 129
458 1189
459 158
460 2252
461 1175
462 2379
463 2907
464 1566
465 2333
466 89
467 673
468 942
469 1547
470 1160
471 132
472 845
473 2478
474 1794
475 523
476 2315
477 2921
478 2355
479 1320
480 1682
481 1613
482 2536
483 2125
484 2324
485 47
486 686
487 2129
488 2919
489 1741
490 2174
491 2147
492 2443
493 2748
494 1354
495 19
496 1406
497 127
498 2181
499 1425
500 275
501 197
502 2686
503 962
504 213
505 936
506 2174
507 814
508 300
509 797
510 1666
511 2132
512 511
513 1012
514 345
515 373
516 1048
517 2839
518 1095
519 2591
520 607
521 3000
522 1822
523 474
524 1656
525 1901
526 2607
527 2840
528 1792
529 561
530 1349
531 564
532 2099
533 563
534 377
535 1015
536 2798
537 2811
538 634
539 2071
540 2194
541 2720
542 1778
543 443
544 1946
545 785
546 566
547 1504
548 1480
549 931
550 1236
551 1102
552 2976
553 100
554 2225
555 2220
556 717
557 1224
558 2613
559 1141
560 516
561 2196
562 1139
563 1662
564 2658
565 2169
566 1156
567 145
568 641
569 1690
570 1657
571 522
572 274
573 1004
574 2552
575 847
576 2365
577 2298
578 1020
579 838
580 1724
581 1072
582 2150
583 2867
584 1893
585 1092
586 1578
587 774
588 1692
589 1832
590 312
591 1937
592 883
593 2203
594 915
595 1259
596 1504
597 1524
598 1132
599 12
600 2637
601 1912
602 690
603 1793
604 1461
605 2006
606 1651
607 404
608 1191
609 2338
610 1247
611 2772
612 2193
613 500
614 2940
615 985
616 564
617 2298
618 900
619 1799
620 429
621 2638
622 1027
623 778
624 1546
625 324
626 1275
627 972
628 2308
629 2939
630 1351
631 1549
632 1521
633 1025
634 2325
635 1380
636 369
637 2002
638 2257
639 2230
640 598
641 2859
642 2307
643 787
644 2935
645 318
646 2495
647 2811
648 712
649 1784
650 1848
651 32
652 1537
653 1637
654 1140
655 923
656 92
657 2845
658 1369
659 2687
660 2530
661 972
662 2039
663 2974
664 302
665 499
666 2788
667 2111
668 162
669 1981
670 559
671 2494
672 1256
673 1380
674 1974
675 618
676 1048
677 2425
678 847
679 2134
680 2080
681 1617
682 723
683 2681
684 1892
685 21
686 974
687 1505
688 1533
689 733
690 1201
691 2637
692 1178
693 636
694 508
695 317
696 1884
697 2008
698 445
699 1041
700 2894
701 2927
702 646
703 355

