264 50
0 1124
1 163
2 1684
3 188
4 1781
5 1811
6 2706
7 2338
8 2833
9 1720
10 1933
11 204
12 1614
13 1784
14 1590
15 2947
16 1566
17 2780
18 223
19 2572
20 1126
21 1469
22 2032
23 1359
24 2021
25 35
26 2
27 438
28 1907
29 217
30 1197
31 732
32 734
33 1837
34 612
35 559
36 1559
37 435
38 1236
39 2263
40 919
41 2290
42 2554
43 230
44 1368
45 2542
46 1076
47 1207
48 1467
49 2444
50 2919
51 2895
52 1799
53 2964
54 1275
55 666
56 73
57 278
58 1767
59 1946
60 1987
61 745
62 2019
63 2006
64 1326
65 2382
66 1495
67 2953
68 2487
69 2262
70 583
71 142
72 799
73 1771
74 2889
75 2003
76 668
77 489
78 712
79 86
80 525
81 966
82 2328
83 808
84 1472
85 1217
86 225
87 2048
88 798
89 1979
90 2364
91 1527
92 829
93 2404
94 654
95 918
96 125
97 182
98 2654
99 1471
100 2528
101 2535
102 98
103 2465
104 883
105 1656
106 1449
107 1174
108 2420
109 773
110 994
111 2975
112 648
113 765
114 1907
115 2184
116 2895
117 2810
118 465
119 100
120 339
121 1702
122 2731
123 2244
124 2254
125 288
126 2670
127 303
128 331
129 2516
130 1022
131 2141
132 1611
133 426
134 1147
135 1383
136 825
137 1059
138 2992
139 1645
140 1248
141 1553
142 1317
143 2218
144 996
145 2767
146 2848
147 2805
148 1279
149 2132
150 1723
151 132
152 1306
153 1630
154 119
155 2097
156 981
157 1047
158 693
159 1594
160 1149
161 2261
162 2706
163 161
164 2990
165 134
166 367
167 202
168 2761
169 1354
170 685
171 1216
172 2055
173 26
174 1649
175 2876
176 1791
177 2589
178 2817
179 31
180 1621
181 1894
182 975
183 112
184 1149
185 77
186 1632
187 2833
188 52
189 1630
190 539
191 2802
192 1451
193 1806
194 1518
195 1104
196 1228
197 1404
198 1954
199 1911
200 2040
201 261
202 327
203 613
204 1233
205 1334
206 719
207 102
208 2499
209 1927
210 2042
211 1916
212 1960
213 2464
214 927
215 2857
216 1445
217 106
218 2925
219 589
220 2245
221 2329
222 320
223 1332
224 1284
225 782
226 2759
227 1182
228 2151
229 2257
230 381
231 2703
232 2844
233 1036
234 1942
235 2111
236 2039
237 2831
238 279
239 1249
240 2684
241 2148
242 1074
243 2720
244 420
245 2028
246 2107
247 1340
248 2604
249 2936
250 2705
251 1135
252 1629
253 2659
254 1235
255 164
256 2158
257 649
258 2468
259 507
260 1216
261 75
262 343
263 1567

