323 65
0 2150
1 625
2 2519
3 2213
4 785
5 2586
6 1546
7 2811
8 1467
9 1086
10 391
11 431
12 583
13 2428
14 377
15 1109
16 360
17 409
18 458
19 166
20 2361
21 2898
22 156
23 2019
24 894
25 1831
26 2573
27 1053
28 816
29 2555
30 2833
31 327
32 2984
33 449
34 306
35 1246
36 1006
37 942
38 1609
39 2179
40 1849
41 2748
42 2498
43 2414
44 1342
45 2014
46 2964
47 1933
48 2472
49 2012
50 2664
51 498
52 643
53 2645
54 2344
55 2012
56 1670
57 651
58 111
59 1211
60 2989
61 406
62 735
63 1958
64 401
65 1246
66 2784
67 2800
68 2156
69 1764
70 146
71 968
72 1307
73 521
74 823
75 897
76 231
77 2958
78 2584
79 419
80 2963
81 966
82 1689
83 429
84 2857
85 1068
86 2079
87 1623
88 570
89 118
90 1643
91 844
92 1998
93 2685
94 2554
95 190
96 1278
97 681
98 1905
99 656
100 2440
101 1135
102 1594
103 1009
104 698
105 2547
106 1136
107 1169
108 1071
109 2373
110 1557
111 484
112 1741
113 315
114 1836
115 1451
116 2138
117 1923
118 627
119 31
120 47
121 1567
122 2006
123 2959
124 1755
125 2083
126 905
127 1677
128 1496
129 1238
130 1902
131 2755
132 2523
133 683
134 2285
135 2647
136 1563
137 2058
138 2009
139 878
140 1498
141 1383
142 951
143 237
144 1546
145 125
146 48
147 1865
148 738
149 2331
150 1699
151 963
152 1393
153 2277
154 1522
155 1324
156 1748
157 1182
158 1530
159 1495
160 370
161 2725
162 1766
163 1194
164 200
165 2255
166 1484
167 116
168 2354
169 868
170 2927
171 568
172 1515
173 1639
174 207
175 1786
176 1644
177 535
178 2308
179 190
180 1380
181 378
182 2395
183 851
184 2722
185 228
186 1527
187 1160
188 2671
189 1036
190 1715
191 2572
192 330
193 228
194 2919
195 719
196 19
197 2461
198 1280
199 2818
200 277
201 477
202 2671
203 2425
204 667
205 471
206 2261
207 1509
208 2778
209 448
210 1412
211 962
212 1526
213 1252
214 2064
215 643
216 2841
217 2322
218 1456
219 1364
220 74
221 2755
222 115
223 863
224 1388
225 796
226 2563
227 961
228 180
229 742
230 2629
231 2478
232 2196
233 2873
234 307
235 338
236 2428
237 1381
238 1270
239 2404
240 279
241 1903
242 1266
243 2594
244 920
245 929
246 1577
247 639
248 796
249 2276
250 1172
251 1152
252 2665
253 2820
254 39
255 435
256 2476
257 963
258 32
259 233
260 354
261 326
262 1516
263 2175
264 1760
265 944
266 191
267 2671
268 1213
269 1398
270 1324
271 81
272 1393
273 1883
274 882
275 2069
276 1494
277 2154
278 2019
279 2641
280 1688
281 417
282 114
283 388
284 1178
285 971
286 1561
287 1784
288 2581
289 340
290 2447
291 1227
292 1816
293 1093
294 2665
295 2723
296 788
297 2613
298 2323
299 1314
300 1814
301 250
302 2101
303 1140
304 1031
305 2993
306 1783
307 2125
308 2695
309 2554
310 826
311 2429
312 2468
313 262
314 689
315 625
316 2828
317 489
318 844
319 1941
320 1176
321 1121
322 1090

