299 23
0 2065
1 2494
2 1455
3 354
4 1189
5 1619
6 1237
7 2259
8 242
9 1935
10 304
11 609
12 1495
13 2931
14 112
15 1952
16 2396
17 2848
18 2411
19 875
20 16
21 2829
22 118
23 2178
24 1658
25 1652
26 651
27 286
28 2946
29 1296
30 1528
31 2487
32 2942
33 1298
34 413
35 1322
36 1575
37 666
38 689
39 1072
40 1001
41 2664
42 848
43 1883
44 1642
45 1193
46 23
47 543
48 359
49 2360
50 1933
51 2451
52 2388
53 1827
54 933
55 1694
56 359
57 1920
58 2782
59 1331
60 1942
61 322
62 601
63 1798
64 2699
65 888
66 96
67 2104
68 647
69 1355
70 1478
71 1751
72 1868
73 254
74 302
75 1657
76 2825
77 2235
78 865
79 1809
80 1958
81 152
82 543
83 1762
84 1346
85 1136
86 41
87 570
88 1223
89 2074
90 355
91 2232
92 2717
93 2023
94 825
95 63
96 1422
97 2447
98 1456
99 398
100 838
101 1846
102 439
103 2783
104 2670
105 1902
106 161
107 2629
108 329
109 2946
110 365
111 516
112 2550
113 1106
114 421
115 2283
116 1038
117 39
118 1974
119 2094
120 63
121 1045
122 1055
123 2765
124 446
125 1258
126 1760
127 2336
128 1793
129 2502
130 2321
131 1033
132 791
133 2984
134 2162
135 1161
136 1946
137 799
138 2213
139 2841
140 1250
141 367
142 1009
143 564
144 987
145 79
146 2818
147 2094
148 1757
149 208
150 1454
151 2440
152 71
153 1420
154 2661
155 146
156 2095
157 1994
158 2311
159 1421
160 2352
161 300
162 2907
163 546
164 2968
165 2433
166 1100
167 1798
168 128
169 2534
170 668
171 2713
172 2806
173 2170
174 1266
175 219
176 1604
177 2987
178 2149
179 431
180 1962
181 1583
182 1557
183 2422
184 65
185 1996
186 1009
187 186
188 1987
189 2686
190 2159
191 301
192 2987
193 2306
194 262
195 114
196 1187
197 1839
198 1075
199 147
200 2398
201 104
202 2191
203 2254
204 345
205 2935
206 488
207 2815
208 941
209 1002
210 770
211 1048
212 1808
213 2243
214 2305
215 1440
216 437
217 520
218 2572
219 1328
220 2797
221 2041
222 2102
223 2689
224 2265
225 610
226 1863
227 1414
228 2429
229 261
230 2276
231 2269
232 472
233 2148
234 353
235 1215
236 1062
237 295
238 142
239 595
240 407
241 444
242 531
243 174
244 740
245 484
246 2310
247 1443
248 43
249 134
250 1985
251 1017
252 344
253 1473
254 2624
255 758
256 2823
257 1228
258 865
259 274
260 664
261 337
262 2957
263 499
264 1398
265 3
266 2071
267 1805
268 2497
269 2765
270 2659
271 291
272 1171
273 2314
274 2105
275 142
276 2620
277 1989
278 2857
279 1657
280 2693
281 2776
282 1261
283 774
284 2957
285 1235
286 1135
287 2766
288 149
289 1987
290 2783
291 2604
292 2619
293 2102
294 1699
295 1688
296 1088
297 1499
298 2574

