742 43
0 501
1 1065
2 909
3 1855
4 847
5 2005
6 2798
7 2327
8 567
9 2302
10 974
11 2709
12 1072
13 2084
14 2298
15 652
16 1089
17 1744
18 1107
19 2721
20 2560
21 749
22 2054
23 2206
24 2755
25 868
26 75
27 884
28 462
29 2684
30 2582
31 104
32 2930
33 1211
34 2044
35 1854
36 940
37 1788
38 1184
39 80
40 422
41 1469
42 2310
43 474
44 1585
45 2430
46 2417
47 2379
48 1400
49 943
50 693
51 2425
52 102
53 51
54 129
55 44
56 107
57 2255
58 1151
59 1075
60 1887
61 1359
62 2635
63 1718
64 2395
65 133
66 1245
67 132
68 2241
69 2686
70 2882
71 2950
72 2330
73 2569
74 2274
75 139
76 2638
77 1306
78 1
79 1051
80 2631
81 1863
82 2455
83 638
84 1703
85 2802
86 1053
87 2830
88 380
89 365
90 2101
91 2771
92 2548
93 1442
94 1920
95 2952
96 913
97 1157
98 1237
99 1259
100 1997
101 554
102 2352
103 36
104 2167
105 1358
106 2525
107 1576
108 1731
109 520
110 608
111 2395
112 2074
113 1605
114 323
115 1756
116 648
117 1939
118 1167
119 2402
120 63
121 1662
122 1554
123 1520
124 2903
125 39
126 451
127 560
128 1075
129 1765
130 2420
131 2216
132 1436
133 1804
134 2936
135 2611
136 2493
137 96
138 647
139 395
140 2326
141 2644
142 1375
143 1077
144 2484
145 2683
146 1245
147 967
148 2779
149 935
150 698
151 1884
152 2754
153 1600
154 188
155 1074
156 437
157 1850
158 2615
159 2172
160 1429
161 2619
162 745
163 1230
164 2080
165 2522
166 749
167 1470
168 1775
169 486
170 2230
171 2804
172 985
173 477
174 2756
175 2041
176 1184
177 2426
178 1874
179 1002
180 2579
181 854
182 1826
183 1836
184 520
185 715
186 784
187 1230
188 1764
189 2391
190 2086
191 433
192 2238
193 1114
194 2270
195 2587
196 790
197 564
198 1978
199 2974
200 995
201 1897
202 1194
203 2146
204 224
205 2030
206 1094
207 2898
208 789
209 2823
210 1418
211 1267
212 865
213 33
214 2364
215 2937
216 325
217 1970
218 1671
219 1998
220 2357
221 2432
222 2002
223 2284
224 248
225 2509
226 760
227 1233
228 1967
229 2783
230 1609
231 2972
232 401
233 1445
234 2932
235 2045
236 1712
237 2818
238 2796
239 1837
240 2525
241 1337
242 2469
243 792
244 2454
245 174
246 2106
247 2058
248 2917
249 1731
250 1108
251 293
252 2476
253 2921
254 2528
255 2563
256 943
257 1825
258 79
259 350
260 332
261 581
262 1678
263 1646
264 589
265 1650
266 1359
267 2561
268 2934
269 2023
270 1892
271 637
272 1111
273 1968
274 2207
275 1175
276 522
277 2208
278 327
279 65
280 1705
281 2615
282 1910
283 2616
284 228
285 1338
286 2701
287 92
288 397
289 1887
290 2070
291 2039
292 1689
293 1673
294 2863
295 714
296 18
297 1115
298 2784
299 1263
300 662
301 973
302 587
303 833
304 2305
305 2606
306 1438
307 415
308 754
309 613
310 1071
311 2075
312 2191
313 2449
314 1749
315 1424
316 1445
317 2282
318 2651
319 1321
320 1138
321 403
322 863
323 1424
324 1573
325 492
326 2552
327 469
328 593
329 15
330 2677
331 716
332 2547
333 2721
334 1972
335 563
336 1609
337 286
338 1384
339 333
340 1038
341 966
342 2828
343 883
344 907
345 780
346 2952
347 2204
348 2129
349 2874
350 1184
351 1644
352 2656
353 903
354 1249
355 2770
356 2499
357 3000
358 927
359 1050
360 1360
361 1427
362 1121
363 358
364 1242
365 974
366 1569
367 2949
368 2024
369 526
370 1490
371 146
372 717
373 1213
374 2002
375 2244
376 2714
377 1440
378 2864
379 217
380 368
381 661
382 1833
383 2304
384 2084
385 1544
386 610
387 1192
388 70
389 2773
390 2772
391 1779
392 1436
393 2520
394 2599
395 1491
396 2784
397 1428
398 2474
399 1606
400 257
401 2605
402 1191
403 1707
404 1078
405 1436
406 1644
407 1952
408 819
409 989
410 2628
411 1581
412 2812
413 876
414 2540
415 336
416 1969
417 1250
418 1768
419 2485
420 642
421 2614
422 789
423 1674
424 2713
425 1279
426 2173
427 1488
428 2189
429 2503
430 1429
431 241
432 2653
433 329
434 1814
435 359
436 1338
437 155
438 2494
439 516
440 2372
441 528
442 1827
443 2251
444 1418
445 1290
446 1509
447 1822
448 1516
449 47
450 2569
451 2589
452 1868
453 2963
454 2739
455 1442
456 1768
457 667
458 2109
459 498
460 2593
461 353
462 1694
463 174
464 2362
465 1409
466 2060
467 211
468 1419
469 1314
470 2175
471 1623
472 1045
473 1203
474 2610
475 727
476 1537
477 2485
478 1663
479 1798
480 436
481 655
482 933
483 642
484 394
485 996
486 2980
487 1714
488 759
489 2408
490 1128
491 2802
492 0
493 922
494 131
495 1369
496 2221
497 1641
498 1836
499 2881
500 788
501 1105
502 495
503 2596
504 1605
505 664
506 2678
507 890
508 2434
509 2653
510 2162
511 2296
512 2998
513 148
514 515
515 2849
516 306
517 1735
518 765
519 2080
520 1462
521 1111
522 2751
523 872
524 2912
525 112
526 661
527 1184
528 2535
529 2466
530 990
531 1468
532 1551
533 289
534 1592
535 948
536 1622
537 1090
538 1243
539 601
540 1841
541 2974
542 757
543 299
544 2151
545 2189
546 2119
547 452
548 1999
549 198
550 1107
551 2533
552 2935
553 1604
554 2885
555 1115
556 2876
557 2307
558 749
559 2673
560 2023
561 1845
562 1442
563 2536
564 706
565 781
566 2160
567 403
568 2715
569 180
570 2726
571 2472
572 1716
573 676
574 1037
575 2487
576 73
577 1588
578 564
579 2676
580 2854
581 1552
582 483
583 387
584 2663
585 2659
586 1142
587 1986
588 2791
589 2358
590 1716
591 2675
592 1154
593 1032
594 684
595 803
596 1027
597 2838
598 237
599 1524
600 1919
601 2007
602 2159
603 370
604 2911
605 1662
606 693
607 1439
608 2320
609 448
610 230
611 2569
612 1278
613 1140
614 1187
615 2253
616 2089
617 2842
618 2968
619 1286
620 1643
621 461
622 1942
623 1238
624 1082
625 2087
626 1898
627 884
628 1413
629 2080
630 2652
631 307
632 564
633 11
634 2924
635 522
636 1934
637 2961
638 2000
639 1995
640 1681
641 2607
642 907
643 2329
644 724
645 1790
646 2965
647 1559
648 732
649 2587
650 892
651 1903
652 611
653 1877
654 2376
655 431
656 1251
657 339
658 603
659 1007
660 574
661 2715
662 1552
663 1906
664 2812
665 2488
666 231
667 2248
668 2784
669 1584
670 507
671 1776
672 2155
673 1312
674 2541
675 538
676 2556
677 860
678 1089
679 2336
680 272
681 6
682 279
683 2031
684 279
685 2699
686 2381
687 652
688 1980
689 1444
690 186
691 2574
692 2815
693 2384
694 834
695 800
696 2321
697 1107
698 2746
699 1083
700 2674
701 2831
702 769
703 1177
704 1712
705 1526
706 1457
707 1865
708 2996
709 2199
710 2158
711 1968
712 247
713 1394
714 2639
715 851
716 506
717 937
718 754
719 2706
720 17
721 2583
722 972
723 716
724 1561
725 881
726 2784
727 1659
728 1923
729 804
730 130
731 2201
732 1444
733 1989
734 1902
735 86
736 2998
737 1594
738 1662
739 1217
740 279
741 811

