638 34
0 1519
1 2679
2 1126
3 2323
4 701
5 2890
6 1977
7 1653
8 1123
9 2122
10 67
11 52
12 1854
13 1848
14 639
15 1696
16 869
17 726
18 1396
19 1658
20 607
21 2148
22 2566
23 1046
24 383
25 1118
26 955
27 82
28 1188
29 1844
30 981
31 955
32 1168
33 2206
34 2844
35 2467
36 84
37 2160
38 416
39 2844
40 2032
41 1187
42 437
43 2826
44 1926
45 2503
46 2530
47 338
48 691
49 2157
50 1539
51 884
52 1059
53 867
54 616
55 1630
56 1562
57 1900
58 669
59 1009
60 1831
61 324
62 573
63 1636
64 1156
65 2218
66 1406
67 1521
68 1201
69 1727
70 2718
71 2239
72 1639
73 285
74 1405
75 1434
76 366
77 1479
78 1209
79 1199
80 2751
81 2250
82 2180
83 2193
84 456
85 2611
86 157
87 2024
88 1094
89 2280
90 1109
91 1833
92 1061
93 28
94 1540
95 1733
96 361
97 2732
98 1105
99 569
100 1608
101 2192
102 1335
103 129
104 1439
105 483
106 1920
107 615
108 2411
109 2576
110 1323
111 285
112 995
113 2386
114 38
115 2155
116 1583
117 1856
118 1909
119 2533
120 866
121 2241
122 2690
123 41
124 1399
125 10
126 776
127 291
128 2159
129 825
130 605
131 566
132 113
133 162
134 454
135 2881
136 2289
137 779
138 667
139 1028
140 1006
141 2509
142 1582
143 2013
144 665
145 1068
146 2195
147 1452
148 1736
149 1360
150 99
151 208
152 1426
153 2936
154 715
155 317
156 217
157 2221
158 1118
159 1684
160 71
161 845
162 1364
163 828
164 991
165 686
166 2235
167 2164
168 1414
169 1728
170 617
171 908
172 1511
173 1987
174 2929
175 2820
176 1865
177 167
178 2600
179 926
180 2786
181 979
182 44
183 2367
184 2653
185 1820
186 402
187 855
188 1813
189 2108
190 1646
191 2724
192 1679
193 2566
194 841
195 232
196 1639
197 383
198 2068
199 2785
200 729
201 2543
202 2988
203 2719
204 738
205 278
206 2303
207 2948
208 1275
209 1791
210 938
211 578
212 2445
213 554
214 2240
215 1158
216 2729
217 2315
218 970
219 373
220 2123
221 303
222 729
223 1336
224 2965
225 696
226 1213
227 1780
228 2495
229 150
230 246
231 922
232 635
233 1733
234 2472
235 183
236 2822
237 2749
238 1949
239 187
240 343
241 1298
242 2242
243 770
244 2681
245 915
246 2245
247 194
248 1285
249 652
250 2066
251 812
252 721
253 1225
254 1498
255 2363
256 1948
257 1012
258 1224
259 2340
260 2876
261 1723
262 1976
263 884
264 2002
265 2066
266 238
267 462
268 2810
269 433
270 2655
271 19
272 1334
273 2532
274 1777
275 1870
276 1761
277 137
278 2685
279 2075
280 2476
281 316
282 1225
283 2876
284 490
285 93
286 2199
287 90
288 1813
289 2079
290 1672
291 2253
292 1259
293 141
294 71
295 1890
296 1607
297 191
298 657
299 2569
300 547
301 1122
302 1884
303 388
304 146
305 1255
306 260
307 1869
308 1205
309 104
310 134
311 1691
312 1271
313 2911
314 1178
315 1037
316 1853
317 2558
318 2520
319 2441
320 630
321 510
322 2131
323 853
324 2324
325 673
326 2640
327 1998
328 1165
329 2751
330 859
331 2641
332 541
333 618
334 984
335 1699
336 1042
337 489
338 892
339 684
340 1842
341 1761
342 583
343 1730
344 2434
345 45
346 2678
347 1809
348 677
349 2559
350 2581
351 2404
352 2076
353 1175
354 322
355 1650
356 2748
357 506
358 1435
359 1018
360 3000
361 323
362 334
363 888
364 2504
365 2746
366 1430
367 2257
368 1324
369 440
370 2072
371 2520
372 1882
373 1963
374 526
375 2380
376 1882
377 1265
378 414
379 307
380 394
381 65
382 2351
383 1913
384 1909
385 114
386 1051
387 2180
388 2991
389 1007
390 940
391 318
392 409
393 1481
394 1927
395 2576
396 1156
397 521
398 2445
399 2704
400 585
401 2790
402 170
403 830
404 2313
405 1806
406 2483
407 2746
408 2394
409 566
410 676
411 338
412 837
413 481
414 2008
415 2426
416 2126
417 659
418 1650
419 62
420 465
421 710
422 2673
423 2772
424 2042
425 691
426 509
427 2531
428 1463
429 742
430 626
431 2698
432 816
433 2034
434 1110
435 2877
436 1759
437 1373
438 1387
439 2175
440 1982
441 2289
442 882
443 1994
444 1087
445 129
446 1462
447 1993
448 1089
449 127
450 2347
451 1729
452 1415
453 1618
454 1827
455 463
456 229
457 1230
458 2497
459 1938
460 1212
461 1408
462 818
463 986
464 2538
465 1584
466 2449
467 1903
468 1153
469 2007
470 212
471 355
472 1882
473 1563
474 1268
475 930
476 2632
477 2700
478 1085
479 593
480 810
481 2363
482 296
483 1392
484 2154
485 1834
486 210
487 2590
488 775
489 424
490 309
491 1533
492 2338
493 2449
494 2686
495 1348
496 1943
497 362
498 2588
499 688
500 2320
501 1515
502 2720
503 1595
504 1993
505 935
506 2271
507 1477
508 718
509 1969
510 124
511 595
512 2057
513 1661
514 1237
515 396
516 113
517 326
518 2607
519 2292
520 2644
521 2584
522 1928
523 1801
524 2811
525 1554
526 2785
527 1811
528 817
529 674
530 956
531 2483
532 81
533 661
534 481
535 1877
536 757
537 2051
538 1499
539 1595
540 1929
541 2021
542 1747
543 2666
544 793
545 2211
546 1650
547 1004
548 1452
549 2853
550 1917
551 2478
552 301
553 2792
554 1902
555 1476
556 2244
557 350
558 191
559 1939
560 1509
561 1294
562 2098
563 519
564 552
565 2932
566 423
567 800
568 467
569 2873
570 2354
571 2920
572 1286
573 2973
574 2227
575 1085
576 586
577 2705
578 1908
579 1945
580 1634
581 1861
582 1768
583 336
584 275
585 2497
586 2146
587 2176
588 1621
589 141
590 5
591 1083
592 193
593 2353
594 1696
595 1064
596 2644
597 580
598 313
599 1769
600 1850
601 2949
602 2288
603 2662
604 1051
605 270
606 2955
607 1682
608 1047
609 2922
610 55
611 967
612 2610
613 1819
614 2705
615 769
616 40
617 1413
618 2724
619 654
620 2943
621 697
622 1638
623 433
624 2319
625 2253
626 545
627 1479
628 273
629 969
630 916
631 2545
632 1515
633 1637
634 1445
635 1244
636 2959
637 1327

