292 36
0 1807
1 2419
2 2028
3 2911
4 2503
5 181
6 185
7 1198
8 2731
9 1459
10 61
11 1112
12 1537
13 350
14 1430
15 1142
16 2836
17 2902
18 2820
19 64
20 1662
21 30
22 600
23 2364
24 1054
25 1072
26 662
27 2279
28 2177
29 221
30 936
31 1888
32 2767
33 2416
34 2843
35 2301
36 1455
37 2928
38 2008
39 2359
40 348
41 2798
42 2469
43 1089
44 2966
45 804
46 715
47 353
48 2304
49 1929
50 1468
51 1006
52 2635
53 1852
54 1026
55 2261
56 17
57 60
58 669
59 106
60 2145
61 825
62 2140
63 11
64 1869
65 2158
66 1663
67 2565
68 8
69 2399
70 2168
71 1076
72 1806
73 1984
74 1095
75 1840
76 1619
77 1247
78 2507
79 2227
80 1431
81 1893
82 2772
83 2926
84 1921
85 2393
86 1620
87 364
88 1915
89 399
90 424
91 2904
92 323
93 779
94 53
95 728
96 929
97 2835
98 175
99 2038
100 1053
101 966
102 500
103 717
104 1964
105 2816
106 2827
107 708
108 687
109 1629
110 113
111 809
112 2268
113 1899
114 1095
115 1528
116 162
117 1164
118 1279
119 2421
120 1118
121 2552
122 1654
123 2851
124 2668
125 1511
126 2027
127 2379
128 476
129 819
130 682
131 2063
132 2655
133 1860
134 2410
135 2154
136 2272
137 1173
138 976
139 2961
140 1813
141 894
142 1333
143 2090
144 2009
145 2808
146 1898
147 2043
148 10
149 1599
150 1945
151 1501
152 556
153 1021
154 2797
155 2140
156 1152
157 2737
158 2761
159 90
160 977
161 1403
162 2824
163 2797
164 1902
165 174
166 1302
167 694
168 2026
169 1365
170 2349
171 2061
172 2395
173 2461
174 1351
175 2438
176 1197
177 1068
178 2016
179 2561
180 1455
181 1474
182 1759
183 135
184 958
185 678
186 1888
187 2847
188 816
189 2785
190 1559
191 2181
192 2870
193 2477
194 336
195 473
196 1185
197 1123
198 2280
199 310
200 2242
201 2821
202 1145
203 2242
204 1950
205 1958
206 2075
207 2389
208 472
209 2484
210 2040
211 2785
212 455
213 574
214 1396
215 1111
216 233
217 2384
218 2199
219 381
220 1654
221 215
222 2851
223 630
224 58
225 704
226 333
227 394
228 2519
229 2848
230 1498
231 2416
232 1610
233 2161
234 157
235 1470
236 2583
237 2780
238 1443
239 2753
240 541
241 2424
242 413
243 2946
244 1163
245 2866
246 1821
247 783
248 957
249 2295
250 2001
251 1857
252 1817
253 786
254 73
255 2315
256 1085
257 1358
258 343
259 850
260 2538
261 834
262 1019
263 1173
264 673
265 1865
266 1870
267 1042
268 894
269 1006
270 670
271 1778
272 1226
273 417
274 952
275 1044
276 2288
277 1606
278 399
279 962
280 642
281 477
282 1017
283 40
284 1692
285 157
286 266
287 838
288 2490
289 443
290 2985
291 328

