89 85
0 2734
1 2113
2 48
3 207
4 2030
5 491
6 389
7 207
8 1645
9 1046
10 2386
11 1858
12 1408
13 1473
14 361
15 1565
16 2147
17 1993
18 2113
19 1204
20 2321
21 1258
22 957
23 2403
24 1799
25 2683
26 2798
27 1236
28 2315
29 2078
30 1082
31 1681
32 635
33 2569
34 1723
35 586
36 1922
37 1889
38 1005
39 800
40 875
41 1270
42 2532
43 926
44 2163
45 56
46 1889
47 1675
48 1962
49 2495
50 1219
51 927
52 2526
53 937
54 2800
55 2719
56 60
57 1834
58 2367
59 747
60 701
61 849
62 1372
63 2695
64 460
65 1280
66 2457
67 2471
68 2680
69 2589
70 1446
71 1363
72 2535
73 1289
74 2423
75 1789
76 1740
77 2498
78 1689
79 615
80 1178
81 1712
82 32
83 1596
84 344
85 218
86 1181
87 1652
88 2396

