553 53
0 1961
1 1169
2 9
3 984
4 1770
5 2018
6 1160
7 1799
8 1002
9 1899
10 204
11 1563
12 873
13 1014
14 1522
15 512
16 438
17 21
18 2780
19 2987
20 2408
21 2665
22 105
23 1378
24 1446
25 150
26 2145
27 230
28 1751
29 1393
30 1649
31 2307
32 2524
33 884
34 1932
35 2958
36 2442
37 439
38 854
39 2135
40 2302
41 2425
42 1442
43 291
44 324
45 670
46 862
47 1102
48 1897
49 1095
50 175
51 2921
52 2056
53 2629
54 1768
55 506
56 490
57 1678
58 2232
59 1824
60 1302
61 1418
62 557
63 1200
64 2969
65 2941
66 2191
67 2964
68 1138
69 2143
70 2270
71 1558
72 540
73 2080
74 1879
75 2703
76 1620
77 403
78 2450
79 2350
80 495
81 834
82 2445
83 165
84 2832
85 179
86 2864
87 2352
88 2584
89 1090
90 1943
91 2906
92 2525
93 2420
94 2349
95 626
96 732
97 1528
98 299
99 593
100 248
101 594
102 1740
103 639
104 2156
105 983
106 188
107 18
108 2035
109 2420
110 2504
111 2080
112 913
113 61
114 561
115 1842
116 1817
117 1847
118 487
119 1585
120 1048
121 1209
122 600
123 472
124 1691
125 2803
126 85
127 631
128 4
129 1416
130 2693
131 819
132 1126
133 1636
134 2891
135 136
136 1526
137 1434
138 1883
139 2676
140 1543
141 234
142 493
143 1138
144 223
145 2050
146 631
147 2398
148 234
149 400
150 2253
151 491
152 968
153 404
154 1441
155 570
156 973
157 742
158 2447
159 1474
160 2298
161 2386
162 2683
163 1031
164 591
165 1387
166 1115
167 1798
168 1048
169 1292
170 2027
171 1972
172 1853
173 2127
174 710
175 1032
176 310
177 1447
178 2125
179 1817
180 601
181 2988
182 2233
183 2836
184 2754
185 2409
186 2367
187 29
188 1610
189 481
190 504
191 2179
192 1770
193 1876
194 2850
195 384
196 1814
197 1856
198 1172
199 2620
200 642
201 1981
202 2256
203 599
204 111
205 633
206 2734
207 233
208 349
209 2606
210 2786
211 2902
212 1328
213 25
214 679
215 1503
216 1921
217 1449
218 647
219 0
220 1600
221 299
222 174
223 1258
224 2494
225 590
226 500
227 1848
228 1682
229 1033
230 2264
231 19
232 1013
233 1480
234 239
235 2365
236 2979
237 575
238 1425
239 1992
240 1865
241 808
242 2255
243 1315
244 1747
245 1014
246 156
247 2018
248 1543
249 2659
250 454
251 795
252 295
253 1208
254 272
255 1958
256 249
257 1594
258 2739
259 296
260 628
261 999
262 1783
263 2685
264 1632
265 1930
266 1877
267 2154
268 1812
269 1087
270 2226
271 1441
272 208
273 1613
274 485
275 1753
276 1984
277 2417
278 2825
279 1743
280 1340
281 2712
282 1331
283 1642
284 1329
285 408
286 1954
287 2465
288 1030
289 894
290 359
291 2014
292 719
293 2893
294 63
295 945
296 341
297 2120
298 1649
299 1650
300 2273
301 1021
302 610
303 2394
304 644
305 218
306 1674
307 2156
308 376
309 1699
310 709
311 821
312 920
313 411
314 2449
315 2340
316 504
317 1482
318 106
319 1002
320 1844
321 1630
322 914
323 2778
324 1430
325 2808
326 449
327 124
328 2955
329 903
330 1687
331 1669
332 812
333 2427
334 1862
335 1520
336 1444
337 131
338 164
339 1642
340 2235
341 1206
342 743
343 1175
344 2090
345 998
346 2992
347 1896
348 2448
349 1873
350 1185
351 761
352 125
353 403
354 221
355 1560
356 984
357 876
358 2218
359 2836
360 226
361 671
362 421
363 2413
364 2589
365 23
366 1210
367 2948
368 100
369 1229
370 2528
371 613
372 1741
373 69
374 2454
375 1500
376 700
377 2399
378 2017
379 70
380 1696
381 225
382 1364
383 1586
384 2524
385 898
386 302
387 2436
388 2640
389 2823
390 2678
391 2746
392 1678
393 2154
394 1686
395 2542
396 1522
397 1862
398 2782
399 1921
400 2693
401 1850
402 2512
403 2529
404 2572
405 768
406 1242
407 2926
408 2259
409 1509
410 2412
411 2945
412 1342
413 2362
414 2513
415 2635
416 845
417 1513
418 498
419 925
420 2262
421 357
422 1121
423 1117
424 2058
425 715
426 1604
427 2603
428 507
429 2143
430 2322
431 554
432 355
433 2700
434 51
435 1862
436 2402
437 87
438 2980
439 454
440 2152
441 2897
442 2288
443 2636
444 1563
445 2536
446 1740
447 2583
448 7
449 106
450 1465
451 1103
452 771
453 181
454 2095
455 495
456 1621
457 1553
458 2287
459 2186
460 2936
461 228
462 344
463 1351
464 447
465 48
466 1165
467 2420
468 1841
469 1784
470 992
471 2572
472 1492
473 789
474 1530
475 976
476 940
477 1552
478 1187
479 60
480 1218
481 1574
482 1285
483 713
484 2794
485 2700
486 2780
487 1637
488 494
489 2754
490 2141
491 2476
492 548
493 2505
494 1069
495 1299
496 1820
497 1063
498 2026
499 531
500 1895
501 446
502 396
503 2103
504 2653
505 2451
506 1980
507 2404
508 2022
509 597
510 1507
511 2777
512 1801
513 108
514 2160
515 1335
516 905
517 842
518 2011
519 2165
520 2429
521 2222
522 2778
523 179
524 68
525 1849
526 2012
527 2671
528 1987
529 1409
530 334
531 398
532 24
533 1862
534 10
535 1511
536 442
537 2533
538 1037
539 125
540 1214
541 2737
542 478
543 2638
544 2080
545 962
546 1688
547 2767
548 2130
549 101
550 638
551 873
552 1791

