893 2
0 1302
1 2078
2 1364
3 2707
4 2164
5 840
6 439
7 1505
8 100
9 2985
10 2519
11 2873
12 647
13 365
14 2650
15 1730
16 1965
17 448
18 2261
19 1807
20 1905
21 1431
22 24
23 1598
24 949
25 522
26 1092
27 1463
28 1523
29 787
30 2179
31 2760
32 569
33 1516
34 1255
35 780
36 398
37 795
38 845
39 2572
40 2707
41 2156
42 848
43 1068
44 1831
45 1880
46 2174
47 2851
48 2049
49 111
50 2139
51 1469
52 1929
53 2404
54 2656
55 2551
56 2797
57 332
58 683
59 2955
60 2753
61 477
62 394
63 216
64 873
65 1532
66 867
67 2003
68 2242
69 261
70 817
71 1092
72 2515
73 2696
74 1876
75 2164
76 946
77 2541
78 1825
79 2530
80 1467
81 2890
82 968
83 1746
84 1520
85 2534
86 2300
87 1337
88 1768
89 1303
90 2855
91 153
92 1333
93 2203
94 2109
95 2247
96 1083
97 790
98 2434
99 2546
100 759
101 2601
102 1142
103 2741
104 1116
105 1151
106 1781
107 273
108 180
109 2507
110 2318
111 325
112 224
113 1973
114 169
115 267
116 1818
117 2714
118 1030
119 2204
120 1748
121 620
122 542
123 357
124 790
125 1708
126 751
127 1848
128 637
129 1077
130 494
131 2349
132 1162
133 2987
134 2475
135 2459
136 975
137 151
138 734
139 1652
140 2696
141 1336
142 218
143 2821
144 0
145 967
146 540
147 668
148 988
149 2484
150 184
151 1572
152 1624
153 683
154 1029
155 584
156 2343
157 1360
158 2588
159 581
160 1756
161 1816
162 1214
163 1792
164 1649
165 1225
166 2029
167 1476
168 1212
169 1694
170 477
171 2285
172 2573
173 1699
174 1281
175 2177
176 10
177 2530
178 2853
179 1272
180 1572
181 2740
182 134
183 148
184 2321
185 1623
186 1167
187 1539
188 682
189 2798
190 605
191 1822
192 2355
193 1105
194 2820
195 1984
196 1396
197 2392
198 2581
199 1184
200 925
201 758
202 2585
203 563
204 903
205 1812
206 2651
207 896
208 1397
209 2496
210 2300
211 1843
212 1657
213 815
214 2530
215 1635
216 1392
217 222
218 393
219 2394
220 2545
221 1160
222 2174
223 505
224 1025
225 1854
226 2674
227 2821
228 2212
229 224
230 613
231 605
232 2812
233 964
234 2545
235 1584
236 2870
237 1103
238 2100
239 1072
240 2338
241 2675
242 2585
243 2377
244 2361
245 1274
246 549
247 2562
248 837
249 2001
250 242
251 2221
252 1415
253 2363
254 1741
255 1367
256 1173
257 1640
258 31
259 700
260 69
261 1941
262 1371
263 1564
264 2806
265 2735
266 1854
267 2729
268 1013
269 619
270 268
271 554
272 511
273 2831
274 1496
275 924
276 1141
277 1180
278 2778
279 908
280 2645
281 782
282 1547
283 407
284 2702
285 423
286 2474
287 2809
288 2469
289 2333
290 223
291 1388
292 2915
293 883
294 658
295 2129
296 1054
297 994
298 1502
299 804
300 986
301 1606
302 450
303 1192
304 147
305 2549
306 969
307 1198
308 753
309 2694
310 2053
311 2105
312 1896
313 957
314 1721
315 2026
316 30
317 2851
318 1563
319 1217
320 1737
321 1121
322 1671
323 1540
324 1294
325 39
326 1038
327 1939
328 1159
329 2537
330 1527
331 2918
332 389
333 1145
334 403
335 671
336 24
337 2956
338 1824
339 889
340 1587
341 2607
342 774
343 456
344 2307
345 1116
346 1286
347 2277
348 1722
349 1875
350 1135
351 668
352 325
353 668
354 1280
355 1156
356 426
357 2533
358 25
359 599
360 1052
361 2621
362 491
363 2236
364 190
365 1689
366 590
367 2800
368 458
369 1869
370 2342
371 405
372 1450
373 816
374 601
375 1555
376 2645
377 1140
378 1120
379 2883
380 2851
381 2402
382 1482
383 252
384 2036
385 761
386 1002
387 2912
388 1422
389 1579
390 953
391 413
392 1938
393 2892
394 1502
395 2757
396 1111
397 454
398 478
399 80
400 1191
401 2701
402 677
403 2016
404 352
405 1309
406 1770
407 1286
408 750
409 2300
410 2218
411 1016
412 2969
413 1036
414 1372
415 17
416 392
417 1515
418 1415
419 2921
420 2119
421 716
422 720
423 947
424 2769
425 1083
426 144
427 2365
428 2692
429 2077
430 1557
431 959
432 1465
433 1599
434 2866
435 1621
436 2344
437 365
438 2280
439 1887
440 2039
441 1632
442 1404
443 494
444 1373
445 1109
446 712
447 1426
448 1964
449 2126
450 2451
451 1225
452 1751
453 1656
454 393
455 2694
456 977
457 28
458 432
459 748
460 703
461 1594
462 2951
463 2949
464 2809
465 704
466 645
467 630
468 1151
469 763
470 1039
471 858
472 282
473 2234
474 273
475 386
476 1277
477 101
478 1457
479 2166
480 1992
481 1475
482 2231
483 345
484 921
485 449
486 2751
487 1480
488 1677
489 1907
490 810
491 2718
492 1976
493 2662
494 1013
495 480
496 613
497 654
498 91
499 1600
500 187
501 2851
502 2165
503 1932
504 378
505 187
506 946
507 1634
508 1166
509 1720
510 740
511 2816
512 2917
513 2791
514 761
515 198
516 2160
517 1311
518 1721
519 1528
520 2332
521 297
522 252
523 2912
524 1787
525 17
526 2935
527 2082
528 1896
529 1207
530 2488
531 2086
532 193
533 48
534 1297
535 1882
536 845
537 2060
538 2187
539 2168
540 1237
541 1519
542 734
543 1861
544 1833
545 2918
546 2467
547 1716
548 2373
549 2772
550 691
551 1360
552 2021
553 551
554 2625
555 1343
556 2187
557 1777
558 1755
559 418
560 2889
561 318
562 1836
563 2873
564 2344
565 2010
566 2929
567 2495
568 2625
569 2284
570 2986
571 2837
572 1024
573 770
574 1146
575 1438
576 2926
577 2319
578 602
579 522
580 15
581 969
582 2260
583 2287
584 2302
585 716
586 573
587 1909
588 2811
589 1873
590 763
591 2663
592 2824
593 2884
594 2836
595 541
596 1114
597 129
598 2397
599 304
600 6
601 557
602 2792
603 2642
604 2238
605 1139
606 371
607 1449
608 534
609 1249
610 1066
611 2673
612 2980
613 2907
614 1042
615 225
616 1228
617 1794
618 306
619 3000
620 1089
621 186
622 328
623 2149
624 1799
625 761
626 1772
627 2237
628 90
629 2491
630 1454
631 1662
632 1837
633 215
634 356
635 1961
636 27
637 2193
638 1960
639 998
640 1600
641 684
642 453
643 2719
644 1786
645 1542
646 558
647 1495
648 250
649 1032
650 1200
651 2809
652 2673
653 302
654 337
655 2683
656 136
657 3000
658 1405
659 535
660 791
661 282
662 1830
663 1578
664 2254
665 435
666 534
667 2455
668 422
669 821
670 2187
671 1267
672 1078
673 1015
674 160
675 1223
676 2717
677 407
678 1441
679 2303
680 1115
681 792
682 2655
683 586
684 328
685 1424
686 869
687 1409
688 1766
689 2535
690 866
691 2158
692 2882
693 1915
694 576
695 2932
696 1444
697 153
698 2589
699 1437
700 421
701 2394
702 2850
703 935
704 567
705 2387
706 931
707 354
708 1554
709 1777
710 603
711 1059
712 871
713 1193
714 605
715 796
716 1530
717 295
718 2554
719 2542
720 2388
721 1919
722 1072
723 901
724 2145
725 131
726 799
727 133
728 1934
729 2432
730 83
731 1799
732 1726
733 1057
734 2306
735 1933
736 2163
737 1421
738 2590
739 1225
740 769
741 2602
742 279
743 115
744 2294
745 2334
746 2862
747 1520
748 1017
749 991
750 1674
751 230
752 1879
753 2600
754 589
755 443
756 2520
757 2882
758 1534
759 106
760 2548
761 361
762 126
763 1380
764 1456
765 2786
766 561
767 2426
768 759
769 249
770 224
771 2334
772 675
773 1479
774 2742
775 1094
776 514
777 498
778 1329
779 2010
780 505
781 460
782 2373
783 2949
784 1579
785 2803
786 1851
787 1706
788 363
789 2909
790 1828
791 2072
792 776
793 350
794 335
795 2465
796 1746
797 2320
798 2078
799 1905
800 1756
801 1743
802 2932
803 2108
804 2301
805 485
806 2680
807 1066
808 1500
809 2101
810 2165
811 505
812 1097
813 2729
814 2287
815 602
816 2575
817 1816
818 2472
819 2797
820 1017
821 2926
822 1196
823 1792
824 1692
825 2708
826 1137
827 1056
828 799
829 1433
830 1231
831 375
832 1700
833 1582
834 1593
835 104
836 2052
837 1715
838 754
839 1248
840 2088
841 2032
842 650
843 1832
844 1046
845 2988
846 2400
847 1173
848 206
849 2325
850 1921
851 2642
852 2828
853 135
854 2643
855 697
856 725
857 224
858 2796
859 2958
860 669
861 1190
862 2929
863 2157
864 1424
865 1101
866 1753
867 675
868 999
869 648
870 1630
871 2487
872 1576
873 532
874 1020
875 1592
876 987
877 2953
878 2680
879 1326
880 2406
881 2055
882 2070
883 121
884 1944
885 2342
886 1747
887 2750
888 282
889 2515
890 2986
891 2108
892 1841

