983 5
0 306
1 1271
2 2219
3 249
4 2572
5 1659
6 2138
7 203
8 710
9 1356
10 2651
11 1452
12 2671
13 884
14 137
15 646
16 2058
17 2804
18 2318
19 2368
20 2413
21 2240
22 2725
23 1855
24 1140
25 1018
26 32
27 557
28 1922
29 1190
30 1311
31 2491
32 1385
33 2282
34 2053
35 40
36 2502
37 48
38 2345
39 1989
40 2886
41 618
42 1063
43 490
44 1622
45 2523
46 127
47 1377
48 1587
49 190
50 728
51 2128
52 2356
53 2430
54 2126
55 2467
56 334
57 1215
58 936
59 2726
60 335
61 2652
62 1108
63 1147
64 454
65 965
66 452
67 2568
68 1048
69 205
70 896
71 1334
72 621
73 1352
74 183
75 2183
76 2479
77 1289
78 2266
79 2044
80 501
81 2559
82 1766
83 1435
84 2183
85 680
86 578
87 2700
88 2378
89 1705
90 1631
91 653
92 730
93 2206
94 1906
95 905
96 2280
97 746
98 2968
99 289
100 693
101 60
102 570
103 2348
104 1270
105 414
106 2865
107 1856
108 408
109 73
110 1050
111 951
112 2595
113 2232
114 1220
115 1793
116 2660
117 2284
118 2444
119 828
120 358
121 1091
122 2294
123 1685
124 326
125 1988
126 2657
127 2204
128 1288
129 1640
130 1684
131 1304
132 1640
133 2898
134 1258
135 1764
136 1900
137 1525
138 2308
139 1486
140 2859
141 104
142 1208
143 2579
144 522
145 1468
146 1918
147 2224
148 729
149 2537
150 1814
151 71
152 1518
153 2737
154 2568
155 1529
156 2773
157 761
158 1238
159 364
160 215
161 160
162 2552
163 1043
164 2189
165 2164
166 1621
167 505
168 1141
169 2979
170 898
171 2581
172 2820
173 915
174 1565
175 134
176 1525
177 1491
178 1920
179 1380
180 926
181 653
182 1465
183 2734
184 1048
185 1113
186 1363
187 2552
188 2639
189 2903
190 1279
191 960
192 2934
193 350
194 769
195 201
196 2612
197 130
198 2085
199 2056
200 2622
201 1705
202 638
203 460
204 408
205 1981
206 1493
207 1836
208 2527
209 476
210 2193
211 1666
212 2932
213 1324
214 2661
215 1143
216 1186
217 1217
218 2013
219 361
220 1922
221 1217
222 1599
223 2463
224 2300
225 2901
226 794
227 2611
228 1040
229 2498
230 2466
231 801
232 350
233 2924
234 2447
235 2266
236 1834
237 602
238 717
239 609
240 1651
241 2198
242 1592
243 751
244 1432
245 1419
246 1072
247 1525
248 691
249 1504
250 537
251 2859
252 2057
253 1857
254 949
255 2379
256 1468
257 2837
258 917
259 456
260 414
261 335
262 966
263 2368
264 2999
265 1481
266 1322
267 2790
268 654
269 2601
270 384
271 2988
272 768
273 1140
274 1450
275 347
276 1549
277 2397
278 2044
279 2099
280 2685
281 2643
282 1538
283 1612
284 1737
285 962
286 2680
287 943
288 2135
289 868
290 1706
291 552
292 2106
293 2871
294 1996
295 1354
296 1652
297 318
298 573
299 467
300 943
301 196
302 1135
303 1135
304 1841
305 2232
306 308
307 1375
308 2603
309 553
310 2776
311 2308
312 861
313 77
314 1859
315 2492
316 1854
317 973
318 423
319 1549
320 317
321 2533
322 195
323 1857
324 1039
325 552
326 1255
327 1731
328 280
329 803
330 124
331 1542
332 930
333 1343
334 1030
335 1586
336 1786
337 2672
338 1311
339 685
340 2746
341 840
342 22
343 1951
344 1533
345 689
346 888
347 1502
348 593
349 93
350 2004
351 629
352 2656
353 1408
354 2542
355 1901
356 2628
357 305
358 1276
359 924
360 2839
361 1901
362 1993
363 1002
364 1144
365 1183
366 2972
367 970
368 413
369 2327
370 216
371 2400
372 2688
373 230
374 2965
375 1421
376 1463
377 1356
378 276
379 1920
380 1285
381 1940
382 1464
383 2735
384 371
385 1270
386 2404
387 2279
388 2248
389 738
390 1725
391 2892
392 2619
393 1263
394 2797
395 1937
396 1356
397 544
398 3000
399 1038
400 2753
401 45
402 104
403 1401
404 2389
405 1384
406 1362
407 614
408 1670
409 2455
410 1031
411 235
412 486
413 168
414 1617
415 1998
416 1073
417 2227
418 2825
419 1219
420 1008
421 2491
422 280
423 671
424 1753
425 996
426 448
427 2282
428 805
429 1522
430 1368
431 2274
432 534
433 947
434 819
435 1126
436 1536
437 1448
438 1378
439 2083
440 2630
441 1736
442 542
443 1755
444 2140
445 2624
446 125
447 504
448 2212
449 202
450 96
451 635
452 2276
453 2035
454 44
455 1730
456 2636
457 2709
458 101
459 2593
460 271
461 2748
462 910
463 1367
464 2803
465 169
466 287
467 120
468 2435
469 2403
470 316
471 2825
472 750
473 2661
474 2167
475 1942
476 1792
477 726
478 2558
479 409
480 2272
481 2988
482 1471
483 231
484 1048
485 850
486 611
487 1990
488 447
489 2787
490 2617
491 1202
492 2172
493 1321
494 1174
495 346
496 2032
497 1348
498 863
499 2683
500 2344
501 2790
502 2968
503 2648
504 618
505 1499
506 1281
507 1560
508 1422
509 51
510 1775
511 510
512 2407
513 1311
514 1045
515 2593
516 757
517 2951
518 2441
519 866
520 2215
521 1019
522 1704
523 1391
524 632
525 2517
526 2899
527 714
528 187
529 1679
530 2038
531 831
532 2635
533 2659
534 2972
535 629
536 2374
537 680
538 644
539 1320
540 1854
541 1379
542 797
543 1798
544 2374
545 2264
546 2084
547 1606
548 1682
549 2967
550 1924
551 2637
552 803
553 1072
554 515
555 2415
556 2682
557 1468
558 2104
559 1285
560 2196
561 2052
562 1844
563 1858
564 658
565 1696
566 2192
567 377
568 2900
569 2197
570 2084
571 1012
572 1069
573 2953
574 2123
575 1924
576 760
577 1361
578 516
579 2131
580 2814
581 2240
582 1744
583 361
584 1214
585 406
586 2353
587 2598
588 1280
589 2535
590 650
591 383
592 905
593 1199
594 2711
595 1362
596 1208
597 567
598 2835
599 617
600 545
601 1006
602 2683
603 2295
604 48
605 2350
606 2125
607 218
608 1371
609 2983
610 35
611 2793
612 630
613 2395
614 603
615 91
616 1596
617 2958
618 2396
619 2802
620 774
621 118
622 2382
623 688
624 2894
625 1999
626 145
627 1705
628 2961
629 1790
630 2246
631 273
632 2244
633 1809
634 185
635 775
636 2412
637 5
638 2719
639 1475
640 422
641 2353
642 2041
643 892
644 261
645 2250
646 1731
647 1226
648 2729
649 2354
650 987
651 2623
652 662
653 1391
654 1530
655 1862
656 2714
657 245
658 2109
659 2846
660 2030
661 1602
662 808
663 188
664 998
665 1798
666 1248
667 2556
668 1812
669 1551
670 2024
671 2735
672 2285
673 1194
674 1200
675 1337
676 725
677 2778
678 1619
679 2608
680 1174
681 461
682 1135
683 1146
684 1885
685 2951
686 1050
687 2785
688 2135
689 2225
690 883
691 1310
692 1791
693 1211
694 1496
695 1218
696 571
697 445
698 1306
699 942
700 49
701 836
702 402
703 1909
704 462
705 2982
706 374
707 2930
708 819
709 2061
710 623
711 1190
712 331
713 440
714 2783
715 2566
716 2739
717 922
718 1547
719 2172
720 2582
721 922
722 610
723 2944
724 719
725 404
726 2342
727 1479
728 1689
729 831
730 803
731 145
732 2155
733 1832
734 666
735 2674
736 2443
737 2607
738 904
739 1039
740 869
741 2283
742 47
743 320
744 922
745 1091
746 2486
747 2388
748 1564
749 485
750 340
751 1883
752 174
753 385
754 616
755 1840
756 2382
757 1961
758 874
759 186
760 2224
761 1714
762 2373
763 1213
764 1932
765 2414
766 2447
767 1037
768 803
769 2147
770 1708
771 750
772 2995
773 1013
774 2319
775 1997
776 1942
777 1446
778 2728
779 1725
780 1809
781 1645
782 1954
783 1337
784 1543
785 702
786 1250
787 1704
788 2177
789 1674
790 2088
791 2495
792 2530
793 2438
794 2721
795 857
796 1265
797 1674
798 1191
799 1022
800 1569
801 119
802 2682
803 1228
804 2797
805 2816
806 257
807 2426
808 483
809 1609
810 2387
811 2971
812 1615
813 1256
814 1180
815 1279
816 1830
817 1500
818 1468
819 2318
820 2013
821 1341
822 182
823 702
824 2267
825 19
826 2921
827 514
828 1598
829 1177
830 1537
831 2138
832 1743
833 2386
834 1696
835 2513
836 1146
837 494
838 236
839 1075
840 2800
841 1037
842 1433
843 2732
844 1555
845 2515
846 2372
847 1559
848 1813
849 1702
850 2578
851 126
852 1184
853 2704
854 1866
855 2165
856 243
857 100
858 985
859 1832
860 1944
861 865
862 1848
863 871
864 1494
865 1200
866 1201
867 143
868 2574
869 1579
870 2296
871 1197
872 585
873 2028
874 1201
875 2901
876 1706
877 359
878 1957
879 2127
880 2880
881 1446
882 2003
883 2997
884 289
885 2180
886 1283
887 2131
888 2407
889 1941
890 2739
891 1295
892 2525
893 1126
894 1811
895 1984
896 968
897 2905
898 663
899 2242
900 1233
901 2111
902 79
903 109
904 868
905 397
906 2875
907 2153
908 1310
909 613
910 1834
911 2097
912 355
913 1281
914 108
915 1730
916 2699
917 2385
918 134
919 1338
920 2189
921 1318
922 2705
923 2198
924 1398
925 2867
926 1064
927 2375
928 1034
929 2903
930 2818
931 2777
932 1790
933 2266
934 1901
935 2964
936 1485
937 2891
938 1717
939 1404
940 540
941 2488
942 1939
943 2358
944 923
945 2791
946 2374
947 535
948 160
949 1812
950 1797
951 875
952 2656
953 2902
954 2534
955 1255
956 14
957 2269
958 1177
959 1452
960 2140
961 2595
962 90
963 1290
964 596
965 2380
966 246
967 102
968 2965
969 2073
970 477
971 2625
972 680
973 2184
974 1891
975 2236
976 50
977 2395
978 2504
979 2205
980 49
981 1253
982 2730

