139 61
0 2393
1 706
2 933
3 942
4 563
5 92
6 854
7 2968
8 714
9 2038
10 2167
11 2069
12 2016
13 60
14 607
15 1779
16 169
17 2034
18 1247
19 198
20 2102
21 1701
22 1163
23 640
24 2220
25 2528
26 426
27 1446
28 2328
29 1221
30 2897
31 1876
32 2221
33 2584
34 417
35 2183
36 2334
37 1239
38 1843
39 988
40 1362
41 2762
42 1460
43 103
44 1719
45 533
46 1445
47 44
48 1269
49 2863
50 740
51 929
52 572
53 691
54 2128
55 1832
56 1989
57 2899
58 578
59 1422
60 2478
61 1987
62 1020
63 1381
64 2753
65 1829
66 645
67 2467
68 66
69 1348
70 799
71 1342
72 88
73 2847
74 2615
75 1900
76 430
77 1741
78 1698
79 432
80 2826
81 37
82 2199
83 2189
84 921
85 201
86 2891
87 2931
88 2834
89 564
90 1932
91 2967
92 2311
93 1061
94 1817
95 1431
96 1758
97 394
98 2483
99 1607
100 1643
101 1634
102 426
103 1542
104 600
105 778
106 1156
107 2855
108 1398
109 760
110 1055
111 2457
112 2556
113 250
114 1855
115 1267
116 482
117 2230
118 1878
119 1124
120 815
121 1089
122 130
123 623
124 1381
125 2819
126 151
127 1958
128 1364
129 615
130 2082
131 2181
132 1415
133 2318
134 1776
135 2210
136 2060
137 2202
138 843

