824 82
0 2991
1 1729
2 2515
3 2474
4 1114
5 2961
6 2148
7 2463
8 22
9 2242
10 2149
11 153
12 1036
13 2769
14 774
15 1475
16 2935
17 1713
18 1391
19 2774
20 2443
21 1108
22 2730
23 732
24 577
25 90
26 691
27 842
28 2278
29 1781
30 1893
31 339
32 407
33 2979
34 328
35 651
36 676
37 396
38 996
39 2251
40 1608
41 2945
42 1698
43 533
44 971
45 1263
46 1001
47 689
48 793
49 45
50 2111
51 1649
52 195
53 1029
54 1747
55 2792
56 435
57 2241
58 1744
59 2218
60 2376
61 2776
62 247
63 2995
64 985
65 223
66 2609
67 1314
68 2453
69 2985
70 1488
71 326
72 2972
73 360
74 273
75 138
76 2474
77 665
78 1875
79 1859
80 1603
81 2161
82 1578
83 2364
84 594
85 942
86 2228
87 1846
88 549
89 1098
90 1411
91 1949
92 511
93 2175
94 2956
95 1219
96 2450
97 2090
98 158
99 1305
100 2508
101 2019
102 2174
103 1557
104 2930
105 1869
106 1169
107 2070
108 1419
109 1647
110 2392
111 1708
112 1468
113 1099
114 1281
115 1339
116 2932
117 207
118 880
119 1753
120 2271
121 2191
122 2941
123 529
124 2705
125 2447
126 2417
127 115
128 1488
129 548
130 2556
131 1006
132 460
133 2887
134 165
135 2419
136 1415
137 595
138 835
139 187
140 1729
141 2070
142 249
143 1409
144 811
145 2118
146 2665
147 2315
148 2544
149 1032
150 54
151 474
152 2823
153 2281
154 1250
155 522
156 567
157 2694
158 573
159 2230
160 164
161 1012
162 656
163 2786
164 609
165 1660
166 2240
167 1672
168 2722
169 1008
170 1878
171 2561
172 1105
173 457
174 2419
175 1377
176 854
177 222
178 1071
179 2362
180 1294
181 1638
182 1588
183 262
184 1011
185 1002
186 1930
187 2802
188 236
189 18
190 1784
191 1076
192 1422
193 540
194 1970
195 1055
196 1134
197 96
198 2425
199 915
200 1237
201 600
202 2196
203 2660
204 2080
205 1039
206 1568
207 798
208 1108
209 2453
210 695
211 473
212 456
213 1328
214 1576
215 2315
216 149
217 2614
218 2967
219 844
220 1906
221 168
222 1762
223 1203
224 2784
225 2486
226 2546
227 1109
228 2222
229 1349
230 2110
231 2596
232 2871
233 2489
234 169
235 1240
236 1262
237 2068
238 517
239 2988
240 1296
241 1747
242 1476
243 527
244 308
245 523
246 854
247 246
248 945
249 1110
250 1979
251 232
252 2928
253 852
254 2345
255 2378
256 599
257 2940
258 1465
259 1665
260 2646
261 1104
262 2501
263 2508
264 1104
265 1540
266 1785
267 2653
268 1455
269 2634
270 301
271 2669
272 2026
273 1230
274 1865
275 467
276 2098
277 2329
278 2007
279 2010
280 1382
281 648
282 1730
283 2601
284 219
285 136
286 776
287 1792
288 2096
289 60
290 777
291 1990
292 2877
293 1236
294 1659
295 2368
296 1955
297 2898
298 2113
299 2791
300 289
301 1556
302 971
303 1576
304 515
305 1481
306 1968
307 2600
308 674
309 2567
310 499
311 1821
312 1915
313 449
314 143
315 736
316 1686
317 2012
318 2075
319 290
320 949
321 230
322 493
323 184
324 2575
325 112
326 2203
327 1267
328 1077
329 95
330 125
331 665
332 1020
333 2504
334 367
335 2835
336 86
337 2427
338 311
339 1383
340 2236
341 2079
342 1566
343 1328
344 762
345 276
346 2589
347 1424
348 1817
349 1194
350 1669
351 905
352 2767
353 1544
354 2665
355 2655
356 2046
357 1893
358 784
359 2911
360 1699
361 2929
362 2371
363 2411
364 2232
365 1944
366 1048
367 119
368 763
369 1825
370 768
371 781
372 1610
373 1105
374 2014
375 1825
376 1302
377 1629
378 2253
379 466
380 879
381 2915
382 905
383 1645
384 1714
385 1955
386 2473
387 1861
388 1649
389 2827
390 1631
391 900
392 1545
393 2607
394 798
395 1993
396 1936
397 835
398 2883
399 659
400 333
401 239
402 581
403 1457
404 210
405 1945
406 1831
407 1411
408 2438
409 2881
410 2596
411 2445
412 2648
413 2791
414 2827
415 1800
416 1537
417 2911
418 971
419 757
420 1710
421 254
422 1237
423 2741
424 383
425 2285
426 287
427 2644
428 1821
429 1359
430 2553
431 2441
432 997
433 2857
434 1347
435 693
436 2160
437 2930
438 2208
439 556
440 2228
441 2996
442 517
443 1726
444 2952
445 194
446 2598
447 318
448 1967
449 188
450 2020
451 1624
452 242
453 934
454 55
455 1908
456 2407
457 2261
458 2625
459 1950
460 225
461 1237
462 2249
463 261
464 715
465 889
466 2619
467 2158
468 255
469 2051
470 2496
471 1131
472 2134
473 263
474 1884
475 200
476 2212
477 56
478 2826
479 1273
480 255
481 2205
482 2916
483 2533
484 516
485 2394
486 85
487 1480
488 859
489 831
490 1777
491 1871
492 1836
493 191
494 2675
495 756
496 54
497 250
498 757
499 1879
500 1649
501 1691
502 1445
503 2975
504 2830
505 2511
506 827
507 1164
508 219
509 872
510 1702
511 356
512 269
513 986
514 1664
515 1400
516 2655
517 2403
518 117
519 712
520 2276
521 2533
522 921
523 2230
524 687
525 2423
526 84
527 1302
528 713
529 2018
530 361
531 86
532 679
533 829
534 2508
535 747
536 211
537 2974
538 2120
539 1158
540 327
541 814
542 374
543 1028
544 1360
545 307
546 1310
547 1989
548 338
549 2125
550 2537
551 2822
552 2503
553 1123
554 1875
555 748
556 2384
557 523
558 1306
559 919
560 2060
561 578
562 1847
563 1677
564 1598
565 1888
566 1808
567 1048
568 2576
569 419
570 419
571 2482
572 827
573 2266
574 586
575 2301
576 789
577 1826
578 1501
579 2410
580 1568
581 2438
582 2167
583 918
584 955
585 2211
586 1797
587 2944
588 2702
589 562
590 2786
591 1679
592 1054
593 1245
594 611
595 2796
596 1451
597 610
598 1621
599 1702
600 291
601 289
602 1078
603 26
604 1113
605 1304
606 2106
607 363
608 1340
609 1715
610 254
611 2869
612 1164
613 1609
614 2822
615 1836
616 2753
617 1121
618 1769
619 2128
620 1652
621 89
622 172
623 1979
624 167
625 202
626 1150
627 1958
628 2945
629 67
630 218
631 844
632 336
633 2294
634 1767
635 1177
636 373
637 927
638 2015
639 741
640 1384
641 1690
642 115
643 1416
644 512
645 213
646 1185
647 442
648 1952
649 2961
650 2594
651 2300
652 1755
653 1666
654 2049
655 846
656 1597
657 2611
658 234
659 609
660 1774
661 1222
662 98
663 2018
664 2396
665 884
666 1486
667 2519
668 1408
669 829
670 559
671 306
672 658
673 2018
674 777
675 2874
676 2570
677 112
678 1955
679 2230
680 57
681 306
682 1781
683 2997
684 1063
685 2343
686 2066
687 2071
688 2651
689 1790
690 728
691 2514
692 2165
693 603
694 1322
695 2717
696 1722
697 2359
698 2408
699 1922
700 1361
701 2664
702 72
703 1466
704 2470
705 1008
706 688
707 1100
708 1512
709 911
710 218
711 2792
712 756
713 1820
714 25
715 2225
716 2603
717 520
718 2753
719 1062
720 2514
721 2942
722 1952
723 2554
724 412
725 832
726 1647
727 1784
728 608
729 2050
730 2890
731 2733
732 2286
733 1084
734 2357
735 496
736 1963
737 2548
738 319
739 1652
740 2113
741 2039
742 1304
743 124
744 64
745 1911
746 570
747 2411
748 2806
749 592
750 2719
751 2967
752 1565
753 422
754 2973
755 939
756 2329
757 2215
758 249
759 2023
760 118
761 1484
762 1071
763 895
764 1983
765 2795
766 2713
767 2169
768 1695
769 2480
770 814
771 2536
772 910
773 405
774 2941
775 2130
776 2675
777 2212
778 1137
779 259
780 1980
781 121
782 167
783 1930
784 1858
785 200
786 706
787 1321
788 773
789 564
790 1979
791 976
792 2541
793 1099
794 917
795 2171
796 2818
797 2258
798 2207
799 693
800 730
801 1991
802 601
803 2244
804 1547
805 795
806 1466
807 2867
808 590
809 1882
810 1797
811 527
812 402
813 2410
814 121
815 1512
816 2146
817 1923
818 527
819 965
820 2930
821 2746
822 1163
823 2444

