773 40
0 1233
1 1109
2 103
3 476
4 2171
5 1717
6 1450
7 359
8 2378
9 2944
10 1778
11 1497
12 1197
13 2412
14 338
15 1652
16 1561
17 314
18 2128
19 2808
20 1983
21 964
22 312
23 206
24 2030
25 581
26 1829
27 2420
28 1049
29 1960
30 1670
31 2545
32 2303
33 2039
34 88
35 2996
36 999
37 917
38 1729
39 2347
40 454
41 2280
42 1670
43 2642
44 2228
45 530
46 34
47 2873
48 1812
49 1441
50 1708
51 42
52 2782
53 2134
54 2307
55 2518
56 312
57 1807
58 454
59 1192
60 395
61 2141
62 2925
63 1257
64 565
65 1983
66 2120
67 12
68 122
69 1103
70 1450
71 2817
72 1276
73 1476
74 1052
75 1861
76 1019
77 1420
78 103
79 97
80 1767
81 1953
82 1263
83 1016
84 181
85 2945
86 2848
87 2850
88 1336
89 945
90 1907
91 792
92 1425
93 18
94 1078
95 2521
96 960
97 687
98 939
99 2564
100 1661
101 2589
102 1168
103 2349
104 1439
105 1209
106 583
107 2883
108 707
109 1245
110 791
111 2306
112 2374
113 912
114 1773
115 203
116 1109
117 2170
118 2805
119 1926
120 1748
121 2509
122 201
123 662
124 2209
125 468
126 987
127 1462
128 1477
129 2563
130 2097
131 896
132 2762
133 2039
134 2594
135 185
136 2018
137 2308
138 1857
139 518
140 342
141 1814
142 1882
143 2173
144 1210
145 337
146 413
147 2980
148 1845
149 2076
150 808
151 2867
152 1913
153 2765
154 1534
155 1027
156 2313
157 1548
158 348
159 2375
160 2322
161 2241
162 1430
163 540
164 1046
165 1826
166 671
167 509
168 2646
169 111
170 2150
171 2503
172 2442
173 1409
174 479
175 2354
176 2164
177 2056
178 2272
179 2125
180 496
181 2718
182 1297
183 2050
184 2032
185 1729
186 1469
187 1910
188 810
189 2426
190 266
191 2013
192 2543
193 182
194 2549
195 2705
196 2597
197 1594
198 428
199 2607
200 770
201 2102
202 868
203 2071
204 2799
205 426
206 1426
207 2286
208 371
209 720
210 1934
211 329
212 552
213 1008
214 308
215 1181
216 1714
217 2546
218 1095
219 854
220 2248
221 374
222 2943
223 390
224 2752
225 718
226 257
227 265
228 795
229 2700
230 1219
231 1166
232 183
233 2591
234 2164
235 362
236 2481
237 1814
238 792
239 123
240 130
241 18
242 54
243 2769
244 2529
245 1304
246 2506
247 1507
248 1470
249 1202
250 2708
251 37
252 495
253 1399
254 164
255 1269
256 5
257 2181
258 238
259 2438
260 2916
261 1230
262 2446
263 1818
264 1849
265 221
266 1988
267 1549
268 2196
269 1017
270 823
271 2331
272 2470
273 590
274 2188
275 965
276 2325
277 911
278 2250
279 346
280 1605
281 1553
282 2764
283 582
284 2034
285 1910
286 767
287 867
288 1629
289 1083
290 2189
291 2168
292 2662
293 2007
294 671
295 51
296 41
297 624
298 1404
299 467
300 2107
301 567
302 2524
303 1168
304 1832
305 540
306 655
307 1443
308 772
309 14
310 875
311 1612
312 2970
313 1200
314 2101
315 631
316 1889
317 722
318 976
319 1818
320 803
321 1410
322 844
323 1694
324 1296
325 741
326 1771
327 1262
328 907
329 2439
330 2777
331 1196
332 2616
333 169
334 1769
335 1971
336 1235
337 1567
338 2095
339 549
340 1730
341 1888
342 1007
343 407
344 1388
345 154
346 1643
347 1230
348 579
349 381
350 1409
351 213
352 1828
353 2230
354 2106
355 2243
356 2657
357 1028
358 894
359 2291
360 2141
361 324
362 973
363 98
364 735
365 2302
366 1137
367 2115
368 376
369 1578
370 517
371 2355
372 567
373 1886
374 1672
375 1649
376 2206
377 1775
378 2610
379 2740
380 198
381 1279
382 2196
383 52
384 328
385 2609
386 1923
387 1242
388 2184
389 1811
390 1485
391 2654
392 726
393 540
394 330
395 2629
396 16
397 2548
398 1233
399 2002
400 825
401 756
402 239
403 2409
404 2196
405 1724
406 471
407 400
408 2773
409 1625
410 1179
411 2336
412 2914
413 2059
414 619
415 237
416 2544
417 1226
418 2604
419 1566
420 1834
421 2232
422 308
423 586
424 370
425 1662
426 2010
427 215
428 194
429 54
430 508
431 620
432 1722
433 1386
434 1350
435 40
436 1550
437 1168
438 2127
439 2925
440 745
441 243
442 1422
443 387
444 2533
445 2929
446 2852
447 2991
448 704
449 1851
450 297
451 24
452 1636
453 518
454 587
455 345
456 2763
457 2116
458 665
459 1861
460 1260
461 1388
462 1646
463 385
464 2547
465 1894
466 1458
467 1391
468 2506
469 2970
470 1900
471 1286
472 1334
473 13
474 2736
475 2106
476 1759
477 381
478 1362
479 1387
480 1626
481 1813
482 2994
483 757
484 480
485 2396
486 2466
487 455
488 2342
489 1838
490 343
491 36
492 667
493 1160
494 561
495 719
496 1377
497 713
498 1526
499 435
500 1195
501 1449
502 463
503 613
504 2842
505 2461
506 1674
507 29
508 1061
509 2804
510 208
511 812
512 962
513 1421
514 2773
515 2842
516 2295
517 1081
518 567
519 1508
520 2188
521 2413
522 127
523 149
524 1580
525 2469
526 1113
527 1796
528 1586
529 1389
530 2905
531 2265
532 2554
533 2405
534 1060
535 1140
536 1863
537 280
538 381
539 1078
540 2425
541 5
542 1026
543 2604
544 113
545 1545
546 197
547 2008
548 1707
549 2374
550 2054
551 20
552 2169
553 2155
554 2089
555 2445
556 635
557 378
558 1374
559 187
560 1656
561 246
562 2064
563 2302
564 1818
565 1438
566 1991
567 2295
568 2843
569 1786
570 2248
571 209
572 1404
573 518
574 1522
575 2682
576 2060
577 1340
578 2090
579 214
580 2496
581 565
582 1407
583 531
584 459
585 1008
586 1551
587 1462
588 2571
589 2808
590 421
591 2900
592 221
593 1649
594 381
595 1243
596 1847
597 510
598 2149
599 400
600 59
601 144
602 473
603 981
604 1580
605 2565
606 2793
607 970
608 1414
609 1938
610 320
611 2657
612 2851
613 2850
614 2721
615 797
616 2840
617 2753
618 599
619 438
620 1551
621 283
622 657
623 531
624 2201
625 2436
626 1982
627 237
628 477
629 1837
630 1825
631 2597
632 95
633 2469
634 223
635 2507
636 2755
637 2303
638 1447
639 2371
640 1767
641 2136
642 2093
643 2919
644 2895
645 2567
646 2269
647 91
648 1000
649 2790
650 1851
651 805
652 475
653 1402
654 2050
655 2289
656 686
657 465
658 1332
659 2573
660 1591
661 399
662 2481
663 983
664 1292
665 2048
666 2931
667 2772
668 2887
669 2132
670 249
671 2764
672 194
673 1713
674 1502
675 55
676 753
677 2618
678 527
679 739
680 458
681 2637
682 891
683 2801
684 1969
685 1025
686 706
687 5
688 2196
689 1435
690 2285
691 1382
692 2276
693 2252
694 1217
695 2768
696 1642
697 2919
698 692
699 2280
700 880
701 1899
702 2864
703 645
704 2018
705 2022
706 347
707 1647
708 877
709 2727
710 1916
711 2988
712 1934
713 894
714 939
715 668
716 2735
717 885
718 1071
719 2344
720 626
721 70
722 2194
723 1788
724 2918
725 330
726 513
727 330
728 131
729 450
730 2468
731 520
732 2249
733 1023
734 243
735 1795
736 520
737 433
738 633
739 1488
740 85
741 2712
742 624
743 2018
744 366
745 610
746 2347
747 527
748 1373
749 2621
750 1320
751 1923
752 2655
753 2379
754 1494
755 949
756 2519
757 343
758 2574
759 539
760 2897
761 2740
762 2711
763 2104
764 2459
765 1050
766 1858
767 97
768 1057
769 1650
770 1707
771 1382
772 329

