915 9
0 1358
1 1399
2 2380
3 1610
4 2771
5 1540
6 859
7 150
8 2980
9 2681
10 1908
11 478
12 2431
13 1200
14 2824
15 1241
16 461
17 1311
18 2059
19 107
20 1261
21 972
22 2436
23 186
24 1576
25 1854
26 2396
27 1259
28 870
29 2986
30 2150
31 222
32 1657
33 336
34 1086
35 445
36 379
37 366
38 1783
39 1984
40 17
41 2159
42 37
43 2550
44 1893
45 2071
46 1995
47 1039
48 1953
49 440
50 2722
51 1787
52 2749
53 2827
54 1920
55 2182
56 2714
57 2380
58 2428
59 1637
60 22
61 1364
62 1293
63 1010
64 480
65 2133
66 1277
67 2795
68 2
69 594
70 2620
71 662
72 1045
73 1028
74 1366
75 1859
76 2530
77 688
78 1605
79 2575
80 1542
81 1188
82 858
83 447
84 1619
85 2809
86 1427
87 406
88 846
89 1080
90 0
91 2495
92 16
93 588
94 468
95 2257
96 129
97 311
98 978
99 456
100 2640
101 2395
102 2724
103 2403
104 1238
105 1280
106 27
107 176
108 562
109 1344
110 769
111 1211
112 1486
113 1790
114 975
115 393
116 1540
117 2922
118 1989
119 2341
120 1442
121 2447
122 1673
123 618
124 241
125 2763
126 1618
127 1195
128 2928
129 875
130 2981
131 1741
132 2636
133 275
134 2117
135 704
136 214
137 302
138 1937
139 619
140 2589
141 2470
142 162
143 1256
144 2753
145 2306
146 2903
147 1876
148 2812
149 2680
150 126
151 2761
152 589
153 1532
154 216
155 1818
156 1163
157 1258
158 1429
159 2494
160 1584
161 1611
162 2115
163 2789
164 718
165 2026
166 2168
167 282
168 769
169 569
170 2159
171 1433
172 2381
173 1055
174 38
175 1498
176 891
177 2012
178 2910
179 2148
180 897
181 614
182 2348
183 2852
184 710
185 1982
186 313
187 1617
188 965
189 2851
190 1266
191 42
192 1096
193 2956
194 682
195 806
196 280
197 2189
198 2016
199 1637
200 373
201 478
202 2159
203 1058
204 1608
205 2740
206 1753
207 2384
208 2202
209 2215
210 2983
211 1135
212 1203
213 2843
214 912
215 1208
216 1403
217 2188
218 1368
219 1995
220 2254
221 710
222 1700
223 1222
224 2480
225 332
226 1834
227 1918
228 352
229 1428
230 2517
231 2285
232 141
233 2707
234 1233
235 1572
236 2255
237 632
238 50
239 413
240 2461
241 2538
242 2203
243 206
244 2567
245 992
246 529
247 516
248 988
249 176
250 2803
251 2299
252 1796
253 586
254 313
255 2740
256 1809
257 175
258 1628
259 1138
260 1485
261 2552
262 2601
263 2388
264 2466
265 396
266 731
267 840
268 1400
269 77
270 2198
271 250
272 316
273 408
274 615
275 982
276 95
277 99
278 2211
279 2042
280 1861
281 406
282 1159
283 165
284 869
285 2735
286 980
287 710
288 2713
289 834
290 1723
291 975
292 367
293 1624
294 120
295 2382
296 2653
297 2070
298 151
299 2359
300 852
301 1367
302 1854
303 1451
304 372
305 1157
306 2518
307 484
308 2848
309 2857
310 586
311 2907
312 2659
313 1413
314 840
315 1039
316 657
317 634
318 681
319 947
320 1332
321 2218
322 1216
323 1670
324 2732
325 258
326 1355
327 220
328 49
329 1641
330 2078
331 891
332 652
333 2551
334 2306
335 232
336 978
337 791
338 2150
339 621
340 2222
341 1040
342 2948
343 1864
344 2350
345 1217
346 427
347 2314
348 1120
349 1966
350 1798
351 1873
352 2525
353 1175
354 1360
355 1138
356 1023
357 347
358 2075
359 2332
360 2561
361 80
362 2751
363 594
364 2367
365 1505
366 2612
367 2547
368 2801
369 1316
370 1525
371 957
372 2831
373 2252
374 2141
375 3000
376 756
377 2901
378 2361
379 1447
380 1167
381 2001
382 940
383 1393
384 261
385 2313
386 2547
387 642
388 2865
389 1241
390 2001
391 201
392 338
393 2564
394 1431
395 2652
396 1648
397 2969
398 156
399 993
400 1148
401 2844
402 2681
403 1272
404 2885
405 2046
406 941
407 2220
408 823
409 714
410 2113
411 2498
412 2682
413 15
414 1832
415 132
416 2809
417 1214
418 1246
419 2776
420 1032
421 2945
422 418
423 500
424 700
425 2514
426 451
427 2436
428 2255
429 2612
430 1362
431 2415
432 2876
433 2399
434 2509
435 648
436 227
437 2208
438 1715
439 1108
440 245
441 2708
442 462
443 2542
444 2642
445 771
446 2282
447 2588
448 795
449 2364
450 105
451 2925
452 2954
453 1253
454 2661
455 1242
456 1523
457 977
458 1712
459 1035
460 570
461 2067
462 2815
463 2557
464 1693
465 1101
466 2550
467 144
468 1571
469 509
470 1043
471 925
472 423
473 2278
474 2982
475 1108
476 284
477 2301
478 648
479 2900
480 2380
481 1660
482 233
483 497
484 1977
485 523
486 793
487 2410
488 596
489 1375
490 2472
491 457
492 250
493 1953
494 2121
495 2859
496 427
497 168
498 551
499 206
500 2016
501 267
502 1539
503 1029
504 1701
505 2062
506 100
507 2626
508 1824
509 2477
510 2103
511 1076
512 1459
513 2529
514 243
515 616
516 491
517 1336
518 2916
519 2758
520 2289
521 1471
522 341
523 1177
524 2067
525 2265
526 1945
527 1988
528 1092
529 1971
530 2879
531 184
532 712
533 1153
534 1317
535 2413
536 966
537 1488
538 1383
539 2190
540 2093
541 986
542 1013
543 2509
544 2361
545 1090
546 2947
547 2321
548 215
549 1114
550 2174
551 2615
552 1125
553 2629
554 1127
555 422
556 149
557 321
558 1910
559 746
560 211
561 848
562 1970
563 1327
564 822
565 458
566 674
567 1580
568 1133
569 2909
570 1762
571 2296
572 974
573 848
574 2840
575 2484
576 507
577 1888
578 369
579 1459
580 954
581 1440
582 1444
583 510
584 575
585 2902
586 316
587 2265
588 447
589 2576
590 1045
591 1015
592 452
593 1664
594 2113
595 2421
596 1595
597 1511
598 1972
599 2212
600 433
601 346
602 1089
603 2953
604 1993
605 1446
606 2374
607 2588
608 685
609 1131
610 1601
611 1243
612 2236
613 744
614 656
615 1522
616 459
617 2969
618 2583
619 664
620 2023
621 514
622 2305
623 182
624 385
625 807
626 489
627 663
628 241
629 2745
630 751
631 1156
632 994
633 1430
634 151
635 2647
636 2859
637 2621
638 2745
639 2258
640 185
641 1235
642 36
643 809
644 2273
645 474
646 601
647 435
648 503
649 2206
650 2851
651 206
652 704
653 1014
654 582
655 1555
656 2074
657 1590
658 2267
659 1808
660 2527
661 290
662 207
663 2472
664 1304
665 2972
666 2436
667 2173
668 1963
669 1085
670 1860
671 347
672 582
673 1329
674 2092
675 570
676 30
677 374
678 1271
679 838
680 1790
681 277
682 2530
683 1069
684 274
685 2253
686 2181
687 1003
688 2026
689 2854
690 1149
691 1365
692 1735
693 389
694 2696
695 1137
696 674
697 553
698 152
699 1127
700 1943
701 2410
702 311
703 708
704 109
705 1444
706 1453
707 1935
708 402
709 664
710 544
711 2681
712 497
713 292
714 997
715 2010
716 2052
717 2247
718 236
719 2819
720 2544
721 2204
722 842
723 1761
724 815
725 963
726 86
727 1339
728 1889
729 1262
730 1370
731 1108
732 1028
733 459
734 2400
735 2285
736 389
737 2820
738 2178
739 2227
740 2895
741 1102
742 1718
743 31
744 1968
745 472
746 1716
747 1499
748 1988
749 2793
750 479
751 318
752 731
753 530
754 1925
755 2798
756 139
757 2288
758 1817
759 1198
760 2987
761 482
762 1536
763 539
764 2329
765 97
766 1097
767 2840
768 2193
769 977
770 1251
771 1014
772 2948
773 553
774 2680
775 1502
776 675
777 2087
778 253
779 941
780 2308
781 1775
782 932
783 1587
784 2849
785 1610
786 2542
787 1677
788 1881
789 1074
790 1226
791 1659
792 798
793 701
794 2911
795 2766
796 2205
797 603
798 647
799 1908
800 2431
801 511
802 1908
803 2932
804 1376
805 252
806 2217
807 2282
808 2284
809 1927
810 1780
811 1127
812 2152
813 2928
814 1860
815 2800
816 2517
817 462
818 75
819 1389
820 2284
821 370
822 1731
823 1241
824 1580
825 1859
826 442
827 473
828 1090
829 220
830 2240
831 1360
832 696
833 504
834 1456
835 2192
836 70
837 539
838 163
839 2569
840 930
841 1097
842 440
843 2431
844 2107
845 1652
846 2483
847 2947
848 1845
849 1217
850 1159
851 1119
852 1511
853 2874
854 2627
855 2334
856 1268
857 2853
858 1862
859 1711
860 2619
861 717
862 1190
863 2035
864 2939
865 1285
866 2255
867 1320
868 791
869 455
870 998
871 2786
872 1928
873 211
874 2715
875 164
876 691
877 92
878 985
879 919
880 481
881 2416
882 60
883 2557
884 1681
885 2272
886 185
887 1832
888 713
889 2960
890 2720
891 2195
892 1975
893 917
894 1730
895 1435
896 147
897 1767
898 464
899 119
900 2918
901 1470
902 412
903 1426
904 2149
905 1400
906 1099
907 1675
908 635
909 2757
910 968
911 2914
912 1040
913 2311
914 1049

