285 1
0 2512
1 1097
2 230
3 2974
4 1019
5 2373
6 2940
7 1134
8 1629
9 402
10 2465
11 1502
12 24
13 1431
14 986
15 653
16 2323
17 2423
18 763
19 2484
20 1736
21 319
22 711
23 642
24 840
25 1718
26 590
27 1027
28 533
29 2692
30 1895
31 2994
32 998
33 2001
34 168
35 1743
36 1756
37 2937
38 509
39 1267
40 61
41 2471
42 2747
43 2059
44 639
45 2343
46 250
47 2418
48 540
49 845
50 2595
51 2436
52 838
53 1910
54 2037
55 2061
56 661
57 2954
58 551
59 791
60 611
61 1942
62 924
63 2693
64 2414
65 716
66 48
67 639
68 2610
69 20
70 1168
71 2644
72 2815
73 534
74 1817
75 1452
76 2860
77 824
78 324
79 543
80 1076
81 274
82 1272
83 2560
84 301
85 2421
86 2926
87 89
88 528
89 2323
90 2877
91 1251
92 258
93 138
94 1285
95 1046
96 2698
97 1261
98 2953
99 2134
100 2829
101 1477
102 911
103 2112
104 1335
105 1845
106 2954
107 1171
108 2860
109 1932
110 1854
111 1468
112 312
113 2391
114 2596
115 1895
116 78
117 881
118 2364
119 1362
120 1732
121 1163
122 470
123 2489
124 844
125 1088
126 684
127 2189
128 2908
129 2276
130 458
131 1585
132 1067
133 118
134 1274
135 1189
136 1077
137 9
138 903
139 712
140 157
141 27
142 193
143 1896
144 2464
145 2119
146 1290
147 1159
148 1749
149 1756
150 498
151 2358
152 2437
153 2556
154 816
155 1683
156 2979
157 1188
158 557
159 2228
160 1604
161 1997
162 2231
163 2774
164 190
165 893
166 1513
167 2826
168 420
169 2291
170 1416
171 572
172 39
173 2138
174 2431
175 999
176 604
177 2619
178 2145
179 2635
180 2111
181 2573
182 1630
183 256
184 2108
185 1842
186 13
187 573
188 1039
189 1603
190 523
191 310
192 85
193 1151
194 2428
195 100
196 2406
197 950
198 2257
199 1574
200 16
201 2553
202 2074
203 505
204 1115
205 2716
206 612
207 2484
208 909
209 189
210 579
211 981
212 2154
213 2909
214 388
215 2705
216 2585
217 2749
218 2197
219 831
220 2982
221 801
222 2434
223 1939
224 636
225 2352
226 483
227 1277
228 1896
229 2595
230 1293
231 354
232 1261
233 1840
234 413
235 2996
236 942
237 1207
238 2639
239 257
240 2923
241 948
242 2687
243 1499
244 946
245 1199
246 2738
247 1866
248 1125
249 2927
250 2472
251 1484
252 1292
253 1838
254 1963
255 1485
256 2010
257 2569
258 1113
259 2258
260 1195
261 39
262 1259
263 848
264 328
265 2749
266 2300
267 898
268 2998
269 2846
270 2390
271 1303
272 2105
273 1656
274 624
275 1503
276 1538
277 195
278 906
279 2034
280 865
281 1637
282 1678
283 2897
284 340

