430 35
0 2263
1 2320
2 1156
3 1639
4 1955
5 781
6 2468
7 1428
8 2701
9 2664
10 2467
11 1865
12 1849
13 2194
14 355
15 2118
16 426
17 338
18 1720
19 2228
20 1816
21 1282
22 1650
23 2360
24 1434
25 2810
26 231
27 1780
28 327
29 1998
30 2548
31 790
32 1364
33 230
34 2109
35 942
36 2316
37 465
38 1713
39 2879
40 1256
41 2065
42 2384
43 1955
44 445
45 461
46 2087
47 2611
48 1243
49 600
50 2827
51 1886
52 2237
53 2602
54 554
55 436
56 467
57 2509
58 1246
59 2149
60 2297
61 2007
62 1452
63 731
64 1301
65 685
66 1982
67 2388
68 2332
69 2016
70 2882
71 1361
72 2432
73 2527
74 2533
75 460
76 707
77 2146
78 1256
79 430
80 1583
81 486
82 814
83 662
84 1485
85 2934
86 2990
87 592
88 1096
89 1733
90 2857
91 145
92 185
93 2110
94 488
95 2547
96 2999
97 2050
98 2516
99 1095
100 1158
101 2569
102 1955
103 1745
104 1404
105 871
106 736
107 1569
108 1274
109 123
110 2127
111 248
112 1800
113 1398
114 1756
115 2009
116 1814
117 1592
118 2659
119 1446
120 607
121 2582
122 103
123 892
124 1283
125 2438
126 1047
127 2680
128 317
129 190
130 52
131 2412
132 1233
133 2323
134 8
135 2362
136 501
137 1251
138 274
139 2799
140 1808
141 1868
142 1854
143 713
144 550
145 1464
146 1948
147 647
148 152
149 1397
150 2224
151 1257
152 1603
153 2387
154 1432
155 2390
156 797
157 2832
158 657
159 102
160 1997
161 505
162 1456
163 1283
164 61
165 264
166 304
167 102
168 2476
169 471
170 1865
171 322
172 1124
173 2882
174 15
175 1234
176 1755
177 2064
178 141
179 2328
180 2141
181 1832
182 1961
183 814
184 243
185 123
186 1205
187 296
188 1524
189 2695
190 327
191 2009
192 2805
193 1251
194 771
195 2065
196 1306
197 50
198 1699
199 2111
200 1728
201 1328
202 1354
203 278
204 2694
205 2632
206 2775
207 1616
208 2867
209 357
210 217
211 1259
212 1558
213 1709
214 2184
215 1703
216 1798
217 442
218 1376
219 1760
220 1787
221 1337
222 2747
223 413
224 110
225 1405
226 827
227 223
228 1752
229 2003
230 147
231 163
232 539
233 222
234 1793
235 384
236 1944
237 1328
238 616
239 665
240 427
241 2334
242 2668
243 1827
244 2650
245 1399
246 628
247 2052
248 1930
249 406
250 1658
251 840
252 1780
253 1713
254 90
255 2251
256 563
257 961
258 2602
259 2440
260 783
261 2682
262 2212
263 1676
264 2991
265 2625
266 2917
267 701
268 2908
269 1537
270 2027
271 2064
272 1303
273 2905
274 1555
275 1339
276 2643
277 1806
278 388
279 2970
280 2042
281 1307
282 1179
283 83
284 67
285 2120
286 2881
287 855
288 1986
289 2073
290 578
291 1266
292 2927
293 2042
294 1731
295 2155
296 1748
297 2502
298 311
299 994
300 2223
301 207
302 2870
303 2289
304 2165
305 715
306 400
307 2714
308 2252
309 2187
310 2588
311 1076
312 2834
313 2682
314 1822
315 2102
316 1804
317 1917
318 554
319 1391
320 1438
321 1224
322 537
323 1587
324 518
325 2713
326 1548
327 2420
328 190
329 579
330 1695
331 1599
332 1221
333 1643
334 256
335 2045
336 1982
337 2205
338 1156
339 225
340 1752
341 1092
342 2629
343 789
344 1206
345 1043
346 1564
347 192
348 2968
349 1404
350 1452
351 2238
352 1360
353 2200
354 149
355 636
356 70
357 458
358 2968
359 2845
360 2016
361 2749
362 883
363 1830
364 572
365 720
366 2485
367 2334
368 1324
369 405
370 239
371 1710
372 1244
373 2068
374 1292
375 746
376 646
377 2720
378 1241
379 456
380 211
381 569
382 2845
383 2238
384 1194
385 11
386 106
387 1947
388 2979
389 188
390 2687
391 757
392 1176
393 1633
394 236
395 2877
396 2703
397 2520
398 1323
399 2323
400 891
401 2332
402 1889
403 1969
404 2223
405 2650
406 2192
407 2616
408 2197
409 753
410 1118
411 653
412 317
413 2560
414 726
415 1216
416 2625
417 2842
418 67
419 1824
420 1776
421 2733
422 1747
423 2111
424 542
425 2480
426 1378
427 964
428 2424
429 939

