607 40
0 1572
1 594
2 1300
3 2285
4 422
5 283
6 2505
7 263
8 1043
9 2323
10 1249
11 2870
12 794
13 1675
14 2972
15 2935
16 2993
17 1998
18 712
19 521
20 2138
21 1099
22 129
23 56
24 1298
25 1217
26 1903
27 1055
28 2154
29 610
30 341
31 1521
32 1287
33 2805
34 1598
35 1645
36 1687
37 1298
38 2955
39 382
40 697
41 1156
42 151
43 1215
44 2277
45 2219
46 89
47 2348
48 1871
49 1251
50 1406
51 407
52 307
53 1509
54 1361
55 1445
56 83
57 1044
58 2847
59 2650
60 2664
61 1558
62 1456
63 1104
64 2748
65 1098
66 49
67 1228
68 1107
69 1779
70 1233
71 744
72 137
73 1338
74 1466
75 2671
76 2951
77 899
78 1168
79 1350
80 342
81 2486
82 616
83 2326
84 1850
85 578
86 471
87 629
88 1828
89 1326
90 298
91 1578
92 2216
93 1397
94 106
95 2499
96 50
97 1635
98 244
99 322
100 2859
101 685
102 2966
103 137
104 2674
105 1577
106 2992
107 2640
108 2091
109 2477
110 2143
111 472
112 1143
113 589
114 443
115 460
116 2410
117 2860
118 1101
119 242
120 2783
121 1389
122 152
123 1008
124 1084
125 1878
126 575
127 236
128 2367
129 314
130 1463
131 1849
132 2090
133 2893
134 2968
135 495
136 1269
137 2701
138 396
139 1150
140 2252
141 152
142 1198
143 1988
144 2850
145 155
146 2387
147 145
148 2233
149 712
150 150
151 1008
152 1233
153 1315
154 1704
155 2457
156 1232
157 1631
158 2732
159 1773
160 630
161 1359
162 2114
163 2455
164 1630
165 882
166 2298
167 2965
168 2662
169 341
170 267
171 904
172 1212
173 1996
174 1121
175 2088
176 2620
177 1643
178 1428
179 2786
180 2611
181 1221
182 496
183 1176
184 2439
185 2241
186 2109
187 986
188 1716
189 1152
190 628
191 1007
192 498
193 2917
194 2816
195 2281
196 2546
197 77
198 644
199 2012
200 1757
201 1912
202 39
203 694
204 1801
205 809
206 2945
207 2989
208 2609
209 1113
210 939
211 1714
212 1146
213 2519
214 395
215 1612
216 233
217 2143
218 649
219 2835
220 2160
221 2619
222 676
223 126
224 902
225 2367
226 2112
227 2320
228 414
229 326
230 0
231 192
232 299
233 1206
234 1905
235 1620
236 2483
237 1368
238 2901
239 867
240 186
241 1578
242 426
243 2643
244 39
245 517
246 70
247 2010
248 143
249 0
250 495
251 2898
252 2117
253 2330
254 389
255 1937
256 2671
257 1321
258 1828
259 2279
260 2598
261 944
262 1448
263 577
264 2432
265 1615
266 2167
267 208
268 234
269 2115
270 2059
271 1037
272 2734
273 1872
274 926
275 1681
276 431
277 1476
278 617
279 759
280 2629
281 2224
282 2412
283 431
284 1755
285 2428
286 1691
287 766
288 514
289 1468
290 2592
291 2566
292 1782
293 805
294 1638
295 244
296 506
297 613
298 753
299 1136
300 1970
301 208
302 188
303 1518
304 2097
305 2319
306 2750
307 2952
308 2116
309 2184
310 193
311 402
312 1093
313 1852
314 1794
315 198
316 1693
317 1768
318 1503
319 1921
320 791
321 241
322 2310
323 2069
324 2424
325 133
326 492
327 381
328 1395
329 2521
330 1145
331 2529
332 36
333 973
334 863
335 2374
336 2650
337 2498
338 1368
339 612
340 826
341 43
342 1989
343 422
344 2502
345 2170
346 32
347 1543
348 1235
349 1623
350 1923
351 284
352 372
353 2771
354 81
355 1923
356 277
357 1030
358 705
359 797
360 311
361 19
362 2206
363 670
364 2177
365 2350
366 48
367 2524
368 269
369 2235
370 1318
371 2776
372 1555
373 1345
374 355
375 339
376 2929
377 1102
378 2459
379 2728
380 196
381 684
382 2319
383 100
384 2881
385 915
386 134
387 1728
388 1650
389 1353
390 2488
391 773
392 1517
393 2725
394 2573
395 612
396 1892
397 1794
398 2294
399 2159
400 530
401 2889
402 2899
403 2911
404 1940
405 1233
406 2876
407 1352
408 819
409 2123
410 1153
411 532
412 2281
413 1052
414 1061
415 2375
416 1207
417 512
418 1152
419 1808
420 2692
421 746
422 1343
423 842
424 1270
425 573
426 1860
427 187
428 2770
429 1775
430 358
431 2987
432 2292
433 1876
434 327
435 554
436 837
437 772
438 2552
439 1704
440 1627
441 27
442 2881
443 2991
444 2488
445 2116
446 2600
447 1277
448 1360
449 820
450 2479
451 455
452 1702
453 2733
454 1341
455 777
456 1660
457 1828
458 2621
459 968
460 976
461 1466
462 1012
463 2349
464 2095
465 609
466 2903
467 17
468 1463
469 1618
470 621
471 185
472 2123
473 247
474 1333
475 2842
476 2519
477 2159
478 2495
479 1037
480 2279
481 2583
482 1832
483 2981
484 2039
485 1266
486 2483
487 2686
488 1603
489 2131
490 2848
491 2882
492 2028
493 2932
494 2351
495 1022
496 1874
497 1383
498 1571
499 396
500 322
501 462
502 1746
503 511
504 2401
505 180
506 290
507 1776
508 1383
509 685
510 762
511 2042
512 1816
513 219
514 2642
515 1472
516 2738
517 876
518 1830
519 2935
520 1119
521 2651
522 403
523 2749
524 138
525 1778
526 951
527 1430
528 133
529 2253
530 84
531 1408
532 786
533 1782
534 2100
535 342
536 2031
537 273
538 1219
539 66
540 2512
541 2698
542 1796
543 82
544 2095
545 2333
546 568
547 1385
548 658
549 2585
550 752
551 1730
552 241
553 1810
554 266
555 154
556 2998
557 2659
558 597
559 2284
560 2673
561 691
562 843
563 1276
564 72
565 1225
566 246
567 67
568 2252
569 1032
570 1025
571 982
572 1774
573 1302
574 1562
575 2518
576 1305
577 1492
578 2664
579 1554
580 394
581 350
582 2563
583 1906
584 2390
585 1693
586 604
587 2011
588 2984
589 1759
590 1488
591 1421
592 1328
593 2537
594 1872
595 2382
596 2964
597 1591
598 2797
599 1356
600 2763
601 1895
602 2385
603 2630
604 2061
605 2242
606 1488

