524 93
0 2281
1 718
2 1873
3 2142
4 2970
5 1840
6 210
7 612
8 471
9 1987
10 71
11 787
12 983
13 2867
14 766
15 2472
16 948
17 807
18 2057
19 224
20 1533
21 147
22 2022
23 142
24 92
25 1371
26 1634
27 1633
28 942
29 2948
30 2261
31 1773
32 1108
33 3000
34 1025
35 716
36 804
37 2979
38 2732
39 219
40 2287
41 1443
42 1694
43 2358
44 2644
45 2982
46 2402
47 521
48 1940
49 1086
50 1040
51 2489
52 2130
53 2301
54 2094
55 2742
56 895
57 542
58 1247
59 1916
60 987
61 1778
62 1458
63 679
64 1932
65 2428
66 507
67 1541
68 1461
69 1929
70 408
71 657
72 826
73 2731
74 1423
75 605
76 841
77 1245
78 228
79 2053
80 2298
81 180
82 530
83 1601
84 1727
85 2112
86 865
87 2372
88 1877
89 559
90 2077
91 1321
92 334
93 898
94 284
95 313
96 2381
97 1759
98 1768
99 43
100 1304
101 2479
102 2706
103 993
104 1548
105 2654
106 631
107 1667
108 759
109 2515
110 334
111 878
112 2918
113 2631
114 2957
115 2682
116 1581
117 819
118 2303
119 303
120 1041
121 1270
122 907
123 184
124 2245
125 979
126 14
127 956
128 6
129 703
130 1912
131 1914
132 611
133 971
134 1680
135 155
136 1746
137 2034
138 431
139 440
140 2425
141 1682
142 784
143 2329
144 1071
145 1654
146 1228
147 316
148 956
149 163
150 158
151 205
152 2194
153 209
154 185
155 1225
156 2264
157 1688
158 929
159 1254
160 616
161 1132
162 1278
163 1784
164 2341
165 2868
166 630
167 1300
168 360
169 2376
170 770
171 679
172 318
173 773
174 2969
175 798
176 3
177 771
178 2356
179 2510
180 1119
181 1203
182 2921
183 953
184 1050
185 1921
186 767
187 98
188 1943
189 2404
190 2040
191 1009
192 2481
193 210
194 2569
195 2829
196 842
197 1155
198 1431
199 1723
200 722
201 1105
202 2276
203 2777
204 1663
205 1990
206 2803
207 1172
208 105
209 1012
210 759
211 866
212 261
213 2154
214 2578
215 645
216 2918
217 81
218 2820
219 795
220 510
221 1517
222 838
223 1913
224 2488
225 2169
226 2856
227 648
228 473
229 2744
230 2984
231 348
232 1657
233 2774
234 2221
235 578
236 1096
237 1528
238 1797
239 2501
240 807
241 463
242 2950
243 293
244 2898
245 318
246 2341
247 1197
248 1292
249 1549
250 1384
251 1813
252 2885
253 162
254 1754
255 3
256 144
257 2729
258 2270
259 534
260 2671
261 2756
262 1367
263 2054
264 1296
265 740
266 1385
267 1392
268 568
269 1000
270 762
271 545
272 829
273 1744
274 412
275 749
276 1703
277 91
278 1300
279 1913
280 48
281 1369
282 2122
283 2974
284 454
285 91
286 1997
287 2370
288 628
289 2298
290 2821
291 152
292 25
293 2205
294 2430
295 2652
296 970
297 469
298 2232
299 2604
300 1188
301 2890
302 1688
303 1123
304 483
305 1888
306 1033
307 982
308 2304
309 2767
310 2723
311 2061
312 475
313 717
314 968
315 1689
316 464
317 273
318 2882
319 2777
320 1145
321 2520
322 2536
323 1170
324 2516
325 621
326 2310
327 2026
328 1387
329 419
330 2577
331 2864
332 2594
333 308
334 733
335 1189
336 767
337 771
338 2056
339 190
340 14
341 1753
342 633
343 2268
344 1214
345 2518
346 1866
347 520
348 844
349 1313
350 665
351 2145
352 1792
353 2303
354 551
355 668
356 70
357 2797
358 2975
359 2905
360 2293
361 866
362 700
363 1827
364 1500
365 794
366 2198
367 1943
368 2411
369 2930
370 54
371 599
372 1568
373 2293
374 475
375 120
376 1080
377 2384
378 2495
379 1252
380 2645
381 239
382 2148
383 1697
384 1664
385 2346
386 887
387 8
388 49
389 2540
390 70
391 1887
392 1783
393 2125
394 1936
395 2973
396 2572
397 314
398 1545
399 2275
400 799
401 783
402 1190
403 1427
404 2230
405 504
406 1597
407 1554
408 1859
409 1041
410 600
411 1213
412 2183
413 63
414 594
415 231
416 2645
417 2059
418 2940
419 1386
420 50
421 2053
422 2650
423 430
424 1973
425 558
426 34
427 1607
428 563
429 2212
430 2064
431 1017
432 53
433 2186
434 2039
435 2259
436 1101
437 1525
438 645
439 1599
440 874
441 2551
442 2412
443 317
444 2679
445 77
446 1015
447 2991
448 1976
449 1713
450 738
451 867
452 2208
453 1552
454 1586
455 1105
456 274
457 958
458 2486
459 762
460 2573
461 395
462 1736
463 2067
464 811
465 1958
466 1942
467 1392
468 199
469 2627
470 98
471 712
472 892
473 2930
474 872
475 1251
476 2217
477 2892
478 2902
479 2982
480 1323
481 2906
482 2653
483 1039
484 306
485 304
486 2279
487 1337
488 268
489 2801
490 1905
491 1890
492 1015
493 635
494 1323
495 1533
496 830
497 1599
498 1199
499 1645
500 2331
501 1995
502 414
503 899
504 1318
505 1320
506 1263
507 1779
508 101
509 439
510 1654
511 2290
512 998
513 1684
514 2534
515 2780
516 2356
517 2058
518 64
519 189
520 2983
521 1243
522 2733
523 2081

