164 50
0 2247
1 1049
2 666
3 2635
4 1294
5 1299
6 1487
7 1621
8 1922
9 1535
10 2902
11 1009
12 2072
13 1841
14 580
15 2774
16 1940
17 1678
18 1518
19 167
20 1456
21 708
22 546
23 253
24 2507
25 432
26 1648
27 2629
28 890
29 2174
30 1303
31 810
32 410
33 960
34 1046
35 2603
36 2915
37 329
38 850
39 2719
40 1356
41 849
42 1387
43 2428
44 1356
45 834
46 239
47 220
48 1894
49 2644
50 2592
51 271
52 4
53 2815
54 2223
55 2024
56 1093
57 1624
58 1926
59 1786
60 433
61 2038
62 1481
63 1908
64 1353
65 819
66 1260
67 2966
68 2234
69 106
70 412
71 908
72 1439
73 1763
74 1326
75 619
76 846
77 2757
78 564
79 1620
80 2030
81 418
82 409
83 1058
84 1276
85 2015
86 154
87 2359
88 314
89 1628
90 1082
91 1802
92 9
93 2588
94 1057
95 1202
96 2446
97 124
98 1967
99 1602
100 1460
101 2184
102 2538
103 2464
104 2981
105 1850
106 1220
107 2204
108 2584
109 1832
110 2216
111 351
112 140
113 2683
114 369
115 1576
116 2230
117 753
118 2129
119 572
120 1451
121 2142
122 349
123 1488
124 2693
125 127
126 2480
127 2037
128 2165
129 1099
130 1369
131 863
132 1262
133 2213
134 792
135 454
136 2779
137 2140
138 1001
139 1012
140 642
141 2204
142 230
143 2731
144 570
145 703
146 2068
147 2349
148 1226
149 2092
150 109
151 2950
152 2791
153 2352
154 761
155 2481
156 1861
157 480
158 857
159 2624
160 1092
161 1773
162 1073
163 2961

