842 89
0 1777
1 1405
2 1503
3 1966
4 2862
5 2743
6 1247
7 2610
8 962
9 2087
10 1360
11 941
12 1677
13 254
14 2819
15 1629
16 2730
17 154
18 2589
19 2976
20 1263
21 1232
22 82
23 2665
24 148
25 519
26 1378
27 1857
28 112
29 2099
30 1992
31 1834
32 2129
33 1769
34 2211
35 2960
36 1161
37 1186
38 28
39 921
40 2805
41 2154
42 857
43 927
44 1467
45 1903
46 1036
47 1391
48 2274
49 1522
50 2330
51 1163
52 1679
53 394
54 2393
55 232
56 2685
57 1605
58 2472
59 2134
60 2086
61 2722
62 174
63 2843
64 2161
65 2451
66 1629
67 1779
68 1725
69 2383
70 2991
71 1979
72 551
73 1033
74 1405
75 1403
76 2940
77 843
78 2964
79 593
80 1285
81 2493
82 283
83 600
84 2336
85 1572
86 783
87 2869
88 87
89 1132
90 1720
91 400
92 1150
93 1419
94 803
95 2645
96 649
97 1088
98 401
99 2084
100 1019
101 64
102 1963
103 404
104 1884
105 391
106 493
107 750
108 230
109 1130
110 1414
111 2810
112 1722
113 2809
114 2824
115 3000
116 326
117 2610
118 1914
119 153
120 2824
121 2153
122 257
123 2795
124 2333
125 2615
126 1830
127 599
128 549
129 1382
130 752
131 580
132 106
133 968
134 2086
135 1048
136 1105
137 1218
138 930
139 2589
140 2304
141 2121
142 2089
143 1152
144 2925
145 1441
146 1856
147 2502
148 115
149 1029
150 1216
151 1290
152 1374
153 1041
154 1729
155 2209
156 1586
157 2370
158 72
159 1655
160 513
161 1202
162 2105
163 494
164 606
165 1607
166 2017
167 1124
168 1522
169 2507
170 2297
171 577
172 1708
173 1874
174 1309
175 1104
176 25
177 1854
178 2200
179 494
180 2673
181 141
182 1783
183 1315
184 2331
185 2820
186 2218
187 272
188 1353
189 2452
190 2472
191 60
192 2854
193 2349
194 2442
195 2787
196 1459
197 1098
198 2543
199 2274
200 509
201 1556
202 2306
203 1122
204 2835
205 520
206 296
207 334
208 876
209 2958
210 135
211 1892
212 47
213 1299
214 2728
215 1551
216 2218
217 2252
218 789
219 870
220 1135
221 2445
222 1215
223 314
224 795
225 2739
226 69
227 2411
228 1586
229 193
230 230
231 2408
232 2020
233 1221
234 1920
235 621
236 428
237 1554
238 2841
239 57
240 1598
241 2076
242 2663
243 929
244 2152
245 574
246 584
247 1974
248 1364
249 1602
250 2189
251 2345
252 95
253 53
254 1364
255 2105
256 152
257 2627
258 2183
259 2207
260 2181
261 591
262 1258
263 2456
264 8
265 2921
266 853
267 981
268 1180
269 398
270 2006
271 1217
272 346
273 2944
274 1136
275 1868
276 74
277 1386
278 1562
279 2010
280 1913
281 1817
282 1245
283 2101
284 1342
285 2872
286 1128
287 764
288 1597
289 2931
290 1310
291 113
292 1742
293 1673
294 2718
295 606
296 15
297 806
298 1251
299 2701
300 691
301 1072
302 1151
303 2560
304 2104
305 2853
306 544
307 396
308 1372
309 1349
310 357
311 2446
312 1487
313 142
314 143
315 2759
316 2220
317 2922
318 574
319 643
320 2024
321 712
322 2550
323 1873
324 1273
325 157
326 328
327 2160
328 1681
329 1368
330 2871
331 1443
332 2608
333 1782
334 1780
335 2322
336 2269
337 2182
338 472
339 384
340 2700
341 2162
342 2863
343 1789
344 25
345 2587
346 2745
347 1302
348 1840
349 1712
350 371
351 1630
352 2222
353 2597
354 2473
355 615
356 1998
357 257
358 1218
359 2510
360 597
361 462
362 2356
363 2495
364 2267
365 1448
366 2907
367 1544
368 1111
369 69
370 2010
371 2770
372 1142
373 2053
374 633
375 349
376 1882
377 501
378 1407
379 145
380 1990
381 2328
382 675
383 1517
384 617
385 2392
386 708
387 2002
388 1512
389 933
390 1019
391 2096
392 1971
393 1006
394 1574
395 1347
396 2900
397 622
398 747
399 2555
400 694
401 2929
402 343
403 2381
404 350
405 1918
406 467
407 2550
408 2247
409 822
410 2987
411 2752
412 205
413 1831
414 1000
415 2917
416 413
417 2124
418 209
419 1890
420 1284
421 1466
422 2688
423 2796
424 2040
425 2796
426 2952
427 2677
428 2312
429 188
430 1226
431 1864
432 2890
433 615
434 1218
435 2994
436 299
437 1695
438 2181
439 1432
440 1803
441 1073
442 365
443 47
444 417
445 2993
446 212
447 2654
448 1506
449 293
450 2654
451 2038
452 2301
453 1343
454 1862
455 2089
456 698
457 1176
458 2672
459 906
460 1319
461 1381
462 2378
463 2532
464 1147
465 1620
466 962
467 568
468 1149
469 744
470 1836
471 1410
472 1245
473 1009
474 2974
475 1172
476 2269
477 2147
478 2459
479 2976
480 506
481 555
482 1468
483 1772
484 2359
485 2096
486 399
487 1100
488 2035
489 1307
490 1254
491 1897
492 2700
493 1608
494 1726
495 777
496 2405
497 848
498 1196
499 1742
500 387
501 1683
502 740
503 2055
504 1761
505 870
506 2799
507 1435
508 990
509 43
510 603
511 1079
512 1570
513 334
514 1744
515 762
516 1015
517 2519
518 232
519 903
520 633
521 2227
522 2945
523 1184
524 2869
525 1180
526 383
527 1001
528 1348
529 2362
530 27
531 1247
532 2019
533 1528
534 1938
535 442
536 2776
537 2930
538 2778
539 2936
540 2030
541 814
542 1085
543 2611
544 2665
545 2903
546 1162
547 1159
548 1246
549 142
550 1104
551 2398
552 1967
553 1688
554 1360
555 695
556 2379
557 2159
558 1935
559 2518
560 515
561 1022
562 2295
563 408
564 1265
565 792
566 313
567 1812
568 1937
569 2979
570 1574
571 1923
572 1569
573 648
574 2850
575 195
576 920
577 129
578 2225
579 1400
580 2132
581 2276
582 267
583 1024
584 391
585 1840
586 359
587 1824
588 1842
589 2035
590 371
591 778
592 91
593 1181
594 1842
595 196
596 1063
597 2001
598 2135
599 598
600 2077
601 1340
602 2399
603 1439
604 607
605 1682
606 1870
607 215
608 2854
609 1699
610 913
611 158
612 2200
613 1259
614 1002
615 226
616 2
617 651
618 1443
619 1435
620 125
621 690
622 1294
623 2470
624 611
625 1628
626 1995
627 1683
628 2245
629 2768
630 448
631 1897
632 1756
633 185
634 1727
635 393
636 760
637 1618
638 1506
639 532
640 2484
641 1544
642 1387
643 2675
644 2130
645 947
646 2338
647 547
648 2281
649 1750
650 1057
651 2825
652 1219
653 356
654 1349
655 1746
656 2323
657 2227
658 1610
659 1507
660 599
661 1854
662 2843
663 2356
664 487
665 280
666 2447
667 1255
668 1574
669 2178
670 1396
671 150
672 976
673 1766
674 735
675 177
676 874
677 1809
678 1625
679 439
680 1860
681 1337
682 2956
683 2859
684 2954
685 1413
686 1004
687 2936
688 1814
689 2195
690 1333
691 2804
692 98
693 1187
694 2058
695 1114
696 1976
697 2751
698 571
699 1758
700 662
701 395
702 1345
703 2740
704 346
705 476
706 2692
707 1367
708 703
709 1037
710 1930
711 2811
712 1576
713 1106
714 1231
715 799
716 1693
717 2427
718 505
719 1407
720 1982
721 66
722 559
723 613
724 2795
725 1432
726 401
727 2384
728 2088
729 310
730 1863
731 802
732 1688
733 880
734 390
735 2166
736 625
737 1039
738 1474
739 1081
740 86
741 185
742 2013
743 452
744 1593
745 336
746 2330
747 2351
748 2570
749 96
750 1159
751 2898
752 2928
753 1928
754 2592
755 161
756 1592
757 2870
758 1588
759 2618
760 586
761 833
762 2918
763 1635
764 773
765 2501
766 2636
767 781
768 1157
769 2585
770 647
771 1484
772 2293
773 433
774 611
775 2376
776 650
777 2453
778 899
779 247
780 2635
781 2145
782 650
783 1324
784 2057
785 2901
786 142
787 164
788 2611
789 1835
790 431
791 722
792 1415
793 140
794 1295
795 435
796 2868
797 2020
798 1923
799 2709
800 2631
801 653
802 928
803 561
804 2387
805 2435
806 1318
807 521
808 2198
809 1444
810 772
811 1738
812 803
813 444
814 1039
815 1944
816 2986
817 1974
818 2780
819 2575
820 2838
821 2338
822 852
823 1379
824 279
825 573
826 2983
827 2539
828 1019
829 142
830 108
831 31
832 2466
833 1434
834 2179
835 2541
836 289
837 856
838 2921
839 411
840 1859
841 575

