784 28
0 583
1 2070
2 1781
3 1772
4 244
5 525
6 491
7 1886
8 1214
9 1014
10 865
11 2420
12 1620
13 1256
14 2921
15 2374
16 2085
17 1350
18 2740
19 2120
20 472
21 2508
22 193
23 228
24 2292
25 2520
26 645
27 2738
28 527
29 331
30 2599
31 288
32 2456
33 2466
34 699
35 2641
36 349
37 287
38 2228
39 13
40 1244
41 5
42 748
43 1133
44 1946
45 2069
46 1906
47 2895
48 180
49 2921
50 2457
51 459
52 1542
53 574
54 1137
55 1382
56 348
57 2664
58 2054
59 1425
60 202
61 1507
62 2335
63 145
64 929
65 2142
66 2720
67 534
68 1174
69 344
70 1159
71 647
72 734
73 732
74 565
75 1862
76 49
77 1538
78 1461
79 953
80 2690
81 913
82 728
83 2825
84 849
85 1294
86 679
87 95
88 2331
89 2900
90 2583
91 21
92 2780
93 2904
94 1630
95 2347
96 1915
97 227
98 711
99 2561
100 1685
101 1856
102 166
103 1169
104 2517
105 1975
106 766
107 2819
108 1898
109 777
110 2832
111 2073
112 1293
113 2826
114 1888
115 844
116 719
117 1150
118 2534
119 1611
120 1863
121 2337
122 1815
123 1116
124 55
125 346
126 222
127 2219
128 1974
129 1411
130 2090
131 2321
132 1068
133 2572
134 1243
135 1775
136 673
137 497
138 877
139 2813
140 1897
141 2327
142 1078
143 56
144 2355
145 971
146 366
147 2173
148 2566
149 2586
150 2896
151 2803
152 2677
153 1006
154 303
155 2467
156 51
157 1022
158 834
159 587
160 294
161 2684
162 1544
163 1790
164 950
165 1155
166 956
167 7
168 940
169 119
170 1465
171 1701
172 1112
173 463
174 2671
175 302
176 1491
177 1480
178 2644
179 1472
180 2304
181 107
182 2053
183 2761
184 241
185 1873
186 580
187 822
188 1640
189 2413
190 2694
191 1170
192 2916
193 1605
194 646
195 1505
196 2753
197 1429
198 2562
199 1344
200 687
201 1534
202 1772
203 936
204 150
205 2366
206 1684
207 2619
208 1804
209 271
210 2439
211 1258
212 1435
213 1089
214 2668
215 499
216 2042
217 1980
218 20
219 1190
220 2760
221 510
222 1337
223 2654
224 1655
225 2859
226 1560
227 422
228 1246
229 896
230 1879
231 2751
232 933
233 226
234 2076
235 320
236 999
237 999
238 544
239 1642
240 1334
241 1418
242 2992
243 2433
244 1809
245 928
246 2668
247 404
248 1502
249 801
250 861
251 2013
252 2567
253 58
254 1907
255 1207
256 1315
257 102
258 1641
259 2194
260 1191
261 2313
262 2130
263 2165
264 1264
265 149
266 1775
267 1898
268 1069
269 481
270 283
271 2558
272 1271
273 2598
274 259
275 424
276 546
277 606
278 349
279 2190
280 2367
281 180
282 301
283 1801
284 1845
285 808
286 10
287 161
288 583
289 445
290 2840
291 1228
292 2220
293 288
294 2582
295 2026
296 900
297 2126
298 1411
299 2906
300 932
301 1027
302 919
303 2949
304 14
305 1253
306 2151
307 720
308 2291
309 776
310 1598
311 254
312 2711
313 2417
314 850
315 1202
316 1853
317 1375
318 2403
319 2213
320 579
321 1357
322 1748
323 1346
324 1201
325 2550
326 373
327 442
328 2747
329 2293
330 1151
331 1086
332 1277
333 225
334 913
335 1769
336 267
337 1386
338 268
339 1653
340 165
341 263
342 2091
343 2021
344 1740
345 1621
346 647
347 37
348 1400
349 2656
350 1494
351 1388
352 1991
353 624
354 764
355 1681
356 919
357 1316
358 2202
359 2916
360 718
361 1671
362 2542
363 2461
364 1538
365 964
366 2688
367 1302
368 1908
369 2823
370 1374
371 1414
372 943
373 1903
374 2314
375 1262
376 2696
377 2871
378 2059
379 2387
380 2900
381 2974
382 303
383 535
384 1462
385 1074
386 2145
387 1818
388 2598
389 669
390 337
391 1447
392 964
393 2987
394 975
395 2876
396 2859
397 397
398 178
399 1630
400 2477
401 2955
402 2766
403 2329
404 2636
405 2447
406 452
407 977
408 99
409 1630
410 756
411 2061
412 206
413 1867
414 2689
415 1466
416 2452
417 184
418 177
419 1171
420 2675
421 2044
422 964
423 60
424 1069
425 2148
426 1255
427 2761
428 2020
429 172
430 1108
431 71
432 172
433 2010
434 329
435 2681
436 1427
437 2559
438 1169
439 2172
440 608
441 299
442 538
443 547
444 720
445 757
446 360
447 1797
448 347
449 153
450 2081
451 713
452 2790
453 2792
454 2899
455 1727
456 466
457 464
458 130
459 2158
460 2229
461 178
462 725
463 2535
464 2181
465 581
466 461
467 1824
468 1826
469 2643
470 1918
471 890
472 1953
473 1857
474 1175
475 2961
476 2391
477 2029
478 1588
479 2801
480 2441
481 1118
482 2783
483 819
484 2872
485 1794
486 1474
487 1254
488 1892
489 878
490 2270
491 1498
492 1975
493 2108
494 2364
495 146
496 1801
497 1670
498 2772
499 360
500 2883
501 2790
502 1297
503 2024
504 916
505 2109
506 794
507 270
508 664
509 1571
510 120
511 1464
512 2018
513 139
514 974
515 2461
516 1137
517 2350
518 400
519 919
520 1121
521 2773
522 1365
523 2527
524 2219
525 2874
526 2121
527 257
528 1809
529 1031
530 2127
531 50
532 2002
533 360
534 2489
535 352
536 1126
537 1858
538 2453
539 1756
540 950
541 2085
542 1050
543 2129
544 1830
545 2388
546 2315
547 2998
548 828
549 802
550 1495
551 1584
552 1965
553 2899
554 575
555 2860
556 2395
557 747
558 1419
559 1850
560 1860
561 1941
562 1271
563 2827
564 274
565 284
566 1274
567 1235
568 104
569 2766
570 102
571 2877
572 2763
573 162
574 1755
575 2090
576 2880
577 832
578 2722
579 2932
580 938
581 1995
582 2089
583 1513
584 2922
585 1082
586 1624
587 2625
588 2778
589 1737
590 1572
591 2446
592 1007
593 2411
594 1464
595 1367
596 668
597 1737
598 1518
599 2737
600 2651
601 1333
602 1024
603 1142
604 1192
605 1416
606 1667
607 1616
608 13
609 867
610 2956
611 881
612 1588
613 1164
614 1996
615 1094
616 1820
617 2000
618 1020
619 634
620 2477
621 589
622 1102
623 545
624 2175
625 486
626 398
627 1
628 735
629 1565
630 560
631 2867
632 2890
633 2481
634 66
635 1052
636 2839
637 2197
638 161
639 1825
640 381
641 1821
642 554
643 1476
644 2500
645 539
646 121
647 1474
648 2714
649 593
650 1052
651 1484
652 1214
653 2836
654 482
655 542
656 100
657 2567
658 2107
659 536
660 2599
661 1827
662 2488
663 2266
664 1661
665 1200
666 2270
667 1959
668 1731
669 1601
670 1647
671 890
672 1660
673 38
674 2125
675 783
676 1836
677 2755
678 1631
679 1477
680 2708
681 77
682 1557
683 2472
684 2906
685 2118
686 5
687 2329
688 1501
689 2849
690 1493
691 1985
692 1234
693 2562
694 1178
695 1690
696 2182
697 435
698 785
699 709
700 1400
701 622
702 1585
703 614
704 1319
705 1292
706 2949
707 2110
708 1156
709 2655
710 765
711 1192
712 2990
713 21
714 255
715 586
716 1974
717 2399
718 1428
719 2255
720 562
721 2741
722 2579
723 1358
724 1796
725 2062
726 2578
727 2437
728 974
729 1706
730 2234
731 2626
732 1765
733 470
734 713
735 2776
736 110
737 1040
738 2175
739 433
740 2568
741 1425
742 2170
743 2643
744 178
745 1114
746 2047
747 2088
748 627
749 1893
750 2391
751 223
752 2991
753 2174
754 908
755 388
756 769
757 1786
758 2892
759 1914
760 2500
761 2919
762 1943
763 397
764 147
765 184
766 146
767 846
768 2821
769 2842
770 2792
771 1414
772 1587
773 1266
774 410
775 598
776 2172
777 1251
778 2740
779 492
780 800
781 677
782 1313
783 1387

