520 62
0 1593
1 2356
2 959
3 1207
4 2156
5 1782
6 207
7 2610
8 763
9 28
10 349
11 67
12 2476
13 970
14 1818
15 666
16 455
17 900
18 689
19 464
20 2953
21 1489
22 2738
23 2292
24 1119
25 1568
26 1265
27 1414
28 2731
29 2859
30 1830
31 2708
32 867
33 2462
34 1671
35 2929
36 1163
37 1825
38 2874
39 1950
40 703
41 1128
42 1782
43 2617
44 1176
45 1841
46 2063
47 564
48 2329
49 326
50 2475
51 509
52 911
53 291
54 2259
55 936
56 743
57 735
58 1648
59 1357
60 496
61 1539
62 1373
63 1940
64 1559
65 2420
66 1694
67 2559
68 2859
69 710
70 398
71 2397
72 2053
73 1192
74 796
75 1753
76 1131
77 1353
78 2835
79 1831
80 248
81 1651
82 1711
83 2986
84 2527
85 335
86 2919
87 1573
88 182
89 2772
90 1820
91 408
92 360
93 1643
94 227
95 1015
96 908
97 1709
98 1679
99 95
100 833
101 20
102 976
103 1683
104 2756
105 469
106 390
107 572
108 722
109 1368
110 2084
111 2005
112 1992
113 1284
114 49
115 1658
116 1521
117 1304
118 1322
119 2597
120 2462
121 2379
122 322
123 2854
124 2864
125 2215
126 2738
127 2764
128 1950
129 1091
130 1684
131 764
132 988
133 2874
134 2756
135 560
136 2457
137 1906
138 2889
139 2083
140 1005
141 427
142 964
143 1414
144 2170
145 2893
146 143
147 113
148 2975
149 402
150 1713
151 1530
152 1971
153 1890
154 59
155 2956
156 212
157 2448
158 2755
159 1296
160 1917
161 50
162 72
163 2507
164 2332
165 1725
166 472
167 97
168 1140
169 277
170 213
171 438
172 1055
173 1322
174 849
175 2848
176 1509
177 2466
178 959
179 2536
180 1204
181 2827
182 1534
183 2880
184 623
185 1806
186 2595
187 2980
188 2162
189 355
190 2494
191 474
192 2519
193 1743
194 1880
195 2329
196 2419
197 1910
198 789
199 1480
200 1763
201 2747
202 2310
203 2781
204 1575
205 1858
206 310
207 2190
208 2093
209 87
210 2966
211 2095
212 1097
213 2180
214 2658
215 1879
216 1891
217 2634
218 577
219 2001
220 2832
221 1774
222 1587
223 1785
224 1453
225 2233
226 1072
227 2746
228 60
229 2837
230 2662
231 1768
232 85
233 584
234 2749
235 622
236 930
237 2486
238 2639
239 2267
240 1208
241 2303
242 1046
243 2748
244 1285
245 2093
246 270
247 659
248 2567
249 2396
250 677
251 850
252 1846
253 35
254 2943
255 1618
256 2230
257 2691
258 515
259 1021
260 2033
261 1625
262 96
263 1120
264 1642
265 823
266 1386
267 2079
268 2199
269 938
270 2489
271 135
272 751
273 1648
274 310
275 2737
276 516
277 2223
278 1389
279 1553
280 1140
281 1567
282 1660
283 1382
284 815
285 8
286 2892
287 1289
288 2994
289 2912
290 2410
291 2347
292 96
293 165
294 1438
295 2516
296 1202
297 575
298 1126
299 1275
300 372
301 2089
302 1041
303 2863
304 2286
305 1301
306 2806
307 1833
308 442
309 524
310 2188
311 1631
312 2302
313 1226
314 2032
315 87
316 527
317 208
318 1442
319 2571
320 2849
321 2675
322 375
323 2778
324 2116
325 2679
326 1326
327 2834
328 1028
329 2657
330 1614
331 2822
332 567
333 2522
334 979
335 1935
336 73
337 957
338 1131
339 1093
340 2169
341 2127
342 1369
343 904
344 1568
345 1036
346 396
347 1942
348 2533
349 353
350 2131
351 1048
352 545
353 1502
354 2750
355 2727
356 1284
357 811
358 463
359 1000
360 1528
361 2779
362 2593
363 1424
364 2876
365 2531
366 2268
367 2605
368 1335
369 2528
370 2274
371 2390
372 856
373 951
374 2402
375 1421
376 1410
377 2364
378 1520
379 1951
380 1447
381 2491
382 462
383 1121
384 674
385 871
386 1562
387 219
388 2080
389 1882
390 1117
391 242
392 2492
393 2750
394 2883
395 1854
396 1349
397 1660
398 1362
399 780
400 2161
401 2716
402 252
403 1183
404 844
405 1545
406 1843
407 891
408 2383
409 2396
410 1151
411 2593
412 1488
413 2101
414 1411
415 1820
416 337
417 288
418 2450
419 236
420 2961
421 209
422 350
423 1543
424 25
425 1414
426 1719
427 1844
428 1263
429 2685
430 1862
431 1267
432 74
433 2386
434 1394
435 1026
436 1955
437 2830
438 2370
439 826
440 497
441 1932
442 326
443 1716
444 1976
445 2843
446 2963
447 1309
448 728
449 666
450 1414
451 558
452 1975
453 2222
454 2790
455 2447
456 1003
457 1373
458 506
459 1514
460 2048
461 2462
462 874
463 286
464 1356
465 2733
466 2302
467 1612
468 1722
469 608
470 2164
471 2162
472 1240
473 402
474 2045
475 2307
476 1924
477 2948
478 2464
479 805
480 2492
481 285
482 2685
483 2781
484 140
485 2483
486 2011
487 421
488 1578
489 2024
490 842
491 2773
492 116
493 1444
494 363
495 1346
496 682
497 1670
498 1854
499 593
500 1908
501 2870
502 423
503 2127
504 1849
505 402
506 1227
507 809
508 1568
509 1796
510 891
511 1481
512 2656
513 1755
514 2037
515 1007
516 2438
517 81
518 688
519 677

