856 92
0 628
1 1750
2 1535
3 2554
4 586
5 54
6 1725
7 1109
8 1239
9 1697
10 1524
11 2684
12 1395
13 2577
14 1884
15 1982
16 1907
17 1536
18 2893
19 2
20 1728
21 1754
22 904
23 1005
24 1348
25 895
26 1996
27 1445
28 1116
29 120
30 1616
31 1753
32 1625
33 2933
34 1796
35 1828
36 1240
37 1842
38 1554
39 1025
40 1914
41 664
42 1795
43 749
44 614
45 1091
46 2821
47 1698
48 1866
49 2781
50 1478
51 2198
52 2026
53 2531
54 2245
55 2122
56 2021
57 2915
58 1596
59 2892
60 2211
61 1973
62 1417
63 2609
64 2877
65 504
66 1668
67 2414
68 141
69 2415
70 2066
71 1463
72 2903
73 1043
74 1462
75 2429
76 142
77 1226
78 1234
79 1911
80 2918
81 855
82 345
83 945
84 2289
85 1896
86 1051
87 1083
88 2648
89 2239
90 454
91 454
92 1704
93 2667
94 2677
95 716
96 2339
97 2841
98 2236
99 1505
100 1904
101 2464
102 1939
103 834
104 1803
105 433
106 2356
107 888
108 1419
109 2783
110 1907
111 400
112 1066
113 1153
114 2282
115 2873
116 2881
117 211
118 2339
119 2504
120 1836
121 2010
122 480
123 1496
124 1452
125 2539
126 2095
127 184
128 2214
129 899
130 226
131 1198
132 515
133 133
134 2079
135 2703
136 103
137 861
138 1631
139 2100
140 1283
141 1870
142 134
143 1207
144 2504
145 1941
146 2367
147 584
148 2331
149 972
150 2396
151 1234
152 1681
153 743
154 462
155 1392
156 683
157 1058
158 1863
159 1514
160 988
161 2917
162 2902
163 1197
164 1466
165 358
166 1380
167 1208
168 1238
169 1438
170 1656
171 43
172 1116
173 648
174 2289
175 2672
176 1541
177 725
178 230
179 2180
180 2412
181 1959
182 1415
183 2130
184 544
185 1757
186 1531
187 840
188 2308
189 2722
190 1758
191 2409
192 1535
193 1205
194 2377
195 1582
196 284
197 2488
198 1912
199 2076
200 1791
201 1320
202 1265
203 609
204 1029
205 2302
206 801
207 532
208 1746
209 2595
210 1482
211 512
212 2861
213 691
214 1560
215 2218
216 792
217 693
218 2303
219 70
220 2080
221 1873
222 233
223 926
224 171
225 400
226 1917
227 864
228 1328
229 2888
230 958
231 1069
232 2128
233 141
234 2809
235 1818
236 2422
237 2400
238 866
239 679
240 737
241 1191
242 2190
243 261
244 5
245 1862
246 583
247 1614
248 407
249 417
250 1707
251 197
252 2610
253 2910
254 71
255 40
256 1801
257 2993
258 217
259 2760
260 620
261 2373
262 2446
263 476
264 712
265 569
266 47
267 2759
268 2598
269 1644
270 236
271 720
272 116
273 1852
274 2814
275 132
276 2252
277 2387
278 2952
279 391
280 1048
281 2100
282 133
283 1037
284 1512
285 413
286 2742
287 737
288 559
289 871
290 1511
291 1167
292 1478
293 1991
294 295
295 1031
296 2759
297 1573
298 514
299 1478
300 2825
301 2817
302 1122
303 45
304 2086
305 1040
306 2142
307 1632
308 2111
309 904
310 1556
311 1944
312 1849
313 2968
314 2932
315 1968
316 1507
317 1907
318 43
319 1702
320 1951
321 1927
322 2893
323 2688
324 1047
325 2446
326 2751
327 1938
328 2672
329 2134
330 818
331 1486
332 2815
333 487
334 778
335 1800
336 790
337 2405
338 1583
339 1245
340 426
341 766
342 613
343 1267
344 2575
345 2279
346 205
347 1986
348 218
349 198
350 1509
351 1490
352 1528
353 2905
354 1629
355 1654
356 1823
357 1230
358 1561
359 2332
360 1780
361 113
362 1541
363 1185
364 2086
365 1597
366 1971
367 331
368 1725
369 2824
370 2144
371 1206
372 2165
373 2770
374 1307
375 632
376 2687
377 2531
378 2454
379 2340
380 280
381 317
382 932
383 1742
384 1735
385 2924
386 2416
387 666
388 2166
389 1145
390 660
391 2014
392 1041
393 2797
394 2434
395 2959
396 2236
397 547
398 2860
399 894
400 995
401 603
402 1689
403 2551
404 1475
405 1277
406 2056
407 2938
408 743
409 945
410 2479
411 1758
412 2686
413 2771
414 203
415 2668
416 1955
417 2995
418 1587
419 883
420 2522
421 1441
422 1377
423 1937
424 770
425 309
426 2140
427 2460
428 1785
429 1101
430 2382
431 2182
432 1457
433 2591
434 459
435 979
436 1008
437 1045
438 1748
439 384
440 2500
441 1397
442 1175
443 833
444 1889
445 1202
446 2393
447 784
448 667
449 2256
450 1983
451 2942
452 2156
453 871
454 2962
455 279
456 2580
457 209
458 510
459 729
460 2025
461 282
462 1113
463 1104
464 618
465 1881
466 1478
467 1400
468 2864
469 1218
470 2216
471 1590
472 456
473 2807
474 1600
475 2634
476 1349
477 512
478 1412
479 1336
480 2529
481 159
482 2711
483 55
484 311
485 521
486 1523
487 341
488 1802
489 2866
490 2582
491 630
492 2635
493 1295
494 2364
495 2950
496 2144
497 711
498 52
499 1932
500 1156
501 785
502 2072
503 271
504 1359
505 2530
506 1515
507 691
508 552
509 2603
510 2556
511 2588
512 2949
513 972
514 2572
515 437
516 1724
517 1843
518 1698
519 1930
520 2275
521 2727
522 424
523 2461
524 1427
525 2318
526 749
527 88
528 81
529 341
530 2720
531 684
532 2572
533 1415
534 2761
535 338
536 1467
537 1102
538 126
539 237
540 2017
541 2558
542 1969
543 61
544 1858
545 2620
546 2843
547 1179
548 564
549 2949
550 2535
551 1999
552 1195
553 97
554 2230
555 1348
556 859
557 168
558 2325
559 1176
560 602
561 1323
562 2688
563 699
564 2185
565 1063
566 475
567 2560
568 948
569 988
570 1783
571 635
572 2065
573 1561
574 40
575 1642
576 1086
577 2963
578 58
579 1409
580 351
581 1773
582 1190
583 201
584 1799
585 472
586 2008
587 2968
588 1824
589 325
590 2878
591 2684
592 2929
593 860
594 2539
595 1360
596 533
597 2932
598 1176
599 2200
600 460
601 2075
602 2187
603 110
604 25
605 111
606 2818
607 2507
608 1937
609 1093
610 2136
611 2343
612 1525
613 1024
614 2330
615 176
616 2511
617 1773
618 854
619 1092
620 1538
621 1854
622 870
623 147
624 348
625 1852
626 2958
627 2046
628 1779
629 2308
630 2305
631 129
632 2814
633 198
634 1482
635 1060
636 868
637 2827
638 2485
639 1438
640 162
641 370
642 124
643 2998
644 803
645 922
646 2327
647 2666
648 215
649 2365
650 1825
651 2199
652 767
653 1496
654 2578
655 1882
656 251
657 882
658 1842
659 2026
660 622
661 2042
662 2313
663 957
664 586
665 259
666 531
667 1025
668 840
669 2523
670 1563
671 2960
672 2775
673 249
674 1561
675 1519
676 2388
677 1644
678 209
679 265
680 1488
681 220
682 2118
683 1675
684 1599
685 45
686 2156
687 1276
688 2777
689 920
690 2269
691 1680
692 1603
693 321
694 2750
695 1962
696 2231
697 2937
698 317
699 2926
700 2835
701 1903
702 1231
703 1676
704 1554
705 1247
706 1744
707 1745
708 1570
709 647
710 1579
711 735
712 295
713 2270
714 2189
715 900
716 56
717 1257
718 1718
719 1506
720 1489
721 192
722 968
723 1688
724 2545
725 1534
726 162
727 2310
728 2143
729 1798
730 898
731 2901
732 1032
733 1844
734 1034
735 352
736 1498
737 1606
738 656
739 531
740 1578
741 3
742 2900
743 1050
744 702
745 839
746 1324
747 982
748 554
749 2197
750 739
751 2053
752 2766
753 2083
754 1535
755 2086
756 2882
757 439
758 345
759 1933
760 984
761 1507
762 608
763 1976
764 94
765 949
766 1307
767 873
768 552
769 1319
770 639
771 1275
772 1756
773 2608
774 1094
775 1565
776 2822
777 2578
778 59
779 1673
780 2276
781 1640
782 2586
783 132
784 1776
785 136
786 2866
787 2848
788 2773
789 310
790 2556
791 1929
792 1662
793 2110
794 1576
795 1830
796 2032
797 1289
798 48
799 720
800 110
801 1059
802 1530
803 1365
804 129
805 886
806 1287
807 1188
808 2339
809 2071
810 2833
811 754
812 431
813 2523
814 1073
815 2394
816 1223
817 1302
818 2825
819 2747
820 718
821 1840
822 849
823 139
824 2411
825 1834
826 599
827 1895
828 2602
829 1742
830 1168
831 2421
832 2343
833 2848
834 2767
835 1939
836 1824
837 1985
838 1693
839 1478
840 2315
841 200
842 472
843 1904
844 724
845 1006
846 1103
847 127
848 1995
849 58
850 1421
851 252
852 2548
853 1079
854 25
855 549

