429 76
0 1671
1 477
2 272
3 1110
4 648
5 2728
6 1565
7 1086
8 990
9 871
10 1434
11 2585
12 2217
13 962
14 791
15 82
16 477
17 2458
18 2652
19 2753
20 2290
21 823
22 856
23 1
24 1450
25 2821
26 2982
27 1050
28 2283
29 1342
30 2507
31 1771
32 2787
33 2184
34 2883
35 1457
36 334
37 548
38 525
39 1557
40 1443
41 1165
42 1389
43 23
44 1177
45 1061
46 1089
47 1383
48 65
49 2344
50 1050
51 1586
52 434
53 1018
54 2552
55 521
56 533
57 2393
58 834
59 217
60 271
61 2210
62 999
63 913
64 1016
65 2307
66 136
67 69
68 2385
69 1889
70 1259
71 1926
72 2643
73 1321
74 526
75 305
76 348
77 1327
78 612
79 1492
80 2061
81 1237
82 664
83 2216
84 2505
85 39
86 2912
87 151
88 94
89 210
90 1103
91 2764
92 1459
93 634
94 913
95 1357
96 216
97 2525
98 2286
99 1453
100 128
101 1549
102 2535
103 2221
104 2538
105 334
106 2410
107 692
108 547
109 131
110 2880
111 466
112 1369
113 17
114 392
115 1433
116 680
117 1373
118 2150
119 247
120 1651
121 1654
122 2999
123 1061
124 2651
125 2435
126 1453
127 213
128 1044
129 170
130 2313
131 48
132 2564
133 558
134 2180
135 1951
136 2850
137 2002
138 619
139 2805
140 1303
141 2208
142 236
143 2561
144 959
145 157
146 455
147 852
148 923
149 1434
150 164
151 1007
152 2616
153 2205
154 2635
155 581
156 1088
157 1782
158 1292
159 2411
160 1114
161 491
162 1446
163 1333
164 1669
165 2314
166 1926
167 2770
168 989
169 2071
170 1557
171 2737
172 501
173 138
174 1902
175 1554
176 1426
177 2863
178 2504
179 493
180 2059
181 437
182 1185
183 1796
184 628
185 2831
186 982
187 1545
188 2225
189 1878
190 2016
191 759
192 2672
193 793
194 2617
195 2294
196 116
197 1516
198 2546
199 916
200 2381
201 538
202 1868
203 2713
204 2909
205 1268
206 2688
207 2217
208 861
209 1604
210 1440
211 463
212 1953
213 719
214 373
215 2424
216 2038
217 2118
218 688
219 1162
220 948
221 1512
222 2502
223 840
224 1035
225 1322
226 598
227 1832
228 2943
229 2046
230 1339
231 156
232 185
233 2721
234 2454
235 1648
236 804
237 1582
238 84
239 1228
240 2554
241 2303
242 888
243 2528
244 1182
245 1078
246 784
247 2036
248 964
249 1556
250 179
251 1233
252 552
253 156
254 641
255 63
256 1191
257 2914
258 1862
259 969
260 2936
261 1843
262 2652
263 1776
264 2216
265 2955
266 2262
267 527
268 1638
269 2358
270 1023
271 1935
272 2508
273 2813
274 1508
275 1480
276 676
277 1147
278 1407
279 618
280 2658
281 2167
282 1416
283 1576
284 2856
285 2600
286 698
287 2361
288 1433
289 2811
290 2148
291 56
292 2728
293 573
294 2478
295 491
296 1518
297 816
298 1328
299 2083
300 2583
301 280
302 1169
303 2561
304 841
305 2999
306 230
307 1858
308 279
309 432
310 1794
311 1845
312 2207
313 1179
314 1400
315 306
316 133
317 1413
318 1943
319 1554
320 2227
321 2646
322 2163
323 2849
324 1338
325 106
326 208
327 2298
328 1182
329 2029
330 138
331 70
332 1090
333 685
334 2322
335 2340
336 2073
337 1722
338 1806
339 1505
340 2711
341 2997
342 2387
343 1894
344 1411
345 826
346 581
347 538
348 1122
349 2555
350 1543
351 2920
352 1290
353 667
354 2422
355 2176
356 591
357 910
358 2905
359 2248
360 1776
361 2538
362 2229
363 2287
364 1067
365 1095
366 2010
367 387
368 1821
369 590
370 2242
371 2620
372 757
373 480
374 2765
375 1046
376 536
377 1830
378 186
379 375
380 1672
381 1468
382 2076
383 1698
384 2855
385 1699
386 1240
387 2352
388 2640
389 1489
390 136
391 636
392 2895
393 945
394 1035
395 2849
396 1056
397 2392
398 2864
399 28
400 1290
401 372
402 773
403 2132
404 571
405 813
406 1944
407 774
408 2287
409 1302
410 2090
411 2808
412 1225
413 1824
414 215
415 1529
416 2542
417 2083
418 1042
419 1593
420 2017
421 343
422 1286
423 46
424 1446
425 2509
426 1562
427 289
428 1659

