82 15
0 1594
1 207
2 917
3 1477
4 1213
5 514
6 1639
7 2037
8 1977
9 1462
10 836
11 1529
12 1217
13 1220
14 891
15 2222
16 2754
17 1010
18 529
19 137
20 211
21 705
22 2368
23 1085
24 1304
25 2633
26 349
27 96
28 2290
29 2346
30 2566
31 1452
32 1236
33 2995
34 82
35 108
36 735
37 1479
38 2868
39 2306
40 275
41 857
42 2286
43 1243
44 2297
45 897
46 2567
47 948
48 2536
49 2493
50 2901
51 259
52 606
53 607
54 2865
55 2575
56 2582
57 1237
58 215
59 615
60 16
61 1492
62 1652
63 1695
64 644
65 471
66 715
67 2943
68 266
69 159
70 576
71 1774
72 2875
73 808
74 2123
75 1191
76 460
77 1231
78 990
79 2244
80 2677
81 1181

