613 85
0 2565
1 1568
2 1145
3 372
4 325
5 1301
6 2628
7 790
8 1571
9 1947
10 160
11 595
12 1640
13 883
14 1801
15 1827
16 2147
17 665
18 6
19 1795
20 2768
21 1688
22 932
23 759
24 2184
25 1520
26 770
27 2212
28 1411
29 288
30 2151
31 1600
32 378
33 2242
34 2404
35 316
36 418
37 2801
38 638
39 2986
40 969
41 305
42 1036
43 1174
44 2341
45 1293
46 1727
47 2467
48 1024
49 750
50 106
51 287
52 146
53 480
54 1070
55 713
56 2788
57 1269
58 1465
59 2594
60 569
61 1356
62 1829
63 110
64 1895
65 1009
66 2373
67 1851
68 1233
69 2624
70 2266
71 308
72 397
73 314
74 2079
75 1601
76 997
77 2603
78 2592
79 2188
80 384
81 1006
82 2082
83 2867
84 2195
85 259
86 1351
87 1158
88 917
89 983
90 350
91 1637
92 2603
93 757
94 2601
95 1896
96 2294
97 834
98 1317
99 1671
100 1250
101 2374
102 1345
103 290
104 338
105 2946
106 1244
107 1491
108 1984
109 2746
110 223
111 1668
112 2919
113 2261
114 2966
115 1694
116 384
117 2547
118 2400
119 2764
120 2301
121 2241
122 1893
123 2762
124 1911
125 1584
126 2060
127 1859
128 587
129 2635
130 262
131 884
132 1975
133 2339
134 2058
135 1107
136 2121
137 716
138 258
139 366
140 640
141 1933
142 2837
143 2973
144 2717
145 2840
146 2543
147 1142
148 1060
149 2568
150 2852
151 1472
152 2022
153 2044
154 789
155 653
156 553
157 390
158 233
159 469
160 2872
161 2626
162 685
163 2082
164 948
165 1371
166 2344
167 1137
168 1849
169 2951
170 1321
171 2949
172 658
173 2361
174 2296
175 2524
176 1470
177 2659
178 1955
179 818
180 2555
181 2994
182 2989
183 197
184 466
185 2505
186 2342
187 2330
188 2781
189 2654
190 598
191 9
192 244
193 492
194 1046
195 996
196 589
197 1923
198 574
199 1710
200 2229
201 768
202 2917
203 2932
204 1003
205 88
206 2169
207 2614
208 2136
209 1485
210 2259
211 2969
212 301
213 2852
214 683
215 131
216 256
217 1336
218 1929
219 132
220 1083
221 2827
222 1739
223 1484
224 2356
225 661
226 1184
227 9
228 2675
229 1257
230 1347
231 1232
232 2167
233 493
234 981
235 1141
236 950
237 1717
238 2319
239 2138
240 409
241 1222
242 1518
243 2854
244 403
245 2011
246 1752
247 710
248 1408
249 2786
250 802
251 2223
252 1645
253 408
254 2698
255 1901
256 1964
257 81
258 1685
259 2552
260 161
261 646
262 1922
263 1764
264 1536
265 1061
266 665
267 2037
268 1940
269 502
270 1964
271 2080
272 1133
273 2739
274 401
275 996
276 1159
277 1387
278 1558
279 2595
280 2998
281 252
282 636
283 174
284 119
285 197
286 2410
287 1553
288 323
289 601
290 1312
291 1922
292 2908
293 245
294 1102
295 399
296 765
297 1525
298 1108
299 159
300 2410
301 374
302 2607
303 2920
304 1717
305 2169
306 2778
307 568
308 923
309 731
310 330
311 1452
312 781
313 1335
314 44
315 1791
316 2720
317 1707
318 1498
319 311
320 2215
321 1262
322 2946
323 731
324 2329
325 1566
326 276
327 223
328 719
329 511
330 289
331 364
332 1088
333 831
334 365
335 39
336 1141
337 2659
338 2248
339 1093
340 1844
341 685
342 1470
343 1888
344 1334
345 2623
346 1541
347 2454
348 1387
349 2074
350 1501
351 614
352 1115
353 2758
354 201
355 823
356 1081
357 1095
358 989
359 931
360 1635
361 1618
362 1137
363 346
364 78
365 2543
366 1067
367 1928
368 1211
369 1994
370 2945
371 2333
372 395
373 132
374 516
375 1330
376 201
377 522
378 1766
379 1240
380 1760
381 511
382 894
383 1013
384 976
385 1398
386 2914
387 835
388 322
389 534
390 1367
391 2814
392 54
393 816
394 185
395 1366
396 670
397 1934
398 1785
399 1823
400 27
401 1412
402 2573
403 817
404 892
405 2742
406 2308
407 864
408 1489
409 1303
410 324
411 2708
412 1915
413 669
414 1973
415 2617
416 2474
417 1739
418 2761
419 849
420 1227
421 1938
422 1097
423 2507
424 1754
425 2415
426 628
427 952
428 363
429 1860
430 1794
431 2163
432 2409
433 754
434 1250
435 1529
436 1307
437 2276
438 170
439 956
440 1188
441 2824
442 1918
443 255
444 1151
445 2443
446 1025
447 2007
448 1655
449 2865
450 893
451 1123
452 887
453 3000
454 124
455 1283
456 2524
457 1221
458 2503
459 2403
460 2226
461 705
462 1255
463 2566
464 2383
465 1860
466 147
467 396
468 677
469 653
470 1305
471 751
472 989
473 1431
474 407
475 105
476 2564
477 778
478 625
479 867
480 2601
481 434
482 2324
483 1103
484 2724
485 991
486 2477
487 470
488 775
489 1234
490 1250
491 1445
492 2736
493 2301
494 203
495 315
496 789
497 2868
498 1896
499 2188
500 2737
501 1899
502 2284
503 2019
504 439
505 1815
506 903
507 1596
508 156
509 815
510 2126
511 40
512 1800
513 429
514 2103
515 868
516 221
517 589
518 2320
519 393
520 2308
521 164
522 2922
523 567
524 1196
525 1093
526 1298
527 889
528 2095
529 357
530 1328
531 2516
532 1123
533 32
534 2590
535 384
536 514
537 651
538 1767
539 654
540 752
541 2737
542 1506
543 1681
544 1175
545 1953
546 395
547 2178
548 1167
549 555
550 1440
551 2277
552 1326
553 168
554 498
555 2257
556 2837
557 412
558 1421
559 1600
560 2843
561 430
562 2334
563 1835
564 2900
565 1397
566 2837
567 2719
568 2371
569 396
570 1109
571 385
572 2974
573 1918
574 696
575 1039
576 2957
577 32
578 996
579 920
580 1601
581 2444
582 1358
583 358
584 1017
585 1370
586 2988
587 1155
588 175
589 1786
590 1195
591 686
592 492
593 1842
594 1600
595 700
596 447
597 307
598 541
599 2365
600 1140
601 1209
602 1276
603 1312
604 1360
605 660
606 925
607 1991
608 247
609 483
610 1174
611 487
612 287

