426 2
0 734
1 343
2 1870
3 2746
4 2980
5 1575
6 514
7 1797
8 2985
9 641
10 2875
11 1133
12 2792
13 1396
14 179
15 1776
16 2461
17 943
18 1956
19 2656
20 2510
21 2031
22 360
23 2692
24 403
25 375
26 2426
27 1793
28 2205
29 2850
30 154
31 1605
32 1556
33 2816
34 255
35 1200
36 2676
37 888
38 1072
39 2873
40 1524
41 2129
42 2505
43 2967
44 2158
45 1918
46 308
47 1459
48 784
49 2115
50 2764
51 1473
52 2824
53 69
54 564
55 739
56 1246
57 2768
58 2265
59 1816
60 347
61 1962
62 1108
63 1698
64 1036
65 2693
66 823
67 1530
68 781
69 451
70 2707
71 2632
72 2242
73 266
74 305
75 2087
76 1864
77 996
78 1666
79 1486
80 820
81 1985
82 1840
83 770
84 2587
85 1068
86 1769
87 2421
88 110
89 119
90 605
91 716
92 926
93 1911
94 1787
95 2312
96 1972
97 2598
98 839
99 407
100 1217
101 1334
102 680
103 2806
104 1405
105 1130
106 2262
107 729
108 2690
109 935
110 1022
111 1564
112 2199
113 530
114 1555
115 1394
116 1008
117 1367
118 308
119 660
120 2731
121 815
122 1477
123 1546
124 1364
125 1485
126 244
127 916
128 1445
129 782
130 2866
131 1650
132 1300
133 326
134 425
135 1177
136 2079
137 917
138 1930
139 762
140 524
141 1909
142 2613
143 1423
144 428
145 373
146 1815
147 572
148 603
149 1305
150 494
151 2287
152 419
153 2012
154 1373
155 1976
156 2014
157 2584
158 2783
159 1437
160 2364
161 1789
162 2238
163 897
164 1300
165 93
166 125
167 619
168 1987
169 2441
170 2537
171 1893
172 1233
173 1024
174 1830
175 159
176 410
177 1930
178 2314
179 2992
180 1230
181 825
182 1038
183 1655
184 2469
185 934
186 2165
187 649
188 1462
189 2633
190 1552
191 523
192 1439
193 662
194 1368
195 2928
196 2322
197 1244
198 1440
199 1334
200 2882
201 449
202 230
203 718
204 2898
205 2588
206 726
207 98
208 2758
209 1249
210 2246
211 27
212 1276
213 1274
214 2767
215 690
216 1511
217 1446
218 218
219 1666
220 281
221 1043
222 1395
223 2081
224 1719
225 2954
226 1144
227 935
228 1945
229 495
230 1743
231 2998
232 1895
233 1335
234 800
235 804
236 1702
237 267
238 1160
239 175
240 451
241 1668
242 2460
243 1830
244 322
245 2782
246 1299
247 2453
248 360
249 269
250 2691
251 800
252 1406
253 1253
254 204
255 105
256 404
257 1934
258 2541
259 993
260 1826
261 649
262 2971
263 1452
264 1233
265 2683
266 2795
267 1921
268 176
269 2236
270 1373
271 1700
272 1263
273 892
274 1098
275 1629
276 1886
277 474
278 1469
279 1864
280 296
281 1787
282 770
283 1747
284 1526
285 2363
286 937
287 379
288 405
289 2673
290 530
291 8
292 230
293 800
294 97
295 2063
296 1918
297 1157
298 2044
299 340
300 762
301 1024
302 243
303 432
304 809
305 2913
306 1985
307 1577
308 695
309 509
310 240
311 1187
312 2625
313 481
314 793
315 315
316 2401
317 487
318 2764
319 1403
320 2562
321 2855
322 994
323 1050
324 1190
325 845
326 1014
327 2450
328 1421
329 868
330 1264
331 686
332 2820
333 1498
334 1485
335 133
336 1984
337 2092
338 1577
339 2118
340 1245
341 1749
342 2738
343 2328
344 1749
345 1808
346 873
347 2408
348 1335
349 1141
350 724
351 1186
352 639
353 1569
354 563
355 2502
356 82
357 2969
358 1923
359 75
360 2025
361 124
362 417
363 2249
364 168
365 1536
366 115
367 891
368 1990
369 337
370 1038
371 1665
372 518
373 1112
374 1733
375 2048
376 1751
377 353
378 1648
379 1309
380 1500
381 36
382 2146
383 2289
384 1655
385 2884
386 2132
387 711
388 530
389 2182
390 1171
391 1751
392 2
393 2760
394 736
395 2960
396 113
397 218
398 1848
399 1338
400 1879
401 41
402 2670
403 1720
404 2291
405 167
406 2231
407 761
408 2042
409 2359
410 1449
411 1559
412 1457
413 1260
414 256
415 424
416 2431
417 341
418 482
419 1530
420 2356
421 2016
422 671
423 409
424 609
425 2864

