623 9
0 1242
1 2872
2 90
3 1580
4 849
5 253
6 1599
7 2310
8 1154
9 1966
10 2380
11 1199
12 907
13 1076
14 2411
15 251
16 1002
17 753
18 1109
19 2502
20 670
21 1042
22 501
23 2694
24 985
25 2689
26 1824
27 710
28 2861
29 275
30 2865
31 1343
32 2735
33 183
34 1553
35 2403
36 2609
37 1041
38 629
39 1150
40 1979
41 1707
42 2556
43 571
44 612
45 2722
46 2634
47 714
48 963
49 2278
50 1592
51 1304
52 1501
53 88
54 506
55 1280
56 2248
57 946
58 2456
59 1858
60 1231
61 2329
62 2855
63 1729
64 2292
65 1337
66 2640
67 433
68 2799
69 997
70 1175
71 1715
72 1552
73 846
74 2032
75 2998
76 1374
77 654
78 356
79 2709
80 1995
81 1383
82 2298
83 633
84 395
85 537
86 1627
87 1606
88 2167
89 2301
90 1102
91 252
92 2358
93 2729
94 696
95 812
96 220
97 1429
98 2111
99 2257
100 2667
101 2497
102 1829
103 2980
104 811
105 438
106 1990
107 1650
108 770
109 279
110 2814
111 1776
112 540
113 1304
114 1285
115 2798
116 2372
117 635
118 2695
119 653
120 2948
121 957
122 1870
123 1357
124 1285
125 2766
126 1568
127 820
128 2429
129 1072
130 2339
131 2150
132 1935
133 3000
134 2118
135 1584
136 1217
137 1239
138 1424
139 1462
140 2201
141 2924
142 106
143 2870
144 2942
145 700
146 2849
147 2579
148 2824
149 1997
150 2709
151 1259
152 1565
153 322
154 2460
155 228
156 912
157 2190
158 1723
159 1898
160 1285
161 1545
162 2962
163 2929
164 2114
165 1305
166 470
167 1230
168 1112
169 2363
170 1386
171 353
172 2206
173 1294
174 2851
175 184
176 2772
177 1883
178 1426
179 205
180 2428
181 2906
182 248
183 404
184 2922
185 1567
186 1797
187 714
188 1277
189 2474
190 471
191 1890
192 95
193 2591
194 1047
195 2463
196 1172
197 1455
198 2320
199 1753
200 2861
201 2136
202 2946
203 480
204 1704
205 2450
206 592
207 2398
208 2314
209 2741
210 2910
211 1563
212 1402
213 159
214 1453
215 2946
216 217
217 1312
218 2944
219 2147
220 964
221 2658
222 1306
223 2686
224 740
225 1256
226 205
227 727
228 383
229 1544
230 2575
231 2024
232 2608
233 325
234 1269
235 2181
236 1122
237 1498
238 13
239 2118
240 2101
241 875
242 1865
243 299
244 1677
245 1698
246 1337
247 2681
248 2608
249 37
250 2966
251 2640
252 106
253 1954
254 1333
255 2526
256 1105
257 1137
258 714
259 939
260 2412
261 2074
262 864
263 1724
264 1017
265 2502
266 334
267 2886
268 335
269 2653
270 640
271 119
272 2391
273 2014
274 2057
275 1678
276 174
277 2686
278 1332
279 2726
280 1551
281 1144
282 2585
283 2651
284 1995
285 2094
286 1673
287 2563
288 2446
289 2782
290 535
291 614
292 204
293 142
294 2985
295 1989
296 400
297 670
298 2907
299 1290
300 39
301 2520
302 998
303 189
304 546
305 340
306 571
307 744
308 973
309 239
310 144
311 2159
312 645
313 2314
314 1592
315 2128
316 901
317 2498
318 1557
319 1757
320 2644
321 2951
322 1729
323 1594
324 2247
325 90
326 2575
327 934
328 535
329 1429
330 252
331 1229
332 1192
333 512
334 1961
335 2814
336 2527
337 189
338 1248
339 975
340 2588
341 2518
342 581
343 42
344 770
345 1976
346 2768
347 1700
348 2188
349 1563
350 2884
351 1658
352 1206
353 1287
354 816
355 494
356 1144
357 1186
358 776
359 2351
360 2514
361 2334
362 1188
363 1359
364 456
365 2563
366 2922
367 85
368 645
369 564
370 2755
371 1285
372 1410
373 2314
374 1362
375 1502
376 956
377 35
378 621
379 2989
380 1497
381 87
382 1688
383 2560
384 1029
385 1492
386 540
387 257
388 2692
389 1769
390 2501
391 2878
392 1114
393 568
394 1026
395 837
396 1918
397 1820
398 1612
399 2508
400 1797
401 523
402 2428
403 1854
404 464
405 2337
406 2887
407 1511
408 2579
409 2057
410 1315
411 110
412 702
413 602
414 2060
415 791
416 887
417 1754
418 1090
419 1783
420 482
421 654
422 92
423 196
424 2395
425 2335
426 2269
427 603
428 1661
429 1266
430 180
431 1810
432 152
433 2414
434 2634
435 1170
436 2603
437 2320
438 990
439 2216
440 1470
441 1997
442 1364
443 1448
444 1867
445 1192
446 1638
447 2626
448 2795
449 1176
450 2808
451 176
452 233
453 1681
454 292
455 904
456 1664
457 78
458 2389
459 1977
460 1071
461 2554
462 2075
463 2090
464 104
465 1132
466 173
467 2607
468 905
469 1061
470 2677
471 2574
472 1244
473 1883
474 1163
475 787
476 2901
477 2096
478 2648
479 226
480 1203
481 2243
482 2837
483 2708
484 2468
485 2377
486 1370
487 574
488 1858
489 541
490 621
491 2490
492 1334
493 1190
494 1372
495 2384
496 2122
497 1126
498 1169
499 1558
500 395
501 2777
502 882
503 956
504 1465
505 930
506 2487
507 763
508 561
509 642
510 1547
511 1010
512 711
513 2675
514 1108
515 2791
516 1108
517 2218
518 2368
519 430
520 2229
521 654
522 1466
523 1746
524 950
525 2801
526 379
527 1370
528 1978
529 1933
530 776
531 2175
532 1810
533 1115
534 2074
535 667
536 1584
537 454
538 2265
539 413
540 2708
541 1604
542 1799
543 311
544 1708
545 187
546 1268
547 2879
548 1921
549 1390
550 405
551 1782
552 2723
553 637
554 702
555 206
556 1641
557 1837
558 1528
559 191
560 1179
561 1736
562 935
563 825
564 7
565 773
566 560
567 136
568 2786
569 2593
570 1583
571 2384
572 103
573 1128
574 2091
575 1717
576 433
577 1599
578 788
579 1265
580 2359
581 375
582 1133
583 253
584 2326
585 1428
586 1560
587 2423
588 2956
589 1986
590 116
591 2169
592 1928
593 2607
594 2696
595 2748
596 1954
597 679
598 2401
599 39
600 2821
601 113
602 1025
603 2491
604 2813
605 2010
606 946
607 2793
608 257
609 1187
610 1069
611 699
612 2854
613 2058
614 2630
615 1258
616 1076
617 2088
618 1291
619 1271
620 1673
621 84
622 498

