140 88
0 2353
1 499
2 2083
3 1741
4 2842
5 767
6 1891
7 1019
8 416
9 860
10 2717
11 1909
12 1769
13 1999
14 1736
15 216
16 178
17 2077
18 593
19 716
20 595
21 2423
22 764
23 498
24 1703
25 2104
26 1223
27 1229
28 1961
29 271
30 2982
31 314
32 2808
33 1174
34 125
35 1216
36 2785
37 841
38 2994
39 848
40 2023
41 2985
42 1025
43 1517
44 209
45 552
46 591
47 800
48 1575
49 2431
50 315
51 1470
52 1148
53 1864
54 485
55 1096
56 2992
57 143
58 272
59 2347
60 545
61 514
62 2185
63 2400
64 506
65 2496
66 2352
67 1920
68 2857
69 1760
70 1243
71 2776
72 694
73 312
74 1651
75 1681
76 312
77 2353
78 1327
79 2235
80 1871
81 1456
82 1159
83 2054
84 1753
85 2894
86 1562
87 2819
88 1344
89 1220
90 2108
91 1213
92 40
93 2984
94 2306
95 589
96 1434
97 998
98 2652
99 1158
100 2864
101 1592
102 2766
103 2446
104 1098
105 93
106 382
107 538
108 2399
109 2468
110 2350
111 1172
112 2824
113 1211
114 126
115 36
116 2547
117 2978
118 1201
119 2736
120 1199
121 2697
122 981
123 128
124 1206
125 1360
126 114
127 273
128 2864
129 1544
130 2985
131 328
132 170
133 2251
134 1387
135 667
136 2805
137 488
138 2089
139 1081

