665 27
0 10
1 1749
2 1338
3 440
4 980
5 2726
6 175
7 2084
8 1864
9 1471
10 854
11 1678
12 2235
13 1811
14 1623
15 447
16 2203
17 2196
18 2553
19 846
20 1447
21 85
22 1234
23 1876
24 2880
25 1417
26 2569
27 1336
28 2142
29 1370
30 893
31 1110
32 934
33 1214
34 395
35 2321
36 842
37 1154
38 1782
39 1122
40 1732
41 36
42 1387
43 2297
44 1615
45 700
46 590
47 39
48 637
49 2161
50 2544
51 2109
52 1471
53 300
54 900
55 2697
56 398
57 1714
58 1595
59 2334
60 1499
61 2329
62 1470
63 800
64 1033
65 1802
66 1188
67 1410
68 2523
69 2581
70 2125
71 1060
72 1315
73 2053
74 895
75 34
76 1628
77 860
78 1923
79 1028
80 35
81 1218
82 1679
83 178
84 1960
85 2760
86 2160
87 2976
88 2209
89 774
90 868
91 2641
92 1207
93 915
94 2924
95 1015
96 87
97 2184
98 1649
99 560
100 2947
101 1097
102 651
103 2925
104 1883
105 2956
106 2520
107 1691
108 223
109 1340
110 1328
111 799
112 938
113 1393
114 1953
115 2355
116 2256
117 2445
118 1109
119 538
120 2615
121 80
122 1219
123 1043
124 101
125 2581
126 2882
127 2801
128 508
129 2034
130 2170
131 2932
132 1310
133 1118
134 660
135 613
136 1194
137 2714
138 2440
139 559
140 920
141 743
142 838
143 2626
144 2410
145 2235
146 710
147 542
148 1449
149 2841
150 2239
151 132
152 2862
153 1202
154 1491
155 1934
156 2028
157 2115
158 600
159 1840
160 2341
161 130
162 1731
163 1056
164 926
165 2194
166 680
167 1905
168 155
169 2824
170 2509
171 1486
172 2922
173 2268
174 1865
175 1718
176 2332
177 358
178 1221
179 283
180 1627
181 794
182 760
183 1446
184 66
185 2359
186 1277
187 257
188 1
189 2503
190 1434
191 2100
192 2632
193 2847
194 1254
195 58
196 145
197 2072
198 2250
199 1920
200 752
201 2454
202 964
203 2330
204 1569
205 2506
206 2173
207 1273
208 1390
209 1188
210 19
211 2595
212 2788
213 2706
214 1425
215 939
216 146
217 1345
218 2175
219 374
220 2964
221 1231
222 714
223 910
224 52
225 2177
226 415
227 115
228 2351
229 141
230 2610
231 2891
232 347
233 1891
234 887
235 1461
236 758
237 2469
238 1699
239 2202
240 1546
241 1872
242 2807
243 682
244 2199
245 956
246 2478
247 1341
248 2949
249 226
250 1417
251 2345
252 2123
253 720
254 386
255 1790
256 2806
257 627
258 1679
259 2759
260 645
261 1080
262 160
263 1017
264 2358
265 627
266 2829
267 963
268 1611
269 415
270 1912
271 2411
272 471
273 25
274 146
275 888
276 530
277 1759
278 898
279 2431
280 943
281 1975
282 104
283 1889
284 1573
285 1092
286 872
287 292
288 121
289 1364
290 1473
291 1763
292 1485
293 599
294 215
295 1435
296 648
297 2745
298 1749
299 873
300 2549
301 1432
302 219
303 2058
304 1993
305 230
306 880
307 728
308 1576
309 1290
310 2431
311 2766
312 2036
313 692
314 176
315 1496
316 7
317 2387
318 1730
319 501
320 2048
321 998
322 2341
323 2482
324 228
325 485
326 1636
327 1351
328 737
329 1081
330 597
331 360
332 2574
333 1291
334 463
335 1764
336 2578
337 687
338 566
339 1656
340 1186
341 2617
342 2471
343 444
344 323
345 2063
346 1011
347 412
348 190
349 563
350 1497
351 2770
352 2489
353 2529
354 1322
355 534
356 2816
357 1760
358 2033
359 1099
360 2634
361 2017
362 1010
363 2810
364 1709
365 2980
366 1098
367 1558
368 877
369 1994
370 2303
371 1550
372 315
373 1371
374 1411
375 2732
376 833
377 288
378 2034
379 987
380 144
381 1332
382 2406
383 846
384 361
385 1544
386 2435
387 559
388 2724
389 199
390 2695
391 2175
392 1787
393 1102
394 40
395 2065
396 2774
397 760
398 2812
399 213
400 2523
401 221
402 384
403 1356
404 441
405 1372
406 1710
407 1745
408 821
409 746
410 668
411 1740
412 753
413 1117
414 2219
415 495
416 2629
417 2416
418 256
419 1451
420 828
421 2773
422 322
423 826
424 1857
425 1821
426 99
427 1924
428 540
429 909
430 2188
431 2191
432 2997
433 918
434 2305
435 2798
436 1027
437 113
438 1476
439 2580
440 1806
441 2221
442 2005
443 1667
444 1350
445 1730
446 1832
447 944
448 2804
449 1907
450 1987
451 569
452 1172
453 2985
454 1021
455 284
456 1071
457 2842
458 1070
459 485
460 890
461 1090
462 565
463 607
464 422
465 2125
466 62
467 2816
468 779
469 2779
470 1918
471 2840
472 345
473 1852
474 1409
475 66
476 2768
477 551
478 757
479 2199
480 2377
481 2838
482 1675
483 1556
484 786
485 1245
486 920
487 1158
488 438
489 2083
490 2270
491 356
492 2592
493 1187
494 2029
495 1490
496 1504
497 1832
498 1615
499 617
500 1056
501 2367
502 724
503 1910
504 1433
505 940
506 1976
507 2392
508 1398
509 193
510 144
511 77
512 357
513 327
514 503
515 866
516 469
517 581
518 2686
519 2948
520 1442
521 1658
522 2425
523 1942
524 404
525 1735
526 2005
527 810
528 1392
529 2347
530 386
531 985
532 2080
533 1457
534 2387
535 1957
536 2199
537 755
538 2068
539 946
540 2179
541 1240
542 1040
543 2967
544 46
545 2200
546 2676
547 1688
548 1210
549 259
550 1145
551 761
552 359
553 2219
554 1477
555 337
556 1877
557 1518
558 2363
559 1767
560 212
561 715
562 1666
563 1041
564 119
565 2010
566 730
567 205
568 15
569 852
570 2572
571 88
572 2550
573 2210
574 2486
575 1395
576 1609
577 440
578 1502
579 796
580 1150
581 918
582 1039
583 1021
584 1547
585 1543
586 1031
587 1504
588 2313
589 2367
590 1344
591 2853
592 1023
593 1007
594 2842
595 1328
596 1297
597 2107
598 591
599 2047
600 1479
601 1879
602 656
603 2835
604 1471
605 1311
606 2573
607 2831
608 2675
609 1522
610 2825
611 2393
612 809
613 2308
614 1454
615 280
616 848
617 1576
618 551
619 2698
620 1271
621 713
622 2737
623 2445
624 1515
625 2268
626 2764
627 1827
628 219
629 874
630 124
631 2472
632 1625
633 2926
634 2572
635 2719
636 1458
637 2142
638 1196
639 2727
640 1228
641 113
642 1527
643 2038
644 1022
645 2053
646 2044
647 1836
648 907
649 671
650 1237
651 2980
652 1111
653 602
654 1849
655 775
656 1648
657 1621
658 814
659 2606
660 535
661 1568
662 480
663 49
664 96

