889 62
0 782
1 2769
2 2110
3 2231
4 1902
5 32
6 398
7 2105
8 1057
9 239
10 632
11 2144
12 1117
13 2868
14 2038
15 991
16 2298
17 550
18 868
19 1230
20 1655
21 1917
22 302
23 1928
24 1974
25 1093
26 1036
27 2128
28 1703
29 513
30 911
31 2818
32 2147
33 2948
34 2771
35 31
36 2951
37 2386
38 999
39 203
40 1112
41 1135
42 1524
43 2219
44 527
45 683
46 1744
47 2695
48 1845
49 2078
50 1408
51 2911
52 677
53 1777
54 335
55 2644
56 225
57 1128
58 309
59 2169
60 509
61 2758
62 462
63 795
64 405
65 2323
66 2780
67 1212
68 1946
69 413
70 2404
71 16
72 2378
73 2603
74 1382
75 1751
76 505
77 2634
78 922
79 299
80 2989
81 2865
82 241
83 2969
84 2744
85 739
86 340
87 2614
88 2470
89 189
90 988
91 197
92 1687
93 84
94 2122
95 1549
96 1532
97 2138
98 1858
99 1604
100 1798
101 1472
102 2687
103 2183
104 617
105 1793
106 2159
107 1033
108 0
109 771
110 456
111 221
112 1178
113 1238
114 2460
115 1924
116 666
117 2287
118 1291
119 1169
120 2995
121 423
122 2268
123 1688
124 2031
125 2953
126 2996
127 2461
128 2764
129 2639
130 78
131 108
132 2653
133 179
134 2432
135 1265
136 2190
137 2673
138 408
139 1114
140 88
141 1702
142 769
143 1082
144 1924
145 2950
146 820
147 1836
148 1134
149 1637
150 2633
151 12
152 2113
153 2444
154 601
155 1153
156 1809
157 1338
158 2928
159 1259
160 1520
161 846
162 1421
163 2026
164 1220
165 2549
166 1076
167 1956
168 97
169 2767
170 2310
171 1467
172 1058
173 515
174 1880
175 1019
176 2962
177 50
178 979
179 2696
180 496
181 1947
182 2200
183 931
184 695
185 968
186 1749
187 1560
188 1785
189 1408
190 359
191 2174
192 1857
193 2714
194 2559
195 1561
196 1224
197 2769
198 1090
199 1211
200 1944
201 1122
202 555
203 2520
204 2901
205 876
206 2390
207 2217
208 110
209 112
210 2666
211 2686
212 1294
213 1650
214 2768
215 1884
216 1434
217 1527
218 463
219 1592
220 32
221 1925
222 1890
223 1367
224 2365
225 2155
226 2633
227 1186
228 1644
229 1829
230 104
231 263
232 1175
233 2870
234 2263
235 2124
236 777
237 1646
238 1901
239 940
240 1244
241 1118
242 1628
243 1763
244 877
245 1354
246 358
247 116
248 2221
249 917
250 1612
251 2996
252 1998
253 1453
254 61
255 154
256 1298
257 1600
258 74
259 2428
260 946
261 2050
262 1625
263 232
264 315
265 623
266 500
267 1866
268 1874
269 98
270 2550
271 2716
272 1945
273 2809
274 1052
275 1068
276 2130
277 2278
278 1886
279 398
280 128
281 1224
282 2677
283 2219
284 1901
285 991
286 112
287 5
288 2270
289 2579
290 1146
291 1796
292 1278
293 1587
294 2816
295 1763
296 587
297 2916
298 2509
299 1689
300 1065
301 2690
302 1126
303 1004
304 1782
305 2478
306 806
307 1639
308 2991
309 2575
310 391
311 1058
312 107
313 2965
314 299
315 1207
316 2700
317 2976
318 1546
319 152
320 2073
321 50
322 1723
323 503
324 1019
325 2312
326 861
327 2452
328 453
329 769
330 2937
331 1400
332 1429
333 2030
334 2459
335 1650
336 2323
337 673
338 2643
339 585
340 2904
341 2051
342 1646
343 2944
344 1179
345 22
346 596
347 2021
348 1231
349 1931
350 1833
351 1154
352 2569
353 1151
354 1726
355 1995
356 613
357 1558
358 881
359 1607
360 184
361 87
362 1543
363 2756
364 676
365 355
366 1159
367 971
368 1526
369 2482
370 550
371 155
372 1208
373 519
374 2804
375 1389
376 2571
377 2512
378 562
379 1416
380 1990
381 1590
382 2893
383 2476
384 1668
385 212
386 165
387 2133
388 2083
389 1911
390 959
391 70
392 886
393 1598
394 2444
395 1278
396 2594
397 2596
398 994
399 746
400 2944
401 1373
402 1997
403 733
404 2379
405 767
406 2018
407 99
408 1183
409 2766
410 2832
411 2606
412 1514
413 830
414 2935
415 1489
416 1521
417 1153
418 1191
419 774
420 1714
421 1629
422 2033
423 420
424 1915
425 2328
426 2888
427 1741
428 2023
429 1775
430 704
431 2050
432 2627
433 498
434 2997
435 2098
436 2540
437 2701
438 2427
439 2779
440 2368
441 935
442 1326
443 1890
444 2676
445 1841
446 2844
447 1452
448 2388
449 1466
450 188
451 1418
452 2283
453 1399
454 87
455 540
456 2597
457 2160
458 1965
459 801
460 1130
461 1605
462 2824
463 1760
464 993
465 1109
466 2592
467 1382
468 2776
469 413
470 1835
471 705
472 159
473 1127
474 957
475 2366
476 1883
477 937
478 2643
479 2550
480 1068
481 1773
482 1366
483 1016
484 2797
485 2716
486 2978
487 2039
488 440
489 1065
490 1728
491 1914
492 2942
493 1654
494 287
495 1953
496 282
497 1207
498 890
499 2753
500 17
501 2934
502 971
503 673
504 2713
505 2541
506 2555
507 1472
508 1914
509 275
510 1021
511 1526
512 2739
513 2640
514 28
515 2082
516 2708
517 1477
518 1076
519 2179
520 2913
521 1757
522 2927
523 211
524 1055
525 842
526 134
527 2212
528 890
529 559
530 1592
531 852
532 1077
533 1200
534 2030
535 1392
536 1085
537 1113
538 1083
539 1858
540 1477
541 415
542 621
543 2516
544 2224
545 455
546 340
547 2077
548 1219
549 441
550 294
551 488
552 1011
553 1287
554 1225
555 2250
556 2171
557 220
558 2382
559 2665
560 1176
561 2430
562 1654
563 452
564 2644
565 1207
566 2224
567 1222
568 1729
569 2207
570 1664
571 2901
572 984
573 2998
574 1572
575 767
576 752
577 662
578 282
579 1215
580 1139
581 53
582 1899
583 2314
584 1724
585 2460
586 2998
587 2527
588 1305
589 379
590 755
591 986
592 1497
593 1596
594 911
595 1358
596 1386
597 2083
598 2542
599 1125
600 2487
601 1928
602 1834
603 2136
604 2564
605 1609
606 2842
607 2809
608 504
609 1957
610 877
611 360
612 1527
613 2652
614 239
615 2586
616 1451
617 163
618 1429
619 551
620 2439
621 593
622 40
623 161
624 1660
625 981
626 256
627 779
628 1397
629 2093
630 1540
631 606
632 1692
633 740
634 298
635 1953
636 57
637 748
638 1766
639 2197
640 1008
641 1311
642 559
643 1669
644 1111
645 516
646 76
647 1336
648 2839
649 2209
650 2798
651 2951
652 332
653 2093
654 335
655 918
656 1288
657 1551
658 681
659 1457
660 1326
661 2862
662 805
663 875
664 85
665 2957
666 1322
667 2526
668 568
669 1050
670 165
671 2577
672 534
673 1762
674 87
675 1271
676 4
677 2563
678 945
679 1145
680 1416
681 2525
682 2560
683 1524
684 117
685 720
686 2259
687 2615
688 852
689 1346
690 2179
691 621
692 2686
693 2035
694 1156
695 478
696 2206
697 1405
698 439
699 2347
700 1433
701 670
702 1058
703 476
704 622
705 882
706 1891
707 42
708 1317
709 1249
710 214
711 2043
712 1933
713 1137
714 1536
715 897
716 1175
717 1360
718 2445
719 2346
720 763
721 1868
722 52
723 692
724 1290
725 2517
726 206
727 2194
728 513
729 2212
730 1551
731 1695
732 2303
733 537
734 964
735 1298
736 201
737 2915
738 2409
739 2502
740 1173
741 848
742 233
743 1899
744 428
745 108
746 2470
747 1112
748 995
749 431
750 2192
751 1615
752 576
753 1184
754 202
755 230
756 436
757 785
758 411
759 1483
760 2450
761 2096
762 1698
763 385
764 722
765 346
766 951
767 2646
768 675
769 1281
770 65
771 721
772 2134
773 892
774 2880
775 1498
776 2179
777 2919
778 7
779 1735
780 647
781 2074
782 1056
783 1222
784 595
785 111
786 2783
787 594
788 849
789 1717
790 258
791 2693
792 1476
793 66
794 854
795 641
796 2529
797 287
798 1979
799 2523
800 1419
801 2349
802 546
803 403
804 2550
805 952
806 2763
807 824
808 2282
809 2838
810 1982
811 1872
812 1733
813 2049
814 312
815 1878
816 1677
817 2663
818 737
819 322
820 1061
821 1132
822 1146
823 1185
824 2600
825 2425
826 918
827 1498
828 2560
829 258
830 2181
831 273
832 1155
833 2529
834 2052
835 1046
836 540
837 1507
838 703
839 1159
840 2681
841 2442
842 1875
843 1872
844 1956
845 940
846 1485
847 2348
848 1996
849 2868
850 2329
851 2513
852 1516
853 475
854 1649
855 1496
856 886
857 1782
858 2508
859 1277
860 1752
861 2334
862 1756
863 2140
864 2307
865 1605
866 2379
867 2811
868 743
869 1776
870 2105
871 65
872 1466
873 1582
874 2730
875 2684
876 1938
877 1524
878 1095
879 2762
880 192
881 2665
882 2632
883 746
884 1761
885 357
886 2704
887 664
888 2960

