785 81
0 655
1 1206
2 711
3 139
4 1435
5 1931
6 315
7 718
8 194
9 2593
10 1641
11 933
12 2418
13 277
14 2675
15 1274
16 674
17 1955
18 1044
19 1437
20 1038
21 335
22 839
23 689
24 122
25 2543
26 1716
27 1445
28 1837
29 57
30 1876
31 2832
32 683
33 2244
34 1568
35 2827
36 590
37 1265
38 542
39 1502
40 4
41 384
42 2728
43 863
44 2122
45 559
46 1318
47 2767
48 119
49 496
50 706
51 1663
52 234
53 725
54 2724
55 371
56 1461
57 681
58 1083
59 2240
60 166
61 2655
62 1815
63 971
64 230
65 1757
66 1007
67 979
68 425
69 407
70 760
71 706
72 626
73 877
74 560
75 1673
76 2181
77 2440
78 917
79 365
80 2932
81 618
82 2912
83 47
84 2820
85 1305
86 1966
87 885
88 2171
89 2191
90 114
91 2326
92 2946
93 876
94 1383
95 733
96 578
97 1524
98 31
99 1947
100 1578
101 1190
102 197
103 1342
104 821
105 1371
106 1915
107 478
108 1418
109 303
110 2978
111 2172
112 1986
113 1939
114 2462
115 160
116 130
117 1971
118 2015
119 1571
120 1928
121 2244
122 1958
123 2202
124 938
125 2661
126 976
127 845
128 2582
129 1636
130 1480
131 2229
132 1474
133 474
134 99
135 2397
136 1126
137 1623
138 2132
139 380
140 340
141 2247
142 1068
143 734
144 2343
145 446
146 2328
147 1655
148 944
149 2686
150 60
151 2860
152 2343
153 2005
154 2500
155 2938
156 2
157 87
158 1120
159 775
160 209
161 2225
162 2990
163 2679
164 1501
165 120
166 171
167 639
168 2149
169 1850
170 2007
171 1675
172 2895
173 1488
174 1607
175 2232
176 2859
177 2042
178 147
179 692
180 1304
181 1579
182 1171
183 85
184 2414
185 816
186 800
187 2976
188 1360
189 2320
190 757
191 5
192 765
193 2492
194 908
195 363
196 1261
197 2684
198 2554
199 837
200 2044
201 1400
202 2538
203 1439
204 2417
205 2362
206 821
207 988
208 338
209 647
210 2852
211 713
212 198
213 2173
214 1279
215 553
216 487
217 2451
218 2277
219 224
220 2796
221 2955
222 2165
223 467
224 2756
225 191
226 927
227 406
228 310
229 1332
230 102
231 764
232 988
233 42
234 226
235 1108
236 2958
237 603
238 1432
239 824
240 340
241 2426
242 2510
243 237
244 2166
245 273
246 988
247 2322
248 261
249 724
250 2805
251 917
252 425
253 2753
254 711
255 2276
256 2259
257 1460
258 2699
259 552
260 2071
261 18
262 2088
263 1984
264 1272
265 2597
266 1244
267 2875
268 2434
269 1207
270 2964
271 751
272 1074
273 1411
274 139
275 1407
276 2620
277 2439
278 2067
279 2258
280 2224
281 1469
282 697
283 2701
284 2361
285 973
286 1533
287 1522
288 2989
289 2525
290 2672
291 1485
292 679
293 2799
294 1758
295 359
296 647
297 1760
298 1251
299 241
300 2599
301 988
302 857
303 2447
304 1284
305 64
306 20
307 1226
308 440
309 1055
310 379
311 1782
312 1616
313 1191
314 1099
315 2290
316 467
317 870
318 1042
319 1061
320 1555
321 1770
322 875
323 1810
324 2458
325 1125
326 718
327 1756
328 280
329 2775
330 571
331 645
332 1210
333 2910
334 1655
335 185
336 1621
337 178
338 506
339 1086
340 2974
341 215
342 1482
343 802
344 2255
345 1638
346 2513
347 2954
348 2649
349 1937
350 1712
351 2246
352 2571
353 2270
354 566
355 140
356 1456
357 2486
358 1292
359 467
360 2085
361 748
362 2230
363 1427
364 883
365 516
366 1997
367 311
368 799
369 1739
370 1901
371 2997
372 1332
373 971
374 77
375 152
376 1864
377 1318
378 2051
379 165
380 293
381 915
382 2032
383 884
384 2325
385 1158
386 1201
387 1207
388 370
389 629
390 1098
391 482
392 2845
393 1738
394 2270
395 1965
396 1147
397 1425
398 1074
399 1484
400 647
401 308
402 2823
403 1925
404 2732
405 2040
406 381
407 87
408 2058
409 866
410 700
411 2374
412 453
413 1300
414 1217
415 2889
416 2814
417 2247
418 2743
419 1326
420 2297
421 547
422 841
423 2846
424 883
425 1226
426 380
427 2685
428 356
429 2708
430 2035
431 2873
432 2704
433 1845
434 58
435 1676
436 251
437 2046
438 386
439 1042
440 1420
441 580
442 2633
443 92
444 2076
445 2165
446 2543
447 676
448 1374
449 1544
450 2841
451 125
452 274
453 700
454 2058
455 1173
456 2124
457 1382
458 2471
459 666
460 1139
461 1275
462 2848
463 1563
464 119
465 316
466 461
467 1607
468 409
469 860
470 1191
471 210
472 1412
473 2013
474 1730
475 1876
476 787
477 2227
478 2381
479 961
480 844
481 2553
482 2319
483 1874
484 547
485 2699
486 1783
487 2922
488 2608
489 815
490 966
491 1861
492 1918
493 1825
494 2023
495 2189
496 2770
497 591
498 2092
499 1435
500 1846
501 1037
502 2705
503 2834
504 75
505 1728
506 475
507 1191
508 2475
509 693
510 1120
511 316
512 1671
513 452
514 827
515 964
516 468
517 2883
518 2513
519 605
520 2997
521 2106
522 2076
523 1041
524 1208
525 1335
526 2465
527 1467
528 1395
529 2137
530 1097
531 1367
532 1986
533 1037
534 2169
535 546
536 1126
537 294
538 728
539 2490
540 1777
541 1745
542 155
543 2108
544 1137
545 527
546 621
547 2087
548 144
549 2759
550 474
551 2498
552 822
553 398
554 1625
555 2335
556 8
557 1159
558 2702
559 1563
560 2025
561 2322
562 1537
563 806
564 2085
565 2731
566 2682
567 2717
568 2911
569 1784
570 2253
571 2867
572 973
573 2819
574 2515
575 2983
576 182
577 2302
578 2269
579 2304
580 508
581 2020
582 821
583 2467
584 886
585 926
586 1915
587 267
588 1233
589 1859
590 1770
591 1714
592 820
593 2647
594 2731
595 2408
596 2302
597 2921
598 1596
599 2277
600 339
601 334
602 1670
603 2231
604 718
605 1891
606 1309
607 547
608 863
609 2618
610 2360
611 1261
612 2495
613 2019
614 1290
615 1536
616 1915
617 2448
618 675
619 913
620 1022
621 1911
622 119
623 1939
624 757
625 481
626 599
627 226
628 2742
629 1677
630 664
631 1813
632 1182
633 2549
634 1860
635 1575
636 1230
637 961
638 2324
639 1023
640 2210
641 1458
642 1776
643 2663
644 2631
645 609
646 1573
647 2151
648 2337
649 1815
650 886
651 233
652 1107
653 1244
654 512
655 1324
656 711
657 2891
658 782
659 2637
660 516
661 1868
662 89
663 357
664 206
665 2333
666 119
667 342
668 1994
669 2748
670 794
671 1521
672 360
673 2904
674 253
675 352
676 2319
677 2664
678 2859
679 1245
680 2565
681 2132
682 1261
683 1949
684 1253
685 2108
686 2483
687 2638
688 469
689 59
690 1048
691 1826
692 1943
693 147
694 987
695 300
696 2739
697 2097
698 2102
699 2195
700 2828
701 93
702 149
703 2122
704 1443
705 1926
706 180
707 2324
708 728
709 409
710 470
711 874
712 1718
713 2480
714 2102
715 1420
716 1725
717 2514
718 2203
719 1662
720 1860
721 289
722 2931
723 1219
724 2248
725 2742
726 2062
727 1667
728 1612
729 2277
730 838
731 1654
732 1893
733 2881
734 456
735 1954
736 2744
737 895
738 662
739 2843
740 2076
741 1854
742 2522
743 2899
744 1877
745 351
746 1742
747 2772
748 606
749 2142
750 1961
751 1675
752 1257
753 2801
754 1721
755 2414
756 899
757 269
758 1283
759 1263
760 2615
761 402
762 2831
763 2558
764 2529
765 2794
766 96
767 2943
768 322
769 2933
770 1332
771 2009
772 2621
773 1066
774 2240
775 1938
776 2203
777 1954
778 630
779 2827
780 2528
781 181
782 2810
783 1239
784 484

