652 69
0 637
1 1213
2 707
3 2618
4 9
5 719
6 115
7 529
8 1638
9 567
10 2404
11 456
12 450
13 713
14 1431
15 1362
16 2191
17 1803
18 1311
19 219
20 636
21 418
22 1501
23 2090
24 272
25 1894
26 1765
27 1292
28 1055
29 1537
30 2693
31 2217
32 1295
33 2141
34 1875
35 2950
36 1284
37 1963
38 2165
39 637
40 1477
41 1065
42 1760
43 2959
44 416
45 2707
46 2589
47 2662
48 483
49 1537
50 1803
51 1888
52 154
53 903
54 2211
55 2286
56 28
57 2912
58 788
59 334
60 889
61 1279
62 266
63 828
64 1594
65 2553
66 2385
67 70
68 2207
69 1718
70 2598
71 1744
72 2068
73 1457
74 2881
75 35
76 135
77 1259
78 784
79 1463
80 157
81 1438
82 2510
83 614
84 2003
85 1260
86 1413
87 815
88 46
89 1693
90 33
91 604
92 1905
93 335
94 2714
95 1777
96 1298
97 2731
98 2589
99 239
100 2649
101 1565
102 2191
103 1239
104 660
105 1556
106 1032
107 2659
108 2906
109 2934
110 539
111 1978
112 2727
113 2826
114 2093
115 2180
116 2984
117 1152
118 1992
119 1321
120 1940
121 1192
122 2565
123 1214
124 1282
125 1379
126 40
127 1917
128 1533
129 507
130 1545
131 2863
132 1034
133 352
134 917
135 1944
136 2907
137 2146
138 822
139 1633
140 2993
141 2542
142 2598
143 218
144 2277
145 2157
146 2147
147 78
148 702
149 2745
150 2851
151 2553
152 102
153 2175
154 1715
155 1054
156 1904
157 1647
158 2588
159 799
160 1204
161 2274
162 362
163 1888
164 2572
165 709
166 2567
167 2811
168 1585
169 1941
170 2739
171 43
172 1849
173 676
174 752
175 507
176 2369
177 1125
178 1479
179 118
180 491
181 2268
182 2850
183 2941
184 1675
185 1490
186 2290
187 1996
188 973
189 743
190 1919
191 1271
192 384
193 2064
194 2415
195 2670
196 1366
197 2916
198 658
199 2600
200 780
201 1
202 2621
203 1950
204 102
205 2241
206 2199
207 2715
208 2975
209 2359
210 1431
211 861
212 94
213 351
214 1862
215 1479
216 2397
217 2079
218 631
219 1330
220 2199
221 257
222 1410
223 1581
224 1144
225 2932
226 1507
227 666
228 746
229 1972
230 2068
231 2125
232 2354
233 2694
234 2773
235 2431
236 2295
237 1321
238 1721
239 629
240 1049
241 1239
242 1314
243 2073
244 2971
245 2186
246 2448
247 1419
248 799
249 741
250 2624
251 628
252 1432
253 1586
254 1096
255 2238
256 1450
257 2982
258 2185
259 2768
260 1167
261 909
262 629
263 1333
264 2971
265 787
266 2738
267 2891
268 2036
269 527
270 1533
271 1562
272 1637
273 2073
274 75
275 1564
276 1052
277 1310
278 2107
279 1629
280 705
281 265
282 2921
283 1379
284 2614
285 1661
286 2622
287 2167
288 986
289 2697
290 2063
291 2013
292 813
293 167
294 678
295 1219
296 2839
297 952
298 2285
299 1283
300 2261
301 623
302 1736
303 1544
304 1105
305 2480
306 427
307 2736
308 1164
309 1683
310 2971
311 1616
312 2721
313 2068
314 1536
315 761
316 1738
317 1257
318 1216
319 926
320 2095
321 1586
322 2988
323 492
324 1062
325 2100
326 2765
327 2427
328 1432
329 1215
330 2742
331 79
332 1489
333 227
334 1871
335 2837
336 1349
337 2436
338 851
339 786
340 1210
341 628
342 910
343 2282
344 2073
345 2485
346 1627
347 2968
348 1867
349 1982
350 1972
351 169
352 2170
353 202
354 374
355 1084
356 2603
357 44
358 1959
359 939
360 616
361 599
362 2059
363 2687
364 1752
365 447
366 1996
367 675
368 2187
369 899
370 130
371 790
372 1913
373 2824
374 333
375 944
376 2961
377 2456
378 914
379 109
380 2112
381 2208
382 263
383 2640
384 1243
385 288
386 709
387 399
388 2857
389 207
390 1341
391 2283
392 2010
393 1477
394 1883
395 323
396 2508
397 1316
398 2293
399 2024
400 2746
401 1869
402 177
403 2293
404 2859
405 1993
406 2425
407 2338
408 2899
409 2673
410 734
411 2850
412 1993
413 1363
414 995
415 598
416 1701
417 2051
418 838
419 2229
420 2060
421 278
422 2375
423 937
424 2276
425 331
426 1058
427 2506
428 1918
429 224
430 1240
431 570
432 651
433 1309
434 2517
435 444
436 1662
437 2031
438 2597
439 2937
440 2780
441 1313
442 2287
443 2881
444 405
445 1703
446 1211
447 2203
448 46
449 1637
450 237
451 1259
452 2765
453 2811
454 2961
455 590
456 458
457 4
458 1248
459 972
460 2820
461 1743
462 2928
463 2831
464 2951
465 1715
466 410
467 1022
468 1766
469 2942
470 1740
471 1522
472 2322
473 1464
474 2598
475 1331
476 1542
477 943
478 1133
479 2865
480 2527
481 1663
482 2680
483 580
484 2162
485 2046
486 1714
487 1728
488 1905
489 767
490 656
491 2825
492 2049
493 360
494 2061
495 1137
496 570
497 13
498 1585
499 1558
500 759
501 1391
502 1751
503 267
504 1047
505 2337
506 1835
507 1275
508 1592
509 643
510 1605
511 1357
512 1606
513 1996
514 1096
515 2392
516 124
517 2071
518 1956
519 2575
520 1713
521 190
522 2629
523 1573
524 2907
525 2865
526 478
527 502
528 42
529 2096
530 1056
531 1367
532 1588
533 2395
534 2365
535 2858
536 1603
537 2305
538 1027
539 1917
540 2254
541 2925
542 1178
543 1673
544 1029
545 1100
546 1817
547 654
548 1402
549 97
550 62
551 1717
552 2322
553 1629
554 2657
555 2360
556 1045
557 1806
558 1323
559 458
560 759
561 456
562 2046
563 704
564 610
565 852
566 2600
567 2194
568 2373
569 2697
570 1235
571 58
572 1183
573 2586
574 221
575 2153
576 1484
577 2192
578 844
579 100
580 1665
581 1936
582 175
583 2105
584 2792
585 508
586 2475
587 2467
588 2263
589 1742
590 1707
591 442
592 2487
593 1030
594 43
595 1375
596 414
597 751
598 2708
599 1482
600 178
601 1454
602 1021
603 314
604 1972
605 1865
606 1659
607 1460
608 2882
609 2859
610 1647
611 2197
612 616
613 674
614 2328
615 1997
616 2641
617 2540
618 1111
619 1777
620 661
621 2986
622 1215
623 1682
624 1002
625 589
626 76
627 2334
628 1289
629 606
630 1542
631 2312
632 2806
633 887
634 62
635 172
636 2895
637 1816
638 529
639 70
640 1449
641 2252
642 1681
643 1844
644 2120
645 1390
646 860
647 2089
648 1118
649 1286
650 2659
651 2641

