251 96
0 590
1 1379
2 1293
3 589
4 1153
5 2981
6 278
7 2029
8 1242
9 2619
10 1911
11 666
12 2201
13 232
14 7
15 87
16 2507
17 330
18 1501
19 2559
20 1277
21 1707
22 906
23 2158
24 526
25 1622
26 2731
27 1644
28 659
29 1300
30 816
31 2473
32 2162
33 1334
34 2320
35 34
36 1586
37 1897
38 435
39 797
40 513
41 1051
42 170
43 1513
44 1492
45 1729
46 2761
47 165
48 2940
49 1321
50 2996
51 663
52 2502
53 759
54 165
55 2694
56 2690
57 2688
58 1478
59 1303
60 551
61 68
62 2439
63 2432
64 1695
65 1823
66 112
67 1988
68 2274
69 2653
70 1944
71 1261
72 1338
73 749
74 2042
75 1635
76 1648
77 2211
78 677
79 492
80 2840
81 898
82 2620
83 1664
84 2336
85 445
86 2101
87 497
88 223
89 2997
90 1490
91 697
92 621
93 173
94 576
95 575
96 2362
97 1353
98 2405
99 2500
100 2422
101 2904
102 1165
103 1576
104 1523
105 1718
106 1704
107 1006
108 1206
109 759
110 1246
111 1821
112 2149
113 870
114 853
115 1752
116 2266
117 1197
118 2569
119 2842
120 2632
121 1981
122 2921
123 510
124 169
125 29
126 2256
127 1019
128 101
129 1131
130 774
131 2143
132 1323
133 325
134 1130
135 838
136 2879
137 1374
138 2245
139 1185
140 1527
141 1112
142 2688
143 662
144 696
145 608
146 1986
147 1701
148 1627
149 2759
150 1215
151 1157
152 628
153 2454
154 1068
155 128
156 206
157 2599
158 826
159 2414
160 2274
161 241
162 2041
163 2459
164 2377
165 92
166 1452
167 339
168 1878
169 1031
170 917
171 1503
172 2550
173 761
174 1041
175 2435
176 91
177 2881
178 2473
179 2515
180 1231
181 1653
182 1141
183 2536
184 1474
185 943
186 2272
187 774
188 1427
189 1565
190 2432
191 618
192 1770
193 2522
194 1374
195 35
196 1942
197 1608
198 176
199 322
200 2546
201 1139
202 2835
203 1161
204 91
205 2398
206 1080
207 1386
208 360
209 2879
210 735
211 1173
212 476
213 95
214 2828
215 1421
216 1074
217 2835
218 755
219 1036
220 2259
221 1816
222 2347
223 2495
224 379
225 1619
226 2508
227 904
228 2312
229 1989
230 1935
231 1511
232 2996
233 2350
234 388
235 702
236 677
237 2196
238 1359
239 1615
240 2930
241 500
242 345
243 2022
244 1987
245 896
246 275
247 2982
248 2294
249 482
250 1940

