601 38
0 2929
1 1622
2 975
3 1804
4 343
5 2134
6 202
7 1486
8 707
9 1456
10 871
11 2746
12 1091
13 978
14 1927
15 838
16 1911
17 1960
18 1783
19 1686
20 555
21 1471
22 1737
23 1662
24 581
25 1649
26 927
27 2593
28 1723
29 2267
30 349
31 1692
32 2310
33 1436
34 2139
35 612
36 1226
37 140
38 573
39 1555
40 121
41 1383
42 405
43 58
44 180
45 367
46 1422
47 2968
48 2454
49 2233
50 183
51 2859
52 522
53 1979
54 2061
55 1830
56 1231
57 735
58 1103
59 1918
60 2591
61 2768
62 777
63 2125
64 428
65 1785
66 2740
67 1720
68 2182
69 355
70 967
71 1172
72 2819
73 2080
74 56
75 263
76 1283
77 394
78 2007
79 758
80 861
81 942
82 840
83 2595
84 2964
85 787
86 601
87 623
88 2587
89 972
90 1834
91 1555
92 1089
93 2180
94 2192
95 1619
96 1459
97 2593
98 2874
99 2357
100 528
101 819
102 1248
103 1581
104 2086
105 2860
106 185
107 1370
108 2490
109 324
110 1800
111 2875
112 2708
113 1203
114 92
115 2344
116 1849
117 363
118 1447
119 2149
120 151
121 2284
122 1784
123 2571
124 2252
125 2468
126 335
127 1384
128 1881
129 1496
130 2761
131 1822
132 2422
133 2789
134 458
135 2557
136 390
137 147
138 2410
139 2367
140 793
141 1809
142 1862
143 434
144 2780
145 152
146 1664
147 564
148 2785
149 2221
150 2026
151 2614
152 1575
153 85
154 805
155 2542
156 1753
157 512
158 548
159 2885
160 567
161 2462
162 1422
163 1254
164 1566
165 2606
166 1256
167 1636
168 116
169 1220
170 1704
171 755
172 2329
173 1425
174 342
175 1156
176 2790
177 2071
178 494
179 967
180 93
181 506
182 2413
183 78
184 999
185 2065
186 1058
187 2660
188 495
189 659
190 654
191 1030
192 1632
193 866
194 2827
195 1033
196 2981
197 2148
198 2447
199 724
200 1721
201 2776
202 1851
203 2084
204 1389
205 398
206 1509
207 2876
208 497
209 2785
210 1405
211 1476
212 478
213 1562
214 1012
215 1626
216 1655
217 948
218 679
219 2148
220 182
221 889
222 1976
223 1907
224 925
225 152
226 2018
227 2054
228 327
229 785
230 1144
231 1087
232 145
233 182
234 2601
235 384
236 720
237 1621
238 396
239 2886
240 1022
241 63
242 1708
243 319
244 2945
245 2457
246 1152
247 731
248 1671
249 383
250 2519
251 1582
252 2952
253 2436
254 745
255 2280
256 289
257 1247
258 1798
259 998
260 29
261 1743
262 437
263 114
264 1432
265 369
266 1765
267 196
268 2311
269 666
270 1176
271 162
272 906
273 1033
274 1012
275 1503
276 1562
277 1741
278 2926
279 1149
280 1168
281 986
282 585
283 375
284 547
285 669
286 495
287 434
288 2921
289 920
290 2154
291 1415
292 409
293 143
294 2448
295 1249
296 2037
297 787
298 213
299 2009
300 1912
301 2762
302 1402
303 2906
304 1811
305 778
306 105
307 2919
308 372
309 1455
310 13
311 2758
312 734
313 2586
314 2066
315 1034
316 1104
317 562
318 2108
319 1998
320 1337
321 1188
322 596
323 1716
324 2568
325 430
326 111
327 1126
328 2370
329 1152
330 2646
331 2647
332 1569
333 473
334 1963
335 125
336 417
337 1199
338 1394
339 2618
340 528
341 2906
342 2851
343 2174
344 410
345 2497
346 272
347 2338
348 393
349 552
350 545
351 92
352 2334
353 2820
354 360
355 1354
356 764
357 926
358 1307
359 1192
360 2832
361 28
362 432
363 1822
364 2941
365 2121
366 2026
367 2171
368 2761
369 520
370 2771
371 1753
372 1772
373 2768
374 1169
375 1663
376 2936
377 169
378 2768
379 137
380 1211
381 552
382 2867
383 1930
384 2911
385 1544
386 2494
387 749
388 1404
389 162
390 1979
391 1991
392 2504
393 305
394 1983
395 1623
396 1282
397 497
398 445
399 330
400 0
401 2359
402 1455
403 2012
404 2587
405 692
406 740
407 2380
408 1926
409 2427
410 1914
411 1527
412 1279
413 2494
414 1268
415 525
416 313
417 2460
418 1992
419 411
420 2343
421 10
422 2654
423 2464
424 314
425 2703
426 873
427 2482
428 1218
429 2092
430 2484
431 334
432 1192
433 1742
434 2582
435 2879
436 1871
437 643
438 1780
439 2688
440 159
441 1242
442 1491
443 232
444 431
445 1469
446 2547
447 1158
448 1142
449 1646
450 376
451 337
452 354
453 698
454 1510
455 2321
456 1644
457 78
458 364
459 2282
460 2227
461 510
462 1435
463 1382
464 2685
465 2672
466 1608
467 2397
468 2554
469 1553
470 2456
471 1792
472 2081
473 2735
474 892
475 243
476 2531
477 87
478 2295
479 1138
480 1706
481 1621
482 1498
483 1315
484 2644
485 2623
486 20
487 1658
488 1896
489 1158
490 1551
491 2566
492 125
493 447
494 2628
495 1575
496 1877
497 822
498 1842
499 1812
500 1751
501 362
502 1554
503 1669
504 343
505 766
506 2495
507 2991
508 2201
509 344
510 1518
511 2107
512 115
513 2250
514 1059
515 2451
516 2979
517 140
518 2535
519 2110
520 2703
521 871
522 2789
523 1624
524 854
525 1104
526 1084
527 1054
528 465
529 238
530 480
531 2961
532 920
533 54
534 2869
535 2460
536 2058
537 2369
538 2454
539 2541
540 1023
541 1640
542 2534
543 2827
544 2838
545 1269
546 1862
547 1017
548 2165
549 1774
550 2074
551 1285
552 1367
553 2991
554 1266
555 477
556 1891
557 273
558 455
559 307
560 155
561 2830
562 2243
563 578
564 1340
565 2732
566 1178
567 2507
568 1037
569 953
570 2120
571 2109
572 1891
573 2927
574 1670
575 1293
576 1905
577 725
578 2234
579 593
580 1
581 1017
582 1133
583 2995
584 1833
585 1676
586 645
587 1918
588 2478
589 2850
590 448
591 344
592 2322
593 995
594 1892
595 1865
596 2926
597 1658
598 869
599 2404
600 513

