676 37
0 1536
1 1418
2 1263
3 1918
4 1786
5 1490
6 1106
7 905
8 2880
9 268
10 862
11 1422
12 2943
13 1985
14 1152
15 2032
16 1664
17 726
18 2155
19 2197
20 2386
21 909
22 943
23 819
24 2244
25 341
26 1813
27 2592
28 2349
29 2120
30 236
31 566
32 2664
33 2705
34 781
35 1925
36 2739
37 2869
38 456
39 343
40 2281
41 359
42 2548
43 1640
44 302
45 951
46 2668
47 2563
48 2115
49 2125
50 2605
51 1789
52 488
53 2444
54 2901
55 811
56 1141
57 1705
58 1739
59 527
60 2271
61 1204
62 2597
63 2594
64 1923
65 304
66 2751
67 66
68 1204
69 603
70 1088
71 71
72 145
73 2271
74 245
75 2283
76 303
77 2296
78 700
79 2460
80 1836
81 664
82 2356
83 1731
84 1099
85 2743
86 1755
87 1756
88 2975
89 1311
90 1774
91 473
92 1936
93 2074
94 2883
95 479
96 547
97 2545
98 238
99 1601
100 949
101 2468
102 1708
103 258
104 847
105 1487
106 784
107 3
108 1676
109 2785
110 891
111 2977
112 1790
113 1937
114 77
115 1486
116 2323
117 414
118 1021
119 650
120 1763
121 2972
122 324
123 535
124 2058
125 1608
126 1130
127 1067
128 1095
129 2054
130 78
131 474
132 2568
133 1426
134 935
135 2919
136 626
137 2231
138 1479
139 125
140 700
141 1309
142 1105
143 575
144 2921
145 385
146 607
147 1034
148 2693
149 380
150 1475
151 1042
152 1367
153 833
154 1111
155 1651
156 2233
157 2508
158 1798
159 848
160 990
161 2846
162 2997
163 1405
164 43
165 594
166 2097
167 905
168 302
169 1638
170 1906
171 635
172 1833
173 954
174 1589
175 1637
176 1200
177 1228
178 1391
179 1192
180 1467
181 2603
182 592
183 2548
184 1830
185 1836
186 1080
187 955
188 1172
189 79
190 2461
191 48
192 1380
193 2242
194 1385
195 1263
196 1584
197 2432
198 2638
199 1714
200 1303
201 322
202 47
203 2022
204 1584
205 1845
206 205
207 1945
208 2382
209 2847
210 191
211 59
212 1085
213 2980
214 867
215 1716
216 2802
217 806
218 1964
219 2077
220 2461
221 2881
222 1405
223 1697
224 148
225 173
226 1176
227 132
228 2822
229 1844
230 2178
231 1842
232 62
233 361
234 2709
235 1804
236 1987
237 1646
238 1494
239 2903
240 2432
241 1653
242 568
243 122
244 1888
245 2850
246 934
247 330
248 2237
249 1387
250 2228
251 331
252 1211
253 2771
254 1825
255 2307
256 918
257 986
258 2956
259 633
260 699
261 1616
262 2257
263 1115
264 1107
265 1265
266 2769
267 1507
268 319
269 2036
270 606
271 231
272 351
273 2361
274 2018
275 1321
276 734
277 1675
278 2414
279 1647
280 215
281 2249
282 2578
283 2867
284 2377
285 2231
286 1662
287 637
288 2752
289 857
290 1189
291 437
292 1222
293 61
294 897
295 182
296 2063
297 1583
298 1262
299 1680
300 215
301 1673
302 646
303 1636
304 2812
305 125
306 1878
307 1663
308 1670
309 2041
310 2215
311 772
312 2410
313 2485
314 805
315 2252
316 2046
317 1444
318 2023
319 2822
320 2506
321 1413
322 2605
323 46
324 355
325 487
326 667
327 2967
328 1000
329 2895
330 647
331 1766
332 564
333 1237
334 298
335 82
336 1012
337 1987
338 1443
339 5
340 2165
341 1632
342 155
343 2315
344 2031
345 2373
346 2948
347 2392
348 1023
349 491
350 2883
351 205
352 1091
353 1039
354 1091
355 65
356 468
357 889
358 1540
359 2535
360 1981
361 1768
362 2515
363 2617
364 1161
365 395
366 1694
367 1521
368 229
369 48
370 945
371 245
372 661
373 1614
374 407
375 1726
376 2508
377 2159
378 2539
379 1262
380 207
381 1512
382 2975
383 548
384 2997
385 1503
386 15
387 2063
388 788
389 923
390 1906
391 1528
392 54
393 2591
394 952
395 1382
396 305
397 1233
398 1274
399 2655
400 1428
401 2885
402 761
403 2695
404 1951
405 1085
406 2427
407 1827
408 1814
409 522
410 1252
411 708
412 749
413 263
414 674
415 1672
416 2820
417 127
418 900
419 1981
420 137
421 2797
422 648
423 1489
424 82
425 162
426 1515
427 745
428 2151
429 1498
430 1770
431 891
432 1445
433 2201
434 1555
435 1725
436 280
437 1621
438 2738
439 2515
440 784
441 359
442 1005
443 2133
444 1144
445 2762
446 2280
447 678
448 60
449 1710
450 2183
451 870
452 2550
453 253
454 2860
455 1820
456 1870
457 1449
458 427
459 322
460 2343
461 2246
462 1331
463 416
464 2549
465 2260
466 1020
467 1927
468 1007
469 1730
470 1552
471 1033
472 2086
473 2997
474 1443
475 1418
476 627
477 1877
478 217
479 982
480 1479
481 1668
482 535
483 2411
484 1193
485 2586
486 482
487 1703
488 333
489 5
490 1029
491 2045
492 2903
493 412
494 1201
495 966
496 614
497 1842
498 1731
499 736
500 2123
501 838
502 1593
503 2597
504 1569
505 2465
506 2124
507 1897
508 1780
509 2380
510 475
511 280
512 1817
513 2430
514 401
515 2544
516 1909
517 2643
518 1
519 869
520 1352
521 521
522 2493
523 507
524 433
525 2747
526 253
527 2106
528 1747
529 1416
530 717
531 839
532 520
533 184
534 2302
535 1512
536 1039
537 807
538 2558
539 1087
540 1486
541 2447
542 634
543 1661
544 2740
545 2434
546 2270
547 2839
548 2582
549 1738
550 1220
551 2655
552 2359
553 1001
554 332
555 2634
556 1743
557 2684
558 2510
559 699
560 2450
561 2375
562 2026
563 2909
564 534
565 1381
566 1573
567 1895
568 1848
569 454
570 1668
571 508
572 732
573 987
574 1934
575 2921
576 2449
577 1756
578 522
579 447
580 1192
581 842
582 748
583 1161
584 977
585 653
586 620
587 2925
588 477
589 1266
590 1391
591 1851
592 2979
593 824
594 24
595 1423
596 169
597 2405
598 1211
599 653
600 2678
601 2506
602 1803
603 706
604 645
605 369
606 413
607 2834
608 17
609 1024
610 1067
611 145
612 2809
613 2889
614 2092
615 1039
616 697
617 2442
618 392
619 2298
620 1801
621 1528
622 343
623 170
624 319
625 2857
626 990
627 1689
628 1823
629 1438
630 2488
631 357
632 2086
633 1171
634 2253
635 2688
636 2098
637 2726
638 1819
639 2035
640 2208
641 2066
642 1930
643 2196
644 761
645 2234
646 2816
647 1667
648 411
649 1413
650 394
651 963
652 1446
653 1190
654 2250
655 1315
656 2527
657 1920
658 2599
659 709
660 1084
661 1429
662 1895
663 1748
664 1616
665 1233
666 1206
667 2353
668 28
669 476
670 152
671 1594
672 2576
673 528
674 675
675 1066

