833 41
0 516
1 292
2 521
3 2511
4 47
5 1799
6 1062
7 1242
8 154
9 1573
10 21
11 1623
12 2893
13 2749
14 2753
15 197
16 2785
17 34
18 2247
19 2513
20 2163
21 923
22 2041
23 525
24 1222
25 1227
26 1932
27 264
28 2185
29 18
30 165
31 553
32 280
33 1521
34 1084
35 2480
36 1499
37 676
38 1969
39 463
40 1418
41 2010
42 462
43 1132
44 1157
45 1737
46 294
47 1350
48 1813
49 145
50 2229
51 275
52 301
53 2214
54 543
55 1553
56 1400
57 1026
58 1767
59 351
60 232
61 1437
62 2222
63 2002
64 1167
65 567
66 1882
67 408
68 604
69 2818
70 1054
71 2647
72 2646
73 326
74 1056
75 2791
76 2971
77 273
78 2315
79 2258
80 1283
81 2934
82 1621
83 385
84 2055
85 2313
86 1168
87 958
88 295
89 2425
90 1881
91 1741
92 234
93 428
94 1350
95 2884
96 535
97 2645
98 1060
99 2461
100 2828
101 2958
102 2084
103 235
104 1488
105 656
106 2270
107 2416
108 798
109 931
110 414
111 228
112 2667
113 418
114 1697
115 2781
116 556
117 879
118 2178
119 2470
120 346
121 2621
122 2674
123 230
124 358
125 2217
126 1243
127 2095
128 2020
129 858
130 1413
131 199
132 2591
133 2326
134 1307
135 2471
136 2826
137 2088
138 542
139 1472
140 849
141 534
142 2398
143 2978
144 1274
145 2651
146 2958
147 503
148 393
149 2918
150 2157
151 1954
152 208
153 1905
154 2138
155 2774
156 684
157 1684
158 2039
159 875
160 627
161 494
162 2131
163 810
164 1105
165 2456
166 1515
167 2384
168 2011
169 995
170 336
171 2915
172 2504
173 1497
174 206
175 1288
176 1640
177 65
178 1806
179 2862
180 2071
181 1420
182 2978
183 1325
184 2515
185 877
186 2718
187 1887
188 2477
189 1381
190 2740
191 2628
192 2754
193 1050
194 463
195 2152
196 1457
197 2087
198 603
199 669
200 1733
201 1349
202 2620
203 1309
204 2698
205 2209
206 471
207 1114
208 1020
209 2312
210 175
211 2070
212 350
213 513
214 1310
215 2090
216 955
217 329
218 547
219 2214
220 1320
221 2732
222 317
223 2109
224 2635
225 2889
226 2321
227 2007
228 1380
229 2005
230 127
231 988
232 1628
233 2340
234 958
235 531
236 2255
237 2851
238 1051
239 2788
240 1587
241 1040
242 87
243 1912
244 2590
245 1743
246 1257
247 2613
248 1533
249 2719
250 600
251 2934
252 2069
253 1918
254 2480
255 2188
256 1469
257 1992
258 2848
259 1509
260 194
261 1757
262 1902
263 102
264 266
265 337
266 2873
267 2147
268 2689
269 1110
270 1196
271 1595
272 2076
273 2879
274 2985
275 88
276 2639
277 2446
278 786
279 155
280 2680
281 2877
282 819
283 672
284 669
285 2010
286 1626
287 2198
288 987
289 2879
290 1894
291 1015
292 215
293 425
294 792
295 529
296 1191
297 2374
298 1253
299 1193
300 439
301 2168
302 1873
303 2782
304 945
305 1348
306 1780
307 1437
308 26
309 1784
310 147
311 943
312 345
313 940
314 1899
315 565
316 2287
317 1769
318 2271
319 1008
320 2437
321 1442
322 1263
323 2426
324 2316
325 2756
326 988
327 1323
328 1584
329 567
330 1350
331 2226
332 2753
333 1092
334 246
335 2192
336 2924
337 724
338 1411
339 2305
340 1130
341 1538
342 1360
343 2051
344 2776
345 1353
346 1220
347 96
348 2398
349 1310
350 1536
351 2590
352 1103
353 2623
354 2383
355 2005
356 1579
357 693
358 1550
359 737
360 1914
361 2706
362 907
363 1172
364 1716
365 714
366 1360
367 1032
368 1486
369 436
370 2165
371 2470
372 484
373 2053
374 175
375 1053
376 2607
377 2636
378 1551
379 2569
380 2001
381 2803
382 1179
383 1215
384 536
385 2219
386 1947
387 2057
388 979
389 1129
390 2484
391 737
392 621
393 1764
394 856
395 502
396 99
397 2275
398 2130
399 326
400 245
401 1857
402 824
403 2835
404 1513
405 2068
406 1571
407 342
408 430
409 207
410 1669
411 567
412 2900
413 456
414 566
415 438
416 444
417 631
418 850
419 2347
420 322
421 1404
422 414
423 1854
424 876
425 1828
426 2558
427 2669
428 1614
429 2343
430 1100
431 1575
432 308
433 2469
434 1606
435 2661
436 2928
437 2186
438 2055
439 2325
440 335
441 2377
442 759
443 2518
444 2252
445 2011
446 2909
447 1060
448 2261
449 2058
450 1510
451 2129
452 2126
453 801
454 298
455 2788
456 1026
457 2150
458 2371
459 1986
460 373
461 475
462 2741
463 1177
464 1102
465 2110
466 1172
467 553
468 297
469 956
470 2733
471 1340
472 1219
473 303
474 345
475 1940
476 618
477 1015
478 1717
479 627
480 398
481 1084
482 173
483 2977
484 2228
485 417
486 119
487 1575
488 1216
489 1016
490 1339
491 9
492 1494
493 2354
494 594
495 2068
496 2199
497 185
498 1418
499 2046
500 707
501 1741
502 2506
503 2826
504 920
505 2167
506 436
507 2908
508 476
509 2326
510 1923
511 644
512 306
513 1860
514 1993
515 2693
516 1404
517 2064
518 2279
519 175
520 82
521 249
522 2695
523 1686
524 2296
525 998
526 2933
527 2030
528 37
529 2117
530 869
531 1934
532 549
533 2162
534 2883
535 2605
536 341
537 58
538 1634
539 1054
540 903
541 887
542 465
543 1310
544 2290
545 1416
546 2993
547 2804
548 967
549 112
550 578
551 105
552 1366
553 2883
554 59
555 1305
556 1891
557 1529
558 1193
559 2672
560 1281
561 621
562 386
563 952
564 2789
565 1801
566 1369
567 1163
568 1756
569 284
570 1245
571 402
572 2293
573 732
574 2550
575 967
576 2820
577 2261
578 2099
579 1498
580 2717
581 2362
582 1587
583 2815
584 707
585 350
586 1619
587 390
588 1362
589 852
590 1932
591 2281
592 2855
593 808
594 258
595 2598
596 1588
597 403
598 2248
599 1628
600 793
601 1168
602 901
603 2700
604 1423
605 1290
606 891
607 2928
608 1385
609 1289
610 1936
611 1629
612 81
613 2151
614 546
615 145
616 658
617 2289
618 2940
619 2646
620 2431
621 2285
622 2474
623 698
624 2634
625 1051
626 1304
627 2735
628 2602
629 54
630 2765
631 859
632 1885
633 1357
634 2322
635 1552
636 2739
637 574
638 772
639 1636
640 145
641 1827
642 2769
643 1880
644 2604
645 353
646 871
647 355
648 1497
649 645
650 313
651 2813
652 120
653 2470
654 2024
655 2638
656 2764
657 425
658 437
659 824
660 812
661 1655
662 2182
663 2939
664 387
665 1153
666 650
667 431
668 2142
669 1097
670 502
671 1918
672 2518
673 2693
674 2727
675 2261
676 1826
677 1382
678 1745
679 721
680 2744
681 1827
682 2339
683 2773
684 1123
685 2360
686 1372
687 2301
688 1125
689 1531
690 2623
691 1449
692 1274
693 2564
694 1416
695 1812
696 1362
697 1345
698 444
699 2789
700 2717
701 1689
702 999
703 586
704 1396
705 720
706 2851
707 1198
708 160
709 1113
710 1575
711 139
712 1583
713 1960
714 1037
715 1582
716 245
717 484
718 1168
719 2567
720 159
721 1932
722 1556
723 962
724 2036
725 1982
726 2523
727 2793
728 2201
729 852
730 1859
731 987
732 116
733 1602
734 2609
735 2771
736 1508
737 2239
738 193
739 2225
740 2592
741 155
742 1400
743 2668
744 5
745 2862
746 1705
747 688
748 2420
749 1808
750 381
751 2324
752 2564
753 506
754 747
755 2062
756 329
757 2740
758 1454
759 1862
760 641
761 1408
762 2656
763 2346
764 1391
765 1834
766 1875
767 429
768 2080
769 1845
770 220
771 834
772 2701
773 145
774 2374
775 1074
776 903
777 1946
778 1342
779 2572
780 477
781 1007
782 409
783 1044
784 1248
785 642
786 2606
787 2256
788 1583
789 2736
790 2646
791 1954
792 1686
793 1700
794 1205
795 573
796 1348
797 2345
798 907
799 887
800 2694
801 638
802 2979
803 168
804 130
805 960
806 755
807 1900
808 1357
809 2343
810 2830
811 2941
812 573
813 324
814 393
815 892
816 1971
817 711
818 1426
819 2440
820 147
821 690
822 991
823 611
824 1811
825 2551
826 2302
827 420
828 218
829 1058
830 1990
831 1002
832 670

