480 52
0 2598
1 2850
2 900
3 485
4 2205
5 1283
6 1142
7 652
8 1240
9 2529
10 448
11 183
12 2574
13 2976
14 2401
15 2784
16 995
17 206
18 2547
19 1787
20 317
21 1509
22 2308
23 2610
24 2415
25 458
26 622
27 1702
28 1534
29 1424
30 1909
31 1816
32 1228
33 92
34 3
35 1564
36 2900
37 2227
38 1540
39 1280
40 2324
41 1378
42 2141
43 1807
44 423
45 446
46 1415
47 2842
48 375
49 2048
50 2073
51 221
52 292
53 968
54 724
55 2226
56 476
57 584
58 670
59 2873
60 1459
61 543
62 1013
63 1208
64 2359
65 1484
66 931
67 1132
68 435
69 505
70 2299
71 664
72 606
73 186
74 1598
75 1364
76 2270
77 1423
78 705
79 2595
80 1895
81 2243
82 552
83 2212
84 2394
85 1252
86 1171
87 2562
88 2765
89 2522
90 1452
91 1941
92 1455
93 1848
94 1924
95 2598
96 545
97 24
98 2409
99 2356
100 401
101 771
102 2653
103 2575
104 2200
105 1222
106 831
107 1752
108 1417
109 1169
110 1619
111 2401
112 1074
113 2530
114 2228
115 2680
116 2052
117 1145
118 2727
119 2978
120 1539
121 2823
122 1098
123 2706
124 1563
125 2911
126 162
127 1424
128 385
129 763
130 2146
131 358
132 2112
133 1850
134 2641
135 51
136 626
137 991
138 1957
139 439
140 2509
141 2525
142 507
143 1450
144 1322
145 2288
146 2840
147 1713
148 469
149 285
150 2057
151 277
152 1709
153 2957
154 1150
155 583
156 1085
157 1927
158 28
159 845
160 2453
161 2169
162 2930
163 2263
164 1933
165 2866
166 2344
167 2077
168 985
169 636
170 1456
171 2203
172 47
173 1184
174 2756
175 172
176 2933
177 565
178 2129
179 2196
180 1765
181 1520
182 1513
183 550
184 870
185 2269
186 217
187 1679
188 1920
189 38
190 2499
191 2786
192 589
193 1808
194 2103
195 1714
196 2823
197 996
198 1812
199 449
200 2207
201 2832
202 2750
203 452
204 590
205 2961
206 694
207 2121
208 79
209 2017
210 2103
211 2017
212 1120
213 927
214 2497
215 1072
216 2513
217 2335
218 1295
219 64
220 820
221 1906
222 735
223 12
224 1242
225 851
226 2904
227 2890
228 2309
229 394
230 2884
231 2658
232 1062
233 34
234 1829
235 990
236 1972
237 2236
238 1878
239 1771
240 2399
241 1325
242 2988
243 2259
244 2639
245 1720
246 1209
247 2536
248 2470
249 2783
250 1507
251 2803
252 2467
253 1190
254 2469
255 1827
256 1380
257 2760
258 877
259 515
260 1930
261 2926
262 900
263 1251
264 2095
265 259
266 2310
267 2187
268 204
269 51
270 2209
271 2827
272 2516
273 212
274 751
275 2892
276 275
277 797
278 831
279 1446
280 1798
281 2013
282 1119
283 816
284 2048
285 433
286 1378
287 2292
288 1351
289 45
290 1361
291 406
292 2411
293 1089
294 1481
295 87
296 260
297 2678
298 2849
299 194
300 1270
301 606
302 704
303 1287
304 625
305 2794
306 2443
307 558
308 2320
309 2143
310 618
311 803
312 2729
313 194
314 2411
315 1460
316 2470
317 2162
318 1810
319 1694
320 1995
321 663
322 1826
323 492
324 1496
325 1218
326 2691
327 1785
328 2912
329 1915
330 2955
331 1874
332 2570
333 361
334 579
335 2110
336 2830
337 1042
338 481
339 1958
340 77
341 1467
342 1426
343 161
344 2308
345 1434
346 2712
347 1429
348 98
349 1512
350 516
351 2780
352 195
353 1809
354 554
355 2971
356 827
357 2595
358 142
359 2490
360 1711
361 536
362 2694
363 243
364 1937
365 2975
366 169
367 762
368 511
369 588
370 2414
371 604
372 30
373 2955
374 2551
375 2292
376 1752
377 1572
378 1294
379 253
380 1405
381 1806
382 2637
383 2068
384 1033
385 812
386 702
387 704
388 1467
389 2993
390 1511
391 1452
392 2526
393 561
394 2938
395 2315
396 100
397 2334
398 812
399 375
400 1290
401 1791
402 207
403 1939
404 516
405 1764
406 917
407 2981
408 1083
409 1617
410 2985
411 33
412 1433
413 710
414 1834
415 932
416 2437
417 2950
418 2141
419 273
420 1307
421 2260
422 1792
423 1409
424 1559
425 321
426 1794
427 722
428 2495
429 1440
430 1305
431 1690
432 2227
433 2669
434 975
435 2974
436 2065
437 604
438 1008
439 323
440 2881
441 2268
442 2410
443 902
444 179
445 2921
446 1808
447 1643
448 2923
449 989
450 521
451 1102
452 2493
453 1438
454 751
455 1235
456 203
457 2207
458 867
459 856
460 2149
461 1962
462 2264
463 1874
464 84
465 718
466 2744
467 1668
468 2821
469 1153
470 1683
471 2522
472 1388
473 1500
474 2596
475 521
476 2747
477 2931
478 626
479 1012

