769 29
0 562
1 1736
2 419
3 977
4 2665
5 1568
6 2403
7 445
8 1364
9 2197
10 627
11 1300
12 2058
13 770
14 2432
15 489
16 2168
17 1947
18 598
19 1849
20 1112
21 1988
22 1221
23 1411
24 2145
25 2043
26 2511
27 475
28 1138
29 2839
30 514
31 2628
32 1766
33 129
34 524
35 2541
36 1866
37 2547
38 1899
39 906
40 538
41 1079
42 2388
43 1030
44 125
45 1824
46 1084
47 1462
48 1066
49 1684
50 818
51 2753
52 2537
53 2001
54 1677
55 90
56 536
57 1565
58 1275
59 1385
60 1482
61 1640
62 280
63 1243
64 1898
65 1854
66 846
67 2972
68 2986
69 1563
70 143
71 1547
72 77
73 2095
74 2863
75 1126
76 2732
77 2042
78 235
79 2357
80 2792
81 840
82 860
83 2553
84 2653
85 682
86 2399
87 1915
88 972
89 263
90 1093
91 2113
92 1186
93 1913
94 317
95 1243
96 530
97 1499
98 2923
99 2001
100 45
101 2772
102 857
103 2735
104 2582
105 1315
106 2926
107 14
108 2715
109 1182
110 2522
111 1451
112 382
113 555
114 61
115 1989
116 401
117 1482
118 2239
119 478
120 741
121 578
122 2660
123 2991
124 1700
125 2272
126 311
127 1490
128 1094
129 573
130 2100
131 278
132 1191
133 2361
134 2243
135 2
136 2241
137 796
138 1150
139 2613
140 2151
141 1549
142 438
143 879
144 778
145 1912
146 2607
147 633
148 2904
149 392
150 2988
151 397
152 74
153 1803
154 2858
155 2193
156 2592
157 704
158 1011
159 1681
160 474
161 246
162 969
163 1103
164 2531
165 1849
166 195
167 21
168 285
169 42
170 2859
171 1688
172 1525
173 397
174 1378
175 2834
176 2199
177 1621
178 1733
179 2245
180 1652
181 1638
182 44
183 211
184 1639
185 612
186 2578
187 596
188 1523
189 2961
190 2760
191 76
192 2592
193 917
194 1535
195 1764
196 2718
197 1189
198 1262
199 970
200 2703
201 2247
202 244
203 2483
204 2952
205 2044
206 2659
207 1332
208 1687
209 2267
210 101
211 1163
212 1102
213 165
214 1535
215 2720
216 207
217 2323
218 2145
219 2239
220 861
221 2271
222 928
223 2064
224 1657
225 580
226 866
227 1889
228 2285
229 201
230 1439
231 2410
232 1496
233 632
234 2910
235 1740
236 592
237 2042
238 2648
239 51
240 1728
241 1246
242 2373
243 274
244 2961
245 2313
246 2743
247 987
248 1649
249 2746
250 2170
251 2860
252 538
253 2284
254 1139
255 782
256 2619
257 2534
258 2374
259 281
260 1164
261 1746
262 2603
263 692
264 2343
265 1080
266 2094
267 2084
268 1436
269 1528
270 1341
271 482
272 1945
273 2383
274 2808
275 2473
276 1825
277 1962
278 2203
279 580
280 1001
281 2306
282 1771
283 2661
284 440
285 1481
286 2492
287 1708
288 1182
289 862
290 2194
291 2278
292 665
293 2398
294 2385
295 1390
296 2530
297 999
298 1320
299 1121
300 1556
301 14
302 2748
303 1673
304 462
305 1043
306 2769
307 1396
308 1902
309 524
310 363
311 1340
312 2253
313 2185
314 1256
315 2552
316 2429
317 2348
318 2411
319 2753
320 473
321 2481
322 1503
323 1682
324 1254
325 1620
326 1213
327 13
328 2020
329 1170
330 1917
331 1615
332 789
333 1021
334 585
335 2399
336 2482
337 1308
338 1809
339 2352
340 468
341 288
342 425
343 384
344 793
345 1805
346 316
347 2611
348 1221
349 1800
350 1814
351 879
352 219
353 2164
354 1777
355 396
356 1541
357 124
358 1503
359 1515
360 2876
361 2697
362 883
363 2511
364 927
365 2217
366 2760
367 1523
368 2527
369 1840
370 1117
371 815
372 1963
373 1649
374 931
375 2893
376 1481
377 1654
378 993
379 198
380 493
381 235
382 465
383 2507
384 973
385 479
386 1263
387 2674
388 1781
389 1142
390 2271
391 1025
392 1733
393 441
394 1047
395 2364
396 1239
397 1577
398 1636
399 2476
400 1594
401 2139
402 813
403 822
404 2962
405 2354
406 709
407 2770
408 1907
409 2761
410 711
411 1506
412 780
413 1286
414 910
415 903
416 502
417 1339
418 2846
419 1111
420 2567
421 964
422 2302
423 2310
424 2943
425 2603
426 57
427 1362
428 2934
429 2050
430 2855
431 650
432 2122
433 1051
434 2091
435 423
436 328
437 529
438 1537
439 2673
440 1639
441 2034
442 2183
443 441
444 487
445 1735
446 2363
447 1289
448 2530
449 912
450 2367
451 859
452 1665
453 524
454 2080
455 2790
456 2870
457 818
458 1882
459 344
460 1271
461 2714
462 2397
463 1768
464 1010
465 1815
466 349
467 580
468 335
469 26
470 2525
471 2877
472 1463
473 1699
474 2501
475 1272
476 2943
477 2253
478 2911
479 200
480 2192
481 2166
482 2744
483 2974
484 2931
485 2724
486 2926
487 2580
488 486
489 2853
490 1423
491 2357
492 1668
493 2351
494 1708
495 1688
496 1068
497 140
498 1114
499 148
500 1679
501 2934
502 1470
503 1925
504 2637
505 1563
506 1222
507 537
508 945
509 2900
510 2835
511 1966
512 2507
513 552
514 1102
515 2655
516 2121
517 2947
518 2370
519 851
520 2304
521 1604
522 2194
523 630
524 2029
525 43
526 2950
527 459
528 1411
529 697
530 1741
531 1483
532 1431
533 2670
534 2369
535 2946
536 1222
537 821
538 1516
539 1788
540 1622
541 260
542 1713
543 1967
544 2870
545 2557
546 2393
547 6
548 2672
549 2589
550 2066
551 801
552 2132
553 961
554 674
555 708
556 1197
557 437
558 2102
559 114
560 123
561 2381
562 2351
563 763
564 661
565 2065
566 2913
567 456
568 2853
569 2837
570 1060
571 2091
572 2821
573 574
574 2284
575 1375
576 2073
577 2770
578 233
579 1520
580 974
581 377
582 1038
583 1954
584 333
585 284
586 1259
587 1254
588 1564
589 310
590 1782
591 2293
592 1131
593 745
594 1982
595 6
596 188
597 1764
598 1669
599 2627
600 2269
601 2465
602 71
603 1463
604 2378
605 2176
606 226
607 2615
608 2410
609 600
610 984
611 2091
612 1227
613 1823
614 2341
615 457
616 1069
617 237
618 2206
619 2132
620 2024
621 2469
622 2102
623 2584
624 2745
625 2763
626 2687
627 1943
628 579
629 1956
630 781
631 1052
632 1086
633 872
634 1228
635 947
636 15
637 2785
638 2583
639 1145
640 2521
641 791
642 770
643 879
644 1662
645 567
646 2703
647 667
648 1173
649 1013
650 1047
651 84
652 870
653 1889
654 475
655 159
656 2762
657 2600
658 405
659 2712
660 1692
661 1242
662 1785
663 2004
664 2365
665 2453
666 189
667 1813
668 2324
669 1132
670 2072
671 2787
672 340
673 2869
674 758
675 1700
676 2907
677 1463
678 524
679 1615
680 237
681 857
682 2485
683 2858
684 37
685 2536
686 2189
687 937
688 2266
689 1704
690 2995
691 1563
692 1675
693 1441
694 2438
695 2436
696 2726
697 2954
698 664
699 2569
700 2644
701 268
702 1165
703 450
704 1646
705 1785
706 2692
707 830
708 341
709 2632
710 1795
711 382
712 1404
713 24
714 1321
715 153
716 1611
717 937
718 1945
719 2896
720 1139
721 307
722 71
723 1134
724 1491
725 2291
726 1279
727 964
728 401
729 1935
730 826
731 55
732 2533
733 1871
734 66
735 2464
736 595
737 36
738 2763
739 2854
740 562
741 1040
742 1557
743 870
744 2767
745 761
746 981
747 217
748 2632
749 148
750 2267
751 613
752 1830
753 2874
754 2132
755 36
756 2647
757 1419
758 1972
759 1277
760 2589
761 2924
762 1566
763 503
764 891
765 1042
766 1496
767 2077
768 119

