398 52
0 2108
1 2554
2 1795
3 1095
4 1499
5 2694
6 2213
7 154
8 2562
9 363
10 681
11 2235
12 817
13 29
14 283
15 1705
16 2025
17 882
18 537
19 636
20 147
21 1772
22 186
23 2989
24 2446
25 2026
26 2871
27 2942
28 2243
29 2294
30 2419
31 1678
32 1205
33 432
34 1580
35 179
36 1813
37 2058
38 875
39 1818
40 439
41 2325
42 2164
43 238
44 1313
45 1139
46 960
47 644
48 607
49 1922
50 699
51 115
52 44
53 384
54 1215
55 833
56 1917
57 1433
58 2252
59 2665
60 1965
61 491
62 2945
63 1064
64 877
65 193
66 2649
67 2371
68 150
69 1828
70 170
71 2609
72 1811
73 1567
74 2560
75 990
76 1517
77 768
78 2758
79 92
80 32
81 2329
82 2384
83 219
84 1312
85 2792
86 1121
87 1467
88 2427
89 2885
90 1550
91 2705
92 1723
93 615
94 2673
95 28
96 1585
97 665
98 521
99 463
100 2456
101 2900
102 2879
103 2923
104 1970
105 106
106 29
107 1894
108 132
109 972
110 919
111 1149
112 2514
113 2487
114 344
115 617
116 579
117 1653
118 2677
119 2645
120 1676
121 459
122 1001
123 206
124 771
125 1016
126 887
127 1885
128 96
129 2081
130 2024
131 990
132 321
133 418
134 1264
135 1608
136 198
137 2242
138 1649
139 2170
140 54
141 925
142 116
143 2775
144 2866
145 2623
146 417
147 1375
148 2455
149 898
150 72
151 849
152 788
153 1629
154 2745
155 1751
156 1138
157 129
158 2991
159 2480
160 1431
161 748
162 820
163 1576
164 1504
165 1590
166 330
167 879
168 2671
169 1796
170 516
171 2316
172 660
173 814
174 2022
175 8
176 258
177 791
178 693
179 1321
180 127
181 2799
182 2313
183 2287
184 524
185 1765
186 780
187 2774
188 2486
189 1820
190 2193
191 864
192 786
193 1465
194 2655
195 1454
196 1349
197 1688
198 1362
199 839
200 1279
201 446
202 2586
203 280
204 2115
205 560
206 1532
207 738
208 798
209 260
210 1839
211 18
212 2320
213 1034
214 2890
215 2927
216 2059
217 1697
218 200
219 2836
220 953
221 14
222 728
223 1317
224 2540
225 2097
226 1211
227 715
228 1311
229 401
230 1484
231 648
232 480
233 2855
234 1368
235 1863
236 1788
237 2113
238 1239
239 1895
240 438
241 1540
242 2129
243 2059
244 1731
245 1504
246 1911
247 2215
248 580
249 513
250 1221
251 1624
252 39
253 71
254 563
255 942
256 1775
257 1960
258 1063
259 584
260 493
261 1444
262 39
263 1590
264 983
265 319
266 1084
267 2899
268 1018
269 2273
270 1592
271 2184
272 2219
273 2153
274 2780
275 630
276 1934
277 1789
278 930
279 2252
280 158
281 2488
282 1546
283 193
284 1655
285 327
286 593
287 1037
288 1459
289 1594
290 1975
291 2255
292 1004
293 1766
294 1431
295 765
296 1390
297 1761
298 648
299 2039
300 970
301 2715
302 1391
303 1781
304 1424
305 1404
306 2181
307 1330
308 1761
309 1932
310 2517
311 129
312 2601
313 735
314 811
315 930
316 2965
317 640
318 1077
319 827
320 301
321 1314
322 32
323 598
324 1894
325 2237
326 1340
327 2388
328 121
329 251
330 2192
331 2295
332 589
333 2947
334 2807
335 1566
336 95
337 2188
338 2143
339 2231
340 2431
341 1026
342 1306
343 854
344 1551
345 1838
346 2025
347 1382
348 2153
349 1253
350 1374
351 1906
352 2677
353 2530
354 2283
355 1716
356 339
357 116
358 1130
359 208
360 681
361 1422
362 1967
363 1469
364 2066
365 1710
366 1838
367 1622
368 2664
369 134
370 1136
371 332
372 1217
373 839
374 1287
375 2426
376 962
377 2784
378 516
379 1775
380 334
381 1331
382 1998
383 1208
384 1301
385 604
386 2682
387 1888
388 2497
389 863
390 2511
391 1977
392 1173
393 2155
394 2287
395 1554
396 2749
397 446

