259 20
0 296
1 706
2 423
3 1214
4 1251
5 2780
6 2701
7 2278
8 1108
9 2086
10 1293
11 2028
12 1206
13 454
14 456
15 2318
16 1013
17 1104
18 246
19 303
20 996
21 762
22 1071
23 1616
24 1151
25 2849
26 977
27 249
28 31
29 2280
30 657
31 818
32 255
33 1156
34 533
35 748
36 44
37 34
38 542
39 2767
40 92
41 1437
42 1672
43 728
44 2564
45 2057
46 1632
47 1833
48 1201
49 2326
50 2453
51 1057
52 499
53 2096
54 2397
55 1882
56 707
57 1215
58 2789
59 1611
60 1690
61 1375
62 1235
63 1725
64 653
65 1389
66 2472
67 632
68 2184
69 2032
70 1889
71 947
72 2259
73 1658
74 330
75 377
76 1154
77 2349
78 2907
79 2265
80 1945
81 1913
82 936
83 430
84 1065
85 2715
86 887
87 2694
88 1212
89 1310
90 435
91 723
92 890
93 2838
94 889
95 1764
96 2928
97 2391
98 2127
99 1759
100 618
101 948
102 829
103 2680
104 392
105 720
106 183
107 463
108 2812
109 2381
110 2624
111 932
112 2617
113 2799
114 2729
115 864
116 1761
117 2045
118 940
119 178
120 1171
121 139
122 2891
123 257
124 571
125 1208
126 1658
127 83
128 2067
129 1415
130 2673
131 1782
132 2888
133 11
134 370
135 762
136 2558
137 2260
138 2088
139 2509
140 615
141 2861
142 1354
143 2531
144 131
145 1273
146 393
147 263
148 1717
149 1811
150 1100
151 411
152 2519
153 1563
154 1971
155 2720
156 1126
157 1648
158 99
159 955
160 1660
161 253
162 1779
163 1662
164 1783
165 1311
166 2639
167 2878
168 1888
169 335
170 1600
171 657
172 1288
173 2903
174 2861
175 1240
176 2101
177 1673
178 1360
179 2161
180 479
181 1466
182 1942
183 587
184 2218
185 1921
186 471
187 2185
188 2289
189 2056
190 951
191 1105
192 1314
193 1007
194 2724
195 2114
196 1107
197 481
198 1366
199 156
200 149
201 358
202 2199
203 2390
204 398
205 1914
206 1000
207 1219
208 1892
209 2626
210 2065
211 1085
212 195
213 1622
214 415
215 2184
216 281
217 2838
218 2151
219 1682
220 600
221 2363
222 620
223 2962
224 460
225 539
226 2390
227 395
228 1045
229 1616
230 548
231 794
232 2452
233 2033
234 2539
235 935
236 1552
237 395
238 1164
239 2018
240 796
241 467
242 1326
243 633
244 2473
245 2999
246 1351
247 2773
248 534
249 608
250 448
251 1258
252 2035
253 2451
254 2110
255 1520
256 271
257 170
258 1522

