402 98
0 543
1 2512
2 2462
3 1561
4 2244
5 1213
6 281
7 1300
8 854
9 679
10 1739
11 1385
12 2108
13 2328
14 2395
15 1471
16 754
17 2539
18 1135
19 2445
20 1435
21 2451
22 2135
23 2508
24 1665
25 2456
26 749
27 1405
28 117
29 2254
30 1617
31 1645
32 1688
33 1338
34 1707
35 125
36 911
37 2894
38 673
39 720
40 1469
41 1911
42 2486
43 367
44 1415
45 1167
46 708
47 1620
48 617
49 1456
50 2387
51 425
52 561
53 327
54 2060
55 899
56 1907
57 1986
58 2991
59 2624
60 763
61 2055
62 378
63 2228
64 1622
65 1530
66 1683
67 2220
68 1888
69 280
70 1570
71 6
72 120
73 341
74 2338
75 2283
76 2376
77 1368
78 1789
79 1177
80 1628
81 2239
82 765
83 1828
84 429
85 2920
86 1258
87 562
88 1439
89 937
90 2385
91 2222
92 1531
93 314
94 1714
95 647
96 1226
97 372
98 1755
99 2163
100 2428
101 2084
102 2334
103 1866
104 2795
105 1357
106 192
107 823
108 2657
109 1183
110 92
111 233
112 989
113 2873
114 671
115 1508
116 1129
117 2315
118 646
119 2336
120 1200
121 1626
122 2623
123 114
124 118
125 2234
126 2017
127 305
128 2936
129 1968
130 1119
131 1315
132 1704
133 2527
134 2593
135 468
136 524
137 670
138 1234
139 2655
140 1378
141 2460
142 657
143 1784
144 1424
145 233
146 1657
147 2277
148 1254
149 2920
150 469
151 985
152 1517
153 1333
154 1443
155 1108
156 1486
157 2363
158 252
159 822
160 2542
161 2288
162 2302
163 2517
164 639
165 172
166 859
167 29
168 1922
169 1915
170 354
171 1113
172 21
173 1830
174 2276
175 1392
176 1165
177 1700
178 1129
179 1359
180 576
181 279
182 1447
183 2944
184 2074
185 913
186 1909
187 2828
188 1411
189 361
190 1431
191 811
192 785
193 1693
194 85
195 2381
196 485
197 197
198 1116
199 2643
200 40
201 2420
202 904
203 1403
204 606
205 2402
206 1998
207 1084
208 266
209 1177
210 374
211 1041
212 2614
213 641
214 1258
215 736
216 437
217 1197
218 1530
219 225
220 635
221 2130
222 817
223 2624
224 64
225 2860
226 897
227 2419
228 944
229 991
230 234
231 382
232 478
233 1994
234 193
235 1133
236 1907
237 832
238 1551
239 2562
240 632
241 168
242 1860
243 889
244 1076
245 2240
246 2850
247 2768
248 112
249 504
250 1658
251 2061
252 24
253 2874
254 2898
255 334
256 36
257 1216
258 702
259 226
260 2147
261 1284
262 1936
263 1440
264 2194
265 292
266 1915
267 1723
268 732
269 1624
270 2853
271 940
272 2244
273 1411
274 1381
275 414
276 674
277 2730
278 1464
279 2838
280 719
281 1272
282 1934
283 231
284 2186
285 393
286 1735
287 767
288 1712
289 766
290 972
291 66
292 2362
293 2925
294 2420
295 386
296 172
297 182
298 2475
299 1013
300 951
301 2987
302 1850
303 1076
304 2102
305 1758
306 2744
307 2015
308 2713
309 814
310 2778
311 1440
312 541
313 482
314 2172
315 1667
316 1245
317 2896
318 657
319 849
320 2043
321 2288
322 1373
323 3
324 2649
325 571
326 200
327 1214
328 916
329 1902
330 1924
331 2944
332 1459
333 149
334 1288
335 611
336 2493
337 1157
338 557
339 250
340 1660
341 2924
342 1913
343 1961
344 1017
345 2542
346 2300
347 1148
348 2548
349 2633
350 2898
351 2306
352 2206
353 198
354 789
355 841
356 2758
357 533
358 1236
359 580
360 1239
361 1658
362 2144
363 2067
364 2568
365 2887
366 2520
367 2697
368 1163
369 593
370 2246
371 196
372 466
373 925
374 1743
375 2948
376 946
377 2636
378 1583
379 95
380 1458
381 2335
382 712
383 357
384 242
385 1130
386 497
387 124
388 745
389 2761
390 2723
391 2413
392 2625
393 1985
394 1240
395 983
396 2090
397 1342
398 1556
399 1075
400 161
401 2746

