808 34
0 1928
1 1418
2 2943
3 663
4 1698
5 1265
6 1207
7 843
8 645
9 389
10 1334
11 1790
12 2410
13 1373
14 370
15 835
16 2798
17 2811
18 420
19 1141
20 1367
21 1822
22 2940
23 1947
24 1856
25 146
26 2564
27 658
28 850
29 881
30 902
31 1557
32 2632
33 1664
34 1000
35 14
36 2113
37 257
38 2790
39 2694
40 2682
41 2838
42 2966
43 2307
44 609
45 1704
46 1446
47 176
48 2624
49 2470
50 2907
51 308
52 2617
53 2895
54 2181
55 325
56 2160
57 386
58 1387
59 293
60 572
61 1113
62 937
63 1437
64 336
65 394
66 2418
67 780
68 449
69 2447
70 2301
71 2531
72 2088
73 1770
74 1104
75 2588
76 361
77 1439
78 2921
79 2602
80 2349
81 215
82 2305
83 1873
84 2285
85 1285
86 1172
87 2683
88 1676
89 2935
90 584
91 71
92 1677
93 2214
94 242
95 2703
96 1415
97 851
98 785
99 2945
100 2026
101 1533
102 319
103 2541
104 1514
105 1447
106 1891
107 550
108 1022
109 1200
110 2386
111 2970
112 169
113 2289
114 1871
115 932
116 2390
117 1236
118 2232
119 57
120 2585
121 2500
122 2212
123 2071
124 453
125 435
126 2603
127 2578
128 606
129 957
130 1933
131 710
132 2671
133 1553
134 1902
135 725
136 141
137 1059
138 673
139 156
140 56
141 2790
142 1323
143 1877
144 2325
145 2680
146 1511
147 1826
148 2334
149 872
150 805
151 2739
152 149
153 2871
154 1509
155 2422
156 2838
157 2199
158 762
159 1211
160 499
161 1714
162 2418
163 623
164 921
165 2831
166 1875
167 1598
168 1829
169 2562
170 29
171 2615
172 2051
173 455
174 2839
175 1013
176 1248
177 1173
178 2020
179 1440
180 2582
181 1754
182 927
183 1693
184 2993
185 1993
186 2211
187 2140
188 1082
189 2291
190 1961
191 2694
192 865
193 1542
194 128
195 1732
196 981
197 2493
198 1782
199 1172
200 2525
201 792
202 2981
203 2475
204 614
205 405
206 2790
207 1126
208 2705
209 1756
210 133
211 2674
212 2020
213 2801
214 1529
215 283
216 2164
217 2344
218 2744
219 1292
220 622
221 1877
222 1271
223 918
224 1317
225 339
226 268
227 819
228 1799
229 2026
230 767
231 667
232 936
233 1506
234 1976
235 415
236 2970
237 272
238 1698
239 79
240 802
241 2047
242 1003
243 508
244 768
245 2784
246 1380
247 1436
248 2499
249 1928
250 2960
251 2332
252 2992
253 308
254 2310
255 967
256 390
257 1301
258 176
259 885
260 1278
261 2951
262 413
263 1565
264 1287
265 2310
266 183
267 1037
268 2150
269 1870
270 2497
271 502
272 1721
273 1050
274 773
275 2196
276 2536
277 757
278 2802
279 2542
280 1889
281 286
282 525
283 125
284 218
285 521
286 1058
287 2247
288 2368
289 33
290 878
291 1543
292 412
293 2486
294 814
295 2545
296 1764
297 1701
298 1171
299 2723
300 481
301 1094
302 2054
303 807
304 1887
305 2257
306 2978
307 509
308 498
309 2542
310 428
311 2552
312 2103
313 1103
314 2276
315 969
316 2339
317 535
318 206
319 362
320 798
321 639
322 2356
323 2153
324 1733
325 1268
326 566
327 1934
328 541
329 1927
330 2269
331 795
332 2307
333 2177
334 2172
335 2237
336 2750
337 401
338 2350
339 997
340 2673
341 787
342 2871
343 2381
344 2201
345 1156
346 2137
347 801
348 1989
349 1715
350 828
351 2486
352 2071
353 1743
354 1617
355 323
356 2212
357 1289
358 1677
359 43
360 1395
361 2315
362 1333
363 360
364 1845
365 1159
366 2762
367 1193
368 2956
369 506
370 2487
371 2481
372 295
373 1455
374 1804
375 857
376 2883
377 1139
378 1407
379 459
380 94
381 1587
382 2817
383 666
384 1340
385 191
386 1862
387 144
388 2935
389 23
390 1852
391 744
392 909
393 2020
394 648
395 2328
396 1185
397 685
398 2753
399 2692
400 2740
401 403
402 2942
403 603
404 1824
405 183
406 2625
407 122
408 145
409 1739
410 489
411 888
412 2375
413 2298
414 2788
415 589
416 1470
417 2828
418 2519
419 808
420 859
421 2988
422 2646
423 2408
424 2000
425 184
426 589
427 27
428 2186
429 268
430 1179
431 2149
432 1494
433 599
434 1318
435 1608
436 931
437 2193
438 993
439 1910
440 1943
441 2166
442 2728
443 647
444 250
445 2277
446 1296
447 2987
448 65
449 808
450 483
451 1458
452 370
453 2449
454 23
455 586
456 2625
457 2474
458 1457
459 2720
460 2356
461 1162
462 2213
463 2929
464 1454
465 1100
466 47
467 1671
468 1059
469 2375
470 2465
471 2905
472 1248
473 426
474 2349
475 1387
476 2880
477 1028
478 2941
479 1452
480 1795
481 1003
482 2289
483 880
484 154
485 570
486 1264
487 2984
488 1269
489 1855
490 1218
491 2321
492 1584
493 1640
494 1204
495 817
496 2526
497 727
498 1648
499 1934
500 1172
501 1838
502 2762
503 452
504 1256
505 1217
506 1597
507 222
508 2110
509 2033
510 1365
511 1618
512 1965
513 900
514 2630
515 2500
516 1523
517 1213
518 2767
519 2885
520 2690
521 2615
522 2411
523 375
524 2716
525 1731
526 1925
527 1920
528 2208
529 663
530 526
531 2717
532 915
533 231
534 2328
535 2777
536 261
537 2943
538 2509
539 2632
540 1179
541 1160
542 299
543 2165
544 1746
545 438
546 649
547 57
548 2437
549 832
550 2651
551 1972
552 738
553 1872
554 2991
555 1757
556 1489
557 2495
558 1857
559 2327
560 2975
561 811
562 1810
563 2844
564 2053
565 1439
566 2494
567 1575
568 1635
569 2987
570 1703
571 184
572 1902
573 160
574 1626
575 1232
576 1591
577 2240
578 2758
579 1785
580 2018
581 563
582 2730
583 1369
584 231
585 1060
586 613
587 383
588 944
589 2015
590 28
591 2268
592 196
593 1089
594 1703
595 601
596 2145
597 2346
598 957
599 2836
600 1737
601 393
602 1923
603 2839
604 206
605 486
606 2510
607 2255
608 1262
609 216
610 1419
611 2254
612 2482
613 2128
614 1520
615 2274
616 665
617 1036
618 724
619 1154
620 2751
621 223
622 2950
623 778
624 2962
625 2427
626 190
627 2217
628 632
629 2702
630 2997
631 1029
632 931
633 1268
634 2362
635 1115
636 2060
637 460
638 1528
639 1795
640 2725
641 966
642 1641
643 1320
644 1691
645 1517
646 767
647 879
648 1614
649 1060
650 1505
651 164
652 1867
653 1557
654 2302
655 2253
656 1507
657 248
658 400
659 2632
660 2624
661 1849
662 2351
663 318
664 377
665 500
666 1208
667 1415
668 582
669 1118
670 880
671 234
672 836
673 2454
674 2532
675 2494
676 2877
677 1669
678 396
679 1740
680 2648
681 2062
682 561
683 1517
684 905
685 1519
686 2903
687 1224
688 1906
689 411
690 1874
691 1087
692 631
693 1208
694 724
695 965
696 2755
697 17
698 62
699 926
700 989
701 1068
702 794
703 2569
704 881
705 1754
706 706
707 982
708 2158
709 775
710 1986
711 993
712 1474
713 2446
714 38
715 1174
716 2822
717 1495
718 1589
719 134
720 2094
721 2727
722 1909
723 345
724 1679
725 443
726 1483
727 2385
728 2138
729 1566
730 634
731 2474
732 1492
733 1904
734 2479
735 1739
736 153
737 325
738 2120
739 664
740 2409
741 1442
742 419
743 2031
744 2318
745 467
746 1934
747 2617
748 2383
749 1887
750 2373
751 2697
752 471
753 2669
754 778
755 1624
756 345
757 2140
758 1770
759 454
760 682
761 2112
762 96
763 1856
764 722
765 2466
766 478
767 1483
768 2849
769 1588
770 2228
771 2750
772 2209
773 1002
774 1729
775 1221
776 624
777 1769
778 2597
779 535
780 371
781 141
782 1924
783 2270
784 2109
785 2044
786 2472
787 448
788 2245
789 174
790 2422
791 1446
792 2334
793 101
794 327
795 1614
796 2510
797 755
798 304
799 140
800 270
801 1536
802 2995
803 2938
804 1786
805 1521
806 879
807 792

