698 86
0 622
1 1076
2 2857
3 2454
4 1055
5 963
6 2877
7 766
8 2715
9 676
10 370
11 2737
12 797
13 438
14 1897
15 503
16 2025
17 2087
18 217
19 2801
20 2684
21 2276
22 871
23 822
24 1802
25 2395
26 2202
27 2188
28 2990
29 2508
30 2229
31 1187
32 2927
33 2561
34 2477
35 2041
36 2861
37 1803
38 1693
39 1601
40 155
41 2692
42 910
43 279
44 728
45 1557
46 2183
47 1657
48 2916
49 1362
50 1138
51 923
52 2813
53 2980
54 2885
55 1908
56 877
57 313
58 2493
59 757
60 2554
61 2331
62 188
63 1579
64 656
65 1770
66 1800
67 2123
68 1810
69 2508
70 1631
71 2846
72 1266
73 1621
74 2193
75 475
76 168
77 903
78 1116
79 1733
80 547
81 2796
82 2968
83 2808
84 2173
85 2478
86 1679
87 438
88 1941
89 2101
90 440
91 761
92 40
93 2772
94 770
95 2841
96 1506
97 2914
98 2597
99 560
100 2751
101 2095
102 1078
103 1745
104 2614
105 1583
106 1595
107 1746
108 1556
109 1856
110 360
111 2011
112 1613
113 1549
114 2837
115 2803
116 151
117 2342
118 2718
119 2113
120 1593
121 1781
122 2976
123 2568
124 1504
125 1008
126 2748
127 494
128 300
129 654
130 524
131 904
132 2385
133 132
134 1857
135 2942
136 2232
137 1963
138 2901
139 262
140 467
141 1152
142 1986
143 814
144 2930
145 2482
146 213
147 2263
148 714
149 2081
150 1956
151 920
152 322
153 126
154 2263
155 1668
156 1026
157 2332
158 926
159 2916
160 661
161 451
162 899
163 202
164 1020
165 1807
166 407
167 856
168 793
169 293
170 206
171 889
172 347
173 372
174 1184
175 641
176 1601
177 2300
178 1183
179 54
180 2587
181 560
182 1751
183 2656
184 2997
185 1674
186 603
187 2296
188 2010
189 136
190 890
191 2503
192 717
193 689
194 2130
195 2852
196 1876
197 1662
198 957
199 322
200 1343
201 592
202 958
203 1802
204 2244
205 1490
206 1072
207 349
208 1133
209 1475
210 1164
211 2126
212 2201
213 1526
214 132
215 788
216 2159
217 1794
218 1378
219 2569
220 2062
221 90
222 2612
223 2633
224 1061
225 2255
226 1996
227 1310
228 426
229 190
230 571
231 1910
232 834
233 2509
234 2842
235 1679
236 678
237 2886
238 2839
239 1960
240 736
241 1095
242 230
243 1120
244 2609
245 1522
246 2583
247 2002
248 1534
249 317
250 360
251 2824
252 1712
253 1984
254 1008
255 1363
256 1709
257 2514
258 663
259 1679
260 2922
261 797
262 1353
263 2635
264 1319
265 937
266 64
267 1348
268 2123
269 1656
270 1788
271 925
272 450
273 1726
274 190
275 2865
276 877
277 2026
278 2177
279 2999
280 272
281 113
282 2972
283 2276
284 2294
285 1621
286 2470
287 592
288 1098
289 706
290 261
291 113
292 100
293 2708
294 90
295 2084
296 2315
297 2975
298 1612
299 2509
300 591
301 315
302 1414
303 2135
304 1864
305 1937
306 558
307 1501
308 1723
309 933
310 748
311 222
312 55
313 2008
314 2414
315 261
316 425
317 2425
318 2710
319 2794
320 2085
321 99
322 2682
323 2028
324 789
325 392
326 2675
327 2686
328 824
329 995
330 2795
331 2804
332 575
333 456
334 2496
335 2797
336 2627
337 1585
338 2905
339 2660
340 2160
341 830
342 4
343 2564
344 2599
345 1501
346 496
347 141
348 2096
349 1360
350 293
351 327
352 2381
353 1049
354 0
355 2045
356 1950
357 2167
358 1198
359 993
360 844
361 786
362 2506
363 2207
364 2255
365 2513
366 1881
367 2311
368 757
369 912
370 2273
371 2934
372 2408
373 1742
374 2160
375 240
376 1160
377 1385
378 2687
379 2608
380 1840
381 2499
382 914
383 1408
384 1116
385 984
386 1744
387 2312
388 377
389 1056
390 207
391 929
392 1323
393 479
394 164
395 1200
396 2578
397 652
398 84
399 2384
400 2265
401 847
402 1740
403 2771
404 1038
405 677
406 2284
407 1491
408 1271
409 2131
410 2873
411 266
412 573
413 1340
414 2434
415 2841
416 2328
417 1424
418 2393
419 1742
420 2284
421 2455
422 1099
423 469
424 2083
425 2008
426 1680
427 1405
428 427
429 583
430 1110
431 1840
432 689
433 728
434 2357
435 2136
436 769
437 405
438 564
439 1509
440 1974
441 2840
442 322
443 957
444 2049
445 1599
446 2225
447 1257
448 1377
449 1632
450 1278
451 542
452 2253
453 698
454 1261
455 259
456 582
457 1662
458 1735
459 40
460 16
461 493
462 1473
463 924
464 674
465 2921
466 1270
467 991
468 510
469 1742
470 1800
471 2076
472 497
473 945
474 1857
475 2519
476 2050
477 1877
478 398
479 347
480 1835
481 1693
482 1006
483 106
484 1307
485 1541
486 68
487 599
488 421
489 2210
490 2242
491 1845
492 1027
493 146
494 2127
495 418
496 2968
497 733
498 1670
499 1313
500 1255
501 1960
502 2376
503 292
504 1025
505 2410
506 69
507 1228
508 650
509 541
510 2600
511 2240
512 1372
513 2917
514 1839
515 2029
516 1303
517 2029
518 1945
519 1590
520 2983
521 1839
522 835
523 1230
524 1832
525 2404
526 17
527 870
528 885
529 610
530 1676
531 1262
532 2868
533 2959
534 2713
535 107
536 2269
537 200
538 1527
539 1761
540 1985
541 1695
542 1055
543 2322
544 2592
545 2014
546 781
547 1284
548 37
549 2574
550 2559
551 1185
552 1890
553 2447
554 1912
555 1780
556 2151
557 90
558 281
559 2610
560 2704
561 2619
562 967
563 1725
564 529
565 735
566 1693
567 98
568 366
569 2138
570 1780
571 2427
572 2922
573 596
574 1444
575 591
576 2083
577 2181
578 2524
579 919
580 632
581 2205
582 196
583 2324
584 2490
585 40
586 978
587 119
588 223
589 1099
590 2477
591 853
592 1429
593 2015
594 2211
595 98
596 1175
597 682
598 2411
599 1762
600 488
601 936
602 699
603 2768
604 2945
605 175
606 2053
607 918
608 45
609 101
610 1619
611 172
612 281
613 415
614 1061
615 1439
616 2309
617 335
618 1208
619 2302
620 1274
621 396
622 1024
623 1290
624 6
625 2134
626 2039
627 281
628 2521
629 814
630 562
631 1543
632 2363
633 1445
634 1393
635 790
636 195
637 26
638 1025
639 2676
640 1592
641 1676
642 1152
643 541
644 602
645 2360
646 209
647 2023
648 2572
649 2007
650 1938
651 391
652 1882
653 569
654 1280
655 44
656 1856
657 1874
658 1555
659 1020
660 636
661 946
662 1516
663 2910
664 2796
665 260
666 2247
667 1525
668 1314
669 2439
670 178
671 2463
672 2526
673 1377
674 1044
675 1899
676 1037
677 994
678 2074
679 1709
680 1335
681 450
682 448
683 2139
684 2056
685 2324
686 762
687 2224
688 2218
689 2475
690 970
691 1037
692 638
693 1544
694 2661
695 2750
696 144
697 2070

