815 93
0 136
1 2450
2 18
3 922
4 1407
5 623
6 247
7 2375
8 1102
9 609
10 313
11 2916
12 226
13 2774
14 921
15 968
16 1741
17 1085
18 1493
19 277
20 1821
21 79
22 2592
23 2787
24 1903
25 1697
26 1365
27 2728
28 2005
29 622
30 732
31 1424
32 2517
33 2979
34 585
35 2337
36 249
37 140
38 1358
39 1662
40 2753
41 1962
42 701
43 1959
44 132
45 425
46 914
47 2630
48 190
49 1028
50 1842
51 1382
52 1048
53 1195
54 1147
55 592
56 2243
57 1900
58 632
59 1572
60 2050
61 2587
62 665
63 2237
64 2305
65 601
66 272
67 1414
68 1713
69 1135
70 280
71 833
72 2736
73 981
74 2637
75 2912
76 2322
77 2102
78 317
79 1931
80 327
81 873
82 2420
83 897
84 367
85 2684
86 465
87 200
88 2337
89 634
90 765
91 1774
92 2006
93 2321
94 2967
95 207
96 2966
97 2587
98 1452
99 2951
100 1428
101 644
102 1441
103 1764
104 1930
105 439
106 1431
107 2727
108 498
109 2938
110 2949
111 391
112 1943
113 968
114 362
115 185
116 711
117 1901
118 1348
119 136
120 966
121 1189
122 310
123 2917
124 444
125 530
126 1116
127 1473
128 1315
129 516
130 2905
131 2655
132 538
133 300
134 1040
135 2091
136 2701
137 576
138 2081
139 189
140 1309
141 2339
142 7
143 2250
144 464
145 2438
146 1746
147 2101
148 2197
149 2996
150 2516
151 1087
152 2720
153 1784
154 1141
155 2048
156 539
157 1742
158 2312
159 1573
160 999
161 1856
162 590
163 2431
164 103
165 585
166 147
167 694
168 871
169 202
170 157
171 1439
172 2851
173 1283
174 1856
175 2515
176 2788
177 1115
178 619
179 158
180 184
181 2120
182 2320
183 1595
184 2767
185 1250
186 1192
187 1431
188 1495
189 2084
190 697
191 92
192 216
193 1992
194 2045
195 1503
196 1246
197 796
198 1649
199 2643
200 1738
201 1828
202 358
203 1479
204 2267
205 2476
206 2300
207 2718
208 2389
209 1465
210 57
211 481
212 119
213 1040
214 650
215 2983
216 545
217 383
218 1803
219 1093
220 2045
221 2830
222 2716
223 2103
224 1217
225 2090
226 716
227 1861
228 417
229 467
230 1272
231 1687
232 2642
233 731
234 1325
235 2007
236 1742
237 2971
238 840
239 1385
240 962
241 2400
242 33
243 2825
244 2077
245 2247
246 2334
247 1445
248 943
249 416
250 106
251 274
252 841
253 2892
254 2692
255 164
256 2568
257 76
258 1323
259 423
260 915
261 1067
262 1177
263 1221
264 1206
265 2515
266 296
267 44
268 1324
269 102
270 2706
271 707
272 1955
273 988
274 1723
275 747
276 178
277 1763
278 922
279 329
280 2018
281 2247
282 585
283 1707
284 282
285 2121
286 899
287 404
288 1275
289 273
290 1752
291 1746
292 1223
293 2704
294 1864
295 296
296 1102
297 880
298 654
299 2076
300 2029
301 1280
302 105
303 2049
304 407
305 863
306 963
307 1488
308 495
309 1565
310 238
311 417
312 1999
313 1285
314 990
315 480
316 2336
317 2678
318 2099
319 1284
320 1346
321 824
322 990
323 1994
324 1766
325 1289
326 2691
327 1832
328 2129
329 169
330 2470
331 2307
332 1382
333 2251
334 868
335 2747
336 2740
337 2974
338 1970
339 679
340 1481
341 1438
342 2544
343 2798
344 2657
345 2555
346 1088
347 1979
348 827
349 2919
350 2100
351 2531
352 2387
353 2053
354 2872
355 126
356 2528
357 1958
358 473
359 173
360 862
361 78
362 1999
363 1715
364 2897
365 2621
366 2237
367 1840
368 2325
369 803
370 1398
371 2287
372 2575
373 1864
374 2240
375 237
376 1145
377 218
378 2679
379 943
380 1410
381 2556
382 2580
383 899
384 872
385 1897
386 820
387 693
388 2014
389 940
390 2757
391 960
392 2418
393 2707
394 1068
395 2209
396 822
397 2193
398 2233
399 2232
400 2499
401 2999
402 2453
403 66
404 1522
405 134
406 2928
407 1847
408 588
409 2225
410 1513
411 766
412 1278
413 1826
414 1023
415 2784
416 2679
417 2015
418 372
419 590
420 2416
421 1262
422 2205
423 2766
424 2911
425 1551
426 644
427 2262
428 1953
429 1209
430 2654
431 2852
432 47
433 297
434 1923
435 2110
436 1119
437 1199
438 2904
439 2855
440 2929
441 632
442 2952
443 2844
444 589
445 436
446 2774
447 149
448 602
449 2616
450 1918
451 655
452 1709
453 1113
454 1460
455 165
456 989
457 343
458 2035
459 516
460 2323
461 65
462 2947
463 143
464 177
465 1721
466 1408
467 194
468 952
469 1585
470 1337
471 1530
472 114
473 2857
474 2572
475 195
476 449
477 1761
478 1130
479 1100
480 1656
481 228
482 901
483 107
484 1814
485 2600
486 2821
487 1052
488 294
489 2605
490 2339
491 27
492 1619
493 2462
494 2421
495 1630
496 2982
497 2390
498 1457
499 2290
500 1577
501 354
502 547
503 1739
504 847
505 611
506 1494
507 2809
508 2505
509 44
510 1146
511 655
512 34
513 1048
514 867
515 1921
516 1402
517 2198
518 935
519 2609
520 2573
521 1761
522 2996
523 2293
524 2266
525 437
526 1322
527 1041
528 1186
529 2301
530 2233
531 894
532 1527
533 1353
534 353
535 738
536 1107
537 2215
538 136
539 1260
540 2350
541 1652
542 147
543 8
544 1361
545 1057
546 2743
547 937
548 2402
549 2226
550 56
551 2483
552 1624
553 244
554 1917
555 1491
556 2956
557 453
558 895
559 1724
560 1782
561 2930
562 1778
563 2184
564 1561
565 919
566 1066
567 1714
568 2904
569 261
570 1120
571 1159
572 2783
573 2416
574 2616
575 1449
576 986
577 818
578 2376
579 2668
580 646
581 2079
582 1895
583 1253
584 883
585 737
586 455
587 1430
588 696
589 1818
590 2987
591 396
592 2815
593 684
594 2120
595 2109
596 2744
597 2400
598 1815
599 1543
600 1125
601 2011
602 371
603 307
604 2376
605 344
606 1668
607 2997
608 108
609 2474
610 1652
611 481
612 2502
613 1051
614 960
615 363
616 2122
617 1022
618 135
619 2652
620 1214
621 623
622 222
623 807
624 527
625 351
626 1886
627 1287
628 2111
629 634
630 2975
631 2266
632 1140
633 819
634 936
635 395
636 2343
637 2341
638 322
639 698
640 865
641 250
642 1503
643 1114
644 811
645 2398
646 876
647 1804
648 2684
649 2311
650 2951
651 1454
652 154
653 43
654 912
655 2335
656 2139
657 2008
658 1882
659 18
660 1817
661 1631
662 2839
663 1902
664 1508
665 2104
666 2592
667 2671
668 517
669 1511
670 486
671 147
672 80
673 1622
674 2801
675 2863
676 1067
677 2296
678 376
679 240
680 2277
681 2337
682 2980
683 858
684 666
685 862
686 653
687 1998
688 740
689 442
690 2910
691 308
692 2919
693 2936
694 1671
695 898
696 1089
697 701
698 1174
699 1842
700 122
701 432
702 19
703 1278
704 308
705 692
706 2306
707 1548
708 2888
709 720
710 2186
711 687
712 906
713 539
714 2648
715 1696
716 912
717 1659
718 1046
719 1075
720 2779
721 396
722 1421
723 158
724 2076
725 322
726 1829
727 2385
728 1564
729 2819
730 186
731 221
732 1981
733 2078
734 1058
735 457
736 2623
737 2390
738 405
739 1245
740 1871
741 2380
742 1232
743 1465
744 413
745 2353
746 1598
747 2319
748 1170
749 1965
750 1080
751 503
752 1174
753 2738
754 1967
755 969
756 2208
757 452
758 1374
759 2189
760 1517
761 2952
762 1455
763 2423
764 2102
765 1893
766 1645
767 1160
768 1986
769 1351
770 2413
771 846
772 2601
773 1134
774 2514
775 2419
776 2718
777 1577
778 2155
779 1066
780 233
781 2530
782 231
783 507
784 2600
785 1058
786 100
787 879
788 1166
789 826
790 2136
791 1525
792 147
793 1769
794 579
795 2781
796 1831
797 128
798 2919
799 720
800 1357
801 2873
802 2196
803 1478
804 2775
805 1766
806 807
807 2347
808 2657
809 2911
810 1458
811 2797
812 218
813 2310
814 409

