968 24
0 673
1 167
2 2056
3 397
4 1309
5 381
6 2004
7 1660
8 2045
9 138
10 2537
11 2520
12 1849
13 2027
14 1492
15 1055
16 1577
17 360
18 2653
19 1236
20 1881
21 1031
22 675
23 1327
24 2135
25 560
26 771
27 506
28 2208
29 990
30 1897
31 1680
32 1896
33 1129
34 820
35 2996
36 742
37 487
38 1326
39 894
40 2295
41 869
42 811
43 2693
44 208
45 2724
46 736
47 2598
48 2161
49 1141
50 934
51 1339
52 904
53 1078
54 1390
55 2724
56 2780
57 1578
58 1169
59 2091
60 1994
61 482
62 1847
63 1125
64 1928
65 443
66 1304
67 2652
68 1209
69 1788
70 700
71 311
72 519
73 1974
74 2157
75 2742
76 2838
77 1879
78 1584
79 230
80 2
81 838
82 1975
83 1806
84 604
85 2393
86 1205
87 2085
88 313
89 912
90 2928
91 2761
92 1628
93 1984
94 2293
95 2343
96 1943
97 906
98 1183
99 17
100 233
101 1193
102 8
103 2805
104 2024
105 2481
106 2742
107 2457
108 1189
109 2065
110 97
111 2527
112 183
113 2753
114 979
115 2328
116 2765
117 1368
118 279
119 1927
120 1409
121 2352
122 2014
123 2008
124 88
125 1840
126 2699
127 706
128 2750
129 633
130 890
131 1363
132 866
133 2225
134 1605
135 459
136 177
137 2178
138 1893
139 750
140 2969
141 1868
142 85
143 1845
144 1042
145 263
146 2187
147 1136
148 114
149 1826
150 1256
151 505
152 449
153 810
154 2552
155 1749
156 2244
157 125
158 2627
159 229
160 2854
161 512
162 327
163 2337
164 1654
165 343
166 630
167 2062
168 1074
169 314
170 2678
171 2973
172 1369
173 2936
174 1448
175 1829
176 1346
177 1668
178 1798
179 1961
180 405
181 2968
182 2531
183 646
184 2159
185 1764
186 668
187 1551
188 1963
189 2233
190 2823
191 2561
192 1581
193 1599
194 2986
195 2509
196 256
197 1690
198 1373
199 1431
200 1127
201 538
202 1299
203 25
204 2975
205 2397
206 1422
207 2473
208 2853
209 1413
210 501
211 1391
212 309
213 260
214 2544
215 777
216 1700
217 1002
218 2495
219 1641
220 1003
221 1737
222 821
223 562
224 123
225 1677
226 1448
227 2431
228 1603
229 1843
230 855
231 1172
232 2442
233 1002
234 334
235 2943
236 577
237 2569
238 1597
239 2563
240 1325
241 1526
242 247
243 1865
244 2144
245 1075
246 2929
247 1448
248 1133
249 2129
250 2586
251 704
252 318
253 516
254 1560
255 87
256 1467
257 2495
258 1227
259 358
260 1581
261 1954
262 1311
263 2523
264 2286
265 773
266 2141
267 2857
268 1493
269 2789
270 590
271 395
272 2006
273 1268
274 2253
275 1534
276 334
277 2043
278 1663
279 1782
280 2919
281 961
282 526
283 21
284 1303
285 762
286 325
287 1871
288 2461
289 232
290 2298
291 900
292 679
293 1855
294 516
295 1321
296 5
297 2087
298 1873
299 343
300 696
301 492
302 2840
303 2631
304 1868
305 2707
306 760
307 243
308 2233
309 1726
310 560
311 1015
312 1917
313 1656
314 2915
315 2625
316 1067
317 1003
318 2025
319 419
320 1446
321 1569
322 2451
323 765
324 905
325 668
326 472
327 2303
328 753
329 967
330 667
331 1533
332 2816
333 1784
334 1881
335 973
336 2566
337 101
338 610
339 119
340 83
341 1008
342 2410
343 349
344 1837
345 789
346 1179
347 1179
348 301
349 1713
350 2681
351 2165
352 676
353 1291
354 2617
355 2418
356 311
357 1197
358 2020
359 6
360 1520
361 1847
362 1046
363 149
364 580
365 2687
366 825
367 2394
368 589
369 206
370 1635
371 1837
372 913
373 1117
374 69
375 2011
376 53
377 2515
378 106
379 2014
380 2841
381 2569
382 2778
383 1819
384 685
385 1701
386 1606
387 351
388 1520
389 783
390 2064
391 1650
392 199
393 2067
394 710
395 1319
396 2530
397 912
398 857
399 2110
400 173
401 1811
402 2078
403 2536
404 1720
405 2510
406 2835
407 2048
408 512
409 2661
410 1436
411 154
412 272
413 903
414 1451
415 1098
416 1577
417 1206
418 1491
419 363
420 1118
421 2105
422 1385
423 170
424 301
425 2559
426 2633
427 2427
428 831
429 712
430 968
431 912
432 2379
433 484
434 2600
435 2016
436 351
437 2990
438 1540
439 1356
440 371
441 1680
442 2151
443 924
444 1885
445 2682
446 2303
447 419
448 2234
449 2248
450 189
451 193
452 2860
453 1203
454 646
455 2332
456 2724
457 1204
458 2272
459 1504
460 38
461 2969
462 1637
463 2039
464 1451
465 2303
466 2791
467 638
468 2359
469 507
470 852
471 159
472 135
473 329
474 1490
475 778
476 2302
477 2467
478 304
479 1225
480 2006
481 37
482 1618
483 387
484 1214
485 2363
486 616
487 462
488 2639
489 93
490 1528
491 2577
492 622
493 662
494 2525
495 430
496 2819
497 2159
498 1563
499 2119
500 794
501 1764
502 1295
503 1902
504 1996
505 1953
506 790
507 1221
508 2708
509 486
510 1919
511 2633
512 2951
513 1116
514 1083
515 350
516 1785
517 1123
518 1525
519 2673
520 2502
521 816
522 1202
523 1295
524 1671
525 2791
526 1980
527 593
528 854
529 1163
530 1133
531 191
532 2142
533 1535
534 1279
535 2258
536 841
537 2531
538 2007
539 2461
540 932
541 6
542 2269
543 1837
544 128
545 2539
546 1079
547 704
548 1822
549 2030
550 1655
551 1586
552 592
553 1296
554 2313
555 1235
556 2833
557 817
558 2825
559 557
560 1751
561 1242
562 2767
563 39
564 1707
565 466
566 2964
567 2317
568 1209
569 2341
570 650
571 615
572 1486
573 2456
574 1774
575 19
576 1194
577 1619
578 653
579 135
580 2072
581 1928
582 2393
583 986
584 187
585 2513
586 2809
587 3000
588 1772
589 2285
590 1460
591 1384
592 1647
593 1732
594 2318
595 889
596 1041
597 575
598 660
599 2731
600 436
601 1803
602 210
603 888
604 1489
605 2250
606 1881
607 2052
608 1445
609 2382
610 2737
611 1003
612 1892
613 2890
614 1694
615 1992
616 1366
617 195
618 2959
619 2756
620 1095
621 1485
622 1470
623 2682
624 2238
625 1063
626 1990
627 1164
628 2425
629 1575
630 1936
631 2809
632 891
633 2648
634 2559
635 2362
636 795
637 383
638 2462
639 2802
640 2924
641 1021
642 1232
643 982
644 80
645 1824
646 2028
647 1643
648 2506
649 1042
650 544
651 380
652 2624
653 1119
654 11
655 53
656 2429
657 2196
658 1376
659 2541
660 1626
661 1082
662 1634
663 926
664 1554
665 180
666 955
667 838
668 1357
669 4
670 982
671 225
672 2512
673 378
674 1933
675 2080
676 2099
677 1231
678 2999
679 750
680 1521
681 1368
682 414
683 310
684 965
685 529
686 192
687 1833
688 2241
689 557
690 2083
691 2970
692 2915
693 653
694 315
695 2713
696 2333
697 2184
698 2613
699 2257
700 593
701 1739
702 886
703 265
704 2424
705 1724
706 456
707 1015
708 1953
709 941
710 1451
711 504
712 82
713 2334
714 2600
715 2148
716 2742
717 1709
718 869
719 846
720 511
721 393
722 2582
723 205
724 1568
725 1253
726 2735
727 2164
728 1702
729 2389
730 1026
731 1498
732 2353
733 1037
734 1000
735 2208
736 2349
737 2313
738 1942
739 681
740 2480
741 1733
742 1670
743 2036
744 558
745 2540
746 879
747 2985
748 1192
749 753
750 2276
751 2973
752 863
753 90
754 964
755 1330
756 1963
757 2507
758 2960
759 1859
760 2927
761 381
762 2927
763 1285
764 2782
765 737
766 2220
767 1255
768 1577
769 2658
770 2890
771 287
772 816
773 2247
774 109
775 2537
776 314
777 2975
778 577
779 486
780 2157
781 2735
782 1320
783 1035
784 2159
785 1601
786 1140
787 2863
788 502
789 2233
790 114
791 935
792 2905
793 2698
794 2708
795 1113
796 512
797 2205
798 1290
799 2544
800 1037
801 2571
802 2587
803 121
804 1564
805 2686
806 1400
807 2634
808 33
809 1898
810 2569
811 542
812 2605
813 1668
814 2415
815 2147
816 2882
817 421
818 2894
819 2918
820 2144
821 1662
822 177
823 2975
824 2523
825 1223
826 955
827 1537
828 296
829 2799
830 2835
831 2491
832 2503
833 2158
834 1915
835 714
836 2730
837 749
838 1959
839 1446
840 1334
841 1400
842 376
843 90
844 1879
845 852
846 577
847 1002
848 1730
849 1463
850 2890
851 1038
852 1151
853 1459
854 1365
855 2573
856 910
857 2610
858 2782
859 667
860 2646
861 316
862 2459
863 1144
864 1007
865 2492
866 2687
867 897
868 1285
869 425
870 555
871 2854
872 1539
873 1401
874 1718
875 1590
876 277
877 908
878 2469
879 498
880 1917
881 2095
882 545
883 829
884 1208
885 380
886 2152
887 591
888 1152
889 1322
890 351
891 2831
892 2527
893 1297
894 555
895 2715
896 1019
897 468
898 1222
899 2647
900 2734
901 2521
902 2842
903 857
904 1167
905 1202
906 1405
907 2546
908 1674
909 2681
910 2074
911 1709
912 2510
913 90
914 2458
915 1694
916 2902
917 1007
918 139
919 575
920 2926
921 2209
922 2400
923 1711
924 1012
925 2631
926 2932
927 1664
928 2121
929 1523
930 2469
931 2327
932 1207
933 629
934 29
935 2187
936 1507
937 872
938 1145
939 1946
940 1026
941 2809
942 1907
943 2204
944 726
945 1947
946 1336
947 524
948 1315
949 1469
950 2954
951 1036
952 2381
953 2594
954 2507
955 2695
956 721
957 126
958 884
959 2180
960 1583
961 2510
962 1854
963 1470
964 1816
965 1887
966 1761
967 2974

