653 77
0 484
1 489
2 2212
3 1690
4 383
5 1137
6 1606
7 1194
8 798
9 118
10 892
11 1008
12 59
13 174
14 1857
15 1157
16 2207
17 2897
18 835
19 356
20 2154
21 2857
22 1217
23 2692
24 509
25 2798
26 414
27 882
28 1354
29 1356
30 2798
31 960
32 1000
33 1342
34 2928
35 1475
36 2434
37 1531
38 298
39 51
40 2163
41 826
42 989
43 2144
44 1810
45 356
46 1882
47 2552
48 791
49 1298
50 1728
51 542
52 298
53 516
54 1174
55 1297
56 2983
57 2310
58 520
59 1001
60 2342
61 2706
62 1265
63 1462
64 2
65 505
66 1849
67 1488
68 27
69 2628
70 1134
71 1061
72 2473
73 2429
74 209
75 240
76 2248
77 1914
78 1063
79 467
80 2525
81 162
82 2736
83 642
84 523
85 2364
86 67
87 1335
88 733
89 1155
90 631
91 234
92 1445
93 1476
94 2800
95 2704
96 2446
97 1853
98 457
99 2220
100 1988
101 1779
102 371
103 2934
104 414
105 1895
106 2367
107 731
108 2202
109 422
110 1962
111 2150
112 939
113 2729
114 1696
115 263
116 2907
117 519
118 1803
119 2210
120 1446
121 1243
122 2698
123 770
124 2124
125 1022
126 1608
127 581
128 1998
129 444
130 413
131 138
132 1920
133 1332
134 1354
135 464
136 592
137 2116
138 876
139 2503
140 1125
141 2843
142 2738
143 35
144 368
145 1384
146 670
147 881
148 1698
149 2931
150 1839
151 662
152 789
153 1971
154 1853
155 968
156 182
157 2008
158 2932
159 2996
160 2530
161 1044
162 2556
163 927
164 2384
165 1422
166 827
167 1543
168 2975
169 2977
170 1742
171 571
172 2762
173 1956
174 2406
175 166
176 2407
177 1760
178 2973
179 1712
180 567
181 2874
182 2850
183 1750
184 334
185 771
186 1837
187 1090
188 523
189 1502
190 1895
191 1555
192 1956
193 177
194 2407
195 2543
196 658
197 2117
198 2915
199 1034
200 55
201 2982
202 2266
203 619
204 1337
205 2892
206 866
207 882
208 1040
209 1038
210 2810
211 1944
212 1233
213 2077
214 2543
215 39
216 1691
217 17
218 1618
219 1809
220 1144
221 131
222 1360
223 2001
224 576
225 1222
226 1142
227 2623
228 444
229 219
230 2699
231 2543
232 147
233 488
234 865
235 92
236 1668
237 2022
238 1302
239 2848
240 2456
241 817
242 2442
243 2365
244 2537
245 291
246 1676
247 1411
248 1561
249 1393
250 2446
251 2421
252 2001
253 2025
254 1553
255 2815
256 546
257 2837
258 894
259 2977
260 2593
261 2053
262 1828
263 659
264 834
265 2417
266 2813
267 794
268 2987
269 1807
270 1447
271 2639
272 409
273 2119
274 846
275 1957
276 872
277 1321
278 123
279 2597
280 2614
281 2770
282 970
283 428
284 2740
285 738
286 422
287 1804
288 135
289 2247
290 2824
291 198
292 549
293 415
294 2681
295 2123
296 475
297 90
298 1743
299 2898
300 2077
301 717
302 83
303 2812
304 475
305 27
306 313
307 1882
308 267
309 2823
310 2966
311 2836
312 521
313 2814
314 572
315 762
316 551
317 1620
318 39
319 2702
320 1885
321 2054
322 622
323 1006
324 1739
325 2636
326 1492
327 1429
328 2275
329 576
330 476
331 2426
332 801
333 630
334 1549
335 1727
336 2461
337 176
338 1374
339 52
340 452
341 1870
342 371
343 2240
344 730
345 1123
346 2237
347 1558
348 561
349 1244
350 1585
351 1218
352 719
353 2556
354 603
355 835
356 965
357 2413
358 1181
359 722
360 761
361 111
362 2022
363 45
364 2938
365 2185
366 206
367 1100
368 647
369 1743
370 1819
371 1017
372 2756
373 1812
374 2445
375 1391
376 2192
377 1052
378 2437
379 2851
380 661
381 1662
382 2101
383 2228
384 409
385 2143
386 743
387 1217
388 2233
389 603
390 375
391 1281
392 2973
393 790
394 1087
395 1063
396 826
397 2489
398 522
399 611
400 2199
401 539
402 2626
403 1589
404 1668
405 2029
406 1658
407 180
408 1385
409 1845
410 2050
411 1383
412 425
413 1777
414 41
415 2556
416 2452
417 2641
418 956
419 1063
420 2861
421 1542
422 2116
423 396
424 369
425 2672
426 906
427 1677
428 1773
429 2002
430 1844
431 2391
432 472
433 2781
434 1557
435 1889
436 2631
437 62
438 94
439 1932
440 417
441 2197
442 498
443 591
444 485
445 377
446 2210
447 675
448 2374
449 2552
450 1804
451 2471
452 826
453 866
454 951
455 2031
456 2156
457 690
458 1624
459 238
460 1215
461 2141
462 1085
463 2657
464 785
465 484
466 721
467 1415
468 1082
469 2926
470 1765
471 1535
472 679
473 1217
474 1051
475 708
476 1270
477 2004
478 976
479 764
480 270
481 1269
482 2355
483 195
484 715
485 969
486 1641
487 2816
488 1299
489 714
490 2716
491 2789
492 1740
493 2672
494 1468
495 2113
496 2725
497 1737
498 2766
499 1053
500 1890
501 2148
502 1998
503 2818
504 1131
505 1644
506 86
507 1425
508 399
509 349
510 743
511 508
512 2819
513 2479
514 1031
515 909
516 2645
517 1677
518 2827
519 221
520 302
521 1335
522 303
523 136
524 2728
525 1382
526 2644
527 949
528 404
529 2367
530 1626
531 2977
532 635
533 1961
534 2340
535 2068
536 1618
537 2712
538 1067
539 1859
540 1053
541 2805
542 2414
543 1097
544 2104
545 1769
546 1128
547 1919
548 826
549 1004
550 841
551 2805
552 1515
553 2024
554 446
555 731
556 669
557 1108
558 2239
559 993
560 1292
561 1328
562 2549
563 2871
564 441
565 1579
566 962
567 2342
568 2245
569 2244
570 820
571 1275
572 2042
573 1651
574 1298
575 812
576 2595
577 2707
578 1004
579 2291
580 1219
581 542
582 148
583 2278
584 786
585 2227
586 1323
587 1748
588 771
589 1975
590 198
591 118
592 263
593 503
594 2280
595 2482
596 2650
597 1990
598 1016
599 1236
600 2887
601 871
602 2753
603 1211
604 634
605 2188
606 2300
607 878
608 2127
609 2754
610 2040
611 538
612 754
613 2288
614 1789
615 2689
616 2502
617 1708
618 1285
619 2199
620 854
621 1451
622 2156
623 771
624 2357
625 2273
626 2723
627 1523
628 1789
629 244
630 1253
631 403
632 1420
633 1944
634 1579
635 90
636 591
637 1633
638 2770
639 1957
640 776
641 2028
642 591
643 2280
644 2258
645 2801
646 728
647 27
648 233
649 1458
650 2746
651 2421
652 291

