688 16
0 1753
1 1838
2 1879
3 2286
4 1577
5 1448
6 2911
7 2132
8 2271
9 508
10 191
11 1399
12 216
13 431
14 1439
15 2156
16 1978
17 1591
18 2092
19 2462
20 140
21 1344
22 955
23 1682
24 392
25 471
26 1703
27 479
28 1371
29 1910
30 1477
31 2291
32 379
33 572
34 2454
35 1000
36 1513
37 546
38 2115
39 961
40 1617
41 1443
42 2733
43 1920
44 2402
45 191
46 831
47 977
48 2845
49 1381
50 2120
51 223
52 344
53 2832
54 956
55 451
56 614
57 2262
58 367
59 2111
60 1236
61 1349
62 1085
63 759
64 984
65 1900
66 991
67 1375
68 360
69 1450
70 693
71 467
72 564
73 2173
74 175
75 2974
76 2633
77 2338
78 1130
79 897
80 637
81 1149
82 439
83 1702
84 571
85 1078
86 421
87 1979
88 2605
89 1046
90 2084
91 1798
92 1263
93 1860
94 1221
95 502
96 142
97 1784
98 326
99 2211
100 190
101 2492
102 1117
103 438
104 1332
105 2056
106 1028
107 2959
108 1160
109 2752
110 193
111 2985
112 2778
113 1613
114 2782
115 2575
116 1331
117 409
118 1293
119 810
120 565
121 1076
122 58
123 1891
124 595
125 1605
126 2647
127 2075
128 1191
129 1979
130 419
131 938
132 2057
133 1856
134 1991
135 712
136 2575
137 909
138 2323
139 186
140 2993
141 457
142 1536
143 382
144 728
145 817
146 696
147 822
148 418
149 2020
150 26
151 1931
152 1892
153 1868
154 2532
155 2341
156 2663
157 2741
158 1763
159 2085
160 1269
161 558
162 2578
163 1703
164 1043
165 2551
166 1347
167 2259
168 1523
169 997
170 996
171 2885
172 848
173 497
174 1110
175 2543
176 2007
177 2279
178 2582
179 955
180 2796
181 2921
182 1885
183 1418
184 2525
185 569
186 368
187 1739
188 946
189 1901
190 1148
191 1211
192 2880
193 336
194 2892
195 2494
196 1624
197 83
198 2094
199 2535
200 40
201 1206
202 1118
203 2880
204 438
205 559
206 770
207 549
208 2744
209 748
210 2852
211 2057
212 771
213 810
214 842
215 1840
216 1295
217 2647
218 214
219 238
220 742
221 355
222 1718
223 2615
224 1610
225 1952
226 1529
227 2438
228 1294
229 1096
230 2482
231 1122
232 2050
233 1845
234 1849
235 1708
236 2418
237 1519
238 2110
239 1971
240 2892
241 676
242 1368
243 2094
244 2553
245 1695
246 284
247 1166
248 2001
249 2271
250 2502
251 2709
252 774
253 2284
254 1909
255 1121
256 377
257 251
258 904
259 1917
260 1407
261 86
262 2208
263 893
264 835
265 517
266 848
267 1951
268 2907
269 1562
270 904
271 2253
272 2848
273 1647
274 59
275 1251
276 2957
277 297
278 1876
279 26
280 1590
281 1080
282 179
283 2052
284 2728
285 686
286 1404
287 1131
288 1250
289 2168
290 2322
291 377
292 1127
293 1298
294 2702
295 50
296 2122
297 631
298 889
299 2850
300 1802
301 2209
302 2593
303 1615
304 746
305 2721
306 1405
307 294
308 1023
309 2197
310 1829
311 2290
312 30
313 1843
314 1607
315 772
316 2539
317 1168
318 467
319 676
320 349
321 1865
322 1913
323 2013
324 181
325 2905
326 2978
327 684
328 555
329 494
330 760
331 1056
332 643
333 1337
334 713
335 1991
336 762
337 2455
338 1032
339 986
340 2938
341 1908
342 2581
343 2329
344 438
345 1403
346 1822
347 1941
348 662
349 2542
350 1380
351 1146
352 1860
353 380
354 1603
355 428
356 925
357 2489
358 132
359 2239
360 1162
361 392
362 2314
363 1347
364 2282
365 261
366 1476
367 2266
368 1277
369 2302
370 2340
371 1313
372 2147
373 1974
374 841
375 2318
376 1718
377 397
378 2149
379 1489
380 2434
381 453
382 2721
383 2060
384 2288
385 326
386 1803
387 2024
388 2138
389 396
390 332
391 1055
392 2771
393 497
394 1898
395 555
396 1695
397 2006
398 434
399 2414
400 1265
401 2239
402 2664
403 657
404 1185
405 573
406 2972
407 1299
408 1077
409 2194
410 1764
411 1303
412 659
413 2539
414 1321
415 1525
416 279
417 1552
418 643
419 2109
420 88
421 2488
422 1602
423 2860
424 195
425 1710
426 2158
427 627
428 494
429 2478
430 1899
431 1915
432 696
433 1372
434 848
435 1360
436 296
437 67
438 2637
439 1121
440 1435
441 673
442 234
443 1053
444 474
445 1681
446 2721
447 2024
448 1454
449 1477
450 1604
451 2218
452 219
453 619
454 796
455 2841
456 2703
457 712
458 415
459 964
460 1585
461 987
462 590
463 1103
464 1816
465 1255
466 1109
467 1047
468 45
469 1700
470 1090
471 1449
472 2651
473 898
474 1781
475 641
476 2148
477 2405
478 2957
479 2789
480 272
481 1427
482 2752
483 2316
484 2714
485 1700
486 708
487 282
488 2929
489 1421
490 1431
491 557
492 2223
493 1179
494 574
495 2678
496 1048
497 401
498 108
499 2306
500 2515
501 2485
502 432
503 2758
504 1981
505 2874
506 2211
507 1584
508 2511
509 102
510 2881
511 1945
512 719
513 1998
514 2055
515 2778
516 1739
517 2715
518 1368
519 2110
520 2659
521 2176
522 122
523 2363
524 623
525 1196
526 2333
527 133
528 1640
529 1179
530 1995
531 2792
532 2370
533 350
534 1513
535 1898
536 1851
537 1298
538 1633
539 1141
540 1111
541 1851
542 529
543 2861
544 1621
545 2093
546 205
547 232
548 2005
549 177
550 2039
551 2557
552 2152
553 1387
554 2008
555 2276
556 2518
557 108
558 1109
559 919
560 2695
561 2979
562 739
563 25
564 1261
565 1664
566 579
567 2284
568 1652
569 1878
570 2343
571 1333
572 831
573 2260
574 762
575 1459
576 2744
577 533
578 1272
579 2028
580 2946
581 1954
582 1354
583 300
584 1036
585 2973
586 1584
587 1177
588 582
589 1039
590 1969
591 2018
592 911
593 768
594 163
595 2847
596 1307
597 294
598 140
599 1671
600 156
601 1638
602 1295
603 2150
604 267
605 851
606 337
607 1839
608 2472
609 1554
610 2884
611 2136
612 737
613 855
614 2008
615 976
616 878
617 1617
618 2809
619 1203
620 2355
621 1817
622 69
623 1816
624 509
625 2246
626 1392
627 968
628 2110
629 1326
630 1066
631 1253
632 626
633 1597
634 642
635 787
636 1143
637 1040
638 2012
639 130
640 1311
641 1444
642 226
643 1180
644 1516
645 2479
646 1446
647 841
648 2464
649 2612
650 1709
651 1621
652 2175
653 2170
654 111
655 2554
656 678
657 2677
658 353
659 1906
660 944
661 1788
662 1150
663 1103
664 1666
665 2956
666 2680
667 489
668 2655
669 932
670 2712
671 2630
672 705
673 2730
674 2180
675 2397
676 1703
677 1787
678 1135
679 298
680 2194
681 966
682 1222
683 2556
684 1949
685 2960
686 3
687 828

