877 35
0 1470
1 2286
2 2191
3 1307
4 345
5 1815
6 1193
7 131
8 2478
9 779
10 902
11 869
12 1924
13 2326
14 1370
15 109
16 1571
17 1514
18 2592
19 1267
20 2753
21 1020
22 2637
23 686
24 1868
25 2341
26 981
27 2412
28 493
29 2795
30 2525
31 1575
32 388
33 47
34 1098
35 2022
36 1970
37 2067
38 2815
39 2727
40 1209
41 1408
42 1758
43 218
44 1463
45 540
46 1009
47 2628
48 2104
49 786
50 1571
51 2776
52 340
53 1900
54 1947
55 416
56 137
57 30
58 2427
59 2186
60 1993
61 2951
62 2589
63 1569
64 2173
65 620
66 1569
67 1083
68 2727
69 2337
70 2588
71 2962
72 2421
73 2409
74 1810
75 2426
76 1754
77 2662
78 2005
79 493
80 2247
81 895
82 1520
83 364
84 442
85 70
86 1069
87 2340
88 2370
89 1793
90 612
91 1616
92 2025
93 353
94 1380
95 468
96 1276
97 1444
98 1293
99 1138
100 1359
101 2369
102 1260
103 2177
104 2463
105 1821
106 2092
107 2885
108 1118
109 91
110 728
111 1002
112 1807
113 1768
114 477
115 2986
116 2025
117 170
118 573
119 215
120 132
121 452
122 434
123 1336
124 632
125 1993
126 1598
127 700
128 1600
129 2512
130 85
131 524
132 2539
133 2659
134 7
135 2197
136 1912
137 1780
138 2261
139 626
140 2566
141 2009
142 1828
143 2742
144 824
145 2698
146 1624
147 1867
148 737
149 1997
150 2145
151 345
152 1163
153 478
154 976
155 2194
156 1905
157 728
158 2729
159 2553
160 1071
161 983
162 931
163 2116
164 1910
165 912
166 2140
167 766
168 2959
169 2606
170 1906
171 997
172 1561
173 228
174 1255
175 2844
176 2706
177 1845
178 933
179 2592
180 1522
181 346
182 2323
183 899
184 2823
185 183
186 68
187 2649
188 2181
189 305
190 89
191 2243
192 965
193 387
194 1905
195 739
196 1505
197 1987
198 1868
199 2821
200 879
201 2188
202 2424
203 352
204 289
205 1576
206 746
207 2271
208 1117
209 2923
210 2503
211 1545
212 657
213 2512
214 1488
215 1831
216 368
217 2180
218 1694
219 2798
220 2933
221 1040
222 1105
223 2105
224 1160
225 713
226 1723
227 907
228 2779
229 1164
230 1939
231 2398
232 1012
233 976
234 927
235 187
236 1325
237 2117
238 2304
239 1922
240 2943
241 1158
242 2683
243 337
244 479
245 39
246 2457
247 2918
248 1411
249 2851
250 2918
251 917
252 2382
253 867
254 2676
255 2385
256 227
257 772
258 1899
259 2180
260 29
261 1384
262 2035
263 1091
264 1821
265 1408
266 939
267 2230
268 2938
269 1127
270 1868
271 238
272 1849
273 2195
274 1462
275 2930
276 1305
277 1251
278 702
279 2506
280 1153
281 1624
282 2504
283 1784
284 956
285 166
286 653
287 2650
288 2435
289 1705
290 1637
291 2117
292 2052
293 2565
294 218
295 2180
296 714
297 695
298 884
299 680
300 2310
301 895
302 117
303 1391
304 541
305 808
306 971
307 2273
308 1324
309 2186
310 2244
311 1020
312 690
313 803
314 2609
315 730
316 1368
317 2255
318 2749
319 1283
320 2010
321 636
322 1371
323 2639
324 837
325 864
326 807
327 155
328 2792
329 1021
330 2981
331 1656
332 158
333 421
334 1287
335 2704
336 2215
337 2119
338 1962
339 731
340 544
341 728
342 1839
343 23
344 2479
345 555
346 379
347 1437
348 1409
349 995
350 1268
351 2022
352 1899
353 1337
354 602
355 272
356 2150
357 864
358 2740
359 2733
360 2672
361 2287
362 489
363 1650
364 2389
365 721
366 360
367 250
368 2985
369 1610
370 1617
371 780
372 1488
373 2752
374 2316
375 1327
376 230
377 2043
378 770
379 910
380 1979
381 1809
382 166
383 1107
384 769
385 2500
386 1978
387 433
388 1250
389 2111
390 732
391 1535
392 1770
393 1880
394 2757
395 1378
396 2288
397 1912
398 413
399 562
400 2113
401 2365
402 1822
403 604
404 1190
405 746
406 1933
407 2076
408 1440
409 1784
410 2422
411 1057
412 1837
413 2739
414 2738
415 2836
416 2066
417 760
418 1148
419 1400
420 2035
421 2104
422 672
423 942
424 1721
425 1349
426 2211
427 521
428 1822
429 605
430 2925
431 2153
432 1538
433 157
434 1850
435 1440
436 89
437 2467
438 1550
439 1256
440 1963
441 2186
442 1873
443 2354
444 2354
445 785
446 123
447 1583
448 1149
449 795
450 858
451 256
452 1873
453 578
454 2704
455 2356
456 1379
457 2194
458 933
459 474
460 1339
461 2404
462 2319
463 2878
464 2328
465 1980
466 2548
467 769
468 360
469 1537
470 2139
471 2860
472 848
473 2966
474 947
475 2999
476 594
477 78
478 258
479 75
480 23
481 121
482 488
483 2350
484 1900
485 2390
486 142
487 2775
488 1560
489 2811
490 2862
491 1773
492 2328
493 1204
494 2538
495 1109
496 257
497 1921
498 1697
499 940
500 240
501 1122
502 1569
503 2855
504 4
505 879
506 449
507 701
508 978
509 1722
510 2187
511 2494
512 2238
513 2577
514 1825
515 2444
516 1123
517 2409
518 1555
519 1064
520 2817
521 2487
522 474
523 695
524 700
525 2126
526 2873
527 902
528 560
529 797
530 926
531 2313
532 1215
533 808
534 2770
535 1666
536 1383
537 2337
538 982
539 123
540 1393
541 1938
542 2442
543 2910
544 1624
545 705
546 2781
547 1146
548 102
549 1526
550 1144
551 785
552 2130
553 851
554 1958
555 1564
556 2735
557 1928
558 2176
559 734
560 2709
561 789
562 1109
563 370
564 2310
565 1219
566 179
567 2659
568 1430
569 170
570 1589
571 10
572 1275
573 2758
574 2142
575 2431
576 1788
577 2725
578 1343
579 782
580 1429
581 384
582 908
583 372
584 2665
585 781
586 2835
587 352
588 1286
589 1406
590 2872
591 2820
592 755
593 1337
594 703
595 719
596 459
597 945
598 1841
599 601
600 493
601 571
602 1502
603 682
604 2514
605 2038
606 1089
607 1912
608 737
609 1254
610 1465
611 2253
612 581
613 420
614 874
615 1122
616 959
617 2401
618 2125
619 2358
620 2860
621 1874
622 1292
623 330
624 2802
625 56
626 2961
627 1135
628 105
629 165
630 970
631 1390
632 104
633 110
634 2050
635 2019
636 570
637 2288
638 1428
639 2684
640 1200
641 1306
642 1040
643 2207
644 108
645 2727
646 1611
647 61
648 1277
649 2615
650 1812
651 983
652 2652
653 2183
654 2726
655 2288
656 579
657 357
658 1813
659 1407
660 1435
661 2527
662 448
663 2984
664 642
665 1584
666 2377
667 2688
668 1947
669 1507
670 620
671 1284
672 167
673 2625
674 2561
675 1551
676 1529
677 2816
678 2006
679 443
680 2957
681 709
682 474
683 2357
684 1986
685 1507
686 1582
687 2577
688 1568
689 122
690 2367
691 2473
692 994
693 1079
694 428
695 630
696 470
697 918
698 456
699 2727
700 2045
701 579
702 1021
703 1489
704 234
705 913
706 1946
707 2541
708 11
709 2976
710 2697
711 1528
712 818
713 1802
714 1471
715 334
716 589
717 1530
718 1210
719 211
720 105
721 297
722 505
723 337
724 1947
725 1832
726 977
727 1810
728 472
729 454
730 2951
731 1107
732 2660
733 298
734 1593
735 138
736 2662
737 450
738 2304
739 2659
740 2259
741 2512
742 2266
743 454
744 1363
745 696
746 1248
747 1047
748 2355
749 78
750 1593
751 1958
752 2343
753 2807
754 2574
755 2868
756 1661
757 1687
758 102
759 2851
760 714
761 2447
762 1326
763 818
764 828
765 1145
766 1461
767 2990
768 7
769 1202
770 1799
771 1883
772 2682
773 1945
774 1491
775 2335
776 1380
777 298
778 1096
779 1644
780 684
781 1047
782 1250
783 1237
784 1084
785 2988
786 1679
787 2576
788 901
789 469
790 2113
791 2175
792 934
793 2411
794 1676
795 474
796 1103
797 729
798 274
799 2166
800 2326
801 2305
802 987
803 1636
804 2941
805 1005
806 2913
807 565
808 1728
809 1190
810 1787
811 197
812 783
813 2434
814 356
815 651
816 2717
817 736
818 489
819 1904
820 2516
821 655
822 1263
823 633
824 1888
825 435
826 2754
827 14
828 865
829 515
830 129
831 2198
832 2365
833 2890
834 617
835 646
836 913
837 1179
838 2923
839 2066
840 161
841 2426
842 2412
843 638
844 2481
845 728
846 2147
847 998
848 314
849 2924
850 1780
851 2689
852 1239
853 1690
854 1847
855 115
856 2518
857 2741
858 1536
859 2651
860 419
861 156
862 1023
863 1790
864 1729
865 531
866 207
867 2865
868 2879
869 1114
870 1550
871 2981
872 261
873 586
874 1925
875 425
876 150

