287 89
0 1509
1 2810
2 2859
3 219
4 2058
5 2392
6 2257
7 2458
8 1994
9 1023
10 254
11 1322
12 1454
13 2721
14 1326
15 2363
16 595
17 295
18 14
19 1986
20 1891
21 1819
22 677
23 2005
24 1100
25 1584
26 1435
27 2377
28 1440
29 2367
30 2940
31 751
32 1499
33 88
34 1464
35 2846
36 1597
37 1514
38 38
39 1659
40 949
41 2680
42 2068
43 1918
44 1982
45 507
46 675
47 156
48 706
49 783
50 1585
51 1347
52 1928
53 2246
54 1189
55 2524
56 701
57 1374
58 711
59 871
60 1675
61 1087
62 2380
63 446
64 2254
65 1082
66 2778
67 500
68 794
69 2247
70 1420
71 1275
72 1035
73 1549
74 1905
75 1553
76 2263
77 736
78 1752
79 1399
80 2690
81 1061
82 155
83 2841
84 119
85 2286
86 2322
87 1414
88 1377
89 2674
90 1602
91 2217
92 2418
93 2882
94 1806
95 777
96 1793
97 2996
98 2659
99 1280
100 2770
101 402
102 2823
103 2490
104 1368
105 194
106 727
107 2976
108 1191
109 1271
110 2777
111 722
112 2144
113 1724
114 1995
115 1517
116 2394
117 263
118 1809
119 1985
120 2235
121 169
122 1289
123 1088
124 181
125 311
126 2439
127 254
128 1903
129 1151
130 136
131 962
132 536
133 1580
134 686
135 1950
136 254
137 2307
138 1684
139 1879
140 1891
141 5
142 1143
143 495
144 1307
145 332
146 572
147 2314
148 1617
149 866
150 2156
151 682
152 2144
153 1395
154 704
155 1744
156 1306
157 464
158 1298
159 2402
160 903
161 167
162 1829
163 2763
164 1210
165 2259
166 235
167 840
168 613
169 269
170 1664
171 2273
172 2453
173 2047
174 347
175 2570
176 2957
177 2188
178 633
179 2636
180 1074
181 1414
182 1723
183 234
184 1831
185 2011
186 696
187 1501
188 1240
189 2542
190 8
191 1557
192 184
193 1051
194 761
195 1824
196 867
197 757
198 1794
199 2512
200 2600
201 1486
202 66
203 1844
204 1549
205 1980
206 2126
207 1543
208 1021
209 1078
210 365
211 2682
212 550
213 1477
214 1336
215 1176
216 2057
217 1913
218 2936
219 2358
220 2861
221 1517
222 2138
223 2418
224 785
225 2506
226 817
227 2633
228 1830
229 2121
230 2521
231 2158
232 365
233 59
234 2218
235 1404
236 2048
237 2572
238 1730
239 2007
240 1371
241 2983
242 1449
243 1387
244 1138
245 1487
246 2833
247 1324
248 2535
249 1259
250 1763
251 689
252 2864
253 279
254 2302
255 6
256 1061
257 2102
258 2068
259 1356
260 1597
261 900
262 283
263 548
264 74
265 154
266 850
267 2479
268 2459
269 2815
270 394
271 2274
272 1552
273 1187
274 2183
275 1363
276 2511
277 260
278 150
279 2252
280 98
281 2618
282 877
283 1566
284 1320
285 322
286 2113

