400 46
0 689
1 2022
2 1287
3 1855
4 746
5 1579
6 1712
7 719
8 1716
9 644
10 2653
11 1645
12 1619
13 290
14 1890
15 1724
16 412
17 2094
18 2688
19 2311
20 337
21 2703
22 2149
23 1936
24 284
25 1396
26 311
27 1601
28 2649
29 1206
30 1907
31 1550
32 1408
33 982
34 1176
35 1712
36 2353
37 560
38 2997
39 513
40 1657
41 1474
42 2457
43 1955
44 2662
45 913
46 2221
47 1779
48 2329
49 2790
50 1350
51 2189
52 583
53 792
54 45
55 452
56 671
57 1647
58 910
59 886
60 2526
61 442
62 539
63 1687
64 377
65 182
66 1771
67 1818
68 1618
69 2348
70 1034
71 592
72 586
73 333
74 1307
75 1870
76 1437
77 1210
78 1652
79 1329
80 2602
81 2051
82 2167
83 2849
84 2431
85 1207
86 2516
87 1310
88 2352
89 1814
90 899
91 2647
92 2210
93 158
94 201
95 62
96 1375
97 1952
98 1370
99 1211
100 820
101 370
102 2927
103 68
104 2031
105 116
106 2658
107 2016
108 828
109 872
110 2720
111 1342
112 351
113 2809
114 2654
115 1563
116 998
117 1389
118 409
119 1593
120 1316
121 2366
122 1299
123 1408
124 1161
125 72
126 2109
127 2680
128 470
129 1215
130 619
131 1712
132 1919
133 1691
134 2904
135 917
136 137
137 1170
138 1692
139 1212
140 291
141 97
142 2989
143 440
144 1594
145 1569
146 2873
147 1938
148 1478
149 1154
150 2072
151 2899
152 2738
153 1733
154 2762
155 2779
156 1344
157 852
158 1018
159 544
160 1669
161 1862
162 1254
163 520
164 2759
165 988
166 1662
167 771
168 575
169 2824
170 337
171 720
172 630
173 567
174 2842
175 832
176 803
177 688
178 300
179 2213
180 1579
181 542
182 2071
183 40
184 1661
185 652
186 2459
187 851
188 2563
189 2552
190 2495
191 1740
192 2586
193 40
194 4
195 2395
196 2125
197 1246
198 0
199 357
200 2956
201 2437
202 568
203 1108
204 1636
205 294
206 398
207 2199
208 297
209 1392
210 1256
211 1887
212 2860
213 1359
214 1173
215 2286
216 2143
217 347
218 1617
219 703
220 2206
221 549
222 482
223 2213
224 2612
225 2890
226 1761
227 1134
228 382
229 1904
230 2901
231 2773
232 572
233 454
234 281
235 935
236 1959
237 1608
238 2780
239 592
240 2237
241 2534
242 39
243 2524
244 2794
245 477
246 1273
247 1049
248 2488
249 710
250 1196
251 2950
252 1839
253 1510
254 1918
255 182
256 2099
257 2422
258 1128
259 1600
260 584
261 972
262 2705
263 2988
264 698
265 800
266 798
267 418
268 1299
269 1846
270 1417
271 2333
272 2663
273 1639
274 403
275 347
276 85
277 1366
278 2213
279 2277
280 2209
281 2200
282 748
283 285
284 2654
285 1676
286 2808
287 800
288 1578
289 1209
290 2485
291 1148
292 1868
293 620
294 1241
295 1446
296 484
297 2488
298 2011
299 2598
300 2857
301 178
302 233
303 1715
304 798
305 1860
306 2578
307 1340
308 1984
309 2670
310 772
311 1446
312 271
313 1872
314 2734
315 1818
316 491
317 599
318 2932
319 1569
320 1285
321 1773
322 534
323 713
324 1670
325 871
326 895
327 926
328 1981
329 1748
330 2947
331 2976
332 2126
333 1591
334 1948
335 2526
336 63
337 2164
338 1229
339 582
340 1138
341 1503
342 507
343 1317
344 1907
345 1979
346 1096
347 938
348 31
349 1263
350 1578
351 902
352 1098
353 1136
354 490
355 32
356 152
357 1046
358 1809
359 434
360 657
361 2116
362 914
363 2049
364 1492
365 460
366 2433
367 297
368 2772
369 2885
370 2069
371 527
372 1972
373 1559
374 2782
375 2184
376 2515
377 1152
378 687
379 2724
380 1726
381 48
382 1748
383 641
384 143
385 1586
386 281
387 2727
388 2258
389 1721
390 810
391 2060
392 1010
393 2700
394 53
395 1576
396 492
397 2893
398 1655
399 510

