647 17
0 754
1 2966
2 1979
3 475
4 2933
5 239
6 1601
7 2436
8 2088
9 2665
10 1283
11 1787
12 772
13 2572
14 170
15 1493
16 588
17 2985
18 970
19 2340
20 423
21 353
22 2340
23 1728
24 2025
25 1178
26 1268
27 2630
28 701
29 2198
30 293
31 2362
32 1454
33 498
34 2283
35 554
36 2221
37 1605
38 817
39 1948
40 1801
41 203
42 744
43 1407
44 2380
45 540
46 760
47 2405
48 547
49 2233
50 276
51 2961
52 1758
53 2015
54 1219
55 187
56 52
57 993
58 1234
59 572
60 2667
61 2305
62 1055
63 958
64 1893
65 965
66 1372
67 1243
68 496
69 1443
70 2887
71 1991
72 891
73 2686
74 1052
75 2307
76 2341
77 1666
78 1802
79 888
80 2365
81 2123
82 603
83 1228
84 2288
85 2380
86 1762
87 1544
88 2952
89 2809
90 2281
91 2513
92 411
93 2684
94 2951
95 1532
96 2302
97 647
98 1815
99 1909
100 2615
101 584
102 966
103 1817
104 972
105 2484
106 2961
107 1680
108 406
109 282
110 659
111 1529
112 511
113 293
114 2885
115 2906
116 231
117 1096
118 2325
119 1617
120 2089
121 332
122 581
123 116
124 955
125 1932
126 1269
127 178
128 501
129 2849
130 537
131 204
132 1795
133 442
134 1190
135 1614
136 147
137 2116
138 92
139 1749
140 2965
141 1195
142 1755
143 986
144 1197
145 1825
146 91
147 1251
148 53
149 1383
150 180
151 2611
152 2026
153 2470
154 1867
155 2641
156 336
157 1637
158 625
159 2333
160 539
161 1562
162 2137
163 1637
164 522
165 876
166 2850
167 1068
168 542
169 2723
170 2717
171 2886
172 2202
173 886
174 1462
175 2013
176 2764
177 249
178 2864
179 320
180 569
181 589
182 254
183 832
184 395
185 190
186 135
187 1654
188 1458
189 465
190 2035
191 2020
192 2368
193 536
194 2818
195 1203
196 1395
197 2025
198 457
199 2135
200 731
201 522
202 1095
203 1908
204 2975
205 2243
206 1516
207 2387
208 2612
209 2419
210 1135
211 1260
212 2473
213 789
214 1030
215 874
216 2884
217 601
218 1697
219 2969
220 2798
221 1503
222 2156
223 1703
224 351
225 1838
226 72
227 2466
228 2566
229 2072
230 2014
231 2508
232 1301
233 1225
234 1715
235 2376
236 1291
237 579
238 1598
239 2060
240 59
241 2824
242 1520
243 429
244 565
245 600
246 2216
247 1679
248 2627
249 2157
250 1712
251 2467
252 1387
253 229
254 1169
255 227
256 2061
257 210
258 1648
259 1499
260 1637
261 1109
262 2445
263 1737
264 895
265 2484
266 124
267 620
268 2979
269 2730
270 1984
271 783
272 2049
273 477
274 2842
275 387
276 153
277 2487
278 229
279 2160
280 525
281 2355
282 1939
283 980
284 730
285 2039
286 2623
287 2244
288 159
289 1913
290 466
291 1191
292 2592
293 1893
294 2084
295 2628
296 115
297 492
298 1023
299 1203
300 1388
301 915
302 661
303 1357
304 501
305 1968
306 155
307 1477
308 936
309 2561
310 898
311 849
312 2455
313 1285
314 1309
315 1352
316 1105
317 893
318 1567
319 2177
320 2075
321 140
322 1433
323 21
324 248
325 572
326 1882
327 497
328 1457
329 1450
330 1418
331 1926
332 2744
333 775
334 2528
335 672
336 2719
337 1298
338 443
339 2481
340 718
341 2331
342 1425
343 741
344 1527
345 1808
346 2879
347 1464
348 1874
349 1954
350 1523
351 2898
352 110
353 827
354 408
355 802
356 2763
357 1682
358 1590
359 1403
360 852
361 2389
362 1350
363 1188
364 2903
365 137
366 2100
367 2053
368 124
369 357
370 627
371 1042
372 2048
373 328
374 2190
375 1221
376 1043
377 1451
378 1320
379 1854
380 2990
381 931
382 1821
383 331
384 813
385 1998
386 1242
387 12
388 1770
389 1835
390 1065
391 2787
392 486
393 31
394 996
395 1222
396 2126
397 1964
398 2929
399 1966
400 1301
401 1213
402 2353
403 1933
404 2615
405 2511
406 535
407 1446
408 663
409 2295
410 997
411 2409
412 2452
413 1693
414 2075
415 1955
416 2517
417 1923
418 1953
419 2712
420 267
421 2564
422 2228
423 2909
424 71
425 2979
426 782
427 736
428 2570
429 447
430 721
431 1421
432 2329
433 737
434 271
435 2128
436 907
437 369
438 2373
439 2479
440 402
441 2663
442 1016
443 475
444 901
445 516
446 2092
447 97
448 959
449 2310
450 125
451 2809
452 1919
453 1420
454 1587
455 907
456 968
457 2854
458 2954
459 1655
460 2828
461 1830
462 1467
463 1974
464 420
465 1363
466 521
467 448
468 673
469 2811
470 131
471 1580
472 1236
473 2180
474 974
475 415
476 2144
477 493
478 1422
479 803
480 1952
481 1382
482 304
483 2015
484 1417
485 1038
486 2952
487 2975
488 2455
489 1562
490 1758
491 100
492 12
493 2588
494 584
495 320
496 2608
497 2352
498 1006
499 870
500 2928
501 59
502 907
503 2274
504 2389
505 1475
506 628
507 927
508 973
509 2771
510 2613
511 2868
512 131
513 587
514 1243
515 2993
516 1876
517 390
518 1733
519 1931
520 877
521 2054
522 1752
523 2634
524 2855
525 1043
526 2098
527 430
528 2661
529 1548
530 1181
531 971
532 1838
533 2208
534 2777
535 681
536 1727
537 1993
538 145
539 2632
540 2966
541 388
542 359
543 1302
544 728
545 136
546 1538
547 1154
548 2118
549 1339
550 632
551 2647
552 2935
553 1948
554 1857
555 803
556 578
557 1942
558 2571
559 1156
560 1779
561 2789
562 2489
563 303
564 1367
565 6
566 20
567 2056
568 735
569 2550
570 1517
571 793
572 417
573 1546
574 1152
575 1892
576 68
577 2815
578 1769
579 1531
580 1930
581 2384
582 2020
583 860
584 48
585 32
586 2480
587 1084
588 1276
589 1802
590 173
591 2926
592 436
593 2841
594 2709
595 1076
596 1715
597 55
598 2253
599 2756
600 2372
601 1457
602 191
603 1954
604 1907
605 2270
606 1372
607 1637
608 2729
609 1687
610 761
611 2105
612 2347
613 1697
614 1306
615 1973
616 2581
617 1097
618 472
619 1753
620 682
621 1375
622 2463
623 2001
624 1187
625 2172
626 2250
627 507
628 555
629 2234
630 2079
631 1886
632 2212
633 1936
634 2801
635 1428
636 1882
637 2683
638 381
639 2843
640 2185
641 1237
642 1414
643 186
644 2247
645 1403
646 1696

