347 58
0 598
1 2667
2 1995
3 591
4 1104
5 130
6 340
7 2158
8 729
9 1944
10 705
11 2981
12 1507
13 2245
14 648
15 72
16 366
17 654
18 2040
19 2848
20 779
21 874
22 525
23 360
24 1950
25 652
26 2805
27 2022
28 2752
29 118
30 1873
31 1221
32 1758
33 2088
34 2882
35 2965
36 2154
37 312
38 1179
39 727
40 442
41 2442
42 1368
43 54
44 2335
45 2120
46 600
47 1348
48 86
49 858
50 272
51 67
52 2302
53 1841
54 1263
55 1702
56 539
57 927
58 769
59 901
60 1395
61 2500
62 151
63 1610
64 2320
65 738
66 2629
67 2790
68 1627
69 1292
70 1858
71 2056
72 2177
73 864
74 836
75 2657
76 335
77 2062
78 2930
79 1183
80 2268
81 1332
82 738
83 2429
84 106
85 2743
86 505
87 2499
88 1800
89 2805
90 1052
91 1167
92 1553
93 1703
94 179
95 637
96 389
97 655
98 42
99 1623
100 1778
101 2610
102 1716
103 801
104 1454
105 1531
106 1193
107 423
108 1716
109 703
110 1349
111 997
112 2164
113 466
114 548
115 2017
116 1781
117 461
118 2319
119 625
120 1188
121 1258
122 33
123 1619
124 2404
125 304
126 2745
127 1846
128 2933
129 86
130 1788
131 2203
132 2229
133 2302
134 709
135 2261
136 2485
137 1934
138 2922
139 1545
140 424
141 2234
142 1094
143 147
144 2223
145 1588
146 740
147 2225
148 1587
149 179
150 60
151 2325
152 2497
153 337
154 2174
155 96
156 2307
157 609
158 2133
159 1231
160 2029
161 1108
162 1642
163 975
164 1913
165 2443
166 1362
167 2117
168 167
169 1332
170 2774
171 1295
172 1467
173 2930
174 689
175 1095
176 241
177 2179
178 2711
179 2869
180 754
181 691
182 2196
183 2083
184 1879
185 1671
186 239
187 1670
188 2270
189 373
190 642
191 2346
192 2489
193 1320
194 281
195 2062
196 1939
197 948
198 1751
199 650
200 768
201 368
202 2934
203 2894
204 2458
205 2784
206 684
207 86
208 2571
209 454
210 827
211 1986
212 1005
213 1053
214 960
215 1002
216 188
217 2615
218 2487
219 74
220 2811
221 2886
222 65
223 1948
224 2283
225 688
226 1331
227 1023
228 1031
229 1947
230 650
231 222
232 290
233 2363
234 2117
235 2572
236 274
237 1396
238 2860
239 781
240 1453
241 1589
242 973
243 1245
244 434
245 356
246 2822
247 2292
248 765
249 1843
250 612
251 1849
252 1131
253 1356
254 314
255 757
256 2889
257 901
258 1981
259 980
260 261
261 378
262 2765
263 2382
264 1100
265 2189
266 180
267 1184
268 859
269 2396
270 1437
271 2819
272 217
273 374
274 1696
275 81
276 1334
277 2576
278 2635
279 1817
280 116
281 0
282 2759
283 2237
284 420
285 2934
286 1834
287 2307
288 782
289 2422
290 827
291 2537
292 2915
293 2877
294 2886
295 72
296 2277
297 2227
298 2645
299 1153
300 27
301 2663
302 1777
303 7
304 1371
305 2191
306 2744
307 1096
308 1800
309 2010
310 421
311 1839
312 1867
313 2067
314 2763
315 791
316 609
317 988
318 2559
319 2975
320 2947
321 1263
322 2458
323 1868
324 1191
325 2919
326 1478
327 2872
328 1046
329 1706
330 521
331 1480
332 1426
333 636
334 747
335 160
336 1689
337 2550
338 2072
339 2672
340 631
341 2433
342 1570
343 2700
344 2172
345 715
346 2837

