446 86
0 760
1 577
2 1350
3 1293
4 877
5 1324
6 2660
7 1033
8 2481
9 542
10 229
11 1437
12 2479
13 1101
14 1202
15 2647
16 2574
17 88
18 2007
19 2493
20 2785
21 2271
22 55
23 2768
24 1064
25 1577
26 960
27 1735
28 1632
29 1098
30 929
31 892
32 706
33 509
34 618
35 474
36 258
37 1131
38 636
39 1577
40 1353
41 2115
42 2662
43 1275
44 1178
45 1336
46 480
47 2127
48 1025
49 1039
50 2090
51 1957
52 1209
53 158
54 2330
55 2217
56 1108
57 951
58 379
59 2446
60 2285
61 842
62 1231
63 1797
64 1986
65 43
66 1997
67 1946
68 1597
69 1453
70 1945
71 569
72 1887
73 1504
74 1666
75 1573
76 1589
77 2077
78 617
79 1095
80 1670
81 2082
82 1305
83 618
84 1442
85 2250
86 1347
87 2079
88 1341
89 1746
90 915
91 2053
92 2182
93 1353
94 1201
95 734
96 2835
97 1816
98 377
99 1316
100 2219
101 1528
102 2843
103 208
104 1351
105 908
106 1228
107 1913
108 2474
109 594
110 1386
111 756
112 2264
113 426
114 1666
115 1688
116 2076
117 2234
118 2517
119 2200
120 486
121 1954
122 2990
123 1057
124 395
125 2571
126 130
127 620
128 534
129 2892
130 1011
131 2312
132 2943
133 840
134 513
135 2729
136 1774
137 1694
138 2051
139 2120
140 2933
141 2332
142 58
143 2817
144 1056
145 298
146 358
147 581
148 2983
149 2143
150 1621
151 2196
152 2311
153 25
154 571
155 322
156 2252
157 1187
158 191
159 1173
160 2194
161 1702
162 2057
163 1882
164 1112
165 1417
166 1238
167 1099
168 1299
169 1403
170 2890
171 2442
172 164
173 884
174 339
175 1337
176 1565
177 663
178 1221
179 1262
180 2114
181 2154
182 1187
183 2773
184 20
185 2589
186 777
187 2337
188 1966
189 2050
190 233
191 257
192 1761
193 1519
194 1070
195 1021
196 1424
197 534
198 1171
199 2511
200 1803
201 2967
202 2592
203 2030
204 2856
205 2033
206 1277
207 2483
208 1896
209 2349
210 1488
211 328
212 2771
213 529
214 1963
215 352
216 471
217 2611
218 593
219 889
220 1081
221 2008
222 2515
223 2419
224 1381
225 1642
226 326
227 2440
228 2653
229 1579
230 1006
231 2465
232 1105
233 1013
234 792
235 2562
236 696
237 1300
238 2713
239 224
240 2977
241 332
242 381
243 2849
244 1783
245 2896
246 2989
247 1684
248 1400
249 2749
250 1945
251 897
252 2916
253 1803
254 931
255 196
256 2153
257 2585
258 2705
259 1592
260 2747
261 1954
262 275
263 2763
264 2302
265 280
266 473
267 67
268 167
269 1792
270 2268
271 1255
272 1585
273 1927
274 227
275 2554
276 2155
277 774
278 1223
279 267
280 1320
281 1687
282 1452
283 54
284 252
285 2716
286 1710
287 1518
288 381
289 2679
290 197
291 2952
292 1669
293 1949
294 1126
295 1843
296 1579
297 2444
298 2130
299 2075
300 664
301 1972
302 952
303 484
304 1689
305 1362
306 1461
307 1497
308 281
309 2538
310 863
311 2424
312 1733
313 965
314 2049
315 160
316 1719
317 1326
318 2357
319 2090
320 1782
321 1295
322 353
323 1349
324 385
325 1648
326 20
327 2360
328 2919
329 2874
330 1704
331 1006
332 811
333 769
334 922
335 2594
336 1976
337 1356
338 1218
339 581
340 1176
341 654
342 2867
343 2732
344 2012
345 270
346 2442
347 523
348 1752
349 1946
350 2311
351 2660
352 1367
353 1768
354 1695
355 2349
356 2785
357 170
358 1611
359 326
360 2598
361 2686
362 1742
363 1934
364 2722
365 1122
366 544
367 784
368 1978
369 2038
370 456
371 862
372 1097
373 639
374 948
375 192
376 825
377 2006
378 479
379 2272
380 239
381 1247
382 293
383 2570
384 1100
385 80
386 1957
387 340
388 256
389 2327
390 75
391 2334
392 2898
393 691
394 1013
395 2980
396 727
397 2342
398 1558
399 1213
400 2490
401 1764
402 0
403 2241
404 811
405 2661
406 1152
407 2511
408 458
409 971
410 2204
411 1043
412 279
413 2534
414 329
415 2070
416 896
417 2201
418 1539
419 2675
420 459
421 1341
422 916
423 296
424 205
425 1562
426 1938
427 1117
428 1377
429 50
430 47
431 463
432 2276
433 281
434 2031
435 1521
436 2842
437 1850
438 2349
439 784
440 748
441 2885
442 1395
443 836
444 1616
445 1043

