324 11
0 1375
1 387
2 339
3 538
4 593
5 1342
6 2538
7 2377
8 1430
9 652
10 2196
11 2798
12 2127
13 691
14 1695
15 926
16 1511
17 1011
18 616
19 2212
20 1631
21 1260
22 2273
23 1601
24 1328
25 1319
26 2344
27 2715
28 879
29 178
30 1622
31 697
32 1635
33 1881
34 1567
35 2635
36 790
37 956
38 453
39 2083
40 762
41 1648
42 2024
43 18
44 2254
45 2089
46 334
47 835
48 1368
49 2106
50 88
51 2036
52 1592
53 2653
54 2000
55 947
56 28
57 882
58 285
59 2069
60 671
61 1050
62 626
63 2850
64 1993
65 294
66 1977
67 586
68 2120
69 659
70 2394
71 1863
72 1279
73 2019
74 1264
75 1114
76 2609
77 1044
78 509
79 1851
80 2905
81 1068
82 2662
83 1315
84 1240
85 2981
86 2900
87 5
88 309
89 1047
90 2502
91 1933
92 313
93 2586
94 564
95 2437
96 937
97 1255
98 2716
99 1097
100 2010
101 336
102 758
103 623
104 1674
105 2183
106 1870
107 1285
108 2360
109 1253
110 2781
111 730
112 1557
113 1649
114 1724
115 2377
116 1999
117 527
118 2111
119 1954
120 2616
121 2449
122 2281
123 270
124 1218
125 570
126 551
127 881
128 2452
129 2477
130 2717
131 2324
132 137
133 256
134 1303
135 1535
136 1215
137 1518
138 121
139 198
140 1139
141 2275
142 1327
143 2123
144 508
145 2510
146 2738
147 362
148 316
149 1704
150 11
151 54
152 1508
153 91
154 1717
155 170
156 813
157 2373
158 2946
159 359
160 287
161 2738
162 2153
163 865
164 162
165 444
166 247
167 1911
168 2003
169 470
170 2685
171 1299
172 1041
173 1812
174 2764
175 1698
176 397
177 165
178 461
179 894
180 516
181 1964
182 2637
183 1698
184 1962
185 2253
186 922
187 1397
188 1423
189 824
190 595
191 1194
192 2746
193 2337
194 2033
195 2594
196 1553
197 555
198 2902
199 130
200 1774
201 2322
202 1209
203 814
204 1615
205 1836
206 2258
207 2204
208 1210
209 1322
210 41
211 512
212 1900
213 1432
214 2437
215 1417
216 155
217 716
218 2295
219 2606
220 2949
221 1093
222 24
223 1949
224 849
225 2677
226 2216
227 330
228 1998
229 2111
230 448
231 1902
232 1919
233 2595
234 1739
235 2024
236 1137
237 1348
238 1488
239 252
240 2135
241 2397
242 2058
243 1144
244 2760
245 2279
246 1191
247 1868
248 564
249 2276
250 2173
251 719
252 2458
253 1299
254 1932
255 2348
256 783
257 2853
258 1840
259 2270
260 1932
261 2191
262 975
263 611
264 795
265 891
266 2052
267 1209
268 1854
269 2855
270 1776
271 533
272 2658
273 1434
274 760
275 2300
276 2751
277 1164
278 2510
279 2838
280 700
281 980
282 1632
283 2860
284 1087
285 749
286 2259
287 2621
288 2463
289 1453
290 2089
291 1010
292 783
293 1702
294 2300
295 222
296 1302
297 996
298 1533
299 1933
300 141
301 247
302 2400
303 1293
304 2267
305 1693
306 2754
307 2590
308 2550
309 932
310 2818
311 2309
312 2661
313 378
314 2940
315 1843
316 2630
317 177
318 2601
319 2211
320 1212
321 1325
322 795
323 2679

