744 74
0 1800
1 533
2 269
3 652
4 511
5 1942
6 2057
7 781
8 978
9 1527
10 267
11 2019
12 1278
13 2110
14 2224
15 1122
16 1539
17 1011
18 726
19 644
20 2181
21 1409
22 261
23 1809
24 1642
25 2125
26 2704
27 2418
28 605
29 2623
30 1622
31 2803
32 1863
33 1188
34 1629
35 1197
36 648
37 892
38 1963
39 926
40 2130
41 2997
42 2800
43 2384
44 2282
45 449
46 461
47 613
48 2451
49 2283
50 1748
51 1794
52 2414
53 9
54 1638
55 868
56 2035
57 877
58 2891
59 1509
60 2414
61 2546
62 1912
63 230
64 434
65 1790
66 529
67 710
68 1218
69 2490
70 2602
71 533
72 30
73 485
74 2530
75 2987
76 1572
77 462
78 1827
79 2724
80 197
81 2974
82 2935
83 2641
84 317
85 770
86 61
87 628
88 1488
89 2236
90 1043
91 1481
92 2271
93 68
94 132
95 1690
96 1797
97 1261
98 873
99 457
100 1715
101 961
102 1244
103 365
104 49
105 1490
106 2462
107 971
108 1782
109 650
110 2830
111 581
112 1876
113 2754
114 1102
115 1715
116 550
117 317
118 5
119 1881
120 1349
121 2006
122 655
123 861
124 676
125 2329
126 1392
127 672
128 2066
129 2929
130 1604
131 1454
132 1582
133 2180
134 2900
135 1270
136 540
137 1429
138 139
139 1034
140 171
141 1664
142 2764
143 2868
144 325
145 312
146 396
147 1787
148 2051
149 2026
150 2969
151 15
152 18
153 2312
154 1304
155 232
156 2472
157 2030
158 2183
159 1423
160 1785
161 1962
162 1762
163 675
164 2738
165 1211
166 2595
167 399
168 1346
169 2170
170 1986
171 2410
172 1171
173 798
174 191
175 2841
176 2372
177 2923
178 1969
179 2301
180 805
181 2114
182 117
183 2484
184 630
185 2151
186 1997
187 1407
188 1503
189 1946
190 520
191 2642
192 1481
193 1953
194 1621
195 1307
196 614
197 2154
198 1668
199 1957
200 911
201 32
202 2640
203 949
204 2073
205 569
206 2496
207 188
208 897
209 1319
210 1105
211 372
212 1310
213 538
214 427
215 2809
216 1008
217 1328
218 2417
219 2025
220 1764
221 480
222 2813
223 2587
224 1565
225 594
226 2665
227 2239
228 2831
229 422
230 2042
231 2259
232 660
233 195
234 808
235 2523
236 2248
237 552
238 2246
239 2187
240 124
241 12
242 891
243 2909
244 2735
245 2090
246 2844
247 386
248 2118
249 1902
250 1601
251 2000
252 400
253 571
254 1708
255 891
256 770
257 826
258 916
259 1593
260 593
261 2086
262 579
263 1007
264 1689
265 1052
266 2449
267 2012
268 1687
269 1557
270 1388
271 2139
272 2704
273 2103
274 1152
275 1341
276 1876
277 1823
278 231
279 1304
280 284
281 2187
282 2732
283 862
284 1859
285 535
286 1131
287 1820
288 2672
289 2290
290 2462
291 2424
292 64
293 1805
294 1061
295 949
296 1279
297 920
298 923
299 944
300 2141
301 1450
302 2670
303 123
304 290
305 813
306 2034
307 1477
308 35
309 960
310 881
311 2629
312 792
313 1781
314 606
315 1479
316 1392
317 2811
318 1595
319 936
320 830
321 1729
322 569
323 2289
324 2662
325 1757
326 580
327 2716
328 126
329 1302
330 814
331 1303
332 2282
333 2280
334 2477
335 2029
336 2111
337 305
338 2987
339 2755
340 2836
341 1608
342 2718
343 2725
344 2182
345 2369
346 1982
347 2860
348 1831
349 2141
350 1569
351 2658
352 201
353 2375
354 2644
355 2652
356 365
357 2871
358 2253
359 683
360 2895
361 1347
362 2323
363 637
364 2742
365 1134
366 712
367 1675
368 2973
369 300
370 921
371 35
372 1419
373 2763
374 2283
375 2522
376 2853
377 857
378 1699
379 2830
380 563
381 998
382 2006
383 1361
384 257
385 2348
386 2510
387 2308
388 678
389 1831
390 142
391 644
392 2973
393 2848
394 717
395 2935
396 250
397 1479
398 1417
399 1819
400 649
401 1458
402 2971
403 100
404 509
405 942
406 2949
407 1799
408 1976
409 600
410 499
411 830
412 100
413 284
414 1934
415 2731
416 2410
417 2718
418 2565
419 2103
420 860
421 618
422 2391
423 1286
424 1748
425 1862
426 1586
427 2904
428 2131
429 1358
430 2999
431 2730
432 2346
433 2815
434 2781
435 794
436 2937
437 2964
438 2555
439 2168
440 1587
441 2139
442 2149
443 447
444 1333
445 888
446 2855
447 2430
448 2969
449 347
450 2706
451 2498
452 1900
453 417
454 2016
455 587
456 1493
457 1367
458 2204
459 339
460 1535
461 2792
462 2173
463 1493
464 1551
465 2737
466 2994
467 806
468 1000
469 2461
470 658
471 2293
472 1795
473 2067
474 1242
475 452
476 305
477 2236
478 1902
479 1825
480 2374
481 872
482 1861
483 1728
484 2201
485 2223
486 1235
487 25
488 1500
489 2859
490 734
491 292
492 1264
493 1682
494 1875
495 486
496 1130
497 2899
498 925
499 97
500 1069
501 484
502 708
503 549
504 637
505 2478
506 1636
507 2886
508 417
509 1686
510 2364
511 629
512 1173
513 2802
514 2632
515 2417
516 1298
517 496
518 2943
519 1484
520 1189
521 1490
522 2875
523 641
524 280
525 1322
526 2698
527 2376
528 1940
529 1706
530 2411
531 1482
532 1918
533 1311
534 2662
535 1885
536 655
537 1673
538 1243
539 1158
540 2187
541 1846
542 187
543 2493
544 2195
545 2461
546 2242
547 283
548 1712
549 29
550 2749
551 2812
552 2386
553 1992
554 2544
555 2419
556 2695
557 2341
558 2750
559 177
560 661
561 1290
562 2781
563 481
564 1772
565 1487
566 361
567 542
568 436
569 1663
570 731
571 1513
572 1976
573 2242
574 137
575 634
576 1929
577 989
578 1579
579 2369
580 1247
581 2917
582 2548
583 1253
584 600
585 2849
586 2427
587 1887
588 1616
589 1187
590 2129
591 536
592 1940
593 635
594 359
595 996
596 1810
597 2232
598 2172
599 1125
600 1040
601 354
602 947
603 1417
604 2817
605 2765
606 1153
607 1844
608 803
609 2936
610 1527
611 2477
612 2625
613 1477
614 2980
615 1659
616 990
617 608
618 2642
619 2030
620 1412
621 1814
622 1120
623 2513
624 216
625 2235
626 801
627 1279
628 762
629 1070
630 1108
631 2772
632 2273
633 2865
634 76
635 2560
636 2738
637 2891
638 1971
639 2594
640 2794
641 1060
642 2121
643 1461
644 2734
645 1789
646 201
647 526
648 2932
649 2379
650 770
651 439
652 1823
653 34
654 1892
655 1837
656 2744
657 1065
658 2170
659 1226
660 2655
661 1840
662 2365
663 2999
664 1245
665 2392
666 243
667 232
668 166
669 1892
670 879
671 905
672 544
673 1282
674 1315
675 2362
676 1108
677 1772
678 1502
679 261
680 1405
681 1134
682 2702
683 1200
684 2894
685 869
686 74
687 2426
688 1877
689 2192
690 2821
691 163
692 1144
693 252
694 164
695 1175
696 1131
697 1923
698 1717
699 1069
700 835
701 2008
702 815
703 1972
704 1897
705 2067
706 1542
707 1329
708 772
709 1320
710 282
711 194
712 1728
713 1065
714 1783
715 504
716 1935
717 950
718 703
719 75
720 667
721 1083
722 607
723 1782
724 2501
725 2996
726 1389
727 968
728 1618
729 2534
730 1637
731 2125
732 2566
733 821
734 2728
735 2037
736 223
737 1852
738 2489
739 581
740 1313
741 2918
742 2581
743 467

