104 13
0 2131
1 1171
2 344
3 2482
4 299
5 1295
6 569
7 518
8 1946
9 2403
10 394
11 1705
12 1769
13 130
14 1173
15 1491
16 2146
17 745
18 51
19 2492
20 1943
21 2241
22 60
23 1524
24 1114
25 648
26 852
27 955
28 130
29 180
30 1340
31 2119
32 957
33 961
34 2
35 2518
36 2168
37 1883
38 1791
39 1936
40 2027
41 1825
42 1799
43 2329
44 1885
45 1755
46 1906
47 1902
48 894
49 2766
50 2352
51 208
52 2413
53 364
54 64
55 944
56 385
57 2747
58 1538
59 2664
60 18
61 790
62 2510
63 2498
64 1990
65 2163
66 415
67 2100
68 1542
69 325
70 2479
71 377
72 2032
73 2255
74 567
75 586
76 1517
77 1079
78 140
79 2446
80 243
81 922
82 1545
83 1813
84 478
85 1811
86 921
87 2866
88 1192
89 2527
90 653
91 1335
92 82
93 2932
94 2269
95 128
96 1571
97 1773
98 894
99 2292
100 521
101 146
102 1609
103 1256

