417 53
0 2486
1 492
2 2217
3 1285
4 1431
5 109
6 160
7 2188
8 1059
9 1092
10 1219
11 2817
12 2513
13 1871
14 1885
15 1510
16 1063
17 2958
18 1082
19 2340
20 2137
21 556
22 2805
23 1910
24 908
25 2079
26 1211
27 2423
28 1170
29 128
30 119
31 1135
32 1878
33 1095
34 2151
35 968
36 2635
37 1081
38 1847
39 525
40 2001
41 2458
42 1008
43 2042
44 1669
45 2234
46 553
47 2104
48 1966
49 2477
50 279
51 1340
52 1427
53 2884
54 746
55 2126
56 382
57 134
58 516
59 1618
60 1915
61 2369
62 159
63 727
64 611
65 133
66 1236
67 2579
68 2692
69 1243
70 731
71 331
72 2400
73 2125
74 2697
75 1810
76 2553
77 627
78 1512
79 1312
80 2764
81 1542
82 1943
83 2200
84 2985
85 1098
86 2354
87 2055
88 2058
89 1240
90 2548
91 307
92 661
93 49
94 2526
95 1726
96 1269
97 1265
98 1528
99 2338
100 1236
101 107
102 2780
103 1883
104 1959
105 2169
106 860
107 1699
108 2595
109 2322
110 2497
111 703
112 2050
113 64
114 2616
115 592
116 2270
117 325
118 1346
119 1030
120 2095
121 815
122 1355
123 2750
124 2830
125 2947
126 2454
127 816
128 1661
129 821
130 1917
131 817
132 2831
133 1879
134 2637
135 500
136 1454
137 1501
138 1637
139 1608
140 2171
141 792
142 1288
143 442
144 159
145 2069
146 1592
147 1157
148 1264
149 1154
150 510
151 2221
152 109
153 843
154 232
155 1866
156 1978
157 1777
158 1330
159 2048
160 1306
161 423
162 1970
163 1902
164 982
165 90
166 2974
167 1359
168 2185
169 2888
170 1087
171 2593
172 1088
173 197
174 2863
175 1028
176 2624
177 1872
178 1468
179 1601
180 793
181 634
182 2289
183 1431
184 1000
185 1024
186 4
187 1383
188 756
189 1390
190 698
191 2231
192 1760
193 295
194 797
195 2999
196 2832
197 1646
198 2912
199 1889
200 616
201 2462
202 1527
203 2642
204 2519
205 1640
206 824
207 1956
208 2560
209 1318
210 1064
211 1538
212 1534
213 2012
214 1023
215 34
216 870
217 1423
218 187
219 484
220 2714
221 1801
222 2966
223 1023
224 2928
225 172
226 2302
227 268
228 995
229 1143
230 2726
231 2109
232 2677
233 528
234 2920
235 2115
236 282
237 2481
238 90
239 1839
240 733
241 442
242 1947
243 2748
244 1666
245 736
246 2654
247 259
248 929
249 1387
250 1752
251 2626
252 1126
253 2980
254 863
255 2492
256 394
257 1138
258 1710
259 1328
260 2908
261 2765
262 2218
263 1091
264 1823
265 938
266 2446
267 428
268 1285
269 1199
270 2847
271 2130
272 2551
273 687
274 779
275 1844
276 2640
277 459
278 1915
279 1495
280 2953
281 2771
282 1581
283 2124
284 225
285 245
286 530
287 702
288 47
289 1230
290 2353
291 1817
292 250
293 1547
294 2130
295 2046
296 1885
297 585
298 324
299 614
300 2778
301 1840
302 2654
303 2195
304 1289
305 1428
306 1724
307 1773
308 22
309 1571
310 511
311 1636
312 2084
313 2806
314 2255
315 512
316 118
317 1673
318 2805
319 1128
320 760
321 1123
322 2860
323 1378
324 317
325 703
326 2879
327 2621
328 804
329 1143
330 1367
331 1633
332 1261
333 2382
334 882
335 971
336 667
337 1044
338 2012
339 1351
340 1559
341 311
342 1030
343 597
344 2966
345 345
346 121
347 568
348 2345
349 931
350 2994
351 1045
352 1979
353 214
354 1571
355 2218
356 1942
357 357
358 1495
359 1517
360 2926
361 2688
362 2101
363 472
364 2985
365 2847
366 919
367 1944
368 2367
369 329
370 1718
371 2306
372 2582
373 2552
374 390
375 1677
376 2839
377 331
378 665
379 1987
380 2650
381 2390
382 2825
383 112
384 1316
385 1136
386 1911
387 1792
388 1952
389 2844
390 2542
391 1418
392 9
393 743
394 737
395 1534
396 1912
397 1794
398 2262
399 389
400 1431
401 378
402 734
403 1474
404 1699
405 2297
406 2658
407 1135
408 2746
409 40
410 569
411 118
412 1311
413 87
414 502
415 1437
416 927

