523 51
0 1908
1 2540
2 1071
3 314
4 2702
5 1910
6 1200
7 2147
8 2
9 1739
10 796
11 1554
12 822
13 504
14 2751
15 2004
16 1127
17 2964
18 965
19 2480
20 2065
21 1831
22 2457
23 1426
24 1414
25 968
26 2392
27 793
28 1605
29 964
30 1780
31 748
32 1451
33 311
34 758
35 2529
36 2337
37 2759
38 2610
39 1656
40 422
41 2092
42 2033
43 1131
44 190
45 442
46 2100
47 511
48 2899
49 1151
50 1416
51 271
52 2945
53 2858
54 2300
55 2360
56 2074
57 1911
58 2084
59 2219
60 60
61 203
62 1689
63 2100
64 2283
65 1350
66 170
67 2272
68 2873
69 97
70 1794
71 2208
72 2430
73 187
74 1270
75 1393
76 2427
77 1934
78 2817
79 2728
80 2232
81 2158
82 2862
83 47
84 59
85 863
86 2554
87 2429
88 702
89 2606
90 2956
91 2150
92 1394
93 313
94 2486
95 1632
96 2743
97 2840
98 2220
99 568
100 2284
101 1867
102 2464
103 128
104 1244
105 774
106 1511
107 1264
108 249
109 589
110 2819
111 628
112 1825
113 1198
114 1131
115 1414
116 2320
117 2060
118 2351
119 768
120 2123
121 2478
122 80
123 2187
124 2188
125 1887
126 160
127 562
128 1262
129 2272
130 2580
131 390
132 844
133 1516
134 2405
135 2152
136 2294
137 1457
138 1458
139 2357
140 1813
141 247
142 2227
143 440
144 1793
145 2134
146 2998
147 1454
148 285
149 137
150 263
151 2432
152 1502
153 2162
154 1327
155 2705
156 1831
157 852
158 1242
159 422
160 1005
161 574
162 2077
163 2102
164 668
165 1188
166 180
167 1963
168 29
169 2202
170 1672
171 1971
172 544
173 2767
174 45
175 2801
176 648
177 1646
178 328
179 1169
180 2306
181 1361
182 2986
183 816
184 1484
185 2823
186 2855
187 2413
188 1668
189 2082
190 1695
191 1908
192 923
193 649
194 865
195 1959
196 922
197 596
198 2873
199 1776
200 2884
201 1547
202 2667
203 1191
204 1013
205 1398
206 1623
207 2700
208 2916
209 977
210 1085
211 232
212 395
213 1802
214 766
215 2172
216 1470
217 1750
218 762
219 1266
220 2481
221 2061
222 652
223 1511
224 788
225 752
226 2758
227 2442
228 2915
229 2611
230 115
231 2701
232 1341
233 2827
234 1251
235 2571
236 779
237 2053
238 2028
239 1920
240 2060
241 205
242 1474
243 2832
244 2019
245 2386
246 2560
247 1584
248 1316
249 1325
250 2151
251 2242
252 2020
253 2751
254 478
255 1524
256 648
257 618
258 722
259 1609
260 626
261 1046
262 2010
263 1635
264 2015
265 1175
266 2856
267 1480
268 472
269 71
270 1449
271 1516
272 1073
273 718
274 239
275 2360
276 733
277 61
278 951
279 288
280 2887
281 982
282 2976
283 1431
284 1667
285 1250
286 1286
287 2948
288 1993
289 2217
290 2148
291 703
292 2545
293 909
294 2628
295 293
296 2683
297 637
298 710
299 2392
300 2562
301 1624
302 1805
303 2524
304 1509
305 360
306 754
307 2191
308 1917
309 105
310 2077
311 2334
312 1621
313 2554
314 2261
315 2743
316 998
317 1085
318 1279
319 418
320 1924
321 440
322 2733
323 2426
324 1111
325 251
326 2867
327 1071
328 253
329 1805
330 364
331 1619
332 2759
333 1437
334 2700
335 1689
336 2182
337 1547
338 1702
339 1672
340 1391
341 2993
342 2992
343 1323
344 1590
345 1097
346 1452
347 2253
348 737
349 1185
350 676
351 2889
352 1133
353 1451
354 996
355 14
356 418
357 2568
358 1813
359 1491
360 1091
361 590
362 2705
363 2597
364 2453
365 802
366 237
367 2665
368 1546
369 2761
370 2413
371 468
372 2009
373 2534
374 1181
375 279
376 897
377 1270
378 1014
379 2974
380 947
381 2244
382 1492
383 2652
384 1367
385 1684
386 2058
387 2600
388 204
389 897
390 2524
391 1397
392 2130
393 2866
394 814
395 1726
396 1731
397 490
398 2674
399 219
400 2176
401 806
402 1537
403 2358
404 1421
405 2027
406 2409
407 2098
408 1831
409 1848
410 1009
411 780
412 2295
413 678
414 1924
415 2597
416 859
417 112
418 2611
419 1343
420 672
421 2405
422 1452
423 2355
424 1775
425 204
426 617
427 959
428 2940
429 22
430 2881
431 2349
432 1466
433 1292
434 219
435 330
436 60
437 924
438 1568
439 937
440 2021
441 1020
442 2774
443 2248
444 423
445 116
446 2403
447 1619
448 940
449 405
450 2129
451 2793
452 324
453 784
454 2133
455 309
456 1338
457 1529
458 2740
459 209
460 2284
461 2045
462 2653
463 2494
464 2028
465 222
466 876
467 2049
468 39
469 2815
470 260
471 1798
472 1254
473 900
474 644
475 596
476 1424
477 2134
478 2773
479 1825
480 5
481 1764
482 406
483 2583
484 1693
485 1003
486 2987
487 2452
488 777
489 1528
490 1417
491 1195
492 2689
493 2910
494 12
495 499
496 36
497 2367
498 1534
499 1162
500 1171
501 893
502 2344
503 911
504 110
505 2674
506 52
507 224
508 506
509 2813
510 293
511 1841
512 2065
513 2191
514 2128
515 1911
516 351
517 2640
518 918
519 2935
520 516
521 1025
522 2557

