956 14
0 694
1 2573
2 1624
3 817
4 617
5 1357
6 1749
7 508
8 1033
9 2777
10 592
11 349
12 1667
13 1922
14 2753
15 2297
16 2686
17 413
18 171
19 254
20 2616
21 1160
22 124
23 2466
24 1865
25 1003
26 1803
27 2120
28 1054
29 1579
30 415
31 175
32 1795
33 993
34 2105
35 46
36 2397
37 473
38 2260
39 1156
40 2149
41 2995
42 2504
43 1541
44 874
45 863
46 2512
47 371
48 821
49 2556
50 1175
51 1819
52 268
53 1887
54 1476
55 2951
56 2271
57 2198
58 2566
59 2021
60 1251
61 2886
62 644
63 1008
64 2996
65 2354
66 2223
67 202
68 1959
69 1861
70 2713
71 1065
72 2393
73 1105
74 2688
75 854
76 1473
77 1190
78 1071
79 607
80 324
81 1345
82 300
83 2238
84 2525
85 2005
86 1552
87 703
88 1937
89 1748
90 1328
91 2987
92 460
93 2923
94 53
95 473
96 376
97 61
98 2484
99 2254
100 2295
101 480
102 2704
103 1408
104 796
105 1830
106 348
107 2852
108 1252
109 267
110 2293
111 2212
112 2495
113 2260
114 570
115 2146
116 1392
117 1921
118 1265
119 451
120 1431
121 2859
122 1526
123 474
124 474
125 1427
126 2345
127 987
128 50
129 789
130 1787
131 674
132 548
133 1896
134 674
135 1712
136 1677
137 380
138 2331
139 2359
140 1865
141 2098
142 2485
143 1916
144 2462
145 760
146 2096
147 2318
148 2220
149 1284
150 2316
151 1328
152 1824
153 424
154 2635
155 2285
156 3000
157 2018
158 975
159 149
160 661
161 2554
162 239
163 840
164 2548
165 1713
166 9
167 1201
168 2781
169 2818
170 2313
171 982
172 2197
173 2756
174 1251
175 1425
176 1967
177 2989
178 1421
179 2616
180 1945
181 831
182 655
183 670
184 1888
185 2710
186 260
187 2833
188 2863
189 1625
190 176
191 538
192 2993
193 2078
194 1439
195 2357
196 1959
197 2636
198 1191
199 1661
200 591
201 2149
202 834
203 711
204 300
205 120
206 351
207 2744
208 142
209 313
210 2320
211 398
212 570
213 407
214 2500
215 1150
216 2816
217 390
218 704
219 2940
220 2246
221 1263
222 1892
223 2951
224 55
225 2989
226 2028
227 2562
228 1150
229 1758
230 975
231 1813
232 1096
233 45
234 1784
235 957
236 141
237 2400
238 2863
239 1468
240 1591
241 1729
242 386
243 1673
244 1239
245 105
246 459
247 1505
248 403
249 1172
250 637
251 1667
252 826
253 814
254 122
255 416
256 1871
257 107
258 1349
259 401
260 2893
261 22
262 670
263 2149
264 821
265 2492
266 1925
267 2025
268 2803
269 2290
270 1200
271 2471
272 2509
273 56
274 1338
275 679
276 1141
277 788
278 1638
279 57
280 2444
281 1767
282 1100
283 519
284 2887
285 259
286 320
287 687
288 157
289 2256
290 1498
291 2201
292 1115
293 722
294 1489
295 592
296 264
297 2095
298 1380
299 2311
300 973
301 2302
302 2604
303 1744
304 760
305 2150
306 99
307 1111
308 752
309 983
310 1739
311 316
312 593
313 290
314 2124
315 418
316 2338
317 2123
318 2403
319 2554
320 2505
321 193
322 550
323 2495
324 2056
325 1775
326 2890
327 1798
328 1178
329 330
330 2227
331 1018
332 86
333 2131
334 45
335 2838
336 2475
337 1735
338 2293
339 1542
340 2901
341 2655
342 2440
343 937
344 846
345 1174
346 1554
347 1841
348 2098
349 428
350 2452
351 641
352 572
353 1967
354 1741
355 1234
356 303
357 2293
358 858
359 2252
360 1521
361 2683
362 1911
363 1464
364 207
365 539
366 1043
367 2592
368 2261
369 1770
370 2831
371 1425
372 832
373 1430
374 1704
375 2939
376 1625
377 2965
378 1863
379 201
380 266
381 44
382 2556
383 1759
384 951
385 710
386 2238
387 2164
388 1423
389 1669
390 2602
391 1731
392 2772
393 2574
394 2468
395 520
396 1216
397 539
398 1268
399 2195
400 2809
401 2788
402 2501
403 2936
404 348
405 1932
406 181
407 1634
408 1578
409 25
410 193
411 1204
412 1873
413 1792
414 1913
415 638
416 831
417 1894
418 140
419 2575
420 2023
421 1838
422 2348
423 489
424 341
425 2735
426 1769
427 277
428 2536
429 2033
430 2552
431 1557
432 2075
433 727
434 1128
435 1172
436 388
437 826
438 1325
439 1475
440 331
441 1224
442 2180
443 989
444 578
445 238
446 1529
447 724
448 2068
449 968
450 1979
451 840
452 1720
453 2353
454 1496
455 638
456 1828
457 841
458 999
459 1746
460 767
461 1290
462 1872
463 427
464 2607
465 1085
466 2980
467 577
468 993
469 959
470 2849
471 2106
472 1783
473 2321
474 1507
475 2159
476 2450
477 537
478 2189
479 1563
480 509
481 2356
482 1688
483 1570
484 653
485 2845
486 361
487 909
488 426
489 1173
490 973
491 1495
492 2346
493 1644
494 721
495 2694
496 896
497 1591
498 292
499 2232
500 2836
501 165
502 2365
503 2312
504 188
505 996
506 690
507 2772
508 2042
509 2905
510 1259
511 2363
512 1171
513 232
514 749
515 1028
516 1059
517 1542
518 211
519 2126
520 2390
521 1943
522 79
523 136
524 1026
525 1873
526 2611
527 1173
528 2239
529 755
530 1013
531 584
532 435
533 703
534 1267
535 1366
536 1565
537 718
538 1762
539 759
540 966
541 467
542 2449
543 2290
544 2213
545 1503
546 1057
547 2078
548 2588
549 706
550 1888
551 1728
552 2768
553 1581
554 1776
555 2152
556 2049
557 1379
558 1781
559 2155
560 513
561 1290
562 1688
563 1022
564 1299
565 1089
566 2796
567 1392
568 16
569 517
570 2285
571 379
572 1642
573 762
574 1947
575 2433
576 1085
577 8
578 905
579 528
580 1088
581 2048
582 2839
583 547
584 2278
585 2632
586 2924
587 1413
588 360
589 830
590 1587
591 2772
592 2913
593 2168
594 1675
595 1872
596 2234
597 63
598 2927
599 2739
600 1620
601 2595
602 1426
603 2259
604 437
605 638
606 727
607 257
608 1522
609 1782
610 1645
611 2189
612 1164
613 1428
614 2890
615 1048
616 658
617 1764
618 1332
619 2894
620 2139
621 2445
622 706
623 2966
624 2819
625 2241
626 275
627 2390
628 1460
629 2026
630 706
631 2894
632 382
633 351
634 2935
635 287
636 32
637 2637
638 0
639 149
640 2474
641 2043
642 2057
643 637
644 1027
645 2095
646 2175
647 1488
648 599
649 1940
650 2229
651 2890
652 1374
653 507
654 227
655 1907
656 864
657 2901
658 57
659 1034
660 613
661 1652
662 268
663 481
664 2607
665 261
666 2956
667 1376
668 81
669 468
670 547
671 2725
672 880
673 2971
674 848
675 1944
676 1949
677 1264
678 297
679 552
680 796
681 632
682 2824
683 1850
684 272
685 2626
686 543
687 1532
688 2165
689 2481
690 251
691 690
692 2047
693 2293
694 120
695 2303
696 118
697 1984
698 1376
699 1851
700 745
701 523
702 2744
703 2652
704 278
705 143
706 1300
707 2985
708 579
709 1679
710 1630
711 1657
712 1352
713 2460
714 607
715 2369
716 2697
717 1108
718 734
719 2935
720 1657
721 1059
722 10
723 304
724 76
725 1091
726 2297
727 2692
728 2100
729 826
730 1106
731 1068
732 1957
733 2687
734 2125
735 2399
736 700
737 373
738 2244
739 483
740 612
741 1551
742 1684
743 656
744 2204
745 734
746 2785
747 326
748 1126
749 2097
750 2349
751 497
752 1467
753 1928
754 1552
755 1680
756 710
757 2471
758 2475
759 453
760 993
761 1329
762 1882
763 2124
764 1413
765 1509
766 1487
767 1998
768 283
769 718
770 2648
771 1207
772 2
773 2322
774 2274
775 1178
776 1883
777 1114
778 934
779 2034
780 120
781 1023
782 2254
783 1515
784 2660
785 2132
786 1470
787 848
788 1061
789 1864
790 1699
791 1540
792 135
793 319
794 98
795 923
796 1448
797 2477
798 1048
799 2748
800 676
801 727
802 2360
803 433
804 295
805 1542
806 375
807 2507
808 2090
809 1293
810 1111
811 33
812 2784
813 893
814 2062
815 1692
816 1916
817 2766
818 2366
819 2949
820 2030
821 1715
822 2011
823 2282
824 1497
825 2725
826 242
827 805
828 2493
829 675
830 2386
831 15
832 556
833 1656
834 94
835 2648
836 1771
837 647
838 1467
839 2809
840 2749
841 1969
842 508
843 2230
844 1385
845 2909
846 1476
847 145
848 2497
849 2276
850 2574
851 259
852 1325
853 1483
854 1778
855 1574
856 1592
857 1185
858 2896
859 1346
860 1856
861 1504
862 1120
863 409
864 771
865 2791
866 538
867 1170
868 394
869 158
870 921
871 1842
872 1911
873 127
874 1115
875 2185
876 2079
877 1251
878 331
879 705
880 2128
881 241
882 2999
883 2606
884 1426
885 704
886 2061
887 1741
888 2972
889 2077
890 831
891 377
892 191
893 2569
894 1350
895 1653
896 2628
897 1414
898 1556
899 1551
900 2145
901 2647
902 1250
903 2804
904 1884
905 2736
906 2334
907 2063
908 1635
909 292
910 1294
911 2247
912 1965
913 383
914 543
915 981
916 1667
917 1340
918 1571
919 1617
920 929
921 2544
922 2342
923 2174
924 686
925 977
926 534
927 745
928 1751
929 150
930 761
931 733
932 2996
933 572
934 347
935 525
936 716
937 395
938 912
939 1595
940 1826
941 2592
942 743
943 1543
944 1792
945 2970
946 1533
947 1418
948 2824
949 1904
950 154
951 146
952 1415
953 1197
954 1438
955 2051

