939 99
0 626
1 2982
2 208
3 244
4 1242
5 832
6 329
7 1384
8 193
9 2501
10 2644
11 2775
12 801
13 451
14 666
15 2366
16 937
17 2182
18 1742
19 889
20 1383
21 1091
22 1612
23 1536
24 1010
25 475
26 2139
27 1568
28 224
29 561
30 277
31 234
32 2648
33 461
34 2127
35 625
36 2585
37 14
38 819
39 338
40 541
41 1229
42 825
43 468
44 2895
45 2413
46 777
47 440
48 1666
49 720
50 2361
51 2863
52 1067
53 2370
54 2253
55 122
56 268
57 1656
58 1147
59 506
60 2150
61 2425
62 2114
63 1440
64 1578
65 877
66 2519
67 1136
68 258
69 26
70 1717
71 667
72 1065
73 1840
74 2666
75 2652
76 382
77 2306
78 723
79 986
80 2506
81 609
82 1291
83 1914
84 1321
85 2807
86 2817
87 297
88 1302
89 443
90 952
91 23
92 12
93 343
94 1829
95 1707
96 1702
97 1446
98 2847
99 230
100 531
101 689
102 1749
103 396
104 147
105 2515
106 2615
107 1376
108 2844
109 2470
110 880
111 2713
112 762
113 2461
114 96
115 1431
116 2633
117 40
118 2940
119 2541
120 2192
121 2648
122 1490
123 91
124 1206
125 2749
126 913
127 2747
128 1205
129 2207
130 2920
131 531
132 2214
133 2960
134 2371
135 1470
136 2964
137 2706
138 2804
139 2844
140 694
141 753
142 2363
143 2478
144 2116
145 2561
146 1231
147 2762
148 1924
149 1963
150 126
151 1155
152 1032
153 2562
154 1792
155 556
156 1297
157 925
158 1202
159 290
160 1875
161 1377
162 1640
163 1553
164 2944
165 412
166 1576
167 842
168 2912
169 476
170 2376
171 2486
172 10
173 2200
174 1621
175 2663
176 859
177 2475
178 426
179 1659
180 2485
181 660
182 1572
183 1214
184 962
185 948
186 1121
187 2125
188 2604
189 1660
190 983
191 1240
192 1964
193 1897
194 2249
195 1924
196 2201
197 1250
198 1031
199 318
200 1528
201 2110
202 661
203 1178
204 766
205 665
206 1155
207 1940
208 1557
209 831
210 1215
211 1146
212 1906
213 2241
214 1034
215 848
216 1643
217 1556
218 1511
219 1621
220 908
221 2072
222 462
223 461
224 918
225 1240
226 1496
227 991
228 2593
229 2993
230 833
231 1552
232 1649
233 435
234 1892
235 1340
236 2275
237 2677
238 1804
239 149
240 2742
241 1923
242 1245
243 1800
244 2336
245 2473
246 949
247 335
248 694
249 2813
250 109
251 712
252 2234
253 2604
254 2383
255 1748
256 1971
257 1599
258 1319
259 1021
260 841
261 2519
262 854
263 958
264 2319
265 2068
266 1007
267 1412
268 2856
269 288
270 2854
271 2558
272 2600
273 2579
274 1235
275 1416
276 238
277 1535
278 1472
279 2375
280 1795
281 2427
282 93
283 2309
284 1123
285 323
286 2878
287 1001
288 926
289 2372
290 2026
291 2187
292 352
293 2129
294 2261
295 469
296 312
297 1492
298 1427
299 1810
300 2118
301 1004
302 499
303 1197
304 2943
305 32
306 165
307 2911
308 2817
309 2335
310 1929
311 1697
312 1047
313 1068
314 322
315 1548
316 107
317 2791
318 2996
319 643
320 246
321 2975
322 1423
323 1428
324 1383
325 959
326 682
327 1725
328 2836
329 2273
330 2366
331 2978
332 2402
333 466
334 341
335 1602
336 2436
337 2433
338 2540
339 2232
340 916
341 66
342 1994
343 1873
344 391
345 146
346 2358
347 475
348 2214
349 2210
350 633
351 2180
352 920
353 782
354 1872
355 2603
356 2080
357 2578
358 2620
359 2735
360 18
361 1573
362 2587
363 440
364 2059
365 1005
366 2966
367 3
368 19
369 685
370 1395
371 109
372 1998
373 1126
374 832
375 651
376 1837
377 1275
378 2202
379 2988
380 725
381 951
382 2103
383 1428
384 2598
385 500
386 1327
387 2949
388 1847
389 2488
390 1934
391 553
392 2687
393 2290
394 1485
395 405
396 1359
397 2627
398 2778
399 232
400 2397
401 893
402 1003
403 2961
404 1143
405 2053
406 2036
407 1390
408 1355
409 1691
410 1916
411 1674
412 2651
413 2842
414 2936
415 2064
416 844
417 661
418 2933
419 1522
420 2212
421 49
422 1183
423 2226
424 1118
425 1281
426 1310
427 550
428 212
429 1852
430 1613
431 493
432 983
433 93
434 1617
435 318
436 1673
437 1508
438 2145
439 1913
440 857
441 2816
442 910
443 977
444 629
445 60
446 100
447 838
448 1007
449 1403
450 819
451 2045
452 1873
453 2469
454 1052
455 753
456 82
457 484
458 1502
459 292
460 829
461 2146
462 780
463 241
464 1639
465 205
466 1355
467 2663
468 1450
469 188
470 2733
471 481
472 649
473 38
474 1026
475 857
476 547
477 1493
478 129
479 1328
480 1439
481 262
482 2252
483 390
484 315
485 2996
486 2896
487 1996
488 112
489 2999
490 2221
491 1906
492 2422
493 763
494 2026
495 1388
496 2890
497 1963
498 1736
499 463
500 2961
501 2099
502 2953
503 793
504 1862
505 605
506 826
507 1876
508 323
509 545
510 300
511 2295
512 860
513 1461
514 817
515 274
516 2229
517 1645
518 1278
519 1670
520 2595
521 1246
522 1037
523 790
524 786
525 1937
526 905
527 1088
528 2243
529 1989
530 2768
531 321
532 2359
533 2347
534 1378
535 996
536 2237
537 1614
538 1162
539 1786
540 2157
541 330
542 297
543 2753
544 2966
545 2821
546 1508
547 1843
548 2836
549 2442
550 2892
551 2871
552 2663
553 1032
554 2391
555 2384
556 338
557 1556
558 354
559 2611
560 2382
561 2478
562 174
563 2789
564 2407
565 2217
566 1518
567 1999
568 2934
569 1192
570 2197
571 1749
572 2210
573 1835
574 346
575 2910
576 2481
577 443
578 2077
579 2454
580 1675
581 27
582 1620
583 753
584 2526
585 2464
586 1459
587 2781
588 2897
589 16
590 1528
591 323
592 802
593 900
594 1247
595 2009
596 1054
597 1551
598 2852
599 1425
600 2463
601 2945
602 1279
603 735
604 656
605 1466
606 1232
607 1406
608 1440
609 1358
610 787
611 233
612 1887
613 474
614 2977
615 2047
616 250
617 1356
618 1165
619 2001
620 2657
621 665
622 2842
623 1332
624 2337
625 329
626 2738
627 1523
628 2916
629 320
630 144
631 2983
632 2639
633 302
634 783
635 622
636 1606
637 658
638 180
639 139
640 2078
641 1146
642 1861
643 118
644 907
645 1068
646 2141
647 1123
648 2759
649 413
650 198
651 644
652 1777
653 785
654 1246
655 2942
656 2948
657 2017
658 1923
659 1455
660 1515
661 1597
662 2806
663 56
664 1781
665 2265
666 708
667 2930
668 2931
669 907
670 1665
671 122
672 2140
673 1381
674 722
675 1899
676 2130
677 1534
678 1017
679 838
680 2869
681 1211
682 1710
683 145
684 2385
685 1056
686 1877
687 278
688 1792
689 1173
690 981
691 627
692 522
693 2649
694 2164
695 449
696 671
697 2642
698 2405
699 2649
700 2091
701 130
702 2214
703 89
704 123
705 159
706 592
707 2867
708 1444
709 2912
710 760
711 1481
712 1345
713 646
714 2576
715 843
716 597
717 1329
718 794
719 1872
720 1750
721 1528
722 1672
723 1620
724 2360
725 1496
726 1973
727 2965
728 1673
729 60
730 1546
731 1818
732 501
733 1875
734 762
735 2276
736 813
737 1807
738 769
739 1770
740 2093
741 1834
742 760
743 69
744 920
745 827
746 1102
747 966
748 1410
749 1784
750 1642
751 2785
752 2649
753 340
754 1751
755 1514
756 870
757 698
758 1600
759 953
760 1820
761 1563
762 596
763 1096
764 2197
765 16
766 2991
767 1317
768 1343
769 2350
770 2868
771 819
772 2405
773 1413
774 2052
775 1962
776 1966
777 2564
778 1543
779 2160
780 714
781 291
782 2536
783 2430
784 2573
785 2493
786 460
787 1826
788 2032
789 726
790 740
791 1243
792 2561
793 871
794 1347
795 1958
796 2486
797 2280
798 3
799 976
800 2786
801 2241
802 456
803 1478
804 2157
805 751
806 2589
807 1177
808 374
809 1497
810 548
811 918
812 2537
813 2964
814 161
815 1700
816 1648
817 2771
818 1967
819 125
820 1644
821 2073
822 2435
823 1850
824 2219
825 2459
826 18
827 1129
828 833
829 972
830 1542
831 908
832 2397
833 1346
834 1510
835 890
836 187
837 1522
838 2648
839 1128
840 2176
841 1653
842 391
843 1301
844 1473
845 1863
846 2141
847 2186
848 2568
849 244
850 2703
851 569
852 1952
853 1900
854 306
855 1444
856 1503
857 1043
858 283
859 2034
860 1751
861 914
862 161
863 1505
864 1876
865 1495
866 2464
867 2193
868 830
869 2819
870 1629
871 434
872 1310
873 2587
874 2057
875 675
876 1795
877 2058
878 1723
879 1650
880 570
881 2540
882 1502
883 2817
884 2465
885 1733
886 1959
887 2924
888 911
889 244
890 1992
891 2971
892 1661
893 465
894 160
895 1738
896 364
897 2069
898 1284
899 2113
900 887
901 1365
902 927
903 2737
904 264
905 2510
906 2232
907 2839
908 2234
909 296
910 1606
911 770
912 2928
913 1215
914 1343
915 2409
916 250
917 2126
918 686
919 586
920 1647
921 293
922 464
923 2557
924 2019
925 344
926 1723
927 1346
928 1213
929 2713
930 2316
931 1723
932 2009
933 1807
934 1012
935 1420
936 2500
937 784
938 527

