821 45
0 153
1 809
2 1411
3 2170
4 1557
5 460
6 54
7 1755
8 850
9 1031
10 2263
11 697
12 117
13 140
14 2278
15 2338
16 2114
17 214
18 910
19 1119
20 2356
21 1533
22 2643
23 2248
24 2047
25 189
26 821
27 2098
28 1042
29 2774
30 2451
31 2521
32 1811
33 1903
34 524
35 2198
36 620
37 565
38 1351
39 377
40 2089
41 1174
42 2317
43 967
44 294
45 732
46 1899
47 2633
48 1677
49 858
50 1764
51 1345
52 84
53 1412
54 2630
55 2429
56 2238
57 809
58 1878
59 2875
60 1525
61 2062
62 2591
63 429
64 2738
65 2001
66 1759
67 2496
68 484
69 1704
70 1316
71 88
72 688
73 2772
74 2790
75 1321
76 2923
77 2806
78 761
79 164
80 783
81 261
82 303
83 993
84 1331
85 1433
86 560
87 1412
88 1319
89 1818
90 1740
91 2197
92 425
93 276
94 2723
95 913
96 297
97 2419
98 2606
99 1622
100 917
101 714
102 2447
103 1068
104 448
105 1260
106 2850
107 613
108 1621
109 2576
110 1455
111 56
112 226
113 2007
114 1024
115 818
116 2247
117 2451
118 1588
119 7
120 896
121 2785
122 2350
123 243
124 514
125 343
126 607
127 1116
128 2050
129 247
130 794
131 356
132 2712
133 1437
134 1254
135 948
136 344
137 605
138 2484
139 124
140 83
141 1137
142 1119
143 2120
144 344
145 2092
146 1616
147 2217
148 1390
149 1173
150 1288
151 154
152 90
153 2285
154 1960
155 1028
156 2247
157 289
158 703
159 2771
160 2128
161 1917
162 2355
163 2092
164 766
165 1926
166 1461
167 2220
168 389
169 1278
170 1269
171 719
172 610
173 1857
174 752
175 206
176 1570
177 802
178 2730
179 996
180 773
181 635
182 2257
183 234
184 1826
185 1898
186 2393
187 2986
188 1666
189 1405
190 436
191 2954
192 867
193 2425
194 2255
195 710
196 1780
197 2581
198 1010
199 582
200 2271
201 351
202 2876
203 1092
204 212
205 867
206 2173
207 1103
208 37
209 857
210 1250
211 132
212 1094
213 1894
214 2561
215 1090
216 2971
217 1940
218 1132
219 291
220 1142
221 1024
222 1529
223 2577
224 1474
225 64
226 1698
227 109
228 1461
229 90
230 1951
231 740
232 2157
233 2267
234 674
235 2540
236 439
237 94
238 1691
239 625
240 1290
241 938
242 2334
243 531
244 1670
245 2071
246 1182
247 373
248 247
249 1716
250 934
251 2997
252 2975
253 2017
254 1510
255 2722
256 2913
257 1103
258 553
259 2769
260 822
261 2171
262 2430
263 628
264 1410
265 713
266 1847
267 643
268 1284
269 649
270 1829
271 2436
272 98
273 2650
274 2720
275 606
276 431
277 732
278 668
279 1592
280 469
281 2135
282 53
283 1128
284 2943
285 1582
286 2653
287 56
288 968
289 472
290 1893
291 2110
292 1173
293 1531
294 1647
295 408
296 1817
297 2515
298 1220
299 122
300 1658
301 558
302 2106
303 2532
304 1731
305 2722
306 1618
307 1882
308 867
309 877
310 2800
311 1656
312 1028
313 1127
314 1038
315 118
316 1846
317 2798
318 421
319 1617
320 2909
321 785
322 1533
323 400
324 2907
325 267
326 2541
327 214
328 1534
329 588
330 1106
331 1758
332 2962
333 1762
334 2567
335 2112
336 1581
337 650
338 1215
339 2731
340 288
341 1376
342 1927
343 75
344 833
345 1673
346 1257
347 2076
348 990
349 173
350 1174
351 1648
352 2060
353 1089
354 1395
355 462
356 803
357 764
358 2785
359 1401
360 2065
361 2684
362 2660
363 312
364 804
365 594
366 1359
367 505
368 1667
369 448
370 2054
371 1829
372 2928
373 2479
374 1383
375 2787
376 2424
377 1141
378 2237
379 2501
380 1580
381 1474
382 2755
383 838
384 351
385 665
386 2459
387 2516
388 2828
389 2316
390 128
391 1620
392 784
393 231
394 1541
395 2032
396 84
397 618
398 1081
399 1586
400 256
401 1267
402 1413
403 1761
404 1680
405 2920
406 2863
407 111
408 1655
409 527
410 791
411 2461
412 2275
413 2360
414 735
415 2027
416 1577
417 311
418 1632
419 1103
420 1450
421 1889
422 2655
423 2471
424 1399
425 356
426 2935
427 2329
428 2496
429 1210
430 91
431 1755
432 2103
433 1701
434 1907
435 1118
436 1063
437 1513
438 1636
439 1965
440 2247
441 2948
442 160
443 1421
444 2160
445 2691
446 1410
447 651
448 95
449 800
450 2742
451 929
452 2152
453 2575
454 1056
455 134
456 2366
457 309
458 267
459 2779
460 2599
461 1700
462 1455
463 96
464 2419
465 2178
466 2644
467 2746
468 105
469 1981
470 2056
471 272
472 1995
473 1498
474 2588
475 2947
476 2964
477 1163
478 2100
479 1086
480 950
481 1164
482 13
483 2041
484 1916
485 248
486 381
487 2810
488 126
489 2497
490 546
491 727
492 225
493 2183
494 2058
495 1291
496 666
497 1370
498 1412
499 1549
500 2745
501 444
502 2427
503 509
504 1725
505 2281
506 2804
507 2119
508 1092
509 2933
510 2159
511 2063
512 2083
513 958
514 2175
515 2438
516 1119
517 917
518 568
519 2367
520 1118
521 2740
522 2072
523 562
524 1805
525 1630
526 1236
527 537
528 161
529 2425
530 2841
531 1609
532 219
533 906
534 1783
535 915
536 998
537 1868
538 596
539 2195
540 1247
541 2421
542 2732
543 213
544 148
545 496
546 925
547 2456
548 385
549 2797
550 1750
551 1030
552 2020
553 2718
554 2070
555 1092
556 1894
557 1299
558 1618
559 2018
560 2645
561 560
562 59
563 1030
564 1333
565 1084
566 2429
567 571
568 2633
569 2804
570 1301
571 2391
572 1583
573 2683
574 2639
575 1132
576 8
577 795
578 60
579 895
580 2816
581 2597
582 2182
583 560
584 2249
585 19
586 2041
587 1342
588 1424
589 159
590 1990
591 2540
592 966
593 1169
594 1775
595 1282
596 2486
597 1769
598 1012
599 29
600 2695
601 394
602 2983
603 2309
604 801
605 1244
606 2365
607 2217
608 2467
609 303
610 1508
611 1562
612 2812
613 575
614 2250
615 2589
616 13
617 794
618 650
619 1849
620 750
621 118
622 1064
623 714
624 2956
625 223
626 2263
627 1911
628 1319
629 635
630 1473
631 784
632 270
633 1072
634 2729
635 626
636 2885
637 648
638 2878
639 1736
640 1570
641 2434
642 226
643 307
644 230
645 2481
646 2892
647 2255
648 1115
649 284
650 1132
651 468
652 738
653 511
654 1026
655 1877
656 2318
657 2424
658 1124
659 1343
660 1417
661 968
662 1850
663 1752
664 2715
665 1559
666 730
667 2090
668 1907
669 154
670 2490
671 700
672 567
673 284
674 1173
675 74
676 1838
677 881
678 99
679 2494
680 2200
681 733
682 956
683 2749
684 2072
685 2290
686 164
687 1999
688 148
689 1897
690 514
691 1081
692 1634
693 2920
694 891
695 1287
696 1100
697 2851
698 1371
699 634
700 2190
701 2052
702 1188
703 2203
704 77
705 454
706 2846
707 1110
708 270
709 2911
710 1877
711 2127
712 2913
713 123
714 752
715 29
716 110
717 2444
718 2910
719 2483
720 572
721 918
722 247
723 2044
724 1343
725 273
726 1066
727 2928
728 1225
729 26
730 2826
731 506
732 54
733 935
734 919
735 2814
736 574
737 2194
738 2978
739 1159
740 814
741 251
742 576
743 114
744 225
745 2441
746 1417
747 1673
748 1051
749 2146
750 530
751 986
752 1519
753 2394
754 2055
755 2621
756 1582
757 2808
758 1256
759 644
760 357
761 483
762 827
763 209
764 153
765 2434
766 100
767 2365
768 1771
769 1014
770 2915
771 2686
772 2531
773 2422
774 2719
775 1719
776 2572
777 1929
778 1986
779 2528
780 1233
781 2164
782 2306
783 545
784 2825
785 1624
786 2279
787 2118
788 1393
789 2920
790 338
791 2359
792 1943
793 353
794 2250
795 775
796 866
797 211
798 1449
799 2648
800 214
801 2913
802 1995
803 139
804 486
805 1326
806 1130
807 751
808 1826
809 1946
810 903
811 2399
812 2650
813 1286
814 2111
815 263
816 1299
817 1176
818 2463
819 2350
820 2288

