962 86
0 974
1 2616
2 851
3 1379
4 2286
5 2424
6 2612
7 1564
8 439
9 2385
10 2192
11 813
12 553
13 2929
14 967
15 1839
16 2343
17 1707
18 1935
19 1908
20 2354
21 1928
22 1876
23 1915
24 2286
25 2191
26 1871
27 115
28 2395
29 2565
30 1174
31 2269
32 2549
33 1189
34 2160
35 972
36 551
37 1275
38 2963
39 1515
40 1971
41 585
42 1713
43 362
44 1603
45 1125
46 1310
47 1041
48 1616
49 1373
50 522
51 2511
52 1632
53 2504
54 927
55 2464
56 2252
57 281
58 1226
59 637
60 394
61 636
62 1434
63 169
64 6
65 2530
66 482
67 1528
68 1908
69 141
70 1278
71 2456
72 567
73 1297
74 2204
75 729
76 2403
77 1225
78 1871
79 2238
80 1070
81 1996
82 1816
83 2313
84 1309
85 2007
86 1561
87 238
88 2844
89 2121
90 2132
91 2845
92 940
93 2865
94 234
95 1112
96 2563
97 718
98 2266
99 2704
100 1052
101 1289
102 1214
103 803
104 455
105 2810
106 321
107 419
108 2212
109 891
110 2172
111 379
112 147
113 546
114 2124
115 1208
116 1219
117 264
118 180
119 1332
120 2424
121 811
122 1769
123 2619
124 2152
125 1883
126 422
127 20
128 1224
129 2114
130 1986
131 91
132 2425
133 104
134 1937
135 2764
136 1641
137 1060
138 557
139 1954
140 2347
141 1062
142 853
143 32
144 1149
145 69
146 2832
147 1660
148 573
149 187
150 1340
151 2157
152 2102
153 2655
154 2138
155 368
156 1882
157 2364
158 1957
159 2993
160 1251
161 2071
162 2733
163 1332
164 1014
165 954
166 2103
167 955
168 2872
169 1352
170 2405
171 1795
172 934
173 220
174 477
175 2869
176 2322
177 1295
178 2107
179 340
180 1098
181 2820
182 1516
183 113
184 1164
185 410
186 19
187 2265
188 2038
189 693
190 2205
191 1565
192 455
193 2775
194 1643
195 1405
196 2831
197 712
198 1082
199 2307
200 1755
201 833
202 1869
203 1760
204 624
205 2910
206 1207
207 1922
208 2332
209 1757
210 1743
211 2505
212 141
213 477
214 2774
215 2253
216 242
217 1224
218 1777
219 1424
220 802
221 357
222 634
223 1373
224 1002
225 662
226 1148
227 1030
228 427
229 10
230 1405
231 1798
232 1976
233 176
234 747
235 2254
236 2023
237 234
238 2507
239 1939
240 2030
241 1783
242 579
243 2256
244 2806
245 1454
246 2179
247 90
248 1863
249 848
250 2901
251 2891
252 202
253 1638
254 2804
255 60
256 679
257 1676
258 2212
259 2642
260 300
261 1822
262 410
263 2247
264 2327
265 405
266 2824
267 1910
268 686
269 1953
270 929
271 445
272 474
273 1008
274 287
275 1477
276 2384
277 2210
278 2214
279 51
280 91
281 2634
282 1142
283 724
284 1469
285 1693
286 1266
287 1361
288 2800
289 560
290 1224
291 1769
292 2030
293 1177
294 1994
295 2520
296 1574
297 1105
298 2743
299 47
300 1223
301 1354
302 993
303 2614
304 889
305 1388
306 622
307 179
308 1849
309 2365
310 320
311 254
312 215
313 995
314 438
315 886
316 1798
317 2350
318 197
319 1589
320 2824
321 2045
322 1048
323 1710
324 2476
325 676
326 1369
327 2376
328 821
329 1057
330 1321
331 846
332 27
333 237
334 513
335 382
336 1733
337 2520
338 523
339 444
340 1154
341 103
342 492
343 1316
344 2480
345 743
346 373
347 2774
348 1317
349 253
350 1855
351 2041
352 1580
353 1413
354 2675
355 1056
356 2522
357 616
358 932
359 1426
360 122
361 2003
362 1631
363 524
364 954
365 2258
366 1988
367 2483
368 304
369 1490
370 2205
371 1283
372 883
373 1416
374 2308
375 830
376 2757
377 1407
378 5
379 2496
380 1509
381 2492
382 2960
383 2569
384 871
385 1990
386 1367
387 522
388 283
389 1474
390 1129
391 1559
392 2190
393 217
394 477
395 831
396 123
397 1061
398 1390
399 1228
400 1368
401 2970
402 1093
403 1223
404 2484
405 1383
406 716
407 2485
408 1158
409 2347
410 986
411 264
412 2867
413 2059
414 432
415 451
416 1207
417 1263
418 1823
419 968
420 2997
421 2764
422 954
423 2396
424 435
425 959
426 876
427 2985
428 280
429 2372
430 1238
431 2512
432 1946
433 1609
434 1749
435 2816
436 2733
437 2113
438 87
439 1724
440 1514
441 1627
442 2632
443 1232
444 2101
445 892
446 676
447 2679
448 1937
449 1915
450 1622
451 1042
452 906
453 1142
454 2410
455 1359
456 2515
457 1326
458 912
459 1936
460 2436
461 2104
462 2220
463 622
464 2225
465 1416
466 1629
467 2214
468 809
469 2606
470 279
471 1188
472 1021
473 67
474 2794
475 2530
476 1496
477 51
478 1309
479 2679
480 2663
481 2649
482 1457
483 1858
484 1567
485 1459
486 2453
487 394
488 1108
489 1659
490 1658
491 1349
492 2698
493 134
494 2342
495 2344
496 383
497 2569
498 2389
499 942
500 511
501 2853
502 944
503 980
504 1163
505 2959
506 2867
507 627
508 1953
509 1587
510 1454
511 1268
512 278
513 1535
514 1511
515 1194
516 2525
517 1992
518 850
519 1381
520 2409
521 689
522 1846
523 2413
524 2698
525 902
526 2427
527 726
528 2545
529 714
530 650
531 2954
532 1434
533 627
534 242
535 2522
536 1102
537 1560
538 2361
539 79
540 1868
541 2887
542 2005
543 2305
544 1957
545 15
546 40
547 1712
548 35
549 2843
550 1369
551 2453
552 46
553 2803
554 1392
555 1339
556 2529
557 1416
558 2358
559 1541
560 230
561 526
562 2186
563 538
564 2734
565 2738
566 2310
567 1074
568 2787
569 1323
570 849
571 2075
572 2594
573 1818
574 849
575 1259
576 306
577 922
578 2596
579 2757
580 1884
581 2886
582 1223
583 2815
584 2086
585 1579
586 1107
587 1845
588 766
589 1468
590 866
591 1232
592 617
593 2485
594 1750
595 1290
596 2359
597 896
598 2783
599 2849
600 576
601 423
602 1648
603 1521
604 2806
605 40
606 883
607 395
608 738
609 2890
610 947
611 509
612 2358
613 231
614 2498
615 758
616 2802
617 2998
618 1574
619 837
620 2690
621 2827
622 1376
623 2749
624 2201
625 255
626 2667
627 999
628 2553
629 1273
630 57
631 2129
632 481
633 1308
634 974
635 2583
636 1440
637 1608
638 2747
639 2553
640 729
641 428
642 1941
643 854
644 1682
645 52
646 1112
647 2342
648 668
649 883
650 1761
651 1550
652 143
653 2687
654 1382
655 738
656 2082
657 2317
658 1116
659 2918
660 934
661 186
662 856
663 1326
664 1457
665 2772
666 2823
667 880
668 2011
669 1287
670 2772
671 2591
672 1799
673 1776
674 487
675 838
676 1634
677 2104
678 181
679 2592
680 1539
681 2714
682 2848
683 2532
684 2607
685 256
686 2549
687 2872
688 1299
689 1434
690 320
691 2926
692 192
693 1475
694 408
695 185
696 1240
697 2017
698 1836
699 283
700 1047
701 231
702 2087
703 893
704 1836
705 827
706 2802
707 2350
708 1866
709 1821
710 2963
711 2736
712 1284
713 1444
714 2006
715 111
716 2659
717 2382
718 1919
719 855
720 1223
721 224
722 2943
723 1391
724 710
725 1795
726 1965
727 2300
728 996
729 464
730 541
731 1429
732 1077
733 1945
734 1685
735 2346
736 1598
737 912
738 354
739 465
740 837
741 131
742 1815
743 574
744 564
745 1914
746 572
747 129
748 1748
749 1152
750 1125
751 674
752 1810
753 2711
754 877
755 39
756 2611
757 1779
758 2063
759 200
760 1516
761 614
762 1428
763 2122
764 2043
765 2053
766 165
767 2503
768 2118
769 1812
770 1199
771 1598
772 2791
773 1666
774 235
775 1286
776 1095
777 2748
778 2976
779 2062
780 341
781 2503
782 1813
783 282
784 2802
785 2392
786 1471
787 1894
788 2401
789 2221
790 1818
791 1323
792 483
793 814
794 29
795 2011
796 1619
797 945
798 442
799 2797
800 281
801 2977
802 647
803 1162
804 213
805 591
806 2625
807 1531
808 899
809 2453
810 1858
811 653
812 2439
813 438
814 2711
815 2944
816 1595
817 30
818 297
819 2347
820 1428
821 1626
822 2111
823 759
824 533
825 2267
826 188
827 1631
828 995
829 1481
830 2827
831 2797
832 206
833 431
834 146
835 2381
836 1269
837 996
838 2222
839 2921
840 1446
841 868
842 1768
843 287
844 2475
845 1928
846 2951
847 1613
848 2804
849 36
850 1796
851 2211
852 1340
853 1606
854 2102
855 2276
856 1326
857 1545
858 1352
859 910
860 2898
861 2354
862 2293
863 16
864 567
865 1633
866 1581
867 578
868 924
869 1762
870 513
871 2212
872 273
873 2947
874 1058
875 1001
876 890
877 2154
878 1250
879 16
880 19
881 289
882 2920
883 1209
884 2674
885 1389
886 209
887 2635
888 314
889 2395
890 2704
891 332
892 2564
893 358
894 2315
895 2969
896 1965
897 1962
898 2535
899 2271
900 2154
901 2821
902 1714
903 800
904 1275
905 1463
906 635
907 1783
908 139
909 1545
910 1414
911 2744
912 1081
913 2231
914 2189
915 1308
916 2085
917 2683
918 195
919 70
920 1710
921 1777
922 2647
923 1707
924 272
925 526
926 422
927 184
928 1643
929 1967
930 35
931 205
932 257
933 1044
934 59
935 250
936 2802
937 2060
938 528
939 1077
940 1090
941 1362
942 2280
943 615
944 179
945 2068
946 1719
947 2846
948 1807
949 2855
950 2187
951 204
952 1696
953 2809
954 1082
955 2784
956 620
957 1764
958 2687
959 1834
960 2477
961 943

