961 64
0 440
1 1767
2 792
3 279
4 2001
5 356
6 782
7 2698
8 2659
9 2524
10 2845
11 2922
12 639
13 2790
14 2638
15 2151
16 1305
17 2395
18 1294
19 2256
20 1704
21 501
22 231
23 2238
24 969
25 1155
26 1565
27 82
28 2366
29 993
30 2436
31 184
32 2987
33 1017
34 2609
35 2221
36 2284
37 2647
38 1132
39 987
40 1253
41 2749
42 1840
43 2469
44 1246
45 2015
46 706
47 814
48 768
49 280
50 2838
51 333
52 2229
53 1802
54 1580
55 1455
56 1703
57 105
58 184
59 2102
60 1513
61 556
62 2016
63 902
64 432
65 2485
66 2191
67 478
68 1018
69 733
70 2097
71 501
72 147
73 1017
74 1056
75 1653
76 2913
77 686
78 857
79 2536
80 1834
81 1940
82 1166
83 1993
84 1815
85 1098
86 2513
87 1447
88 1305
89 547
90 2599
91 957
92 1540
93 646
94 681
95 591
96 840
97 1114
98 542
99 2045
100 1968
101 482
102 2501
103 1368
104 2516
105 72
106 1142
107 2179
108 2295
109 1073
110 2464
111 322
112 405
113 1889
114 2120
115 953
116 726
117 1853
118 101
119 1225
120 1763
121 2786
122 792
123 2055
124 1159
125 357
126 2687
127 455
128 1442
129 33
130 812
131 1295
132 2150
133 1253
134 2902
135 1895
136 1786
137 53
138 1411
139 1293
140 1806
141 2126
142 2811
143 2552
144 337
145 1428
146 2887
147 2396
148 2487
149 151
150 2386
151 706
152 2542
153 2894
154 2253
155 1260
156 2884
157 1277
158 374
159 1207
160 2941
161 1640
162 2295
163 334
164 697
165 2230
166 1412
167 2542
168 1684
169 1918
170 2523
171 1181
172 2454
173 1851
174 1709
175 2232
176 2292
177 1188
178 314
179 356
180 1773
181 565
182 286
183 1072
184 1271
185 2400
186 1789
187 331
188 2685
189 708
190 1177
191 2697
192 1154
193 1703
194 906
195 1207
196 1564
197 1037
198 647
199 512
200 758
201 1946
202 2910
203 1638
204 896
205 943
206 1727
207 210
208 1063
209 1234
210 2222
211 2393
212 682
213 1837
214 1401
215 2492
216 2611
217 498
218 1725
219 1543
220 1685
221 712
222 2871
223 777
224 1054
225 535
226 191
227 2303
228 2345
229 2825
230 716
231 978
232 1349
233 1715
234 387
235 1401
236 58
237 1053
238 2672
239 1674
240 2596
241 1401
242 1005
243 180
244 2629
245 1757
246 1840
247 297
248 783
249 1135
250 2353
251 148
252 598
253 551
254 560
255 295
256 343
257 193
258 2750
259 2071
260 2150
261 1120
262 1504
263 2067
264 2362
265 980
266 1714
267 1820
268 1412
269 1944
270 2498
271 1219
272 635
273 2461
274 1982
275 2897
276 1992
277 610
278 782
279 2279
280 2653
281 183
282 2748
283 1277
284 490
285 1742
286 346
287 692
288 2391
289 162
290 2187
291 898
292 668
293 243
294 1137
295 2417
296 1600
297 1432
298 379
299 2045
300 886
301 1576
302 2227
303 1074
304 713
305 682
306 2586
307 2980
308 2825
309 1405
310 2922
311 531
312 1149
313 1619
314 924
315 556
316 119
317 858
318 1796
319 1803
320 1694
321 2476
322 1188
323 1295
324 1997
325 1799
326 1418
327 146
328 1720
329 631
330 2219
331 763
332 1276
333 1504
334 2743
335 63
336 2816
337 2483
338 727
339 950
340 1097
341 2892
342 1353
343 2344
344 1509
345 2317
346 883
347 188
348 638
349 2063
350 2286
351 2413
352 2546
353 2405
354 2367
355 953
356 814
357 267
358 381
359 1562
360 2845
361 2123
362 2274
363 2091
364 2725
365 2824
366 2225
367 2536
368 2397
369 2778
370 2929
371 279
372 911
373 2328
374 310
375 1520
376 1927
377 2573
378 1666
379 328
380 1761
381 2660
382 369
383 267
384 779
385 2968
386 1313
387 2249
388 488
389 1577
390 16
391 1095
392 1840
393 394
394 1887
395 2527
396 2304
397 765
398 1850
399 1845
400 2411
401 1220
402 703
403 1548
404 1052
405 2751
406 2452
407 747
408 1760
409 796
410 789
411 2422
412 378
413 1381
414 2295
415 875
416 1596
417 1461
418 1386
419 33
420 2723
421 611
422 2634
423 476
424 473
425 1866
426 397
427 1785
428 1873
429 843
430 1309
431 2783
432 130
433 1176
434 2556
435 886
436 593
437 1943
438 2594
439 487
440 59
441 22
442 1943
443 2208
444 2244
445 1166
446 1932
447 707
448 356
449 2866
450 1886
451 761
452 2215
453 336
454 109
455 946
456 2511
457 560
458 2839
459 2670
460 2657
461 1022
462 1108
463 2822
464 1555
465 2251
466 329
467 2028
468 2150
469 2852
470 587
471 143
472 2413
473 2256
474 1323
475 334
476 107
477 2590
478 1623
479 303
480 135
481 471
482 2287
483 906
484 1999
485 2928
486 2595
487 2801
488 1169
489 790
490 2432
491 1213
492 1991
493 2221
494 1824
495 1600
496 1691
497 730
498 1878
499 1107
500 2584
501 2388
502 1773
503 624
504 1503
505 1400
506 2735
507 1302
508 551
509 860
510 449
511 1471
512 1163
513 1527
514 406
515 1586
516 2253
517 1412
518 245
519 2338
520 2914
521 736
522 1072
523 1949
524 2449
525 2553
526 2477
527 2918
528 1391
529 831
530 2526
531 784
532 17
533 2370
534 837
535 2710
536 946
537 1164
538 1943
539 2943
540 1907
541 1238
542 741
543 1246
544 1830
545 1826
546 1576
547 1825
548 1996
549 180
550 590
551 2024
552 1538
553 447
554 2652
555 388
556 2481
557 1029
558 682
559 1195
560 1129
561 1660
562 2100
563 278
564 271
565 1996
566 1504
567 22
568 193
569 2415
570 1659
571 867
572 866
573 1606
574 989
575 1051
576 2942
577 1726
578 2292
579 2535
580 2273
581 2443
582 112
583 1255
584 2547
585 772
586 637
587 452
588 1378
589 652
590 1558
591 592
592 231
593 1555
594 1541
595 1802
596 227
597 2924
598 1782
599 956
600 2612
601 2942
602 758
603 1416
604 1268
605 2031
606 250
607 1787
608 2394
609 1280
610 489
611 1193
612 1442
613 758
614 2890
615 2376
616 1962
617 1927
618 471
619 125
620 542
621 1143
622 737
623 2724
624 1476
625 735
626 2499
627 2919
628 944
629 1450
630 1733
631 2020
632 1279
633 2586
634 1139
635 2280
636 1331
637 960
638 1664
639 1468
640 2846
641 2848
642 1139
643 2547
644 1775
645 490
646 2381
647 1107
648 2101
649 2478
650 2683
651 1907
652 1303
653 1075
654 1184
655 30
656 1950
657 2132
658 1357
659 2881
660 1370
661 1055
662 2981
663 2552
664 2869
665 223
666 2359
667 2293
668 1626
669 1242
670 2472
671 588
672 1772
673 1500
674 1484
675 726
676 514
677 1657
678 503
679 1112
680 2477
681 1451
682 1206
683 709
684 338
685 242
686 74
687 846
688 421
689 901
690 1768
691 69
692 1055
693 2637
694 2592
695 1280
696 1819
697 314
698 2482
699 377
700 2903
701 1517
702 889
703 2658
704 2503
705 1475
706 1682
707 536
708 2771
709 2609
710 1764
711 350
712 2775
713 1056
714 1677
715 2730
716 1802
717 1208
718 158
719 1638
720 46
721 1212
722 2161
723 1924
724 2888
725 1623
726 678
727 2534
728 180
729 253
730 2814
731 1752
732 292
733 1971
734 551
735 12
736 867
737 818
738 1218
739 1895
740 2166
741 2050
742 1103
743 1223
744 1833
745 1517
746 2275
747 2129
748 1666
749 1976
750 1504
751 1435
752 568
753 1874
754 424
755 2503
756 2912
757 1822
758 1591
759 2260
760 1549
761 171
762 189
763 2200
764 1072
765 2338
766 467
767 1999
768 821
769 737
770 949
771 2240
772 1404
773 2687
774 2805
775 1362
776 187
777 518
778 1113
779 1281
780 2029
781 986
782 1860
783 2093
784 2888
785 1747
786 2733
787 1986
788 462
789 2402
790 1869
791 2974
792 1666
793 1163
794 1634
795 2142
796 2246
797 2030
798 1034
799 466
800 2601
801 171
802 2662
803 304
804 2444
805 1729
806 2765
807 771
808 676
809 894
810 1487
811 1958
812 878
813 1378
814 2642
815 1137
816 1684
817 1655
818 90
819 1879
820 707
821 730
822 1717
823 2721
824 1535
825 916
826 1419
827 794
828 1296
829 1807
830 114
831 1105
832 1683
833 1371
834 2333
835 2487
836 2960
837 2297
838 923
839 2627
840 818
841 2621
842 2723
843 422
844 1933
845 1906
846 1954
847 1793
848 2150
849 391
850 1697
851 2746
852 2161
853 1895
854 820
855 580
856 1812
857 1471
858 6
859 885
860 2959
861 2429
862 2464
863 1816
864 1682
865 405
866 1580
867 2742
868 1811
869 163
870 567
871 1842
872 592
873 2608
874 64
875 321
876 746
877 1020
878 2655
879 1628
880 1132
881 604
882 836
883 739
884 2794
885 2013
886 486
887 2161
888 2156
889 2938
890 1452
891 786
892 1597
893 1443
894 2383
895 114
896 1775
897 435
898 822
899 440
900 2330
901 1662
902 635
903 2395
904 60
905 1919
906 2923
907 2262
908 2356
909 900
910 730
911 1423
912 915
913 409
914 544
915 1148
916 316
917 2544
918 1823
919 1927
920 883
921 1006
922 2128
923 551
924 2273
925 1786
926 1161
927 1658
928 470
929 2591
930 695
931 530
932 2265
933 2035
934 2749
935 2118
936 1022
937 1410
938 107
939 2625
940 2517
941 1545
942 1491
943 460
944 2238
945 2455
946 255
947 2017
948 2761
949 2011
950 1082
951 469
952 2086
953 1912
954 1348
955 93
956 2266
957 1348
958 758
959 2320
960 1765

