624 54
0 2601
1 1128
2 558
3 1940
4 1425
5 372
6 1705
7 349
8 1959
9 2737
10 1117
11 1484
12 238
13 2566
14 1790
15 2540
16 1374
17 1857
18 24
19 2284
20 1436
21 911
22 640
23 1460
24 1749
25 239
26 215
27 1880
28 881
29 982
30 2356
31 2620
32 975
33 1049
34 292
35 1418
36 1027
37 1538
38 212
39 740
40 1605
41 1118
42 1601
43 512
44 1365
45 162
46 1179
47 2800
48 1417
49 685
50 1695
51 192
52 2274
53 282
54 515
55 1051
56 1557
57 1249
58 2649
59 1979
60 875
61 2687
62 2478
63 1145
64 664
65 2125
66 2537
67 2455
68 2425
69 2084
70 1847
71 2700
72 2801
73 941
74 2933
75 525
76 2754
77 447
78 2850
79 868
80 1217
81 2679
82 2543
83 1905
84 2186
85 1909
86 2366
87 1678
88 16
89 1101
90 83
91 1163
92 2012
93 1740
94 140
95 303
96 1354
97 1440
98 1445
99 1170
100 1706
101 2458
102 797
103 1548
104 2635
105 804
106 1574
107 479
108 1915
109 1962
110 1429
111 2197
112 2783
113 1749
114 2732
115 908
116 284
117 298
118 405
119 2389
120 1570
121 1484
122 1933
123 1219
124 369
125 1193
126 1692
127 2112
128 1729
129 128
130 1457
131 1202
132 1613
133 892
134 498
135 1101
136 1330
137 1710
138 2447
139 2381
140 764
141 16
142 289
143 375
144 2335
145 686
146 2738
147 2011
148 991
149 675
150 2645
151 1738
152 2873
153 2917
154 121
155 545
156 343
157 1853
158 323
159 753
160 1860
161 956
162 1810
163 2715
164 1408
165 2704
166 1100
167 2796
168 1673
169 2487
170 1666
171 2696
172 743
173 2203
174 2995
175 1053
176 732
177 2701
178 1117
179 2934
180 2032
181 2937
182 685
183 1009
184 401
185 2925
186 1893
187 1808
188 686
189 1557
190 824
191 2958
192 562
193 849
194 949
195 2595
196 2906
197 2551
198 1448
199 826
200 2534
201 1117
202 2655
203 954
204 976
205 2052
206 1182
207 1346
208 185
209 1192
210 1510
211 110
212 265
213 1499
214 230
215 2895
216 696
217 1254
218 2416
219 490
220 2102
221 1372
222 2875
223 1106
224 2723
225 195
226 2666
227 1010
228 2155
229 508
230 2882
231 2735
232 1496
233 733
234 56
235 2817
236 1235
237 1473
238 255
239 753
240 321
241 1561
242 1485
243 1314
244 1053
245 1438
246 2137
247 2525
248 1353
249 1562
250 904
251 2008
252 376
253 2852
254 317
255 1190
256 649
257 124
258 2897
259 1881
260 1211
261 1182
262 2266
263 2064
264 816
265 1951
266 164
267 854
268 831
269 2534
270 1852
271 852
272 2264
273 163
274 231
275 838
276 1701
277 1838
278 1778
279 1813
280 1427
281 1552
282 1173
283 825
284 2501
285 2509
286 480
287 232
288 2572
289 615
290 1313
291 2912
292 1352
293 2802
294 48
295 158
296 1671
297 2659
298 1924
299 70
300 2447
301 2983
302 1225
303 2618
304 2605
305 884
306 947
307 2246
308 689
309 2011
310 1261
311 620
312 2226
313 1341
314 1450
315 602
316 35
317 381
318 1871
319 2775
320 708
321 2057
322 879
323 2398
324 752
325 1504
326 1927
327 1189
328 2475
329 2609
330 1847
331 908
332 2769
333 240
334 532
335 2457
336 1275
337 861
338 2262
339 42
340 1716
341 712
342 689
343 1523
344 819
345 1103
346 1279
347 518
348 490
349 603
350 601
351 2047
352 2008
353 2569
354 1849
355 1908
356 2219
357 640
358 2129
359 1220
360 184
361 1956
362 1522
363 887
364 2860
365 932
366 2502
367 2390
368 2376
369 171
370 1079
371 2725
372 2723
373 1208
374 1619
375 118
376 2617
377 2233
378 1056
379 647
380 2391
381 1143
382 2845
383 1903
384 942
385 2031
386 859
387 2214
388 588
389 1004
390 2337
391 679
392 523
393 1901
394 2702
395 1982
396 2019
397 2018
398 2392
399 1714
400 458
401 1246
402 2009
403 1707
404 2943
405 2813
406 2181
407 1711
408 2110
409 2857
410 2711
411 445
412 1829
413 2137
414 542
415 1320
416 2143
417 633
418 1475
419 1144
420 1759
421 1097
422 1566
423 969
424 1709
425 259
426 145
427 2314
428 357
429 2401
430 1056
431 181
432 2802
433 2113
434 413
435 477
436 2473
437 365
438 167
439 2647
440 670
441 2631
442 2876
443 466
444 2323
445 1624
446 2245
447 1981
448 2573
449 2253
450 2852
451 91
452 130
453 2814
454 610
455 281
456 2621
457 1525
458 1049
459 644
460 235
461 1495
462 855
463 1401
464 1171
465 2539
466 318
467 2428
468 1304
469 1690
470 958
471 1598
472 2980
473 2628
474 722
475 2824
476 1361
477 584
478 736
479 2294
480 936
481 2051
482 1798
483 112
484 2536
485 1659
486 2995
487 1277
488 2897
489 922
490 1223
491 1574
492 1869
493 1079
494 2638
495 1084
496 25
497 2004
498 660
499 367
500 208
501 2184
502 1928
503 246
504 5
505 2151
506 55
507 416
508 764
509 1437
510 2600
511 2851
512 2917
513 2939
514 289
515 2676
516 847
517 2117
518 1919
519 2096
520 1791
521 2943
522 27
523 2576
524 55
525 2203
526 820
527 973
528 1713
529 582
530 2457
531 1776
532 412
533 826
534 678
535 8
536 2394
537 253
538 2938
539 1798
540 1043
541 2649
542 1226
543 1517
544 2062
545 1631
546 2441
547 1130
548 1009
549 675
550 683
551 1023
552 668
553 1662
554 236
555 129
556 503
557 621
558 1524
559 2404
560 1741
561 2570
562 148
563 1834
564 1602
565 2648
566 2562
567 2779
568 2891
569 2884
570 847
571 1214
572 536
573 780
574 2936
575 2407
576 1754
577 2187
578 1932
579 1496
580 468
581 635
582 1174
583 953
584 2758
585 2028
586 2728
587 375
588 1198
589 2482
590 75
591 240
592 2922
593 279
594 2593
595 2933
596 1746
597 311
598 605
599 1347
600 755
601 1713
602 2472
603 1532
604 924
605 2175
606 1189
607 260
608 979
609 1943
610 1535
611 2542
612 1435
613 2136
614 1823
615 2292
616 1747
617 2422
618 2268
619 2609
620 2590
621 2697
622 2432
623 389

