252 28
0 160
1 14
2 185
3 2000
4 2340
5 1141
6 1520
7 1272
8 1883
9 1534
10 1517
11 1449
12 2246
13 2867
14 867
15 2771
16 608
17 2057
18 153
19 950
20 552
21 1818
22 2179
23 2384
24 1017
25 1425
26 2682
27 2849
28 2472
29 2084
30 60
31 2199
32 2637
33 1057
34 1115
35 667
36 738
37 696
38 1842
39 2003
40 861
41 431
42 2023
43 2495
44 1601
45 1630
46 710
47 943
48 1705
49 2221
50 584
51 2694
52 1298
53 339
54 1952
55 1656
56 805
57 2430
58 1075
59 120
60 2081
61 41
62 2477
63 462
64 1881
65 337
66 101
67 1906
68 2679
69 1392
70 1962
71 508
72 1358
73 1097
74 2365
75 2880
76 2618
77 1569
78 2211
79 1314
80 2571
81 996
82 207
83 2108
84 2947
85 887
86 884
87 258
88 243
89 1157
90 2602
91 854
92 1453
93 1040
94 273
95 1711
96 157
97 1833
98 2431
99 2496
100 1647
101 156
102 365
103 1435
104 1416
105 2313
106 294
107 1170
108 1381
109 1651
110 2031
111 84
112 2044
113 853
114 454
115 1084
116 2815
117 325
118 1627
119 340
120 1323
121 504
122 508
123 1332
124 402
125 2195
126 2352
127 230
128 2172
129 1253
130 814
131 687
132 1842
133 2509
134 1003
135 2010
136 717
137 235
138 864
139 1538
140 877
141 76
142 1028
143 693
144 2867
145 631
146 2865
147 194
148 641
149 1265
150 1661
151 26
152 2792
153 807
154 2215
155 321
156 2349
157 454
158 2479
159 669
160 1789
161 747
162 1431
163 538
164 1917
165 1661
166 463
167 236
168 2452
169 2765
170 2054
171 1479
172 2789
173 2076
174 245
175 2624
176 202
177 1200
178 2463
179 537
180 723
181 901
182 2363
183 2008
184 2473
185 806
186 957
187 1214
188 229
189 430
190 1315
191 48
192 2371
193 1235
194 1501
195 2787
196 2155
197 1380
198 1719
199 273
200 1277
201 1784
202 1435
203 415
204 1194
205 1305
206 1004
207 962
208 1706
209 1669
210 2357
211 2351
212 1174
213 1968
214 2203
215 2303
216 1577
217 370
218 734
219 914
220 1753
221 2900
222 332
223 30
224 1937
225 1710
226 2793
227 2249
228 1837
229 1208
230 2781
231 2582
232 1379
233 318
234 875
235 1048
236 1010
237 219
238 501
239 2987
240 852
241 2384
242 1591
243 1535
244 2044
245 1242
246 1758
247 101
248 1495
249 542
250 1208
251 534

