262 18
0 2047
1 1273
2 2454
3 680
4 1538
5 225
6 2644
7 367
8 847
9 554
10 2285
11 2958
12 2221
13 442
14 462
15 1093
16 2378
17 2111
18 874
19 2468
20 302
21 145
22 564
23 205
24 1177
25 1109
26 2191
27 246
28 1127
29 1535
30 654
31 1788
32 767
33 2107
34 2116
35 556
36 724
37 643
38 55
39 2106
40 2893
41 2259
42 1281
43 2430
44 1773
45 2001
46 358
47 1699
48 1330
49 1132
50 1365
51 1778
52 2985
53 2924
54 2647
55 2402
56 1397
57 1000
58 2050
59 1305
60 2562
61 1407
62 2836
63 752
64 1777
65 263
66 396
67 2581
68 103
69 1586
70 2738
71 12
72 1899
73 1978
74 2754
75 130
76 844
77 1706
78 184
79 1340
80 2919
81 513
82 830
83 1818
84 2919
85 732
86 2392
87 2144
88 752
89 1402
90 1496
91 960
92 759
93 2210
94 1347
95 2473
96 2141
97 2462
98 2246
99 2038
100 668
101 2635
102 1758
103 1224
104 211
105 2278
106 110
107 836
108 1383
109 2734
110 886
111 1957
112 2203
113 685
114 2400
115 132
116 2979
117 509
118 1666
119 2297
120 2151
121 2507
122 492
123 2119
124 1629
125 39
126 153
127 2697
128 2612
129 1446
130 1946
131 2884
132 634
133 2988
134 2573
135 2816
136 2615
137 275
138 2227
139 927
140 2810
141 2195
142 1609
143 1973
144 2815
145 1681
146 2965
147 2095
148 1869
149 2132
150 36
151 1414
152 1307
153 1871
154 2912
155 1585
156 274
157 282
158 2508
159 419
160 2968
161 2765
162 1761
163 1575
164 1394
165 833
166 2993
167 2683
168 2150
169 288
170 2035
171 633
172 137
173 2763
174 2073
175 1467
176 2212
177 1368
178 350
179 848
180 2365
181 2059
182 2928
183 2155
184 2668
185 510
186 906
187 349
188 292
189 2477
190 878
191 2036
192 2079
193 856
194 935
195 1867
196 2236
197 849
198 1774
199 784
200 1270
201 1519
202 88
203 1112
204 491
205 1412
206 2562
207 1381
208 1507
209 1625
210 45
211 2913
212 834
213 1039
214 1770
215 1578
216 1452
217 776
218 2135
219 1816
220 912
221 2176
222 2745
223 1428
224 2386
225 1658
226 1571
227 2367
228 246
229 2518
230 1604
231 2366
232 2385
233 923
234 2356
235 2573
236 649
237 1705
238 1073
239 546
240 774
241 2014
242 1525
243 324
244 1881
245 2629
246 441
247 968
248 2077
249 186
250 1786
251 1916
252 518
253 1641
254 1107
255 1315
256 1780
257 2391
258 2374
259 1199
260 2175
261 1331

