396 57
0 751
1 2845
2 1261
3 2347
4 2818
5 743
6 585
7 898
8 2170
9 1320
10 2375
11 2583
12 2954
13 2938
14 2321
15 2445
16 311
17 1890
18 348
19 82
20 2674
21 2540
22 2910
23 2831
24 1118
25 350
26 2839
27 332
28 2962
29 1646
30 1470
31 43
32 1981
33 2275
34 2141
35 1035
36 2797
37 490
38 2051
39 835
40 742
41 442
42 2799
43 1932
44 1027
45 2467
46 554
47 1140
48 2760
49 333
50 625
51 2132
52 2464
53 2826
54 517
55 1464
56 577
57 1527
58 1735
59 178
60 2684
61 635
62 2915
63 2700
64 2255
65 2937
66 316
67 2331
68 668
69 45
70 2788
71 1613
72 2577
73 2532
74 926
75 1044
76 1668
77 2974
78 1528
79 1079
80 1196
81 2182
82 2594
83 1607
84 1850
85 243
86 2630
87 1045
88 657
89 2599
90 2761
91 1010
92 2380
93 1630
94 922
95 739
96 2154
97 1560
98 1801
99 562
100 665
101 5
102 2776
103 1216
104 1366
105 1070
106 2962
107 1238
108 555
109 2522
110 972
111 2268
112 2775
113 1058
114 1910
115 1185
116 1762
117 640
118 209
119 2134
120 2530
121 2700
122 2508
123 1430
124 1829
125 1684
126 2247
127 177
128 2534
129 1864
130 1207
131 2859
132 2862
133 853
134 1806
135 1615
136 1147
137 2077
138 1055
139 1494
140 2464
141 298
142 1370
143 96
144 722
145 739
146 137
147 620
148 1037
149 2424
150 2571
151 1796
152 520
153 1666
154 2387
155 1505
156 1501
157 695
158 2681
159 823
160 1476
161 2118
162 2778
163 2087
164 2531
165 402
166 89
167 2494
168 2726
169 2029
170 368
171 1768
172 74
173 177
174 1327
175 1465
176 468
177 1572
178 2562
179 834
180 2298
181 982
182 952
183 789
184 273
185 2850
186 2984
187 2319
188 2434
189 1407
190 2512
191 2437
192 604
193 2705
194 61
195 577
196 2138
197 1010
198 1088
199 1516
200 2111
201 2090
202 2088
203 2136
204 1014
205 785
206 2386
207 2993
208 2691
209 1051
210 1504
211 1627
212 927
213 2652
214 846
215 566
216 1441
217 304
218 116
219 323
220 2852
221 984
222 2411
223 2497
224 2965
225 2448
226 619
227 1891
228 1708
229 1702
230 1514
231 1974
232 1507
233 1118
234 911
235 2507
236 2066
237 610
238 2537
239 2353
240 2744
241 2814
242 1167
243 247
244 1362
245 1216
246 2724
247 2452
248 2491
249 1809
250 1226
251 601
252 1130
253 2259
254 2704
255 2890
256 404
257 1582
258 1817
259 897
260 711
261 267
262 985
263 2598
264 1985
265 1880
266 823
267 2996
268 361
269 2843
270 1504
271 2839
272 1158
273 2357
274 2955
275 1733
276 277
277 2785
278 1553
279 88
280 1867
281 815
282 2233
283 1659
284 831
285 1315
286 307
287 304
288 1439
289 2773
290 2228
291 2755
292 1203
293 1945
294 1950
295 1233
296 2672
297 1664
298 2631
299 365
300 636
301 251
302 236
303 797
304 73
305 871
306 191
307 2698
308 2688
309 2719
310 1750
311 2831
312 1569
313 1147
314 2692
315 1019
316 2880
317 708
318 1203
319 121
320 2282
321 1190
322 2317
323 1975
324 2653
325 2638
326 2550
327 2162
328 533
329 319
330 1444
331 348
332 1094
333 2816
334 2417
335 1516
336 727
337 1613
338 2244
339 1140
340 886
341 295
342 1583
343 1251
344 1770
345 2687
346 2939
347 1393
348 1529
349 446
350 1951
351 617
352 933
353 2098
354 400
355 2973
356 932
357 152
358 657
359 2165
360 1086
361 2701
362 915
363 1590
364 2781
365 732
366 1983
367 1626
368 2100
369 2996
370 2927
371 2974
372 2015
373 432
374 2490
375 2359
376 1639
377 2931
378 2598
379 1108
380 387
381 2234
382 966
383 2144
384 704
385 729
386 1935
387 316
388 2509
389 1856
390 1064
391 233
392 407
393 2580
394 1276
395 290

