278 0
0 1458
1 138
2 922
3 2980
4 884
5 2523
6 1225
7 1429
8 711
9 116
10 120
11 1778
12 534
13 1939
14 1004
15 1835
16 2042
17 2293
18 2498
19 2534
20 1455
21 1927
22 263
23 2142
24 2654
25 88
26 1810
27 2295
28 119
29 534
30 2978
31 897
32 2756
33 2910
34 1854
35 1635
36 230
37 1555
38 351
39 1982
40 1593
41 2969
42 733
43 126
44 345
45 509
46 1023
47 44
48 1910
49 1968
50 2936
51 2338
52 2539
53 211
54 2942
55 2648
56 1549
57 611
58 1877
59 798
60 84
61 2185
62 401
63 524
64 745
65 948
66 2981
67 1598
68 827
69 407
70 505
71 2255
72 36
73 1671
74 2360
75 1441
76 755
77 2290
78 2924
79 1699
80 2913
81 1253
82 1656
83 1818
84 333
85 2694
86 158
87 984
88 1139
89 1108
90 1672
91 2422
92 2152
93 2346
94 2721
95 2436
96 351
97 1609
98 391
99 1259
100 1297
101 549
102 2801
103 1094
104 1191
105 1938
106 183
107 2927
108 1736
109 2032
110 877
111 1635
112 845
113 174
114 231
115 2343
116 978
117 1011
118 632
119 1605
120 43
121 2304
122 2934
123 641
124 1894
125 1033
126 2754
127 89
128 147
129 2118
130 1546
131 334
132 324
133 2282
134 712
135 1992
136 894
137 2527
138 2744
139 1033
140 2024
141 1507
142 1661
143 825
144 1566
145 162
146 2962
147 1547
148 1888
149 426
150 259
151 21
152 362
153 2389
154 2399
155 80
156 2333
157 2969
158 1359
159 1601
160 2107
161 2003
162 386
163 2512
164 1136
165 207
166 1055
167 1990
168 2799
169 267
170 1610
171 1946
172 1768
173 1630
174 273
175 2055
176 1470
177 1886
178 2769
179 1001
180 32
181 1160
182 2999
183 2149
184 2210
185 1103
186 1642
187 2543
188 2411
189 1832
190 553
191 558
192 1842
193 1089
194 865
195 1762
196 2250
197 1218
198 2278
199 2862
200 1996
201 2688
202 160
203 1662
204 2910
205 2134
206 1895
207 2573
208 1471
209 2299
210 2831
211 488
212 1345
213 687
214 1449
215 2523
216 2699
217 930
218 820
219 1246
220 441
221 2082
222 1633
223 1422
224 1745
225 309
226 2769
227 248
228 2070
229 1853
230 2967
231 2781
232 1879
233 2416
234 381
235 292
236 2671
237 483
238 1935
239 2866
240 1388
241 2474
242 2908
243 1737
244 1335
245 2253
246 819
247 2612
248 2285
249 2295
250 2127
251 2289
252 2483
253 2006
254 117
255 2601
256 2197
257 729
258 549
259 1003
260 2082
261 2122
262 2501
263 1754
264 957
265 101
266 2299
267 342
268 1231
269 1438
270 2558
271 1406
272 2992
273 92
274 1638
275 2702
276 1823
277 794

