618 63
0 210
1 1693
2 2388
3 1762
4 124
5 518
6 1190
7 96
8 468
9 2282
10 735
11 2626
12 937
13 59
14 1377
15 2022
16 1069
17 2434
18 1878
19 498
20 2878
21 303
22 1487
23 385
24 1896
25 2842
26 956
27 2612
28 2821
29 2456
30 314
31 1259
32 1788
33 1299
34 2098
35 1632
36 1217
37 587
38 1251
39 885
40 1756
41 2082
42 413
43 44
44 2176
45 1537
46 806
47 1791
48 2747
49 889
50 687
51 2752
52 1794
53 1304
54 2193
55 158
56 324
57 299
58 317
59 2462
60 2486
61 2185
62 623
63 1964
64 2209
65 144
66 1252
67 600
68 139
69 47
70 26
71 1484
72 2952
73 888
74 2802
75 1482
76 1075
77 782
78 636
79 2471
80 1612
81 420
82 2699
83 2803
84 2722
85 169
86 1846
87 2053
88 725
89 1096
90 97
91 1993
92 1747
93 90
94 1945
95 1520
96 895
97 65
98 1607
99 2852
100 1749
101 2448
102 1435
103 2103
104 64
105 1947
106 2332
107 116
108 2314
109 314
110 1901
111 2669
112 81
113 1293
114 621
115 29
116 1812
117 1730
118 2315
119 2778
120 2167
121 1095
122 2410
123 1858
124 2052
125 2585
126 2682
127 92
128 1642
129 855
130 2145
131 2300
132 2742
133 58
134 343
135 122
136 2616
137 2613
138 1958
139 675
140 924
141 2171
142 1143
143 1440
144 1263
145 1181
146 359
147 1981
148 2215
149 2673
150 1238
151 1969
152 2792
153 822
154 2977
155 2791
156 1779
157 1668
158 604
159 2349
160 311
161 1827
162 1031
163 1655
164 1944
165 179
166 2140
167 2189
168 1116
169 1441
170 783
171 211
172 586
173 399
174 1394
175 617
176 1694
177 870
178 2006
179 1105
180 1858
181 1023
182 743
183 235
184 1729
185 1036
186 696
187 2304
188 2922
189 379
190 1508
191 779
192 1730
193 2318
194 2834
195 2631
196 305
197 1198
198 2785
199 1382
200 754
201 2867
202 364
203 951
204 1274
205 1756
206 2434
207 234
208 735
209 2282
210 39
211 641
212 1207
213 2614
214 699
215 2580
216 1993
217 556
218 2284
219 1973
220 2108
221 2940
222 522
223 2445
224 2510
225 281
226 514
227 223
228 2667
229 400
230 1696
231 373
232 582
233 2128
234 2764
235 962
236 614
237 1933
238 2605
239 1709
240 1402
241 2625
242 85
243 880
244 34
245 2684
246 515
247 2558
248 2205
249 1006
250 2149
251 1747
252 1348
253 964
254 971
255 1273
256 1137
257 2829
258 2319
259 1602
260 1874
261 2703
262 509
263 202
264 2461
265 883
266 1101
267 977
268 223
269 2782
270 60
271 957
272 1693
273 424
274 1926
275 1278
276 1106
277 2700
278 987
279 2865
280 865
281 183
282 741
283 2410
284 2650
285 1988
286 1053
287 2127
288 1193
289 2208
290 1416
291 1518
292 1797
293 920
294 1191
295 2393
296 1307
297 609
298 1240
299 321
300 1336
301 2287
302 2583
303 1558
304 280
305 2628
306 2242
307 1455
308 2454
309 1513
310 2742
311 1773
312 2243
313 496
314 118
315 1900
316 1362
317 1718
318 1113
319 1531
320 1401
321 1269
322 526
323 1283
324 512
325 1720
326 511
327 817
328 1257
329 350
330 28
331 753
332 2635
333 2752
334 2084
335 2103
336 2213
337 606
338 1625
339 888
340 715
341 1957
342 2382
343 2995
344 117
345 2112
346 2776
347 2866
348 1245
349 2160
350 1119
351 1369
352 1878
353 1471
354 1603
355 112
356 1449
357 498
358 216
359 726
360 247
361 561
362 2861
363 2964
364 2216
365 1531
366 1779
367 586
368 1280
369 2759
370 2644
371 2465
372 307
373 546
374 678
375 2280
376 1284
377 1307
378 1730
379 838
380 599
381 2054
382 1923
383 2138
384 938
385 1290
386 41
387 2967
388 637
389 2342
390 2740
391 2311
392 2486
393 2021
394 1871
395 161
396 2246
397 211
398 1818
399 1364
400 1350
401 2720
402 71
403 2876
404 945
405 512
406 1870
407 90
408 748
409 2613
410 1124
411 1667
412 1167
413 1481
414 549
415 2097
416 547
417 769
418 1118
419 2134
420 1757
421 191
422 1478
423 31
424 802
425 2696
426 340
427 1305
428 1614
429 2397
430 2065
431 2519
432 768
433 2263
434 499
435 1184
436 2669
437 957
438 854
439 1159
440 739
441 2952
442 2225
443 657
444 596
445 2859
446 2624
447 470
448 38
449 1254
450 1568
451 2285
452 1405
453 460
454 786
455 2202
456 2860
457 1843
458 2696
459 2536
460 749
461 2184
462 1193
463 340
464 2811
465 1414
466 192
467 1815
468 1401
469 2758
470 612
471 637
472 1091
473 2795
474 1477
475 406
476 2160
477 101
478 1017
479 2521
480 13
481 1192
482 2629
483 1297
484 1358
485 272
486 694
487 2946
488 1407
489 2576
490 2848
491 576
492 1143
493 169
494 2446
495 1969
496 1406
497 134
498 2620
499 1184
500 2767
501 2956
502 416
503 1095
504 2119
505 608
506 264
507 2261
508 1524
509 2841
510 2045
511 1735
512 919
513 777
514 1530
515 1716
516 1005
517 496
518 1480
519 2038
520 1100
521 2242
522 40
523 2930
524 793
525 407
526 2940
527 1102
528 793
529 902
530 603
531 93
532 487
533 2007
534 2601
535 868
536 621
537 2265
538 514
539 1066
540 958
541 2912
542 1467
543 1916
544 1720
545 2915
546 1338
547 170
548 907
549 874
550 540
551 1451
552 985
553 2975
554 2492
555 299
556 765
557 2224
558 310
559 388
560 491
561 278
562 1976
563 2858
564 1005
565 1757
566 1591
567 1772
568 1154
569 2391
570 70
571 1078
572 357
573 632
574 2145
575 1890
576 516
577 2270
578 1995
579 647
580 581
581 2626
582 2565
583 2254
584 1143
585 2315
586 2481
587 2860
588 2028
589 1946
590 2429
591 426
592 776
593 1914
594 2002
595 2744
596 1142
597 1472
598 2250
599 11
600 396
601 1219
602 481
603 2067
604 1463
605 2425
606 2231
607 68
608 1668
609 2010
610 1001
611 2330
612 2091
613 1066
614 873
615 2422
616 1131
617 602

