862 2
0 1144
1 1227
2 2331
3 2886
4 1587
5 2196
6 853
7 1090
8 2113
9 2505
10 855
11 598
12 983
13 693
14 1802
15 156
16 802
17 155
18 104
19 2023
20 1711
21 598
22 463
23 1797
24 744
25 498
26 2697
27 1402
28 1569
29 2673
30 993
31 1387
32 2162
33 2263
34 89
35 498
36 364
37 1486
38 2713
39 2017
40 755
41 1185
42 2509
43 2473
44 1948
45 2426
46 1650
47 1924
48 2717
49 1882
50 185
51 1119
52 2
53 1588
54 1217
55 1796
56 2582
57 2771
58 1771
59 1874
60 2838
61 1186
62 484
63 2815
64 780
65 1527
66 583
67 1894
68 2712
69 515
70 2203
71 1552
72 1472
73 1292
74 1553
75 399
76 1143
77 1006
78 613
79 2898
80 2023
81 785
82 2314
83 2707
84 531
85 2227
86 2475
87 1109
88 2147
89 1258
90 2280
91 381
92 56
93 2607
94 2900
95 2668
96 2709
97 2240
98 2976
99 2386
100 453
101 1461
102 394
103 2901
104 2317
105 1111
106 2058
107 95
108 2101
109 75
110 1473
111 1123
112 2163
113 226
114 2427
115 47
116 2103
117 55
118 2745
119 24
120 1633
121 243
122 1338
123 1714
124 54
125 2225
126 1573
127 206
128 1824
129 1715
130 2893
131 753
132 2975
133 283
134 1475
135 2413
136 2583
137 794
138 1392
139 2257
140 434
141 1132
142 1172
143 2212
144 1129
145 2844
146 1405
147 911
148 2821
149 2258
150 1228
151 693
152 1808
153 1608
154 1490
155 2020
156 144
157 986
158 1655
159 1045
160 1011
161 517
162 2077
163 306
164 1368
165 551
166 972
167 2474
168 2076
169 376
170 1635
171 2087
172 1898
173 2917
174 1539
175 730
176 546
177 867
178 2150
179 534
180 1345
181 615
182 2659
183 316
184 58
185 2416
186 2017
187 654
188 2940
189 1191
190 572
191 1644
192 2923
193 497
194 595
195 1093
196 1777
197 2893
198 3
199 2546
200 169
201 1675
202 2773
203 1776
204 2448
205 1410
206 2102
207 733
208 807
209 41
210 64
211 647
212 1194
213 2596
214 1161
215 2891
216 1999
217 2776
218 565
219 606
220 950
221 1896
222 482
223 905
224 2587
225 2036
226 2495
227 891
228 2354
229 217
230 2493
231 2791
232 2377
233 1029
234 1491
235 1944
236 1722
237 1749
238 474
239 1603
240 1929
241 234
242 394
243 2480
244 66
245 1760
246 1995
247 1156
248 1307
249 2041
250 2377
251 787
252 1157
253 1538
254 2204
255 2830
256 1323
257 944
258 2665
259 2060
260 2298
261 1816
262 2043
263 856
264 263
265 1
266 2791
267 1518
268 2962
269 1961
270 178
271 2465
272 2868
273 652
274 1022
275 598
276 2802
277 447
278 545
279 2638
280 7
281 296
282 1998
283 2681
284 526
285 2498
286 2828
287 1271
288 2224
289 666
290 1960
291 196
292 2762
293 1584
294 1181
295 1627
296 1421
297 1332
298 2503
299 1286
300 1006
301 2227
302 379
303 1264
304 933
305 1472
306 193
307 2666
308 701
309 2881
310 2675
311 648
312 2447
313 1889
314 2436
315 1934
316 2248
317 1925
318 434
319 1863
320 108
321 2108
322 404
323 1955
324 740
325 1432
326 2474
327 1083
328 1075
329 1916
330 2655
331 896
332 337
333 462
334 9
335 1390
336 262
337 83
338 596
339 1503
340 619
341 273
342 673
343 2881
344 2187
345 2353
346 1134
347 249
348 117
349 2300
350 1736
351 518
352 2526
353 1968
354 2720
355 2411
356 941
357 1499
358 1812
359 2400
360 1665
361 193
362 1636
363 2417
364 2142
365 413
366 85
367 2302
368 1689
369 2385
370 1605
371 1262
372 2840
373 1234
374 642
375 2231
376 1875
377 2533
378 952
379 2417
380 1434
381 1993
382 2396
383 600
384 2908
385 1026
386 1593
387 2282
388 1887
389 1866
390 1537
391 2410
392 1530
393 1968
394 84
395 229
396 1391
397 348
398 2946
399 1350
400 1391
401 60
402 1437
403 1338
404 1523
405 1059
406 2016
407 1849
408 2085
409 257
410 1196
411 402
412 2026
413 153
414 754
415 5
416 2440
417 1955
418 1840
419 500
420 1509
421 640
422 1593
423 2303
424 553
425 2758
426 1735
427 2668
428 1253
429 307
430 221
431 2428
432 684
433 2266
434 1586
435 390
436 118
437 811
438 2892
439 2136
440 2675
441 1890
442 2237
443 419
444 442
445 343
446 2885
447 691
448 1649
449 1944
450 1832
451 2825
452 2251
453 2613
454 786
455 2755
456 1787
457 2717
458 457
459 130
460 5
461 979
462 2951
463 2902
464 1206
465 1462
466 2576
467 1392
468 62
469 2025
470 1415
471 751
472 1327
473 2680
474 1492
475 74
476 935
477 2151
478 73
479 584
480 669
481 2100
482 1807
483 1216
484 187
485 781
486 227
487 2321
488 840
489 895
490 1967
491 1185
492 2187
493 2282
494 2955
495 367
496 2721
497 1247
498 2202
499 907
500 2493
501 552
502 2765
503 2968
504 2924
505 1505
506 910
507 222
508 2767
509 504
510 2685
511 363
512 630
513 1698
514 167
515 322
516 2860
517 1757
518 1016
519 221
520 2812
521 431
522 928
523 558
524 799
525 1961
526 984
527 513
528 1800
529 2710
530 2179
531 110
532 1903
533 1769
534 1956
535 2115
536 2350
537 694
538 2201
539 581
540 1003
541 1912
542 768
543 2691
544 1121
545 351
546 978
547 2668
548 2313
549 1307
550 724
551 2857
552 2945
553 499
554 605
555 2794
556 2956
557 690
558 780
559 1349
560 2826
561 1610
562 1719
563 1268
564 1848
565 204
566 1839
567 2448
568 1190
569 2166
570 1539
571 2563
572 352
573 2353
574 463
575 2943
576 461
577 2671
578 1891
579 146
580 1639
581 2921
582 716
583 2444
584 2990
585 2312
586 2017
587 22
588 829
589 148
590 202
591 2825
592 448
593 1297
594 2003
595 499
596 2929
597 2062
598 2723
599 1481
600 1058
601 1596
602 1320
603 1223
604 2344
605 2055
606 1968
607 1914
608 2174
609 1618
610 1425
611 846
612 2915
613 452
614 680
615 2796
616 136
617 2084
618 1507
619 1877
620 1013
621 2355
622 508
623 516
624 504
625 2940
626 455
627 2406
628 914
629 1112
630 414
631 1629
632 1546
633 1804
634 2905
635 1004
636 1325
637 140
638 237
639 797
640 2722
641 162
642 681
643 2807
644 1499
645 1008
646 1126
647 363
648 555
649 2326
650 34
651 2350
652 2732
653 2037
654 1560
655 2646
656 795
657 2620
658 690
659 1891
660 887
661 1290
662 1792
663 396
664 1348
665 721
666 698
667 2317
668 183
669 1296
670 1031
671 300
672 711
673 748
674 946
675 2692
676 1591
677 2453
678 681
679 1498
680 1305
681 1964
682 2395
683 1334
684 2168
685 1780
686 2470
687 1157
688 1502
689 1333
690 1205
691 1154
692 2402
693 569
694 2528
695 1265
696 724
697 1451
698 1584
699 2113
700 2446
701 66
702 1801
703 1908
704 2394
705 1835
706 2796
707 942
708 2853
709 1731
710 2684
711 1306
712 2530
713 1780
714 493
715 698
716 380
717 2667
718 802
719 487
720 2016
721 2615
722 1177
723 1653
724 702
725 267
726 1228
727 2916
728 1879
729 540
730 1386
731 767
732 1371
733 544
734 2769
735 44
736 2090
737 2008
738 2005
739 2630
740 1856
741 1593
742 866
743 491
744 650
745 1343
746 369
747 2458
748 2867
749 1982
750 2130
751 2702
752 40
753 1416
754 709
755 2256
756 803
757 2899
758 1408
759 1709
760 2525
761 2370
762 1197
763 462
764 848
765 858
766 545
767 1241
768 2780
769 2367
770 1890
771 1779
772 2363
773 1297
774 2882
775 2980
776 2462
777 149
778 1263
779 2108
780 2857
781 491
782 1063
783 178
784 232
785 1622
786 294
787 682
788 1944
789 521
790 1937
791 1984
792 563
793 300
794 879
795 555
796 88
797 2041
798 2537
799 470
800 1662
801 1515
802 1186
803 2924
804 2101
805 2028
806 2447
807 169
808 970
809 2520
810 994
811 2551
812 2536
813 23
814 58
815 688
816 251
817 1336
818 1652
819 2076
820 985
821 1032
822 90
823 2694
824 851
825 2678
826 1061
827 2465
828 968
829 732
830 1042
831 2936
832 2963
833 379
834 1277
835 1305
836 763
837 2262
838 2273
839 854
840 527
841 1554
842 925
843 1748
844 236
845 665
846 1609
847 801
848 2497
849 979
850 1970
851 1636
852 2676
853 154
854 772
855 711
856 1345
857 107
858 2854
859 1004
860 743
861 2513

