449 73
0 1833
1 1542
2 2044
3 2342
4 48
5 2653
6 109
7 1545
8 2027
9 1757
10 1938
11 2822
12 1971
13 546
14 2094
15 2373
16 78
17 1878
18 2803
19 2793
20 1965
21 2595
22 276
23 2824
24 1311
25 896
26 2147
27 1147
28 1531
29 639
30 547
31 2634
32 277
33 2405
34 2351
35 998
36 1713
37 2879
38 2793
39 1804
40 458
41 1930
42 768
43 2441
44 220
45 589
46 1387
47 1583
48 1717
49 2576
50 1219
51 2190
52 1897
53 749
54 2663
55 2956
56 1883
57 2560
58 311
59 36
60 2247
61 2009
62 1346
63 179
64 938
65 822
66 529
67 2864
68 1056
69 186
70 1007
71 2477
72 1216
73 1044
74 34
75 1311
76 2245
77 1939
78 1385
79 899
80 822
81 1246
82 1310
83 2851
84 1562
85 1147
86 1202
87 2244
88 845
89 76
90 2895
91 1450
92 2535
93 1040
94 358
95 1472
96 83
97 804
98 632
99 2633
100 2923
101 2594
102 2976
103 278
104 1953
105 134
106 1623
107 2898
108 2145
109 2567
110 182
111 1341
112 2367
113 222
114 893
115 1633
116 1411
117 892
118 1026
119 1568
120 1887
121 491
122 1077
123 1355
124 2177
125 1055
126 929
127 786
128 1447
129 2491
130 1828
131 956
132 2238
133 1465
134 426
135 10
136 1925
137 125
138 278
139 1222
140 2597
141 514
142 258
143 253
144 261
145 338
146 2965
147 1057
148 438
149 966
150 580
151 623
152 312
153 1515
154 1869
155 1939
156 1019
157 1908
158 1540
159 306
160 433
161 80
162 598
163 815
164 377
165 763
166 1593
167 65
168 959
169 1779
170 1782
171 1595
172 226
173 1482
174 536
175 2258
176 338
177 560
178 2026
179 281
180 919
181 610
182 2421
183 2125
184 2169
185 554
186 2056
187 2279
188 2403
189 2885
190 2759
191 1503
192 2730
193 1346
194 1288
195 201
196 637
197 2055
198 2229
199 750
200 772
201 2490
202 2525
203 125
204 307
205 2974
206 2950
207 1362
208 633
209 2668
210 2224
211 999
212 397
213 2690
214 2201
215 1078
216 2902
217 1004
218 2648
219 2206
220 1092
221 413
222 2468
223 1623
224 2053
225 1174
226 738
227 47
228 2222
229 347
230 2171
231 2484
232 1149
233 1784
234 1759
235 1187
236 1403
237 55
238 2728
239 886
240 5
241 852
242 220
243 1647
244 319
245 325
246 1369
247 1533
248 2635
249 2387
250 1380
251 82
252 457
253 845
254 510
255 1632
256 1543
257 1155
258 1067
259 689
260 1223
261 497
262 1452
263 2178
264 872
265 1995
266 927
267 1243
268 1373
269 1729
270 1793
271 1613
272 2420
273 512
274 1394
275 2148
276 403
277 2884
278 21
279 2570
280 1531
281 2106
282 1181
283 1897
284 1022
285 2637
286 2349
287 1836
288 2492
289 417
290 1107
291 1586
292 1626
293 1504
294 40
295 1425
296 1662
297 2576
298 2627
299 628
300 711
301 2321
302 1452
303 1755
304 2390
305 1969
306 860
307 2662
308 1168
309 1712
310 2174
311 2083
312 1978
313 780
314 2184
315 1750
316 1484
317 48
318 2595
319 2394
320 1276
321 2141
322 2471
323 1388
324 1610
325 876
326 122
327 983
328 626
329 1034
330 1006
331 639
332 185
333 1332
334 1047
335 1486
336 1979
337 1634
338 2970
339 2248
340 1610
341 2227
342 64
343 2268
344 1727
345 766
346 1382
347 1607
348 106
349 578
350 850
351 2295
352 1264
353 1890
354 1026
355 1651
356 1799
357 2236
358 2734
359 1033
360 2511
361 2790
362 2424
363 1883
364 2070
365 875
366 290
367 340
368 109
369 1536
370 2883
371 2288
372 2361
373 316
374 614
375 2086
376 2780
377 2023
378 2938
379 810
380 467
381 2163
382 228
383 2056
384 86
385 370
386 1929
387 1322
388 373
389 1641
390 1956
391 1016
392 1016
393 2696
394 384
395 997
396 340
397 2355
398 1730
399 217
400 1545
401 168
402 1168
403 894
404 1927
405 137
406 2613
407 2908
408 709
409 2695
410 223
411 2092
412 2578
413 152
414 79
415 1098
416 2031
417 2593
418 1608
419 1178
420 1158
421 301
422 1947
423 293
424 1356
425 1299
426 2506
427 2660
428 1500
429 2653
430 2506
431 1848
432 473
433 2630
434 700
435 374
436 1753
437 1995
438 2374
439 2727
440 788
441 1061
442 2674
443 1299
444 677
445 1327
446 1936
447 224
448 984

