300 82
0 2608
1 1453
2 2665
3 1320
4 191
5 2302
6 2075
7 1470
8 360
9 1181
10 994
11 987
12 1319
13 2122
14 187
15 2324
16 1139
17 1904
18 1170
19 2839
20 2455
21 457
22 2395
23 2296
24 1067
25 1681
26 201
27 2378
28 2191
29 47
30 1062
31 166
32 2389
33 200
34 1205
35 1109
36 408
37 2295
38 1453
39 1707
40 2122
41 2167
42 1294
43 1852
44 2697
45 2968
46 1346
47 2624
48 611
49 1576
50 2553
51 1165
52 803
53 1128
54 582
55 2365
56 1744
57 1426
58 2342
59 833
60 2608
61 932
62 2806
63 980
64 703
65 1412
66 1860
67 1388
68 2153
69 1881
70 1092
71 1077
72 2995
73 168
74 2351
75 2978
76 1485
77 2189
78 2167
79 1097
80 1352
81 2611
82 1670
83 974
84 2510
85 2730
86 401
87 555
88 2761
89 1244
90 2649
91 958
92 2586
93 854
94 583
95 2288
96 1328
97 527
98 233
99 1391
100 1454
101 814
102 2729
103 2743
104 1991
105 1406
106 1473
107 725
108 1235
109 452
110 498
111 2554
112 2037
113 2776
114 1178
115 1778
116 436
117 1256
118 1825
119 478
120 2000
121 917
122 2065
123 522
124 2872
125 2602
126 416
127 1992
128 2029
129 489
130 1820
131 550
132 1042
133 2360
134 1595
135 1376
136 2680
137 2344
138 718
139 1695
140 633
141 1642
142 906
143 1209
144 1228
145 1283
146 1476
147 2894
148 2828
149 511
150 1620
151 1899
152 1307
153 906
154 1943
155 2555
156 49
157 692
158 1125
159 1878
160 2550
161 442
162 1027
163 788
164 791
165 2379
166 276
167 2162
168 2955
169 1822
170 168
171 1385
172 2641
173 1025
174 2195
175 2687
176 2750
177 2058
178 1432
179 2019
180 79
181 831
182 2449
183 1053
184 83
185 1147
186 2824
187 679
188 2716
189 2215
190 2715
191 1497
192 2296
193 2729
194 1858
195 1568
196 1873
197 1457
198 357
199 2488
200 2066
201 1399
202 1993
203 2650
204 374
205 663
206 1821
207 2946
208 2409
209 1069
210 2736
211 1103
212 2085
213 2508
214 1127
215 5
216 2217
217 1768
218 1499
219 1279
220 1967
221 2917
222 729
223 2744
224 1715
225 2869
226 25
227 347
228 1184
229 109
230 912
231 2447
232 1102
233 81
234 1968
235 1240
236 1291
237 1638
238 2850
239 1039
240 571
241 1793
242 462
243 842
244 909
245 2151
246 2534
247 2711
248 1004
249 2963
250 1702
251 920
252 972
253 1440
254 1883
255 2860
256 123
257 331
258 616
259 2480
260 2729
261 2236
262 386
263 1665
264 1258
265 2647
266 1978
267 1526
268 2936
269 2774
270 754
271 2333
272 2796
273 1744
274 526
275 2581
276 1079
277 1
278 1786
279 30
280 2162
281 19
282 2599
283 604
284 206
285 934
286 1541
287 997
288 1316
289 2110
290 2950
291 403
292 2514
293 1461
294 2015
295 90
296 575
297 2471
298 2716
299 146

