682 90
0 1148
1 343
2 2840
3 1427
4 639
5 2769
6 2523
7 423
8 128
9 1311
10 239
11 2402
12 2443
13 1212
14 1038
15 2656
16 403
17 319
18 1400
19 1409
20 2005
21 2814
22 1176
23 2984
24 276
25 1054
26 1419
27 1326
28 2836
29 2249
30 1894
31 2608
32 1474
33 1935
34 1293
35 199
36 1232
37 1710
38 1149
39 327
40 909
41 540
42 717
43 2519
44 1080
45 575
46 83
47 737
48 1741
49 1306
50 2680
51 632
52 1833
53 503
54 2159
55 2041
56 32
57 61
58 2159
59 2622
60 2267
61 2749
62 1779
63 2899
64 2308
65 1807
66 713
67 2485
68 2599
69 1638
70 2731
71 730
72 2131
73 2680
74 1796
75 233
76 127
77 2195
78 2629
79 2175
80 2244
81 1165
82 954
83 853
84 442
85 2297
86 1736
87 2588
88 1273
89 1602
90 2441
91 1050
92 2628
93 162
94 2030
95 518
96 1407
97 744
98 2815
99 1227
100 1502
101 445
102 1647
103 587
104 2633
105 1133
106 890
107 1229
108 300
109 2874
110 1581
111 2436
112 242
113 2746
114 657
115 2346
116 578
117 2299
118 1229
119 2661
120 678
121 2288
122 732
123 2059
124 1918
125 1996
126 938
127 740
128 2138
129 2724
130 1348
131 426
132 1268
133 2019
134 2526
135 1963
136 2108
137 2692
138 2930
139 692
140 983
141 773
142 1701
143 1241
144 2692
145 372
146 405
147 191
148 2173
149 1464
150 1460
151 2822
152 2130
153 1965
154 1112
155 450
156 1454
157 2593
158 1528
159 2845
160 1026
161 1959
162 2873
163 1846
164 1232
165 700
166 485
167 2635
168 1071
169 986
170 2484
171 2606
172 499
173 2792
174 1170
175 1540
176 922
177 1806
178 2246
179 1761
180 2585
181 2177
182 673
183 2864
184 2161
185 1726
186 52
187 372
188 2846
189 2932
190 2477
191 1965
192 1321
193 2547
194 1971
195 2363
196 1172
197 323
198 2527
199 2592
200 2501
201 895
202 2772
203 729
204 1474
205 1291
206 1655
207 333
208 673
209 2520
210 2499
211 2405
212 2536
213 467
214 2645
215 859
216 17
217 265
218 223
219 2145
220 613
221 395
222 607
223 2259
224 845
225 2303
226 126
227 364
228 549
229 232
230 325
231 1808
232 970
233 2302
234 1806
235 1929
236 22
237 1070
238 1005
239 1183
240 1647
241 2575
242 807
243 2087
244 654
245 2770
246 645
247 21
248 2530
249 306
250 1739
251 1968
252 1703
253 116
254 2378
255 2300
256 1863
257 792
258 2380
259 1379
260 974
261 1266
262 1876
263 961
264 1349
265 1534
266 2165
267 738
268 2874
269 829
270 1358
271 933
272 1611
273 2336
274 1715
275 1871
276 768
277 1499
278 2403
279 346
280 2914
281 1655
282 1254
283 1138
284 1908
285 1225
286 2943
287 2093
288 930
289 1398
290 2839
291 2934
292 749
293 2651
294 2339
295 2169
296 2702
297 158
298 871
299 1092
300 1793
301 2791
302 231
303 55
304 2984
305 579
306 1661
307 1499
308 1814
309 1622
310 1740
311 2877
312 295
313 590
314 1680
315 75
316 1264
317 745
318 1382
319 1163
320 2656
321 2762
322 2298
323 2994
324 1569
325 2097
326 2434
327 1819
328 2737
329 664
330 1131
331 2304
332 1750
333 2676
334 1594
335 1560
336 2072
337 2921
338 1246
339 1513
340 1705
341 71
342 2209
343 1127
344 317
345 1770
346 2409
347 1992
348 1779
349 2322
350 1782
351 495
352 82
353 2970
354 111
355 2296
356 1785
357 646
358 1574
359 968
360 1159
361 2843
362 980
363 1393
364 1967
365 2913
366 1522
367 232
368 1484
369 2763
370 819
371 1207
372 2782
373 2075
374 766
375 2008
376 2288
377 803
378 1377
379 592
380 1147
381 2066
382 2204
383 1952
384 2894
385 2783
386 2101
387 601
388 1424
389 1301
390 1889
391 2876
392 495
393 2529
394 571
395 2426
396 688
397 951
398 36
399 1781
400 1509
401 2392
402 738
403 1762
404 2284
405 269
406 2048
407 2470
408 982
409 2721
410 1129
411 2157
412 812
413 183
414 1215
415 1552
416 2077
417 623
418 490
419 2501
420 1208
421 720
422 2429
423 1596
424 1076
425 2990
426 1248
427 1074
428 1491
429 2378
430 2412
431 115
432 267
433 2368
434 30
435 2942
436 1475
437 1173
438 2944
439 367
440 1667
441 1458
442 1684
443 1482
444 2453
445 1163
446 12
447 2654
448 961
449 2804
450 2315
451 478
452 2622
453 2371
454 1219
455 812
456 1914
457 2728
458 698
459 1731
460 1908
461 76
462 2037
463 350
464 837
465 1919
466 952
467 2949
468 1135
469 2680
470 832
471 1310
472 1856
473 489
474 1079
475 1722
476 1217
477 841
478 886
479 2462
480 2260
481 369
482 2361
483 1800
484 2165
485 728
486 1722
487 1512
488 2475
489 1006
490 2374
491 982
492 1800
493 211
494 1731
495 1137
496 719
497 1580
498 1668
499 1379
500 2619
501 835
502 1174
503 1287
504 2323
505 1330
506 2935
507 348
508 1709
509 1884
510 2774
511 4
512 2719
513 43
514 1328
515 1397
516 1105
517 2494
518 2295
519 1738
520 2324
521 321
522 1771
523 568
524 1844
525 2966
526 681
527 2942
528 1613
529 1769
530 1274
531 169
532 2342
533 1585
534 2383
535 1866
536 1159
537 2907
538 2201
539 769
540 2136
541 398
542 622
543 2874
544 2032
545 1042
546 612
547 1442
548 2918
549 423
550 10
551 2371
552 2686
553 2586
554 2322
555 1815
556 2042
557 1796
558 454
559 558
560 2591
561 2900
562 1371
563 1421
564 834
565 2810
566 2730
567 290
568 2052
569 641
570 1869
571 2289
572 804
573 2148
574 1606
575 303
576 2049
577 2417
578 1555
579 302
580 2210
581 430
582 623
583 1808
584 963
585 2863
586 947
587 654
588 2690
589 1450
590 2460
591 1880
592 624
593 1226
594 2432
595 1442
596 2009
597 61
598 2777
599 758
600 1058
601 2530
602 2299
603 121
604 600
605 1534
606 741
607 875
608 1811
609 1088
610 1857
611 1984
612 2208
613 1938
614 2953
615 1081
616 936
617 835
618 1005
619 1504
620 2302
621 2243
622 1087
623 1012
624 2362
625 2746
626 772
627 391
628 1539
629 853
630 2489
631 661
632 1736
633 2825
634 2586
635 491
636 1181
637 2752
638 1564
639 603
640 1844
641 1871
642 1793
643 2504
644 2343
645 65
646 1798
647 382
648 2419
649 1472
650 344
651 496
652 2298
653 246
654 1645
655 651
656 1054
657 1333
658 2186
659 2452
660 2342
661 1094
662 1733
663 2683
664 2585
665 1893
666 354
667 2026
668 194
669 446
670 1253
671 1294
672 2185
673 1063
674 2997
675 731
676 2522
677 450
678 2046
679 1899
680 1341
681 381

