461 69
0 284
1 2973
2 192
3 1510
4 2934
5 2652
6 2396
7 1147
8 2986
9 1598
10 1520
11 2695
12 26
13 53
14 1526
15 901
16 359
17 488
18 2320
19 1358
20 1392
21 2742
22 557
23 20
24 1705
25 153
26 2057
27 410
28 1386
29 195
30 2147
31 1660
32 2093
33 1132
34 2808
35 22
36 2674
37 1238
38 2103
39 1366
40 2778
41 871
42 222
43 683
44 1456
45 2577
46 677
47 77
48 1301
49 1674
50 644
51 2934
52 859
53 2816
54 1422
55 1676
56 1213
57 928
58 471
59 1405
60 2731
61 2560
62 906
63 434
64 689
65 1755
66 1278
67 2787
68 2348
69 940
70 280
71 248
72 1239
73 708
74 1612
75 1553
76 2591
77 2075
78 2394
79 982
80 2995
81 2298
82 1601
83 2972
84 2844
85 1596
86 616
87 1886
88 2028
89 1725
90 2983
91 2777
92 2070
93 1451
94 45
95 1615
96 2245
97 1011
98 827
99 1626
100 1830
101 2786
102 1108
103 38
104 2814
105 856
106 1688
107 2841
108 51
109 2303
110 1268
111 2326
112 2304
113 1739
114 2943
115 1016
116 1277
117 1087
118 387
119 118
120 1477
121 2256
122 1546
123 519
124 1622
125 2148
126 1381
127 2350
128 2380
129 1048
130 438
131 583
132 1769
133 2732
134 516
135 2196
136 1346
137 1474
138 2902
139 988
140 2280
141 476
142 1709
143 2896
144 2574
145 2699
146 2721
147 2810
148 596
149 253
150 2343
151 483
152 2588
153 2223
154 1605
155 156
156 2369
157 2917
158 1672
159 2634
160 421
161 1172
162 1670
163 432
164 2095
165 1505
166 148
167 2925
168 1143
169 977
170 1202
171 1128
172 2101
173 2874
174 2787
175 2693
176 820
177 2674
178 364
179 2266
180 2147
181 2548
182 2228
183 2189
184 1500
185 132
186 1463
187 1786
188 1035
189 875
190 288
191 2726
192 1001
193 720
194 2899
195 2531
196 1643
197 1153
198 606
199 2937
200 1466
201 2758
202 2763
203 2141
204 1443
205 12
206 2011
207 648
208 474
209 1620
210 104
211 797
212 2953
213 453
214 874
215 967
216 591
217 1601
218 1827
219 1055
220 44
221 2233
222 329
223 779
224 255
225 202
226 1294
227 2192
228 2713
229 1052
230 1219
231 1305
232 2711
233 119
234 608
235 2599
236 182
237 1695
238 2412
239 981
240 1482
241 2624
242 260
243 2358
244 566
245 76
246 940
247 1343
248 1431
249 143
250 2686
251 2753
252 641
253 375
254 2348
255 1297
256 546
257 1239
258 373
259 1675
260 2643
261 2275
262 1894
263 2278
264 2097
265 1389
266 1633
267 1943
268 1012
269 2856
270 2502
271 319
272 1328
273 817
274 287
275 2958
276 739
277 2722
278 2505
279 483
280 987
281 2918
282 2800
283 2464
284 1632
285 652
286 1773
287 1491
288 2851
289 1815
290 155
291 2538
292 348
293 2927
294 1220
295 2227
296 1431
297 624
298 1872
299 2195
300 993
301 2596
302 1519
303 211
304 2437
305 384
306 482
307 2929
308 2158
309 1376
310 1629
311 2963
312 1287
313 351
314 46
315 2364
316 2897
317 2010
318 291
319 1705
320 485
321 2483
322 2365
323 452
324 303
325 361
326 1604
327 2235
328 958
329 2818
330 189
331 2993
332 390
333 1286
334 2417
335 368
336 777
337 2796
338 2903
339 734
340 2219
341 2738
342 222
343 2822
344 64
345 616
346 1438
347 1347
348 2265
349 1884
350 2034
351 778
352 91
353 2159
354 546
355 303
356 356
357 2679
358 1202
359 931
360 1319
361 2181
362 2183
363 525
364 1549
365 2796
366 695
367 2667
368 2293
369 982
370 1911
371 1475
372 2380
373 1886
374 1677
375 2818
376 1483
377 2040
378 2011
379 1380
380 2547
381 2106
382 2738
383 1229
384 1530
385 2303
386 1863
387 479
388 1893
389 2340
390 1392
391 1842
392 1583
393 363
394 279
395 2807
396 532
397 1418
398 1804
399 1401
400 2497
401 1803
402 2557
403 233
404 1258
405 1559
406 1487
407 2996
408 1100
409 80
410 978
411 777
412 251
413 2925
414 471
415 779
416 1569
417 148
418 552
419 2794
420 1204
421 1392
422 1463
423 2250
424 763
425 741
426 2626
427 691
428 551
429 780
430 365
431 381
432 1956
433 1145
434 1653
435 2997
436 2421
437 1337
438 1600
439 2431
440 1642
441 1141
442 1410
443 447
444 2498
445 2459
446 720
447 984
448 2472
449 955
450 1121
451 1871
452 1755
453 999
454 859
455 634
456 45
457 1238
458 1153
459 2501
460 467

