983 73
0 32
1 1350
2 1218
3 515
4 1841
5 48
6 2240
7 1545
8 1572
9 501
10 769
11 176
12 2975
13 2267
14 926
15 2276
16 2808
17 587
18 581
19 2756
20 331
21 758
22 431
23 234
24 331
25 1932
26 473
27 476
28 892
29 1087
30 422
31 2703
32 736
33 699
34 1873
35 1730
36 732
37 1635
38 684
39 1687
40 2334
41 807
42 1117
43 1260
44 454
45 2756
46 797
47 2727
48 2116
49 2726
50 462
51 1827
52 489
53 2490
54 1018
55 237
56 2794
57 2510
58 124
59 1871
60 2301
61 901
62 817
63 572
64 190
65 2077
66 441
67 561
68 439
69 2146
70 581
71 173
72 37
73 2664
74 1055
75 1617
76 99
77 1679
78 561
79 2200
80 1028
81 1025
82 1037
83 124
84 2173
85 2430
86 1227
87 1371
88 155
89 139
90 2388
91 2246
92 612
93 840
94 2611
95 2884
96 1788
97 1621
98 2673
99 424
100 1721
101 2895
102 143
103 1892
104 1903
105 2900
106 1615
107 2063
108 1067
109 612
110 1234
111 2051
112 2758
113 2478
114 483
115 946
116 1201
117 553
118 300
119 1488
120 1982
121 2948
122 2502
123 725
124 2996
125 2488
126 1598
127 2103
128 1978
129 1588
130 1145
131 1395
132 1507
133 1797
134 2010
135 49
136 349
137 372
138 2656
139 1662
140 1176
141 1439
142 2230
143 2902
144 2197
145 463
146 1127
147 1908
148 698
149 2662
150 1082
151 2420
152 2321
153 1302
154 9
155 2516
156 104
157 2686
158 1937
159 975
160 43
161 1012
162 1846
163 150
164 841
165 2578
166 604
167 1276
168 1107
169 1353
170 729
171 959
172 2234
173 388
174 301
175 1127
176 1502
177 415
178 420
179 351
180 832
181 711
182 2828
183 2607
184 150
185 1236
186 256
187 709
188 2697
189 2933
190 1158
191 1640
192 221
193 389
194 631
195 438
196 2521
197 1822
198 2133
199 358
200 622
201 2570
202 1797
203 2875
204 1543
205 239
206 663
207 2582
208 1283
209 2655
210 1982
211 1475
212 1486
213 2708
214 1553
215 1885
216 1923
217 2202
218 1576
219 2272
220 1686
221 1282
222 1748
223 415
224 1479
225 1425
226 495
227 2489
228 396
229 2200
230 1548
231 1013
232 2444
233 1121
234 2053
235 2042
236 1758
237 1947
238 1600
239 1357
240 2865
241 2155
242 543
243 2184
244 1928
245 2149
246 1308
247 1023
248 2798
249 470
250 976
251 2827
252 1589
253 1958
254 379
255 813
256 2701
257 1218
258 37
259 1080
260 2131
261 2446
262 1835
263 2208
264 2140
265 2478
266 2658
267 2308
268 701
269 2107
270 2289
271 1774
272 241
273 927
274 530
275 980
276 2753
277 503
278 659
279 2656
280 1740
281 841
282 1489
283 2652
284 21
285 129
286 2942
287 1969
288 273
289 636
290 619
291 2520
292 986
293 1242
294 471
295 1727
296 2899
297 2455
298 2618
299 2985
300 1573
301 2001
302 1703
303 457
304 2703
305 1505
306 2170
307 1637
308 2498
309 416
310 258
311 1419
312 1097
313 2965
314 874
315 2061
316 2297
317 789
318 2466
319 822
320 2340
321 2863
322 1223
323 167
324 577
325 2909
326 1016
327 2598
328 1724
329 2255
330 60
331 1840
332 2626
333 661
334 1489
335 1155
336 1560
337 1569
338 708
339 1992
340 176
341 2556
342 1481
343 297
344 1113
345 1507
346 209
347 371
348 904
349 173
350 2442
351 2314
352 161
353 858
354 439
355 398
356 1268
357 1561
358 2324
359 2182
360 2108
361 2461
362 586
363 1966
364 599
365 470
366 1346
367 2493
368 1726
369 392
370 208
371 456
372 1967
373 740
374 2769
375 1349
376 1256
377 1184
378 1859
379 3000
380 1991
381 116
382 2250
383 2477
384 1488
385 2208
386 2217
387 1435
388 1948
389 1091
390 2559
391 499
392 2466
393 2796
394 966
395 2083
396 1972
397 1303
398 843
399 2785
400 572
401 1202
402 2978
403 1186
404 2421
405 1463
406 1273
407 1690
408 2714
409 1035
410 275
411 2155
412 949
413 793
414 2795
415 875
416 1569
417 1324
418 2844
419 110
420 679
421 1044
422 1568
423 2328
424 2259
425 1948
426 179
427 312
428 2143
429 499
430 1019
431 120
432 2354
433 157
434 2677
435 2289
436 2841
437 968
438 1292
439 2737
440 2973
441 1669
442 1701
443 1244
444 752
445 2320
446 2361
447 2611
448 1274
449 950
450 2951
451 1639
452 2083
453 1551
454 1364
455 1135
456 2455
457 2377
458 2471
459 298
460 395
461 204
462 1401
463 2030
464 12
465 295
466 1593
467 2793
468 1872
469 590
470 2156
471 1562
472 860
473 2144
474 55
475 895
476 498
477 1741
478 1588
479 2940
480 689
481 650
482 1962
483 74
484 161
485 298
486 426
487 2766
488 1789
489 1776
490 2881
491 1132
492 653
493 187
494 2362
495 2834
496 2848
497 452
498 573
499 2072
500 1226
501 1548
502 1007
503 2671
504 351
505 1989
506 2860
507 17
508 154
509 1215
510 1531
511 553
512 2238
513 645
514 2873
515 2201
516 1816
517 2298
518 1277
519 1994
520 2124
521 1352
522 2321
523 567
524 1112
525 82
526 1878
527 1231
528 1337
529 2904
530 48
531 815
532 681
533 500
534 2704
535 788
536 2777
537 582
538 845
539 2629
540 2374
541 482
542 2212
543 1408
544 855
545 2368
546 1888
547 2468
548 1709
549 1914
550 261
551 1703
552 2500
553 2659
554 1100
555 1978
556 2818
557 570
558 1157
559 810
560 2168
561 1792
562 2800
563 509
564 242
565 1778
566 2539
567 861
568 2261
569 2977
570 619
571 1163
572 1708
573 1717
574 1414
575 2320
576 1680
577 727
578 2194
579 107
580 1757
581 1122
582 2599
583 476
584 1103
585 2906
586 660
587 537
588 2934
589 1175
590 2056
591 330
592 496
593 1534
594 202
595 1040
596 1963
597 468
598 933
599 972
600 2234
601 1480
602 2370
603 850
604 797
605 2130
606 2357
607 1746
608 1750
609 2470
610 1939
611 2592
612 2331
613 291
614 1026
615 2568
616 2889
617 1743
618 1225
619 1214
620 345
621 1595
622 231
623 0
624 2374
625 2511
626 2633
627 1317
628 551
629 1377
630 2077
631 1025
632 2396
633 363
634 2701
635 2688
636 1967
637 2261
638 7
639 2265
640 1315
641 1517
642 1076
643 1803
644 2819
645 1234
646 1493
647 759
648 582
649 2163
650 1395
651 2346
652 2889
653 1344
654 1677
655 131
656 646
657 1896
658 1304
659 2634
660 220
661 1616
662 76
663 2209
664 6
665 2587
666 1998
667 2242
668 2160
669 311
670 923
671 2963
672 941
673 1390
674 211
675 1950
676 2242
677 1352
678 2760
679 2215
680 440
681 168
682 812
683 2415
684 2775
685 1766
686 1252
687 324
688 289
689 1332
690 1549
691 361
692 2461
693 1237
694 1263
695 2994
696 2490
697 260
698 117
699 1286
700 2516
701 2562
702 8
703 1463
704 1844
705 427
706 368
707 208
708 212
709 2871
710 1697
711 2358
712 2478
713 2601
714 2000
715 1923
716 1596
717 2019
718 2563
719 1054
720 1636
721 415
722 2917
723 50
724 1525
725 1145
726 1677
727 2608
728 1115
729 2000
730 1602
731 41
732 1006
733 918
734 229
735 2231
736 1928
737 1435
738 2906
739 2138
740 2339
741 462
742 272
743 1157
744 1105
745 79
746 1539
747 437
748 1082
749 1754
750 1013
751 1319
752 174
753 848
754 1189
755 1677
756 1200
757 1032
758 323
759 2020
760 1342
761 1396
762 2236
763 2870
764 1196
765 1826
766 1163
767 2568
768 1886
769 169
770 2654
771 2543
772 355
773 1468
774 1854
775 260
776 2079
777 411
778 1168
779 1378
780 2327
781 2456
782 2036
783 1220
784 553
785 2705
786 1304
787 2809
788 1223
789 751
790 489
791 2983
792 205
793 966
794 1603
795 2683
796 2400
797 531
798 1957
799 2073
800 429
801 523
802 1613
803 946
804 1437
805 983
806 2292
807 1626
808 2729
809 2187
810 1684
811 461
812 2799
813 2048
814 746
815 2982
816 1445
817 2518
818 1131
819 781
820 2572
821 2121
822 326
823 1489
824 2763
825 892
826 1665
827 2318
828 1739
829 2072
830 998
831 580
832 2032
833 2002
834 1722
835 1789
836 1250
837 1443
838 2370
839 1236
840 1165
841 2454
842 2596
843 53
844 2648
845 1916
846 1133
847 2394
848 2259
849 1383
850 435
851 1260
852 367
853 1758
854 1682
855 1195
856 1272
857 1470
858 555
859 2400
860 444
861 1028
862 322
863 1174
864 865
865 1213
866 1331
867 2191
868 1047
869 970
870 1904
871 1496
872 1376
873 547
874 1443
875 2373
876 2619
877 1998
878 2013
879 590
880 836
881 1871
882 2628
883 1688
884 1394
885 2942
886 1145
887 2290
888 1033
889 250
890 2699
891 523
892 1554
893 694
894 875
895 1068
896 1273
897 2060
898 2750
899 2880
900 1927
901 1005
902 195
903 473
904 1443
905 187
906 1580
907 2438
908 574
909 1131
910 2464
911 2914
912 858
913 626
914 1411
915 230
916 2166
917 2681
918 1544
919 2472
920 763
921 2664
922 1
923 1070
924 694
925 204
926 2483
927 736
928 131
929 765
930 1289
931 1868
932 1517
933 2016
934 2168
935 1560
936 1486
937 1220
938 1057
939 1213
940 2871
941 1950
942 2972
943 502
944 975
945 2540
946 2896
947 743
948 1200
949 1968
950 1989
951 2653
952 2709
953 2382
954 1960
955 167
956 1189
957 2173
958 2332
959 969
960 466
961 2156
962 1532
963 1772
964 855
965 491
966 1515
967 19
968 700
969 1955
970 2168
971 2805
972 1855
973 2281
974 1325
975 448
976 2985
977 57
978 2927
979 93
980 2656
981 1632
982 1964

