945 52
0 1144
1 1729
2 2861
3 2270
4 2873
5 1995
6 522
7 1000
8 1737
9 651
10 537
11 1180
12 1685
13 2640
14 99
15 111
16 2458
17 1276
18 2240
19 394
20 1891
21 52
22 777
23 580
24 270
25 1716
26 2830
27 1852
28 2156
29 148
30 1706
31 941
32 118
33 2456
34 1190
35 285
36 313
37 2412
38 1888
39 1538
40 1434
41 1707
42 671
43 215
44 1940
45 433
46 2748
47 2817
48 1709
49 2514
50 136
51 840
52 1461
53 2632
54 646
55 1481
56 151
57 1328
58 1802
59 2476
60 1251
61 295
62 1480
63 979
64 923
65 871
66 1993
67 2246
68 2334
69 2435
70 424
71 1316
72 1954
73 2712
74 1261
75 1220
76 1005
77 1842
78 1276
79 2927
80 2437
81 247
82 862
83 897
84 251
85 1740
86 2294
87 2409
88 1999
89 2816
90 455
91 1795
92 1967
93 962
94 1908
95 1235
96 1896
97 2806
98 1303
99 1512
100 1627
101 955
102 2973
103 2461
104 2756
105 1222
106 1267
107 2046
108 1995
109 1839
110 1677
111 1046
112 2183
113 2370
114 2969
115 581
116 398
117 600
118 595
119 2018
120 2866
121 161
122 29
123 950
124 2158
125 194
126 1015
127 1121
128 1877
129 1993
130 1467
131 1090
132 65
133 2158
134 2007
135 461
136 1928
137 2255
138 2401
139 2688
140 995
141 2254
142 1049
143 1979
144 2102
145 994
146 638
147 2273
148 1908
149 1864
150 1608
151 2596
152 1218
153 2176
154 896
155 225
156 2784
157 2182
158 834
159 1452
160 1651
161 75
162 1728
163 2375
164 1627
165 144
166 2188
167 1139
168 1957
169 758
170 2536
171 1663
172 1444
173 2153
174 1174
175 1098
176 1712
177 936
178 965
179 2526
180 917
181 1281
182 2566
183 1956
184 1484
185 2111
186 1708
187 784
188 1033
189 1991
190 2848
191 795
192 1334
193 1645
194 217
195 2093
196 2390
197 873
198 2328
199 1990
200 568
201 2025
202 1780
203 2863
204 1460
205 2481
206 1247
207 2080
208 1660
209 1300
210 2282
211 2815
212 995
213 1613
214 2489
215 1865
216 1313
217 2769
218 1826
219 455
220 1294
221 1524
222 1163
223 2101
224 2723
225 330
226 2043
227 177
228 1780
229 1656
230 1425
231 239
232 820
233 678
234 2701
235 760
236 2911
237 2739
238 619
239 289
240 186
241 1177
242 2411
243 1934
244 2669
245 2356
246 451
247 1068
248 2392
249 1573
250 1172
251 1721
252 2892
253 2460
254 2921
255 239
256 1189
257 2808
258 2388
259 2120
260 2943
261 104
262 737
263 919
264 1546
265 949
266 2465
267 402
268 168
269 2281
270 2457
271 32
272 396
273 0
274 2126
275 1609
276 2553
277 1974
278 2618
279 1748
280 2267
281 10
282 26
283 1728
284 503
285 2260
286 1767
287 1770
288 115
289 2880
290 706
291 1816
292 2818
293 596
294 324
295 1829
296 577
297 1965
298 1157
299 266
300 965
301 1636
302 2088
303 2959
304 2620
305 1298
306 1978
307 2987
308 1496
309 2127
310 331
311 1172
312 2147
313 1654
314 2631
315 2498
316 1169
317 2402
318 2657
319 1584
320 2237
321 1969
322 328
323 2860
324 651
325 1186
326 2306
327 2888
328 898
329 153
330 2377
331 1207
332 989
333 2296
334 892
335 2510
336 2496
337 795
338 2239
339 904
340 788
341 1949
342 1982
343 330
344 1649
345 2348
346 1294
347 173
348 1379
349 671
350 483
351 951
352 2210
353 1709
354 20
355 2409
356 726
357 655
358 615
359 346
360 411
361 102
362 2142
363 2207
364 1810
365 2638
366 2365
367 2426
368 185
369 1657
370 2700
371 1659
372 1218
373 1645
374 1710
375 1652
376 1512
377 1291
378 1260
379 1161
380 937
381 1059
382 2535
383 877
384 588
385 1320
386 2859
387 388
388 2815
389 1094
390 408
391 2994
392 1834
393 2144
394 2945
395 1427
396 1536
397 2112
398 2134
399 2416
400 1391
401 1603
402 2738
403 821
404 617
405 872
406 535
407 2258
408 121
409 2383
410 232
411 452
412 652
413 1610
414 2157
415 216
416 2480
417 2057
418 76
419 561
420 1504
421 93
422 2098
423 2857
424 10
425 2007
426 1123
427 1607
428 2298
429 246
430 1704
431 1703
432 1198
433 2428
434 2067
435 57
436 1008
437 877
438 2205
439 2910
440 1919
441 1305
442 2929
443 1621
444 357
445 932
446 2357
447 1486
448 2366
449 827
450 597
451 927
452 348
453 2065
454 2276
455 375
456 869
457 1512
458 2101
459 1059
460 2138
461 1312
462 1226
463 1283
464 1521
465 961
466 791
467 592
468 1802
469 185
470 1765
471 348
472 2057
473 1060
474 1273
475 2529
476 1873
477 1869
478 123
479 1033
480 1700
481 986
482 279
483 2103
484 850
485 2162
486 2388
487 2249
488 2083
489 1447
490 2255
491 211
492 2584
493 114
494 48
495 667
496 322
497 2079
498 1552
499 2473
500 1952
501 1289
502 882
503 1168
504 1194
505 1322
506 2562
507 2980
508 639
509 68
510 566
511 387
512 2126
513 1940
514 2714
515 1671
516 64
517 1388
518 1053
519 1467
520 2006
521 2423
522 1957
523 1301
524 2290
525 1186
526 268
527 1411
528 482
529 2859
530 2591
531 1753
532 872
533 2266
534 1704
535 694
536 1251
537 1522
538 1264
539 2293
540 2211
541 1537
542 40
543 1601
544 640
545 1089
546 1177
547 68
548 2160
549 1792
550 1111
551 2459
552 973
553 1729
554 2058
555 1401
556 2883
557 1600
558 1671
559 1509
560 91
561 1788
562 2860
563 424
564 2346
565 1608
566 174
567 137
568 669
569 302
570 301
571 685
572 1693
573 1152
574 1209
575 1189
576 507
577 2212
578 413
579 1209
580 2312
581 2471
582 2063
583 206
584 2986
585 1871
586 2803
587 1955
588 2886
589 1795
590 1810
591 2821
592 235
593 1974
594 2277
595 1659
596 876
597 1882
598 1601
599 1259
600 609
601 1237
602 422
603 2543
604 1485
605 951
606 2918
607 2590
608 2689
609 869
610 2832
611 869
612 867
613 1161
614 2108
615 806
616 1523
617 1092
618 1611
619 2771
620 852
621 988
622 1887
623 2875
624 1045
625 728
626 2521
627 1189
628 1879
629 2894
630 2745
631 248
632 1709
633 1885
634 293
635 1363
636 723
637 1706
638 382
639 2503
640 1609
641 2148
642 808
643 257
644 632
645 2829
646 562
647 1645
648 976
649 2151
650 1991
651 537
652 603
653 637
654 1784
655 2156
656 2696
657 1991
658 2233
659 2404
660 2755
661 213
662 2731
663 1557
664 916
665 1563
666 18
667 2374
668 1888
669 387
670 371
671 646
672 366
673 1190
674 2200
675 610
676 895
677 822
678 117
679 2970
680 1367
681 2150
682 104
683 2604
684 119
685 1676
686 1162
687 1359
688 1525
689 1991
690 2776
691 947
692 2483
693 1015
694 2074
695 1383
696 2243
697 590
698 260
699 2777
700 1240
701 2869
702 251
703 542
704 1060
705 2644
706 435
707 408
708 802
709 1266
710 2131
711 2990
712 380
713 1483
714 1707
715 2598
716 1281
717 61
718 295
719 2658
720 2790
721 1889
722 1013
723 1035
724 384
725 1289
726 2900
727 261
728 726
729 2359
730 1790
731 2525
732 1291
733 234
734 70
735 110
736 481
737 303
738 2402
739 2486
740 2363
741 2102
742 1871
743 2473
744 432
745 2756
746 406
747 2899
748 855
749 1752
750 1208
751 1439
752 464
753 1813
754 248
755 2338
756 2911
757 2909
758 2223
759 936
760 1286
761 2412
762 365
763 64
764 2536
765 2937
766 1255
767 1808
768 1222
769 550
770 2130
771 2523
772 2898
773 26
774 890
775 2781
776 981
777 9
778 43
779 1131
780 1396
781 1974
782 2326
783 1998
784 119
785 1765
786 1353
787 2296
788 590
789 398
790 2014
791 1873
792 802
793 930
794 1255
795 5
796 1349
797 1652
798 1859
799 192
800 1058
801 2221
802 2455
803 2459
804 2194
805 1088
806 1452
807 2648
808 182
809 1091
810 1218
811 879
812 1012
813 2153
814 102
815 65
816 2370
817 2689
818 463
819 1631
820 1666
821 117
822 1645
823 2083
824 21
825 986
826 1806
827 2930
828 2069
829 1158
830 28
831 1080
832 1964
833 736
834 2102
835 1454
836 2230
837 94
838 1449
839 933
840 559
841 1334
842 2656
843 266
844 1429
845 1352
846 1407
847 1307
848 496
849 2851
850 1442
851 1994
852 1548
853 2112
854 1294
855 398
856 2530
857 1598
858 1380
859 1950
860 993
861 2168
862 1028
863 1176
864 634
865 2276
866 1264
867 2339
868 2681
869 1968
870 2514
871 2091
872 1825
873 1226
874 2401
875 506
876 1198
877 595
878 907
879 429
880 835
881 1915
882 59
883 2514
884 99
885 1169
886 751
887 1908
888 2212
889 2685
890 961
891 573
892 1770
893 2216
894 1261
895 309
896 2175
897 2163
898 1995
899 1795
900 1489
901 743
902 1181
903 1298
904 1772
905 611
906 588
907 1497
908 184
909 1633
910 2654
911 828
912 780
913 1606
914 2758
915 1080
916 787
917 1196
918 892
919 643
920 194
921 2570
922 1038
923 2476
924 378
925 699
926 1122
927 1623
928 878
929 2310
930 2461
931 1072
932 1886
933 919
934 2057
935 2204
936 1645
937 439
938 362
939 1931
940 580
941 2010
942 958
943 1214
944 303

