629 95
0 1933
1 2742
2 629
3 2722
4 846
5 1098
6 1734
7 487
8 119
9 1424
10 276
11 922
12 1266
13 2675
14 1081
15 1080
16 2065
17 1742
18 381
19 564
20 671
21 858
22 2933
23 509
24 1326
25 2367
26 2940
27 1245
28 1138
29 1007
30 112
31 2862
32 133
33 185
34 721
35 71
36 1681
37 1145
38 2003
39 434
40 46
41 1095
42 1852
43 2003
44 1956
45 760
46 808
47 602
48 1997
49 915
50 2196
51 457
52 2809
53 1573
54 2941
55 2170
56 2156
57 2126
58 1543
59 91
60 1135
61 2753
62 177
63 312
64 2641
65 511
66 498
67 2241
68 2695
69 2256
70 748
71 62
72 1692
73 1403
74 346
75 1951
76 643
77 185
78 1492
79 99
80 1851
81 1901
82 1081
83 2537
84 2347
85 2486
86 2445
87 500
88 2597
89 495
90 1207
91 1610
92 174
93 2143
94 984
95 323
96 1149
97 621
98 166
99 562
100 2412
101 2557
102 1903
103 440
104 997
105 927
106 2846
107 369
108 2872
109 1694
110 1511
111 1633
112 322
113 2716
114 1710
115 1729
116 729
117 148
118 952
119 2943
120 1073
121 2404
122 745
123 1402
124 836
125 1901
126 48
127 7
128 2343
129 2549
130 662
131 1498
132 2936
133 610
134 2846
135 2012
136 418
137 59
138 2011
139 618
140 2457
141 1921
142 2021
143 192
144 2739
145 1159
146 881
147 2366
148 1386
149 894
150 2652
151 1260
152 1695
153 569
154 1150
155 2482
156 976
157 2501
158 48
159 877
160 491
161 2576
162 2642
163 2105
164 683
165 795
166 1192
167 2517
168 751
169 220
170 1843
171 2543
172 920
173 1156
174 2030
175 2411
176 2287
177 849
178 2244
179 1989
180 2926
181 2750
182 413
183 124
184 253
185 1617
186 1875
187 2059
188 1424
189 316
190 2564
191 2948
192 2460
193 306
194 1939
195 2444
196 2059
197 2055
198 2369
199 187
200 2835
201 279
202 1644
203 2382
204 1634
205 1964
206 2196
207 2785
208 1840
209 966
210 726
211 2275
212 591
213 631
214 431
215 1019
216 1198
217 828
218 995
219 2258
220 199
221 1233
222 780
223 1365
224 2507
225 1070
226 1492
227 2995
228 2810
229 588
230 2509
231 404
232 1256
233 986
234 2269
235 1705
236 2943
237 2832
238 1437
239 1836
240 1070
241 1241
242 936
243 2344
244 940
245 1718
246 1500
247 709
248 2076
249 1806
250 894
251 2747
252 1441
253 898
254 1971
255 1190
256 2633
257 1235
258 2596
259 1760
260 1138
261 2210
262 1042
263 2337
264 2343
265 1660
266 361
267 2357
268 1395
269 296
270 2957
271 446
272 1003
273 2305
274 1671
275 2586
276 1160
277 904
278 1873
279 2360
280 2117
281 1293
282 2242
283 151
284 347
285 2042
286 2471
287 2923
288 1931
289 1511
290 862
291 2414
292 914
293 359
294 1474
295 2539
296 2361
297 630
298 2640
299 1121
300 514
301 119
302 501
303 863
304 1682
305 857
306 1683
307 2058
308 330
309 2375
310 1163
311 2287
312 1413
313 1906
314 1992
315 2138
316 1980
317 257
318 976
319 340
320 1879
321 1955
322 1297
323 2834
324 30
325 19
326 596
327 660
328 2170
329 2014
330 619
331 1683
332 585
333 1543
334 2705
335 1972
336 329
337 2904
338 971
339 184
340 686
341 299
342 605
343 906
344 262
345 711
346 1348
347 1470
348 2493
349 1457
350 1566
351 1700
352 858
353 2236
354 1341
355 1118
356 2635
357 315
358 1379
359 1278
360 511
361 381
362 771
363 1446
364 2318
365 1363
366 2049
367 2495
368 1882
369 2259
370 847
371 2556
372 2967
373 1726
374 2784
375 748
376 500
377 1919
378 1176
379 1369
380 2646
381 1211
382 2996
383 2250
384 1743
385 2700
386 765
387 127
388 2215
389 2247
390 990
391 2443
392 2469
393 1680
394 1012
395 2878
396 1432
397 1196
398 2921
399 2039
400 421
401 277
402 1355
403 443
404 2157
405 2978
406 521
407 1638
408 272
409 1224
410 2211
411 2049
412 2876
413 608
414 2319
415 69
416 721
417 686
418 2925
419 2037
420 2373
421 2653
422 502
423 1763
424 315
425 1542
426 1608
427 695
428 2846
429 2323
430 1796
431 1259
432 328
433 2560
434 508
435 1624
436 1445
437 1074
438 2098
439 276
440 331
441 2772
442 1800
443 2106
444 1578
445 2179
446 658
447 117
448 2918
449 2220
450 2344
451 2889
452 392
453 858
454 2197
455 239
456 2732
457 418
458 236
459 226
460 2565
461 2200
462 114
463 434
464 2470
465 1856
466 50
467 2409
468 2757
469 1647
470 2246
471 2472
472 1585
473 734
474 1829
475 626
476 1533
477 2526
478 2119
479 310
480 14
481 2312
482 772
483 2221
484 2399
485 933
486 396
487 1602
488 1855
489 1871
490 1283
491 1773
492 632
493 2114
494 885
495 2703
496 19
497 126
498 2995
499 2429
500 1102
501 2169
502 941
503 911
504 1585
505 1005
506 12
507 136
508 2681
509 1946
510 2922
511 1275
512 1305
513 1648
514 1522
515 1052
516 2332
517 2007
518 2469
519 1156
520 1390
521 972
522 1947
523 1671
524 2288
525 1199
526 2869
527 2687
528 1649
529 192
530 2296
531 963
532 2517
533 308
534 2976
535 117
536 1936
537 2248
538 1463
539 2702
540 492
541 1293
542 1818
543 1621
544 1199
545 1859
546 1690
547 316
548 854
549 1490
550 459
551 2171
552 2375
553 2606
554 91
555 634
556 619
557 2235
558 1408
559 782
560 1021
561 1138
562 1793
563 418
564 2441
565 2234
566 6
567 791
568 1516
569 2372
570 2101
571 2542
572 2050
573 2005
574 2646
575 1781
576 782
577 1241
578 656
579 641
580 262
581 96
582 359
583 2769
584 1978
585 444
586 607
587 2391
588 2287
589 1861
590 381
591 867
592 440
593 2522
594 2216
595 552
596 2695
597 2557
598 2577
599 42
600 256
601 568
602 169
603 247
604 2159
605 1323
606 1136
607 874
608 965
609 1853
610 167
611 2479
612 2748
613 1356
614 2004
615 1868
616 1859
617 2705
618 760
619 232
620 2191
621 1271
622 786
623 1582
624 1229
625 818
626 2769
627 1893
628 2498

