670 41
0 1774
1 2054
2 99
3 1843
4 1031
5 102
6 1625
7 814
8 1125
9 1371
10 2850
11 1060
12 2635
13 2474
14 361
15 602
16 178
17 2428
18 604
19 1642
20 270
21 1018
22 604
23 1967
24 1859
25 1045
26 1807
27 539
28 282
29 1091
30 859
31 1300
32 2705
33 2946
34 1939
35 314
36 1920
37 1359
38 2169
39 1662
40 1281
41 2527
42 326
43 2897
44 2029
45 932
46 571
47 550
48 427
49 2615
50 783
51 1400
52 2876
53 2145
54 1549
55 2028
56 2270
57 2582
58 2119
59 2103
60 466
61 2925
62 2180
63 591
64 781
65 303
66 1976
67 2669
68 2408
69 910
70 1818
71 1125
72 989
73 512
74 2856
75 1162
76 560
77 1857
78 602
79 2091
80 706
81 525
82 1944
83 761
84 2315
85 96
86 2660
87 1531
88 2299
89 1251
90 2913
91 2767
92 2706
93 1863
94 858
95 73
96 2672
97 222
98 25
99 2541
100 2597
101 234
102 401
103 2367
104 110
105 723
106 2003
107 2677
108 259
109 1121
110 139
111 2199
112 872
113 1629
114 79
115 390
116 2623
117 2551
118 228
119 1632
120 343
121 438
122 1401
123 2455
124 1993
125 2691
126 2041
127 2556
128 2242
129 2561
130 2447
131 2421
132 1625
133 2356
134 634
135 2426
136 2010
137 2404
138 1308
139 977
140 792
141 2831
142 591
143 2033
144 1121
145 569
146 1680
147 728
148 1244
149 534
150 840
151 1857
152 1030
153 570
154 147
155 1833
156 2200
157 1461
158 2056
159 517
160 763
161 877
162 2878
163 916
164 532
165 997
166 449
167 1258
168 2682
169 19
170 1266
171 829
172 540
173 196
174 973
175 1819
176 464
177 1518
178 1080
179 2370
180 552
181 430
182 1235
183 617
184 2973
185 825
186 2300
187 261
188 466
189 1630
190 2669
191 2268
192 1049
193 2467
194 819
195 1809
196 1072
197 1259
198 200
199 954
200 2469
201 1979
202 2609
203 2926
204 1933
205 1551
206 2459
207 954
208 2349
209 2865
210 1716
211 598
212 1306
213 2185
214 2126
215 2433
216 968
217 161
218 140
219 2613
220 2511
221 2553
222 2772
223 1420
224 760
225 832
226 2195
227 973
228 2363
229 1095
230 1563
231 985
232 1357
233 291
234 1422
235 453
236 1817
237 1607
238 2236
239 218
240 1921
241 1492
242 53
243 176
244 1646
245 1177
246 2586
247 1035
248 2878
249 1400
250 2000
251 2690
252 2982
253 132
254 2235
255 2386
256 1142
257 1549
258 1953
259 2682
260 1166
261 1719
262 1387
263 2392
264 469
265 2534
266 1235
267 631
268 1185
269 2277
270 642
271 885
272 76
273 2831
274 1770
275 2366
276 677
277 281
278 2140
279 87
280 410
281 2889
282 941
283 2000
284 169
285 518
286 1611
287 1046
288 2889
289 2060
290 2212
291 1897
292 123
293 82
294 2364
295 1965
296 2055
297 1867
298 131
299 2852
300 2259
301 2895
302 645
303 2905
304 838
305 942
306 1928
307 2602
308 387
309 1605
310 2373
311 577
312 2399
313 2745
314 325
315 2417
316 1247
317 1580
318 1121
319 352
320 2969
321 1925
322 1914
323 1707
324 1958
325 2866
326 34
327 2229
328 2451
329 1110
330 87
331 541
332 209
333 2511
334 1948
335 1972
336 1558
337 2656
338 2232
339 876
340 1651
341 1329
342 642
343 2846
344 478
345 2769
346 411
347 981
348 630
349 2850
350 2564
351 624
352 2302
353 227
354 35
355 2184
356 1798
357 632
358 1472
359 2588
360 505
361 609
362 983
363 2190
364 1212
365 1365
366 873
367 378
368 1752
369 116
370 664
371 361
372 2820
373 146
374 964
375 1223
376 1140
377 121
378 1112
379 1814
380 1978
381 1234
382 1051
383 2037
384 1002
385 106
386 2745
387 2792
388 961
389 1006
390 2700
391 595
392 2498
393 1127
394 507
395 1258
396 2882
397 2813
398 251
399 2311
400 1896
401 2183
402 2712
403 1811
404 1996
405 1079
406 2096
407 2336
408 1300
409 66
410 2958
411 2191
412 973
413 1325
414 2148
415 773
416 929
417 775
418 1344
419 1498
420 2242
421 2529
422 472
423 165
424 2468
425 2739
426 1519
427 2502
428 2670
429 415
430 1079
431 1911
432 2572
433 173
434 1225
435 215
436 2456
437 982
438 2768
439 1375
440 51
441 2976
442 2200
443 494
444 210
445 669
446 214
447 2877
448 826
449 1776
450 1486
451 2037
452 1881
453 2205
454 1762
455 2235
456 242
457 1173
458 938
459 1957
460 2166
461 2834
462 2786
463 2424
464 1078
465 533
466 587
467 967
468 2631
469 787
470 1651
471 1109
472 1828
473 1420
474 1892
475 2473
476 1861
477 597
478 2816
479 2745
480 2026
481 2173
482 544
483 322
484 2035
485 2620
486 1555
487 2209
488 627
489 1102
490 2348
491 609
492 2048
493 1992
494 1668
495 2124
496 590
497 1140
498 1416
499 1661
500 2195
501 2235
502 393
503 2551
504 1541
505 95
506 1351
507 2917
508 888
509 547
510 848
511 305
512 1490
513 1404
514 2819
515 575
516 1681
517 2672
518 2921
519 2405
520 1819
521 2816
522 1045
523 2889
524 2646
525 1080
526 1424
527 1317
528 1283
529 2584
530 1776
531 2035
532 2476
533 1815
534 720
535 2379
536 678
537 539
538 278
539 1934
540 2118
541 1054
542 2070
543 2747
544 1042
545 1400
546 2718
547 868
548 1651
549 1887
550 1400
551 2837
552 2410
553 1775
554 992
555 2333
556 542
557 461
558 1208
559 1324
560 148
561 1131
562 1301
563 2486
564 978
565 1784
566 2996
567 1112
568 893
569 2715
570 406
571 322
572 1326
573 572
574 406
575 1645
576 2692
577 480
578 116
579 424
580 2353
581 973
582 2352
583 765
584 2058
585 1966
586 2708
587 1407
588 175
589 2926
590 451
591 2067
592 11
593 1442
594 2845
595 1310
596 1037
597 1793
598 1040
599 849
600 2124
601 1228
602 1822
603 756
604 2645
605 2764
606 1002
607 2256
608 141
609 1198
610 1581
611 2474
612 711
613 2734
614 2721
615 2124
616 1616
617 2419
618 1113
619 2670
620 408
621 146
622 1814
623 2583
624 1284
625 755
626 1355
627 782
628 955
629 1269
630 2828
631 1310
632 731
633 1503
634 431
635 1596
636 1769
637 1090
638 2120
639 163
640 1237
641 2744
642 1555
643 10
644 1913
645 2858
646 257
647 617
648 216
649 821
650 1672
651 1097
652 1938
653 1145
654 2355
655 268
656 2426
657 772
658 2391
659 881
660 621
661 722
662 1542
663 58
664 2295
665 517
666 2683
667 1366
668 961
669 1837

