906 61
0 153
1 2632
2 1635
3 2697
4 2276
5 1646
6 1144
7 2014
8 1409
9 2651
10 2736
11 336
12 465
13 1891
14 1415
15 8
16 2765
17 1287
18 2690
19 1385
20 1307
21 436
22 523
23 1558
24 2310
25 2478
26 2839
27 1837
28 1801
29 2888
30 2605
31 1114
32 587
33 2531
34 1644
35 848
36 2770
37 1475
38 1003
39 1195
40 780
41 179
42 2842
43 2257
44 1998
45 899
46 1018
47 82
48 2631
49 567
50 515
51 1218
52 725
53 69
54 2114
55 312
56 669
57 1511
58 2566
59 2526
60 857
61 613
62 639
63 1578
64 2023
65 2147
66 1043
67 1843
68 9
69 939
70 504
71 234
72 2318
73 221
74 1416
75 537
76 618
77 1399
78 595
79 2468
80 1415
81 2307
82 1450
83 866
84 1203
85 2463
86 2704
87 1617
88 994
89 2540
90 1243
91 1895
92 2096
93 1615
94 779
95 2536
96 1593
97 2942
98 765
99 1908
100 1127
101 1187
102 2046
103 1322
104 693
105 737
106 2109
107 1957
108 2909
109 342
110 1803
111 2342
112 2918
113 1734
114 2464
115 2528
116 2758
117 1833
118 2590
119 2749
120 460
121 526
122 1518
123 1193
124 2983
125 1751
126 0
127 1915
128 1300
129 2060
130 231
131 2480
132 2473
133 1151
134 1936
135 551
136 973
137 2746
138 281
139 377
140 2999
141 1874
142 1429
143 593
144 683
145 1958
146 1071
147 241
148 2544
149 2204
150 559
151 2760
152 1319
153 2468
154 745
155 2177
156 2644
157 2299
158 1786
159 2492
160 751
161 1820
162 926
163 1576
164 911
165 802
166 314
167 623
168 681
169 746
170 895
171 797
172 2074
173 1077
174 1403
175 1150
176 689
177 2831
178 185
179 1641
180 1233
181 1169
182 2236
183 838
184 1201
185 1032
186 47
187 2046
188 2421
189 2953
190 12
191 1378
192 2875
193 2551
194 1502
195 2224
196 2859
197 1001
198 1067
199 2148
200 1995
201 2991
202 1073
203 2035
204 710
205 2134
206 811
207 2736
208 1095
209 2024
210 2338
211 2769
212 1701
213 2009
214 2008
215 1121
216 2414
217 479
218 1149
219 2127
220 675
221 2449
222 210
223 1402
224 2615
225 600
226 947
227 1829
228 1242
229 1884
230 2516
231 261
232 504
233 1068
234 2327
235 231
236 2610
237 1317
238 1986
239 2502
240 2583
241 366
242 1128
243 2647
244 1873
245 557
246 83
247 2765
248 2405
249 1879
250 1822
251 426
252 1065
253 215
254 2939
255 2785
256 616
257 1519
258 32
259 650
260 227
261 1943
262 701
263 113
264 1927
265 804
266 2351
267 2270
268 823
269 2208
270 1524
271 1196
272 166
273 889
274 1711
275 2928
276 504
277 2957
278 2121
279 924
280 850
281 2858
282 1399
283 2898
284 1560
285 244
286 1083
287 112
288 2168
289 74
290 2326
291 2921
292 2493
293 1909
294 1048
295 2888
296 604
297 2709
298 1194
299 1996
300 2908
301 2497
302 420
303 425
304 1663
305 1708
306 2347
307 1826
308 1497
309 670
310 1900
311 466
312 594
313 15
314 2779
315 1656
316 1814
317 2718
318 133
319 6
320 2869
321 357
322 2908
323 2497
324 2652
325 2836
326 1273
327 518
328 944
329 2765
330 1967
331 2981
332 3
333 49
334 2166
335 1289
336 1193
337 2844
338 1133
339 857
340 1950
341 2051
342 1814
343 2248
344 1378
345 2336
346 1320
347 2566
348 2093
349 39
350 600
351 2371
352 656
353 185
354 2383
355 2964
356 2653
357 720
358 1748
359 72
360 2705
361 2598
362 1320
363 1200
364 1103
365 1576
366 2818
367 1725
368 2721
369 1947
370 1485
371 2135
372 69
373 1252
374 2269
375 2944
376 2080
377 611
378 167
379 2890
380 1865
381 2719
382 1422
383 2539
384 611
385 2853
386 1806
387 2237
388 2647
389 570
390 365
391 1845
392 1675
393 592
394 1161
395 1699
396 1705
397 590
398 229
399 735
400 1966
401 426
402 855
403 1643
404 1729
405 57
406 1653
407 2802
408 2377
409 1139
410 372
411 528
412 2878
413 1059
414 2556
415 638
416 490
417 48
418 1033
419 978
420 2799
421 2865
422 1505
423 87
424 461
425 427
426 7
427 2746
428 2993
429 1938
430 1384
431 881
432 2108
433 348
434 1506
435 2812
436 348
437 613
438 2459
439 2350
440 2329
441 1457
442 131
443 2669
444 1836
445 2531
446 1805
447 757
448 1327
449 351
450 1276
451 1038
452 2387
453 740
454 2509
455 1807
456 875
457 2707
458 1822
459 2832
460 1477
461 1536
462 1921
463 435
464 2539
465 1740
466 692
467 2910
468 1837
469 259
470 64
471 1304
472 1661
473 2536
474 441
475 1275
476 390
477 1544
478 1062
479 2664
480 545
481 1495
482 946
483 2829
484 2293
485 1918
486 588
487 1083
488 2327
489 1536
490 2670
491 486
492 1154
493 441
494 575
495 560
496 2588
497 954
498 1545
499 381
500 3
501 1210
502 1439
503 494
504 2824
505 321
506 70
507 2030
508 494
509 2642
510 1486
511 2585
512 1346
513 2524
514 2982
515 85
516 1319
517 2825
518 2088
519 1800
520 1573
521 2540
522 944
523 2529
524 1058
525 2176
526 1183
527 1827
528 919
529 433
530 1967
531 2048
532 2559
533 2890
534 2423
535 2355
536 2172
537 1705
538 2675
539 2835
540 1887
541 877
542 727
543 1679
544 683
545 1688
546 403
547 761
548 1123
549 354
550 2802
551 2282
552 1440
553 2923
554 1124
555 956
556 2342
557 2559
558 1382
559 948
560 125
561 2096
562 2031
563 1137
564 2290
565 1221
566 2018
567 2231
568 2346
569 798
570 1206
571 810
572 1132
573 2942
574 1916
575 1378
576 1584
577 1635
578 1527
579 1614
580 411
581 2751
582 1719
583 2171
584 2151
585 2798
586 2353
587 75
588 283
589 3
590 2878
591 192
592 2662
593 863
594 2072
595 2608
596 1541
597 2176
598 1582
599 1045
600 2075
601 403
602 339
603 2471
604 253
605 146
606 2766
607 1324
608 1236
609 1992
610 1006
611 160
612 2153
613 2297
614 2800
615 2695
616 1308
617 803
618 48
619 2851
620 1241
621 97
622 1161
623 2204
624 2166
625 1534
626 955
627 518
628 707
629 883
630 170
631 1480
632 1603
633 766
634 1244
635 1848
636 1326
637 41
638 1748
639 1969
640 853
641 2994
642 2108
643 513
644 1811
645 2545
646 264
647 1682
648 571
649 1371
650 1174
651 958
652 289
653 1760
654 2008
655 801
656 1007
657 2820
658 2295
659 329
660 169
661 1102
662 2356
663 717
664 597
665 2718
666 2364
667 1671
668 1928
669 2213
670 2241
671 620
672 1237
673 933
674 440
675 114
676 916
677 865
678 2252
679 2863
680 1340
681 873
682 2203
683 351
684 14
685 1428
686 1887
687 1785
688 737
689 826
690 604
691 2393
692 1789
693 1464
694 294
695 2784
696 1584
697 1650
698 2458
699 264
700 1968
701 174
702 1277
703 2574
704 2102
705 562
706 17
707 2336
708 885
709 2424
710 681
711 1956
712 96
713 2717
714 610
715 478
716 1827
717 2137
718 1230
719 1701
720 927
721 2209
722 2431
723 1697
724 1123
725 1193
726 876
727 2342
728 1421
729 417
730 2254
731 802
732 948
733 1206
734 1162
735 2645
736 2205
737 1545
738 249
739 2046
740 227
741 2414
742 1264
743 2007
744 2713
745 1283
746 2538
747 2622
748 1475
749 2291
750 2132
751 654
752 2635
753 43
754 2521
755 829
756 2657
757 526
758 1077
759 824
760 1258
761 2343
762 597
763 948
764 2634
765 2897
766 1129
767 128
768 952
769 460
770 84
771 511
772 1726
773 551
774 2578
775 1542
776 2835
777 1979
778 2973
779 2184
780 2681
781 848
782 253
783 305
784 327
785 2660
786 2055
787 2140
788 1679
789 2863
790 2811
791 491
792 1866
793 2951
794 535
795 2032
796 2770
797 1987
798 720
799 84
800 547
801 439
802 826
803 1392
804 1952
805 1825
806 319
807 2894
808 1531
809 605
810 2987
811 2588
812 1529
813 1830
814 1397
815 2299
816 577
817 1811
818 2036
819 772
820 2421
821 1866
822 986
823 259
824 2717
825 1871
826 653
827 710
828 928
829 1075
830 1101
831 97
832 518
833 1998
834 2975
835 848
836 1801
837 155
838 1778
839 965
840 1730
841 1415
842 2061
843 1954
844 1166
845 200
846 80
847 2575
848 1271
849 2966
850 105
851 2128
852 1423
853 854
854 2018
855 2234
856 2939
857 2336
858 1179
859 159
860 315
861 436
862 1948
863 2753
864 2430
865 676
866 2996
867 1212
868 839
869 2022
870 1469
871 1816
872 2540
873 2214
874 1191
875 2274
876 2245
877 1667
878 2387
879 2316
880 1341
881 1889
882 2232
883 1240
884 1497
885 1969
886 516
887 2041
888 2391
889 1192
890 1776
891 1457
892 215
893 1939
894 2471
895 2610
896 1010
897 1381
898 2154
899 1702
900 799
901 2988
902 2971
903 957
904 2202
905 2428

