592 83
0 2163
1 1081
2 2703
3 2050
4 434
5 2116
6 2383
7 2067
8 1390
9 1951
10 2351
11 1174
12 172
13 190
14 2458
15 2168
16 240
17 1589
18 1195
19 2786
20 400
21 1517
22 2519
23 2242
24 2023
25 742
26 2531
27 1278
28 494
29 864
30 2569
31 2398
32 1912
33 1908
34 2117
35 902
36 1299
37 412
38 509
39 1975
40 1306
41 506
42 139
43 1178
44 1212
45 2926
46 1860
47 158
48 358
49 1104
50 1231
51 2826
52 2070
53 626
54 1514
55 23
56 711
57 1573
58 2585
59 984
60 1248
61 539
62 2905
63 2145
64 2201
65 2342
66 104
67 1913
68 2963
69 1072
70 2731
71 781
72 1122
73 1910
74 2090
75 192
76 2360
77 1826
78 1621
79 487
80 256
81 67
82 2076
83 113
84 1818
85 1603
86 2346
87 512
88 2593
89 975
90 2663
91 1010
92 267
93 2655
94 393
95 2121
96 2210
97 757
98 804
99 562
100 1581
101 2168
102 2193
103 2162
104 107
105 1207
106 1684
107 2388
108 368
109 1982
110 1371
111 2737
112 2493
113 928
114 2213
115 991
116 1778
117 2993
118 1181
119 1771
120 2443
121 1616
122 2385
123 884
124 391
125 1405
126 2307
127 1786
128 1336
129 2256
130 696
131 2239
132 1110
133 1675
134 1523
135 2647
136 695
137 180
138 1245
139 2357
140 1305
141 2880
142 2190
143 931
144 2757
145 1232
146 2961
147 782
148 1508
149 2697
150 586
151 2020
152 2585
153 2992
154 1562
155 826
156 1724
157 670
158 2359
159 682
160 655
161 1250
162 2774
163 1108
164 2460
165 1297
166 1339
167 2350
168 2488
169 1814
170 1915
171 1666
172 2999
173 862
174 1849
175 2679
176 945
177 318
178 565
179 2587
180 609
181 268
182 2970
183 1605
184 2459
185 309
186 664
187 2053
188 210
189 1794
190 2526
191 599
192 1122
193 2696
194 2029
195 2061
196 2302
197 1475
198 117
199 1760
200 2954
201 426
202 325
203 2305
204 1181
205 335
206 577
207 869
208 996
209 1080
210 508
211 877
212 2676
213 2772
214 2913
215 2167
216 1897
217 692
218 1113
219 329
220 1336
221 2594
222 759
223 988
224 2879
225 723
226 1439
227 1785
228 2691
229 2420
230 2748
231 401
232 2397
233 1813
234 1387
235 2342
236 1166
237 2211
238 1813
239 259
240 1479
241 2148
242 730
243 284
244 122
245 722
246 2849
247 1855
248 1457
249 60
250 774
251 210
252 2214
253 2517
254 421
255 149
256 1481
257 2919
258 2498
259 2716
260 406
261 2011
262 1192
263 2188
264 1203
265 143
266 1527
267 50
268 2060
269 1177
270 2628
271 400
272 773
273 1640
274 1212
275 513
276 1557
277 124
278 2589
279 380
280 1708
281 2220
282 1780
283 1272
284 2462
285 1635
286 1799
287 1316
288 1203
289 2983
290 1814
291 1673
292 2600
293 2225
294 655
295 974
296 1784
297 1174
298 1114
299 1194
300 1060
301 857
302 1922
303 421
304 1715
305 2976
306 1951
307 1387
308 946
309 1212
310 630
311 1698
312 39
313 1878
314 2729
315 1327
316 1752
317 1784
318 457
319 128
320 2430
321 2261
322 749
323 743
324 2013
325 178
326 2147
327 2432
328 1273
329 1622
330 858
331 2673
332 97
333 1803
334 1272
335 1483
336 1027
337 2340
338 2243
339 996
340 566
341 30
342 2439
343 2116
344 272
345 1942
346 195
347 2215
348 1547
349 1531
350 2553
351 751
352 2603
353 2569
354 826
355 1234
356 1221
357 1908
358 438
359 2257
360 1082
361 1392
362 1773
363 2759
364 889
365 2971
366 2517
367 903
368 1831
369 1357
370 641
371 48
372 484
373 1626
374 1727
375 2887
376 2696
377 1289
378 676
379 2305
380 684
381 103
382 125
383 1424
384 1081
385 1012
386 1803
387 2894
388 1468
389 2040
390 59
391 1591
392 2658
393 171
394 279
395 1903
396 988
397 730
398 1190
399 1054
400 1607
401 12
402 1271
403 2387
404 1635
405 2435
406 954
407 1402
408 1295
409 2977
410 2450
411 1632
412 2506
413 2865
414 1686
415 2931
416 2072
417 1692
418 1745
419 617
420 1169
421 1485
422 1450
423 1544
424 462
425 2266
426 2459
427 1898
428 2715
429 1485
430 1196
431 2266
432 1519
433 1382
434 1192
435 193
436 1004
437 1486
438 2964
439 1660
440 944
441 331
442 696
443 1738
444 2868
445 708
446 1143
447 536
448 2310
449 1158
450 162
451 544
452 2198
453 2509
454 1361
455 2100
456 2416
457 2727
458 2339
459 2325
460 1184
461 2434
462 40
463 1199
464 1262
465 991
466 1887
467 2359
468 232
469 2772
470 1044
471 453
472 1906
473 2673
474 1016
475 2390
476 300
477 591
478 482
479 1927
480 1518
481 843
482 1182
483 1691
484 1287
485 1654
486 309
487 2537
488 2150
489 113
490 2340
491 216
492 234
493 383
494 854
495 1957
496 2585
497 163
498 2701
499 2357
500 1020
501 32
502 2656
503 788
504 1077
505 1451
506 2210
507 1345
508 2955
509 798
510 227
511 1386
512 1336
513 134
514 2001
515 1647
516 1664
517 2070
518 1058
519 1190
520 1330
521 105
522 180
523 1461
524 2001
525 2006
526 783
527 384
528 2625
529 739
530 870
531 2434
532 1676
533 147
534 658
535 1357
536 2380
537 2886
538 2730
539 2861
540 5
541 28
542 683
543 971
544 1431
545 1435
546 175
547 1182
548 1147
549 56
550 578
551 2479
552 8
553 1061
554 939
555 1258
556 236
557 1031
558 1165
559 1946
560 2102
561 1946
562 861
563 1085
564 345
565 726
566 237
567 1511
568 1425
569 2510
570 2959
571 2122
572 1246
573 2332
574 1934
575 635
576 2931
577 1300
578 2433
579 293
580 817
581 2013
582 169
583 2488
584 1204
585 668
586 1918
587 1340
588 2332
589 2116
590 92
591 2891

