603 24
0 2642
1 712
2 2696
3 1208
4 213
5 599
6 2918
7 2453
8 997
9 1387
10 1391
11 2147
12 1344
13 1621
14 151
15 708
16 2714
17 971
18 149
19 1226
20 400
21 1325
22 2156
23 2648
24 2335
25 1250
26 1034
27 103
28 192
29 387
30 363
31 403
32 2643
33 957
34 1534
35 2035
36 151
37 2329
38 2113
39 777
40 2826
41 2413
42 1633
43 1443
44 2482
45 889
46 1558
47 780
48 1979
49 235
50 759
51 2513
52 2362
53 2733
54 592
55 62
56 497
57 883
58 1591
59 1845
60 2090
61 539
62 1381
63 167
64 2498
65 1007
66 704
67 1655
68 400
69 2027
70 80
71 1122
72 711
73 2792
74 1564
75 2904
76 2694
77 2275
78 1197
79 365
80 2815
81 2982
82 915
83 21
84 20
85 1116
86 391
87 2933
88 2275
89 663
90 2096
91 2837
92 1210
93 2027
94 2922
95 1923
96 2149
97 2376
98 312
99 154
100 243
101 188
102 2758
103 911
104 1576
105 2051
106 2200
107 960
108 1945
109 2715
110 2
111 1399
112 2941
113 867
114 1836
115 939
116 1838
117 2874
118 1543
119 2777
120 2420
121 2263
122 1827
123 1168
124 48
125 2997
126 2444
127 2690
128 2478
129 2727
130 2891
131 1482
132 2447
133 2770
134 2362
135 2582
136 1757
137 877
138 1225
139 2440
140 904
141 587
142 1094
143 2153
144 1473
145 2253
146 1061
147 2632
148 601
149 2958
150 1429
151 2723
152 1240
153 2536
154 1449
155 210
156 527
157 1731
158 1423
159 1532
160 593
161 2828
162 1158
163 312
164 1940
165 928
166 560
167 2250
168 2275
169 1923
170 1706
171 1204
172 1741
173 2741
174 83
175 2373
176 1006
177 2698
178 1183
179 2032
180 353
181 1062
182 292
183 1425
184 2202
185 181
186 2510
187 2265
188 2131
189 1411
190 788
191 1117
192 2870
193 2590
194 1643
195 1852
196 693
197 838
198 2793
199 1469
200 811
201 673
202 1121
203 402
204 564
205 1050
206 2849
207 1333
208 505
209 1487
210 633
211 2667
212 1340
213 2939
214 1075
215 1351
216 1269
217 1278
218 144
219 1079
220 222
221 2640
222 49
223 1906
224 1470
225 2708
226 2813
227 2350
228 1069
229 2570
230 2562
231 2611
232 2452
233 788
234 1941
235 2317
236 2433
237 2397
238 1245
239 1479
240 176
241 1637
242 2218
243 739
244 1153
245 1720
246 16
247 5
248 2733
249 1676
250 2196
251 1308
252 630
253 1492
254 493
255 616
256 407
257 2398
258 1441
259 1607
260 896
261 1248
262 127
263 1870
264 1651
265 510
266 993
267 683
268 1079
269 2163
270 477
271 1797
272 2443
273 1376
274 1019
275 2917
276 884
277 582
278 2810
279 1124
280 1004
281 1319
282 624
283 2718
284 2767
285 532
286 165
287 155
288 1077
289 2200
290 2494
291 2223
292 1850
293 292
294 274
295 133
296 966
297 2581
298 1968
299 68
300 2040
301 2205
302 2204
303 2858
304 1313
305 2173
306 2464
307 910
308 1416
309 1180
310 935
311 290
312 2345
313 440
314 923
315 574
316 464
317 2468
318 46
319 1221
320 737
321 804
322 801
323 1726
324 976
325 2940
326 2295
327 2312
328 1347
329 1479
330 1888
331 758
332 2416
333 2895
334 1758
335 1232
336 19
337 2213
338 2752
339 1130
340 818
341 876
342 363
343 861
344 1686
345 1521
346 2710
347 1439
348 1021
349 436
350 1288
351 699
352 2041
353 909
354 2780
355 908
356 2684
357 2613
358 993
359 387
360 1199
361 2810
362 1067
363 407
364 1086
365 124
366 630
367 2974
368 2298
369 383
370 1756
371 275
372 796
373 2138
374 2117
375 1904
376 889
377 1589
378 214
379 361
380 469
381 20
382 743
383 1952
384 2421
385 1280
386 2199
387 335
388 741
389 1538
390 2968
391 2149
392 1126
393 2039
394 1628
395 2013
396 1973
397 2134
398 2247
399 543
400 2019
401 502
402 1111
403 118
404 2092
405 1487
406 2015
407 2330
408 1260
409 1840
410 1539
411 2386
412 35
413 1202
414 1389
415 608
416 877
417 1287
418 475
419 2673
420 1529
421 3000
422 1496
423 1189
424 2920
425 1573
426 2487
427 1996
428 2535
429 2626
430 2407
431 2496
432 382
433 217
434 283
435 810
436 610
437 2086
438 1953
439 1033
440 2492
441 1939
442 387
443 390
444 2487
445 737
446 2334
447 1655
448 663
449 52
450 1422
451 849
452 2834
453 2296
454 1564
455 780
456 1073
457 2616
458 1042
459 1510
460 2302
461 1604
462 1845
463 395
464 2325
465 1861
466 1843
467 231
468 2522
469 2664
470 46
471 1250
472 965
473 560
474 288
475 2853
476 2966
477 1413
478 86
479 1038
480 783
481 2010
482 1678
483 607
484 1345
485 50
486 1484
487 209
488 1139
489 839
490 2319
491 382
492 2410
493 423
494 2503
495 1572
496 1146
497 2362
498 748
499 204
500 2272
501 646
502 2252
503 2037
504 108
505 2878
506 1406
507 682
508 2330
509 569
510 1454
511 1642
512 2837
513 2102
514 1703
515 1503
516 238
517 310
518 1807
519 1542
520 279
521 2701
522 1746
523 1533
524 245
525 627
526 2197
527 23
528 2221
529 2075
530 2302
531 516
532 203
533 2327
534 1613
535 220
536 2980
537 2642
538 778
539 1020
540 1782
541 99
542 2475
543 1468
544 1559
545 2382
546 839
547 1200
548 2485
549 741
550 454
551 1697
552 2297
553 2578
554 732
555 578
556 1118
557 1945
558 2593
559 1629
560 659
561 1413
562 2515
563 2767
564 1448
565 533
566 2283
567 2187
568 759
569 2061
570 800
571 495
572 1256
573 2571
574 2660
575 1995
576 714
577 1478
578 762
579 2570
580 2131
581 2994
582 1529
583 2459
584 303
585 1480
586 1579
587 1650
588 2128
589 1995
590 453
591 2977
592 1135
593 907
594 248
595 2019
596 470
597 1
598 916
599 264
600 1747
601 2105
602 750

