470 95
0 1652
1 1210
2 1095
3 1969
4 811
5 2053
6 1068
7 2151
8 608
9 2067
10 772
11 572
12 891
13 2450
14 170
15 2979
16 1800
17 402
18 1210
19 1975
20 2230
21 235
22 2994
23 1310
24 2883
25 29
26 527
27 800
28 2313
29 284
30 1514
31 1843
32 475
33 1684
34 1626
35 1028
36 2044
37 955
38 1011
39 157
40 2637
41 2138
42 1673
43 2654
44 1823
45 1734
46 802
47 2703
48 395
49 1017
50 317
51 1511
52 2099
53 2819
54 2247
55 2395
56 1868
57 410
58 2458
59 258
60 2680
61 1337
62 1881
63 2382
64 529
65 1549
66 915
67 289
68 713
69 18
70 409
71 288
72 1881
73 2855
74 1165
75 1492
76 2071
77 1284
78 1192
79 2854
80 962
81 2837
82 448
83 2154
84 2918
85 1438
86 1236
87 2476
88 2071
89 1350
90 1521
91 1387
92 1739
93 1832
94 870
95 2701
96 2955
97 1164
98 1840
99 1939
100 292
101 37
102 2932
103 1923
104 733
105 2188
106 2999
107 2333
108 1190
109 121
110 2430
111 2766
112 1073
113 1613
114 2534
115 1038
116 533
117 160
118 2693
119 868
120 1089
121 2031
122 2477
123 2477
124 181
125 2661
126 2623
127 1711
128 366
129 234
130 509
131 1319
132 1436
133 1787
134 572
135 2246
136 927
137 2025
138 1921
139 1800
140 770
141 1790
142 279
143 923
144 1340
145 2534
146 1966
147 94
148 2868
149 1984
150 203
151 666
152 736
153 2726
154 2971
155 1785
156 259
157 2269
158 2081
159 2597
160 2180
161 2984
162 573
163 2229
164 2823
165 998
166 2734
167 1289
168 2701
169 2618
170 2714
171 99
172 1784
173 2158
174 2682
175 1907
176 1713
177 2281
178 2277
179 934
180 1220
181 2430
182 299
183 2915
184 218
185 1464
186 2666
187 565
188 2993
189 904
190 2565
191 272
192 2846
193 263
194 10
195 1257
196 1173
197 2049
198 1756
199 383
200 940
201 1706
202 2134
203 2717
204 2182
205 2384
206 1496
207 2599
208 167
209 761
210 2255
211 1433
212 2965
213 504
214 2176
215 1473
216 448
217 1139
218 1933
219 1115
220 2774
221 2051
222 51
223 2122
224 2865
225 1364
226 1264
227 835
228 2310
229 2275
230 1593
231 972
232 859
233 447
234 2404
235 2926
236 2402
237 364
238 2254
239 1019
240 863
241 2821
242 1382
243 1509
244 2347
245 2193
246 971
247 1449
248 579
249 176
250 1381
251 495
252 254
253 468
254 2176
255 2317
256 1695
257 1902
258 185
259 2630
260 44
261 1298
262 223
263 436
264 1478
265 2448
266 2628
267 2323
268 134
269 2536
270 605
271 2440
272 2699
273 2676
274 1112
275 1825
276 1155
277 1840
278 2031
279 1051
280 316
281 1421
282 1177
283 2911
284 429
285 2046
286 109
287 355
288 1913
289 1185
290 509
291 2217
292 1862
293 740
294 719
295 2556
296 1187
297 2814
298 841
299 1465
300 54
301 1445
302 904
303 1457
304 2580
305 620
306 2941
307 1739
308 2132
309 389
310 949
311 2290
312 1545
313 1161
314 2898
315 791
316 517
317 960
318 2147
319 636
320 2648
321 1883
322 2475
323 1309
324 2508
325 977
326 2979
327 1840
328 1201
329 2570
330 2541
331 1505
332 2613
333 1216
334 2667
335 1182
336 2488
337 1740
338 464
339 1119
340 1879
341 1105
342 1338
343 1532
344 265
345 2394
346 259
347 2954
348 196
349 259
350 2549
351 632
352 210
353 1136
354 1888
355 1126
356 1605
357 2055
358 2966
359 2527
360 1759
361 2046
362 860
363 1377
364 1686
365 1640
366 370
367 769
368 1423
369 1388
370 1077
371 802
372 211
373 1512
374 861
375 1917
376 966
377 1536
378 2084
379 38
380 1937
381 2038
382 1149
383 1069
384 249
385 1756
386 1234
387 530
388 1022
389 1740
390 1596
391 596
392 1104
393 2425
394 1589
395 2222
396 1492
397 1824
398 2059
399 2289
400 2668
401 2796
402 588
403 821
404 1081
405 1225
406 1655
407 323
408 2472
409 629
410 1115
411 2705
412 2758
413 761
414 1337
415 2234
416 2771
417 2840
418 1674
419 1960
420 2270
421 1666
422 479
423 2113
424 483
425 2120
426 2055
427 1309
428 543
429 1995
430 604
431 698
432 2879
433 491
434 743
435 673
436 2068
437 1894
438 858
439 12
440 1868
441 1281
442 402
443 471
444 1016
445 2664
446 1092
447 2427
448 816
449 1727
450 342
451 415
452 32
453 476
454 2667
455 2728
456 1023
457 889
458 1978
459 1136
460 1561
461 2360
462 382
463 2820
464 1228
465 1658
466 994
467 1475
468 2010
469 920

