230 97
0 499
1 2809
2 2343
3 1618
4 1589
5 1780
6 230
7 1125
8 2294
9 1346
10 2676
11 668
12 2758
13 2988
14 2224
15 1113
16 744
17 2544
18 938
19 352
20 2291
21 2288
22 180
23 2727
24 2974
25 1493
26 2058
27 1983
28 951
29 2183
30 1047
31 1085
32 424
33 1201
34 2050
35 602
36 835
37 2292
38 1267
39 2684
40 1791
41 1728
42 1312
43 2891
44 459
45 480
46 1091
47 29
48 968
49 2083
50 101
51 1087
52 1028
53 1728
54 1641
55 2547
56 2926
57 274
58 1936
59 71
60 656
61 398
62 1256
63 2073
64 2689
65 2503
66 238
67 1716
68 1872
69 354
70 2699
71 533
72 1778
73 996
74 574
75 1986
76 1807
77 1027
78 2367
79 2010
80 2460
81 47
82 915
83 1229
84 1776
85 1776
86 866
87 2305
88 1768
89 1373
90 111
91 1473
92 1203
93 1564
94 960
95 2957
96 1846
97 2844
98 1288
99 2013
100 1166
101 1884
102 2006
103 336
104 1607
105 1321
106 2957
107 2953
108 351
109 1182
110 2555
111 48
112 1939
113 75
114 1465
115 598
116 1619
117 702
118 1350
119 936
120 328
121 345
122 2699
123 163
124 1660
125 2063
126 1088
127 2322
128 2376
129 1512
130 224
131 743
132 2742
133 494
134 2789
135 1903
136 1791
137 875
138 1418
139 2569
140 1952
141 1096
142 409
143 2390
144 1789
145 2718
146 17
147 1941
148 1758
149 2378
150 457
151 619
152 2680
153 2053
154 1184
155 2782
156 2485
157 438
158 599
159 2391
160 611
161 2292
162 2656
163 551
164 681
165 319
166 557
167 1071
168 456
169 338
170 321
171 375
172 1604
173 68
174 299
175 1408
176 989
177 2123
178 153
179 2600
180 1818
181 883
182 762
183 56
184 556
185 2643
186 1760
187 493
188 1721
189 1506
190 2721
191 2494
192 714
193 917
194 1190
195 1544
196 2766
197 2978
198 43
199 2929
200 140
201 788
202 2333
203 1493
204 1509
205 2678
206 1920
207 2018
208 2370
209 2254
210 1986
211 1326
212 990
213 650
214 567
215 979
216 1998
217 362
218 2288
219 1557
220 935
221 1676
222 1529
223 2287
224 1538
225 973
226 191
227 938
228 757
229 1102

