166 96
0 471
1 2165
2 1652
3 626
4 1629
5 2502
6 323
7 2147
8 647
9 1979
10 2168
11 1834
12 1159
13 1323
14 2716
15 2924
16 742
17 73
18 2883
19 527
20 1547
21 579
22 1464
23 2069
24 150
25 717
26 878
27 1476
28 944
29 1747
30 252
31 2838
32 1284
33 660
34 2520
35 2523
36 1790
37 1800
38 2132
39 1954
40 653
41 107
42 698
43 386
44 2823
45 2865
46 2182
47 2828
48 227
49 425
50 1578
51 944
52 514
53 694
54 2450
55 422
56 2010
57 2521
58 641
59 2382
60 1667
61 135
62 1959
63 1533
64 2642
65 2654
66 1625
67 1598
68 542
69 537
70 2242
71 1525
72 326
73 169
74 2433
75 1185
76 17
77 645
78 2253
79 656
80 275
81 2936
82 584
83 2417
84 1603
85 701
86 1938
87 997
88 1668
89 2954
90 2146
91 854
92 2051
93 1585
94 120
95 2826
96 866
97 1939
98 1346
99 152
100 557
101 2575
102 1937
103 469
104 952
105 2692
106 741
107 2479
108 2514
109 16
110 1336
111 50
112 2341
113 532
114 2059
115 80
116 2644
117 1337
118 1716
119 2391
120 299
121 957
122 1044
123 235
124 1681
125 309
126 1085
127 2081
128 363
129 702
130 2160
131 1687
132 1131
133 1683
134 790
135 860
136 1292
137 828
138 2799
139 245
140 2023
141 1728
142 2543
143 2680
144 649
145 583
146 2355
147 2908
148 1110
149 274
150 925
151 910
152 145
153 2896
154 2554
155 2531
156 2576
157 2928
158 1823
159 2965
160 1688
161 2543
162 165
163 2247
164 635
165 1182

