280 58
0 1244
1 1606
2 1912
3 834
4 2795
5 97
6 1795
7 2996
8 236
9 1254
10 1060
11 2471
12 2292
13 1879
14 2789
15 1526
16 2017
17 2327
18 2514
19 1504
20 565
21 419
22 2596
23 1696
24 1336
25 1357
26 2698
27 2433
28 1644
29 2396
30 1903
31 1759
32 2009
33 2085
34 769
35 938
36 2222
37 1107
38 42
39 2656
40 229
41 2999
42 450
43 1613
44 1139
45 618
46 2629
47 437
48 1343
49 995
50 729
51 2599
52 2819
53 755
54 2467
55 2131
56 1941
57 916
58 957
59 307
60 1689
61 882
62 1541
63 784
64 609
65 710
66 2158
67 2749
68 1735
69 1862
70 1440
71 2812
72 2011
73 2942
74 542
75 2144
76 2560
77 2584
78 1023
79 1378
80 1365
81 290
82 1796
83 1142
84 187
85 2075
86 285
87 73
88 1289
89 2035
90 2153
91 2900
92 2919
93 1117
94 56
95 1702
96 1360
97 15
98 450
99 1662
100 1637
101 1362
102 618
103 376
104 2449
105 2973
106 974
107 1692
108 936
109 2598
110 1317
111 818
112 133
113 396
114 812
115 1044
116 493
117 2717
118 1453
119 1733
120 514
121 2250
122 66
123 1163
124 1142
125 1676
126 2306
127 2152
128 2019
129 1167
130 900
131 1441
132 546
133 2449
134 1714
135 2766
136 1449
137 2357
138 2949
139 349
140 2326
141 2290
142 2014
143 1406
144 2022
145 2057
146 1829
147 2608
148 794
149 277
150 357
151 2084
152 2489
153 249
154 1959
155 330
156 371
157 1356
158 2122
159 1069
160 2318
161 745
162 916
163 1707
164 1286
165 615
166 622
167 1467
168 873
169 2858
170 404
171 677
172 1862
173 852
174 1891
175 253
176 2932
177 2878
178 2984
179 283
180 1876
181 694
182 568
183 2521
184 2601
185 2394
186 1144
187 579
188 1845
189 2769
190 2301
191 16
192 1574
193 976
194 119
195 312
196 824
197 544
198 1539
199 2192
200 2386
201 1494
202 880
203 1525
204 1716
205 1013
206 1911
207 2335
208 1746
209 903
210 1019
211 1182
212 2890
213 2073
214 1004
215 941
216 133
217 441
218 1327
219 1421
220 2208
221 1950
222 1513
223 524
224 1393
225 475
226 637
227 2352
228 390
229 1271
230 2299
231 2726
232 971
233 2706
234 1662
235 2768
236 2888
237 900
238 2861
239 298
240 149
241 87
242 1378
243 2903
244 682
245 1853
246 1941
247 2384
248 1990
249 864
250 2064
251 2266
252 1653
253 1638
254 892
255 1703
256 2554
257 757
258 1531
259 2938
260 747
261 2336
262 1293
263 2559
264 1478
265 2567
266 2750
267 1200
268 2065
269 2870
270 2548
271 1984
272 2349
273 664
274 1715
275 187
276 1861
277 2865
278 948
279 35

