205 14
0 416
1 1216
2 440
3 317
4 2810
5 784
6 1234
7 2269
8 2309
9 1294
10 2745
11 2086
12 1524
13 757
14 303
15 1202
16 2465
17 2926
18 1446
19 907
20 2270
21 546
22 2939
23 1302
24 1403
25 1957
26 2072
27 457
28 635
29 1923
30 1464
31 1379
32 2118
33 1301
34 1223
35 2980
36 922
37 1321
38 1094
39 1512
40 674
41 2797
42 235
43 205
44 1795
45 1290
46 336
47 21
48 1463
49 1852
50 1235
51 2076
52 1145
53 399
54 1959
55 179
56 915
57 698
58 453
59 579
60 729
61 1704
62 2118
63 1649
64 2325
65 734
66 1433
67 2826
68 2726
69 961
70 966
71 1228
72 1584
73 101
74 2260
75 1610
76 478
77 316
78 1422
79 264
80 225
81 2892
82 1136
83 486
84 399
85 1050
86 781
87 2109
88 1624
89 1332
90 1049
91 261
92 1139
93 2624
94 2120
95 2142
96 1559
97 2299
98 2849
99 2291
100 2100
101 1658
102 1639
103 2388
104 2965
105 2974
106 1362
107 1129
108 1061
109 6
110 606
111 733
112 847
113 969
114 1200
115 2369
116 2809
117 2231
118 551
119 2306
120 739
121 1455
122 258
123 809
124 1304
125 1159
126 434
127 2998
128 412
129 2256
130 412
131 2224
132 1225
133 1433
134 158
135 1257
136 2495
137 2832
138 2328
139 1943
140 1316
141 1536
142 17
143 2485
144 268
145 1272
146 1436
147 59
148 2005
149 2249
150 2038
151 2218
152 677
153 2259
154 833
155 1687
156 2289
157 1491
158 2346
159 353
160 176
161 32
162 991
163 100
164 991
165 2556
166 2530
167 608
168 362
169 1877
170 266
171 1954
172 1121
173 47
174 192
175 1705
176 1372
177 490
178 628
179 2944
180 1712
181 1857
182 1987
183 2261
184 2847
185 266
186 2833
187 599
188 1688
189 2483
190 1711
191 2442
192 2048
193 2492
194 2443
195 1846
196 1765
197 2239
198 1419
199 2003
200 1154
201 2446
202 1065
203 1713
204 1851

