396 18
0 2628
1 1072
2 2057
3 1873
4 1383
5 432
6 319
7 693
8 1300
9 1754
10 1890
11 2382
12 1502
13 2664
14 2329
15 2532
16 2669
17 1114
18 1392
19 1338
20 613
21 1620
22 1350
23 311
24 863
25 998
26 2269
27 1246
28 2143
29 2740
30 2454
31 1763
32 1683
33 691
34 526
35 2948
36 2145
37 502
38 656
39 1014
40 1671
41 2436
42 832
43 407
44 669
45 2110
46 1054
47 584
48 1546
49 543
50 1144
51 959
52 2290
53 1828
54 1334
55 727
56 1779
57 2867
58 1347
59 390
60 2300
61 978
62 1903
63 2632
64 656
65 1708
66 1793
67 1895
68 2984
69 1936
70 69
71 2267
72 180
73 2461
74 198
75 1875
76 1270
77 1430
78 18
79 2630
80 1417
81 2729
82 2994
83 1212
84 1542
85 1866
86 1615
87 51
88 1208
89 1322
90 2498
91 1454
92 1035
93 171
94 2289
95 2900
96 2768
97 2427
98 2537
99 624
100 2362
101 2602
102 2986
103 1593
104 669
105 2934
106 2573
107 899
108 2392
109 2206
110 1339
111 440
112 141
113 1539
114 1120
115 1393
116 1850
117 1582
118 338
119 1277
120 1434
121 2997
122 993
123 1036
124 2802
125 754
126 1043
127 928
128 666
129 1267
130 2058
131 418
132 467
133 2459
134 2876
135 1740
136 1283
137 159
138 698
139 716
140 2746
141 993
142 2213
143 2482
144 2488
145 1476
146 476
147 345
148 1542
149 533
150 2668
151 679
152 1109
153 2444
154 446
155 2226
156 1584
157 856
158 682
159 1774
160 2221
161 2230
162 2152
163 1776
164 2561
165 2756
166 1142
167 2991
168 995
169 1511
170 867
171 2309
172 1789
173 2243
174 1058
175 2182
176 2511
177 1850
178 2827
179 837
180 1768
181 815
182 132
183 318
184 659
185 1628
186 2839
187 2963
188 2452
189 22
190 264
191 197
192 183
193 2636
194 1691
195 1167
196 1783
197 2287
198 716
199 2196
200 2340
201 1111
202 1018
203 1677
204 1804
205 329
206 2744
207 1003
208 2885
209 1449
210 380
211 2770
212 1908
213 696
214 2239
215 2750
216 2336
217 2850
218 2071
219 1276
220 424
221 282
222 1347
223 38
224 2028
225 1163
226 272
227 109
228 2342
229 257
230 2002
231 816
232 1134
233 2475
234 509
235 1158
236 924
237 473
238 2398
239 377
240 2206
241 1263
242 2264
243 455
244 1270
245 1259
246 137
247 2059
248 2449
249 2120
250 1702
251 361
252 1323
253 954
254 1704
255 2244
256 2210
257 780
258 554
259 2856
260 1837
261 1216
262 1389
263 452
264 2798
265 1725
266 2325
267 760
268 1032
269 93
270 1549
271 1692
272 1826
273 2685
274 2207
275 2790
276 1439
277 2760
278 2883
279 1842
280 2012
281 2178
282 2474
283 1664
284 2632
285 1642
286 1490
287 11
288 2725
289 743
290 1090
291 2354
292 333
293 1355
294 1681
295 1777
296 613
297 1554
298 1118
299 2661
300 1151
301 143
302 2584
303 1742
304 2969
305 2598
306 407
307 2798
308 634
309 1627
310 105
311 1709
312 331
313 808
314 2201
315 1291
316 2768
317 2147
318 101
319 542
320 2830
321 779
322 781
323 74
324 263
325 1336
326 2659
327 375
328 2069
329 2855
330 2744
331 1312
332 253
333 2035
334 722
335 1539
336 510
337 2681
338 1286
339 2188
340 1237
341 569
342 1154
343 746
344 1113
345 1171
346 2325
347 185
348 2858
349 2962
350 1305
351 1997
352 112
353 650
354 2521
355 702
356 2378
357 95
358 2409
359 1737
360 1666
361 756
362 2984
363 2509
364 579
365 2482
366 1992
367 2076
368 41
369 1714
370 2732
371 639
372 2366
373 1694
374 193
375 1235
376 274
377 1279
378 1547
379 138
380 168
381 424
382 418
383 2531
384 2148
385 497
386 2565
387 1449
388 557
389 1235
390 1236
391 2509
392 584
393 1883
394 2776
395 2178

