363 3
0 2635
1 2064
2 2385
3 1620
4 2966
5 332
6 1673
7 175
8 1189
9 903
10 2176
11 2267
12 1334
13 1550
14 1611
15 2905
16 712
17 613
18 1587
19 1228
20 872
21 2358
22 358
23 2335
24 2614
25 1978
26 1540
27 317
28 672
29 883
30 1637
31 2656
32 565
33 1045
34 2504
35 2843
36 2990
37 827
38 2763
39 479
40 2759
41 1247
42 1927
43 2873
44 2441
45 2595
46 1
47 1489
48 1852
49 1293
50 2637
51 995
52 2542
53 636
54 944
55 1188
56 836
57 1752
58 2925
59 1929
60 961
61 1751
62 1702
63 884
64 155
65 552
66 2489
67 1775
68 1104
69 522
70 260
71 735
72 1178
73 1919
74 104
75 838
76 1832
77 1678
78 2208
79 1387
80 661
81 2077
82 1093
83 972
84 2654
85 2211
86 2942
87 2984
88 1227
89 1559
90 2850
91 1495
92 3
93 731
94 999
95 2707
96 2577
97 989
98 2017
99 241
100 2216
101 2257
102 954
103 1757
104 2944
105 492
106 1518
107 1148
108 787
109 1113
110 1074
111 2677
112 2295
113 511
114 2710
115 2905
116 1404
117 1730
118 1994
119 1528
120 34
121 1966
122 1356
123 1324
124 887
125 1147
126 1903
127 2064
128 2898
129 1396
130 625
131 2907
132 778
133 274
134 44
135 679
136 2115
137 76
138 2335
139 509
140 1127
141 647
142 936
143 1633
144 856
145 2407
146 31
147 1227
148 1012
149 2952
150 2518
151 2657
152 179
153 680
154 2105
155 2729
156 137
157 814
158 1000
159 753
160 1109
161 1697
162 2260
163 302
164 2719
165 753
166 1522
167 2779
168 2502
169 1596
170 2617
171 1104
172 833
173 1548
174 2468
175 1485
176 584
177 1110
178 1632
179 1492
180 2990
181 1120
182 2008
183 2666
184 1551
185 790
186 1108
187 2626
188 2738
189 379
190 856
191 708
192 1264
193 776
194 317
195 2787
196 2397
197 2378
198 2298
199 1369
200 2563
201 1542
202 372
203 125
204 469
205 416
206 1087
207 1232
208 1745
209 1984
210 1074
211 2396
212 12
213 1226
214 400
215 2944
216 384
217 735
218 2529
219 1578
220 2629
221 1277
222 600
223 2638
224 516
225 690
226 2782
227 101
228 1876
229 2275
230 771
231 166
232 1753
233 1868
234 2004
235 2242
236 2571
237 758
238 2321
239 2613
240 460
241 96
242 367
243 1194
244 2367
245 2692
246 1592
247 1484
248 1282
249 1286
250 1994
251 175
252 1088
253 1622
254 2519
255 1480
256 1350
257 646
258 411
259 2620
260 737
261 1058
262 1246
263 479
264 2942
265 1279
266 1435
267 391
268 2485
269 21
270 836
271 2928
272 1923
273 235
274 1504
275 991
276 2730
277 2770
278 844
279 271
280 941
281 949
282 2306
283 1840
284 364
285 2643
286 60
287 1532
288 795
289 65
290 807
291 2868
292 1215
293 2655
294 1671
295 405
296 2903
297 2116
298 2155
299 958
300 2731
301 322
302 2943
303 2171
304 487
305 2590
306 1197
307 69
308 187
309 2456
310 165
311 2169
312 494
313 1769
314 1871
315 906
316 593
317 2378
318 2848
319 2520
320 32
321 2902
322 2949
323 1555
324 2792
325 2
326 421
327 2860
328 1800
329 2452
330 1717
331 157
332 2004
333 2891
334 1236
335 2499
336 2982
337 422
338 410
339 1583
340 2219
341 1571
342 2302
343 2183
344 842
345 915
346 1628
347 241
348 1558
349 2772
350 2540
351 67
352 2075
353 75
354 1652
355 1128
356 1455
357 2660
358 268
359 2995
360 2288
361 830
362 700

