124 79
0 2382
1 2095
2 23
3 165
4 2203
5 589
6 2898
7 2948
8 459
9 2989
10 1525
11 2759
12 2183
13 311
14 1775
15 524
16 1782
17 2882
18 1466
19 157
20 2846
21 929
22 2679
23 94
24 1314
25 1150
26 1748
27 2433
28 2845
29 117
30 2559
31 793
32 2339
33 774
34 2679
35 2236
36 26
37 2118
38 679
39 535
40 382
41 808
42 55
43 992
44 2649
45 2582
46 2902
47 1000
48 1098
49 2252
50 332
51 2567
52 114
53 2621
54 1089
55 1458
56 1637
57 2023
58 347
59 2321
60 567
61 248
62 1070
63 364
64 2910
65 1213
66 273
67 2714
68 2602
69 181
70 638
71 328
72 333
73 2371
74 1295
75 1665
76 2251
77 1393
78 2424
79 1294
80 226
81 2571
82 975
83 1993
84 2489
85 71
86 2542
87 1418
88 2252
89 2532
90 2443
91 1003
92 1223
93 1602
94 2043
95 494
96 1536
97 2873
98 1363
99 1063
100 2224
101 924
102 486
103 1664
104 783
105 1528
106 2134
107 2860
108 1055
109 2409
110 237
111 47
112 2457
113 1884
114 1221
115 1789
116 2684
117 2634
118 2841
119 1439
120 2428
121 222
122 1616
123 1204

