889 21
0 1840
1 1279
2 1790
3 1176
4 760
5 1738
6 2573
7 1091
8 686
9 855
10 1171
11 2063
12 42
13 772
14 621
15 451
16 2467
17 477
18 1970
19 213
20 786
21 1596
22 1162
23 1220
24 1977
25 689
26 469
27 1625
28 1925
29 2644
30 1722
31 2431
32 976
33 1265
34 651
35 862
36 345
37 2819
38 156
39 2664
40 776
41 513
42 2753
43 710
44 680
45 2900
46 2679
47 2728
48 2232
49 960
50 73
51 2329
52 805
53 2986
54 360
55 1125
56 952
57 1583
58 2736
59 1480
60 2553
61 2885
62 601
63 1526
64 1057
65 2596
66 1147
67 192
68 449
69 2817
70 1395
71 517
72 129
73 2101
74 645
75 1109
76 1694
77 2836
78 2495
79 2213
80 92
81 2981
82 2912
83 302
84 613
85 1177
86 293
87 2127
88 2109
89 128
90 1005
91 523
92 1474
93 1658
94 1559
95 2356
96 2216
97 2659
98 2260
99 2061
100 2825
101 2747
102 1478
103 249
104 1164
105 1209
106 2288
107 2632
108 2269
109 357
110 2684
111 1791
112 2063
113 2257
114 1530
115 321
116 2080
117 2094
118 1048
119 2433
120 131
121 1133
122 1557
123 1428
124 200
125 764
126 744
127 908
128 95
129 2581
130 2244
131 1564
132 2337
133 1993
134 2907
135 839
136 2866
137 2725
138 1490
139 259
140 2512
141 2305
142 1937
143 210
144 822
145 1466
146 931
147 501
148 462
149 646
150 435
151 211
152 1784
153 489
154 2500
155 259
156 1453
157 939
158 1003
159 1588
160 2209
161 1588
162 1324
163 2541
164 1828
165 140
166 347
167 2552
168 1997
169 582
170 2591
171 254
172 1949
173 105
174 2879
175 461
176 1605
177 1617
178 2208
179 2111
180 337
181 1706
182 1172
183 716
184 2522
185 2963
186 802
187 1698
188 145
189 697
190 2779
191 386
192 2592
193 174
194 1927
195 2408
196 2640
197 1994
198 974
199 1819
200 2462
201 399
202 2029
203 1508
204 142
205 2807
206 578
207 273
208 2362
209 567
210 1276
211 1488
212 257
213 1676
214 853
215 1095
216 975
217 696
218 1164
219 1863
220 2558
221 49
222 666
223 1707
224 352
225 2973
226 863
227 2708
228 2362
229 1271
230 1793
231 1160
232 1603
233 913
234 1945
235 1119
236 2504
237 59
238 681
239 1782
240 2708
241 2745
242 1246
243 2093
244 1514
245 2465
246 2367
247 477
248 1255
249 2559
250 2267
251 1712
252 875
253 943
254 469
255 976
256 1482
257 209
258 2027
259 582
260 96
261 1700
262 2929
263 2527
264 1806
265 363
266 1158
267 219
268 1679
269 1740
270 465
271 1976
272 984
273 1830
274 1125
275 1162
276 1589
277 260
278 1834
279 1714
280 2682
281 331
282 220
283 1255
284 723
285 2106
286 1536
287 603
288 906
289 254
290 962
291 1938
292 1190
293 635
294 816
295 2937
296 1391
297 1466
298 953
299 2038
300 174
301 2913
302 1156
303 1165
304 1088
305 2023
306 2531
307 185
308 1056
309 1780
310 1579
311 1060
312 1381
313 2459
314 2751
315 2326
316 2795
317 457
318 2012
319 772
320 2675
321 2607
322 1694
323 1814
324 2862
325 2587
326 1018
327 741
328 578
329 439
330 2968
331 1062
332 2985
333 95
334 2025
335 2469
336 2761
337 662
338 731
339 1866
340 1909
341 632
342 876
343 831
344 1528
345 2582
346 2547
347 2233
348 712
349 2812
350 2627
351 437
352 1814
353 2268
354 1060
355 724
356 2022
357 480
358 203
359 1335
360 387
361 1642
362 2182
363 400
364 2637
365 1271
366 1411
367 1776
368 2692
369 690
370 373
371 1372
372 2584
373 1067
374 875
375 2479
376 314
377 2074
378 1243
379 1340
380 1844
381 2898
382 2318
383 2755
384 2560
385 334
386 2356
387 2550
388 2871
389 1459
390 741
391 1402
392 660
393 880
394 2536
395 2138
396 672
397 2636
398 2275
399 1217
400 172
401 1232
402 2017
403 354
404 2852
405 961
406 2668
407 1389
408 593
409 2642
410 2126
411 1893
412 805
413 1824
414 1346
415 1841
416 681
417 1016
418 2520
419 1341
420 2033
421 2254
422 2809
423 1112
424 228
425 1708
426 827
427 884
428 794
429 2684
430 296
431 1715
432 2067
433 2909
434 2912
435 1326
436 2999
437 2443
438 1425
439 2304
440 2492
441 2416
442 345
443 936
444 1484
445 2551
446 815
447 1305
448 2842
449 2128
450 2965
451 1676
452 1291
453 1627
454 1513
455 2834
456 672
457 1654
458 1963
459 2733
460 1756
461 999
462 2686
463 1901
464 2676
465 504
466 1158
467 1217
468 1048
469 1568
470 2433
471 2710
472 242
473 2551
474 1732
475 1002
476 1775
477 1662
478 1520
479 2813
480 382
481 2288
482 232
483 1628
484 89
485 1779
486 2039
487 1924
488 1124
489 450
490 123
491 483
492 2791
493 1254
494 717
495 298
496 1849
497 2113
498 985
499 486
500 1115
501 1773
502 1052
503 2110
504 2458
505 280
506 1262
507 888
508 1767
509 2878
510 1148
511 1406
512 1695
513 2742
514 146
515 1183
516 2367
517 351
518 1122
519 581
520 1217
521 488
522 2145
523 1689
524 584
525 1384
526 1504
527 474
528 1434
529 1195
530 6
531 1920
532 2374
533 2910
534 1028
535 2497
536 2085
537 88
538 626
539 2101
540 2140
541 1173
542 1952
543 2485
544 1582
545 1478
546 2899
547 326
548 2181
549 483
550 1573
551 2577
552 1701
553 779
554 1472
555 1210
556 1550
557 264
558 1771
559 2152
560 2808
561 1766
562 1597
563 2524
564 1372
565 1820
566 2786
567 2797
568 2016
569 791
570 2216
571 943
572 1797
573 1933
574 1913
575 1423
576 899
577 1283
578 20
579 1019
580 45
581 113
582 1408
583 1982
584 1513
585 2600
586 1815
587 175
588 2965
589 1808
590 1527
591 21
592 633
593 554
594 1956
595 2627
596 1520
597 864
598 2872
599 37
600 1302
601 2244
602 1550
603 618
604 2839
605 810
606 2202
607 926
608 687
609 1381
610 2579
611 2514
612 1155
613 1742
614 676
615 317
616 1344
617 1837
618 1884
619 1169
620 2453
621 364
622 2839
623 1014
624 2169
625 505
626 2223
627 2718
628 1758
629 2169
630 1385
631 881
632 202
633 2695
634 1494
635 265
636 1455
637 2494
638 2257
639 2479
640 572
641 2453
642 326
643 2191
644 2898
645 2361
646 418
647 186
648 1136
649 72
650 108
651 2281
652 1918
653 1612
654 2365
655 218
656 2917
657 526
658 1835
659 1874
660 1086
661 1653
662 43
663 1689
664 1828
665 2988
666 2953
667 2103
668 666
669 1934
670 992
671 2977
672 226
673 2249
674 814
675 1415
676 51
677 1226
678 193
679 1787
680 1338
681 504
682 1238
683 2365
684 629
685 1732
686 2964
687 2852
688 666
689 1384
690 574
691 248
692 1293
693 1252
694 2299
695 1210
696 2281
697 253
698 1111
699 434
700 2894
701 1492
702 1031
703 1071
704 321
705 438
706 2949
707 2303
708 1644
709 2016
710 175
711 1241
712 267
713 868
714 511
715 154
716 334
717 1297
718 2707
719 1318
720 1543
721 2999
722 2204
723 2577
724 1661
725 777
726 2717
727 1255
728 2896
729 90
730 2284
731 1084
732 2779
733 930
734 971
735 1199
736 2735
737 1732
738 1922
739 1946
740 1732
741 1243
742 199
743 2812
744 2636
745 1758
746 1617
747 1809
748 1146
749 1272
750 806
751 704
752 1707
753 2027
754 1459
755 1559
756 908
757 248
758 531
759 342
760 2122
761 2736
762 2364
763 2782
764 183
765 428
766 1350
767 2523
768 1030
769 1038
770 1565
771 1264
772 2621
773 2402
774 73
775 1984
776 2941
777 1081
778 2231
779 371
780 2614
781 2887
782 2050
783 18
784 604
785 60
786 823
787 1003
788 1499
789 302
790 674
791 1190
792 1537
793 2595
794 364
795 121
796 1180
797 1726
798 999
799 2284
800 1391
801 966
802 1522
803 1841
804 528
805 1519
806 1269
807 1943
808 2000
809 2653
810 1760
811 822
812 2721
813 2753
814 296
815 920
816 2607
817 1853
818 64
819 365
820 2968
821 1663
822 2885
823 2647
824 2073
825 393
826 1637
827 1231
828 229
829 1567
830 858
831 108
832 906
833 1607
834 1005
835 1312
836 747
837 743
838 1866
839 301
840 2693
841 2479
842 951
843 1906
844 1883
845 2903
846 1635
847 1851
848 2072
849 512
850 477
851 281
852 786
853 450
854 2664
855 2373
856 861
857 392
858 2200
859 239
860 1072
861 2534
862 742
863 2223
864 729
865 1873
866 2401
867 1480
868 1139
869 1143
870 2074
871 2107
872 1737
873 2749
874 2124
875 653
876 2496
877 2752
878 1361
879 1589
880 1213
881 358
882 418
883 2792
884 80
885 1488
886 2770
887 561
888 410

