934 20
0 679
1 2449
2 919
3 958
4 918
5 2196
6 2182
7 756
8 65
9 181
10 1413
11 708
12 447
13 1220
14 1363
15 2671
16 146
17 2193
18 553
19 1747
20 218
21 2279
22 1886
23 2182
24 2391
25 2269
26 2496
27 1515
28 178
29 2900
30 2931
31 2302
32 2326
33 1165
34 356
35 384
36 979
37 2334
38 2900
39 2740
40 2723
41 450
42 2872
43 1682
44 397
45 2720
46 1836
47 991
48 118
49 2873
50 2403
51 2059
52 1353
53 558
54 806
55 550
56 1125
57 1320
58 1840
59 1036
60 697
61 570
62 1826
63 894
64 1934
65 2331
66 342
67 2647
68 784
69 1460
70 2497
71 518
72 2361
73 381
74 2829
75 2481
76 660
77 60
78 631
79 2561
80 1058
81 1561
82 1637
83 847
84 2198
85 80
86 2543
87 1026
88 1052
89 463
90 1536
91 1641
92 2141
93 334
94 2469
95 228
96 1133
97 896
98 246
99 144
100 1202
101 2761
102 1054
103 2158
104 1031
105 2793
106 1241
107 281
108 1642
109 150
110 25
111 339
112 2053
113 2152
114 2593
115 1539
116 1406
117 1223
118 2761
119 858
120 2951
121 2880
122 735
123 1491
124 523
125 598
126 1662
127 1643
128 933
129 1773
130 1930
131 196
132 702
133 2643
134 2864
135 226
136 1785
137 1892
138 730
139 1766
140 1581
141 2970
142 1031
143 2006
144 773
145 1727
146 1371
147 881
148 2931
149 119
150 783
151 1902
152 2687
153 92
154 1479
155 541
156 1132
157 2396
158 1862
159 2549
160 287
161 2609
162 458
163 2010
164 1309
165 1956
166 723
167 910
168 601
169 463
170 2155
171 1083
172 1136
173 614
174 2914
175 715
176 1622
177 501
178 299
179 2169
180 660
181 145
182 1068
183 1810
184 88
185 728
186 1184
187 2686
188 745
189 2329
190 1347
191 2702
192 398
193 2731
194 2476
195 710
196 2504
197 2591
198 2840
199 1019
200 2258
201 600
202 676
203 1148
204 346
205 858
206 2409
207 1355
208 1274
209 247
210 878
211 2452
212 1341
213 2156
214 997
215 2607
216 250
217 1412
218 823
219 2569
220 1496
221 332
222 457
223 1934
224 2967
225 1425
226 196
227 1017
228 1539
229 1492
230 1639
231 484
232 1014
233 2439
234 1740
235 1135
236 2251
237 1776
238 2066
239 2563
240 1649
241 2514
242 2409
243 2599
244 1630
245 2302
246 2637
247 1281
248 1106
249 839
250 1516
251 489
252 1207
253 2679
254 1744
255 2339
256 1442
257 699
258 343
259 878
260 1363
261 1790
262 1076
263 574
264 2222
265 499
266 971
267 1838
268 1369
269 169
270 2573
271 1561
272 1751
273 989
274 1479
275 2955
276 2182
277 650
278 947
279 165
280 1329
281 1057
282 2206
283 937
284 331
285 2987
286 2262
287 1889
288 2485
289 2035
290 957
291 2479
292 2435
293 1458
294 44
295 276
296 476
297 719
298 2781
299 1010
300 2452
301 80
302 1023
303 58
304 1143
305 1300
306 2438
307 1096
308 403
309 1253
310 1931
311 1188
312 1431
313 319
314 29
315 820
316 1628
317 774
318 1237
319 1661
320 1702
321 1619
322 248
323 261
324 843
325 582
326 2055
327 2481
328 2735
329 1391
330 1213
331 576
332 1564
333 2454
334 471
335 2050
336 1401
337 231
338 2114
339 2709
340 2187
341 96
342 1786
343 1642
344 2811
345 455
346 2233
347 1438
348 1300
349 1559
350 732
351 1343
352 2537
353 1020
354 1913
355 1286
356 2448
357 917
358 725
359 949
360 13
361 2839
362 2974
363 2777
364 625
365 2046
366 1456
367 679
368 1607
369 2237
370 288
371 1430
372 2371
373 1044
374 730
375 1746
376 1963
377 1155
378 20
379 1701
380 2997
381 2155
382 491
383 1071
384 2060
385 1543
386 1588
387 1397
388 1402
389 766
390 972
391 1701
392 2994
393 2273
394 2404
395 1170
396 1629
397 2063
398 2416
399 2043
400 1583
401 1015
402 1262
403 2403
404 620
405 1315
406 2419
407 2465
408 748
409 711
410 684
411 1049
412 2048
413 1360
414 1276
415 2652
416 638
417 2725
418 607
419 45
420 2099
421 2903
422 1837
423 1578
424 1886
425 14
426 591
427 2500
428 2828
429 1445
430 2297
431 354
432 1431
433 352
434 2529
435 1942
436 789
437 1121
438 1704
439 2917
440 795
441 1294
442 1578
443 2883
444 1749
445 452
446 935
447 2508
448 715
449 795
450 1350
451 1766
452 2861
453 2038
454 2
455 1265
456 375
457 886
458 2792
459 799
460 1901
461 367
462 382
463 711
464 1510
465 1482
466 2444
467 1380
468 712
469 2454
470 658
471 1181
472 2632
473 2669
474 2408
475 1985
476 1144
477 1753
478 801
479 2751
480 908
481 2662
482 1893
483 948
484 588
485 2181
486 2536
487 193
488 2517
489 2494
490 2402
491 254
492 2438
493 2031
494 1523
495 1434
496 1089
497 1837
498 2556
499 2092
500 236
501 2257
502 2044
503 1736
504 279
505 2715
506 169
507 999
508 2379
509 2710
510 1930
511 1475
512 2486
513 2758
514 336
515 546
516 1258
517 1004
518 2450
519 612
520 1958
521 2589
522 2287
523 123
524 2320
525 2617
526 1243
527 1185
528 2076
529 529
530 2441
531 2835
532 762
533 376
534 1172
535 344
536 1983
537 397
538 1483
539 1205
540 203
541 369
542 416
543 2656
544 771
545 918
546 2305
547 2518
548 1832
549 646
550 1949
551 2050
552 2370
553 2026
554 445
555 1924
556 2981
557 667
558 1234
559 1312
560 1661
561 1922
562 1239
563 1196
564 910
565 1234
566 198
567 2842
568 1921
569 2911
570 2063
571 820
572 2847
573 2513
574 1216
575 539
576 1246
577 1157
578 492
579 2012
580 742
581 2090
582 370
583 1263
584 2175
585 1640
586 309
587 617
588 2143
589 1815
590 2601
591 2814
592 487
593 654
594 2585
595 955
596 2151
597 357
598 1920
599 1299
600 482
601 2568
602 2006
603 304
604 886
605 2319
606 2324
607 663
608 1014
609 443
610 937
611 1363
612 1488
613 2596
614 1302
615 2077
616 1235
617 2596
618 1881
619 286
620 441
621 440
622 838
623 222
624 2661
625 1660
626 415
627 2099
628 827
629 655
630 2680
631 418
632 279
633 2266
634 940
635 916
636 2931
637 526
638 1133
639 615
640 486
641 1571
642 84
643 1553
644 2124
645 223
646 448
647 998
648 2542
649 724
650 791
651 2650
652 1863
653 2950
654 2617
655 1366
656 726
657 251
658 952
659 1992
660 361
661 500
662 1703
663 81
664 1592
665 1385
666 761
667 2701
668 2055
669 862
670 2550
671 124
672 2266
673 2203
674 2447
675 1609
676 2019
677 1691
678 1298
679 915
680 591
681 2151
682 2553
683 846
684 2147
685 89
686 1304
687 38
688 2624
689 1933
690 105
691 1137
692 1952
693 2633
694 126
695 1691
696 450
697 194
698 517
699 330
700 1669
701 1304
702 682
703 729
704 78
705 2817
706 418
707 2245
708 2071
709 324
710 2582
711 458
712 889
713 179
714 1430
715 2389
716 1848
717 716
718 2021
719 966
720 1278
721 52
722 407
723 655
724 2618
725 826
726 2635
727 989
728 2820
729 1653
730 2207
731 2623
732 1337
733 621
734 1276
735 505
736 1358
737 209
738 226
739 2113
740 1825
741 240
742 2515
743 609
744 579
745 2977
746 1046
747 1182
748 2181
749 1588
750 2034
751 2685
752 1809
753 2652
754 2315
755 681
756 2080
757 270
758 2971
759 1464
760 979
761 501
762 1100
763 2972
764 938
765 1400
766 487
767 332
768 1110
769 2640
770 1734
771 1600
772 2635
773 1994
774 1750
775 2840
776 1204
777 1732
778 192
779 1626
780 1589
781 1426
782 74
783 179
784 1517
785 2355
786 2136
787 1631
788 2082
789 1921
790 1120
791 1997
792 2158
793 1877
794 1095
795 2240
796 2052
797 1497
798 2041
799 1257
800 275
801 857
802 1699
803 2107
804 831
805 2756
806 2338
807 1147
808 1653
809 2193
810 543
811 2090
812 2121
813 2973
814 225
815 1566
816 712
817 2888
818 1526
819 412
820 1452
821 1865
822 2370
823 2513
824 2925
825 912
826 2278
827 725
828 2340
829 2345
830 1601
831 2856
832 2892
833 517
834 1134
835 2789
836 2646
837 117
838 721
839 2624
840 2150
841 1587
842 928
843 193
844 231
845 2505
846 1841
847 2667
848 1081
849 129
850 1319
851 2525
852 1219
853 2789
854 1444
855 2531
856 2237
857 1090
858 2039
859 1168
860 626
861 166
862 1984
863 468
864 1127
865 2766
866 1982
867 28
868 1634
869 1298
870 2145
871 626
872 1841
873 1377
874 1306
875 2500
876 1972
877 2101
878 1945
879 1328
880 1325
881 743
882 2226
883 1120
884 1416
885 1196
886 2660
887 1711
888 2540
889 2936
890 2320
891 1387
892 2405
893 1721
894 844
895 1843
896 2395
897 2273
898 1614
899 2324
900 1454
901 1161
902 352
903 708
904 2555
905 1119
906 1043
907 2099
908 393
909 2430
910 1368
911 247
912 1220
913 1749
914 123
915 1501
916 2678
917 924
918 1974
919 2258
920 769
921 1697
922 153
923 1053
924 1662
925 487
926 704
927 1235
928 778
929 1988
930 2084
931 1367
932 2616
933 2099

