123 83
0 486
1 998
2 567
3 553
4 71
5 2737
6 2918
7 1473
8 2211
9 2507
10 1970
11 483
12 1139
13 2414
14 2516
15 1661
16 2216
17 1132
18 585
19 2664
20 633
21 237
22 2385
23 23
24 1205
25 2831
26 710
27 487
28 1518
29 111
30 2901
31 2950
32 1957
33 2962
34 1426
35 574
36 2430
37 1345
38 2526
39 2537
40 1450
41 1710
42 2928
43 597
44 274
45 2382
46 1589
47 194
48 1050
49 563
50 436
51 1951
52 42
53 1123
54 76
55 301
56 1280
57 2862
58 1521
59 534
60 1581
61 1124
62 2724
63 2413
64 1976
65 984
66 280
67 2240
68 2630
69 1861
70 404
71 1674
72 897
73 1140
74 1121
75 38
76 1598
77 2959
78 1408
79 1396
80 392
81 2929
82 1535
83 1553
84 423
85 911
86 483
87 2079
88 333
89 2583
90 136
91 1622
92 2691
93 1059
94 2814
95 426
96 1933
97 2744
98 257
99 2531
100 1581
101 2706
102 1837
103 633
104 1388
105 1903
106 537
107 677
108 495
109 2131
110 1435
111 1845
112 1997
113 881
114 2183
115 560
116 49
117 1003
118 1274
119 1807
120 255
121 808
122 2217

