366 64
0 1630
1 942
2 908
3 388
4 80
5 591
6 1763
7 50
8 1401
9 1446
10 1568
11 176
12 2959
13 400
14 707
15 825
16 2981
17 2096
18 1422
19 1306
20 939
21 595
22 2117
23 2734
24 387
25 2864
26 1175
27 2347
28 2483
29 2807
30 2667
31 780
32 374
33 2685
34 461
35 1578
36 2074
37 1418
38 1203
39 415
40 159
41 1928
42 2949
43 1435
44 1207
45 1378
46 369
47 1953
48 71
49 398
50 2253
51 1457
52 2431
53 2987
54 2400
55 1155
56 1309
57 1943
58 896
59 2655
60 621
61 255
62 1249
63 846
64 1524
65 2740
66 2947
67 2365
68 798
69 1333
70 216
71 110
72 25
73 345
74 1865
75 233
76 620
77 876
78 922
79 2174
80 672
81 600
82 2770
83 2056
84 1972
85 268
86 459
87 1130
88 565
89 2842
90 2569
91 2212
92 2364
93 1251
94 1868
95 2878
96 2969
97 963
98 340
99 778
100 424
101 1062
102 1238
103 251
104 1370
105 65
106 256
107 2245
108 2791
109 1131
110 770
111 337
112 92
113 1432
114 572
115 2660
116 718
117 400
118 473
119 2373
120 62
121 2293
122 1335
123 2459
124 30
125 1458
126 2412
127 2145
128 1275
129 481
130 857
131 1343
132 2876
133 1248
134 2754
135 1647
136 19
137 1574
138 1306
139 236
140 2856
141 222
142 1728
143 732
144 840
145 2670
146 578
147 2504
148 248
149 367
150 2826
151 2596
152 65
153 2591
154 2645
155 2191
156 1477
157 2752
158 1744
159 2036
160 535
161 813
162 1585
163 929
164 2496
165 2647
166 1747
167 786
168 2176
169 2711
170 1115
171 761
172 2183
173 2471
174 1109
175 1457
176 492
177 429
178 368
179 2924
180 2962
181 866
182 1591
183 2959
184 1504
185 310
186 2347
187 1880
188 2286
189 1626
190 2685
191 1402
192 899
193 1300
194 199
195 2083
196 2447
197 360
198 1717
199 761
200 1027
201 1652
202 43
203 2503
204 348
205 801
206 197
207 2234
208 2900
209 2037
210 12
211 793
212 1310
213 74
214 756
215 158
216 1381
217 2829
218 2705
219 2134
220 2718
221 1486
222 2795
223 1946
224 341
225 1173
226 1508
227 220
228 547
229 1552
230 150
231 2395
232 116
233 787
234 1317
235 2999
236 2416
237 913
238 2654
239 923
240 206
241 750
242 1960
243 2069
244 2926
245 2303
246 663
247 2738
248 1639
249 2726
250 1510
251 1395
252 84
253 1854
254 314
255 2901
256 953
257 1
258 916
259 116
260 2585
261 927
262 1510
263 405
264 9
265 370
266 1308
267 2769
268 2546
269 1505
270 2600
271 1191
272 923
273 2464
274 390
275 2695
276 1213
277 2314
278 87
279 882
280 2708
281 2616
282 2523
283 63
284 2875
285 2361
286 2434
287 225
288 2578
289 1662
290 1622
291 2929
292 2414
293 2511
294 2405
295 2564
296 266
297 10
298 125
299 1320
300 1563
301 2797
302 977
303 2525
304 1340
305 2996
306 439
307 2065
308 2202
309 1906
310 1642
311 1981
312 2795
313 1577
314 1381
315 1505
316 801
317 1634
318 1648
319 387
320 1168
321 2868
322 648
323 1077
324 2609
325 1001
326 332
327 2205
328 938
329 1115
330 1970
331 2069
332 1406
333 2374
334 384
335 1805
336 2367
337 771
338 567
339 1577
340 1749
341 1892
342 1794
343 1478
344 1591
345 1395
346 2229
347 300
348 1129
349 773
350 1506
351 847
352 1573
353 819
354 1618
355 1786
356 2270
357 150
358 1507
359 186
360 1964
361 1427
362 1582
363 1298
364 139
365 2603

