825 55
0 497
1 1007
2 141
3 1111
4 1380
5 2645
6 1648
7 992
8 555
9 1478
10 1028
11 2797
12 1706
13 1844
14 296
15 545
16 415
17 854
18 2618
19 2014
20 1543
21 1860
22 2220
23 1810
24 372
25 2137
26 504
27 1968
28 1437
29 915
30 1738
31 1554
32 2723
33 684
34 1548
35 2066
36 2002
37 1142
38 1817
39 2590
40 2290
41 1462
42 638
43 992
44 2709
45 1618
46 1550
47 1278
48 2732
49 789
50 2504
51 1629
52 1862
53 1442
54 2292
55 2682
56 2015
57 316
58 2589
59 2586
60 1885
61 979
62 1555
63 1545
64 655
65 2436
66 225
67 2151
68 228
69 1433
70 1421
71 715
72 1753
73 583
74 2743
75 1610
76 602
77 1992
78 2430
79 1433
80 2999
81 56
82 1433
83 2520
84 2102
85 1347
86 1989
87 330
88 2945
89 1157
90 1710
91 1607
92 1916
93 1798
94 2454
95 1537
96 2166
97 2171
98 2859
99 2400
100 2031
101 1850
102 573
103 1960
104 1901
105 328
106 1206
107 643
108 1547
109 2079
110 739
111 1301
112 1479
113 1104
114 1486
115 330
116 791
117 1930
118 165
119 673
120 2496
121 805
122 85
123 387
124 1458
125 837
126 2801
127 167
128 1532
129 2782
130 2860
131 1512
132 844
133 735
134 197
135 1147
136 1794
137 2956
138 2991
139 1428
140 1637
141 52
142 1012
143 2719
144 1620
145 2430
146 2605
147 493
148 1699
149 1923
150 1025
151 2927
152 1153
153 124
154 1019
155 1696
156 1961
157 2972
158 389
159 2218
160 440
161 1936
162 1947
163 98
164 1584
165 131
166 2112
167 1135
168 2711
169 1568
170 1614
171 2732
172 555
173 497
174 1823
175 433
176 1982
177 2078
178 2940
179 153
180 2414
181 1465
182 2698
183 2664
184 423
185 2352
186 2850
187 1023
188 1956
189 599
190 85
191 1702
192 2278
193 96
194 1048
195 1824
196 1228
197 2604
198 1251
199 1658
200 1542
201 2716
202 132
203 1218
204 1021
205 516
206 10
207 77
208 579
209 328
210 1898
211 1286
212 1750
213 1553
214 1174
215 1494
216 1295
217 2220
218 756
219 1510
220 1982
221 2775
222 626
223 760
224 1920
225 2700
226 1386
227 30
228 1430
229 162
230 1819
231 411
232 2433
233 2654
234 28
235 2135
236 413
237 768
238 2065
239 105
240 2317
241 1846
242 607
243 226
244 2925
245 1282
246 1205
247 636
248 1670
249 2251
250 511
251 1809
252 429
253 2981
254 527
255 174
256 1433
257 1695
258 850
259 1737
260 932
261 1691
262 2301
263 2638
264 1894
265 2087
266 2382
267 2979
268 2100
269 27
270 2925
271 2873
272 1847
273 2496
274 2259
275 2788
276 343
277 2975
278 2697
279 1744
280 2417
281 2462
282 1078
283 650
284 1568
285 1957
286 27
287 2118
288 467
289 1716
290 1641
291 2276
292 2413
293 2149
294 2583
295 96
296 2038
297 1545
298 2991
299 2297
300 218
301 442
302 2390
303 1749
304 1107
305 2869
306 1979
307 1024
308 783
309 1936
310 1096
311 1969
312 733
313 1751
314 890
315 487
316 1315
317 56
318 1598
319 2162
320 2727
321 1482
322 2912
323 2027
324 2227
325 2998
326 918
327 1474
328 2557
329 1996
330 891
331 2547
332 1506
333 1197
334 308
335 2698
336 47
337 2410
338 2421
339 1063
340 1026
341 1733
342 1616
343 2737
344 1703
345 1432
346 1436
347 1778
348 1669
349 314
350 2199
351 2958
352 690
353 1787
354 880
355 1519
356 2905
357 946
358 162
359 2853
360 2312
361 2672
362 24
363 1531
364 2505
365 2750
366 1353
367 1656
368 2172
369 1351
370 318
371 490
372 1594
373 985
374 1708
375 386
376 111
377 771
378 2067
379 739
380 2896
381 1294
382 2186
383 549
384 2698
385 551
386 2312
387 2293
388 1033
389 956
390 1167
391 921
392 895
393 2322
394 681
395 1842
396 1785
397 2232
398 619
399 748
400 2605
401 1613
402 1451
403 219
404 861
405 2824
406 2831
407 656
408 2772
409 1673
410 1170
411 2904
412 2661
413 685
414 1283
415 2950
416 271
417 1555
418 2384
419 189
420 147
421 1344
422 2010
423 2916
424 2357
425 1338
426 1903
427 2629
428 1856
429 1733
430 2768
431 273
432 2678
433 58
434 847
435 594
436 45
437 1487
438 1636
439 1914
440 427
441 1986
442 1533
443 2846
444 1643
445 2513
446 1629
447 2324
448 2409
449 2959
450 1416
451 1288
452 2683
453 1214
454 2146
455 556
456 1824
457 2225
458 2812
459 1029
460 2872
461 1954
462 2651
463 126
464 363
465 2045
466 1948
467 2543
468 2394
469 556
470 139
471 691
472 1420
473 2735
474 843
475 239
476 2185
477 2824
478 566
479 1806
480 1169
481 1304
482 719
483 2613
484 1028
485 2438
486 2292
487 2060
488 2659
489 1252
490 71
491 1144
492 1375
493 816
494 1336
495 2153
496 2699
497 1530
498 963
499 1672
500 2166
501 788
502 1184
503 2019
504 1753
505 1083
506 305
507 20
508 1787
509 2012
510 791
511 1924
512 1600
513 39
514 1792
515 856
516 49
517 1779
518 2172
519 38
520 1710
521 470
522 1788
523 896
524 460
525 2728
526 2564
527 1386
528 1433
529 100
530 1947
531 171
532 2816
533 209
534 1686
535 402
536 1412
537 1167
538 2651
539 2988
540 1504
541 2304
542 2987
543 309
544 2800
545 1883
546 1155
547 1137
548 1281
549 2316
550 310
551 2116
552 2130
553 2568
554 502
555 9
556 2298
557 1843
558 2093
559 1858
560 1943
561 462
562 2197
563 710
564 1112
565 1965
566 145
567 68
568 2552
569 1791
570 1540
571 742
572 226
573 1256
574 2191
575 2773
576 1418
577 1710
578 2071
579 2177
580 1781
581 1145
582 833
583 676
584 1867
585 2998
586 672
587 2316
588 2121
589 1186
590 2668
591 2694
592 554
593 95
594 1486
595 694
596 2297
597 2247
598 1275
599 1683
600 1214
601 2173
602 892
603 1943
604 1764
605 2330
606 671
607 2813
608 2088
609 844
610 2952
611 81
612 1322
613 21
614 1494
615 1722
616 197
617 2697
618 1919
619 247
620 2823
621 2845
622 1777
623 1316
624 2341
625 1444
626 2764
627 143
628 315
629 727
630 1218
631 1294
632 2159
633 93
634 312
635 522
636 2041
637 2788
638 1376
639 2423
640 2705
641 2398
642 557
643 445
644 374
645 1878
646 952
647 431
648 1684
649 2838
650 1238
651 1741
652 888
653 2993
654 1936
655 2203
656 1948
657 2760
658 1562
659 1262
660 2478
661 345
662 2783
663 657
664 1456
665 2919
666 148
667 2902
668 2860
669 922
670 2434
671 2970
672 984
673 33
674 1031
675 2921
676 1687
677 1589
678 1979
679 1958
680 2186
681 293
682 2797
683 2748
684 116
685 1263
686 116
687 700
688 1850
689 1506
690 1363
691 179
692 1240
693 2765
694 1982
695 1135
696 1755
697 756
698 314
699 2358
700 1489
701 2217
702 587
703 2337
704 2305
705 1532
706 1934
707 2880
708 1062
709 645
710 83
711 2605
712 2387
713 1193
714 1549
715 1790
716 1397
717 869
718 258
719 317
720 1844
721 624
722 2843
723 1970
724 2769
725 2963
726 447
727 816
728 43
729 360
730 2291
731 1199
732 2375
733 949
734 481
735 1048
736 1488
737 1038
738 1831
739 388
740 303
741 2862
742 2971
743 1663
744 2954
745 86
746 1087
747 1058
748 1305
749 905
750 2054
751 2937
752 2022
753 2690
754 2637
755 267
756 2851
757 1057
758 1390
759 778
760 1083
761 1588
762 1292
763 2360
764 2827
765 2345
766 2267
767 2978
768 1859
769 628
770 1154
771 1150
772 1844
773 2479
774 1604
775 1590
776 2336
777 1806
778 2473
779 546
780 936
781 2499
782 1940
783 688
784 1764
785 1006
786 1050
787 361
788 2760
789 1449
790 1412
791 649
792 189
793 2641
794 2576
795 1977
796 927
797 2323
798 2206
799 364
800 28
801 350
802 1155
803 304
804 1848
805 2482
806 1415
807 1808
808 2329
809 1480
810 629
811 2446
812 1336
813 1009
814 2887
815 1007
816 2055
817 1364
818 1379
819 2837
820 1764
821 88
822 2675
823 1977
824 2863

