101 76
0 2498
1 874
2 1780
3 2136
4 1515
5 2969
6 2641
7 1404
8 636
9 2618
10 503
11 256
12 1482
13 1383
14 2107
15 642
16 1835
17 2610
18 2399
19 1359
20 2555
21 1240
22 1099
23 2213
24 1891
25 2305
26 2855
27 0
28 1287
29 1531
30 516
31 72
32 2607
33 1071
34 2025
35 2722
36 81
37 677
38 1750
39 2832
40 1866
41 1417
42 2684
43 935
44 2913
45 1016
46 904
47 1651
48 2131
49 1654
50 1246
51 2908
52 2112
53 541
54 125
55 2586
56 870
57 716
58 963
59 623
60 2576
61 1785
62 2626
63 2090
64 2132
65 1247
66 588
67 707
68 2965
69 1560
70 613
71 262
72 2257
73 421
74 315
75 918
76 2146
77 2254
78 1938
79 72
80 912
81 2556
82 2065
83 1275
84 445
85 1
86 1300
87 1949
88 1203
89 619
90 686
91 1721
92 2767
93 576
94 1049
95 586
96 405
97 568
98 2230
99 18
100 1879

