370 72
0 2174
1 1503
2 2266
3 600
4 222
5 1818
6 2279
7 2131
8 2362
9 1056
10 669
11 207
12 45
13 67
14 159
15 1358
16 2514
17 1501
18 2130
19 1093
20 2925
21 1075
22 1070
23 126
24 2407
25 2845
26 1808
27 2178
28 1132
29 581
30 914
31 2548
32 2059
33 2358
34 1945
35 651
36 1859
37 781
38 2344
39 1471
40 2536
41 2888
42 1983
43 1892
44 1925
45 760
46 2349
47 2426
48 1922
49 719
50 38
51 90
52 2861
53 971
54 60
55 1230
56 434
57 220
58 1394
59 1934
60 1022
61 1898
62 1738
63 617
64 2328
65 468
66 1992
67 2896
68 1898
69 2431
70 676
71 419
72 718
73 173
74 314
75 1905
76 487
77 2404
78 68
79 2599
80 2393
81 2845
82 2709
83 423
84 2878
85 579
86 1673
87 2838
88 567
89 908
90 2872
91 2407
92 1912
93 1726
94 1467
95 2612
96 1745
97 2840
98 1122
99 310
100 2986
101 2416
102 2760
103 2886
104 551
105 2628
106 108
107 152
108 2282
109 233
110 773
111 2998
112 1417
113 964
114 1762
115 1835
116 1075
117 1028
118 2704
119 2911
120 2967
121 1016
122 1647
123 24
124 2485
125 415
126 1224
127 207
128 1738
129 2714
130 1931
131 2673
132 316
133 1247
134 1070
135 2181
136 1982
137 611
138 2256
139 776
140 1363
141 1665
142 1812
143 1593
144 2764
145 2103
146 1179
147 2001
148 2677
149 2117
150 307
151 1866
152 2592
153 2778
154 2884
155 281
156 2216
157 335
158 2669
159 2151
160 746
161 1389
162 2464
163 2507
164 2022
165 2041
166 2670
167 1353
168 1127
169 240
170 1100
171 1302
172 141
173 1276
174 112
175 1445
176 514
177 2592
178 1512
179 1493
180 2177
181 712
182 2623
183 2764
184 1148
185 2446
186 327
187 430
188 2534
189 2086
190 2715
191 1331
192 1011
193 387
194 1184
195 2866
196 2509
197 2181
198 2336
199 2593
200 2989
201 2354
202 520
203 2180
204 2339
205 408
206 2665
207 1165
208 2092
209 2448
210 642
211 994
212 88
213 998
214 2660
215 1714
216 768
217 2812
218 433
219 1565
220 2058
221 2748
222 1947
223 1015
224 1598
225 547
226 435
227 510
228 794
229 2617
230 273
231 1822
232 290
233 85
234 723
235 636
236 2839
237 62
238 1058
239 1601
240 538
241 844
242 142
243 966
244 258
245 1153
246 707
247 392
248 1047
249 1604
250 2908
251 477
252 1652
253 2938
254 1415
255 811
256 339
257 790
258 2583
259 2495
260 2089
261 2777
262 2584
263 2476
264 2424
265 896
266 1705
267 1135
268 1526
269 1884
270 2288
271 1165
272 1140
273 1649
274 1921
275 1777
276 2154
277 812
278 2385
279 2578
280 910
281 2627
282 517
283 1314
284 2034
285 981
286 2522
287 2996
288 611
289 2060
290 58
291 1754
292 1798
293 2189
294 1583
295 23
296 815
297 214
298 1512
299 77
300 2611
301 2528
302 1039
303 1118
304 23
305 2330
306 935
307 1626
308 2984
309 2165
310 894
311 1747
312 2344
313 439
314 630
315 611
316 2520
317 1450
318 2908
319 1353
320 908
321 1691
322 525
323 1942
324 528
325 2623
326 1301
327 2792
328 1578
329 2305
330 1623
331 2765
332 2467
333 2098
334 1242
335 975
336 1459
337 2089
338 874
339 1758
340 2547
341 1131
342 922
343 1441
344 681
345 2949
346 1757
347 1249
348 630
349 2147
350 1324
351 494
352 442
353 300
354 2618
355 1354
356 2361
357 1482
358 22
359 1120
360 216
361 965
362 1333
363 648
364 926
365 1656
366 1583
367 1548
368 648
369 1434

