906 5
0 392
1 2003
2 2327
3 1657
4 1295
5 2338
6 2703
7 597
8 2470
9 2041
10 2887
11 1754
12 938
13 268
14 2936
15 2323
16 2234
17 2437
18 2189
19 2202
20 940
21 1724
22 2340
23 676
24 2935
25 1554
26 1953
27 364
28 591
29 2217
30 329
31 629
32 2178
33 928
34 2268
35 570
36 849
37 2168
38 853
39 303
40 2157
41 953
42 2048
43 2450
44 2786
45 571
46 953
47 828
48 1728
49 1674
50 1722
51 1260
52 1232
53 1115
54 2049
55 2531
56 2472
57 2003
58 2016
59 2111
60 1240
61 2520
62 1108
63 400
64 2199
65 1183
66 2822
67 2125
68 379
69 1808
70 1522
71 1726
72 1117
73 1902
74 1961
75 1995
76 1585
77 2290
78 1009
79 172
80 1176
81 903
82 2667
83 2797
84 363
85 2468
86 1339
87 1708
88 1971
89 2641
90 2051
91 1264
92 2501
93 1474
94 265
95 656
96 2660
97 2664
98 2101
99 2951
100 2615
101 1823
102 754
103 1585
104 2946
105 700
106 743
107 1228
108 840
109 2137
110 435
111 490
112 2136
113 2612
114 530
115 360
116 515
117 154
118 850
119 339
120 1552
121 1437
122 545
123 1294
124 2628
125 2324
126 2011
127 2847
128 1870
129 1792
130 2853
131 1549
132 605
133 599
134 485
135 622
136 1205
137 1415
138 143
139 319
140 1017
141 2291
142 2529
143 862
144 349
145 2645
146 2178
147 1236
148 88
149 1821
150 1265
151 318
152 100
153 2683
154 602
155 1943
156 1743
157 348
158 1890
159 2739
160 353
161 2020
162 561
163 1773
164 1321
165 2171
166 494
167 1306
168 2425
169 395
170 1307
171 2455
172 2891
173 2475
174 2358
175 2791
176 2700
177 2784
178 2006
179 2317
180 2801
181 392
182 917
183 237
184 406
185 1659
186 745
187 1867
188 2270
189 1872
190 1807
191 2891
192 1013
193 1013
194 2185
195 370
196 776
197 583
198 174
199 2869
200 12
201 583
202 117
203 1724
204 2520
205 1527
206 82
207 971
208 2682
209 1991
210 2483
211 2142
212 2012
213 1062
214 362
215 47
216 2741
217 847
218 957
219 925
220 887
221 214
222 2194
223 2244
224 2984
225 489
226 743
227 2155
228 1610
229 2502
230 1363
231 2942
232 1221
233 2838
234 2881
235 2339
236 68
237 278
238 1705
239 2314
240 437
241 54
242 295
243 2278
244 683
245 1729
246 176
247 2749
248 771
249 2584
250 548
251 293
252 2266
253 913
254 960
255 468
256 2999
257 135
258 578
259 774
260 2794
261 267
262 2176
263 2525
264 609
265 1038
266 2587
267 2179
268 774
269 2980
270 2187
271 1180
272 2515
273 1867
274 2863
275 2412
276 2647
277 953
278 1825
279 420
280 869
281 2744
282 2989
283 251
284 452
285 349
286 1035
287 1198
288 2794
289 522
290 2336
291 338
292 176
293 1831
294 829
295 61
296 1047
297 716
298 2141
299 2140
300 2400
301 595
302 716
303 599
304 1084
305 1127
306 1850
307 1267
308 215
309 626
310 1524
311 16
312 2311
313 245
314 2455
315 357
316 1639
317 1092
318 1123
319 186
320 1812
321 182
322 1458
323 2121
324 1366
325 1645
326 1511
327 758
328 2445
329 1051
330 1208
331 2324
332 2272
333 25
334 1527
335 1177
336 345
337 369
338 779
339 2698
340 684
341 687
342 889
343 2573
344 1405
345 1465
346 1914
347 2499
348 904
349 2163
350 255
351 1465
352 580
353 774
354 2244
355 1355
356 638
357 38
358 1215
359 2247
360 991
361 1420
362 1731
363 2936
364 725
365 1977
366 1688
367 1660
368 68
369 1029
370 944
371 1726
372 1450
373 1944
374 455
375 1076
376 2746
377 483
378 2776
379 2510
380 344
381 348
382 2568
383 330
384 1420
385 1176
386 565
387 2263
388 2442
389 1035
390 704
391 1257
392 2360
393 2450
394 2705
395 2623
396 1752
397 349
398 2017
399 1601
400 2386
401 1090
402 1258
403 1097
404 1038
405 660
406 1679
407 810
408 207
409 1504
410 2790
411 1818
412 59
413 2851
414 1008
415 563
416 2515
417 687
418 2142
419 1270
420 2886
421 2277
422 160
423 1034
424 990
425 1469
426 560
427 304
428 268
429 706
430 2664
431 1489
432 1650
433 2783
434 2918
435 869
436 1074
437 2090
438 600
439 2982
440 765
441 2451
442 919
443 1276
444 2792
445 875
446 1842
447 1254
448 220
449 662
450 1592
451 2943
452 55
453 2032
454 268
455 1999
456 1597
457 2176
458 1437
459 2108
460 572
461 2127
462 1816
463 32
464 2303
465 1264
466 763
467 2524
468 773
469 935
470 798
471 1869
472 2366
473 759
474 850
475 1502
476 2718
477 2246
478 1285
479 2773
480 409
481 1228
482 443
483 1656
484 2766
485 2373
486 1895
487 2577
488 697
489 641
490 2974
491 85
492 205
493 2625
494 525
495 326
496 616
497 1589
498 224
499 2476
500 2441
501 2231
502 2213
503 735
504 2515
505 2772
506 1775
507 2785
508 1665
509 705
510 1193
511 985
512 1410
513 2869
514 2951
515 2124
516 741
517 1984
518 2435
519 2469
520 344
521 1511
522 1684
523 2377
524 1329
525 2207
526 2095
527 1989
528 1197
529 1472
530 2285
531 1109
532 522
533 1354
534 2374
535 1687
536 2260
537 2897
538 2097
539 808
540 1411
541 776
542 1102
543 580
544 1348
545 701
546 1153
547 539
548 2258
549 78
550 518
551 134
552 2084
553 2582
554 758
555 2384
556 1350
557 220
558 2680
559 2876
560 1772
561 2938
562 2885
563 677
564 2783
565 1382
566 1978
567 1129
568 2180
569 58
570 1469
571 2686
572 888
573 1998
574 1030
575 1582
576 1082
577 2985
578 576
579 394
580 1137
581 1721
582 2699
583 1895
584 281
585 1242
586 2692
587 1615
588 2657
589 2391
590 369
591 342
592 1539
593 1921
594 428
595 1792
596 1695
597 2202
598 280
599 2854
600 2512
601 2005
602 1011
603 2242
604 38
605 2648
606 458
607 2862
608 1266
609 2666
610 494
611 2566
612 823
613 1379
614 2098
615 2975
616 2666
617 2767
618 1616
619 2077
620 2031
621 1536
622 572
623 713
624 551
625 2365
626 2877
627 941
628 1164
629 2618
630 1606
631 1522
632 2704
633 476
634 1740
635 155
636 1742
637 768
638 1972
639 698
640 272
641 540
642 328
643 814
644 71
645 454
646 794
647 2683
648 2216
649 2078
650 698
651 1127
652 1260
653 2643
654 2572
655 603
656 2907
657 401
658 1833
659 1664
660 1656
661 2767
662 2007
663 2333
664 2697
665 1292
666 2906
667 1187
668 1112
669 225
670 1200
671 2771
672 948
673 1676
674 1386
675 2270
676 1202
677 2299
678 2093
679 418
680 1914
681 1897
682 1264
683 2557
684 1492
685 2276
686 2485
687 2652
688 1412
689 328
690 1273
691 253
692 2143
693 1087
694 15
695 526
696 1681
697 771
698 1971
699 269
700 1306
701 208
702 1714
703 1697
704 16
705 2794
706 1995
707 1589
708 158
709 589
710 933
711 280
712 2537
713 1918
714 1251
715 223
716 148
717 2260
718 2402
719 1006
720 1658
721 803
722 937
723 527
724 1292
725 1260
726 2134
727 561
728 651
729 2213
730 1738
731 2130
732 1873
733 2440
734 1756
735 2208
736 2781
737 2414
738 1801
739 1698
740 670
741 1069
742 1543
743 2309
744 2
745 963
746 2685
747 1872
748 867
749 1819
750 948
751 1900
752 2011
753 1471
754 944
755 2402
756 398
757 2816
758 801
759 1962
760 2653
761 2415
762 823
763 2290
764 413
765 1169
766 1869
767 265
768 161
769 1391
770 882
771 47
772 131
773 2960
774 2357
775 2250
776 1167
777 1833
778 2419
779 2040
780 2475
781 1011
782 833
783 2994
784 1393
785 2356
786 1809
787 1755
788 2519
789 609
790 1157
791 944
792 1126
793 2497
794 1547
795 1396
796 8
797 484
798 1943
799 2401
800 2541
801 2258
802 2168
803 1195
804 1230
805 2679
806 1255
807 1000
808 2077
809 381
810 2482
811 1846
812 438
813 859
814 7
815 1926
816 531
817 1514
818 161
819 701
820 1932
821 2011
822 1140
823 45
824 2878
825 242
826 1548
827 1676
828 2710
829 303
830 100
831 1347
832 751
833 2827
834 2841
835 2017
836 615
837 1338
838 2509
839 2492
840 21
841 938
842 1800
843 2584
844 1125
845 868
846 1387
847 1550
848 1088
849 1826
850 980
851 1799
852 1238
853 2121
854 159
855 271
856 2090
857 1294
858 2497
859 1416
860 243
861 2300
862 2532
863 751
864 2727
865 871
866 1026
867 2596
868 1732
869 2208
870 960
871 935
872 2972
873 1359
874 1213
875 1325
876 1327
877 373
878 266
879 2094
880 2165
881 2593
882 1665
883 319
884 1794
885 2645
886 2880
887 1351
888 873
889 518
890 555
891 78
892 1628
893 1161
894 2940
895 2445
896 1230
897 2521
898 2228
899 2441
900 2052
901 500
902 288
903 1076
904 1556
905 1405

