475 72
0 61
1 1833
2 1245
3 1600
4 2790
5 1783
6 997
7 1731
8 2515
9 0
10 197
11 2918
12 1504
13 1740
14 1513
15 324
16 621
17 2779
18 2955
19 285
20 1404
21 1785
22 2885
23 2937
24 2301
25 280
26 2393
27 879
28 2143
29 425
30 971
31 281
32 2659
33 1968
34 2374
35 655
36 941
37 276
38 2192
39 1662
40 661
41 164
42 826
43 85
44 542
45 1806
46 2907
47 1954
48 1570
49 552
50 1106
51 963
52 500
53 2115
54 2641
55 1210
56 133
57 1476
58 2751
59 2635
60 176
61 1992
62 957
63 310
64 32
65 2805
66 431
67 530
68 844
69 1008
70 1427
71 1598
72 572
73 304
74 2013
75 2065
76 2057
77 1357
78 748
79 845
80 2441
81 286
82 2034
83 2572
84 2186
85 942
86 1610
87 307
88 2943
89 1805
90 851
91 2701
92 2965
93 1208
94 505
95 517
96 1218
97 1240
98 1540
99 1503
100 1326
101 2731
102 2256
103 986
104 288
105 1290
106 1829
107 1477
108 1424
109 2020
110 927
111 2678
112 825
113 1926
114 1046
115 983
116 2754
117 181
118 855
119 2810
120 2514
121 2657
122 505
123 2147
124 588
125 309
126 2003
127 2236
128 1280
129 734
130 918
131 2503
132 613
133 710
134 552
135 1201
136 1995
137 499
138 441
139 1463
140 2957
141 2732
142 1713
143 1338
144 150
145 1723
146 688
147 2182
148 778
149 267
150 2566
151 1704
152 2801
153 2962
154 417
155 2820
156 203
157 779
158 1569
159 2294
160 1043
161 158
162 2771
163 2982
164 836
165 1656
166 2289
167 2636
168 1082
169 1977
170 1369
171 2384
172 1378
173 1111
174 1184
175 2658
176 1011
177 16
178 1688
179 785
180 2883
181 2346
182 1785
183 1017
184 1732
185 1002
186 2191
187 2958
188 1694
189 1165
190 766
191 1861
192 2731
193 1481
194 1117
195 2626
196 1147
197 1009
198 1747
199 214
200 1211
201 2800
202 317
203 1506
204 2200
205 425
206 1190
207 1405
208 353
209 1362
210 131
211 1654
212 1931
213 1814
214 125
215 583
216 1153
217 2703
218 2677
219 2439
220 479
221 2963
222 1226
223 92
224 653
225 2938
226 1827
227 361
228 1741
229 347
230 2553
231 714
232 2785
233 2583
234 1082
235 318
236 364
237 2463
238 2292
239 1842
240 276
241 1733
242 2305
243 431
244 2201
245 277
246 1372
247 25
248 1844
249 270
250 1923
251 98
252 10
253 2085
254 1807
255 1327
256 1701
257 71
258 2871
259 2084
260 2889
261 2812
262 2675
263 304
264 1578
265 1309
266 2039
267 955
268 2642
269 873
270 1300
271 2829
272 2201
273 1099
274 940
275 276
276 1492
277 2726
278 2654
279 2442
280 2372
281 349
282 1850
283 145
284 494
285 738
286 1073
287 2272
288 2323
289 2657
290 472
291 355
292 1860
293 1637
294 950
295 1047
296 557
297 1108
298 2734
299 2636
300 1392
301 836
302 1392
303 307
304 1683
305 1711
306 2158
307 2183
308 2290
309 154
310 801
311 1543
312 1910
313 2304
314 2228
315 1161
316 1020
317 823
318 1049
319 2281
320 1677
321 2456
322 1654
323 1992
324 1990
325 789
326 428
327 17
328 2090
329 1024
330 2635
331 829
332 272
333 849
334 1274
335 2624
336 2504
337 2907
338 4
339 2394
340 1138
341 2972
342 1931
343 1335
344 1236
345 2953
346 87
347 690
348 2958
349 2235
350 1315
351 2796
352 138
353 826
354 2462
355 1792
356 1100
357 1110
358 1173
359 790
360 2304
361 1697
362 1530
363 909
364 1707
365 1206
366 223
367 2942
368 548
369 2945
370 397
371 1332
372 1267
373 2698
374 2155
375 2685
376 2747
377 1511
378 2559
379 2439
380 162
381 1516
382 567
383 1589
384 2649
385 853
386 827
387 999
388 1219
389 1284
390 2247
391 517
392 1409
393 1733
394 7
395 2036
396 816
397 2500
398 1743
399 2807
400 1522
401 2056
402 180
403 2335
404 1079
405 857
406 784
407 1210
408 268
409 569
410 1620
411 2164
412 663
413 366
414 1724
415 1529
416 2318
417 1377
418 1441
419 2972
420 1842
421 1083
422 2424
423 1504
424 1107
425 2087
426 2948
427 2041
428 2993
429 33
430 579
431 991
432 324
433 1594
434 119
435 774
436 1900
437 2455
438 1114
439 919
440 2820
441 3000
442 2501
443 86
444 1800
445 2238
446 2412
447 1689
448 2820
449 2083
450 1566
451 894
452 2879
453 124
454 2916
455 6
456 2080
457 1081
458 2491
459 774
460 861
461 40
462 2272
463 1366
464 1527
465 2272
466 1852
467 2136
468 668
469 1375
470 2893
471 39
472 2891
473 1730
474 1171

