823 40
0 742
1 2840
2 371
3 1898
4 631
5 394
6 2016
7 1113
8 2916
9 1736
10 1947
11 2426
12 2223
13 1919
14 1453
15 2877
16 2809
17 2203
18 1187
19 2593
20 207
21 270
22 89
23 2677
24 97
25 94
26 1243
27 1756
28 1347
29 2234
30 2753
31 1104
32 592
33 1864
34 2788
35 2449
36 1704
37 391
38 679
39 2668
40 2398
41 1487
42 1998
43 1070
44 271
45 1123
46 1654
47 1152
48 319
49 213
50 2765
51 492
52 2866
53 712
54 2552
55 2045
56 2765
57 1179
58 1298
59 2706
60 380
61 570
62 2540
63 508
64 2130
65 338
66 1998
67 1724
68 1887
69 67
70 2278
71 2740
72 1765
73 726
74 212
75 154
76 258
77 719
78 1338
79 636
80 2968
81 890
82 1159
83 1845
84 1312
85 2876
86 1695
87 1214
88 2977
89 2080
90 2542
91 2864
92 1174
93 1996
94 2659
95 1082
96 1389
97 1894
98 283
99 1172
100 2832
101 1071
102 53
103 2861
104 2819
105 1392
106 2330
107 1470
108 1667
109 965
110 382
111 407
112 2987
113 766
114 2630
115 1931
116 2612
117 1803
118 881
119 1308
120 2784
121 2037
122 2055
123 1355
124 1350
125 699
126 1753
127 713
128 1129
129 2955
130 2086
131 1589
132 1215
133 2658
134 1149
135 958
136 914
137 2142
138 1901
139 953
140 1007
141 1077
142 2741
143 1201
144 2790
145 2687
146 2346
147 2963
148 1589
149 2445
150 725
151 2544
152 1346
153 574
154 2192
155 2544
156 539
157 2003
158 2132
159 968
160 1980
161 105
162 1318
163 1656
164 1660
165 252
166 2568
167 1202
168 1363
169 1838
170 193
171 2957
172 2449
173 12
174 855
175 60
176 2132
177 632
178 2292
179 2552
180 55
181 2123
182 1543
183 459
184 710
185 2749
186 868
187 1177
188 2500
189 681
190 2991
191 2814
192 2116
193 2419
194 1026
195 1165
196 2189
197 2015
198 1758
199 153
200 433
201 1785
202 2069
203 1370
204 1410
205 1921
206 1450
207 326
208 221
209 1475
210 821
211 301
212 2029
213 182
214 504
215 2969
216 1148
217 1046
218 1595
219 2615
220 954
221 37
222 784
223 1692
224 105
225 1258
226 1765
227 1535
228 2055
229 1153
230 2748
231 2400
232 949
233 1600
234 2545
235 68
236 870
237 547
238 2151
239 1996
240 2895
241 2551
242 1097
243 602
244 958
245 2805
246 1655
247 767
248 1269
249 1708
250 1443
251 1253
252 954
253 946
254 1745
255 653
256 300
257 1392
258 1936
259 1035
260 1901
261 501
262 306
263 1487
264 685
265 2146
266 1209
267 2606
268 931
269 1263
270 835
271 2453
272 949
273 867
274 2078
275 910
276 2453
277 2246
278 1568
279 902
280 1429
281 597
282 1178
283 1350
284 2431
285 627
286 2975
287 1919
288 1041
289 919
290 148
291 402
292 2497
293 1130
294 1552
295 2236
296 2501
297 1601
298 57
299 968
300 1224
301 2641
302 2135
303 4
304 1274
305 516
306 2353
307 2905
308 2240
309 2413
310 1823
311 1654
312 2454
313 1242
314 558
315 2947
316 901
317 365
318 1302
319 2671
320 904
321 644
322 2595
323 1550
324 913
325 2034
326 813
327 11
328 2396
329 1552
330 1093
331 2287
332 2087
333 1768
334 705
335 1676
336 1330
337 2833
338 2687
339 55
340 861
341 1231
342 2451
343 1279
344 465
345 2826
346 861
347 525
348 1830
349 1733
350 145
351 2601
352 826
353 877
354 1181
355 511
356 2313
357 1647
358 2368
359 2764
360 1436
361 539
362 887
363 57
364 419
365 2384
366 2908
367 1335
368 1797
369 747
370 10
371 2851
372 2588
373 1846
374 2299
375 514
376 361
377 1818
378 564
379 436
380 1087
381 204
382 463
383 1155
384 1565
385 537
386 1830
387 2429
388 1870
389 1502
390 782
391 762
392 2209
393 733
394 2093
395 2879
396 2088
397 2116
398 344
399 2031
400 1128
401 552
402 2822
403 2199
404 1383
405 1159
406 1141
407 1715
408 1763
409 704
410 326
411 1696
412 770
413 1345
414 1080
415 215
416 650
417 1153
418 994
419 2654
420 2942
421 286
422 348
423 1161
424 354
425 2400
426 2393
427 2538
428 2033
429 1338
430 99
431 1515
432 2316
433 2055
434 1549
435 1655
436 697
437 1499
438 971
439 563
440 2768
441 778
442 568
443 2719
444 918
445 2473
446 1414
447 1095
448 1577
449 1647
450 2676
451 1943
452 2863
453 2282
454 290
455 1714
456 743
457 2110
458 816
459 1187
460 1678
461 1199
462 445
463 1962
464 342
465 513
466 2823
467 1310
468 951
469 1372
470 2731
471 1200
472 114
473 2278
474 514
475 2623
476 1706
477 618
478 1596
479 261
480 1948
481 952
482 1440
483 1522
484 1657
485 335
486 2130
487 428
488 2263
489 2809
490 272
491 1378
492 1722
493 1792
494 1104
495 469
496 1916
497 308
498 1391
499 2942
500 125
501 1704
502 384
503 362
504 2224
505 1901
506 456
507 2542
508 1961
509 80
510 1173
511 2509
512 1799
513 662
514 1163
515 2291
516 2554
517 1341
518 555
519 585
520 2511
521 2312
522 2399
523 1767
524 1241
525 472
526 858
527 2730
528 1109
529 454
530 2417
531 246
532 917
533 192
534 2355
535 1087
536 2954
537 2668
538 927
539 239
540 760
541 1447
542 41
543 1750
544 639
545 2529
546 2266
547 2591
548 271
549 2865
550 971
551 2353
552 1194
553 2848
554 2048
555 2695
556 2847
557 1010
558 1957
559 842
560 2063
561 1492
562 2493
563 1336
564 1464
565 1669
566 2544
567 621
568 2556
569 2065
570 1309
571 2010
572 11
573 1274
574 2179
575 1074
576 1810
577 1463
578 1466
579 2180
580 29
581 1766
582 989
583 104
584 1852
585 686
586 1996
587 2628
588 43
589 1697
590 2904
591 520
592 608
593 2875
594 1891
595 2160
596 1318
597 85
598 674
599 713
600 2570
601 1352
602 1084
603 2411
604 385
605 2870
606 1052
607 2830
608 2667
609 2890
610 2241
611 911
612 929
613 92
614 2541
615 2641
616 1355
617 2794
618 545
619 957
620 2054
621 1240
622 1955
623 1583
624 754
625 459
626 52
627 350
628 1514
629 2415
630 2751
631 2504
632 1770
633 1786
634 260
635 1554
636 483
637 896
638 1676
639 728
640 930
641 2905
642 304
643 2011
644 1624
645 1571
646 1300
647 493
648 1527
649 2782
650 1604
651 679
652 718
653 2880
654 1382
655 2005
656 1086
657 25
658 2362
659 1406
660 1270
661 1302
662 2877
663 1047
664 103
665 2093
666 2843
667 1150
668 737
669 1650
670 2068
671 755
672 1128
673 216
674 1345
675 2750
676 767
677 133
678 1510
679 888
680 1187
681 1878
682 1057
683 1443
684 1877
685 549
686 81
687 2148
688 937
689 2455
690 2112
691 872
692 962
693 1685
694 1343
695 994
696 64
697 2683
698 2435
699 2326
700 1813
701 1530
702 2077
703 1009
704 645
705 1712
706 874
707 1499
708 437
709 2226
710 862
711 1932
712 2200
713 2757
714 272
715 536
716 261
717 2018
718 2797
719 574
720 7
721 1102
722 2018
723 818
724 1387
725 2827
726 1508
727 2088
728 2675
729 785
730 216
731 872
732 1917
733 2481
734 2268
735 1256
736 191
737 2991
738 1688
739 1433
740 242
741 2589
742 1971
743 1768
744 436
745 455
746 1904
747 941
748 564
749 2595
750 2780
751 2272
752 1063
753 879
754 465
755 1247
756 179
757 1421
758 2550
759 1824
760 908
761 1406
762 1744
763 203
764 2729
765 106
766 682
767 2769
768 448
769 1255
770 719
771 2541
772 1696
773 276
774 1031
775 1448
776 2437
777 1428
778 2569
779 1596
780 206
781 1
782 631
783 2762
784 81
785 2430
786 759
787 2090
788 251
789 2152
790 1565
791 2707
792 1753
793 1408
794 2626
795 2821
796 240
797 1379
798 1055
799 2191
800 1348
801 918
802 2304
803 1271
804 474
805 342
806 1392
807 1217
808 2325
809 1838
810 1725
811 2620
812 2218
813 835
814 1751
815 1777
816 1248
817 81
818 2646
819 915
820 1705
821 676
822 2726

