197 53
0 526
1 231
2 172
3 2429
4 1971
5 157
6 1950
7 306
8 1671
9 748
10 0
11 1858
12 2205
13 2215
14 2271
15 17
16 836
17 747
18 2641
19 319
20 1398
21 831
22 1004
23 830
24 1339
25 2726
26 2460
27 1248
28 186
29 1745
30 1273
31 1939
32 1260
33 2735
34 327
35 44
36 914
37 1563
38 547
39 1442
40 2107
41 545
42 1275
43 2421
44 2658
45 844
46 2378
47 176
48 1975
49 2079
50 2738
51 268
52 1223
53 2181
54 771
55 1680
56 2240
57 2554
58 531
59 2479
60 2013
61 2819
62 2998
63 73
64 1687
65 580
66 699
67 1853
68 1575
69 2139
70 1870
71 1743
72 848
73 291
74 2181
75 2247
76 580
77 1965
78 2627
79 514
80 1488
81 692
82 1185
83 2545
84 1888
85 2904
86 68
87 1371
88 1750
89 657
90 46
91 1443
92 2513
93 1645
94 2923
95 1937
96 512
97 2733
98 1692
99 296
100 373
101 1698
102 2980
103 2397
104 1628
105 1461
106 2301
107 2297
108 1028
109 181
110 2482
111 2829
112 2414
113 1281
114 1679
115 2536
116 2170
117 1157
118 2652
119 226
120 2760
121 1065
122 2295
123 874
124 2382
125 2172
126 1677
127 973
128 176
129 2868
130 1160
131 949
132 1236
133 858
134 1015
135 2608
136 514
137 1403
138 1582
139 2041
140 1604
141 2125
142 2059
143 848
144 181
145 136
146 2870
147 2195
148 267
149 1355
150 1200
151 2029
152 2539
153 2065
154 1903
155 711
156 2111
157 2957
158 495
159 1873
160 1630
161 2479
162 1934
163 220
164 2458
165 2739
166 1580
167 1506
168 1938
169 405
170 1771
171 1318
172 920
173 1430
174 535
175 1575
176 2137
177 1433
178 1375
179 1619
180 2368
181 1110
182 1846
183 2204
184 1646
185 1378
186 837
187 1487
188 1860
189 1557
190 1272
191 178
192 1261
193 1579
194 500
195 1223
196 2452

