554 23
0 1868
1 1538
2 987
3 1846
4 814
5 574
6 2014
7 1262
8 1499
9 1331
10 2558
11 2620
12 976
13 1335
14 97
15 211
16 2328
17 1655
18 2484
19 538
20 471
21 701
22 1963
23 872
24 814
25 1873
26 2093
27 2608
28 1287
29 2430
30 2018
31 492
32 2209
33 2331
34 1585
35 2267
36 893
37 2700
38 1799
39 2271
40 2608
41 489
42 1326
43 2064
44 1541
45 2503
46 2342
47 1420
48 2682
49 276
50 887
51 2664
52 2293
53 1268
54 1823
55 838
56 815
57 1399
58 1388
59 924
60 2190
61 610
62 1436
63 707
64 1543
65 732
66 772
67 2605
68 758
69 2755
70 2858
71 2057
72 862
73 37
74 2614
75 2198
76 559
77 880
78 2703
79 2713
80 2841
81 1228
82 2404
83 2108
84 2
85 1880
86 275
87 1802
88 2464
89 2889
90 655
91 554
92 2584
93 2832
94 74
95 698
96 2082
97 573
98 1105
99 1773
100 79
101 2798
102 2188
103 2403
104 883
105 2149
106 2094
107 10
108 2835
109 1755
110 1261
111 1341
112 2576
113 2501
114 396
115 2648
116 1564
117 1786
118 1767
119 1123
120 301
121 613
122 2036
123 480
124 600
125 1832
126 2836
127 771
128 1227
129 1093
130 1279
131 2425
132 2585
133 2874
134 1620
135 1462
136 426
137 2436
138 897
139 2187
140 2355
141 2103
142 2515
143 2670
144 2920
145 1400
146 2697
147 1683
148 948
149 562
150 2429
151 2033
152 0
153 152
154 910
155 1187
156 508
157 199
158 2386
159 422
160 1241
161 2868
162 890
163 288
164 1277
165 1146
166 1905
167 1354
168 2422
169 56
170 2088
171 2482
172 1927
173 1266
174 450
175 773
176 227
177 1562
178 1667
179 1388
180 777
181 2407
182 465
183 911
184 1695
185 2493
186 374
187 2759
188 1095
189 1333
190 2745
191 2198
192 402
193 2307
194 1962
195 2
196 2905
197 2669
198 2214
199 1307
200 1745
201 2695
202 1894
203 409
204 412
205 2947
206 2570
207 1531
208 1766
209 1613
210 1246
211 49
212 2120
213 2032
214 1171
215 596
216 587
217 2395
218 2911
219 1119
220 2422
221 1130
222 1134
223 1271
224 2829
225 1800
226 1019
227 691
228 108
229 1853
230 2519
231 249
232 653
233 2548
234 2550
235 1289
236 791
237 1658
238 585
239 507
240 2452
241 41
242 2860
243 1825
244 105
245 2458
246 581
247 2285
248 1284
249 1164
250 2892
251 956
252 1318
253 175
254 841
255 1320
256 2862
257 534
258 214
259 1804
260 2354
261 385
262 2118
263 1172
264 213
265 2549
266 1395
267 2959
268 2524
269 2702
270 1362
271 798
272 367
273 868
274 2659
275 1391
276 1707
277 1742
278 90
279 510
280 497
281 129
282 2210
283 2147
284 2328
285 2905
286 855
287 229
288 900
289 196
290 2621
291 1614
292 709
293 2067
294 2398
295 2416
296 1296
297 2589
298 2561
299 2008
300 2291
301 775
302 2151
303 1686
304 49
305 1059
306 521
307 2872
308 2855
309 1021
310 2465
311 1877
312 2506
313 979
314 2153
315 2915
316 1840
317 713
318 2771
319 125
320 1263
321 293
322 2989
323 2951
324 482
325 1434
326 2889
327 1974
328 1542
329 1425
330 96
331 2790
332 1539
333 2405
334 908
335 1438
336 1838
337 2167
338 2463
339 814
340 2796
341 2215
342 2179
343 2952
344 535
345 191
346 2152
347 2026
348 2432
349 822
350 2180
351 671
352 2086
353 1957
354 2584
355 1414
356 2371
357 2010
358 1648
359 2339
360 1334
361 2437
362 1000
363 266
364 1144
365 828
366 1953
367 1491
368 1851
369 526
370 2750
371 1429
372 223
373 1317
374 2210
375 1239
376 2615
377 1812
378 811
379 1637
380 353
381 1938
382 1031
383 193
384 2608
385 774
386 210
387 1241
388 2035
389 379
390 764
391 947
392 1951
393 871
394 71
395 1227
396 2392
397 2474
398 734
399 960
400 762
401 2917
402 1193
403 2596
404 1594
405 2160
406 1758
407 626
408 1860
409 1953
410 2897
411 1695
412 1748
413 2434
414 767
415 979
416 2674
417 2938
418 2012
419 2167
420 2383
421 2271
422 1333
423 2764
424 1719
425 2144
426 2030
427 2404
428 243
429 1346
430 108
431 175
432 1128
433 2696
434 2998
435 184
436 1979
437 1119
438 1086
439 2982
440 1944
441 2886
442 280
443 2279
444 960
445 1356
446 1526
447 1988
448 2794
449 1498
450 1656
451 528
452 821
453 940
454 610
455 478
456 184
457 917
458 968
459 1574
460 4
461 1279
462 2710
463 1997
464 335
465 1430
466 1324
467 2368
468 685
469 128
470 993
471 1529
472 1020
473 1549
474 2653
475 1625
476 2003
477 1988
478 1357
479 1751
480 2826
481 2063
482 400
483 2533
484 851
485 142
486 2070
487 382
488 130
489 851
490 1428
491 1312
492 357
493 2727
494 2992
495 2771
496 2617
497 1114
498 2842
499 267
500 2734
501 2814
502 2190
503 286
504 2742
505 1101
506 1161
507 2874
508 1510
509 2040
510 2111
511 1798
512 2615
513 1812
514 1346
515 340
516 1853
517 794
518 2931
519 1466
520 1670
521 301
522 240
523 2982
524 1650
525 110
526 2302
527 1228
528 2122
529 2041
530 2320
531 482
532 807
533 385
534 1961
535 1910
536 1134
537 2704
538 1443
539 1160
540 2896
541 1869
542 522
543 1349
544 792
545 208
546 428
547 867
548 331
549 1300
550 1323
551 370
552 147
553 2708

