967 59
0 906
1 2174
2 1300
3 860
4 2645
5 2925
6 1706
7 833
8 632
9 2700
10 889
11 174
12 2904
13 2297
14 4
15 2323
16 2626
17 1545
18 256
19 259
20 2606
21 1094
22 2148
23 2978
24 426
25 703
26 2959
27 2751
28 1466
29 353
30 598
31 1923
32 2204
33 1967
34 2159
35 1631
36 2224
37 114
38 1190
39 2087
40 1338
41 2503
42 2526
43 468
44 2012
45 932
46 1786
47 703
48 1215
49 1339
50 1526
51 2629
52 826
53 472
54 991
55 2648
56 1541
57 159
58 1464
59 2564
60 1469
61 2765
62 1130
63 1976
64 1913
65 88
66 1501
67 2800
68 2472
69 722
70 586
71 2286
72 1708
73 707
74 1011
75 967
76 1897
77 1133
78 1470
79 898
80 1552
81 554
82 2307
83 2019
84 2803
85 382
86 833
87 2795
88 1808
89 2020
90 1336
91 2617
92 1599
93 1753
94 2308
95 2340
96 2898
97 19
98 1933
99 2227
100 1652
101 1257
102 1787
103 1026
104 2749
105 1867
106 1609
107 2895
108 1281
109 1215
110 2138
111 1298
112 1486
113 2746
114 1696
115 937
116 854
117 1428
118 2313
119 2517
120 1089
121 53
122 2497
123 1381
124 214
125 1941
126 1275
127 2094
128 1313
129 1017
130 2767
131 805
132 2027
133 589
134 986
135 683
136 87
137 999
138 1846
139 1281
140 937
141 721
142 945
143 2557
144 2001
145 255
146 240
147 318
148 1952
149 868
150 1652
151 2331
152 2690
153 215
154 1121
155 2738
156 1069
157 1247
158 1796
159 2699
160 1845
161 1801
162 1454
163 361
164 2825
165 8
166 1950
167 163
168 2276
169 777
170 1693
171 873
172 1226
173 2090
174 82
175 1455
176 2611
177 1627
178 1197
179 89
180 2979
181 1015
182 282
183 1754
184 1982
185 1810
186 901
187 1650
188 2812
189 2852
190 1810
191 2957
192 359
193 1110
194 669
195 747
196 1302
197 1965
198 1844
199 584
200 2399
201 1182
202 1553
203 1824
204 2446
205 2506
206 2223
207 120
208 1173
209 2656
210 1471
211 2856
212 758
213 2730
214 141
215 1181
216 1992
217 2990
218 376
219 1192
220 536
221 1926
222 1294
223 2048
224 1171
225 2390
226 1329
227 639
228 981
229 1724
230 2215
231 417
232 667
233 2618
234 1039
235 405
236 1130
237 1185
238 2270
239 1682
240 2369
241 2067
242 1549
243 1255
244 466
245 1189
246 1406
247 867
248 2011
249 1314
250 2005
251 2424
252 568
253 1842
254 830
255 369
256 1930
257 1588
258 2333
259 904
260 603
261 1874
262 1215
263 2038
264 2824
265 1909
266 1749
267 204
268 1072
269 2633
270 667
271 240
272 584
273 1995
274 1493
275 1895
276 1802
277 2535
278 1973
279 423
280 1042
281 2861
282 2740
283 1611
284 242
285 1035
286 1547
287 722
288 1741
289 646
290 120
291 2346
292 2328
293 1737
294 2571
295 1498
296 2288
297 3000
298 787
299 589
300 488
301 1400
302 538
303 24
304 2120
305 988
306 2572
307 2829
308 1631
309 852
310 727
311 1384
312 501
313 2428
314 2834
315 771
316 57
317 2109
318 2597
319 855
320 2292
321 90
322 1305
323 2696
324 1693
325 891
326 2100
327 1630
328 1333
329 571
330 2385
331 1024
332 2108
333 2160
334 2152
335 2802
336 638
337 590
338 926
339 985
340 1100
341 1246
342 1201
343 1512
344 2308
345 295
346 1560
347 217
348 1205
349 1615
350 2774
351 1274
352 1531
353 2572
354 2984
355 2790
356 2744
357 368
358 693
359 476
360 1596
361 2920
362 2324
363 1968
364 1994
365 1093
366 1384
367 822
368 883
369 469
370 1609
371 1318
372 2303
373 1447
374 644
375 1766
376 2973
377 1619
378 771
379 2571
380 148
381 20
382 1996
383 1086
384 2420
385 2205
386 1147
387 1621
388 822
389 930
390 2026
391 1097
392 76
393 1288
394 2399
395 2500
396 2135
397 2323
398 288
399 1709
400 1772
401 652
402 766
403 2377
404 2139
405 1337
406 2108
407 1456
408 1827
409 62
410 2349
411 756
412 34
413 596
414 588
415 652
416 58
417 41
418 848
419 1434
420 1404
421 5
422 2081
423 310
424 2319
425 2766
426 2786
427 1936
428 1361
429 1547
430 434
431 2643
432 1985
433 2909
434 2598
435 2337
436 91
437 1489
438 24
439 2828
440 1369
441 2561
442 2564
443 2474
444 303
445 1767
446 2165
447 532
448 2809
449 2181
450 2095
451 2522
452 783
453 856
454 57
455 796
456 2678
457 2473
458 2822
459 299
460 1438
461 800
462 71
463 25
464 1318
465 1602
466 2486
467 196
468 2369
469 1960
470 1995
471 1803
472 2947
473 1687
474 1083
475 725
476 353
477 191
478 2265
479 2036
480 2044
481 2083
482 86
483 2783
484 1175
485 2788
486 2807
487 2556
488 1283
489 252
490 1035
491 1296
492 1471
493 387
494 2913
495 2143
496 1985
497 2936
498 259
499 2098
500 2002
501 350
502 1076
503 914
504 1096
505 2680
506 724
507 2771
508 395
509 1835
510 986
511 536
512 2461
513 2735
514 2679
515 2959
516 706
517 683
518 2452
519 2741
520 146
521 2574
522 624
523 1235
524 252
525 813
526 487
527 1938
528 367
529 1631
530 2606
531 2597
532 519
533 1882
534 1860
535 1676
536 436
537 1843
538 791
539 1666
540 2224
541 280
542 2666
543 2251
544 2392
545 1753
546 1473
547 1612
548 497
549 1417
550 2906
551 2629
552 440
553 1462
554 392
555 829
556 1555
557 133
558 2388
559 1918
560 1074
561 1703
562 791
563 2452
564 2969
565 654
566 1141
567 570
568 1923
569 594
570 72
571 2247
572 2089
573 1421
574 462
575 2977
576 1198
577 2403
578 1123
579 2791
580 653
581 628
582 802
583 2653
584 1108
585 2847
586 2527
587 2087
588 1259
589 903
590 2936
591 2500
592 658
593 712
594 1390
595 2316
596 1081
597 2109
598 1261
599 1977
600 2129
601 2686
602 2196
603 440
604 1649
605 2766
606 2030
607 649
608 369
609 1751
610 971
611 2181
612 2109
613 809
614 576
615 1737
616 2898
617 1767
618 1724
619 2577
620 2952
621 790
622 1611
623 723
624 1664
625 957
626 511
627 2901
628 2636
629 2227
630 357
631 1514
632 2059
633 2373
634 786
635 540
636 224
637 2129
638 599
639 1574
640 65
641 396
642 2815
643 545
644 2778
645 550
646 938
647 1482
648 440
649 2290
650 1012
651 255
652 1771
653 1194
654 698
655 560
656 1791
657 554
658 527
659 2449
660 1348
661 2101
662 2848
663 499
664 1770
665 960
666 1825
667 1208
668 446
669 2430
670 1464
671 1161
672 1911
673 2060
674 222
675 1974
676 116
677 2479
678 2771
679 2043
680 341
681 1418
682 2708
683 2856
684 2200
685 465
686 970
687 1932
688 849
689 2866
690 2786
691 2541
692 1984
693 2201
694 2986
695 805
696 820
697 2818
698 1978
699 54
700 1111
701 1860
702 922
703 1507
704 2901
705 2376
706 907
707 1172
708 556
709 1135
710 1656
711 917
712 1414
713 694
714 2546
715 1909
716 1871
717 1695
718 61
719 2587
720 1379
721 2327
722 2869
723 2445
724 1945
725 347
726 1901
727 1827
728 1055
729 2
730 21
731 2625
732 1831
733 1362
734 1638
735 2094
736 898
737 403
738 2294
739 2951
740 387
741 1784
742 620
743 877
744 1364
745 2215
746 1247
747 2328
748 2495
749 1076
750 596
751 2176
752 2714
753 2529
754 1716
755 997
756 601
757 219
758 2565
759 857
760 2376
761 1210
762 1628
763 1548
764 2979
765 1081
766 1780
767 603
768 2675
769 2816
770 521
771 2114
772 2269
773 1091
774 1070
775 2303
776 750
777 1224
778 988
779 21
780 2157
781 1701
782 1921
783 2741
784 1198
785 2335
786 623
787 1027
788 2377
789 1171
790 2746
791 1587
792 764
793 1045
794 1121
795 2353
796 13
797 91
798 497
799 2310
800 1392
801 10
802 18
803 1063
804 2387
805 1746
806 720
807 1996
808 2146
809 1445
810 2332
811 422
812 473
813 2285
814 2831
815 722
816 1353
817 461
818 1007
819 1744
820 2753
821 1265
822 2925
823 541
824 2460
825 788
826 2937
827 1271
828 2454
829 2697
830 2633
831 1172
832 126
833 696
834 693
835 2825
836 595
837 2283
838 2296
839 1074
840 2316
841 2876
842 1279
843 1976
844 2463
845 1582
846 1870
847 1299
848 122
849 2765
850 2543
851 1005
852 2095
853 318
854 886
855 2416
856 1213
857 320
858 857
859 2032
860 550
861 2731
862 42
863 232
864 2854
865 1056
866 1317
867 2133
868 2426
869 2293
870 1413
871 1684
872 1541
873 2071
874 111
875 1106
876 2466
877 1825
878 882
879 1233
880 1987
881 227
882 1011
883 2908
884 381
885 2606
886 1379
887 2905
888 1003
889 1023
890 1625
891 1023
892 1859
893 883
894 2420
895 1253
896 2988
897 207
898 1794
899 2320
900 2342
901 265
902 168
903 2834
904 759
905 1095
906 1013
907 1346
908 2556
909 664
910 2989
911 2336
912 461
913 636
914 2573
915 191
916 1283
917 582
918 1720
919 123
920 1371
921 2229
922 2727
923 333
924 1671
925 247
926 642
927 32
928 2361
929 447
930 2738
931 1091
932 2770
933 1268
934 2092
935 15
936 2742
937 2013
938 2362
939 2031
940 1567
941 138
942 1022
943 2548
944 1835
945 2363
946 2809
947 733
948 2005
949 1991
950 2057
951 1527
952 2783
953 570
954 395
955 2697
956 1917
957 1311
958 2376
959 1406
960 894
961 2565
962 356
963 523
964 262
965 2693
966 2311

