171 38
0 1254
1 2793
2 80
3 920
4 1583
5 18
6 1413
7 1832
8 295
9 1073
10 1586
11 861
12 1185
13 2606
14 2582
15 860
16 924
17 1790
18 2862
19 2632
20 1620
21 2165
22 1984
23 281
24 1652
25 2541
26 1620
27 150
28 512
29 749
30 1016
31 1963
32 2834
33 1665
34 1201
35 1236
36 769
37 2964
38 2697
39 657
40 2799
41 2723
42 2276
43 942
44 436
45 842
46 1873
47 2851
48 582
49 1618
50 1080
51 912
52 879
53 2771
54 1172
55 27
56 2153
57 442
58 1563
59 1779
60 2404
61 1638
62 1922
63 1960
64 783
65 1812
66 1025
67 1764
68 2991
69 139
70 1767
71 2867
72 1822
73 2193
74 2560
75 1782
76 1249
77 69
78 1416
79 498
80 1177
81 1950
82 555
83 1461
84 2068
85 1584
86 2520
87 1349
88 809
89 2292
90 2777
91 865
92 657
93 1428
94 1196
95 2744
96 1462
97 624
98 1819
99 2178
100 2868
101 2513
102 499
103 2246
104 772
105 541
106 1459
107 2020
108 482
109 1834
110 1981
111 2541
112 2248
113 1149
114 379
115 2870
116 1205
117 383
118 1191
119 1133
120 1402
121 2309
122 1677
123 1675
124 2089
125 2832
126 2359
127 648
128 629
129 720
130 1408
131 303
132 2949
133 1681
134 1079
135 541
136 2358
137 1216
138 1380
139 2886
140 422
141 2000
142 915
143 1095
144 2892
145 128
146 1577
147 2199
148 1131
149 994
150 310
151 1476
152 1168
153 1460
154 1760
155 2376
156 1381
157 343
158 728
159 1375
160 1158
161 1469
162 1740
163 233
164 2768
165 2043
166 2480
167 2451
168 570
169 1508
170 2987

