265 87
0 1854
1 336
2 2795
3 2253
4 2491
5 11
6 1425
7 2082
8 2361
9 2559
10 2761
11 1595
12 2296
13 542
14 802
15 252
16 1741
17 1479
18 421
19 2941
20 2183
21 2116
22 244
23 1344
24 2999
25 2391
26 121
27 2484
28 1137
29 1130
30 2043
31 2837
32 1680
33 953
34 2175
35 1197
36 2595
37 2163
38 1601
39 193
40 1268
41 2745
42 1895
43 519
44 2703
45 2173
46 43
47 2594
48 1916
49 1903
50 742
51 2368
52 852
53 1228
54 2420
55 2468
56 1289
57 291
58 304
59 1635
60 2706
61 2641
62 2690
63 345
64 2256
65 92
66 473
67 1957
68 2067
69 2092
70 709
71 2142
72 2177
73 2658
74 2108
75 2505
76 1140
77 2131
78 1388
79 214
80 2207
81 1314
82 1766
83 1479
84 2246
85 688
86 107
87 2713
88 953
89 1915
90 1216
91 2229
92 1839
93 2629
94 2810
95 442
96 1597
97 133
98 1585
99 1655
100 904
101 298
102 93
103 2400
104 1
105 2740
106 1566
107 1787
108 2049
109 298
110 2647
111 404
112 1579
113 2976
114 489
115 790
116 984
117 329
118 2020
119 1739
120 59
121 1976
122 726
123 1796
124 847
125 575
126 1711
127 2250
128 2176
129 1482
130 1841
131 1657
132 977
133 147
134 2352
135 629
136 392
137 1786
138 863
139 386
140 2569
141 1085
142 2816
143 1823
144 2594
145 2405
146 1634
147 1773
148 461
149 2343
150 35
151 2691
152 1826
153 2885
154 2979
155 974
156 738
157 1499
158 860
159 1105
160 416
161 1531
162 2591
163 2595
164 1790
165 2101
166 1938
167 3
168 1209
169 509
170 637
171 1115
172 2107
173 1715
174 419
175 1272
176 416
177 2740
178 2144
179 2028
180 2948
181 2652
182 2657
183 443
184 595
185 2655
186 2348
187 1441
188 2542
189 2825
190 1545
191 369
192 320
193 12
194 1073
195 1617
196 2485
197 828
198 56
199 2850
200 1477
201 398
202 2696
203 1447
204 1033
205 716
206 4
207 161
208 2718
209 1798
210 2531
211 1257
212 644
213 1041
214 601
215 1394
216 2744
217 613
218 2987
219 2017
220 2843
221 2379
222 1675
223 275
224 1477
225 1043
226 18
227 195
228 1340
229 2995
230 651
231 1448
232 1401
233 34
234 2203
235 692
236 1077
237 1531
238 197
239 2962
240 571
241 627
242 286
243 1295
244 2942
245 238
246 1684
247 922
248 475
249 721
250 2893
251 2126
252 2958
253 1951
254 2531
255 745
256 2452
257 626
258 2089
259 1330
260 1515
261 1443
262 880
263 1611
264 128

