555 51
0 1820
1 643
2 1752
3 863
4 661
5 1279
6 2020
7 2976
8 494
9 1787
10 1044
11 2874
12 766
13 2078
14 1624
15 1834
16 327
17 2607
18 191
19 1986
20 625
21 988
22 1276
23 1982
24 2735
25 328
26 614
27 1096
28 2840
29 39
30 591
31 285
32 1117
33 2514
34 2609
35 2368
36 1679
37 74
38 2683
39 2108
40 1671
41 1833
42 766
43 1447
44 1768
45 688
46 513
47 1258
48 2207
49 52
50 2042
51 1154
52 1717
53 1266
54 416
55 1162
56 302
57 2317
58 2799
59 1836
60 1905
61 1926
62 2583
63 654
64 1915
65 999
66 1378
67 1370
68 1134
69 1720
70 567
71 2896
72 1248
73 2134
74 2025
75 2345
76 375
77 521
78 133
79 2079
80 2413
81 2339
82 523
83 1463
84 399
85 958
86 575
87 2870
88 1042
89 1937
90 1710
91 663
92 1438
93 1956
94 133
95 62
96 1974
97 2700
98 2455
99 2222
100 50
101 1953
102 1408
103 1064
104 2438
105 721
106 935
107 1484
108 2809
109 2427
110 1618
111 1213
112 719
113 2203
114 90
115 1729
116 2667
117 2652
118 2053
119 2447
120 1453
121 1614
122 2960
123 954
124 1353
125 1328
126 778
127 579
128 602
129 861
130 2429
131 2374
132 1492
133 1674
134 1351
135 2210
136 1650
137 2631
138 648
139 2772
140 373
141 2812
142 1021
143 2333
144 1269
145 799
146 469
147 2439
148 2857
149 1
150 2591
151 2925
152 1715
153 2273
154 1887
155 752
156 252
157 1903
158 2735
159 610
160 1922
161 1463
162 1565
163 1587
164 2139
165 852
166 1191
167 69
168 2829
169 1624
170 1243
171 1
172 0
173 2743
174 2131
175 13
176 542
177 294
178 997
179 1762
180 2783
181 525
182 2016
183 355
184 825
185 461
186 1255
187 1871
188 832
189 2431
190 2061
191 2092
192 415
193 1046
194 1028
195 2968
196 706
197 514
198 1450
199 883
200 547
201 194
202 1567
203 1605
204 2708
205 1295
206 1495
207 909
208 254
209 1858
210 753
211 2945
212 684
213 2269
214 1278
215 1125
216 1013
217 472
218 585
219 249
220 309
221 1266
222 2025
223 2177
224 2137
225 2490
226 32
227 2809
228 2444
229 2460
230 2415
231 1625
232 535
233 328
234 2057
235 2482
236 1501
237 1947
238 663
239 2447
240 1927
241 359
242 2987
243 130
244 2011
245 728
246 272
247 962
248 51
249 2853
250 2077
251 653
252 2344
253 1236
254 511
255 188
256 2102
257 2585
258 1755
259 794
260 2630
261 1836
262 505
263 2448
264 1007
265 1786
266 2952
267 2823
268 958
269 785
270 624
271 2429
272 1830
273 713
274 1269
275 345
276 2482
277 1541
278 1222
279 1727
280 2441
281 986
282 894
283 2773
284 288
285 2944
286 2088
287 469
288 2754
289 1313
290 2550
291 197
292 2272
293 2904
294 1814
295 2804
296 2294
297 959
298 2078
299 2087
300 2905
301 1327
302 2883
303 164
304 15
305 1494
306 537
307 1678
308 1079
309 2017
310 189
311 567
312 892
313 1033
314 664
315 909
316 1856
317 2101
318 2439
319 2152
320 570
321 670
322 2123
323 1036
324 437
325 25
326 1341
327 1826
328 2924
329 1809
330 438
331 2336
332 872
333 36
334 362
335 1941
336 2998
337 2333
338 1495
339 1990
340 1099
341 2930
342 1607
343 1095
344 1500
345 953
346 1092
347 1298
348 2994
349 2122
350 2048
351 1952
352 2557
353 870
354 2945
355 639
356 2329
357 1845
358 1175
359 864
360 1107
361 1186
362 1224
363 1868
364 2266
365 1679
366 556
367 690
368 2444
369 1563
370 1887
371 2952
372 2961
373 2230
374 969
375 2192
376 346
377 2365
378 555
379 2752
380 1277
381 2850
382 1305
383 1557
384 2367
385 1664
386 1476
387 649
388 2825
389 986
390 896
391 314
392 2268
393 1967
394 1577
395 683
396 307
397 2090
398 1313
399 2126
400 2897
401 2795
402 2120
403 1689
404 129
405 2435
406 704
407 1107
408 1401
409 1932
410 2670
411 1533
412 2279
413 637
414 2244
415 293
416 2067
417 2727
418 509
419 2894
420 921
421 2861
422 1761
423 1914
424 1010
425 315
426 2917
427 1297
428 1581
429 616
430 593
431 185
432 900
433 943
434 2549
435 2933
436 1889
437 122
438 1608
439 152
440 1449
441 1813
442 1289
443 1065
444 1387
445 1120
446 1631
447 2603
448 919
449 2516
450 2034
451 1197
452 1988
453 1685
454 1389
455 807
456 2110
457 140
458 2945
459 2389
460 2586
461 533
462 1063
463 2052
464 333
465 1121
466 1585
467 2358
468 2857
469 1658
470 1444
471 2604
472 2468
473 2067
474 2242
475 540
476 1735
477 1384
478 2280
479 1688
480 1182
481 1999
482 1840
483 2096
484 2792
485 2589
486 1575
487 2330
488 2214
489 2296
490 2551
491 1567
492 2606
493 1154
494 311
495 2637
496 1374
497 1230
498 2659
499 2716
500 1561
501 26
502 1378
503 1406
504 2448
505 2213
506 1509
507 2321
508 1938
509 2061
510 1402
511 1608
512 1676
513 1276
514 2975
515 2281
516 2787
517 1723
518 1474
519 56
520 522
521 2524
522 1582
523 1648
524 2831
525 2006
526 520
527 1095
528 2597
529 1695
530 687
531 2581
532 2403
533 268
534 273
535 2335
536 791
537 1994
538 1182
539 1697
540 1498
541 1458
542 2221
543 2465
544 617
545 1641
546 777
547 2941
548 1259
549 31
550 1920
551 2013
552 1596
553 923
554 793

