935 88
0 2745
1 1186
2 1340
3 1005
4 2147
5 2453
6 1999
7 2177
8 1600
9 1848
10 2232
11 1790
12 564
13 41
14 2755
15 2268
16 319
17 1379
18 1824
19 1321
20 653
21 1015
22 1334
23 2438
24 1386
25 972
26 1367
27 1304
28 2721
29 564
30 432
31 2441
32 1383
33 1954
34 2662
35 2814
36 2860
37 1054
38 1631
39 1819
40 2127
41 276
42 1454
43 1969
44 1890
45 2782
46 2260
47 1045
48 1812
49 2656
50 1235
51 408
52 1833
53 700
54 892
55 1111
56 577
57 876
58 683
59 880
60 1318
61 317
62 81
63 736
64 1591
65 351
66 1024
67 71
68 414
69 1823
70 1445
71 1916
72 797
73 2048
74 2386
75 1065
76 1578
77 560
78 2518
79 2666
80 344
81 2013
82 695
83 800
84 2055
85 1115
86 1645
87 2850
88 2150
89 644
90 117
91 1086
92 1524
93 748
94 2033
95 1318
96 1211
97 2478
98 2857
99 1469
100 110
101 538
102 504
103 549
104 2658
105 2184
106 97
107 2366
108 1856
109 2419
110 2246
111 1013
112 476
113 774
114 1986
115 1664
116 2711
117 396
118 976
119 560
120 2677
121 445
122 2142
123 2980
124 2485
125 545
126 2438
127 1742
128 241
129 2374
130 1126
131 2551
132 2959
133 1823
134 2557
135 2191
136 1496
137 878
138 2477
139 2932
140 1541
141 879
142 1448
143 2439
144 462
145 864
146 2213
147 1704
148 2631
149 945
150 1734
151 839
152 743
153 568
154 1374
155 2863
156 2127
157 2110
158 1030
159 1123
160 890
161 1226
162 525
163 2185
164 1067
165 533
166 1802
167 591
168 2014
169 1789
170 1155
171 839
172 885
173 2903
174 2632
175 1715
176 552
177 1041
178 567
179 2426
180 1748
181 811
182 1757
183 330
184 2265
185 2543
186 2575
187 1396
188 1159
189 1543
190 227
191 229
192 1563
193 1878
194 215
195 552
196 1220
197 2690
198 2874
199 2680
200 2281
201 1377
202 2461
203 2152
204 1780
205 1569
206 2100
207 1810
208 1810
209 1500
210 1803
211 421
212 1305
213 960
214 1275
215 1970
216 1769
217 292
218 2047
219 805
220 2209
221 2174
222 2446
223 130
224 603
225 1139
226 1418
227 476
228 427
229 2965
230 1944
231 2424
232 1108
233 2924
234 1863
235 552
236 2884
237 2263
238 1794
239 2824
240 1572
241 1289
242 2194
243 1787
244 984
245 2172
246 978
247 130
248 645
249 2150
250 795
251 227
252 732
253 1708
254 2644
255 2279
256 1732
257 1705
258 906
259 2964
260 2246
261 1413
262 207
263 2200
264 1711
265 827
266 1429
267 1103
268 1138
269 2417
270 2190
271 2492
272 625
273 1590
274 2358
275 1619
276 1878
277 1212
278 1564
279 2638
280 2934
281 54
282 36
283 354
284 1619
285 565
286 184
287 2598
288 1441
289 2719
290 2098
291 1136
292 234
293 1090
294 2349
295 857
296 1285
297 1433
298 508
299 171
300 2271
301 669
302 600
303 1514
304 1458
305 2392
306 2161
307 2415
308 1741
309 2457
310 2308
311 124
312 585
313 2961
314 1625
315 2176
316 61
317 147
318 2665
319 680
320 2432
321 2859
322 921
323 2443
324 651
325 591
326 2357
327 455
328 191
329 1549
330 352
331 1763
332 1096
333 2257
334 418
335 183
336 2716
337 2980
338 180
339 274
340 2783
341 1628
342 1662
343 1630
344 1072
345 388
346 1048
347 2065
348 943
349 1833
350 868
351 841
352 2914
353 2196
354 564
355 2645
356 2777
357 118
358 1906
359 83
360 380
361 2203
362 1518
363 2828
364 870
365 1801
366 1091
367 2739
368 2866
369 2851
370 1331
371 679
372 2081
373 1225
374 922
375 2517
376 1214
377 2402
378 603
379 1585
380 1631
381 403
382 1268
383 2207
384 2613
385 2047
386 1998
387 1729
388 2150
389 2091
390 1189
391 776
392 2102
393 196
394 2026
395 1179
396 1901
397 2556
398 2333
399 1108
400 2776
401 85
402 1574
403 2949
404 787
405 1941
406 1956
407 2296
408 905
409 110
410 1461
411 2488
412 519
413 271
414 1252
415 1190
416 680
417 650
418 2186
419 1484
420 2981
421 2291
422 2349
423 2653
424 1625
425 2613
426 279
427 1898
428 2211
429 2260
430 77
431 435
432 1679
433 707
434 1294
435 2776
436 1172
437 1607
438 2282
439 1968
440 2492
441 1663
442 301
443 798
444 1988
445 1606
446 1694
447 635
448 2076
449 2121
450 422
451 773
452 607
453 1950
454 2484
455 2969
456 2659
457 324
458 415
459 2071
460 2372
461 1205
462 2181
463 560
464 1495
465 2444
466 2930
467 1524
468 1335
469 1070
470 1766
471 850
472 977
473 47
474 780
475 1359
476 2341
477 61
478 2331
479 2871
480 52
481 981
482 2984
483 850
484 613
485 1554
486 968
487 1691
488 41
489 1663
490 100
491 2576
492 445
493 752
494 381
495 1845
496 792
497 683
498 2821
499 1466
500 943
501 976
502 2989
503 781
504 1053
505 251
506 2197
507 1184
508 2214
509 1410
510 2155
511 898
512 1088
513 1226
514 1924
515 1550
516 2875
517 1625
518 843
519 2176
520 1834
521 262
522 582
523 536
524 2011
525 1105
526 1528
527 1376
528 2993
529 1476
530 65
531 2787
532 410
533 2674
534 89
535 1081
536 49
537 1891
538 2224
539 2696
540 2993
541 282
542 241
543 1909
544 1381
545 778
546 372
547 933
548 1888
549 2750
550 1160
551 1714
552 2792
553 2961
554 1979
555 2017
556 835
557 1768
558 554
559 1892
560 2973
561 369
562 2384
563 1250
564 827
565 2505
566 608
567 1493
568 239
569 2734
570 1916
571 2921
572 2254
573 1914
574 2714
575 1332
576 6
577 753
578 1207
579 181
580 494
581 1818
582 1260
583 62
584 804
585 1817
586 654
587 728
588 2942
589 1033
590 348
591 1041
592 270
593 2270
594 2108
595 61
596 853
597 506
598 1451
599 1529
600 160
601 492
602 653
603 1184
604 1959
605 2814
606 1878
607 2622
608 2325
609 2184
610 2703
611 2400
612 2759
613 2194
614 840
615 2125
616 2617
617 656
618 2047
619 1618
620 1034
621 2074
622 2148
623 1234
624 2805
625 684
626 934
627 2530
628 2193
629 189
630 2596
631 1768
632 1424
633 2491
634 481
635 213
636 1293
637 2703
638 2726
639 1785
640 1013
641 1130
642 198
643 1443
644 891
645 903
646 291
647 2457
648 858
649 2873
650 1369
651 3000
652 2220
653 2535
654 1590
655 422
656 725
657 1440
658 1107
659 2804
660 2394
661 514
662 2223
663 961
664 146
665 2188
666 1152
667 1537
668 1487
669 1696
670 2389
671 407
672 52
673 2807
674 1290
675 1536
676 2074
677 1937
678 2777
679 2735
680 2562
681 2080
682 1132
683 882
684 305
685 958
686 2753
687 2053
688 898
689 1277
690 416
691 1091
692 1925
693 1994
694 217
695 1233
696 1044
697 632
698 2083
699 1803
700 2611
701 1847
702 2954
703 319
704 904
705 2076
706 1181
707 170
708 617
709 1923
710 832
711 1128
712 1452
713 1775
714 2194
715 1259
716 1669
717 917
718 1449
719 2116
720 1574
721 1099
722 2333
723 2301
724 1490
725 1284
726 3
727 223
728 2013
729 463
730 688
731 2340
732 561
733 2667
734 2892
735 1260
736 2585
737 2331
738 143
739 696
740 634
741 368
742 1664
743 1060
744 2788
745 2374
746 1031
747 471
748 490
749 2194
750 2372
751 2819
752 2292
753 749
754 660
755 299
756 2374
757 828
758 2991
759 1471
760 2475
761 2512
762 843
763 525
764 1555
765 465
766 2664
767 504
768 2318
769 1203
770 2234
771 510
772 2227
773 633
774 2216
775 44
776 1399
777 992
778 1219
779 811
780 2454
781 7
782 1703
783 1454
784 686
785 901
786 1059
787 2481
788 80
789 522
790 1719
791 2345
792 2968
793 2631
794 896
795 2942
796 30
797 588
798 270
799 383
800 985
801 607
802 2935
803 1002
804 2655
805 959
806 2453
807 2163
808 1551
809 2154
810 2499
811 351
812 2386
813 2337
814 2830
815 2630
816 2035
817 805
818 2232
819 211
820 2710
821 2683
822 512
823 1459
824 1403
825 848
826 788
827 378
828 910
829 293
830 1162
831 1499
832 2754
833 1139
834 2294
835 2220
836 746
837 1388
838 221
839 1328
840 1662
841 988
842 2870
843 321
844 203
845 2740
846 835
847 1976
848 1158
849 1675
850 1434
851 2346
852 2306
853 1644
854 2550
855 1718
856 1486
857 921
858 1383
859 2667
860 1426
861 429
862 568
863 1442
864 343
865 1078
866 6
867 1014
868 1393
869 2886
870 192
871 1158
872 1966
873 2790
874 2178
875 132
876 1049
877 1272
878 2546
879 2785
880 1625
881 1155
882 2170
883 1759
884 1077
885 869
886 1146
887 2650
888 1153
889 397
890 2289
891 1889
892 1389
893 2889
894 868
895 168
896 1865
897 1700
898 951
899 1298
900 219
901 1543
902 2119
903 2192
904 2659
905 1037
906 917
907 1307
908 1377
909 1977
910 2351
911 873
912 2581
913 2138
914 2912
915 1120
916 1099
917 1254
918 1384
919 1882
920 411
921 1398
922 1556
923 697
924 1416
925 400
926 2937
927 2710
928 2656
929 1950
930 1503
931 2625
932 793
933 530
934 976

