163 0
0 2337
1 1210
2 1328
3 1790
4 775
5 1377
6 2214
7 2301
8 1627
9 2283
10 2643
11 658
12 922
13 2114
14 2210
15 2377
16 1247
17 204
18 463
19 1247
20 1101
21 2577
22 1132
23 1780
24 973
25 1272
26 1305
27 2809
28 1198
29 2372
30 722
31 2395
32 2884
33 2747
34 2025
35 171
36 681
37 2834
38 1446
39 2671
40 1460
41 2399
42 1985
43 962
44 551
45 656
46 920
47 2142
48 2787
49 2497
50 1133
51 1960
52 2888
53 1591
54 2121
55 125
56 1711
57 2920
58 2884
59 2064
60 2118
61 772
62 960
63 2100
64 1780
65 1166
66 2330
67 549
68 235
69 575
70 258
71 2455
72 2486
73 2511
74 2482
75 2171
76 597
77 2350
78 2303
79 2796
80 1708
81 2376
82 318
83 293
84 2623
85 2242
86 2266
87 1596
88 2604
89 2908
90 2834
91 2461
92 1802
93 1837
94 1928
95 591
96 2517
97 863
98 2403
99 1715
100 166
101 1908
102 426
103 2958
104 430
105 1611
106 1653
107 1976
108 2574
109 1605
110 2157
111 91
112 2217
113 1860
114 2156
115 788
116 1517
117 1705
118 1899
119 250
120 2344
121 2389
122 2473
123 2215
124 462
125 2192
126 2313
127 2276
128 1821
129 1428
130 1106
131 1025
132 1351
133 1323
134 2618
135 1225
136 710
137 2079
138 1718
139 1350
140 2238
141 221
142 292
143 345
144 1925
145 777
146 2865
147 2540
148 454
149 409
150 2166
151 2633
152 1564
153 199
154 2091
155 2129
156 401
157 2770
158 984
159 2655
160 939
161 2114
162 1549

