654 52
0 714
1 1434
2 239
3 1733
4 457
5 697
6 2200
7 1471
8 876
9 1762
10 496
11 424
12 98
13 1934
14 416
15 235
16 490
17 623
18 800
19 829
20 2086
21 119
22 105
23 587
24 1597
25 16
26 2657
27 953
28 325
29 2532
30 2398
31 2898
32 1476
33 1143
34 437
35 745
36 2616
37 2913
38 1072
39 2461
40 1988
41 2223
42 2492
43 2711
44 939
45 1290
46 2166
47 553
48 2132
49 1324
50 1139
51 1481
52 2454
53 1226
54 2010
55 114
56 1119
57 1681
58 713
59 164
60 240
61 2630
62 2368
63 715
64 1783
65 1253
66 1719
67 959
68 1965
69 986
70 2372
71 2693
72 505
73 22
74 1917
75 2709
76 678
77 2780
78 1184
79 1506
80 2870
81 1769
82 646
83 2066
84 423
85 1007
86 2412
87 1992
88 2992
89 2266
90 1436
91 2868
92 1272
93 2930
94 679
95 1410
96 2757
97 2045
98 2515
99 2227
100 1568
101 1715
102 1092
103 2771
104 899
105 64
106 2257
107 135
108 1533
109 2697
110 2497
111 348
112 2185
113 1154
114 795
115 2151
116 2763
117 2972
118 2595
119 1889
120 2891
121 2545
122 1834
123 1571
124 1664
125 2083
126 2072
127 956
128 137
129 2622
130 811
131 1452
132 506
133 186
134 218
135 462
136 1626
137 215
138 2185
139 895
140 2017
141 2191
142 1630
143 918
144 2373
145 2117
146 1527
147 557
148 1541
149 527
150 2615
151 954
152 1171
153 1869
154 369
155 1887
156 1301
157 2648
158 908
159 2702
160 441
161 2104
162 2901
163 1335
164 767
165 950
166 2334
167 1609
168 2312
169 1837
170 2991
171 2327
172 1333
173 2075
174 1983
175 2753
176 145
177 892
178 2876
179 1551
180 705
181 16
182 2568
183 682
184 1877
185 989
186 1584
187 1461
188 2405
189 1461
190 1530
191 2197
192 2452
193 1181
194 1184
195 2576
196 156
197 2652
198 1592
199 834
200 2202
201 1880
202 2317
203 2064
204 526
205 1322
206 1446
207 2109
208 2481
209 2689
210 677
211 808
212 15
213 2910
214 2748
215 2250
216 709
217 1700
218 748
219 499
220 2345
221 1103
222 2019
223 1086
224 835
225 2088
226 1356
227 1800
228 1566
229 1263
230 2485
231 1493
232 1055
233 2051
234 740
235 2458
236 1227
237 1980
238 516
239 1133
240 228
241 978
242 2232
243 2900
244 20
245 2910
246 1876
247 1665
248 272
249 347
250 2842
251 586
252 2420
253 1274
254 2133
255 867
256 2401
257 2797
258 61
259 2199
260 2138
261 487
262 1713
263 2315
264 475
265 900
266 1115
267 1550
268 1120
269 266
270 2049
271 2646
272 2190
273 1606
274 1769
275 1113
276 1333
277 684
278 2505
279 528
280 1126
281 1830
282 880
283 760
284 2470
285 2352
286 2011
287 2564
288 860
289 1308
290 786
291 2950
292 1066
293 123
294 1269
295 853
296 652
297 1067
298 244
299 1481
300 136
301 2862
302 272
303 318
304 513
305 2733
306 2593
307 812
308 688
309 825
310 2715
311 2279
312 182
313 2604
314 1092
315 1355
316 1304
317 2209
318 2346
319 2907
320 235
321 2965
322 271
323 1128
324 1275
325 2714
326 281
327 2618
328 1238
329 1728
330 264
331 1453
332 1301
333 2779
334 1150
335 782
336 1257
337 2419
338 249
339 1022
340 1053
341 1455
342 1833
343 901
344 744
345 2396
346 2468
347 1182
348 1816
349 188
350 2034
351 1323
352 1122
353 2535
354 2300
355 2481
356 1332
357 2727
358 1680
359 2831
360 1888
361 1557
362 809
363 2530
364 758
365 529
366 647
367 1818
368 938
369 1285
370 453
371 555
372 893
373 421
374 1750
375 1897
376 833
377 750
378 134
379 1302
380 943
381 180
382 2525
383 2193
384 264
385 1255
386 2245
387 1518
388 708
389 2677
390 2960
391 2267
392 383
393 1115
394 1346
395 1392
396 596
397 891
398 606
399 2569
400 132
401 2259
402 2140
403 1421
404 1051
405 1976
406 1953
407 2540
408 778
409 1801
410 510
411 1288
412 1044
413 1782
414 267
415 352
416 2742
417 2348
418 1965
419 774
420 165
421 749
422 2202
423 1488
424 680
425 1221
426 2701
427 471
428 629
429 1663
430 254
431 2022
432 1606
433 2122
434 2122
435 2596
436 1408
437 2864
438 1307
439 361
440 2704
441 1677
442 512
443 2683
444 723
445 2488
446 1485
447 1086
448 1152
449 2760
450 1274
451 2292
452 978
453 1205
454 2174
455 1666
456 1195
457 596
458 370
459 681
460 427
461 2989
462 1923
463 869
464 1603
465 2826
466 2863
467 652
468 1068
469 2187
470 684
471 2527
472 318
473 812
474 418
475 233
476 133
477 2412
478 497
479 422
480 400
481 2785
482 2401
483 1046
484 1441
485 2005
486 445
487 410
488 1283
489 2188
490 2040
491 2698
492 2738
493 384
494 1739
495 1869
496 1566
497 112
498 1630
499 2297
500 626
501 2183
502 472
503 2868
504 1566
505 1479
506 488
507 1664
508 2850
509 2505
510 1025
511 716
512 2036
513 972
514 545
515 51
516 1157
517 1394
518 1938
519 2537
520 1562
521 2207
522 2290
523 153
524 2581
525 1341
526 510
527 2474
528 1040
529 1949
530 1794
531 605
532 1969
533 1302
534 206
535 2648
536 1371
537 1104
538 1586
539 2700
540 2811
541 1082
542 970
543 1566
544 507
545 73
546 1801
547 2769
548 227
549 869
550 1988
551 970
552 1938
553 2836
554 258
555 656
556 6
557 2312
558 1140
559 2822
560 1084
561 1786
562 2842
563 1868
564 482
565 2395
566 1356
567 2925
568 2174
569 2792
570 1840
571 2279
572 1197
573 1955
574 39
575 2937
576 1108
577 2510
578 2075
579 668
580 329
581 900
582 2054
583 1655
584 659
585 2508
586 1676
587 1623
588 1237
589 2830
590 32
591 2803
592 262
593 2555
594 1225
595 88
596 1392
597 1244
598 1651
599 1146
600 733
601 1502
602 2014
603 1848
604 635
605 2991
606 892
607 2793
608 2062
609 1613
610 1678
611 2783
612 2248
613 2054
614 1299
615 560
616 1172
617 1827
618 2616
619 573
620 633
621 621
622 2684
623 2673
624 1578
625 1008
626 2495
627 1911
628 1373
629 641
630 2459
631 1570
632 1874
633 1497
634 1341
635 2451
636 1238
637 2727
638 2938
639 1277
640 1574
641 1900
642 229
643 2940
644 1725
645 266
646 614
647 2373
648 2090
649 1187
650 2886
651 1220
652 518
653 1789

