333 41
0 2533
1 1681
2 2626
3 1366
4 1494
5 1998
6 2016
7 2085
8 2610
9 746
10 2494
11 1997
12 2828
13 2899
14 2667
15 1121
16 671
17 2389
18 1676
19 2792
20 675
21 2084
22 106
23 2296
24 913
25 1744
26 1258
27 570
28 2588
29 502
30 1878
31 2482
32 1023
33 1357
34 632
35 1272
36 1486
37 181
38 2307
39 1542
40 85
41 2696
42 1672
43 24
44 1625
45 1836
46 2690
47 408
48 2138
49 267
50 337
51 596
52 1743
53 211
54 1817
55 1885
56 2611
57 627
58 1655
59 477
60 921
61 223
62 2680
63 2402
64 2122
65 1389
66 1713
67 1712
68 2672
69 1190
70 157
71 195
72 134
73 2195
74 2760
75 1607
76 2418
77 2544
78 1982
79 1538
80 1113
81 789
82 414
83 495
84 2313
85 650
86 599
87 2782
88 1272
89 613
90 802
91 2167
92 28
93 60
94 2757
95 2603
96 1037
97 766
98 2710
99 2
100 678
101 1048
102 2355
103 2080
104 2164
105 628
106 2591
107 52
108 2241
109 1728
110 2957
111 690
112 1847
113 1925
114 2098
115 914
116 2969
117 2992
118 2930
119 1155
120 1316
121 2610
122 2695
123 2984
124 266
125 2694
126 1010
127 1028
128 1877
129 864
130 1155
131 1664
132 2245
133 964
134 1362
135 36
136 1083
137 1414
138 572
139 39
140 864
141 760
142 2649
143 399
144 1577
145 1537
146 1139
147 305
148 2998
149 1005
150 812
151 1392
152 433
153 2403
154 140
155 2761
156 2578
157 439
158 2139
159 2295
160 2714
161 2508
162 2358
163 173
164 2826
165 658
166 324
167 539
168 1808
169 1004
170 2644
171 2554
172 1993
173 2044
174 1695
175 382
176 905
177 1040
178 2230
179 589
180 373
181 17
182 883
183 2472
184 2824
185 263
186 105
187 2756
188 2020
189 1463
190 1493
191 1065
192 2356
193 2335
194 691
195 2150
196 591
197 2363
198 330
199 351
200 1201
201 2768
202 1364
203 1829
204 935
205 1617
206 1833
207 2632
208 2854
209 2514
210 365
211 2860
212 738
213 238
214 2221
215 722
216 2417
217 1260
218 2159
219 218
220 1271
221 2778
222 2215
223 674
224 1633
225 422
226 908
227 1290
228 672
229 901
230 2801
231 1865
232 549
233 340
234 2599
235 611
236 1460
237 658
238 689
239 1084
240 996
241 454
242 1088
243 417
244 2997
245 2356
246 55
247 657
248 831
249 81
250 2632
251 1918
252 473
253 839
254 1422
255 647
256 1741
257 298
258 1593
259 2416
260 2675
261 295
262 1169
263 1376
264 2324
265 1617
266 352
267 624
268 2232
269 439
270 866
271 733
272 1370
273 997
274 588
275 75
276 2857
277 687
278 449
279 1078
280 1428
281 448
282 1037
283 2834
284 150
285 1540
286 1184
287 1754
288 2668
289 2812
290 2787
291 1424
292 2851
293 591
294 1568
295 2613
296 2924
297 1892
298 1290
299 555
300 498
301 73
302 1509
303 18
304 951
305 478
306 1734
307 356
308 2393
309 1190
310 2354
311 252
312 2014
313 759
314 1318
315 1756
316 877
317 558
318 1507
319 1909
320 896
321 1659
322 2794
323 1185
324 1810
325 2183
326 1685
327 2332
328 1879
329 2273
330 2560
331 238
332 2899

