998 33
0 477
1 184
2 2239
3 1850
4 740
5 295
6 1142
7 2117
8 2925
9 1420
10 1213
11 302
12 161
13 876
14 111
15 2081
16 1546
17 663
18 258
19 962
20 1296
21 2116
22 2503
23 411
24 1985
25 33
26 242
27 2274
28 1296
29 1096
30 1861
31 2253
32 1042
33 1363
34 219
35 1130
36 873
37 1178
38 2748
39 751
40 2553
41 1287
42 1461
43 2867
44 1385
45 315
46 1497
47 2260
48 2787
49 2912
50 1934
51 1420
52 633
53 2244
54 974
55 852
56 2844
57 2968
58 2452
59 617
60 2724
61 1820
62 431
63 855
64 1695
65 2549
66 475
67 2753
68 1194
69 804
70 2304
71 1307
72 2512
73 949
74 1317
75 2335
76 2110
77 1848
78 2395
79 2774
80 2840
81 489
82 962
83 747
84 2794
85 353
86 2556
87 2113
88 319
89 852
90 2681
91 1442
92 1848
93 1603
94 321
95 2889
96 916
97 2792
98 1626
99 734
100 2937
101 2550
102 730
103 1065
104 756
105 1171
106 2316
107 2334
108 2757
109 1835
110 1075
111 722
112 2112
113 1078
114 2464
115 574
116 1006
117 929
118 402
119 1936
120 1714
121 2153
122 687
123 974
124 730
125 2725
126 399
127 1444
128 245
129 2086
130 2738
131 1002
132 2579
133 407
134 1655
135 1013
136 1997
137 1051
138 26
139 1644
140 195
141 1317
142 2120
143 1656
144 1300
145 844
146 2659
147 2452
148 1420
149 1095
150 1345
151 2329
152 1597
153 1707
154 599
155 2214
156 2238
157 2888
158 789
159 1862
160 1709
161 764
162 2517
163 1031
164 657
165 781
166 1659
167 148
168 1070
169 888
170 951
171 1238
172 2350
173 2928
174 2244
175 1313
176 1311
177 1301
178 1016
179 461
180 2600
181 539
182 1740
183 2376
184 2529
185 953
186 1421
187 1870
188 1370
189 2008
190 189
191 1805
192 2082
193 112
194 825
195 191
196 2746
197 974
198 205
199 2637
200 1029
201 1116
202 2014
203 1945
204 978
205 2175
206 440
207 1081
208 2847
209 905
210 2554
211 267
212 1868
213 2164
214 1828
215 945
216 384
217 1400
218 2524
219 1484
220 1404
221 1689
222 2079
223 2267
224 911
225 2010
226 2071
227 934
228 1608
229 31
230 1732
231 1947
232 37
233 845
234 805
235 370
236 1238
237 2752
238 2749
239 2710
240 1707
241 2297
242 1855
243 899
244 334
245 2058
246 154
247 1967
248 649
249 1734
250 2807
251 106
252 2168
253 209
254 2947
255 543
256 1579
257 915
258 1412
259 173
260 193
261 2936
262 215
263 1800
264 1650
265 643
266 2225
267 1278
268 2089
269 160
270 2082
271 2752
272 1298
273 1681
274 933
275 421
276 501
277 262
278 1679
279 42
280 1566
281 2158
282 2646
283 343
284 1449
285 446
286 883
287 1220
288 1236
289 814
290 909
291 417
292 944
293 761
294 876
295 1128
296 816
297 1798
298 2941
299 1346
300 1819
301 2713
302 2238
303 2849
304 1305
305 2964
306 152
307 757
308 1278
309 1132
310 84
311 1356
312 500
313 651
314 1816
315 1811
316 2560
317 2289
318 2237
319 639
320 1336
321 2091
322 608
323 172
324 980
325 2915
326 2648
327 1323
328 447
329 1637
330 1125
331 1377
332 2800
333 37
334 2264
335 1570
336 380
337 1829
338 1625
339 857
340 520
341 431
342 1351
343 2196
344 260
345 2138
346 1807
347 1215
348 814
349 2644
350 55
351 2064
352 1464
353 1523
354 2669
355 483
356 2764
357 929
358 391
359 2904
360 194
361 2810
362 182
363 1577
364 1386
365 971
366 87
367 1993
368 494
369 691
370 1833
371 1971
372 2620
373 1039
374 627
375 150
376 2872
377 2567
378 1965
379 2684
380 152
381 1010
382 525
383 2221
384 1511
385 139
386 2881
387 2950
388 311
389 680
390 2779
391 1571
392 644
393 4
394 299
395 45
396 2746
397 2438
398 452
399 1020
400 536
401 985
402 2076
403 1211
404 1284
405 672
406 491
407 2934
408 2584
409 2118
410 91
411 1960
412 1764
413 1178
414 107
415 1267
416 1456
417 2421
418 1750
419 670
420 211
421 1266
422 1122
423 1294
424 8
425 1640
426 2661
427 2152
428 2071
429 2526
430 2892
431 2306
432 2022
433 1441
434 2679
435 236
436 623
437 86
438 55
439 2348
440 153
441 480
442 1128
443 1414
444 2320
445 2226
446 1372
447 2345
448 2208
449 2152
450 2738
451 2896
452 2049
453 1229
454 1445
455 2058
456 2250
457 373
458 1190
459 256
460 1969
461 199
462 2810
463 1362
464 95
465 2398
466 2194
467 1741
468 79
469 2024
470 2178
471 1073
472 1880
473 1743
474 619
475 2906
476 2172
477 1822
478 2999
479 2176
480 890
481 1105
482 261
483 1313
484 1816
485 2401
486 461
487 1970
488 125
489 1423
490 2120
491 1176
492 2759
493 589
494 1397
495 1723
496 2290
497 1628
498 1336
499 2435
500 2444
501 2071
502 940
503 869
504 73
505 1208
506 1083
507 1601
508 648
509 2851
510 2473
511 2817
512 1677
513 2423
514 323
515 2803
516 1616
517 2501
518 55
519 2012
520 809
521 745
522 2042
523 2779
524 432
525 1565
526 2818
527 2859
528 291
529 322
530 1589
531 2057
532 1440
533 2513
534 688
535 2266
536 2413
537 2798
538 1932
539 1018
540 2545
541 1067
542 2102
543 1703
544 2632
545 113
546 875
547 205
548 1769
549 1078
550 39
551 1433
552 901
553 2006
554 2425
555 2266
556 2533
557 1380
558 598
559 2171
560 1119
561 2672
562 1908
563 2524
564 1498
565 2445
566 1033
567 2030
568 233
569 932
570 847
571 1174
572 688
573 2444
574 2856
575 2282
576 2071
577 1082
578 2170
579 2913
580 2390
581 1507
582 731
583 2450
584 707
585 488
586 2060
587 509
588 245
589 2410
590 2175
591 2226
592 2803
593 1506
594 915
595 2736
596 1461
597 1316
598 635
599 2775
600 901
601 2556
602 1303
603 1774
604 1346
605 2540
606 2666
607 1642
608 582
609 1454
610 393
611 997
612 395
613 2324
614 1781
615 1664
616 2526
617 2604
618 1193
619 265
620 2495
621 823
622 931
623 1762
624 1245
625 872
626 229
627 1753
628 640
629 1162
630 737
631 1836
632 384
633 1186
634 1859
635 2852
636 2286
637 1245
638 2539
639 26
640 1995
641 962
642 295
643 510
644 2086
645 973
646 2121
647 125
648 2707
649 530
650 62
651 1365
652 24
653 1854
654 351
655 1011
656 1822
657 2017
658 2734
659 804
660 1853
661 2477
662 1117
663 531
664 2086
665 555
666 852
667 1287
668 80
669 1252
670 897
671 2578
672 2567
673 2926
674 72
675 2588
676 2048
677 2523
678 1773
679 2553
680 58
681 1745
682 734
683 349
684 251
685 1952
686 1970
687 2477
688 2562
689 687
690 2861
691 1566
692 106
693 479
694 1381
695 2210
696 2371
697 230
698 1152
699 2469
700 1505
701 2276
702 2867
703 2963
704 825
705 1974
706 1196
707 1388
708 1059
709 104
710 1469
711 1849
712 620
713 1833
714 1439
715 1120
716 2497
717 2250
718 1909
719 2084
720 2171
721 406
722 1159
723 114
724 1361
725 1935
726 1393
727 2031
728 2570
729 1312
730 2594
731 199
732 1997
733 1873
734 304
735 239
736 648
737 988
738 2714
739 1927
740 2405
741 622
742 2156
743 1727
744 2572
745 2513
746 8
747 1374
748 1656
749 546
750 2335
751 447
752 2303
753 545
754 2013
755 505
756 95
757 258
758 1441
759 639
760 2462
761 1308
762 673
763 1715
764 1209
765 1843
766 1143
767 2433
768 686
769 2815
770 634
771 1709
772 889
773 1843
774 2525
775 857
776 2235
777 51
778 357
779 1228
780 883
781 656
782 74
783 1586
784 1303
785 1324
786 1589
787 1344
788 2635
789 784
790 1097
791 1710
792 109
793 2857
794 2486
795 83
796 258
797 459
798 1259
799 1644
800 2451
801 1907
802 2584
803 334
804 1192
805 643
806 2711
807 41
808 1571
809 1318
810 1617
811 2411
812 421
813 2625
814 2557
815 992
816 956
817 1343
818 2917
819 314
820 1425
821 296
822 1741
823 1017
824 2655
825 2666
826 773
827 553
828 1337
829 2604
830 1649
831 2070
832 2785
833 998
834 1126
835 151
836 713
837 4
838 549
839 1861
840 2192
841 1549
842 1231
843 2063
844 2634
845 553
846 135
847 1222
848 295
849 503
850 1411
851 2784
852 627
853 2368
854 1312
855 873
856 2919
857 2641
858 2346
859 1209
860 653
861 712
862 419
863 2762
864 778
865 635
866 2040
867 1198
868 466
869 1298
870 1348
871 1156
872 2075
873 2627
874 2813
875 923
876 231
877 1603
878 653
879 2213
880 2372
881 2703
882 1382
883 2260
884 1587
885 1427
886 2205
887 2027
888 2263
889 66
890 1140
891 2697
892 2152
893 1109
894 1788
895 607
896 2202
897 132
898 513
899 2427
900 1685
901 164
902 179
903 889
904 1659
905 2776
906 2630
907 462
908 645
909 984
910 2577
911 191
912 1157
913 685
914 1946
915 2032
916 789
917 2727
918 2818
919 191
920 18
921 369
922 1470
923 2233
924 2451
925 1340
926 2118
927 2936
928 1582
929 1290
930 1439
931 2751
932 1552
933 1417
934 2905
935 2312
936 2037
937 708
938 770
939 2519
940 1049
941 2546
942 1143
943 1115
944 2825
945 863
946 1731
947 2846
948 1371
949 2400
950 460
951 1714
952 1426
953 1532
954 857
955 163
956 2636
957 1821
958 721
959 752
960 2081
961 1699
962 2756
963 1161
964 1580
965 2825
966 2244
967 199
968 74
969 2876
970 1772
971 1114
972 2718
973 1008
974 1104
975 50
976 1090
977 2310
978 2257
979 2377
980 537
981 301
982 1231
983 2376
984 2747
985 1231
986 1366
987 480
988 1125
989 1559
990 1347
991 2026
992 290
993 995
994 877
995 2821
996 458
997 521

