615 10
0 1749
1 1581
2 839
3 85
4 2874
5 157
6 77
7 573
8 1690
9 1093
10 1926
11 2375
12 1626
13 2631
14 916
15 1137
16 2845
17 256
18 1697
19 2776
20 2551
21 1258
22 194
23 319
24 2134
25 2485
26 810
27 1410
28 2299
29 1522
30 794
31 536
32 983
33 1918
34 1186
35 74
36 178
37 1886
38 1651
39 1413
40 2430
41 294
42 2016
43 2219
44 150
45 2753
46 1354
47 1416
48 757
49 856
50 212
51 2344
52 2119
53 488
54 1880
55 1424
56 1832
57 2265
58 373
59 2644
60 222
61 2830
62 2211
63 847
64 1949
65 2975
66 28
67 2442
68 1916
69 1229
70 399
71 2904
72 2234
73 377
74 2045
75 1820
76 1529
77 985
78 2980
79 2064
80 1329
81 1651
82 2530
83 528
84 855
85 1720
86 2956
87 1448
88 2456
89 1491
90 2001
91 264
92 2608
93 185
94 1706
95 1525
96 2269
97 95
98 2621
99 2934
100 1629
101 2431
102 2031
103 2944
104 2025
105 585
106 1177
107 2057
108 1139
109 268
110 1978
111 778
112 361
113 352
114 691
115 1479
116 2870
117 2562
118 1466
119 1886
120 1431
121 865
122 2536
123 669
124 1030
125 582
126 1659
127 2749
128 2147
129 541
130 2344
131 2353
132 1191
133 503
134 1426
135 2621
136 222
137 2541
138 253
139 1549
140 1591
141 2299
142 910
143 358
144 761
145 2703
146 2219
147 1955
148 214
149 267
150 190
151 2669
152 61
153 1099
154 1419
155 2460
156 1451
157 1305
158 1666
159 2169
160 1448
161 248
162 395
163 1406
164 1132
165 2307
166 1426
167 602
168 300
169 2996
170 659
171 1557
172 920
173 1592
174 704
175 2384
176 2384
177 1392
178 2076
179 2642
180 237
181 785
182 2610
183 2407
184 1020
185 2862
186 461
187 158
188 630
189 2525
190 928
191 944
192 2310
193 1047
194 2932
195 2332
196 805
197 298
198 1085
199 2159
200 1001
201 2024
202 2736
203 2900
204 1427
205 2583
206 2611
207 2220
208 2856
209 214
210 1643
211 521
212 1682
213 260
214 790
215 2145
216 1955
217 567
218 901
219 1223
220 2325
221 2812
222 2773
223 149
224 1337
225 2359
226 2830
227 923
228 2912
229 199
230 1670
231 2745
232 2612
233 1836
234 2479
235 665
236 1111
237 163
238 1867
239 2815
240 158
241 2680
242 1360
243 1477
244 1406
245 1874
246 1181
247 2096
248 1748
249 1202
250 1917
251 1211
252 2599
253 623
254 571
255 1536
256 1994
257 2736
258 1915
259 2906
260 1670
261 816
262 1763
263 1795
264 1354
265 1307
266 2504
267 2429
268 1055
269 826
270 177
271 552
272 2265
273 1542
274 268
275 1157
276 1917
277 241
278 650
279 1051
280 2445
281 2821
282 1524
283 1857
284 1203
285 1487
286 1115
287 2903
288 1837
289 2217
290 332
291 2113
292 931
293 2786
294 630
295 1582
296 2221
297 1355
298 2435
299 1752
300 2386
301 2024
302 889
303 82
304 1181
305 606
306 198
307 926
308 291
309 1963
310 987
311 284
312 2506
313 2192
314 994
315 2195
316 2591
317 2837
318 222
319 1604
320 1734
321 2096
322 33
323 274
324 2638
325 71
326 1527
327 1670
328 1429
329 1770
330 2250
331 404
332 2503
333 1407
334 1154
335 1672
336 297
337 1227
338 2992
339 1333
340 1755
341 262
342 498
343 135
344 310
345 1152
346 207
347 2540
348 2875
349 1462
350 1020
351 2479
352 1697
353 266
354 894
355 2761
356 1255
357 270
358 1615
359 1479
360 2772
361 2319
362 801
363 1412
364 162
365 830
366 1027
367 2856
368 1324
369 622
370 1351
371 2823
372 1504
373 646
374 1189
375 1320
376 1183
377 7
378 2523
379 2815
380 2985
381 647
382 2354
383 2048
384 375
385 2758
386 2553
387 186
388 366
389 2812
390 1229
391 2855
392 304
393 1980
394 1077
395 475
396 1377
397 2283
398 1917
399 2636
400 46
401 950
402 45
403 498
404 1512
405 753
406 2153
407 1292
408 2578
409 496
410 1315
411 1225
412 1469
413 250
414 2169
415 2685
416 2514
417 1354
418 735
419 1860
420 415
421 2298
422 1452
423 2020
424 363
425 1269
426 495
427 1887
428 1125
429 977
430 254
431 259
432 2270
433 1313
434 2451
435 1098
436 1427
437 276
438 2581
439 249
440 839
441 934
442 622
443 359
444 413
445 2949
446 399
447 2270
448 232
449 257
450 1503
451 1774
452 2706
453 834
454 1417
455 196
456 85
457 76
458 1987
459 1063
460 1368
461 969
462 2855
463 1282
464 24
465 737
466 2462
467 444
468 2401
469 2023
470 820
471 1243
472 1379
473 2488
474 2397
475 1656
476 1760
477 1797
478 360
479 1188
480 2395
481 755
482 832
483 1139
484 1169
485 1295
486 714
487 1973
488 1026
489 2721
490 502
491 2735
492 52
493 1859
494 682
495 1779
496 607
497 35
498 1633
499 2330
500 585
501 1829
502 2222
503 2706
504 2914
505 1464
506 2368
507 2659
508 2162
509 2845
510 1408
511 1095
512 1766
513 220
514 1048
515 118
516 2868
517 1497
518 210
519 503
520 1367
521 1689
522 900
523 970
524 1070
525 1432
526 2640
527 1551
528 93
529 285
530 546
531 988
532 181
533 1362
534 2630
535 1029
536 578
537 486
538 1931
539 656
540 796
541 2342
542 1409
543 774
544 2585
545 213
546 1026
547 35
548 911
549 1691
550 2893
551 163
552 1502
553 1622
554 2543
555 2504
556 1620
557 239
558 1495
559 2079
560 637
561 2426
562 1192
563 2326
564 1484
565 1471
566 168
567 1540
568 1402
569 1543
570 2173
571 1250
572 2597
573 128
574 2933
575 2644
576 1382
577 2159
578 2089
579 1974
580 140
581 1207
582 2167
583 2468
584 2769
585 362
586 1446
587 395
588 2407
589 1484
590 590
591 2112
592 1545
593 759
594 186
595 1727
596 2334
597 522
598 1330
599 912
600 1437
601 2865
602 654
603 2094
604 1214
605 1849
606 1910
607 2293
608 370
609 2157
610 761
611 13
612 2774
613 2377
614 972

