765 77
0 7
1 2970
2 1664
3 1855
4 968
5 2217
6 82
7 1655
8 327
9 920
10 2814
11 2869
12 493
13 1211
14 1130
15 2646
16 953
17 904
18 1258
19 395
20 2853
21 2324
22 220
23 843
24 1562
25 864
26 1844
27 505
28 677
29 1472
30 2321
31 2716
32 794
33 2721
34 2194
35 797
36 186
37 1237
38 407
39 1235
40 1008
41 1477
42 2443
43 18
44 743
45 1551
46 271
47 253
48 123
49 766
50 2849
51 268
52 2119
53 1393
54 1929
55 269
56 468
57 2517
58 978
59 372
60 1532
61 1092
62 282
63 2876
64 1235
65 2217
66 1456
67 2898
68 387
69 1717
70 77
71 402
72 1808
73 623
74 1881
75 868
76 2711
77 1621
78 215
79 630
80 1615
81 615
82 315
83 2274
84 1595
85 2923
86 1699
87 2265
88 1697
89 1800
90 2482
91 254
92 2956
93 2121
94 1359
95 1878
96 1449
97 2635
98 2156
99 2804
100 2166
101 2446
102 980
103 468
104 410
105 118
106 314
107 1339
108 1760
109 928
110 231
111 1916
112 1357
113 993
114 2107
115 63
116 2292
117 1263
118 1052
119 2761
120 837
121 1261
122 1050
123 2756
124 364
125 12
126 1206
127 1133
128 1266
129 1441
130 1205
131 1655
132 991
133 2068
134 2461
135 1958
136 1742
137 1073
138 1207
139 2037
140 2388
141 1747
142 767
143 2782
144 1001
145 2487
146 622
147 2565
148 929
149 1528
150 1646
151 470
152 43
153 2915
154 109
155 2243
156 1217
157 562
158 989
159 2743
160 598
161 550
162 1418
163 2071
164 190
165 1676
166 2624
167 1549
168 1365
169 1549
170 2683
171 180
172 2814
173 2659
174 1049
175 2639
176 1529
177 1657
178 2724
179 2970
180 954
181 2583
182 1405
183 405
184 1516
185 1171
186 2045
187 644
188 2398
189 1160
190 222
191 1589
192 2809
193 113
194 2009
195 952
196 372
197 660
198 2439
199 1414
200 1726
201 2576
202 124
203 2263
204 2175
205 1125
206 331
207 1539
208 2335
209 2853
210 1829
211 485
212 783
213 1189
214 2187
215 1503
216 2237
217 1402
218 1142
219 1959
220 337
221 2636
222 2528
223 75
224 2833
225 2373
226 1576
227 410
228 2169
229 1243
230 1942
231 1830
232 2813
233 2982
234 2567
235 1713
236 930
237 2532
238 1952
239 2748
240 2306
241 24
242 2961
243 869
244 2367
245 2635
246 515
247 2727
248 537
249 1835
250 2479
251 2662
252 517
253 2062
254 1697
255 866
256 2410
257 1078
258 541
259 1399
260 1292
261 2152
262 53
263 437
264 1138
265 1160
266 1934
267 911
268 2595
269 2398
270 2000
271 1582
272 2971
273 170
274 2995
275 1242
276 1732
277 1535
278 515
279 493
280 387
281 757
282 2144
283 1520
284 1914
285 1730
286 1405
287 819
288 141
289 627
290 2605
291 2861
292 1694
293 790
294 255
295 2618
296 485
297 2456
298 2698
299 1401
300 2631
301 560
302 2016
303 1323
304 2629
305 2511
306 2046
307 2680
308 1261
309 597
310 1093
311 2195
312 2215
313 1566
314 2863
315 1405
316 1490
317 2446
318 79
319 579
320 1798
321 861
322 93
323 1492
324 378
325 586
326 373
327 2524
328 2005
329 1463
330 2241
331 946
332 1271
333 2943
334 2752
335 1976
336 2991
337 2117
338 2031
339 575
340 2758
341 2270
342 729
343 2087
344 1623
345 1329
346 1810
347 1619
348 2162
349 2388
350 557
351 1202
352 1528
353 37
354 1723
355 321
356 1512
357 185
358 1615
359 927
360 1351
361 1504
362 314
363 1806
364 850
365 801
366 2346
367 655
368 2419
369 1854
370 2774
371 2348
372 1990
373 1262
374 2690
375 2176
376 2495
377 252
378 2306
379 611
380 804
381 138
382 704
383 1843
384 951
385 134
386 921
387 2168
388 2859
389 2847
390 1838
391 1746
392 544
393 2508
394 2058
395 816
396 1588
397 2043
398 817
399 710
400 2162
401 1107
402 1734
403 2186
404 2581
405 1416
406 712
407 2395
408 2526
409 726
410 148
411 373
412 221
413 314
414 2972
415 336
416 1577
417 1025
418 2435
419 115
420 2499
421 1426
422 1260
423 80
424 189
425 2941
426 1637
427 771
428 2993
429 1828
430 1764
431 498
432 314
433 2202
434 759
435 2230
436 1561
437 2779
438 1328
439 2024
440 1753
441 1874
442 1780
443 1166
444 1160
445 2718
446 19
447 910
448 952
449 2946
450 387
451 1298
452 1653
453 1088
454 1694
455 2115
456 1010
457 2499
458 2909
459 2029
460 178
461 2625
462 2938
463 1085
464 1097
465 1874
466 1556
467 2944
468 1155
469 2008
470 1334
471 385
472 2835
473 1980
474 2463
475 2822
476 1587
477 1307
478 1025
479 207
480 645
481 1302
482 864
483 1779
484 2471
485 1504
486 2567
487 454
488 328
489 1942
490 799
491 2057
492 700
493 2633
494 314
495 1803
496 952
497 272
498 445
499 2493
500 2405
501 1500
502 2478
503 2696
504 2019
505 2416
506 99
507 2914
508 761
509 2410
510 2984
511 2387
512 952
513 2876
514 1646
515 2729
516 2253
517 1248
518 745
519 1454
520 1686
521 2383
522 2556
523 151
524 1071
525 2353
526 219
527 859
528 2903
529 447
530 447
531 2715
532 1080
533 1637
534 2504
535 984
536 1503
537 1043
538 210
539 41
540 329
541 629
542 1790
543 2976
544 2393
545 2677
546 957
547 2001
548 2959
549 623
550 203
551 2862
552 1642
553 1614
554 2035
555 412
556 1509
557 1204
558 309
559 2132
560 2248
561 1436
562 2932
563 1130
564 2777
565 75
566 2067
567 2401
568 1647
569 2852
570 1905
571 865
572 1365
573 580
574 1491
575 2557
576 1720
577 1033
578 329
579 2576
580 863
581 1005
582 2756
583 1359
584 905
585 1216
586 500
587 383
588 255
589 335
590 2905
591 1029
592 446
593 2324
594 2309
595 670
596 1598
597 1068
598 2968
599 1024
600 152
601 2095
602 1363
603 2607
604 1697
605 709
606 878
607 1603
608 858
609 2957
610 102
611 597
612 2296
613 2397
614 1335
615 1070
616 1013
617 2314
618 86
619 1466
620 1263
621 2365
622 998
623 2704
624 47
625 2358
626 2256
627 2032
628 2509
629 2208
630 735
631 401
632 2942
633 710
634 1099
635 121
636 2136
637 481
638 82
639 917
640 791
641 793
642 922
643 731
644 1333
645 733
646 902
647 1269
648 413
649 336
650 833
651 2143
652 2765
653 2811
654 2808
655 201
656 794
657 2996
658 1842
659 1976
660 2970
661 735
662 1423
663 2626
664 1231
665 2921
666 747
667 912
668 891
669 1821
670 2002
671 1244
672 2118
673 606
674 697
675 1237
676 1212
677 521
678 2764
679 2215
680 1590
681 511
682 734
683 501
684 1869
685 1419
686 318
687 2293
688 813
689 1959
690 2523
691 2911
692 114
693 1644
694 2343
695 1973
696 1162
697 2701
698 1948
699 1531
700 2274
701 1721
702 1781
703 2049
704 2859
705 888
706 905
707 1737
708 2101
709 727
710 1401
711 1684
712 1236
713 1246
714 1256
715 1028
716 2626
717 1468
718 2369
719 1445
720 2079
721 2090
722 109
723 287
724 2242
725 2294
726 2459
727 937
728 2071
729 2015
730 2716
731 2809
732 694
733 2975
734 593
735 1532
736 695
737 1863
738 261
739 1525
740 1534
741 1276
742 914
743 294
744 288
745 2548
746 1221
747 1958
748 185
749 871
750 385
751 1783
752 706
753 534
754 2354
755 2342
756 2935
757 2345
758 439
759 989
760 2922
761 2994
762 63
763 786
764 944

