904 97
0 2244
1 679
2 1285
3 2614
4 343
5 2709
6 2766
7 963
8 2690
9 2915
10 2534
11 1139
12 2289
13 109
14 242
15 1225
16 2744
17 478
18 814
19 2572
20 1304
21 1470
22 115
23 2037
24 11
25 651
26 1893
27 131
28 2231
29 2028
30 2217
31 1131
32 396
33 1135
34 1376
35 2940
36 1158
37 2808
38 2755
39 2929
40 2977
41 1447
42 1949
43 2086
44 2588
45 2781
46 294
47 228
48 2534
49 2891
50 2502
51 2085
52 126
53 978
54 247
55 2469
56 904
57 346
58 1681
59 465
60 1990
61 776
62 1506
63 2950
64 2340
65 2529
66 195
67 1073
68 1275
69 2290
70 715
71 1026
72 2107
73 2288
74 377
75 1220
76 408
77 447
78 1253
79 1697
80 2683
81 1933
82 33
83 1914
84 2037
85 723
86 2129
87 2735
88 2653
89 2228
90 84
91 2527
92 2822
93 203
94 617
95 2162
96 2282
97 2215
98 925
99 427
100 2352
101 676
102 240
103 2320
104 2290
105 2168
106 2324
107 2577
108 704
109 2376
110 982
111 769
112 57
113 1127
114 1767
115 2003
116 2239
117 1379
118 100
119 2534
120 1710
121 304
122 2557
123 2093
124 2531
125 1685
126 1837
127 2104
128 976
129 2686
130 2814
131 2848
132 2795
133 1943
134 214
135 464
136 431
137 1912
138 851
139 2579
140 1983
141 1125
142 458
143 2647
144 683
145 1633
146 2471
147 1723
148 2475
149 1550
150 1082
151 1464
152 1737
153 2000
154 1175
155 2854
156 2424
157 848
158 711
159 1972
160 2822
161 931
162 2065
163 1658
164 2635
165 1855
166 151
167 1369
168 243
169 868
170 835
171 1937
172 2978
173 2857
174 2919
175 2446
176 904
177 2403
178 1351
179 142
180 2017
181 1742
182 56
183 2990
184 1558
185 2176
186 884
187 470
188 2037
189 2493
190 2772
191 2464
192 1302
193 1203
194 559
195 1567
196 2501
197 605
198 2056
199 2375
200 419
201 856
202 968
203 1319
204 341
205 2262
206 397
207 2740
208 2504
209 2478
210 820
211 1980
212 121
213 2722
214 2468
215 163
216 2520
217 2399
218 2311
219 452
220 1067
221 2693
222 2346
223 963
224 43
225 2646
226 2505
227 2232
228 2680
229 1090
230 1765
231 119
232 13
233 2296
234 1459
235 1840
236 482
237 187
238 1403
239 496
240 1556
241 386
242 2370
243 1310
244 48
245 741
246 383
247 2068
248 1275
249 990
250 1261
251 598
252 1342
253 2047
254 1384
255 2626
256 1260
257 1230
258 1156
259 1925
260 2414
261 344
262 1664
263 1214
264 1699
265 765
266 12
267 2706
268 1815
269 71
270 1588
271 639
272 994
273 1553
274 2644
275 1409
276 1450
277 1042
278 2437
279 699
280 606
281 1658
282 1751
283 198
284 1477
285 2898
286 2383
287 1876
288 1176
289 1083
290 2557
291 210
292 2295
293 1957
294 2703
295 2342
296 257
297 2872
298 2078
299 113
300 1164
301 2603
302 771
303 0
304 2589
305 805
306 2361
307 1854
308 1885
309 1752
310 2029
311 1836
312 1778
313 1745
314 2302
315 2115
316 676
317 2198
318 1186
319 1216
320 113
321 626
322 2648
323 1026
324 589
325 801
326 1171
327 1911
328 127
329 561
330 867
331 872
332 2709
333 410
334 1142
335 930
336 2733
337 1457
338 1407
339 1707
340 1598
341 2203
342 1683
343 1966
344 1145
345 2709
346 1692
347 2637
348 2831
349 1254
350 2432
351 1753
352 2498
353 1693
354 1817
355 1912
356 46
357 1103
358 922
359 55
360 2957
361 1082
362 1941
363 169
364 1122
365 2246
366 588
367 1866
368 1693
369 2067
370 961
371 301
372 150
373 1207
374 604
375 914
376 780
377 1991
378 2652
379 1574
380 444
381 1467
382 631
383 1398
384 132
385 316
386 604
387 1010
388 2202
389 2004
390 2566
391 1566
392 2986
393 2148
394 2095
395 1348
396 1347
397 1938
398 2225
399 2823
400 1969
401 2846
402 1951
403 1668
404 354
405 330
406 1378
407 2380
408 2210
409 863
410 566
411 1434
412 456
413 1012
414 1833
415 1590
416 521
417 1964
418 500
419 1117
420 2946
421 1629
422 531
423 1710
424 242
425 732
426 2319
427 1580
428 1276
429 2837
430 1203
431 2542
432 2286
433 2883
434 2945
435 1662
436 2074
437 2770
438 2998
439 853
440 1745
441 1745
442 2195
443 2762
444 612
445 1887
446 2263
447 1086
448 2985
449 2489
450 2272
451 975
452 1290
453 722
454 1359
455 175
456 2953
457 343
458 512
459 2916
460 2156
461 174
462 184
463 969
464 2698
465 2493
466 2954
467 195
468 2102
469 1304
470 2839
471 2052
472 2222
473 2304
474 431
475 326
476 293
477 192
478 2029
479 1613
480 2034
481 459
482 247
483 1419
484 2634
485 154
486 337
487 474
488 2589
489 2724
490 2424
491 1506
492 2437
493 1703
494 902
495 1967
496 737
497 1705
498 595
499 973
500 332
501 1954
502 1724
503 318
504 2763
505 2759
506 2381
507 1637
508 704
509 1207
510 1907
511 2612
512 1806
513 607
514 781
515 1755
516 916
517 1985
518 1062
519 21
520 2227
521 702
522 2024
523 1825
524 1508
525 1863
526 1321
527 659
528 955
529 1483
530 902
531 1665
532 513
533 385
534 1306
535 2213
536 921
537 2222
538 1284
539 2755
540 2827
541 1094
542 2165
543 2110
544 1693
545 1070
546 1171
547 1673
548 1037
549 1093
550 944
551 462
552 2606
553 2248
554 501
555 1673
556 2550
557 2881
558 2372
559 287
560 118
561 2015
562 285
563 1172
564 1329
565 1691
566 1697
567 1089
568 2187
569 1266
570 251
571 2595
572 486
573 492
574 1105
575 2370
576 354
577 1848
578 1651
579 588
580 1073
581 2624
582 2194
583 38
584 622
585 1201
586 92
587 928
588 1160
589 1316
590 777
591 795
592 630
593 1621
594 1565
595 2294
596 216
597 1210
598 137
599 2137
600 1771
601 1768
602 445
603 2319
604 424
605 625
606 2512
607 2060
608 1126
609 2093
610 2334
611 2353
612 285
613 572
614 903
615 1690
616 970
617 1658
618 1228
619 2039
620 1435
621 2303
622 559
623 1445
624 2803
625 1356
626 2310
627 2466
628 1792
629 1577
630 1353
631 372
632 891
633 616
634 2677
635 1614
636 2637
637 1230
638 1896
639 677
640 378
641 1272
642 1541
643 2771
644 453
645 219
646 2801
647 2607
648 1301
649 251
650 2835
651 1118
652 934
653 1250
654 330
655 1009
656 610
657 226
658 2058
659 2183
660 2727
661 1550
662 2004
663 629
664 2432
665 13
666 60
667 400
668 523
669 1078
670 906
671 967
672 501
673 865
674 1613
675 264
676 23
677 378
678 1540
679 1538
680 983
681 2631
682 2369
683 2168
684 1862
685 2016
686 1381
687 953
688 397
689 1832
690 1053
691 2463
692 2457
693 2403
694 1779
695 718
696 2499
697 112
698 1350
699 1843
700 1164
701 1144
702 2014
703 2442
704 2668
705 2188
706 785
707 568
708 1541
709 2975
710 2603
711 1705
712 1774
713 1008
714 2803
715 1304
716 957
717 2986
718 53
719 385
720 1439
721 559
722 2155
723 2214
724 2165
725 2852
726 511
727 1862
728 1185
729 2256
730 2308
731 2192
732 2633
733 446
734 2506
735 531
736 2053
737 1596
738 2545
739 2503
740 744
741 1926
742 1124
743 1839
744 2125
745 17
746 1759
747 450
748 1799
749 787
750 792
751 2882
752 1927
753 19
754 1922
755 253
756 738
757 1474
758 2485
759 1970
760 2840
761 2899
762 1178
763 2158
764 171
765 1610
766 1130
767 389
768 2011
769 1228
770 269
771 977
772 800
773 1653
774 722
775 533
776 996
777 2624
778 118
779 1257
780 1381
781 1588
782 1834
783 2697
784 1930
785 2799
786 1388
787 831
788 777
789 1242
790 971
791 1680
792 926
793 957
794 1604
795 1270
796 2123
797 1912
798 1050
799 1405
800 323
801 2769
802 9
803 2669
804 1121
805 1070
806 380
807 2804
808 2737
809 1421
810 2519
811 801
812 1491
813 2864
814 21
815 1653
816 345
817 3
818 1854
819 801
820 855
821 411
822 2687
823 78
824 1470
825 1665
826 298
827 2583
828 329
829 857
830 2309
831 2537
832 2680
833 694
834 1703
835 2245
836 687
837 1129
838 729
839 1383
840 2331
841 418
842 1714
843 2266
844 2692
845 473
846 2740
847 1907
848 427
849 708
850 2396
851 13
852 1116
853 1997
854 925
855 1325
856 1586
857 2043
858 2109
859 620
860 1365
861 2487
862 930
863 2554
864 72
865 2708
866 676
867 2750
868 1677
869 2139
870 432
871 75
872 1301
873 2560
874 2215
875 1046
876 193
877 828
878 1061
879 2696
880 2514
881 2359
882 2089
883 1506
884 1873
885 1604
886 27
887 1133
888 2391
889 1461
890 2324
891 2880
892 2414
893 956
894 579
895 424
896 2802
897 1373
898 1722
899 876
900 2417
901 1803
902 1907
903 761

