637 33
0 2695
1 2009
2 2358
3 142
4 688
5 2455
6 1194
7 1343
8 1272
9 944
10 1121
11 514
12 1621
13 645
14 1913
15 1826
16 2850
17 1415
18 2092
19 1455
20 1751
21 1294
22 1609
23 279
24 2998
25 2395
26 2813
27 1805
28 997
29 1765
30 1933
31 1924
32 2471
33 1125
34 2476
35 2707
36 2816
37 1654
38 2590
39 2930
40 1024
41 1820
42 1883
43 2256
44 141
45 806
46 2060
47 1544
48 780
49 2166
50 1714
51 109
52 201
53 2386
54 2135
55 2285
56 1380
57 1545
58 2437
59 1796
60 1907
61 1962
62 1637
63 2882
64 369
65 605
66 1410
67 2765
68 2147
69 1177
70 1065
71 2410
72 1053
73 1588
74 2103
75 1898
76 2907
77 118
78 712
79 562
80 956
81 721
82 1201
83 1964
84 2337
85 1306
86 363
87 373
88 147
89 1677
90 839
91 2736
92 1011
93 348
94 582
95 1287
96 1970
97 2028
98 728
99 1820
100 1307
101 1225
102 1495
103 1755
104 2292
105 701
106 1731
107 2374
108 2554
109 441
110 2028
111 204
112 960
113 151
114 950
115 968
116 2195
117 2445
118 2882
119 2101
120 1656
121 2838
122 1201
123 1774
124 2134
125 1579
126 1885
127 2746
128 2883
129 1891
130 2370
131 272
132 1649
133 71
134 2096
135 1699
136 1861
137 2617
138 1083
139 2765
140 1753
141 445
142 1122
143 78
144 759
145 1162
146 445
147 1881
148 1290
149 773
150 2539
151 2211
152 2792
153 50
154 1223
155 572
156 1208
157 2925
158 2013
159 2232
160 822
161 1089
162 1939
163 394
164 613
165 1667
166 1925
167 1798
168 1379
169 1275
170 721
171 2346
172 2475
173 263
174 2981
175 4
176 2901
177 1207
178 1175
179 1053
180 1466
181 2712
182 1753
183 2978
184 2083
185 2161
186 2746
187 2855
188 1836
189 292
190 875
191 238
192 2315
193 1252
194 2786
195 2108
196 1350
197 2869
198 414
199 2676
200 32
201 1794
202 2639
203 495
204 23
205 1905
206 2783
207 2646
208 2880
209 2568
210 948
211 564
212 222
213 118
214 1539
215 266
216 1164
217 2792
218 1917
219 1264
220 2222
221 479
222 33
223 2208
224 1804
225 716
226 1524
227 1936
228 909
229 2451
230 1452
231 1029
232 227
233 717
234 132
235 2552
236 2093
237 822
238 2666
239 1851
240 1703
241 716
242 127
243 2908
244 1671
245 667
246 2356
247 1311
248 2237
249 1249
250 1762
251 2843
252 792
253 1764
254 2872
255 2129
256 2753
257 1903
258 1567
259 1884
260 1685
261 676
262 2160
263 2105
264 37
265 1976
266 2400
267 2118
268 1542
269 0
270 1142
271 2093
272 983
273 2781
274 2807
275 2622
276 1779
277 2263
278 924
279 683
280 2896
281 2950
282 2091
283 67
284 1780
285 136
286 957
287 2814
288 2619
289 334
290 1210
291 1929
292 2416
293 1836
294 2881
295 2071
296 1274
297 2319
298 674
299 2793
300 2783
301 305
302 360
303 1569
304 2912
305 98
306 2744
307 2667
308 90
309 1406
310 2078
311 2474
312 2726
313 1434
314 882
315 2770
316 2665
317 1680
318 2340
319 10
320 2799
321 1245
322 1835
323 1444
324 1778
325 2617
326 343
327 1083
328 484
329 2142
330 183
331 2987
332 2725
333 891
334 1775
335 1343
336 2434
337 2429
338 1629
339 588
340 1257
341 2047
342 2310
343 148
344 1257
345 2116
346 1271
347 1755
348 41
349 1891
350 2349
351 2980
352 1108
353 1856
354 2672
355 1984
356 1018
357 2131
358 1056
359 535
360 1568
361 1748
362 881
363 1877
364 9
365 371
366 2566
367 1994
368 1780
369 2093
370 26
371 1648
372 2550
373 348
374 900
375 2999
376 2362
377 1525
378 1201
379 1830
380 234
381 269
382 615
383 521
384 2531
385 2382
386 549
387 681
388 2338
389 18
390 1307
391 2488
392 1028
393 1753
394 879
395 2280
396 1223
397 953
398 605
399 1986
400 962
401 1109
402 1872
403 316
404 1778
405 1176
406 1168
407 1841
408 2318
409 700
410 674
411 2981
412 2236
413 2830
414 2430
415 334
416 1225
417 1955
418 1152
419 783
420 432
421 916
422 2569
423 502
424 1728
425 478
426 966
427 1795
428 1629
429 1378
430 2144
431 297
432 1188
433 2621
434 976
435 69
436 777
437 402
438 2061
439 1895
440 1706
441 1533
442 321
443 159
444 588
445 1730
446 1793
447 2426
448 2419
449 1317
450 1843
451 759
452 1573
453 2443
454 2491
455 1998
456 1604
457 1752
458 2593
459 2187
460 1515
461 917
462 1644
463 1017
464 2948
465 33
466 1254
467 1463
468 1979
469 839
470 2899
471 829
472 1227
473 120
474 2518
475 1174
476 659
477 1683
478 2536
479 647
480 972
481 2486
482 1472
483 1527
484 2633
485 1450
486 1599
487 1034
488 321
489 2505
490 1793
491 551
492 2820
493 2051
494 1415
495 2405
496 2535
497 2408
498 908
499 654
500 2477
501 2409
502 2311
503 592
504 2271
505 2799
506 1331
507 1874
508 2664
509 2665
510 1074
511 1506
512 380
513 825
514 2820
515 2639
516 17
517 1937
518 100
519 658
520 1164
521 2816
522 781
523 2470
524 720
525 431
526 1728
527 1751
528 2084
529 2826
530 2252
531 83
532 2775
533 1404
534 1941
535 492
536 1549
537 1952
538 184
539 1783
540 730
541 399
542 1383
543 51
544 1938
545 49
546 1043
547 1331
548 336
549 2955
550 2215
551 290
552 2257
553 2590
554 1347
555 2726
556 2025
557 1293
558 1265
559 1205
560 2395
561 740
562 481
563 1631
564 2688
565 2590
566 716
567 1606
568 2609
569 1452
570 1510
571 1310
572 1820
573 2514
574 1431
575 803
576 1858
577 742
578 2137
579 429
580 1958
581 1087
582 536
583 2668
584 1690
585 773
586 763
587 2748
588 2671
589 2707
590 409
591 417
592 110
593 2498
594 2976
595 2456
596 1042
597 2404
598 818
599 2915
600 1325
601 1537
602 2569
603 1291
604 1794
605 2770
606 104
607 2854
608 972
609 2207
610 2627
611 1490
612 2505
613 2619
614 67
615 1878
616 630
617 445
618 832
619 2012
620 2691
621 2519
622 116
623 772
624 2597
625 1047
626 266
627 1944
628 2961
629 1084
630 2716
631 445
632 694
633 2959
634 587
635 1409
636 857

