209 14
0 1633
1 917
2 2538
3 2471
4 2368
5 592
6 33
7 906
8 1482
9 1700
10 104
11 1749
12 2307
13 1596
14 1303
15 2179
16 1723
17 200
18 2530
19 1956
20 624
21 1569
22 2528
23 2549
24 256
25 2699
26 2352
27 1464
28 1485
29 141
30 1419
31 675
32 2846
33 1508
34 285
35 1344
36 2787
37 2834
38 841
39 542
40 2501
41 1350
42 848
43 2875
44 2410
45 600
46 2678
47 696
48 119
49 1932
50 1509
51 2293
52 566
53 2572
54 2861
55 1118
56 262
57 4
58 795
59 2906
60 2575
61 129
62 1164
63 2152
64 2428
65 1970
66 5
67 2686
68 1082
69 2405
70 1375
71 921
72 1804
73 1696
74 876
75 1612
76 2843
77 2535
78 1756
79 206
80 2191
81 3
82 2273
83 2127
84 1352
85 2873
86 2710
87 1584
88 2813
89 2292
90 1804
91 114
92 1934
93 777
94 2168
95 2394
96 660
97 2342
98 1564
99 418
100 1650
101 1460
102 2850
103 503
104 290
105 503
106 2608
107 43
108 102
109 1178
110 2529
111 792
112 1054
113 108
114 196
115 876
116 256
117 2368
118 1309
119 2919
120 291
121 1796
122 1949
123 1131
124 1697
125 1550
126 1259
127 2689
128 2663
129 53
130 1052
131 2496
132 436
133 2094
134 418
135 2550
136 928
137 29
138 1456
139 2119
140 2867
141 1133
142 2418
143 88
144 2979
145 665
146 675
147 625
148 225
149 2139
150 897
151 2640
152 822
153 1130
154 2410
155 2598
156 2524
157 2069
158 864
159 605
160 579
161 786
162 240
163 942
164 1808
165 1288
166 669
167 2182
168 578
169 1305
170 1011
171 623
172 19
173 1032
174 1531
175 523
176 1721
177 2439
178 966
179 2704
180 159
181 1451
182 1451
183 2981
184 1419
185 2319
186 430
187 857
188 1038
189 1171
190 2304
191 1926
192 2137
193 2345
194 381
195 639
196 878
197 2377
198 1997
199 1458
200 1709
201 508
202 2851
203 1715
204 1066
205 1558
206 2204
207 2127
208 1767

