310 1
0 1009
1 1349
2 2356
3 163
4 2686
5 1408
6 2970
7 2464
8 1358
9 2245
10 1911
11 2957
12 588
13 1871
14 2819
15 1945
16 380
17 1209
18 1625
19 2833
20 1492
21 2159
22 2398
23 2898
24 2380
25 334
26 600
27 283
28 1640
29 463
30 2919
31 1747
32 127
33 24
34 895
35 144
36 573
37 1154
38 1769
39 713
40 1383
41 348
42 1430
43 2826
44 1617
45 1112
46 1120
47 963
48 337
49 841
50 432
51 241
52 713
53 179
54 2448
55 2431
56 1086
57 606
58 2881
59 1314
60 1953
61 1002
62 1872
63 1104
64 1067
65 1659
66 286
67 2220
68 2995
69 1054
70 1553
71 1769
72 2961
73 1363
74 2040
75 2766
76 805
77 2161
78 1630
79 1453
80 1863
81 2840
82 2022
83 937
84 1142
85 1664
86 2737
87 2310
88 1885
89 1560
90 1214
91 114
92 1462
93 42
94 1942
95 1053
96 1475
97 1518
98 2416
99 962
100 2728
101 2583
102 1713
103 2575
104 1945
105 1511
106 1888
107 1401
108 535
109 799
110 1106
111 473
112 925
113 1242
114 2582
115 2340
116 1223
117 2314
118 1636
119 2929
120 2155
121 2302
122 2976
123 1219
124 1215
125 2922
126 598
127 1670
128 1583
129 2364
130 2222
131 634
132 2489
133 839
134 957
135 637
136 218
137 1542
138 1531
139 1289
140 407
141 2483
142 1812
143 998
144 415
145 2886
146 1765
147 2185
148 1026
149 159
150 1491
151 492
152 2527
153 121
154 217
155 1992
156 1008
157 226
158 1632
159 47
160 2818
161 734
162 490
163 1053
164 492
165 425
166 315
167 1952
168 1438
169 2768
170 392
171 1265
172 2023
173 2328
174 988
175 2767
176 771
177 1594
178 1909
179 50
180 881
181 708
182 1478
183 135
184 480
185 2341
186 2858
187 236
188 2773
189 2423
190 1900
191 1733
192 1833
193 2460
194 1784
195 2499
196 381
197 2512
198 578
199 2067
200 1739
201 258
202 1701
203 2385
204 1486
205 1925
206 1412
207 1824
208 1681
209 1109
210 2452
211 1421
212 822
213 579
214 1085
215 2529
216 935
217 1153
218 1994
219 404
220 1740
221 1688
222 514
223 2366
224 1448
225 1261
226 1108
227 2093
228 1749
229 355
230 2687
231 1058
232 1106
233 2056
234 2625
235 2092
236 102
237 927
238 220
239 1837
240 1795
241 2130
242 2136
243 286
244 2355
245 1257
246 2725
247 168
248 1799
249 377
250 1890
251 396
252 2782
253 185
254 835
255 2436
256 2443
257 2224
258 2703
259 1615
260 851
261 60
262 2821
263 1946
264 1906
265 2772
266 1740
267 2607
268 1607
269 1717
270 512
271 2533
272 943
273 2688
274 1688
275 2139
276 822
277 1250
278 354
279 2120
280 2231
281 648
282 253
283 1512
284 1294
285 2462
286 2129
287 2431
288 2339
289 1921
290 2532
291 466
292 1363
293 2091
294 2205
295 1965
296 2060
297 2668
298 1225
299 86
300 587
301 1476
302 2837
303 781
304 2286
305 857
306 2693
307 399
308 1763
309 2432

