479 77
0 2895
1 2037
2 1572
3 2862
4 863
5 530
6 1889
7 2503
8 1895
9 1372
10 634
11 1020
12 153
13 1687
14 2058
15 779
16 2001
17 1537
18 2271
19 2887
20 2453
21 2981
22 258
23 2639
24 1571
25 619
26 2607
27 2943
28 1688
29 1684
30 2474
31 1148
32 1301
33 2297
34 208
35 2978
36 1881
37 1158
38 780
39 1727
40 1506
41 1124
42 2674
43 2564
44 2735
45 597
46 2642
47 1073
48 2186
49 2950
50 2151
51 167
52 2146
53 1816
54 2044
55 1891
56 2804
57 2777
58 2064
59 2618
60 2159
61 1963
62 539
63 2328
64 2660
65 2170
66 947
67 597
68 892
69 1276
70 493
71 776
72 2700
73 1013
74 657
75 1822
76 435
77 2364
78 1073
79 311
80 1385
81 2151
82 1181
83 1220
84 1692
85 460
86 1758
87 1363
88 1983
89 1142
90 853
91 2237
92 56
93 2961
94 2809
95 965
96 1266
97 940
98 1795
99 2755
100 2953
101 141
102 1073
103 2769
104 2326
105 1553
106 1032
107 2429
108 27
109 465
110 2767
111 1391
112 427
113 473
114 532
115 634
116 179
117 2886
118 2309
119 2179
120 751
121 2865
122 371
123 2219
124 875
125 988
126 1578
127 67
128 1345
129 284
130 2879
131 439
132 844
133 58
134 979
135 1003
136 2683
137 388
138 1798
139 2102
140 2427
141 2835
142 2264
143 1850
144 2241
145 1554
146 1554
147 1497
148 2305
149 2242
150 2762
151 1470
152 2316
153 1096
154 1234
155 2221
156 2078
157 342
158 1767
159 743
160 2182
161 1031
162 2782
163 1832
164 259
165 2177
166 1094
167 1592
168 982
169 1425
170 1648
171 2
172 2170
173 2715
174 1713
175 1120
176 1555
177 2127
178 1301
179 296
180 460
181 859
182 975
183 2831
184 1360
185 2534
186 1833
187 1950
188 2314
189 1714
190 442
191 2680
192 1677
193 2376
194 411
195 637
196 2284
197 111
198 2457
199 1857
200 1807
201 2638
202 220
203 1181
204 1589
205 202
206 1350
207 1015
208 2770
209 537
210 2300
211 1890
212 2155
213 436
214 252
215 2843
216 1203
217 2746
218 2576
219 2764
220 2610
221 620
222 765
223 691
224 2757
225 113
226 2980
227 2480
228 975
229 1373
230 220
231 198
232 2444
233 1979
234 1533
235 1275
236 422
237 1503
238 795
239 1181
240 1812
241 2459
242 92
243 1097
244 2162
245 1999
246 2212
247 305
248 2560
249 185
250 1759
251 1429
252 1377
253 2109
254 1618
255 1551
256 1742
257 1770
258 1037
259 1079
260 2368
261 470
262 2591
263 2593
264 1469
265 597
266 2366
267 1590
268 1461
269 2676
270 450
271 1939
272 2445
273 1993
274 862
275 2755
276 2878
277 1715
278 2063
279 1835
280 784
281 2678
282 998
283 906
284 2679
285 1880
286 720
287 1267
288 2614
289 568
290 1858
291 2586
292 2313
293 1124
294 462
295 360
296 1787
297 1721
298 1757
299 381
300 1310
301 1609
302 322
303 777
304 1625
305 2394
306 2737
307 1684
308 2997
309 2883
310 2103
311 1852
312 2634
313 1722
314 628
315 1775
316 2486
317 324
318 1953
319 1994
320 946
321 2941
322 816
323 1092
324 2773
325 1165
326 385
327 1700
328 914
329 2325
330 2760
331 1103
332 313
333 2946
334 503
335 2383
336 988
337 223
338 953
339 620
340 927
341 243
342 1931
343 2688
344 313
345 1689
346 119
347 1867
348 666
349 2664
350 1775
351 706
352 2870
353 815
354 2021
355 2916
356 1132
357 2371
358 928
359 2271
360 2850
361 1188
362 188
363 2466
364 1692
365 2744
366 2861
367 1028
368 176
369 2126
370 753
371 1013
372 2120
373 1012
374 717
375 2801
376 2005
377 2006
378 887
379 862
380 2297
381 2489
382 2757
383 2480
384 1147
385 731
386 2599
387 429
388 510
389 2998
390 1475
391 7
392 2720
393 2898
394 2050
395 2926
396 1395
397 1950
398 2892
399 2772
400 459
401 1217
402 1733
403 1178
404 355
405 2822
406 1652
407 2634
408 18
409 886
410 795
411 1976
412 719
413 2979
414 1113
415 2790
416 989
417 1760
418 516
419 1575
420 1050
421 2525
422 240
423 2435
424 2554
425 1191
426 442
427 997
428 786
429 2442
430 262
431 2431
432 2579
433 1920
434 306
435 710
436 564
437 571
438 2529
439 951
440 2354
441 985
442 1811
443 1107
444 2142
445 680
446 242
447 1874
448 1474
449 48
450 1737
451 417
452 1973
453 2883
454 914
455 1139
456 2620
457 1606
458 47
459 652
460 469
461 2333
462 1087
463 1114
464 2793
465 2475
466 1698
467 2894
468 614
469 894
470 1536
471 1840
472 2166
473 523
474 2075
475 2589
476 2425
477 1239
478 1482

