444 36
0 2460
1 921
2 182
3 1504
4 874
5 1055
6 506
7 780
8 1326
9 2978
10 1356
11 1485
12 464
13 7
14 2178
15 1831
16 768
17 2269
18 1667
19 1147
20 241
21 1425
22 1593
23 2785
24 947
25 1825
26 2895
27 2990
28 2657
29 14
30 2275
31 2106
32 2187
33 1580
34 995
35 2852
36 917
37 2132
38 1111
39 450
40 318
41 724
42 1939
43 1618
44 1596
45 107
46 932
47 2376
48 2561
49 1705
50 1889
51 1041
52 2588
53 2663
54 2044
55 2144
56 2211
57 2050
58 817
59 1207
60 769
61 2
62 1207
63 25
64 85
65 1353
66 1868
67 1309
68 549
69 2424
70 2901
71 584
72 1623
73 1116
74 1059
75 1034
76 2889
77 2917
78 1818
79 2009
80 2617
81 2303
82 12
83 2504
84 1785
85 2888
86 2789
87 868
88 2593
89 2067
90 1189
91 2082
92 140
93 1068
94 452
95 805
96 1928
97 1051
98 766
99 2795
100 1777
101 1866
102 2624
103 549
104 1164
105 1956
106 932
107 2040
108 266
109 2629
110 2620
111 2167
112 2892
113 970
114 74
115 114
116 1431
117 2464
118 1169
119 2477
120 1893
121 1919
122 2671
123 2129
124 115
125 958
126 2532
127 539
128 1062
129 678
130 874
131 1098
132 613
133 1417
134 569
135 1861
136 2001
137 1183
138 2953
139 48
140 485
141 125
142 2681
143 2893
144 1202
145 498
146 1380
147 2732
148 2152
149 2133
150 1947
151 1577
152 2794
153 1779
154 684
155 1903
156 2699
157 808
158 180
159 2735
160 683
161 1746
162 2723
163 1358
164 983
165 17
166 761
167 1121
168 775
169 1349
170 118
171 647
172 881
173 2454
174 2304
175 2042
176 2165
177 1514
178 2154
179 433
180 293
181 370
182 2977
183 111
184 2736
185 1980
186 2835
187 106
188 2537
189 830
190 2665
191 1887
192 1521
193 1572
194 1678
195 1740
196 90
197 1177
198 2508
199 126
200 1020
201 2789
202 2415
203 2524
204 2312
205 1538
206 2061
207 2617
208 1259
209 1213
210 1421
211 1480
212 2100
213 1975
214 529
215 2969
216 2042
217 1116
218 942
219 2633
220 1931
221 4
222 997
223 301
224 434
225 2686
226 2035
227 1719
228 939
229 1033
230 848
231 1460
232 1814
233 521
234 2796
235 2165
236 2973
237 2177
238 312
239 472
240 2676
241 632
242 2409
243 1507
244 718
245 1758
246 939
247 2660
248 1348
249 1812
250 2739
251 2825
252 90
253 454
254 2259
255 1406
256 2580
257 1313
258 1840
259 2653
260 1594
261 2892
262 1445
263 2025
264 2229
265 1012
266 2609
267 1201
268 1147
269 1661
270 1125
271 1647
272 848
273 2218
274 557
275 2242
276 2932
277 237
278 1706
279 2094
280 351
281 2848
282 2017
283 2939
284 1707
285 2078
286 2950
287 2190
288 828
289 1107
290 2357
291 2460
292 975
293 2887
294 1315
295 615
296 1313
297 2904
298 368
299 786
300 1711
301 902
302 644
303 2914
304 246
305 1908
306 1681
307 1728
308 917
309 930
310 1469
311 1175
312 1593
313 2138
314 1356
315 2135
316 68
317 251
318 2611
319 198
320 1013
321 85
322 1827
323 474
324 1770
325 608
326 676
327 2467
328 2221
329 2065
330 2184
331 1471
332 2532
333 2385
334 80
335 2997
336 182
337 2265
338 950
339 1002
340 823
341 459
342 2543
343 1105
344 1194
345 2829
346 972
347 1480
348 564
349 2098
350 1108
351 1058
352 2438
353 2982
354 1824
355 141
356 1008
357 385
358 2711
359 1461
360 2008
361 2362
362 82
363 2490
364 874
365 1406
366 2022
367 2952
368 2747
369 2857
370 1641
371 1342
372 1500
373 669
374 918
375 252
376 2184
377 1975
378 49
379 2980
380 1567
381 2278
382 513
383 1536
384 688
385 1184
386 2834
387 2944
388 1643
389 2357
390 1839
391 2632
392 128
393 332
394 1528
395 2634
396 2290
397 448
398 1357
399 2940
400 2275
401 221
402 73
403 2470
404 32
405 1940
406 1101
407 1351
408 1792
409 543
410 1552
411 2278
412 718
413 711
414 2642
415 2217
416 402
417 579
418 1591
419 81
420 442
421 1520
422 2054
423 2585
424 1093
425 955
426 1086
427 486
428 2709
429 2935
430 582
431 314
432 943
433 104
434 716
435 991
436 631
437 1724
438 202
439 2766
440 1992
441 1998
442 2015
443 2486

