821 62
0 68
1 702
2 2768
3 877
4 2253
5 739
6 2971
7 2
8 69
9 1966
10 782
11 818
12 720
13 2504
14 2924
15 973
16 2180
17 2094
18 1509
19 1599
20 75
21 1355
22 269
23 2140
24 1586
25 2027
26 1050
27 911
28 62
29 2945
30 1826
31 265
32 1653
33 1711
34 2264
35 2358
36 26
37 1641
38 2351
39 148
40 2293
41 425
42 2963
43 2518
44 2888
45 2454
46 2660
47 2993
48 1713
49 402
50 1579
51 1033
52 1550
53 2472
54 1373
55 26
56 2623
57 557
58 2291
59 2599
60 1101
61 2835
62 2761
63 2823
64 1940
65 327
66 1762
67 1683
68 1615
69 1893
70 1286
71 1740
72 2115
73 2313
74 2295
75 1376
76 2620
77 2948
78 1129
79 1806
80 2151
81 2445
82 2380
83 2072
84 2336
85 2953
86 1869
87 520
88 1862
89 1346
90 2751
91 845
92 993
93 904
94 1068
95 1866
96 242
97 424
98 266
99 756
100 497
101 1109
102 2173
103 310
104 1002
105 953
106 1833
107 2923
108 800
109 2394
110 1285
111 1891
112 1882
113 2340
114 2080
115 854
116 1237
117 2334
118 574
119 2155
120 2270
121 2308
122 1128
123 2618
124 2375
125 1920
126 215
127 2009
128 1074
129 2009
130 1698
131 932
132 2615
133 1986
134 2475
135 2991
136 288
137 1031
138 2625
139 2835
140 1408
141 629
142 446
143 237
144 2534
145 1849
146 363
147 2197
148 2946
149 1530
150 212
151 1857
152 2684
153 418
154 1988
155 1216
156 2330
157 2143
158 1228
159 1743
160 1745
161 2592
162 2908
163 664
164 979
165 2219
166 2100
167 514
168 1532
169 1156
170 1619
171 1311
172 2773
173 166
174 2733
175 431
176 422
177 137
178 544
179 2309
180 246
181 1835
182 338
183 1577
184 430
185 2765
186 1174
187 591
188 471
189 718
190 1437
191 55
192 107
193 825
194 172
195 369
196 60
197 2768
198 636
199 775
200 2604
201 1457
202 1690
203 1515
204 2611
205 2275
206 1266
207 1842
208 2527
209 1393
210 2322
211 552
212 155
213 632
214 2293
215 2894
216 1650
217 1636
218 344
219 2169
220 2997
221 424
222 1660
223 2222
224 2861
225 2191
226 1103
227 739
228 2739
229 1352
230 1388
231 831
232 2141
233 732
234 2965
235 1670
236 2358
237 228
238 2338
239 2379
240 2232
241 885
242 1315
243 910
244 51
245 1616
246 2855
247 193
248 1637
249 2132
250 620
251 1667
252 940
253 1116
254 882
255 154
256 2434
257 1977
258 1954
259 2397
260 1618
261 1230
262 2236
263 2836
264 1181
265 1881
266 1678
267 815
268 1435
269 2970
270 2302
271 489
272 1634
273 1717
274 2036
275 1780
276 1882
277 1899
278 493
279 2866
280 2384
281 2006
282 981
283 2763
284 1286
285 527
286 521
287 47
288 147
289 1995
290 688
291 1601
292 871
293 2295
294 771
295 2919
296 590
297 2065
298 230
299 2204
300 1472
301 1792
302 2815
303 2364
304 908
305 1228
306 2690
307 2633
308 2525
309 206
310 596
311 2876
312 2035
313 1146
314 2668
315 950
316 1797
317 1738
318 278
319 2102
320 674
321 1879
322 2467
323 569
324 2193
325 2613
326 169
327 585
328 1945
329 2509
330 1434
331 2525
332 1468
333 1199
334 2758
335 347
336 2150
337 644
338 2328
339 2777
340 2846
341 370
342 2436
343 145
344 2628
345 1589
346 2123
347 2188
348 933
349 1862
350 2557
351 2672
352 1762
353 2102
354 2628
355 870
356 1541
357 1269
358 901
359 2622
360 2889
361 2959
362 2211
363 981
364 2441
365 312
366 1198
367 2891
368 747
369 742
370 2214
371 2470
372 1594
373 2019
374 873
375 1140
376 2284
377 1709
378 1288
379 2640
380 579
381 2103
382 1019
383 2733
384 2928
385 137
386 683
387 1555
388 1941
389 350
390 1996
391 1813
392 386
393 1231
394 2248
395 2737
396 650
397 2089
398 2473
399 1145
400 971
401 2195
402 2521
403 1043
404 1260
405 2173
406 2088
407 441
408 477
409 1718
410 1001
411 2920
412 560
413 1726
414 1358
415 652
416 1820
417 1137
418 257
419 2576
420 141
421 1816
422 674
423 174
424 406
425 2031
426 2934
427 1908
428 2688
429 1781
430 2032
431 1812
432 2003
433 1308
434 1961
435 2630
436 2686
437 2049
438 1619
439 743
440 1991
441 828
442 1733
443 1155
444 787
445 1021
446 754
447 981
448 1522
449 2412
450 2676
451 1147
452 1953
453 1757
454 45
455 2420
456 2980
457 1364
458 645
459 2530
460 1721
461 2293
462 81
463 1082
464 2834
465 779
466 2891
467 1200
468 2448
469 867
470 2841
471 1880
472 2193
473 569
474 2215
475 1340
476 61
477 1881
478 1697
479 2733
480 1355
481 2595
482 2282
483 12
484 2926
485 2958
486 1719
487 1173
488 1934
489 588
490 76
491 2316
492 1001
493 1212
494 1813
495 283
496 395
497 1882
498 741
499 1345
500 515
501 1444
502 478
503 1556
504 2181
505 1691
506 796
507 1001
508 2258
509 2635
510 608
511 2760
512 1261
513 2811
514 330
515 1685
516 1333
517 742
518 2675
519 202
520 427
521 1396
522 2642
523 2179
524 1858
525 2988
526 304
527 842
528 2824
529 2579
530 1683
531 1285
532 1250
533 2699
534 16
535 2586
536 2493
537 485
538 2406
539 700
540 1390
541 1295
542 2373
543 645
544 1726
545 2768
546 1307
547 1286
548 1543
549 711
550 1504
551 998
552 1949
553 2979
554 1409
555 2659
556 2620
557 2419
558 1348
559 480
560 2831
561 1528
562 2831
563 254
564 2460
565 1481
566 1214
567 651
568 2045
569 105
570 1439
571 2787
572 1527
573 2894
574 2746
575 502
576 380
577 2837
578 707
579 2528
580 225
581 104
582 2068
583 558
584 1226
585 1336
586 1638
587 667
588 1534
589 1279
590 2615
591 2482
592 2418
593 1596
594 2816
595 1867
596 625
597 158
598 2907
599 459
600 457
601 2115
602 999
603 242
604 462
605 660
606 1338
607 1113
608 1330
609 1510
610 1591
611 333
612 2975
613 725
614 2461
615 2903
616 49
617 618
618 735
619 2981
620 1505
621 1509
622 1868
623 525
624 1944
625 1496
626 2868
627 924
628 2639
629 587
630 378
631 1776
632 2370
633 1881
634 898
635 1619
636 217
637 2056
638 1328
639 2978
640 579
641 1727
642 695
643 1891
644 472
645 822
646 2428
647 204
648 1746
649 2285
650 421
651 2141
652 2175
653 92
654 1819
655 365
656 393
657 845
658 2554
659 182
660 2451
661 2373
662 2819
663 2015
664 2950
665 1010
666 164
667 2826
668 2851
669 2544
670 501
671 1763
672 1258
673 1786
674 2440
675 2416
676 1010
677 1632
678 1371
679 2788
680 2314
681 1500
682 3000
683 2575
684 195
685 2304
686 688
687 2816
688 2244
689 539
690 1495
691 2047
692 1421
693 1657
694 1995
695 861
696 933
697 2000
698 2216
699 319
700 644
701 1412
702 2782
703 1799
704 35
705 1521
706 1933
707 1271
708 2024
709 1876
710 857
711 2047
712 2236
713 2164
714 1936
715 96
716 1988
717 1289
718 2072
719 2456
720 614
721 1535
722 135
723 2810
724 1975
725 1693
726 1530
727 716
728 76
729 708
730 287
731 227
732 2607
733 152
734 1481
735 1011
736 106
737 2616
738 1868
739 884
740 1293
741 518
742 2606
743 231
744 1406
745 234
746 285
747 1398
748 822
749 118
750 1130
751 1575
752 162
753 569
754 59
755 1583
756 2333
757 2650
758 2574
759 2422
760 396
761 488
762 444
763 2756
764 1847
765 267
766 2539
767 924
768 1367
769 1292
770 2628
771 1611
772 2514
773 1193
774 1026
775 1378
776 1441
777 527
778 1716
779 537
780 747
781 2350
782 1109
783 1736
784 51
785 2068
786 2738
787 2127
788 1893
789 490
790 1300
791 211
792 28
793 2337
794 2245
795 2670
796 163
797 273
798 1786
799 479
800 54
801 1509
802 1259
803 2511
804 2886
805 1344
806 1232
807 2983
808 1604
809 2416
810 157
811 2035
812 1936
813 2416
814 2861
815 314
816 2719
817 102
818 586
819 529
820 2265

