596 19
0 404
1 173
2 2505
3 2576
4 1042
5 388
6 661
7 849
8 526
9 439
10 1489
11 1076
12 1487
13 2246
14 1932
15 2708
16 1490
17 2802
18 2171
19 825
20 1661
21 1258
22 2855
23 1737
24 2733
25 2914
26 1570
27 273
28 723
29 2028
30 1797
31 2663
32 1374
33 2857
34 451
35 1701
36 1105
37 410
38 1467
39 2211
40 81
41 349
42 1457
43 2937
44 2210
45 892
46 1967
47 2970
48 1544
49 169
50 432
51 316
52 416
53 7
54 459
55 412
56 587
57 667
58 460
59 2634
60 1294
61 2083
62 1071
63 1986
64 1763
65 2401
66 1557
67 805
68 1887
69 2464
70 1054
71 1585
72 733
73 785
74 2213
75 1322
76 990
77 2141
78 1145
79 1055
80 279
81 163
82 1162
83 2494
84 1004
85 976
86 2773
87 857
88 2895
89 2168
90 960
91 1236
92 2227
93 479
94 361
95 711
96 1154
97 501
98 2279
99 2900
100 2684
101 2634
102 575
103 2181
104 261
105 2481
106 2011
107 1246
108 56
109 2591
110 1364
111 594
112 395
113 2969
114 2806
115 2835
116 2527
117 1618
118 1531
119 1994
120 2191
121 843
122 200
123 2436
124 2134
125 2686
126 1277
127 1568
128 2524
129 2062
130 2771
131 883
132 1207
133 815
134 1341
135 579
136 2348
137 1259
138 2656
139 818
140 1499
141 2695
142 1569
143 1166
144 2201
145 26
146 826
147 850
148 2911
149 400
150 367
151 29
152 2184
153 2796
154 2615
155 141
156 435
157 487
158 13
159 173
160 1692
161 2100
162 1869
163 2633
164 239
165 838
166 2181
167 1965
168 2049
169 1694
170 1298
171 536
172 2815
173 2168
174 300
175 827
176 497
177 1379
178 1997
179 2047
180 2116
181 2203
182 2711
183 1811
184 908
185 171
186 2984
187 2265
188 1942
189 646
190 2308
191 1287
192 566
193 1882
194 1662
195 2968
196 2025
197 203
198 596
199 343
200 2575
201 1288
202 1388
203 1055
204 2562
205 1922
206 2667
207 234
208 2627
209 1178
210 2684
211 2241
212 1346
213 1182
214 81
215 2995
216 1863
217 275
218 700
219 1101
220 1177
221 459
222 2185
223 1629
224 2897
225 855
226 403
227 1368
228 1251
229 2879
230 1976
231 1788
232 2267
233 2062
234 525
235 582
236 1404
237 786
238 2533
239 2729
240 409
241 2229
242 1494
243 2567
244 2847
245 2099
246 95
247 1537
248 62
249 2492
250 2228
251 2057
252 1698
253 2583
254 2916
255 1159
256 1214
257 2403
258 1800
259 1273
260 1125
261 8
262 1500
263 1295
264 1884
265 2403
266 2972
267 2328
268 2447
269 1644
270 1249
271 854
272 2489
273 1891
274 2689
275 2942
276 2324
277 1381
278 154
279 2743
280 1053
281 2640
282 2892
283 2688
284 2885
285 577
286 742
287 706
288 1390
289 465
290 1267
291 1533
292 2768
293 242
294 1271
295 2769
296 2043
297 209
298 684
299 121
300 1610
301 909
302 2290
303 1270
304 2652
305 5
306 2318
307 70
308 1256
309 1858
310 2270
311 2170
312 2511
313 1215
314 413
315 1573
316 2303
317 671
318 1881
319 2077
320 517
321 253
322 1646
323 1358
324 1945
325 2633
326 1562
327 924
328 287
329 2583
330 563
331 810
332 2975
333 1701
334 1520
335 1884
336 720
337 1068
338 2186
339 1160
340 2116
341 675
342 2204
343 2883
344 612
345 1456
346 273
347 2806
348 825
349 2474
350 2441
351 2031
352 3000
353 1273
354 693
355 1462
356 2081
357 551
358 2899
359 1553
360 2817
361 2429
362 2711
363 1208
364 470
365 953
366 625
367 1720
368 2014
369 706
370 607
371 494
372 390
373 2607
374 2828
375 763
376 1474
377 1474
378 725
379 1446
380 1389
381 122
382 2952
383 679
384 1661
385 436
386 2486
387 540
388 1031
389 1820
390 2672
391 2903
392 1407
393 2409
394 208
395 350
396 936
397 2430
398 2359
399 1892
400 1935
401 456
402 1178
403 336
404 2740
405 684
406 1678
407 2067
408 1774
409 888
410 2483
411 876
412 463
413 1880
414 644
415 503
416 2137
417 1816
418 1997
419 1972
420 2700
421 1548
422 2143
423 827
424 913
425 2475
426 49
427 2760
428 1518
429 947
430 310
431 178
432 147
433 402
434 2163
435 2495
436 696
437 802
438 2362
439 1585
440 734
441 2313
442 198
443 137
444 909
445 221
446 812
447 1367
448 2471
449 479
450 512
451 2823
452 442
453 1962
454 110
455 1289
456 1705
457 1613
458 1654
459 279
460 2265
461 328
462 744
463 1612
464 2261
465 1973
466 2203
467 1869
468 2282
469 1701
470 78
471 1413
472 721
473 774
474 568
475 1872
476 2952
477 1425
478 2880
479 1104
480 2885
481 464
482 703
483 2501
484 99
485 2004
486 2817
487 2341
488 609
489 473
490 2591
491 416
492 2346
493 864
494 1936
495 1182
496 738
497 958
498 289
499 718
500 393
501 2430
502 1325
503 265
504 2309
505 2319
506 1589
507 1566
508 667
509 1107
510 771
511 2892
512 365
513 2250
514 2469
515 2712
516 2905
517 1290
518 1642
519 1706
520 1732
521 216
522 1497
523 2334
524 1506
525 768
526 205
527 1630
528 663
529 668
530 1759
531 2528
532 1107
533 1684
534 2556
535 47
536 1581
537 2906
538 1773
539 2129
540 2800
541 2408
542 1181
543 1280
544 2206
545 183
546 666
547 1514
548 1394
549 2592
550 1487
551 521
552 2144
553 2091
554 1394
555 927
556 2922
557 448
558 1229
559 368
560 882
561 1507
562 1369
563 1067
564 340
565 2810
566 434
567 2269
568 1996
569 2138
570 342
571 1007
572 1398
573 446
574 1765
575 2725
576 2546
577 2499
578 2759
579 1103
580 2500
581 2921
582 2015
583 2485
584 1337
585 1968
586 2517
587 995
588 2699
589 970
590 1276
591 2631
592 790
593 955
594 1886
595 387

