709 16
0 1424
1 2824
2 2989
3 583
4 977
5 1376
6 2808
7 580
8 595
9 419
10 566
11 1841
12 1957
13 1834
14 2146
15 76
16 2355
17 2955
18 1832
19 373
20 1832
21 1291
22 993
23 1976
24 30
25 1191
26 1898
27 162
28 1692
29 585
30 118
31 2458
32 2737
33 334
34 1540
35 2180
36 2849
37 1066
38 1125
39 1167
40 2240
41 1336
42 343
43 2462
44 2488
45 2783
46 322
47 1873
48 299
49 971
50 1232
51 48
52 1493
53 1889
54 1458
55 174
56 1242
57 822
58 2714
59 861
60 1160
61 2353
62 2864
63 290
64 243
65 1304
66 1157
67 2222
68 13
69 2156
70 1409
71 1206
72 1953
73 1122
74 2789
75 2533
76 2547
77 2732
78 623
79 1395
80 2968
81 1599
82 281
83 1287
84 1963
85 2331
86 1821
87 1505
88 2828
89 2274
90 2932
91 260
92 1981
93 404
94 1331
95 2788
96 2588
97 2320
98 1020
99 382
100 2579
101 586
102 2680
103 1239
104 1325
105 1158
106 2729
107 599
108 956
109 2540
110 2676
111 1315
112 985
113 2274
114 1613
115 818
116 1881
117 2223
118 575
119 1735
120 1287
121 843
122 1763
123 2013
124 2208
125 1355
126 1570
127 954
128 1931
129 2943
130 1272
131 28
132 371
133 366
134 2522
135 1108
136 501
137 996
138 372
139 1817
140 298
141 1334
142 1748
143 2002
144 529
145 2341
146 651
147 2907
148 5
149 16
150 1838
151 1778
152 564
153 1227
154 2571
155 1241
156 294
157 1297
158 1282
159 1251
160 1631
161 313
162 1325
163 1008
164 269
165 805
166 1110
167 347
168 372
169 481
170 1051
171 1098
172 1830
173 743
174 1022
175 1411
176 416
177 2652
178 1908
179 1826
180 2392
181 1952
182 1311
183 2847
184 14
185 787
186 1386
187 1186
188 848
189 2015
190 2038
191 338
192 1302
193 397
194 2259
195 1358
196 41
197 2016
198 913
199 1439
200 713
201 170
202 1407
203 713
204 185
205 128
206 1276
207 2799
208 106
209 487
210 2695
211 2910
212 1930
213 1816
214 2374
215 727
216 1805
217 1692
218 502
219 1810
220 2337
221 319
222 2375
223 2634
224 2942
225 432
226 2056
227 516
228 264
229 908
230 1330
231 1708
232 1354
233 2011
234 1975
235 1090
236 2863
237 2648
238 1634
239 674
240 2822
241 1327
242 2065
243 2872
244 2316
245 1921
246 2708
247 2370
248 2575
249 2007
250 1536
251 215
252 143
253 2633
254 2530
255 2976
256 346
257 303
258 2645
259 1499
260 1926
261 491
262 2881
263 2101
264 2403
265 1887
266 364
267 2844
268 1100
269 2688
270 2318
271 985
272 1475
273 60
274 609
275 1520
276 2220
277 130
278 1858
279 17
280 844
281 2141
282 2530
283 1512
284 836
285 1708
286 2729
287 2833
288 2766
289 1311
290 827
291 2166
292 541
293 2282
294 1829
295 2922
296 1826
297 2666
298 247
299 491
300 329
301 1060
302 52
303 715
304 1304
305 467
306 1107
307 2131
308 1682
309 1978
310 2482
311 2189
312 1985
313 11
314 2872
315 2215
316 1440
317 950
318 502
319 54
320 2299
321 1931
322 2350
323 2143
324 2779
325 1430
326 2859
327 2465
328 2947
329 629
330 832
331 1492
332 2884
333 2423
334 178
335 1079
336 606
337 1560
338 705
339 845
340 1190
341 1706
342 1504
343 1583
344 2388
345 789
346 1901
347 1425
348 2721
349 2069
350 2098
351 411
352 2953
353 1760
354 2038
355 2535
356 767
357 1664
358 875
359 1691
360 1861
361 384
362 1069
363 2443
364 2529
365 2831
366 224
367 1845
368 132
369 1941
370 2333
371 2213
372 76
373 1474
374 2247
375 1799
376 2805
377 132
378 2549
379 677
380 1020
381 591
382 2325
383 1809
384 295
385 1541
386 1940
387 502
388 2109
389 2825
390 1105
391 1798
392 2230
393 874
394 2595
395 83
396 2773
397 1397
398 126
399 1995
400 1814
401 2790
402 287
403 289
404 939
405 1792
406 1502
407 2309
408 461
409 632
410 174
411 2952
412 2329
413 370
414 2735
415 384
416 2910
417 1439
418 649
419 1004
420 2045
421 2114
422 1414
423 579
424 799
425 2865
426 2476
427 1213
428 2101
429 312
430 1870
431 2576
432 2672
433 2831
434 2917
435 1996
436 590
437 1391
438 665
439 894
440 2419
441 1958
442 2460
443 1208
444 597
445 807
446 1436
447 2446
448 719
449 266
450 1717
451 749
452 2906
453 905
454 656
455 1260
456 2266
457 1560
458 2712
459 260
460 1713
461 33
462 2171
463 1773
464 1377
465 99
466 1568
467 1720
468 356
469 1521
470 678
471 1420
472 1420
473 369
474 1768
475 1095
476 1018
477 859
478 1800
479 841
480 1193
481 1424
482 143
483 2184
484 1084
485 397
486 1320
487 751
488 1649
489 2141
490 50
491 3
492 1461
493 1267
494 2344
495 904
496 1984
497 1420
498 495
499 1318
500 453
501 1203
502 1223
503 903
504 2110
505 2758
506 2359
507 454
508 465
509 808
510 1940
511 2759
512 2305
513 731
514 2519
515 364
516 1855
517 638
518 132
519 2771
520 2691
521 758
522 2565
523 402
524 1616
525 2711
526 123
527 199
528 1535
529 88
530 944
531 34
532 887
533 559
534 177
535 1088
536 1151
537 1859
538 868
539 456
540 2283
541 624
542 2176
543 279
544 2513
545 1739
546 533
547 828
548 2403
549 1281
550 2345
551 1584
552 112
553 2605
554 2825
555 961
556 2805
557 2171
558 2332
559 2373
560 2523
561 1552
562 1679
563 1331
564 363
565 2701
566 1926
567 588
568 2778
569 2218
570 849
571 1553
572 189
573 875
574 2486
575 1979
576 2796
577 1242
578 827
579 2381
580 2418
581 2495
582 1582
583 1021
584 607
585 2510
586 2791
587 990
588 1706
589 264
590 2782
591 1236
592 1116
593 2535
594 2726
595 2657
596 539
597 2443
598 740
599 2886
600 1622
601 1137
602 242
603 2966
604 235
605 1281
606 2167
607 995
608 717
609 198
610 856
611 2911
612 475
613 2642
614 397
615 1709
616 2879
617 2889
618 1013
619 332
620 1750
621 592
622 2821
623 1393
624 1035
625 68
626 2810
627 1423
628 380
629 1005
630 2615
631 916
632 2035
633 1593
634 1887
635 2762
636 2323
637 1113
638 1778
639 1886
640 2761
641 1368
642 1050
643 2010
644 662
645 929
646 1882
647 1569
648 2728
649 675
650 272
651 750
652 659
653 1006
654 2060
655 45
656 131
657 1818
658 289
659 2732
660 2910
661 2126
662 1721
663 2924
664 2006
665 1578
666 1418
667 197
668 2919
669 2440
670 1731
671 430
672 1550
673 2322
674 313
675 2154
676 2186
677 2311
678 488
679 107
680 1476
681 1756
682 438
683 373
684 1815
685 2542
686 1415
687 1343
688 30
689 2819
690 1039
691 1163
692 2933
693 836
694 1664
695 461
696 899
697 2044
698 2444
699 780
700 486
701 516
702 466
703 663
704 1690
705 1552
706 1282
707 2076
708 1539

