285 99
0 2810
1 592
2 228
3 2384
4 721
5 80
6 2174
7 2819
8 1992
9 2744
10 1048
11 1394
12 2396
13 1785
14 1123
15 1112
16 2242
17 502
18 336
19 557
20 2186
21 2373
22 30
23 1033
24 1744
25 1700
26 543
27 2303
28 2004
29 1833
30 911
31 734
32 1136
33 2404
34 999
35 141
36 2410
37 393
38 2349
39 638
40 2615
41 111
42 461
43 46
44 2607
45 101
46 2475
47 1875
48 1773
49 2541
50 1086
51 2411
52 2738
53 2750
54 548
55 908
56 2203
57 2289
58 355
59 1946
60 2002
61 1495
62 1484
63 303
64 358
65 2816
66 1414
67 377
68 1455
69 886
70 2395
71 974
72 303
73 1240
74 2844
75 593
76 2196
77 75
78 447
79 2996
80 2239
81 1773
82 526
83 2078
84 770
85 2821
86 739
87 1352
88 2047
89 1431
90 608
91 996
92 119
93 1822
94 1471
95 1985
96 2811
97 2492
98 2479
99 936
100 2199
101 2637
102 1085
103 2208
104 1655
105 1677
106 429
107 564
108 2313
109 400
110 2913
111 1329
112 2732
113 993
114 107
115 1702
116 1101
117 2464
118 185
119 415
120 2486
121 1858
122 272
123 1752
124 2807
125 1784
126 1359
127 2397
128 2563
129 2807
130 2993
131 193
132 876
133 2087
134 853
135 964
136 196
137 1019
138 2827
139 1492
140 31
141 1364
142 2577
143 1029
144 54
145 2900
146 2847
147 2412
148 1031
149 1080
150 2339
151 182
152 481
153 552
154 2766
155 954
156 404
157 178
158 1571
159 2331
160 2693
161 1104
162 402
163 2744
164 290
165 2658
166 1707
167 2929
168 2813
169 1567
170 658
171 810
172 2908
173 896
174 2816
175 2595
176 500
177 2331
178 1621
179 331
180 261
181 1078
182 2910
183 507
184 239
185 2551
186 1599
187 1250
188 1151
189 1304
190 103
191 2554
192 129
193 8
194 2334
195 857
196 2735
197 1543
198 2862
199 2457
200 1426
201 1808
202 440
203 2505
204 1497
205 2106
206 2006
207 467
208 1111
209 1417
210 877
211 1483
212 1009
213 2344
214 181
215 460
216 630
217 2983
218 1913
219 2814
220 882
221 1688
222 2569
223 2680
224 379
225 141
226 2769
227 2758
228 2299
229 1803
230 2390
231 2436
232 90
233 1372
234 2739
235 606
236 1074
237 782
238 1995
239 2091
240 1703
241 2044
242 1151
243 1148
244 299
245 653
246 2397
247 448
248 786
249 1279
250 756
251 243
252 2844
253 2520
254 1335
255 1893
256 1576
257 1832
258 1620
259 2301
260 1412
261 2662
262 2734
263 2415
264 866
265 1253
266 2411
267 66
268 297
269 2081
270 153
271 1448
272 1559
273 605
274 778
275 312
276 737
277 588
278 2710
279 465
280 1376
281 1695
282 339
283 499
284 1230

