521 77
0 1740
1 2345
2 1201
3 2761
4 801
5 91
6 1991
7 1915
8 2198
9 268
10 1790
11 1566
12 2576
13 1091
14 417
15 2061
16 1720
17 1495
18 2972
19 1681
20 970
21 9
22 637
23 129
24 1829
25 1255
26 981
27 2136
28 585
29 2192
30 2311
31 2910
32 1909
33 2172
34 2531
35 1341
36 147
37 1190
38 2481
39 766
40 2928
41 2774
42 202
43 2294
44 1460
45 104
46 2897
47 2449
48 1515
49 1511
50 2243
51 2974
52 727
53 419
54 2575
55 1554
56 923
57 2705
58 1703
59 1060
60 1672
61 1104
62 2961
63 760
64 1261
65 582
66 2164
67 1879
68 1707
69 750
70 337
71 2829
72 1428
73 2295
74 359
75 397
76 2654
77 436
78 50
79 1980
80 1351
81 2485
82 1531
83 922
84 506
85 2948
86 484
87 2153
88 1889
89 494
90 1124
91 1009
92 2500
93 984
94 393
95 2623
96 2403
97 1960
98 1545
99 759
100 1489
101 1756
102 1432
103 2649
104 648
105 668
106 1419
107 1070
108 2550
109 452
110 1903
111 1060
112 817
113 374
114 486
115 2953
116 1050
117 752
118 2111
119 1948
120 2762
121 2420
122 1654
123 2852
124 1522
125 885
126 2671
127 572
128 398
129 618
130 59
131 2004
132 1480
133 1519
134 1474
135 965
136 1907
137 1865
138 2635
139 2860
140 1787
141 2765
142 1804
143 2051
144 2617
145 1965
146 1412
147 2971
148 1321
149 890
150 2712
151 2069
152 639
153 2137
154 2411
155 2255
156 2787
157 2542
158 565
159 2412
160 2615
161 2626
162 672
163 1619
164 1604
165 1875
166 59
167 437
168 305
169 2702
170 207
171 2764
172 706
173 1234
174 2706
175 903
176 643
177 618
178 553
179 1665
180 2081
181 1552
182 689
183 1577
184 1513
185 2093
186 1847
187 2314
188 488
189 313
190 896
191 874
192 2159
193 292
194 2148
195 2866
196 761
197 1599
198 2039
199 2390
200 1150
201 2087
202 1681
203 2692
204 254
205 1837
206 2223
207 2426
208 41
209 329
210 2122
211 2112
212 469
213 2730
214 2911
215 316
216 1079
217 743
218 2658
219 1733
220 965
221 2513
222 1443
223 2157
224 2971
225 2231
226 1772
227 1210
228 405
229 511
230 515
231 1954
232 1290
233 103
234 1350
235 2774
236 148
237 1453
238 659
239 2427
240 0
241 1033
242 2099
243 1267
244 2101
245 1515
246 1512
247 2031
248 848
249 2219
250 367
251 1133
252 472
253 2412
254 1702
255 1167
256 1227
257 667
258 1686
259 645
260 1269
261 131
262 2755
263 2114
264 2805
265 1317
266 450
267 1209
268 161
269 422
270 2884
271 1900
272 664
273 2674
274 1814
275 2334
276 511
277 2791
278 1348
279 2813
280 2367
281 2158
282 2056
283 1610
284 271
285 1881
286 406
287 2823
288 1313
289 2673
290 1096
291 227
292 913
293 1252
294 2115
295 630
296 2029
297 1082
298 2583
299 2054
300 740
301 2230
302 628
303 89
304 2908
305 519
306 1723
307 1423
308 1563
309 477
310 1226
311 148
312 2808
313 2903
314 489
315 301
316 2217
317 2834
318 1724
319 1286
320 1769
321 1796
322 178
323 1446
324 2023
325 2963
326 505
327 2846
328 2493
329 2307
330 292
331 1550
332 2858
333 2460
334 866
335 2316
336 2015
337 773
338 2891
339 1348
340 1763
341 398
342 2425
343 2131
344 1737
345 119
346 1934
347 709
348 607
349 2722
350 122
351 2323
352 2607
353 677
354 475
355 2782
356 1505
357 653
358 1522
359 294
360 1791
361 569
362 1402
363 2959
364 656
365 2575
366 406
367 750
368 1394
369 1019
370 2280
371 2281
372 866
373 2470
374 2079
375 1075
376 1532
377 166
378 2294
379 2559
380 592
381 863
382 1494
383 822
384 602
385 2358
386 2254
387 1555
388 118
389 2932
390 1052
391 933
392 2563
393 1211
394 158
395 186
396 2092
397 406
398 2486
399 75
400 2528
401 1148
402 1959
403 2314
404 2536
405 1056
406 1527
407 1839
408 1590
409 28
410 1204
411 2466
412 1799
413 805
414 1215
415 2618
416 2091
417 643
418 216
419 1582
420 83
421 1580
422 1124
423 266
424 110
425 2761
426 1923
427 2157
428 1477
429 307
430 2203
431 1526
432 561
433 507
434 2469
435 2850
436 2044
437 163
438 438
439 1004
440 228
441 185
442 57
443 224
444 2116
445 2625
446 2177
447 2660
448 2861
449 1718
450 2746
451 2891
452 2928
453 1959
454 1479
455 2124
456 486
457 1659
458 2447
459 1053
460 2146
461 1557
462 361
463 1848
464 1272
465 1950
466 1240
467 2405
468 1884
469 1835
470 1607
471 2988
472 57
473 472
474 2344
475 1388
476 1215
477 1067
478 2249
479 1398
480 2799
481 2043
482 1066
483 1238
484 2467
485 751
486 1988
487 683
488 2920
489 2244
490 1414
491 1120
492 386
493 1986
494 1691
495 593
496 805
497 814
498 1286
499 1941
500 556
501 1187
502 587
503 40
504 2045
505 83
506 1836
507 771
508 1058
509 497
510 2508
511 2924
512 47
513 2227
514 2922
515 2951
516 2113
517 1278
518 1784
519 2434
520 2878

