407 18
0 695
1 2125
2 1691
3 298
4 1149
5 2158
6 1872
7 1781
8 1599
9 2789
10 1129
11 2922
12 2694
13 2619
14 1210
15 2335
16 975
17 2762
18 1926
19 646
20 2203
21 164
22 368
23 2881
24 113
25 519
26 1841
27 2656
28 105
29 625
30 189
31 2273
32 1887
33 538
34 552
35 379
36 2980
37 2807
38 714
39 2395
40 2177
41 126
42 173
43 363
44 954
45 1772
46 1804
47 2826
48 88
49 1590
50 983
51 1139
52 177
53 1859
54 2916
55 1989
56 1300
57 568
58 262
59 1937
60 1299
61 1817
62 1431
63 273
64 2818
65 1298
66 231
67 1744
68 349
69 1958
70 889
71 2570
72 265
73 1089
74 2434
75 1750
76 1897
77 1032
78 1295
79 591
80 2429
81 1452
82 1441
83 2966
84 1020
85 370
86 1103
87 2512
88 1585
89 2994
90 2485
91 2247
92 2399
93 135
94 1243
95 917
96 1782
97 1498
98 602
99 683
100 611
101 2145
102 1653
103 2831
104 618
105 2129
106 583
107 1980
108 392
109 1385
110 2615
111 1039
112 2009
113 953
114 2775
115 1238
116 2319
117 106
118 1798
119 1019
120 2164
121 713
122 26
123 2432
124 2524
125 1766
126 1137
127 102
128 1315
129 1748
130 2641
131 1902
132 1410
133 2335
134 461
135 218
136 2063
137 1164
138 675
139 2279
140 300
141 1635
142 31
143 137
144 2540
145 830
146 2949
147 823
148 914
149 308
150 2974
151 2446
152 2455
153 448
154 2696
155 2575
156 2579
157 2776
158 1280
159 2765
160 1451
161 94
162 2775
163 866
164 2995
165 562
166 2617
167 1497
168 306
169 53
170 2810
171 1650
172 2403
173 2373
174 513
175 1220
176 2951
177 303
178 2414
179 887
180 2668
181 1650
182 1781
183 198
184 1164
185 782
186 904
187 1329
188 317
189 2191
190 751
191 2472
192 2885
193 2156
194 158
195 1494
196 2909
197 156
198 1556
199 213
200 2451
201 368
202 378
203 1934
204 427
205 1368
206 2546
207 2773
208 1491
209 945
210 2179
211 2557
212 886
213 2317
214 298
215 813
216 2448
217 2349
218 1856
219 26
220 2459
221 405
222 1115
223 2518
224 693
225 2854
226 146
227 1409
228 2158
229 1562
230 2189
231 2737
232 916
233 2687
234 2374
235 1028
236 1643
237 2443
238 1582
239 2217
240 1167
241 2409
242 1276
243 1188
244 2328
245 1864
246 1881
247 1871
248 1219
249 1705
250 640
251 561
252 1555
253 1901
254 2190
255 1818
256 2348
257 1498
258 1584
259 136
260 2489
261 1649
262 1157
263 1341
264 1521
265 1974
266 513
267 2997
268 2978
269 955
270 996
271 833
272 106
273 1829
274 1615
275 2348
276 238
277 2632
278 955
279 300
280 848
281 1446
282 793
283 1549
284 2550
285 2296
286 995
287 945
288 420
289 670
290 1361
291 1572
292 2531
293 2893
294 2403
295 1594
296 363
297 821
298 1679
299 1299
300 748
301 1436
302 1976
303 2969
304 2389
305 1353
306 65
307 83
308 862
309 2727
310 388
311 387
312 172
313 1222
314 1157
315 1627
316 1494
317 1821
318 1303
319 2300
320 1123
321 2310
322 2707
323 1582
324 2342
325 845
326 1940
327 2651
328 60
329 397
330 1732
331 532
332 1425
333 1416
334 314
335 1538
336 652
337 927
338 1450
339 2519
340 1808
341 469
342 966
343 409
344 976
345 971
346 2787
347 430
348 2146
349 849
350 1431
351 93
352 1212
353 2943
354 1642
355 2685
356 1185
357 2323
358 347
359 2064
360 2210
361 1334
362 1532
363 2259
364 2720
365 2089
366 2963
367 2534
368 627
369 485
370 2420
371 2426
372 217
373 827
374 586
375 241
376 2049
377 814
378 2302
379 1766
380 1115
381 1097
382 2609
383 1709
384 416
385 1644
386 1453
387 2869
388 1222
389 2379
390 846
391 81
392 2438
393 1778
394 1062
395 952
396 924
397 2280
398 1952
399 2147
400 2862
401 588
402 1998
403 372
404 1140
405 2511
406 1701

