467 30
0 381
1 1311
2 2556
3 553
4 2674
5 2057
6 997
7 2220
8 2447
9 2979
10 1107
11 1650
12 1331
13 640
14 1481
15 1874
16 55
17 1687
18 771
19 2316
20 1747
21 1375
22 2021
23 507
24 2254
25 1473
26 1194
27 2134
28 747
29 418
30 336
31 2988
32 336
33 1326
34 289
35 1955
36 385
37 2574
38 2162
39 674
40 2511
41 181
42 2680
43 2242
44 1619
45 2385
46 2483
47 2636
48 307
49 889
50 1377
51 386
52 2642
53 1652
54 1501
55 2963
56 2501
57 981
58 1464
59 1239
60 750
61 2370
62 2207
63 229
64 882
65 538
66 2066
67 2011
68 2624
69 113
70 2213
71 1153
72 72
73 2206
74 889
75 1594
76 1360
77 2157
78 2511
79 2265
80 913
81 2113
82 809
83 2976
84 1527
85 2042
86 1762
87 1192
88 2756
89 1228
90 2049
91 2862
92 1298
93 821
94 2175
95 2903
96 2295
97 2328
98 806
99 151
100 2162
101 1617
102 374
103 1615
104 1226
105 227
106 73
107 1442
108 913
109 2129
110 528
111 974
112 84
113 1059
114 784
115 687
116 2480
117 349
118 1234
119 834
120 499
121 2535
122 1624
123 2652
124 219
125 618
126 694
127 2664
128 1256
129 354
130 822
131 854
132 2632
133 1057
134 1628
135 2690
136 1029
137 972
138 456
139 1587
140 899
141 2742
142 1744
143 1152
144 1153
145 483
146 711
147 1562
148 2910
149 2964
150 2941
151 193
152 2668
153 807
154 2840
155 2124
156 2834
157 329
158 2722
159 2212
160 1054
161 154
162 865
163 1960
164 2008
165 1138
166 124
167 2107
168 2256
169 837
170 2871
171 2818
172 2753
173 1688
174 42
175 1185
176 196
177 1508
178 1837
179 188
180 2255
181 2232
182 1498
183 4
184 1245
185 910
186 2928
187 51
188 65
189 1006
190 168
191 1343
192 415
193 368
194 456
195 2580
196 2051
197 1352
198 801
199 1876
200 275
201 606
202 2111
203 2132
204 2023
205 2512
206 1597
207 665
208 2858
209 726
210 1095
211 2258
212 2899
213 1379
214 572
215 312
216 1305
217 564
218 2684
219 2704
220 2121
221 24
222 2423
223 2199
224 2929
225 661
226 1227
227 2180
228 631
229 1829
230 2351
231 669
232 2744
233 1973
234 1968
235 1083
236 1738
237 551
238 136
239 1148
240 547
241 2394
242 1739
243 987
244 83
245 2494
246 1202
247 2348
248 920
249 566
250 2735
251 845
252 2249
253 1343
254 2778
255 556
256 1074
257 400
258 1215
259 1346
260 1061
261 810
262 444
263 882
264 160
265 2474
266 1654
267 2836
268 496
269 1018
270 2280
271 2030
272 458
273 2201
274 2353
275 283
276 2162
277 2520
278 2676
279 518
280 1653
281 1852
282 306
283 2427
284 1199
285 2936
286 1345
287 526
288 890
289 2264
290 2919
291 1239
292 626
293 1294
294 2806
295 737
296 270
297 547
298 431
299 1722
300 1022
301 659
302 2845
303 1797
304 928
305 2142
306 2365
307 2251
308 748
309 538
310 2929
311 1797
312 2750
313 2469
314 525
315 922
316 2569
317 585
318 2166
319 387
320 1494
321 1593
322 1117
323 973
324 1442
325 2436
326 2288
327 529
328 2187
329 734
330 1193
331 2872
332 2749
333 2217
334 1067
335 1204
336 1331
337 2713
338 865
339 2925
340 354
341 1824
342 1008
343 912
344 627
345 2175
346 1044
347 517
348 2214
349 2010
350 1330
351 641
352 582
353 2642
354 1883
355 806
356 2900
357 121
358 1513
359 460
360 2449
361 2217
362 1603
363 1938
364 1834
365 77
366 1583
367 2850
368 1357
369 2247
370 1835
371 1683
372 411
373 2871
374 970
375 2828
376 1269
377 317
378 1407
379 66
380 2828
381 1724
382 2911
383 1141
384 396
385 574
386 781
387 2648
388 2438
389 605
390 1986
391 319
392 604
393 2460
394 363
395 1248
396 1689
397 1489
398 513
399 1011
400 2336
401 872
402 974
403 1120
404 2893
405 2288
406 2771
407 96
408 1209
409 2042
410 1304
411 107
412 1876
413 1208
414 2868
415 2893
416 1304
417 742
418 1560
419 563
420 1468
421 1170
422 637
423 2767
424 2303
425 1403
426 789
427 1607
428 78
429 881
430 2157
431 2173
432 1241
433 1838
434 2357
435 2334
436 2630
437 1689
438 519
439 1093
440 2547
441 443
442 1284
443 2012
444 2987
445 646
446 2595
447 2134
448 547
449 1518
450 441
451 868
452 647
453 2250
454 202
455 1763
456 2752
457 1248
458 2503
459 10
460 1392
461 2446
462 470
463 2929
464 254
465 2029
466 507

