437 15
0 1511
1 378
2 483
3 541
4 2179
5 2329
6 2002
7 1345
8 2061
9 2572
10 894
11 891
12 1779
13 117
14 1419
15 1748
16 2434
17 1059
18 304
19 683
20 991
21 923
22 2442
23 2812
24 1535
25 2163
26 318
27 1111
28 1526
29 408
30 365
31 433
32 113
33 2262
34 1502
35 838
36 1114
37 1214
38 1683
39 2218
40 2352
41 2383
42 115
43 434
44 1574
45 1620
46 2924
47 2648
48 2803
49 337
50 1688
51 1708
52 2622
53 979
54 850
55 1516
56 2361
57 2911
58 368
59 965
60 2443
61 2554
62 1734
63 1779
64 2837
65 1340
66 1658
67 1438
68 1105
69 2602
70 1577
71 2246
72 2879
73 666
74 1469
75 2014
76 1603
77 885
78 93
79 284
80 223
81 442
82 1188
83 106
84 1434
85 574
86 693
87 2925
88 1662
89 2834
90 518
91 2522
92 1299
93 1989
94 233
95 225
96 1908
97 1612
98 607
99 2200
100 866
101 2212
102 288
103 1240
104 2653
105 2518
106 1227
107 246
108 620
109 2851
110 1786
111 2781
112 717
113 2468
114 121
115 771
116 2546
117 1957
118 2853
119 1052
120 1078
121 2962
122 1895
123 66
124 606
125 1311
126 2557
127 2673
128 1400
129 743
130 126
131 149
132 1562
133 89
134 972
135 1473
136 1525
137 653
138 1062
139 679
140 1849
141 1638
142 443
143 1532
144 2453
145 1098
146 1700
147 2496
148 2707
149 1829
150 2009
151 1951
152 283
153 578
154 287
155 1980
156 1249
157 735
158 2937
159 2168
160 2049
161 2658
162 958
163 30
164 1365
165 299
166 933
167 572
168 1902
169 2560
170 947
171 363
172 694
173 854
174 1394
175 362
176 2914
177 2642
178 1853
179 571
180 232
181 839
182 1470
183 1437
184 1859
185 814
186 189
187 93
188 1346
189 2612
190 2480
191 934
192 2182
193 2721
194 1439
195 844
196 1334
197 1275
198 1494
199 2347
200 1117
201 1466
202 2502
203 1162
204 195
205 1476
206 1093
207 1299
208 2819
209 2237
210 412
211 1125
212 1067
213 2827
214 605
215 1112
216 2979
217 1350
218 2056
219 2154
220 1658
221 1689
222 478
223 2512
224 1376
225 2252
226 895
227 1173
228 1207
229 1198
230 2214
231 1444
232 2571
233 323
234 1165
235 611
236 1319
237 2817
238 367
239 2998
240 1213
241 133
242 1383
243 148
244 2928
245 202
246 913
247 2259
248 3
249 1057
250 2023
251 2050
252 405
253 2532
254 1823
255 575
256 826
257 745
258 2587
259 1559
260 211
261 281
262 1180
263 613
264 1142
265 46
266 1230
267 1039
268 575
269 690
270 2899
271 434
272 793
273 380
274 1104
275 2848
276 2134
277 1711
278 2171
279 2506
280 891
281 1628
282 1308
283 2951
284 1980
285 2857
286 2849
287 1357
288 1463
289 1677
290 2658
291 2151
292 1384
293 823
294 2769
295 1772
296 2646
297 2986
298 1015
299 1284
300 2413
301 707
302 2903
303 1022
304 2268
305 709
306 936
307 959
308 1414
309 1016
310 834
311 671
312 1483
313 3000
314 359
315 126
316 2663
317 422
318 834
319 1261
320 1295
321 2841
322 444
323 2364
324 1243
325 812
326 1971
327 1383
328 299
329 2639
330 1392
331 171
332 186
333 84
334 2665
335 821
336 1138
337 767
338 2653
339 429
340 1814
341 2738
342 1632
343 2474
344 2184
345 1100
346 1384
347 958
348 1789
349 1956
350 2429
351 135
352 2588
353 1063
354 2093
355 71
356 1173
357 1249
358 1702
359 1472
360 858
361 209
362 1328
363 1608
364 516
365 1716
366 1492
367 2979
368 643
369 737
370 623
371 2541
372 1049
373 2814
374 1668
375 2029
376 367
377 814
378 1014
379 565
380 1887
381 2461
382 277
383 625
384 718
385 813
386 272
387 2262
388 2608
389 2389
390 1661
391 292
392 1921
393 560
394 1366
395 2158
396 2667
397 851
398 2976
399 2482
400 284
401 654
402 1602
403 579
404 2616
405 953
406 727
407 1932
408 1703
409 1141
410 2064
411 1713
412 2111
413 1417
414 376
415 2066
416 765
417 2308
418 1283
419 518
420 1036
421 2629
422 2227
423 804
424 2660
425 2855
426 1594
427 1719
428 847
429 2742
430 879
431 587
432 1018
433 1952
434 3
435 2802
436 1465

