995 28
0 577
1 326
2 2964
3 61
4 2815
5 2278
6 1680
7 1360
8 452
9 1887
10 888
11 1845
12 2286
13 1418
14 2448
15 611
16 671
17 1872
18 632
19 643
20 327
21 2414
22 596
23 1587
24 1729
25 2644
26 1471
27 480
28 1125
29 1057
30 744
31 252
32 2288
33 2558
34 1856
35 2970
36 557
37 1096
38 1637
39 506
40 1657
41 722
42 1334
43 540
44 2884
45 1789
46 1114
47 885
48 381
49 2759
50 2871
51 2388
52 2032
53 2862
54 234
55 2536
56 1866
57 1693
58 145
59 2729
60 1221
61 1346
62 1491
63 137
64 1796
65 2156
66 1757
67 2116
68 851
69 1539
70 1717
71 2706
72 2800
73 1754
74 101
75 1459
76 1243
77 154
78 2025
79 1537
80 672
81 1141
82 2466
83 1504
84 193
85 2881
86 157
87 2315
88 2998
89 1467
90 2309
91 139
92 1338
93 1446
94 143
95 1474
96 1753
97 600
98 1418
99 113
100 877
101 2948
102 539
103 240
104 1942
105 2147
106 696
107 1090
108 129
109 2123
110 229
111 38
112 756
113 2360
114 2419
115 1377
116 2811
117 1144
118 475
119 2432
120 1687
121 2500
122 2995
123 842
124 1141
125 959
126 1475
127 183
128 2219
129 2873
130 1319
131 1080
132 2221
133 1301
134 2749
135 2575
136 2205
137 445
138 880
139 2075
140 1294
141 2927
142 1000
143 1337
144 1286
145 187
146 1515
147 319
148 2706
149 11
150 2108
151 1117
152 1361
153 674
154 2538
155 1709
156 964
157 2765
158 2803
159 1040
160 208
161 1083
162 907
163 915
164 448
165 322
166 2544
167 1097
168 2727
169 177
170 1809
171 1118
172 2500
173 1497
174 2294
175 888
176 2554
177 578
178 2359
179 2363
180 686
181 315
182 78
183 2375
184 748
185 1097
186 687
187 402
188 2542
189 337
190 885
191 342
192 269
193 255
194 345
195 39
196 2876
197 668
198 1861
199 1192
200 100
201 76
202 1185
203 1771
204 952
205 1109
206 1654
207 1051
208 2285
209 1227
210 830
211 1775
212 893
213 1722
214 2129
215 819
216 97
217 422
218 1984
219 1991
220 1702
221 1268
222 1219
223 972
224 1477
225 353
226 736
227 2976
228 2860
229 948
230 1929
231 2084
232 2007
233 2605
234 1295
235 2131
236 1584
237 354
238 2293
239 349
240 2133
241 1854
242 2464
243 2909
244 2243
245 531
246 848
247 1916
248 965
249 1254
250 1286
251 64
252 164
253 1978
254 1952
255 1853
256 1329
257 739
258 2141
259 836
260 1271
261 2798
262 2379
263 2469
264 2817
265 1892
266 2598
267 2239
268 2657
269 2482
270 675
271 1640
272 2457
273 2246
274 2195
275 1649
276 688
277 658
278 914
279 2255
280 2483
281 283
282 1320
283 673
284 1715
285 2529
286 2280
287 534
288 950
289 372
290 1544
291 1889
292 1840
293 30
294 2362
295 275
296 2963
297 705
298 56
299 1704
300 1036
301 2098
302 606
303 2340
304 2999
305 2268
306 56
307 1824
308 1819
309 2571
310 2078
311 1413
312 677
313 2047
314 436
315 787
316 1476
317 2741
318 1895
319 1707
320 2215
321 1360
322 2103
323 90
324 2701
325 1808
326 948
327 2073
328 2415
329 1995
330 2146
331 1577
332 2161
333 113
334 2974
335 1039
336 830
337 1249
338 2175
339 887
340 2243
341 226
342 2894
343 2575
344 1045
345 188
346 2279
347 2499
348 1616
349 2723
350 2891
351 256
352 1143
353 2453
354 1136
355 1383
356 2153
357 1363
358 426
359 2099
360 2970
361 1404
362 1728
363 2803
364 2974
365 900
366 1970
367 1596
368 1840
369 2244
370 1023
371 209
372 1824
373 2288
374 1293
375 951
376 1263
377 2811
378 1612
379 2008
380 698
381 1179
382 1363
383 91
384 2675
385 2944
386 268
387 1033
388 896
389 2071
390 1750
391 670
392 1283
393 314
394 945
395 2647
396 777
397 349
398 2435
399 2826
400 2639
401 1756
402 984
403 1355
404 2351
405 2869
406 1727
407 2481
408 2129
409 1201
410 1081
411 1437
412 1161
413 2518
414 758
415 1766
416 1568
417 497
418 744
419 298
420 14
421 2646
422 2055
423 2509
424 905
425 1472
426 1579
427 1263
428 1241
429 470
430 250
431 2606
432 50
433 117
434 2162
435 1254
436 2899
437 601
438 1759
439 2141
440 2660
441 1132
442 297
443 1547
444 2607
445 409
446 1547
447 1647
448 436
449 521
450 1719
451 502
452 466
453 947
454 315
455 979
456 694
457 1570
458 189
459 631
460 253
461 20
462 1020
463 2001
464 1361
465 2151
466 826
467 1025
468 1028
469 2544
470 738
471 2093
472 394
473 2956
474 2149
475 221
476 2883
477 1330
478 406
479 2704
480 937
481 416
482 1083
483 135
484 2583
485 1668
486 1263
487 951
488 2814
489 256
490 28
491 1060
492 2166
493 2737
494 2208
495 2521
496 1815
497 387
498 283
499 844
500 103
501 1550
502 2836
503 2277
504 807
505 1341
506 2676
507 211
508 1801
509 793
510 1863
511 1202
512 1413
513 2715
514 2569
515 737
516 2376
517 471
518 966
519 1701
520 1763
521 1520
522 2863
523 2642
524 2490
525 2010
526 1663
527 484
528 2735
529 140
530 2983
531 2103
532 913
533 172
534 642
535 216
536 794
537 1831
538 79
539 2218
540 313
541 1576
542 2467
543 154
544 1015
545 1635
546 1384
547 1949
548 2091
549 556
550 2988
551 1989
552 2466
553 1363
554 553
555 1431
556 2808
557 2618
558 2394
559 1992
560 694
561 2591
562 2301
563 118
564 1736
565 1083
566 2131
567 316
568 1877
569 2119
570 2348
571 1552
572 1039
573 2851
574 547
575 2327
576 1547
577 1023
578 2084
579 335
580 2172
581 2145
582 878
583 1946
584 2920
585 2212
586 1334
587 2236
588 174
589 1355
590 2551
591 2418
592 1757
593 1566
594 1366
595 560
596 1423
597 2259
598 2768
599 128
600 65
601 1003
602 656
603 1455
604 1214
605 1054
606 2892
607 2504
608 2622
609 2278
610 2107
611 743
612 2139
613 1362
614 2559
615 674
616 1394
617 2818
618 882
619 1847
620 2237
621 2530
622 2789
623 1299
624 589
625 1787
626 282
627 2559
628 1036
629 2819
630 1191
631 2924
632 2515
633 1699
634 895
635 1058
636 256
637 2400
638 310
639 1752
640 1950
641 1653
642 1946
643 318
644 2775
645 1909
646 2200
647 685
648 1480
649 89
650 2352
651 904
652 1615
653 327
654 1473
655 2757
656 893
657 2985
658 947
659 656
660 2847
661 1513
662 553
663 222
664 1919
665 977
666 1693
667 256
668 2589
669 2031
670 403
671 1023
672 1682
673 1728
674 1456
675 1
676 973
677 808
678 1625
679 2258
680 2024
681 1218
682 584
683 1764
684 264
685 1728
686 640
687 1985
688 560
689 2766
690 93
691 2505
692 1435
693 2216
694 143
695 1633
696 2699
697 2491
698 701
699 2182
700 39
701 1739
702 508
703 2248
704 2413
705 520
706 1276
707 2531
708 2913
709 2773
710 608
711 2488
712 634
713 375
714 1814
715 2825
716 2143
717 1625
718 1256
719 1767
720 2498
721 45
722 2453
723 2114
724 613
725 2069
726 718
727 134
728 245
729 877
730 2843
731 2618
732 2707
733 1997
734 437
735 1992
736 578
737 1042
738 1997
739 1578
740 190
741 2038
742 2357
743 1913
744 2300
745 2327
746 2140
747 1597
748 2917
749 2211
750 2681
751 2394
752 2394
753 2510
754 700
755 883
756 2299
757 1662
758 2204
759 372
760 1139
761 2796
762 2941
763 2694
764 2479
765 104
766 183
767 1634
768 1908
769 1467
770 2266
771 1203
772 461
773 2021
774 819
775 816
776 2360
777 2329
778 1370
779 13
780 2679
781 2800
782 2913
783 906
784 280
785 335
786 1074
787 2723
788 498
789 1108
790 1547
791 1626
792 833
793 2862
794 2076
795 2361
796 2917
797 550
798 1395
799 2406
800 2973
801 893
802 138
803 1374
804 2342
805 2483
806 2608
807 1054
808 1593
809 2050
810 1771
811 2709
812 1240
813 183
814 1411
815 337
816 2022
817 2800
818 376
819 1380
820 2003
821 2451
822 16
823 716
824 2130
825 2317
826 930
827 912
828 547
829 1768
830 1707
831 1422
832 234
833 307
834 2069
835 1250
836 2629
837 1244
838 1522
839 1609
840 102
841 1858
842 2836
843 2091
844 1145
845 2319
846 2302
847 2401
848 223
849 288
850 2847
851 922
852 2600
853 1213
854 1543
855 1710
856 2138
857 826
858 2346
859 2567
860 75
861 2993
862 2663
863 2808
864 41
865 743
866 155
867 1172
868 2225
869 1089
870 636
871 275
872 908
873 1905
874 176
875 139
876 1618
877 2740
878 887
879 2685
880 2648
881 1150
882 274
883 1112
884 2019
885 2118
886 2553
887 146
888 893
889 1684
890 2719
891 363
892 554
893 147
894 305
895 2701
896 74
897 846
898 465
899 2730
900 1437
901 936
902 122
903 1146
904 127
905 2783
906 2820
907 1801
908 567
909 2982
910 890
911 1191
912 2199
913 36
914 1989
915 1603
916 2828
917 1779
918 2596
919 545
920 1338
921 1491
922 1867
923 1638
924 1927
925 2145
926 2313
927 11
928 1103
929 2338
930 335
931 1734
932 582
933 1640
934 1728
935 2860
936 855
937 888
938 468
939 469
940 401
941 1761
942 1380
943 1402
944 243
945 864
946 2602
947 2549
948 981
949 162
950 696
951 1038
952 1991
953 2115
954 2265
955 813
956 1051
957 2300
958 2166
959 227
960 1561
961 407
962 1021
963 1649
964 2601
965 1876
966 2217
967 2652
968 2945
969 2180
970 572
971 1044
972 2004
973 475
974 1682
975 2324
976 79
977 1384
978 71
979 1049
980 2685
981 1595
982 1788
983 944
984 1072
985 2575
986 2376
987 2575
988 2023
989 1039
990 2903
991 423
992 2842
993 1888
994 1924

