995 21
0 2728
1 897
2 684
3 2509
4 2836
5 1146
6 2343
7 1341
8 875
9 1048
10 1228
11 199
12 532
13 2036
14 474
15 418
16 1397
17 295
18 1190
19 437
20 1267
21 70
22 9
23 1808
24 1937
25 2311
26 487
27 1652
28 2546
29 1011
30 1894
31 1953
32 634
33 1159
34 1410
35 2066
36 2722
37 542
38 126
39 1171
40 199
41 2300
42 858
43 2871
44 1002
45 708
46 389
47 2776
48 2915
49 34
50 1177
51 1842
52 2435
53 658
54 1101
55 378
56 2298
57 279
58 1758
59 1370
60 1861
61 1883
62 162
63 822
64 613
65 667
66 2534
67 303
68 552
69 821
70 2399
71 1411
72 2970
73 1046
74 298
75 2321
76 2871
77 1347
78 2348
79 848
80 1334
81 1513
82 2419
83 2957
84 1604
85 2141
86 2946
87 984
88 1453
89 2700
90 1045
91 278
92 372
93 1988
94 1973
95 341
96 798
97 998
98 2015
99 1546
100 778
101 1746
102 2449
103 580
104 1646
105 2557
106 73
107 1228
108 794
109 1535
110 1404
111 709
112 1133
113 17
114 1783
115 578
116 122
117 2616
118 682
119 674
120 480
121 408
122 2020
123 1894
124 2719
125 1039
126 2645
127 1376
128 1652
129 2370
130 2174
131 386
132 1407
133 1830
134 71
135 1326
136 2125
137 223
138 397
139 986
140 2851
141 2412
142 2946
143 2708
144 1908
145 2168
146 1070
147 1313
148 1902
149 1604
150 79
151 2859
152 661
153 45
154 1873
155 1765
156 2484
157 385
158 2690
159 1588
160 1685
161 2317
162 678
163 2466
164 562
165 1319
166 2388
167 429
168 1348
169 609
170 142
171 2641
172 1671
173 1745
174 2656
175 1106
176 1881
177 720
178 470
179 2680
180 2176
181 733
182 1674
183 1156
184 678
185 2630
186 2368
187 2481
188 711
189 56
190 2903
191 2894
192 229
193 2954
194 557
195 1336
196 345
197 2929
198 1209
199 2363
200 678
201 1689
202 2511
203 931
204 455
205 1623
206 2038
207 2417
208 1514
209 1535
210 1905
211 2750
212 1073
213 1667
214 439
215 2472
216 1660
217 1253
218 2305
219 437
220 2748
221 451
222 1582
223 1566
224 2290
225 1235
226 2494
227 1480
228 305
229 2566
230 1305
231 1666
232 1410
233 1824
234 634
235 643
236 2820
237 1034
238 1043
239 1759
240 411
241 1014
242 2943
243 2375
244 1681
245 2941
246 2736
247 1311
248 1212
249 491
250 2260
251 2820
252 490
253 2222
254 1830
255 2607
256 1489
257 760
258 417
259 2331
260 1746
261 2536
262 2861
263 907
264 1545
265 410
266 303
267 865
268 1388
269 839
270 1485
271 357
272 2341
273 1669
274 1345
275 1478
276 2327
277 2252
278 2357
279 417
280 2801
281 369
282 2056
283 739
284 1580
285 1558
286 2708
287 875
288 89
289 736
290 983
291 1315
292 2069
293 2511
294 1795
295 937
296 400
297 1528
298 1353
299 2334
300 2663
301 1940
302 277
303 953
304 1505
305 1024
306 1063
307 521
308 193
309 911
310 787
311 175
312 2031
313 210
314 1107
315 168
316 1529
317 1719
318 1885
319 625
320 2075
321 2778
322 1134
323 2649
324 332
325 2176
326 2210
327 1215
328 2542
329 1118
330 1450
331 2178
332 1851
333 1369
334 1284
335 2363
336 465
337 486
338 505
339 2398
340 2510
341 927
342 2100
343 2530
344 2176
345 1600
346 1381
347 1394
348 1271
349 841
350 314
351 1396
352 1618
353 2581
354 1391
355 2941
356 757
357 194
358 1661
359 609
360 24
361 1868
362 1436
363 2733
364 1016
365 583
366 1586
367 2771
368 2651
369 2531
370 1911
371 1563
372 525
373 1969
374 743
375 1557
376 885
377 2709
378 218
379 1135
380 1309
381 115
382 247
383 1666
384 2078
385 582
386 942
387 2312
388 975
389 2002
390 2345
391 2805
392 2313
393 1599
394 2360
395 243
396 1076
397 1946
398 987
399 184
400 1371
401 765
402 996
403 1109
404 1493
405 123
406 1299
407 2818
408 2456
409 2663
410 2882
411 1444
412 1690
413 489
414 1378
415 1082
416 2670
417 2658
418 887
419 860
420 648
421 551
422 1616
423 1704
424 375
425 1343
426 274
427 1945
428 1766
429 2473
430 990
431 690
432 1092
433 333
434 1441
435 692
436 1840
437 450
438 1242
439 2288
440 178
441 32
442 2170
443 1607
444 2763
445 866
446 204
447 1714
448 2074
449 1275
450 1459
451 1068
452 1805
453 1593
454 2662
455 2869
456 2929
457 483
458 199
459 2155
460 627
461 1608
462 2723
463 202
464 588
465 167
466 379
467 609
468 844
469 569
470 1849
471 2055
472 516
473 2947
474 812
475 1044
476 2687
477 2674
478 187
479 1077
480 2730
481 2501
482 2067
483 768
484 86
485 937
486 2134
487 603
488 964
489 456
490 2549
491 2304
492 635
493 2954
494 2585
495 2960
496 1538
497 229
498 1521
499 473
500 2261
501 1643
502 966
503 2302
504 848
505 1362
506 183
507 1628
508 1599
509 312
510 2504
511 448
512 2803
513 1843
514 253
515 744
516 2645
517 272
518 707
519 1223
520 396
521 1629
522 1270
523 2012
524 319
525 808
526 1594
527 514
528 1396
529 541
530 2404
531 1781
532 1040
533 1425
534 1659
535 538
536 1356
537 936
538 2726
539 206
540 1134
541 2125
542 1969
543 941
544 1658
545 687
546 2083
547 2039
548 1967
549 2751
550 2867
551 2030
552 2058
553 2154
554 138
555 1167
556 1959
557 2149
558 2650
559 2336
560 1008
561 89
562 2507
563 1878
564 1677
565 6
566 940
567 2173
568 1713
569 1333
570 155
571 2754
572 2024
573 919
574 1553
575 416
576 954
577 1599
578 602
579 511
580 802
581 795
582 584
583 918
584 1615
585 870
586 565
587 2466
588 278
589 1134
590 1787
591 1709
592 299
593 1788
594 1972
595 2229
596 2146
597 1853
598 289
599 2792
600 1360
601 110
602 1898
603 2047
604 414
605 2970
606 2831
607 240
608 1943
609 985
610 2663
611 1223
612 1582
613 1127
614 637
615 529
616 1628
617 164
618 265
619 2768
620 133
621 2769
622 2045
623 1849
624 2743
625 770
626 2349
627 2776
628 2227
629 1167
630 2797
631 1450
632 973
633 707
634 568
635 2703
636 476
637 191
638 462
639 2054
640 1926
641 2525
642 1677
643 2879
644 1483
645 2462
646 551
647 207
648 1851
649 2385
650 1073
651 2452
652 412
653 627
654 2954
655 213
656 392
657 361
658 121
659 2931
660 353
661 70
662 376
663 808
664 1736
665 2215
666 776
667 2661
668 441
669 481
670 510
671 2839
672 1578
673 602
674 2488
675 882
676 854
677 465
678 248
679 1985
680 2222
681 690
682 1922
683 912
684 1605
685 661
686 102
687 2982
688 2622
689 471
690 1422
691 723
692 1734
693 2631
694 30
695 1944
696 1033
697 2340
698 1720
699 1652
700 2039
701 611
702 585
703 1827
704 433
705 1536
706 2717
707 665
708 152
709 1944
710 2498
711 983
712 66
713 978
714 2340
715 818
716 1603
717 2306
718 1746
719 2268
720 195
721 1717
722 636
723 2417
724 2527
725 2479
726 2174
727 1243
728 1250
729 2078
730 2893
731 290
732 1425
733 305
734 2205
735 921
736 461
737 602
738 2974
739 1110
740 2613
741 1683
742 1122
743 655
744 2880
745 843
746 2601
747 1491
748 2895
749 125
750 817
751 865
752 1459
753 2694
754 1750
755 2832
756 1046
757 636
758 6
759 786
760 587
761 655
762 2069
763 665
764 1415
765 2150
766 2536
767 2537
768 115
769 756
770 1027
771 618
772 1304
773 194
774 2526
775 2993
776 2239
777 1009
778 1840
779 1187
780 177
781 968
782 1102
783 520
784 2724
785 1688
786 1552
787 2820
788 2986
789 1663
790 212
791 1238
792 644
793 31
794 2506
795 2521
796 189
797 2080
798 2578
799 2024
800 1810
801 142
802 1566
803 1644
804 1396
805 2813
806 1299
807 1117
808 2804
809 31
810 1158
811 1747
812 1880
813 2806
814 2
815 1352
816 1348
817 554
818 990
819 2858
820 2756
821 1826
822 1495
823 2374
824 2647
825 616
826 2348
827 665
828 1918
829 2383
830 1526
831 2988
832 2533
833 2495
834 2419
835 318
836 494
837 1581
838 25
839 1964
840 955
841 2016
842 1189
843 120
844 999
845 1357
846 2406
847 1232
848 2675
849 682
850 2373
851 2484
852 1537
853 1467
854 2042
855 2880
856 2467
857 1018
858 2202
859 890
860 2275
861 968
862 284
863 2143
864 1178
865 678
866 2514
867 1003
868 187
869 2120
870 2114
871 1421
872 179
873 2105
874 2408
875 1760
876 127
877 388
878 2879
879 1158
880 147
881 1722
882 1267
883 1423
884 2255
885 857
886 1958
887 2626
888 2091
889 272
890 940
891 1840
892 692
893 762
894 1939
895 2257
896 496
897 2053
898 591
899 94
900 1420
901 465
902 2104
903 2770
904 2372
905 901
906 2242
907 1675
908 2621
909 929
910 2528
911 345
912 1609
913 1903
914 1829
915 441
916 1680
917 1990
918 2816
919 2843
920 2867
921 1738
922 2449
923 2301
924 2144
925 754
926 1948
927 769
928 1825
929 698
930 1504
931 1838
932 1004
933 2443
934 890
935 53
936 919
937 870
938 416
939 1555
940 470
941 1598
942 1259
943 1763
944 2666
945 2461
946 813
947 1307
948 2611
949 1338
950 1037
951 2706
952 2042
953 685
954 1809
955 2621
956 1528
957 665
958 1314
959 337
960 1762
961 319
962 2037
963 1772
964 1012
965 414
966 1651
967 275
968 2236
969 2748
970 1782
971 1533
972 877
973 2554
974 861
975 1894
976 323
977 1897
978 2336
979 1555
980 2374
981 2058
982 1014
983 877
984 155
985 2060
986 11
987 1890
988 1709
989 2957
990 2430
991 2436
992 1937
993 1335
994 607

