598 28
0 1011
1 1819
2 1190
3 1772
4 2999
5 980
6 172
7 2814
8 1415
9 2369
10 863
11 1266
12 2544
13 779
14 2685
15 1518
16 2935
17 89
18 213
19 2744
20 1691
21 601
22 2274
23 960
24 1052
25 1628
26 1402
27 2921
28 887
29 1116
30 649
31 802
32 1928
33 2514
34 1622
35 1127
36 489
37 2787
38 1720
39 2826
40 1383
41 878
42 100
43 1633
44 1551
45 2619
46 2707
47 108
48 1146
49 1658
50 1407
51 1685
52 2762
53 19
54 2468
55 1681
56 450
57 2307
58 119
59 2617
60 1577
61 1347
62 2078
63 2276
64 2200
65 116
66 1399
67 1208
68 1173
69 1564
70 2997
71 604
72 2008
73 2547
74 1822
75 356
76 1247
77 769
78 1173
79 1679
80 2767
81 1525
82 2288
83 1791
84 2321
85 2555
86 982
87 546
88 908
89 2340
90 1219
91 1271
92 265
93 1503
94 798
95 2410
96 2944
97 442
98 1560
99 2047
100 457
101 2960
102 2541
103 7
104 642
105 2232
106 301
107 1589
108 1826
109 1871
110 2969
111 991
112 2967
113 2444
114 2470
115 2883
116 1536
117 2388
118 2504
119 1091
120 149
121 1118
122 1232
123 972
124 1592
125 1169
126 2885
127 722
128 2536
129 121
130 1962
131 2802
132 1278
133 2545
134 2191
135 160
136 1127
137 2523
138 2934
139 2327
140 1125
141 124
142 1803
143 1352
144 2000
145 1128
146 1859
147 1650
148 2521
149 1478
150 1609
151 1774
152 1573
153 2025
154 1164
155 2937
156 389
157 12
158 6
159 2693
160 527
161 1299
162 2122
163 2283
164 2989
165 2038
166 978
167 548
168 755
169 774
170 2410
171 1343
172 378
173 1994
174 336
175 1836
176 2326
177 2537
178 30
179 1587
180 1976
181 436
182 1305
183 2547
184 476
185 1620
186 824
187 1587
188 1750
189 167
190 14
191 174
192 1554
193 1577
194 1957
195 59
196 351
197 2613
198 1788
199 1749
200 1503
201 2981
202 1649
203 1946
204 1200
205 1327
206 269
207 2752
208 2368
209 2831
210 1591
211 2632
212 626
213 2342
214 1247
215 1989
216 1095
217 1786
218 2939
219 2818
220 2419
221 328
222 2133
223 2361
224 1097
225 2628
226 1545
227 1877
228 2004
229 853
230 1063
231 1674
232 1361
233 912
234 2758
235 1926
236 826
237 1769
238 2347
239 488
240 511
241 1517
242 102
243 1208
244 893
245 195
246 2456
247 1182
248 2878
249 2800
250 888
251 1481
252 1797
253 1704
254 2024
255 2074
256 1899
257 816
258 1604
259 1089
260 2276
261 2857
262 2840
263 1830
264 951
265 2675
266 1778
267 1953
268 2644
269 261
270 1476
271 625
272 2714
273 365
274 2232
275 2640
276 29
277 2203
278 1152
279 2016
280 618
281 2940
282 1932
283 1884
284 2550
285 541
286 2311
287 477
288 1291
289 213
290 1354
291 1730
292 2830
293 2633
294 389
295 2694
296 2579
297 2624
298 1767
299 592
300 2946
301 2337
302 2816
303 2736
304 2299
305 580
306 1407
307 1521
308 2628
309 2602
310 2644
311 2806
312 1922
313 1213
314 1076
315 243
316 663
317 859
318 2371
319 1297
320 72
321 495
322 2335
323 1363
324 1229
325 1092
326 1885
327 1789
328 311
329 622
330 1463
331 2214
332 573
333 92
334 2740
335 1535
336 1728
337 2569
338 2221
339 1407
340 505
341 1102
342 1459
343 1855
344 1182
345 490
346 2181
347 2004
348 867
349 1839
350 2328
351 556
352 2987
353 2425
354 1728
355 178
356 1639
357 2425
358 257
359 2306
360 74
361 1750
362 1991
363 414
364 2059
365 2295
366 2539
367 1918
368 2856
369 2351
370 285
371 927
372 26
373 202
374 58
375 1143
376 423
377 2945
378 2105
379 2311
380 477
381 132
382 2545
383 822
384 1510
385 793
386 57
387 1737
388 92
389 2626
390 337
391 907
392 1261
393 2586
394 1655
395 1286
396 2541
397 2908
398 150
399 373
400 761
401 432
402 1909
403 1449
404 1253
405 808
406 1386
407 1094
408 865
409 2988
410 424
411 988
412 953
413 767
414 2132
415 890
416 1633
417 1107
418 2834
419 2233
420 1822
421 2406
422 2538
423 2949
424 2028
425 33
426 2024
427 1270
428 823
429 787
430 2285
431 2548
432 536
433 5
434 1327
435 2087
436 98
437 2732
438 459
439 309
440 1839
441 1923
442 2537
443 575
444 1773
445 66
446 484
447 1999
448 2216
449 273
450 2641
451 295
452 1271
453 840
454 612
455 1874
456 1598
457 2334
458 2516
459 453
460 1834
461 763
462 375
463 809
464 2401
465 2821
466 998
467 874
468 1941
469 2846
470 1356
471 2965
472 271
473 1379
474 1776
475 2124
476 1483
477 1365
478 1052
479 1151
480 814
481 165
482 1471
483 2987
484 998
485 1343
486 1170
487 2988
488 2026
489 1987
490 1513
491 665
492 681
493 2818
494 343
495 1274
496 755
497 2162
498 2380
499 1119
500 266
501 2143
502 1191
503 813
504 1902
505 2664
506 14
507 960
508 1516
509 2317
510 1270
511 1546
512 2551
513 2885
514 2869
515 1232
516 2949
517 1022
518 154
519 2191
520 1929
521 1960
522 61
523 2491
524 111
525 774
526 168
527 992
528 1335
529 604
530 1920
531 364
532 194
533 1762
534 2194
535 1508
536 2179
537 2864
538 2895
539 2694
540 2726
541 2507
542 563
543 1746
544 20
545 1503
546 1802
547 1293
548 1425
549 886
550 2832
551 1967
552 2293
553 78
554 2744
555 1260
556 709
557 2855
558 1270
559 136
560 390
561 2925
562 523
563 130
564 1542
565 1773
566 745
567 2896
568 51
569 782
570 2969
571 1722
572 2024
573 2547
574 2502
575 2518
576 1218
577 1031
578 2360
579 860
580 2596
581 325
582 2739
583 377
584 1083
585 588
586 2861
587 2648
588 1753
589 619
590 2493
591 452
592 2996
593 681
594 597
595 1533
596 676
597 185

