621 59
0 1796
1 2094
2 212
3 2749
4 1721
5 324
6 2576
7 1861
8 494
9 2331
10 416
11 2083
12 2304
13 337
14 580
15 763
16 937
17 866
18 1305
19 841
20 1372
21 2116
22 735
23 1472
24 2168
25 792
26 1863
27 165
28 551
29 2788
30 2643
31 2841
32 2886
33 2077
34 2320
35 1863
36 373
37 1517
38 1747
39 901
40 2550
41 2353
42 1186
43 2930
44 2592
45 2108
46 1873
47 2537
48 2056
49 2491
50 1107
51 2058
52 2976
53 2802
54 2372
55 1536
56 1272
57 2738
58 2523
59 2642
60 257
61 274
62 2097
63 1682
64 704
65 1945
66 1535
67 2714
68 2037
69 2701
70 2265
71 2622
72 2985
73 2154
74 2249
75 869
76 1255
77 1654
78 499
79 1084
80 1763
81 155
82 473
83 517
84 2611
85 2813
86 335
87 1368
88 681
89 2443
90 2280
91 2672
92 777
93 2623
94 526
95 889
96 541
97 1807
98 1147
99 1384
100 665
101 162
102 1144
103 273
104 1694
105 2523
106 2696
107 2809
108 107
109 2938
110 1827
111 1772
112 436
113 1493
114 2792
115 1147
116 799
117 1425
118 456
119 1926
120 1834
121 2413
122 2153
123 526
124 2295
125 2868
126 1912
127 2633
128 60
129 904
130 824
131 1794
132 2224
133 2011
134 1484
135 76
136 2866
137 1871
138 2795
139 1761
140 1877
141 421
142 123
143 1890
144 8
145 2817
146 2508
147 539
148 455
149 2482
150 464
151 1666
152 30
153 1960
154 2989
155 2360
156 1534
157 2092
158 2062
159 21
160 1182
161 540
162 727
163 1738
164 2947
165 2290
166 436
167 512
168 1096
169 861
170 275
171 618
172 325
173 1855
174 1996
175 1674
176 2988
177 2397
178 572
179 2804
180 2667
181 2250
182 621
183 2544
184 1051
185 2439
186 1051
187 2244
188 90
189 1677
190 2415
191 2817
192 1726
193 2704
194 2652
195 1283
196 2887
197 480
198 191
199 694
200 1757
201 815
202 746
203 1182
204 764
205 2881
206 1486
207 260
208 2785
209 783
210 1909
211 2322
212 1788
213 1140
214 1835
215 1687
216 1098
217 2270
218 2634
219 2430
220 290
221 1320
222 1858
223 1416
224 1694
225 1498
226 952
227 2564
228 1924
229 1147
230 1875
231 1134
232 890
233 2765
234 2660
235 704
236 2883
237 2803
238 2449
239 904
240 2313
241 1519
242 1686
243 576
244 516
245 583
246 1360
247 2090
248 490
249 2827
250 1322
251 2895
252 2700
253 123
254 1355
255 567
256 381
257 2879
258 1919
259 194
260 2815
261 2284
262 28
263 503
264 74
265 1093
266 2300
267 1695
268 658
269 2184
270 1262
271 1505
272 101
273 2501
274 2489
275 63
276 2468
277 2724
278 1579
279 1820
280 2545
281 454
282 2950
283 1909
284 1899
285 2235
286 2476
287 2553
288 2375
289 275
290 2348
291 1362
292 2938
293 1279
294 1903
295 1088
296 2639
297 2900
298 1739
299 2342
300 830
301 50
302 72
303 236
304 111
305 717
306 1200
307 2830
308 1722
309 419
310 1317
311 13
312 885
313 2436
314 880
315 540
316 2460
317 1206
318 528
319 1590
320 115
321 2593
322 231
323 212
324 2060
325 1059
326 1795
327 471
328 1918
329 489
330 270
331 1025
332 542
333 1553
334 1070
335 1570
336 1673
337 117
338 1438
339 746
340 984
341 2400
342 348
343 1478
344 2094
345 1959
346 1821
347 55
348 1135
349 1938
350 2911
351 1916
352 561
353 2919
354 2303
355 1448
356 735
357 51
358 2788
359 1902
360 2209
361 1387
362 1683
363 2989
364 540
365 1118
366 1129
367 2633
368 1491
369 876
370 1787
371 212
372 2092
373 700
374 1410
375 916
376 132
377 2915
378 587
379 1158
380 1854
381 1331
382 2795
383 2935
384 2955
385 2294
386 1651
387 657
388 246
389 2786
390 1212
391 110
392 858
393 1146
394 491
395 1905
396 156
397 2496
398 1892
399 558
400 1145
401 1590
402 1327
403 1623
404 890
405 1410
406 2434
407 702
408 768
409 2015
410 2399
411 1200
412 574
413 2824
414 1867
415 1308
416 1114
417 211
418 1536
419 2629
420 2340
421 2748
422 1107
423 858
424 1386
425 1114
426 1965
427 2183
428 2512
429 1322
430 1414
431 1152
432 1271
433 2713
434 1007
435 2068
436 1806
437 2642
438 2823
439 109
440 2341
441 2473
442 485
443 2545
444 994
445 1698
446 910
447 1930
448 2214
449 1084
450 2074
451 219
452 357
453 495
454 370
455 2578
456 924
457 1002
458 1821
459 28
460 1225
461 846
462 942
463 149
464 1343
465 2379
466 139
467 444
468 1955
469 2740
470 2530
471 1079
472 1706
473 592
474 731
475 2625
476 1796
477 560
478 2225
479 832
480 1641
481 893
482 2827
483 2438
484 2453
485 863
486 452
487 1827
488 2727
489 337
490 2379
491 2237
492 156
493 598
494 1472
495 504
496 67
497 1604
498 1571
499 412
500 2055
501 2432
502 497
503 686
504 2097
505 2158
506 254
507 324
508 2329
509 2030
510 2542
511 2799
512 440
513 2085
514 2037
515 119
516 2215
517 1109
518 1253
519 2978
520 971
521 3000
522 245
523 2258
524 2808
525 1750
526 1699
527 296
528 1079
529 1795
530 1050
531 1900
532 371
533 854
534 474
535 509
536 2501
537 186
538 2614
539 1360
540 2096
541 2661
542 1346
543 350
544 2506
545 388
546 1576
547 1616
548 275
549 1288
550 2871
551 1807
552 2903
553 2846
554 2717
555 1039
556 653
557 722
558 1115
559 865
560 2473
561 77
562 1790
563 2423
564 1066
565 2072
566 2068
567 459
568 2279
569 2072
570 246
571 2789
572 2268
573 271
574 47
575 332
576 2628
577 1665
578 2643
579 2125
580 1397
581 35
582 2198
583 680
584 1432
585 2423
586 1756
587 1895
588 478
589 619
590 172
591 1800
592 2590
593 1285
594 2355
595 2505
596 774
597 432
598 661
599 949
600 2413
601 1883
602 249
603 220
604 1334
605 2261
606 481
607 113
608 265
609 1780
610 1457
611 42
612 2022
613 2574
614 2605
615 2897
616 1627
617 1106
618 1750
619 449
620 2351

