919 66
0 2205
1 851
2 1950
3 1928
4 867
5 1626
6 2884
7 2286
8 2896
9 534
10 2891
11 469
12 1661
13 383
14 1346
15 454
16 2473
17 235
18 2841
19 407
20 2441
21 1460
22 1478
23 711
24 1341
25 1347
26 2626
27 109
28 2550
29 439
30 255
31 1735
32 1498
33 990
34 757
35 2051
36 2023
37 251
38 2850
39 1480
40 995
41 1966
42 874
43 1833
44 131
45 1843
46 2849
47 1339
48 1984
49 1640
50 1953
51 1134
52 2721
53 2362
54 66
55 1820
56 748
57 1123
58 1314
59 1568
60 2345
61 1841
62 60
63 95
64 350
65 2994
66 3000
67 2605
68 1659
69 376
70 273
71 920
72 1181
73 1189
74 1186
75 1282
76 846
77 1012
78 705
79 378
80 1771
81 2516
82 1753
83 562
84 2839
85 1146
86 555
87 2545
88 346
89 265
90 577
91 2822
92 884
93 2667
94 859
95 375
96 1856
97 1753
98 930
99 919
100 595
101 2309
102 453
103 1030
104 2961
105 696
106 22
107 1891
108 54
109 1176
110 1167
111 502
112 1512
113 1898
114 1894
115 69
116 1728
117 2732
118 476
119 2228
120 2357
121 1988
122 1001
123 2786
124 475
125 819
126 1075
127 1598
128 1298
129 2722
130 1075
131 1128
132 1572
133 85
134 963
135 1138
136 1245
137 2445
138 2338
139 2856
140 1237
141 2398
142 807
143 870
144 1254
145 2605
146 2849
147 2611
148 2473
149 2696
150 2553
151 2048
152 1177
153 224
154 2013
155 889
156 543
157 711
158 2955
159 2518
160 770
161 1579
162 635
163 612
164 1917
165 2986
166 1916
167 2552
168 71
169 2429
170 608
171 2583
172 2236
173 2084
174 1609
175 654
176 694
177 2114
178 328
179 1340
180 2438
181 1810
182 2993
183 749
184 1278
185 2925
186 1162
187 1928
188 2535
189 2559
190 731
191 2594
192 2165
193 2262
194 2829
195 2364
196 617
197 33
198 2332
199 1883
200 2813
201 2138
202 15
203 1237
204 2544
205 2353
206 10
207 12
208 2540
209 589
210 2184
211 2720
212 647
213 2418
214 1551
215 2605
216 85
217 2986
218 2307
219 340
220 2235
221 689
222 2799
223 684
224 1163
225 1652
226 1958
227 2939
228 2337
229 169
230 525
231 2310
232 2842
233 268
234 1791
235 1121
236 1675
237 712
238 2808
239 542
240 341
241 1830
242 160
243 2299
244 2433
245 826
246 2895
247 2272
248 1711
249 1503
250 2857
251 2383
252 1137
253 330
254 2162
255 2503
256 1094
257 511
258 2906
259 430
260 2399
261 2462
262 688
263 161
264 850
265 2162
266 1243
267 1918
268 2831
269 1509
270 1735
271 2546
272 2570
273 1761
274 2878
275 2259
276 1442
277 817
278 201
279 439
280 1048
281 1119
282 2972
283 1370
284 2662
285 1217
286 2175
287 1712
288 945
289 1074
290 1686
291 63
292 1002
293 2226
294 2308
295 1961
296 708
297 2074
298 123
299 1307
300 964
301 166
302 100
303 1399
304 2600
305 139
306 1957
307 1326
308 2989
309 418
310 2900
311 1981
312 1832
313 741
314 2896
315 744
316 2743
317 2821
318 2414
319 1916
320 2714
321 363
322 2637
323 2862
324 2997
325 856
326 2822
327 1801
328 491
329 2748
330 864
331 1177
332 2994
333 70
334 2086
335 2303
336 1196
337 1543
338 117
339 2076
340 1265
341 2191
342 2665
343 519
344 569
345 2105
346 466
347 196
348 2957
349 2912
350 1298
351 2468
352 1617
353 2719
354 2779
355 2782
356 1295
357 975
358 1580
359 835
360 553
361 106
362 2699
363 2458
364 1863
365 2007
366 2367
367 2084
368 2587
369 986
370 2983
371 2041
372 2082
373 1474
374 1790
375 1289
376 2658
377 2108
378 2936
379 913
380 2583
381 1432
382 2438
383 2235
384 955
385 2604
386 896
387 2007
388 1793
389 2246
390 1278
391 2667
392 1947
393 1916
394 2174
395 1602
396 842
397 2773
398 828
399 1796
400 1831
401 1077
402 460
403 1617
404 810
405 2050
406 1313
407 1322
408 2254
409 2331
410 602
411 2293
412 2696
413 730
414 2497
415 2124
416 704
417 381
418 2376
419 1219
420 2885
421 1176
422 2743
423 2959
424 735
425 3000
426 2653
427 2507
428 548
429 1240
430 1878
431 2741
432 662
433 2018
434 1721
435 986
436 2985
437 531
438 2729
439 2404
440 2390
441 386
442 96
443 1342
444 1874
445 955
446 2345
447 2639
448 2759
449 1787
450 446
451 913
452 1070
453 1370
454 963
455 1196
456 2851
457 753
458 2136
459 1373
460 797
461 2647
462 1869
463 500
464 1881
465 1046
466 2440
467 188
468 2162
469 196
470 1959
471 1047
472 1668
473 551
474 1722
475 2688
476 2240
477 2625
478 1832
479 2767
480 2791
481 1647
482 45
483 2111
484 2067
485 371
486 1304
487 1020
488 1124
489 1161
490 408
491 1222
492 2513
493 552
494 2872
495 933
496 281
497 2672
498 865
499 16
500 1390
501 2785
502 1348
503 1607
504 1545
505 1059
506 1410
507 1413
508 1341
509 1723
510 1553
511 1598
512 1625
513 2255
514 1637
515 2195
516 2388
517 1886
518 2522
519 2404
520 84
521 2626
522 2192
523 1568
524 652
525 1023
526 1171
527 896
528 1748
529 302
530 1858
531 2903
532 2878
533 939
534 2627
535 147
536 1011
537 2923
538 1737
539 874
540 1553
541 2361
542 1639
543 2732
544 2735
545 2981
546 1764
547 638
548 516
549 2050
550 2095
551 2090
552 276
553 2885
554 1599
555 1800
556 2069
557 800
558 2534
559 2999
560 957
561 548
562 2855
563 208
564 919
565 1595
566 1196
567 870
568 2261
569 410
570 787
571 1240
572 2550
573 675
574 1623
575 1308
576 804
577 580
578 2510
579 2159
580 300
581 2263
582 413
583 167
584 607
585 1664
586 281
587 1239
588 2277
589 2126
590 1802
591 738
592 1550
593 2017
594 2010
595 2003
596 350
597 1283
598 2461
599 1560
600 942
601 947
602 1011
603 2059
604 128
605 1421
606 1440
607 2862
608 2492
609 2752
610 1563
611 635
612 1495
613 2504
614 1405
615 1479
616 841
617 1390
618 2942
619 246
620 1570
621 896
622 2934
623 336
624 2541
625 991
626 2202
627 1248
628 1898
629 1932
630 1883
631 1020
632 1892
633 2946
634 1621
635 1665
636 1994
637 794
638 197
639 2417
640 101
641 802
642 1002
643 1160
644 2362
645 552
646 736
647 2181
648 2903
649 82
650 1914
651 936
652 972
653 2276
654 2894
655 2017
656 2650
657 458
658 2992
659 1787
660 2153
661 1267
662 584
663 1217
664 2967
665 837
666 1803
667 447
668 516
669 2479
670 2686
671 1226
672 437
673 2607
674 2889
675 2796
676 50
677 1077
678 1017
679 825
680 1030
681 2158
682 1674
683 2922
684 724
685 2544
686 1605
687 2880
688 1374
689 2698
690 1118
691 279
692 2814
693 1983
694 1455
695 479
696 1207
697 813
698 1948
699 544
700 483
701 185
702 1208
703 2945
704 1382
705 512
706 137
707 614
708 1692
709 2564
710 1998
711 2266
712 1718
713 620
714 1928
715 2530
716 666
717 1620
718 1439
719 1666
720 2239
721 2733
722 1147
723 483
724 657
725 2950
726 1591
727 1021
728 931
729 272
730 1049
731 2892
732 660
733 1948
734 2454
735 1658
736 2514
737 133
738 2285
739 1795
740 2234
741 1869
742 845
743 49
744 545
745 432
746 2561
747 1918
748 1786
749 1921
750 772
751 420
752 40
753 399
754 86
755 493
756 2736
757 311
758 162
759 1434
760 2897
761 88
762 2599
763 2511
764 1521
765 309
766 2445
767 49
768 2001
769 665
770 2853
771 2308
772 1695
773 540
774 2185
775 732
776 830
777 93
778 972
779 2265
780 2941
781 665
782 1509
783 434
784 470
785 751
786 2128
787 663
788 593
789 1706
790 1607
791 104
792 252
793 1377
794 1924
795 1215
796 1479
797 703
798 1627
799 1151
800 2649
801 1809
802 2855
803 1356
804 2579
805 877
806 2249
807 1647
808 1122
809 970
810 464
811 694
812 1052
813 2571
814 1761
815 2571
816 1409
817 1809
818 2832
819 1079
820 1930
821 1660
822 2367
823 1842
824 407
825 1056
826 399
827 2042
828 1821
829 1679
830 2801
831 2210
832 1723
833 344
834 553
835 1764
836 1660
837 1285
838 1118
839 2711
840 1314
841 639
842 2132
843 2062
844 1448
845 2422
846 387
847 1028
848 1076
849 762
850 1629
851 65
852 1729
853 1525
854 723
855 430
856 1896
857 1718
858 2464
859 884
860 2280
861 1294
862 1528
863 439
864 1653
865 2235
866 2924
867 2162
868 2954
869 2925
870 2695
871 2063
872 2630
873 99
874 1394
875 924
876 1822
877 855
878 2445
879 1554
880 1024
881 2790
882 2833
883 2740
884 827
885 2913
886 378
887 2220
888 1621
889 2013
890 2793
891 2763
892 795
893 367
894 993
895 487
896 1220
897 699
898 384
899 2680
900 419
901 2628
902 2273
903 961
904 979
905 570
906 273
907 221
908 2077
909 108
910 14
911 943
912 2074
913 2148
914 831
915 516
916 1728
917 1048
918 241

