260 62
0 1191
1 206
2 2490
3 41
4 756
5 1395
6 2831
7 161
8 992
9 496
10 1792
11 70
12 2659
13 2051
14 1025
15 664
16 284
17 2565
18 2237
19 245
20 470
21 379
22 747
23 2048
24 1585
25 1788
26 29
27 286
28 2879
29 2696
30 1044
31 1271
32 166
33 1820
34 408
35 1146
36 678
37 1629
38 2053
39 270
40 2835
41 2861
42 1183
43 2582
44 1779
45 2896
46 2636
47 1242
48 827
49 1811
50 1578
51 2114
52 2807
53 2842
54 1926
55 995
56 1771
57 2240
58 1884
59 2267
60 116
61 2218
62 2903
63 258
64 2693
65 2812
66 1829
67 1838
68 2356
69 1873
70 644
71 2217
72 2018
73 606
74 861
75 600
76 422
77 2762
78 1342
79 1373
80 2307
81 916
82 1270
83 835
84 673
85 1860
86 1762
87 1668
88 2093
89 1407
90 2504
91 943
92 275
93 1868
94 1781
95 1519
96 2303
97 2712
98 147
99 576
100 213
101 2100
102 2834
103 2083
104 1498
105 2127
106 697
107 682
108 1893
109 190
110 1459
111 73
112 1246
113 1305
114 1834
115 2114
116 1636
117 1011
118 964
119 2753
120 1922
121 989
122 2547
123 2060
124 1232
125 1222
126 2562
127 436
128 1768
129 1213
130 1629
131 2614
132 558
133 76
134 2402
135 2556
136 2734
137 2312
138 811
139 1027
140 1234
141 1095
142 977
143 2759
144 2914
145 1788
146 2490
147 571
148 300
149 457
150 2163
151 2315
152 1601
153 2005
154 2963
155 814
156 174
157 1019
158 1625
159 2065
160 2762
161 2318
162 929
163 296
164 575
165 1174
166 1335
167 1075
168 2163
169 2684
170 669
171 356
172 2038
173 2086
174 1412
175 2547
176 356
177 2660
178 218
179 117
180 480
181 1847
182 170
183 2227
184 1208
185 781
186 2257
187 542
188 917
189 1046
190 1582
191 1405
192 386
193 398
194 1103
195 1169
196 956
197 2863
198 2393
199 1109
200 1254
201 1905
202 432
203 743
204 1028
205 2885
206 397
207 1422
208 1336
209 2874
210 1257
211 99
212 377
213 427
214 2703
215 2412
216 238
217 2318
218 1473
219 1599
220 1064
221 2543
222 1876
223 2092
224 192
225 1845
226 1108
227 1927
228 2810
229 2548
230 2455
231 2550
232 544
233 11
234 2638
235 1241
236 2517
237 2078
238 1506
239 1727
240 2228
241 43
242 537
243 1498
244 1280
245 1180
246 124
247 2463
248 1969
249 2354
250 263
251 1424
252 290
253 2182
254 1668
255 1819
256 2955
257 2101
258 230
259 2314

