603 95
0 1132
1 518
2 579
3 1526
4 2364
5 375
6 2171
7 1638
8 2527
9 2437
10 1912
11 2137
12 92
13 1236
14 1048
15 1400
16 1802
17 872
18 2850
19 2380
20 1918
21 2644
22 1639
23 2861
24 472
25 1092
26 821
27 1937
28 867
29 2542
30 694
31 2601
32 2207
33 483
34 1478
35 2621
36 2217
37 837
38 621
39 1149
40 2893
41 698
42 189
43 1143
44 1203
45 801
46 820
47 2937
48 571
49 2650
50 2019
51 1369
52 1172
53 390
54 645
55 526
56 1801
57 2045
58 135
59 995
60 2507
61 2867
62 2610
63 277
64 1293
65 2611
66 339
67 660
68 2639
69 259
70 2335
71 2302
72 892
73 1465
74 2968
75 443
76 809
77 2783
78 390
79 1882
80 2223
81 1793
82 1963
83 718
84 629
85 657
86 1481
87 2065
88 1426
89 2682
90 1881
91 1949
92 1074
93 1764
94 595
95 2073
96 2327
97 2063
98 1971
99 721
100 1251
101 1586
102 2144
103 2685
104 1342
105 210
106 1850
107 2058
108 2105
109 330
110 259
111 171
112 553
113 1733
114 8
115 2778
116 2559
117 516
118 2345
119 1752
120 1418
121 2683
122 2563
123 2958
124 1565
125 2797
126 38
127 1386
128 626
129 848
130 2675
131 527
132 2435
133 1965
134 2623
135 1412
136 482
137 1929
138 301
139 588
140 1099
141 2421
142 2629
143 501
144 2570
145 626
146 1582
147 2237
148 2274
149 2430
150 2752
151 442
152 381
153 1368
154 302
155 2811
156 507
157 2227
158 1212
159 1110
160 1311
161 1577
162 2407
163 1785
164 100
165 668
166 1698
167 2896
168 851
169 364
170 1921
171 738
172 1405
173 490
174 697
175 2487
176 1677
177 58
178 1690
179 1634
180 2356
181 1168
182 659
183 1007
184 1249
185 2577
186 2258
187 2272
188 2231
189 1432
190 289
191 833
192 2669
193 1216
194 925
195 2463
196 222
197 2688
198 2878
199 697
200 1499
201 237
202 2065
203 788
204 629
205 1672
206 1724
207 300
208 660
209 2437
210 728
211 408
212 293
213 1350
214 1521
215 758
216 1508
217 1777
218 498
219 13
220 2298
221 2351
222 682
223 2593
224 2182
225 1299
226 2703
227 2961
228 828
229 1066
230 2809
231 2826
232 739
233 2108
234 1644
235 801
236 73
237 401
238 176
239 1166
240 3
241 2549
242 2951
243 301
244 1327
245 1137
246 1276
247 1154
248 1930
249 2726
250 644
251 2084
252 496
253 1413
254 322
255 764
256 2025
257 874
258 1350
259 1121
260 1587
261 2347
262 1841
263 2738
264 723
265 1473
266 2992
267 1697
268 2763
269 633
270 2681
271 2681
272 463
273 804
274 2971
275 2481
276 136
277 1108
278 531
279 413
280 2036
281 1125
282 2544
283 1838
284 184
285 2607
286 525
287 102
288 2145
289 2429
290 1054
291 2912
292 712
293 346
294 211
295 671
296 2136
297 1671
298 59
299 1689
300 2006
301 2977
302 198
303 687
304 2100
305 1588
306 1226
307 996
308 2508
309 2804
310 2032
311 1
312 2780
313 86
314 2999
315 1351
316 699
317 956
318 1001
319 2764
320 385
321 851
322 2
323 550
324 955
325 2945
326 1015
327 552
328 1052
329 1577
330 3000
331 1696
332 2202
333 554
334 2564
335 2250
336 1128
337 477
338 2307
339 1214
340 304
341 2125
342 2386
343 1970
344 2630
345 1380
346 878
347 1672
348 460
349 2388
350 2984
351 2253
352 543
353 1475
354 2626
355 1605
356 1082
357 1097
358 740
359 1295
360 1104
361 904
362 643
363 800
364 2782
365 1830
366 197
367 2330
368 2496
369 2493
370 132
371 2987
372 1255
373 1830
374 397
375 6
376 472
377 1959
378 1242
379 663
380 1754
381 2746
382 2538
383 1710
384 2639
385 526
386 508
387 132
388 2029
389 2832
390 352
391 1833
392 2500
393 1439
394 2594
395 405
396 889
397 1801
398 484
399 2835
400 1942
401 1802
402 1448
403 362
404 1415
405 346
406 1547
407 98
408 2354
409 2142
410 139
411 2239
412 1432
413 851
414 1121
415 1342
416 1988
417 1061
418 1315
419 1212
420 2241
421 1875
422 15
423 69
424 455
425 2535
426 2488
427 484
428 675
429 331
430 682
431 1010
432 1031
433 1846
434 2787
435 2519
436 1112
437 766
438 2324
439 374
440 2179
441 123
442 2673
443 885
444 1266
445 634
446 2725
447 776
448 1844
449 1103
450 512
451 1563
452 2878
453 1143
454 1283
455 2434
456 2525
457 346
458 2520
459 894
460 707
461 2783
462 1653
463 2914
464 1521
465 231
466 1456
467 1708
468 2027
469 2107
470 2427
471 492
472 299
473 1269
474 2927
475 1696
476 304
477 306
478 2354
479 652
480 1293
481 1529
482 724
483 585
484 2562
485 843
486 1356
487 859
488 2114
489 2120
490 788
491 2850
492 913
493 1270
494 2288
495 1431
496 2576
497 338
498 11
499 2696
500 1345
501 1425
502 1877
503 1598
504 1536
505 2314
506 1942
507 690
508 675
509 1197
510 2664
511 1015
512 2358
513 1723
514 1527
515 2692
516 334
517 663
518 1303
519 326
520 1580
521 2806
522 1916
523 675
524 2885
525 2052
526 287
527 863
528 2808
529 2939
530 2101
531 2217
532 376
533 2905
534 2489
535 1041
536 2489
537 1556
538 749
539 577
540 1404
541 138
542 2715
543 2478
544 77
545 184
546 1053
547 698
548 728
549 1129
550 2832
551 937
552 2561
553 2569
554 905
555 2364
556 554
557 278
558 1430
559 662
560 1014
561 2475
562 2799
563 2590
564 1228
565 2270
566 2166
567 1142
568 1585
569 1576
570 759
571 1495
572 2101
573 663
574 1055
575 2118
576 1673
577 1602
578 1837
579 1590
580 1780
581 131
582 2274
583 2417
584 1478
585 110
586 905
587 453
588 2723
589 564
590 410
591 250
592 220
593 1102
594 2417
595 2747
596 1685
597 1324
598 1278
599 2356
600 2742
601 652
602 271

