531 58
0 1245
1 2682
2 267
3 737
4 1225
5 1419
6 1153
7 2954
8 1676
9 841
10 1025
11 493
12 846
13 2690
14 2672
15 1420
16 1353
17 2425
18 410
19 1716
20 2030
21 2814
22 2902
23 2580
24 1764
25 538
26 2010
27 233
28 2156
29 2785
30 368
31 2189
32 2799
33 2356
34 2101
35 810
36 707
37 207
38 1298
39 178
40 1676
41 2810
42 950
43 1518
44 456
45 1086
46 2851
47 716
48 2899
49 717
50 880
51 2206
52 2661
53 2118
54 2639
55 1416
56 716
57 1327
58 2300
59 1782
60 2174
61 534
62 2712
63 1862
64 250
65 2414
66 1069
67 1713
68 2774
69 1715
70 2808
71 1844
72 845
73 431
74 1346
75 1329
76 436
77 488
78 891
79 2729
80 316
81 559
82 2144
83 19
84 432
85 2602
86 2594
87 2099
88 664
89 1776
90 2970
91 700
92 635
93 2665
94 765
95 1966
96 1795
97 2200
98 2464
99 1778
100 1266
101 2626
102 591
103 1239
104 2193
105 2832
106 903
107 95
108 1381
109 1932
110 1809
111 526
112 99
113 2743
114 267
115 1191
116 2590
117 1648
118 2294
119 2381
120 2056
121 1337
122 2258
123 1447
124 2536
125 530
126 2154
127 869
128 2372
129 391
130 626
131 1142
132 1748
133 2817
134 1166
135 1017
136 1735
137 1835
138 1644
139 347
140 1900
141 1440
142 2735
143 1778
144 72
145 33
146 1158
147 1122
148 2075
149 794
150 1152
151 690
152 1692
153 757
154 1793
155 74
156 1805
157 2141
158 597
159 1046
160 2976
161 2964
162 1896
163 2005
164 1202
165 129
166 1361
167 1901
168 2208
169 2820
170 598
171 2136
172 1079
173 1347
174 1573
175 1322
176 1515
177 1338
178 1860
179 1491
180 1056
181 586
182 524
183 1565
184 1971
185 1042
186 2334
187 2252
188 925
189 928
190 723
191 2522
192 712
193 984
194 743
195 66
196 2584
197 171
198 170
199 1840
200 1356
201 1302
202 990
203 199
204 1459
205 2280
206 770
207 831
208 1824
209 2944
210 28
211 1069
212 767
213 935
214 1297
215 1684
216 1022
217 1918
218 2100
219 638
220 2788
221 67
222 1077
223 2469
224 1865
225 461
226 640
227 2181
228 2991
229 1473
230 1854
231 996
232 2165
233 894
234 1999
235 915
236 1242
237 235
238 2691
239 1506
240 470
241 2547
242 1878
243 2803
244 1351
245 684
246 909
247 1443
248 1915
249 1692
250 1448
251 2357
252 2448
253 2078
254 1446
255 1810
256 930
257 2695
258 1253
259 496
260 2586
261 181
262 1981
263 1648
264 1904
265 2276
266 290
267 527
268 2681
269 747
270 1966
271 72
272 1715
273 2692
274 56
275 2372
276 2944
277 101
278 1191
279 1952
280 1392
281 1665
282 2312
283 751
284 2980
285 979
286 430
287 2595
288 2234
289 769
290 140
291 1062
292 2744
293 1899
294 787
295 356
296 1417
297 1597
298 1517
299 1388
300 552
301 249
302 907
303 2805
304 2331
305 1058
306 1216
307 1286
308 602
309 444
310 1096
311 616
312 768
313 1954
314 1474
315 205
316 162
317 261
318 356
319 1348
320 1214
321 138
322 952
323 39
324 1793
325 1965
326 2038
327 993
328 2817
329 717
330 801
331 959
332 2258
333 327
334 569
335 2628
336 2426
337 502
338 582
339 241
340 2170
341 480
342 802
343 2780
344 1370
345 2708
346 936
347 2406
348 1237
349 474
350 447
351 284
352 2724
353 2701
354 2750
355 2396
356 2809
357 2755
358 2654
359 1649
360 574
361 1436
362 566
363 118
364 469
365 2245
366 2608
367 927
368 2578
369 1540
370 2557
371 163
372 833
373 863
374 1690
375 1086
376 288
377 1116
378 1802
379 2848
380 2935
381 2918
382 1679
383 768
384 332
385 2753
386 69
387 2538
388 120
389 564
390 1034
391 2667
392 350
393 1117
394 1268
395 2757
396 219
397 1684
398 2392
399 801
400 1435
401 1
402 735
403 1636
404 2907
405 1691
406 1026
407 767
408 521
409 1828
410 2877
411 2132
412 1203
413 431
414 654
415 2095
416 1347
417 1216
418 2093
419 2226
420 679
421 2083
422 2449
423 1761
424 2030
425 969
426 880
427 383
428 620
429 1848
430 518
431 114
432 1331
433 1793
434 1774
435 2701
436 1278
437 1758
438 158
439 429
440 1133
441 1133
442 884
443 224
444 1348
445 1125
446 1783
447 1476
448 1938
449 621
450 937
451 1818
452 577
453 2979
454 1954
455 1102
456 2567
457 1966
458 2821
459 1042
460 2759
461 1822
462 2934
463 2677
464 1112
465 682
466 1322
467 232
468 2716
469 659
470 2652
471 120
472 361
473 110
474 455
475 1110
476 2158
477 850
478 534
479 1968
480 2366
481 2626
482 2302
483 1114
484 1294
485 160
486 2960
487 1437
488 995
489 1077
490 1688
491 1052
492 47
493 2006
494 1876
495 2953
496 554
497 1374
498 1689
499 90
500 1814
501 1729
502 2270
503 2478
504 1444
505 2815
506 202
507 1071
508 1861
509 108
510 2880
511 692
512 417
513 1997
514 1919
515 2287
516 103
517 368
518 721
519 91
520 2156
521 1565
522 1010
523 1812
524 2265
525 2430
526 2791
527 621
528 2444
529 1980
530 1285

