723 40
0 2957
1 459
2 2779
3 312
4 99
5 781
6 1416
7 1907
8 385
9 1913
10 220
11 81
12 258
13 2716
14 679
15 1356
16 1398
17 863
18 2462
19 2010
20 1881
21 871
22 2501
23 2462
24 1349
25 2361
26 2557
27 318
28 1659
29 2812
30 1020
31 1140
32 916
33 2529
34 1354
35 1906
36 1130
37 2553
38 1055
39 1647
40 1863
41 1708
42 860
43 1084
44 2343
45 2460
46 2648
47 560
48 2984
49 642
50 2781
51 2321
52 1343
53 2193
54 2099
55 634
56 2356
57 296
58 1535
59 792
60 2852
61 642
62 644
63 2509
64 1094
65 755
66 2569
67 1551
68 622
69 1235
70 1419
71 749
72 554
73 667
74 762
75 2870
76 310
77 2077
78 104
79 1665
80 1213
81 1146
82 2817
83 1860
84 1875
85 2594
86 1303
87 1902
88 383
89 615
90 2879
91 1241
92 161
93 1073
94 2946
95 2181
96 1057
97 569
98 1852
99 1085
100 2772
101 2581
102 1836
103 1658
104 2996
105 1955
106 206
107 996
108 2943
109 9
110 2044
111 2874
112 2002
113 2744
114 2734
115 606
116 50
117 200
118 1517
119 1782
120 1898
121 2137
122 256
123 1273
124 2660
125 1555
126 288
127 2105
128 1492
129 2062
130 1281
131 1584
132 794
133 1123
134 1404
135 1842
136 1249
137 2629
138 2575
139 1630
140 814
141 1515
142 2845
143 1820
144 693
145 2541
146 519
147 1029
148 2118
149 2839
150 1532
151 1085
152 2743
153 920
154 900
155 244
156 730
157 1758
158 1364
159 1827
160 1060
161 2146
162 2365
163 2509
164 385
165 941
166 2705
167 1610
168 1917
169 1054
170 93
171 2600
172 1212
173 1114
174 2487
175 1869
176 1573
177 2591
178 659
179 1935
180 1285
181 2726
182 2969
183 298
184 38
185 166
186 2477
187 1233
188 382
189 1390
190 297
191 1777
192 1559
193 1768
194 732
195 1727
196 1345
197 493
198 430
199 1604
200 2731
201 735
202 328
203 1489
204 529
205 2126
206 2862
207 284
208 1274
209 2923
210 2715
211 2182
212 1040
213 343
214 76
215 1447
216 969
217 990
218 2963
219 1773
220 2425
221 888
222 596
223 1182
224 56
225 874
226 1539
227 2402
228 822
229 780
230 2441
231 2945
232 535
233 2300
234 1050
235 333
236 109
237 813
238 2335
239 2443
240 2094
241 2511
242 83
243 2983
244 1120
245 1125
246 1451
247 1756
248 975
249 991
250 359
251 2267
252 1902
253 2477
254 420
255 1437
256 1525
257 774
258 2117
259 2169
260 2045
261 505
262 993
263 1065
264 1594
265 731
266 2833
267 81
268 717
269 2693
270 1466
271 749
272 48
273 1961
274 730
275 2810
276 616
277 30
278 780
279 180
280 2977
281 1680
282 447
283 1528
284 730
285 148
286 901
287 1350
288 667
289 2370
290 1453
291 2931
292 2786
293 390
294 2781
295 965
296 1017
297 910
298 2728
299 1156
300 2612
301 394
302 1929
303 326
304 354
305 2082
306 1119
307 2451
308 2630
309 1949
310 681
311 1233
312 2588
313 845
314 669
315 1698
316 16
317 1194
318 1893
319 1245
320 2662
321 2919
322 1858
323 1906
324 1187
325 2894
326 2121
327 165
328 415
329 1205
330 2955
331 514
332 126
333 2811
334 1566
335 1276
336 2744
337 2951
338 916
339 1628
340 1552
341 2220
342 397
343 1384
344 2554
345 2129
346 2735
347 1436
348 2496
349 2405
350 97
351 1607
352 386
353 2279
354 859
355 2707
356 2718
357 2661
358 981
359 2384
360 2218
361 1755
362 626
363 1231
364 142
365 1572
366 1616
367 2739
368 493
369 2247
370 49
371 444
372 1610
373 2466
374 453
375 1020
376 2649
377 587
378 1680
379 1492
380 1427
381 1188
382 759
383 1350
384 2775
385 1893
386 2801
387 2773
388 2614
389 2754
390 2349
391 2525
392 743
393 2222
394 2658
395 2516
396 2310
397 87
398 2320
399 2757
400 279
401 2350
402 2738
403 2177
404 2485
405 127
406 2417
407 1004
408 2134
409 543
410 2200
411 1927
412 2845
413 2401
414 2588
415 2923
416 1971
417 2767
418 1983
419 67
420 2470
421 2376
422 1746
423 254
424 1229
425 1497
426 2241
427 2731
428 1566
429 1060
430 550
431 594
432 950
433 1076
434 1395
435 1250
436 1308
437 950
438 1977
439 751
440 63
441 1134
442 2441
443 1505
444 144
445 1471
446 369
447 1608
448 2000
449 2402
450 209
451 2399
452 318
453 2317
454 1387
455 1691
456 2045
457 1541
458 2720
459 2528
460 2632
461 182
462 2104
463 2263
464 1219
465 1439
466 2912
467 892
468 114
469 27
470 549
471 370
472 498
473 2424
474 171
475 987
476 1892
477 2751
478 1883
479 513
480 1818
481 439
482 1371
483 2482
484 931
485 1173
486 1617
487 451
488 1933
489 2477
490 1453
491 1436
492 1519
493 2867
494 2908
495 642
496 1544
497 2118
498 1462
499 2815
500 2115
501 969
502 2494
503 1656
504 1194
505 1058
506 219
507 2623
508 1595
509 1142
510 1811
511 1321
512 1106
513 2179
514 2419
515 2623
516 262
517 34
518 2972
519 746
520 2669
521 815
522 868
523 930
524 1475
525 1098
526 1054
527 2149
528 1238
529 1503
530 1998
531 2028
532 1854
533 971
534 1123
535 1238
536 834
537 2059
538 1635
539 82
540 1149
541 2884
542 2720
543 2287
544 736
545 2377
546 2858
547 2819
548 1043
549 1532
550 2206
551 488
552 1410
553 1377
554 597
555 2405
556 751
557 281
558 691
559 1905
560 2689
561 2069
562 1081
563 2667
564 2572
565 1728
566 1545
567 2785
568 2845
569 2005
570 696
571 2142
572 1791
573 2095
574 141
575 2204
576 1212
577 984
578 2635
579 587
580 319
581 2341
582 2969
583 2076
584 623
585 2942
586 1712
587 1965
588 1628
589 1650
590 2781
591 545
592 2262
593 1626
594 2388
595 1600
596 1421
597 40
598 2505
599 1405
600 2057
601 1524
602 297
603 1022
604 1923
605 2655
606 2722
607 1782
608 1630
609 2614
610 1765
611 2632
612 1781
613 2003
614 2644
615 2108
616 2050
617 1089
618 2495
619 2681
620 985
621 1838
622 948
623 1953
624 2477
625 708
626 1004
627 367
628 234
629 1394
630 21
631 371
632 1097
633 1716
634 812
635 1313
636 133
637 1569
638 501
639 1746
640 2767
641 1035
642 447
643 2186
644 2553
645 1022
646 2974
647 785
648 2563
649 2785
650 2362
651 626
652 2968
653 1084
654 107
655 1868
656 1668
657 215
658 2723
659 2283
660 1721
661 1820
662 1100
663 615
664 2941
665 968
666 2086
667 2261
668 550
669 2465
670 984
671 1043
672 1191
673 2501
674 2543
675 486
676 1332
677 616
678 2204
679 2254
680 948
681 2980
682 2986
683 419
684 2374
685 772
686 2253
687 83
688 2006
689 1933
690 49
691 2219
692 1154
693 2789
694 1114
695 1777
696 2751
697 1789
698 2360
699 219
700 842
701 1684
702 2886
703 2334
704 1699
705 1675
706 1209
707 1061
708 1133
709 852
710 274
711 1139
712 1793
713 1125
714 2834
715 1796
716 15
717 573
718 2635
719 596
720 66
721 1166
722 1763

