719 3
0 1185
1 2243
2 2036
3 2120
4 2461
5 2884
6 2759
7 641
8 985
9 2178
10 2098
11 121
12 2041
13 2390
14 2787
15 2986
16 1566
17 1198
18 1279
19 1215
20 2070
21 2891
22 348
23 1696
24 2961
25 204
26 412
27 1391
28 383
29 619
30 512
31 2400
32 1377
33 2934
34 1738
35 1431
36 879
37 2434
38 456
39 2282
40 311
41 321
42 2413
43 2009
44 1202
45 2237
46 2830
47 1008
48 351
49 1704
50 324
51 239
52 2853
53 1349
54 635
55 1337
56 952
57 2022
58 2118
59 2411
60 2359
61 249
62 1769
63 1260
64 839
65 1853
66 849
67 166
68 2232
69 715
70 813
71 2529
72 652
73 1184
74 1548
75 2103
76 1446
77 263
78 2648
79 1753
80 719
81 1674
82 979
83 2843
84 1153
85 1347
86 328
87 1266
88 1298
89 346
90 2909
91 56
92 1181
93 2010
94 2314
95 2318
96 2400
97 1895
98 1043
99 1122
100 2377
101 1896
102 1046
103 244
104 1254
105 950
106 2428
107 321
108 2593
109 1653
110 2542
111 360
112 1316
113 2475
114 1591
115 397
116 341
117 130
118 2610
119 2938
120 2304
121 2214
122 112
123 1807
124 609
125 2272
126 2505
127 822
128 1047
129 268
130 280
131 865
132 749
133 2154
134 2864
135 709
136 2733
137 662
138 462
139 1765
140 1668
141 2954
142 1878
143 1109
144 2813
145 856
146 723
147 98
148 905
149 2987
150 677
151 2646
152 1883
153 446
154 194
155 1299
156 1915
157 1121
158 834
159 536
160 2249
161 780
162 1421
163 188
164 2367
165 2483
166 2511
167 2874
168 543
169 801
170 2340
171 2736
172 1594
173 403
174 407
175 1981
176 2565
177 1771
178 1605
179 1984
180 551
181 2476
182 1380
183 1086
184 448
185 2184
186 1725
187 2072
188 2331
189 1976
190 804
191 2619
192 1374
193 2953
194 712
195 2242
196 837
197 2681
198 436
199 2286
200 663
201 1634
202 1920
203 2796
204 2629
205 2666
206 727
207 1076
208 2114
209 624
210 2324
211 225
212 2389
213 667
214 203
215 77
216 1554
217 1765
218 2089
219 2793
220 2738
221 2757
222 1090
223 234
224 360
225 1678
226 2599
227 1909
228 2195
229 109
230 404
231 1786
232 1934
233 289
234 116
235 915
236 2104
237 1863
238 15
239 86
240 2168
241 2945
242 1694
243 1897
244 1197
245 842
246 2353
247 594
248 428
249 107
250 2456
251 1975
252 597
253 1903
254 266
255 1175
256 1016
257 1050
258 1511
259 1992
260 1351
261 1845
262 1824
263 1735
264 1495
265 556
266 1108
267 1221
268 1818
269 289
270 442
271 1861
272 243
273 1190
274 2231
275 2934
276 294
277 852
278 310
279 2459
280 2247
281 2826
282 1819
283 155
284 1874
285 579
286 1342
287 1056
288 2314
289 891
290 1489
291 560
292 1090
293 1538
294 1451
295 2788
296 1395
297 623
298 2126
299 1257
300 470
301 1782
302 2831
303 432
304 1268
305 2353
306 1443
307 1764
308 849
309 15
310 1010
311 1813
312 170
313 1702
314 2061
315 2166
316 2390
317 808
318 2751
319 138
320 2245
321 188
322 1423
323 1962
324 2923
325 2575
326 2511
327 2154
328 1838
329 1057
330 664
331 1754
332 1984
333 2197
334 47
335 1975
336 2883
337 1928
338 2676
339 287
340 498
341 905
342 428
343 1808
344 1580
345 1958
346 2189
347 2925
348 895
349 2134
350 1743
351 2551
352 1430
353 2127
354 665
355 351
356 351
357 1673
358 2737
359 1928
360 1072
361 1932
362 815
363 1318
364 125
365 210
366 244
367 1831
368 1698
369 2479
370 741
371 1293
372 1334
373 2244
374 1042
375 803
376 2407
377 1352
378 1058
379 1090
380 2887
381 1106
382 1343
383 737
384 1710
385 1904
386 1251
387 2354
388 1572
389 1896
390 1518
391 2210
392 1548
393 1013
394 1637
395 2555
396 475
397 2001
398 852
399 2007
400 2885
401 2616
402 2630
403 1930
404 397
405 1177
406 281
407 112
408 1719
409 1925
410 2920
411 1659
412 2004
413 2089
414 1060
415 2527
416 712
417 2183
418 827
419 2933
420 1357
421 591
422 2140
423 1374
424 553
425 1063
426 2187
427 2406
428 2782
429 284
430 294
431 2506
432 203
433 2129
434 1631
435 275
436 1878
437 1655
438 1506
439 1198
440 361
441 2590
442 2371
443 125
444 1957
445 1694
446 79
447 1829
448 469
449 1668
450 1155
451 380
452 369
453 966
454 1612
455 1477
456 1124
457 1694
458 2215
459 1428
460 940
461 833
462 429
463 2481
464 843
465 1370
466 2070
467 1511
468 529
469 1242
470 658
471 36
472 1181
473 2710
474 2128
475 2190
476 1014
477 707
478 968
479 63
480 1436
481 268
482 2765
483 1747
484 2239
485 2423
486 587
487 254
488 1745
489 485
490 1055
491 1255
492 2404
493 2315
494 2043
495 2358
496 2482
497 769
498 1054
499 2687
500 898
501 434
502 540
503 1161
504 1546
505 2783
506 1918
507 2189
508 710
509 2659
510 1335
511 761
512 2816
513 1340
514 818
515 2499
516 1939
517 150
518 2669
519 2852
520 1614
521 534
522 1979
523 2997
524 2377
525 468
526 318
527 2549
528 138
529 2798
530 2181
531 2423
532 2840
533 2627
534 1076
535 2191
536 878
537 1268
538 484
539 874
540 2653
541 1775
542 1271
543 2686
544 73
545 2062
546 534
547 464
548 1052
549 2329
550 2618
551 628
552 2993
553 935
554 1659
555 752
556 1342
557 618
558 2583
559 253
560 2957
561 1116
562 2383
563 38
564 814
565 750
566 873
567 1576
568 971
569 1350
570 439
571 1422
572 1029
573 1357
574 2571
575 2230
576 734
577 2519
578 1739
579 2569
580 2729
581 1131
582 900
583 1403
584 633
585 2719
586 2343
587 2396
588 2204
589 1897
590 1260
591 217
592 151
593 1929
594 1454
595 2061
596 1825
597 2415
598 2001
599 2468
600 2646
601 972
602 2326
603 520
604 783
605 1537
606 1563
607 1175
608 203
609 2947
610 1617
611 1386
612 1095
613 1042
614 1726
615 753
616 2967
617 932
618 2489
619 1371
620 2965
621 2864
622 1865
623 1460
624 1568
625 2105
626 971
627 983
628 2199
629 1232
630 2747
631 1889
632 476
633 2616
634 2400
635 691
636 2114
637 715
638 2382
639 987
640 394
641 156
642 2064
643 552
644 1882
645 282
646 1023
647 1318
648 2040
649 22
650 1298
651 1441
652 2353
653 2900
654 772
655 88
656 97
657 1408
658 90
659 1299
660 2421
661 1030
662 1785
663 2228
664 2375
665 3
666 967
667 927
668 2983
669 2371
670 558
671 553
672 751
673 127
674 1803
675 689
676 565
677 2124
678 2409
679 2400
680 520
681 251
682 2910
683 892
684 1431
685 682
686 2902
687 1566
688 831
689 998
690 1272
691 767
692 175
693 375
694 2373
695 464
696 2498
697 2792
698 744
699 1814
700 2035
701 2130
702 342
703 948
704 894
705 2925
706 780
707 1865
708 2396
709 627
710 1760
711 1542
712 1393
713 1868
714 2238
715 50
716 160
717 108
718 1771

