694 42
0 2082
1 1054
2 847
3 1422
4 2961
5 2606
6 2518
7 2659
8 1915
9 1480
10 1109
11 86
12 145
13 2971
14 2836
15 1336
16 1436
17 518
18 1870
19 2905
20 877
21 413
22 1473
23 219
24 2798
25 1799
26 377
27 329
28 535
29 2448
30 493
31 2104
32 1889
33 1758
34 947
35 1860
36 331
37 1144
38 2095
39 918
40 412
41 155
42 1831
43 2529
44 2264
45 1115
46 2781
47 437
48 65
49 1166
50 247
51 2931
52 2561
53 245
54 44
55 1620
56 232
57 865
58 221
59 621
60 1359
61 2606
62 2693
63 1681
64 925
65 2997
66 2189
67 1526
68 2890
69 519
70 303
71 538
72 1292
73 185
74 1350
75 1587
76 1369
77 2551
78 1885
79 275
80 200
81 2417
82 1714
83 1077
84 672
85 1751
86 2400
87 1782
88 1388
89 596
90 856
91 1481
92 1843
93 2100
94 2093
95 1624
96 2940
97 1753
98 1241
99 2831
100 26
101 2521
102 1746
103 1805
104 995
105 2197
106 882
107 2115
108 604
109 1339
110 96
111 462
112 2764
113 2168
114 1770
115 1363
116 1574
117 1439
118 1938
119 2229
120 963
121 1838
122 1382
123 2007
124 2714
125 2804
126 2682
127 1148
128 183
129 995
130 2003
131 2152
132 39
133 1426
134 854
135 2519
136 523
137 1395
138 1196
139 1252
140 1290
141 2981
142 1712
143 2441
144 269
145 1148
146 2985
147 991
148 2772
149 875
150 2338
151 2618
152 1635
153 331
154 1760
155 1623
156 398
157 150
158 211
159 1426
160 930
161 2960
162 460
163 2542
164 2573
165 842
166 723
167 1129
168 367
169 433
170 1268
171 2442
172 1709
173 378
174 1025
175 1936
176 1935
177 372
178 522
179 2095
180 2741
181 2216
182 2753
183 2630
184 1285
185 878
186 1123
187 2952
188 1368
189 1322
190 1574
191 2264
192 2849
193 1469
194 2065
195 2283
196 2502
197 1772
198 518
199 1878
200 326
201 2888
202 115
203 2300
204 917
205 2763
206 1719
207 1982
208 2130
209 715
210 2370
211 2153
212 2591
213 1382
214 728
215 1353
216 889
217 2191
218 957
219 1371
220 2631
221 2778
222 81
223 2506
224 829
225 2725
226 2170
227 2405
228 148
229 1409
230 2158
231 2336
232 710
233 50
234 188
235 2837
236 1319
237 76
238 2913
239 1083
240 2115
241 2696
242 314
243 748
244 119
245 2138
246 2026
247 1875
248 2463
249 1956
250 124
251 1809
252 1052
253 1701
254 433
255 1012
256 2907
257 2140
258 2614
259 19
260 2140
261 1830
262 1919
263 2833
264 1677
265 914
266 172
267 400
268 2403
269 1105
270 838
271 511
272 308
273 2321
274 1719
275 1498
276 1518
277 1777
278 2777
279 1141
280 1391
281 2061
282 1725
283 998
284 2911
285 1568
286 650
287 1115
288 153
289 554
290 2711
291 2630
292 2635
293 1370
294 2048
295 2702
296 509
297 664
298 1077
299 1221
300 1828
301 1449
302 2603
303 2296
304 1742
305 1602
306 1422
307 1230
308 2997
309 413
310 1428
311 1872
312 1613
313 141
314 206
315 749
316 1862
317 2595
318 216
319 2646
320 1116
321 2587
322 2031
323 1955
324 2483
325 1274
326 129
327 589
328 2127
329 121
330 2966
331 572
332 1853
333 193
334 2156
335 549
336 1557
337 2651
338 437
339 2616
340 1226
341 325
342 2718
343 1952
344 2907
345 1322
346 946
347 487
348 432
349 2309
350 1403
351 999
352 397
353 205
354 2483
355 2994
356 2323
357 1364
358 2700
359 2414
360 840
361 2996
362 2383
363 1761
364 324
365 668
366 2649
367 901
368 1384
369 2594
370 1962
371 1645
372 2429
373 982
374 1395
375 274
376 1530
377 422
378 2408
379 2454
380 1508
381 2309
382 2443
383 1772
384 1148
385 1073
386 1484
387 1250
388 913
389 229
390 1183
391 2272
392 1120
393 2919
394 1910
395 972
396 446
397 1238
398 1419
399 1999
400 2829
401 2257
402 162
403 148
404 946
405 14
406 776
407 1804
408 2735
409 1669
410 940
411 2604
412 2987
413 2007
414 5
415 2277
416 299
417 291
418 1881
419 2717
420 656
421 2519
422 1327
423 356
424 956
425 435
426 2406
427 1116
428 2829
429 170
430 738
431 18
432 2203
433 1748
434 1228
435 64
436 871
437 2978
438 2009
439 1859
440 1457
441 539
442 1516
443 1142
444 2295
445 2944
446 204
447 1682
448 2484
449 622
450 327
451 972
452 685
453 94
454 267
455 1874
456 2970
457 1999
458 1663
459 2498
460 2502
461 1525
462 240
463 1450
464 647
465 929
466 2029
467 1496
468 1742
469 495
470 140
471 598
472 2640
473 1294
474 1758
475 2158
476 2588
477 2933
478 2205
479 667
480 825
481 2262
482 480
483 1395
484 1801
485 1424
486 2603
487 2787
488 503
489 2914
490 1887
491 2747
492 2493
493 2858
494 1692
495 177
496 2380
497 1444
498 2237
499 2916
500 1420
501 1408
502 1851
503 643
504 1428
505 2438
506 620
507 2510
508 291
509 1371
510 2944
511 1505
512 1610
513 906
514 2806
515 1424
516 2336
517 2759
518 1811
519 711
520 1047
521 2183
522 1636
523 125
524 2867
525 932
526 2592
527 521
528 137
529 825
530 2140
531 204
532 774
533 2484
534 1143
535 2292
536 2170
537 163
538 1287
539 661
540 50
541 27
542 1206
543 1649
544 2748
545 472
546 1104
547 1978
548 300
549 1898
550 1207
551 149
552 2674
553 668
554 2740
555 1449
556 1524
557 2770
558 2596
559 831
560 2992
561 2123
562 2811
563 2420
564 1755
565 1770
566 1380
567 978
568 18
569 739
570 139
571 1426
572 2043
573 2092
574 2872
575 2889
576 1680
577 574
578 756
579 1058
580 1177
581 2710
582 293
583 2725
584 2443
585 123
586 2510
587 557
588 2758
589 2543
590 2746
591 2072
592 2481
593 1884
594 1033
595 2281
596 988
597 1793
598 696
599 587
600 2701
601 779
602 1358
603 2875
604 2732
605 781
606 1114
607 1196
608 2583
609 1905
610 242
611 206
612 2394
613 1864
614 920
615 1893
616 1489
617 1297
618 1782
619 1528
620 1726
621 1826
622 750
623 2164
624 307
625 2838
626 799
627 940
628 186
629 2016
630 1608
631 1938
632 2255
633 831
634 1795
635 2237
636 1040
637 1997
638 2962
639 46
640 2987
641 2667
642 1269
643 2105
644 2368
645 1059
646 464
647 549
648 729
649 1750
650 1853
651 1164
652 2006
653 780
654 2464
655 1077
656 1678
657 1100
658 511
659 2211
660 2427
661 2725
662 1283
663 2353
664 1490
665 2530
666 187
667 2871
668 675
669 1331
670 1705
671 621
672 2662
673 2596
674 1091
675 1637
676 2476
677 1486
678 846
679 2910
680 470
681 1702
682 1403
683 1856
684 1395
685 2286
686 2174
687 2800
688 693
689 1712
690 512
691 2992
692 1822
693 2179

