397 17
0 337
1 2180
2 1481
3 2431
4 1976
5 2086
6 2706
7 1614
8 1493
9 1890
10 1650
11 1160
12 787
13 1259
14 1134
15 2705
16 1555
17 2973
18 1080
19 1615
20 2807
21 1266
22 414
23 1251
24 1631
25 2101
26 1030
27 215
28 1377
29 182
30 699
31 1058
32 2723
33 394
34 2195
35 1515
36 1582
37 2126
38 109
39 511
40 1860
41 2744
42 2329
43 1923
44 2701
45 1687
46 611
47 2611
48 1542
49 1424
50 531
51 1963
52 976
53 2255
54 267
55 272
56 2684
57 967
58 2089
59 2576
60 2726
61 2022
62 159
63 2724
64 1979
65 1593
66 252
67 1293
68 877
69 2472
70 1061
71 2566
72 76
73 238
74 2794
75 1350
76 2759
77 445
78 2967
79 15
80 204
81 2483
82 283
83 779
84 181
85 2261
86 2647
87 2039
88 1646
89 1640
90 2730
91 985
92 1167
93 1353
94 977
95 646
96 2581
97 2024
98 731
99 953
100 585
101 646
102 993
103 1626
104 86
105 1578
106 1235
107 531
108 1956
109 2145
110 255
111 2386
112 2024
113 2925
114 1693
115 1322
116 1640
117 1388
118 206
119 263
120 1272
121 1369
122 2215
123 1528
124 164
125 868
126 2956
127 420
128 745
129 1152
130 1733
131 790
132 2804
133 1373
134 2538
135 230
136 2854
137 2370
138 2473
139 1060
140 127
141 183
142 1034
143 575
144 1513
145 78
146 717
147 449
148 2773
149 2801
150 1010
151 1053
152 240
153 392
154 342
155 2798
156 2556
157 1848
158 1401
159 2947
160 1676
161 788
162 1841
163 228
164 647
165 1298
166 338
167 185
168 2440
169 983
170 1996
171 2760
172 1245
173 1124
174 2013
175 1316
176 935
177 107
178 1604
179 1163
180 108
181 2814
182 530
183 1119
184 190
185 491
186 1791
187 2816
188 694
189 2413
190 1530
191 1301
192 2691
193 1361
194 2912
195 0
196 1909
197 1782
198 2223
199 1139
200 1929
201 36
202 794
203 2569
204 531
205 1948
206 198
207 853
208 190
209 1709
210 861
211 1013
212 694
213 2120
214 2774
215 2238
216 1613
217 901
218 795
219 2654
220 2133
221 2525
222 1324
223 2192
224 1965
225 1070
226 1935
227 564
228 2541
229 2768
230 2127
231 2802
232 2631
233 1172
234 2923
235 636
236 2024
237 1077
238 1936
239 2024
240 2749
241 667
242 1283
243 1445
244 2486
245 655
246 1656
247 2463
248 43
249 2986
250 1012
251 528
252 150
253 2494
254 2541
255 177
256 462
257 2202
258 2808
259 2031
260 542
261 1524
262 789
263 1266
264 2398
265 1777
266 2982
267 2693
268 1510
269 1823
270 214
271 1915
272 170
273 2381
274 2730
275 1853
276 1616
277 1435
278 1263
279 1435
280 2243
281 917
282 2887
283 240
284 1511
285 2103
286 2945
287 1387
288 2442
289 903
290 1705
291 2283
292 2450
293 1364
294 1251
295 1114
296 741
297 138
298 839
299 757
300 854
301 2870
302 1914
303 2446
304 1399
305 2157
306 684
307 90
308 2429
309 746
310 1098
311 1830
312 22
313 1208
314 597
315 2397
316 991
317 976
318 353
319 2483
320 2027
321 1464
322 1583
323 1762
324 2632
325 1843
326 273
327 1254
328 1048
329 1232
330 1204
331 1342
332 1501
333 871
334 35
335 2798
336 299
337 2961
338 597
339 2159
340 953
341 1363
342 1185
343 2710
344 1255
345 963
346 2023
347 957
348 217
349 1274
350 2108
351 373
352 157
353 1817
354 638
355 83
356 1195
357 1443
358 131
359 2700
360 2435
361 590
362 248
363 1716
364 2342
365 2628
366 266
367 2444
368 1725
369 2496
370 668
371 1784
372 1558
373 1345
374 2071
375 766
376 2814
377 1991
378 2364
379 859
380 565
381 546
382 1864
383 1661
384 2202
385 2805
386 2558
387 1176
388 253
389 964
390 41
391 1674
392 1034
393 547
394 2030
395 257
396 1284

