530 97
0 713
1 2683
2 1427
3 2682
4 714
5 926
6 2227
7 2579
8 1269
9 1522
10 765
11 1591
12 2047
13 369
14 1303
15 2211
16 349
17 2427
18 2154
19 1085
20 1198
21 1212
22 1595
23 2094
24 1070
25 2977
26 2017
27 2011
28 2613
29 1733
30 1819
31 1591
32 2627
33 995
34 1628
35 134
36 315
37 1353
38 2369
39 268
40 337
41 1172
42 2818
43 1903
44 794
45 393
46 2777
47 598
48 351
49 1737
50 1889
51 2059
52 2732
53 1138
54 310
55 2777
56 2058
57 2352
58 2526
59 1096
60 906
61 1831
62 545
63 336
64 1694
65 2755
66 299
67 1650
68 2688
69 549
70 1274
71 2264
72 2762
73 83
74 457
75 1365
76 2484
77 1204
78 701
79 2787
80 455
81 1389
82 1055
83 954
84 2264
85 651
86 754
87 1301
88 865
89 711
90 1727
91 2455
92 586
93 1523
94 916
95 1810
96 522
97 2193
98 828
99 1556
100 1552
101 1991
102 1180
103 725
104 1717
105 1064
106 2256
107 680
108 2794
109 2731
110 1974
111 2155
112 1492
113 2763
114 2554
115 2385
116 2278
117 2132
118 2024
119 1379
120 579
121 161
122 2985
123 1648
124 1562
125 2135
126 2746
127 2154
128 426
129 823
130 845
131 686
132 692
133 468
134 2997
135 2689
136 1921
137 1201
138 1464
139 1576
140 59
141 2168
142 307
143 176
144 2721
145 1404
146 2799
147 2527
148 1999
149 1658
150 1456
151 1738
152 1125
153 2715
154 1254
155 484
156 208
157 58
158 167
159 2984
160 1145
161 2673
162 2714
163 1892
164 2686
165 2793
166 333
167 2332
168 2725
169 2138
170 1540
171 1665
172 1120
173 795
174 290
175 2623
176 1190
177 2858
178 89
179 2027
180 474
181 831
182 2386
183 66
184 275
185 265
186 2793
187 1904
188 634
189 2410
190 1433
191 1454
192 2365
193 950
194 221
195 2541
196 2652
197 1029
198 490
199 1307
200 167
201 2663
202 604
203 1460
204 1286
205 1894
206 1217
207 2570
208 327
209 899
210 1629
211 366
212 1993
213 1326
214 2550
215 1996
216 1735
217 1839
218 367
219 2143
220 1380
221 2124
222 390
223 767
224 2236
225 1596
226 1800
227 2331
228 2693
229 243
230 972
231 1016
232 736
233 1936
234 1262
235 214
236 1410
237 1724
238 2158
239 761
240 1998
241 1836
242 1274
243 2102
244 2215
245 2485
246 2223
247 1402
248 968
249 584
250 2142
251 2689
252 2263
253 2046
254 2484
255 1931
256 1785
257 1735
258 656
259 1494
260 885
261 180
262 2507
263 120
264 839
265 2544
266 458
267 711
268 1794
269 841
270 2794
271 912
272 1353
273 2690
274 765
275 234
276 422
277 2422
278 2039
279 163
280 1538
281 1134
282 746
283 696
284 1717
285 175
286 775
287 2537
288 48
289 915
290 791
291 2598
292 1388
293 1396
294 41
295 1518
296 2623
297 1952
298 546
299 185
300 2534
301 2717
302 2055
303 1673
304 277
305 583
306 2168
307 2513
308 1695
309 2244
310 271
311 1639
312 955
313 2552
314 1456
315 1466
316 331
317 2243
318 2130
319 1342
320 1116
321 2140
322 2691
323 237
324 2804
325 1865
326 1243
327 2477
328 1627
329 2232
330 1459
331 2644
332 2293
333 1656
334 793
335 1826
336 718
337 2501
338 2063
339 1274
340 760
341 1333
342 2257
343 1847
344 1108
345 2328
346 2069
347 2283
348 434
349 1657
350 1421
351 836
352 1913
353 1518
354 429
355 419
356 1636
357 907
358 1941
359 276
360 623
361 1705
362 1453
363 2018
364 1799
365 2483
366 1485
367 2776
368 2745
369 2815
370 2650
371 2108
372 2214
373 2018
374 1832
375 1080
376 413
377 2305
378 2695
379 1485
380 680
381 336
382 892
383 290
384 793
385 536
386 1110
387 1937
388 2353
389 180
390 725
391 1627
392 1650
393 2603
394 94
395 800
396 546
397 2617
398 549
399 2841
400 2334
401 1266
402 2217
403 2877
404 869
405 1013
406 2328
407 493
408 2809
409 875
410 2132
411 2528
412 2937
413 672
414 2887
415 2975
416 2463
417 969
418 2054
419 1767
420 2537
421 2083
422 389
423 1101
424 1121
425 733
426 942
427 2868
428 1651
429 756
430 2363
431 2240
432 538
433 761
434 1281
435 2211
436 516
437 311
438 1589
439 2584
440 1473
441 1688
442 2293
443 191
444 2450
445 535
446 726
447 2532
448 1210
449 1472
450 1798
451 2916
452 1906
453 2939
454 814
455 1005
456 2945
457 1715
458 1477
459 2391
460 86
461 2940
462 1127
463 870
464 1498
465 826
466 1690
467 1078
468 1744
469 231
470 1096
471 417
472 2773
473 1392
474 476
475 2520
476 1653
477 1768
478 2176
479 1613
480 2574
481 1306
482 620
483 1130
484 2470
485 1123
486 1713
487 1921
488 33
489 1471
490 2182
491 2864
492 2303
493 2094
494 1837
495 1156
496 2588
497 2308
498 754
499 2783
500 1287
501 2249
502 2018
503 563
504 2345
505 1360
506 2888
507 207
508 13
509 2853
510 2109
511 2050
512 575
513 1254
514 1720
515 1008
516 2687
517 2239
518 2171
519 1336
520 2761
521 478
522 1858
523 230
524 351
525 1157
526 579
527 464
528 2795
529 2996

