143 43
0 752
1 1872
2 1214
3 1984
4 2271
5 87
6 2191
7 793
8 868
9 1932
10 2805
11 2563
12 1452
13 763
14 2315
15 953
16 2284
17 2609
18 230
19 55
20 1648
21 1779
22 248
23 2502
24 2016
25 2415
26 2218
27 904
28 2461
29 2297
30 2340
31 807
32 1713
33 2900
34 120
35 1130
36 2651
37 1691
38 599
39 1565
40 2651
41 2420
42 2019
43 1541
44 2059
45 911
46 608
47 291
48 1878
49 517
50 43
51 2591
52 74
53 1491
54 1702
55 171
56 2693
57 615
58 2334
59 1426
60 833
61 1229
62 544
63 2944
64 2198
65 1964
66 873
67 2541
68 785
69 1975
70 2417
71 957
72 1865
73 1878
74 2591
75 1421
76 2399
77 167
78 586
79 816
80 353
81 2857
82 1224
83 2088
84 1964
85 1201
86 2121
87 1967
88 92
89 62
90 888
91 931
92 2508
93 63
94 678
95 2532
96 1381
97 2166
98 1682
99 2729
100 2143
101 644
102 2809
103 918
104 2691
105 2381
106 1020
107 953
108 649
109 2515
110 1609
111 566
112 881
113 2527
114 1577
115 2498
116 812
117 700
118 2632
119 1838
120 944
121 1412
122 2823
123 2904
124 2879
125 912
126 103
127 1424
128 2913
129 555
130 1173
131 2164
132 1626
133 1011
134 2368
135 1721
136 2729
137 231
138 913
139 2061
140 2189
141 1522
142 2072

