208 41
0 2986
1 2727
2 2980
3 1661
4 1064
5 884
6 2281
7 1966
8 1480
9 2702
10 1091
11 2515
12 1956
13 29
14 1574
15 242
16 1487
17 1973
18 2080
19 1111
20 303
21 556
22 1969
23 208
24 1623
25 1458
26 779
27 730
28 2346
29 2325
30 1704
31 2136
32 1569
33 2097
34 587
35 438
36 2680
37 2450
38 2325
39 2544
40 54
41 1667
42 1646
43 2471
44 1342
45 2465
46 1075
47 2502
48 102
49 119
50 488
51 2897
52 2713
53 1972
54 1702
55 2328
56 1469
57 2835
58 1143
59 691
60 2844
61 1999
62 968
63 2094
64 351
65 1644
66 614
67 2976
68 309
69 527
70 535
71 2645
72 147
73 1890
74 1473
75 1687
76 534
77 2855
78 2026
79 2261
80 1406
81 1006
82 1022
83 849
84 2256
85 2561
86 2737
87 1415
88 401
89 2406
90 1250
91 762
92 2350
93 480
94 833
95 1761
96 1631
97 761
98 1662
99 1651
100 223
101 1565
102 709
103 877
104 2601
105 351
106 536
107 1228
108 890
109 839
110 2038
111 1967
112 1598
113 2975
114 1937
115 912
116 2254
117 2407
118 1853
119 2536
120 57
121 892
122 1243
123 2049
124 2972
125 995
126 1015
127 1536
128 309
129 1697
130 278
131 2062
132 2724
133 356
134 1799
135 394
136 1751
137 609
138 1818
139 2791
140 1009
141 1887
142 818
143 1252
144 154
145 827
146 1166
147 587
148 2979
149 485
150 1524
151 1273
152 1446
153 2599
154 845
155 1818
156 456
157 807
158 2980
159 1854
160 1938
161 1905
162 1245
163 74
164 2144
165 550
166 2335
167 2120
168 759
169 1983
170 2134
171 1101
172 2616
173 2211
174 782
175 697
176 80
177 1675
178 1448
179 2118
180 1448
181 1348
182 2776
183 1368
184 2612
185 968
186 564
187 2025
188 2623
189 800
190 890
191 1157
192 2791
193 2676
194 1282
195 990
196 882
197 2873
198 2626
199 267
200 1607
201 373
202 832
203 2568
204 395
205 2212
206 1599
207 1229

