382 51
0 788
1 1251
2 451
3 1408
4 1767
5 1325
6 2135
7 2782
8 2673
9 99
10 1667
11 1098
12 1993
13 332
14 1656
15 366
16 773
17 2982
18 363
19 901
20 1049
21 1740
22 1122
23 1462
24 1078
25 2333
26 840
27 1888
28 2781
29 639
30 233
31 546
32 2345
33 2235
34 2216
35 286
36 640
37 2513
38 2437
39 765
40 447
41 1747
42 2309
43 527
44 24
45 876
46 1457
47 1318
48 892
49 1310
50 342
51 2506
52 2919
53 1445
54 377
55 989
56 560
57 53
58 396
59 1508
60 1113
61 278
62 1334
63 611
64 657
65 1942
66 2167
67 2815
68 2074
69 768
70 80
71 1173
72 122
73 1899
74 1855
75 713
76 1585
77 291
78 22
79 1577
80 1078
81 763
82 1108
83 2293
84 542
85 2631
86 1088
87 2857
88 835
89 633
90 341
91 1249
92 1873
93 890
94 712
95 2727
96 415
97 2306
98 1261
99 1422
100 2759
101 882
102 170
103 178
104 1703
105 1655
106 1961
107 2722
108 1206
109 1381
110 905
111 2144
112 1173
113 38
114 1904
115 2967
116 1570
117 2963
118 2030
119 1499
120 92
121 1612
122 1598
123 2029
124 2824
125 811
126 1475
127 2308
128 888
129 1022
130 475
131 1090
132 944
133 2786
134 958
135 2434
136 2378
137 721
138 672
139 347
140 460
141 1918
142 864
143 1954
144 1878
145 737
146 1981
147 625
148 2483
149 2461
150 1911
151 2184
152 817
153 808
154 121
155 2661
156 2370
157 1309
158 577
159 2634
160 241
161 793
162 2268
163 860
164 895
165 1704
166 2408
167 1386
168 2479
169 125
170 2070
171 2107
172 491
173 884
174 1077
175 6
176 2384
177 1928
178 1958
179 271
180 203
181 1484
182 1127
183 1702
184 1705
185 2737
186 1665
187 2609
188 2704
189 1290
190 1398
191 433
192 2965
193 134
194 548
195 1600
196 2236
197 438
198 314
199 983
200 1388
201 818
202 2205
203 97
204 1631
205 545
206 537
207 953
208 238
209 1107
210 263
211 897
212 170
213 1581
214 2978
215 1119
216 317
217 720
218 715
219 2960
220 927
221 195
222 2939
223 138
224 1505
225 2634
226 866
227 81
228 1948
229 287
230 1151
231 1759
232 208
233 1100
234 2207
235 1828
236 1390
237 2209
238 85
239 2584
240 125
241 2248
242 192
243 2738
244 1126
245 1284
246 501
247 31
248 1651
249 819
250 2308
251 2627
252 1986
253 707
254 2121
255 1372
256 1107
257 890
258 1435
259 1852
260 1995
261 2894
262 960
263 211
264 1197
265 498
266 810
267 865
268 81
269 2054
270 2694
271 365
272 2546
273 112
274 2042
275 689
276 1554
277 2991
278 1957
279 2739
280 2969
281 314
282 2014
283 249
284 2669
285 2443
286 2137
287 760
288 1786
289 1034
290 1781
291 429
292 1930
293 2824
294 1243
295 805
296 1183
297 127
298 735
299 1437
300 2053
301 2222
302 1003
303 2594
304 1973
305 2503
306 498
307 1784
308 312
309 1040
310 1854
311 1959
312 1096
313 991
314 69
315 2505
316 2205
317 2588
318 32
319 1761
320 2811
321 835
322 536
323 1994
324 2569
325 2641
326 751
327 96
328 296
329 107
330 149
331 1456
332 2638
333 877
334 2308
335 2497
336 2664
337 589
338 2149
339 2794
340 266
341 1359
342 2401
343 1383
344 2608
345 2575
346 2636
347 1100
348 1934
349 2343
350 2946
351 1511
352 1575
353 284
354 943
355 681
356 2040
357 899
358 2873
359 60
360 794
361 1659
362 938
363 391
364 2224
365 1968
366 2026
367 1064
368 397
369 1118
370 2736
371 801
372 117
373 1196
374 833
375 1483
376 1601
377 1631
378 1718
379 1975
380 2329
381 2958

