102 32
0 549
1 1405
2 2830
3 1774
4 631
5 994
6 2274
7 807
8 165
9 2914
10 2456
11 1312
12 1336
13 1356
14 1563
15 2949
16 974
17 2613
18 2516
19 258
20 1507
21 1349
22 1961
23 2988
24 561
25 2806
26 2701
27 201
28 2815
29 502
30 106
31 2470
32 631
33 2193
34 984
35 2888
36 1358
37 1730
38 556
39 1507
40 2689
41 2591
42 1832
43 1501
44 2922
45 824
46 1130
47 959
48 1168
49 588
50 2607
51 2062
52 789
53 1118
54 87
55 1523
56 1652
57 2151
58 2318
59 2170
60 2173
61 2682
62 353
63 2084
64 840
65 1342
66 686
67 1406
68 829
69 1562
70 2068
71 891
72 2496
73 1059
74 2422
75 1720
76 2745
77 548
78 2384
79 1887
80 1591
81 854
82 784
83 2562
84 599
85 530
86 1615
87 2979
88 1531
89 2765
90 2895
91 1990
92 1124
93 1894
94 2966
95 304
96 1685
97 2674
98 815
99 1808
100 2632
101 258

