656 63
0 1461
1 1075
2 2406
3 421
4 1758
5 961
6 2719
7 1450
8 622
9 1644
10 632
11 1452
12 1464
13 1392
14 2050
15 2905
16 2839
17 477
18 2989
19 1742
20 1909
21 2133
22 1635
23 2745
24 1977
25 2000
26 660
27 2118
28 2845
29 913
30 708
31 2970
32 1027
33 2851
34 343
35 2435
36 55
37 2364
38 2184
39 327
40 715
41 2269
42 2187
43 344
44 2846
45 791
46 1149
47 289
48 2693
49 1469
50 360
51 145
52 2608
53 15
54 601
55 325
56 473
57 2433
58 1474
59 2969
60 2726
61 2276
62 232
63 366
64 2518
65 189
66 1313
67 2122
68 597
69 1
70 1973
71 2544
72 671
73 408
74 59
75 1820
76 833
77 296
78 703
79 1317
80 1574
81 1688
82 903
83 1157
84 2140
85 2579
86 772
87 120
88 2769
89 1692
90 2589
91 456
92 2398
93 889
94 1013
95 2298
96 1541
97 246
98 2554
99 1123
100 2995
101 2538
102 2779
103 1506
104 794
105 1276
106 231
107 743
108 2598
109 2601
110 1296
111 774
112 1107
113 1607
114 2870
115 2970
116 2541
117 2379
118 894
119 415
120 135
121 2442
122 2785
123 2418
124 868
125 966
126 1197
127 354
128 2708
129 759
130 1959
131 2249
132 518
133 2771
134 2127
135 1190
136 1519
137 2076
138 2171
139 2050
140 651
141 2391
142 2208
143 1046
144 1623
145 2548
146 37
147 1646
148 2798
149 171
150 1748
151 1132
152 971
153 2845
154 360
155 2503
156 2308
157 1808
158 1636
159 2793
160 2494
161 1944
162 1543
163 1187
164 2073
165 1654
166 2531
167 1253
168 1813
169 1279
170 2671
171 1022
172 989
173 2612
174 436
175 440
176 1517
177 1406
178 107
179 1619
180 2127
181 2772
182 399
183 1765
184 305
185 2581
186 2482
187 2355
188 710
189 1467
190 54
191 60
192 16
193 2285
194 594
195 1048
196 247
197 1295
198 2815
199 2953
200 265
201 2721
202 2436
203 395
204 2894
205 495
206 1709
207 2646
208 2987
209 2578
210 1802
211 2969
212 1845
213 52
214 597
215 1364
216 2600
217 840
218 1271
219 1020
220 2393
221 2648
222 1717
223 1206
224 88
225 1896
226 1479
227 2406
228 327
229 27
230 1248
231 2480
232 954
233 2247
234 1512
235 2560
236 2226
237 1891
238 240
239 1869
240 1076
241 2281
242 378
243 1285
244 2441
245 605
246 1839
247 2833
248 183
249 543
250 925
251 1543
252 2515
253 2202
254 1514
255 2083
256 69
257 2971
258 2401
259 1058
260 1314
261 1770
262 2242
263 1481
264 2730
265 1578
266 1321
267 2408
268 2677
269 1757
270 2991
271 2492
272 757
273 2065
274 88
275 2800
276 1942
277 576
278 2582
279 2099
280 1611
281 2512
282 1220
283 2949
284 2228
285 749
286 471
287 2037
288 2176
289 1972
290 770
291 1277
292 1428
293 10
294 2906
295 1755
296 595
297 2777
298 1535
299 1179
300 2016
301 1312
302 1584
303 1074
304 2522
305 2990
306 2415
307 1927
308 1349
309 2500
310 236
311 2548
312 1425
313 1157
314 1167
315 2354
316 2449
317 324
318 1213
319 142
320 1423
321 140
322 1413
323 2848
324 1390
325 2429
326 447
327 959
328 1394
329 992
330 2637
331 2477
332 2514
333 55
334 2924
335 2877
336 2098
337 9
338 1707
339 1508
340 527
341 2837
342 2648
343 2340
344 2199
345 2165
346 2096
347 955
348 2806
349 2244
350 2419
351 1826
352 126
353 1301
354 1624
355 1422
356 2961
357 1515
358 1642
359 1588
360 314
361 1617
362 498
363 1018
364 1185
365 2955
366 1350
367 2212
368 1602
369 1007
370 487
371 2804
372 826
373 1370
374 809
375 2700
376 817
377 449
378 280
379 2067
380 407
381 1546
382 616
383 274
384 1926
385 1112
386 2065
387 1598
388 2536
389 1646
390 1842
391 1547
392 2948
393 359
394 1020
395 1360
396 63
397 1865
398 162
399 682
400 2925
401 461
402 225
403 2829
404 1401
405 2393
406 2006
407 2916
408 799
409 2716
410 2669
411 1605
412 2053
413 1639
414 1189
415 1561
416 1489
417 1775
418 1603
419 2195
420 2478
421 1618
422 959
423 1742
424 1362
425 1125
426 1173
427 476
428 869
429 1812
430 654
431 1171
432 2775
433 1930
434 1932
435 1151
436 1976
437 941
438 579
439 2309
440 354
441 1889
442 1473
443 2315
444 2136
445 2621
446 2957
447 2988
448 1421
449 69
450 2471
451 2791
452 1376
453 1971
454 820
455 1048
456 2390
457 2310
458 2969
459 1710
460 325
461 2450
462 2686
463 508
464 2265
465 2538
466 1995
467 637
468 2089
469 1570
470 975
471 484
472 2433
473 2803
474 883
475 2993
476 2409
477 1505
478 58
479 1933
480 1322
481 1308
482 2474
483 2978
484 680
485 512
486 339
487 1396
488 1598
489 418
490 2669
491 2981
492 358
493 1346
494 275
495 2584
496 2529
497 1527
498 2145
499 1137
500 1069
501 2426
502 1081
503 558
504 2035
505 692
506 518
507 1723
508 1299
509 747
510 1953
511 860
512 444
513 2282
514 264
515 2335
516 953
517 1798
518 1374
519 1932
520 1770
521 1130
522 2640
523 2207
524 1611
525 1466
526 1681
527 1826
528 430
529 2213
530 1287
531 288
532 764
533 705
534 1377
535 425
536 2628
537 1035
538 1914
539 2129
540 1819
541 1405
542 945
543 2901
544 993
545 232
546 701
547 1092
548 1265
549 1662
550 2677
551 1535
552 864
553 2334
554 2457
555 2108
556 2884
557 475
558 726
559 1840
560 980
561 1197
562 1164
563 1950
564 2285
565 802
566 108
567 2277
568 73
569 2974
570 1605
571 1345
572 2640
573 2899
574 1020
575 2917
576 1314
577 2006
578 2465
579 1799
580 624
581 2083
582 358
583 2600
584 528
585 2666
586 665
587 1555
588 1395
589 1124
590 1863
591 845
592 1631
593 2753
594 1767
595 2100
596 238
597 1514
598 2335
599 1891
600 1993
601 292
602 693
603 375
604 562
605 557
606 2884
607 2647
608 613
609 2276
610 2554
611 351
612 2077
613 1693
614 1651
615 777
616 1558
617 1921
618 237
619 1521
620 536
621 1051
622 1237
623 1984
624 419
625 2575
626 2931
627 2501
628 876
629 2288
630 1427
631 1772
632 1786
633 1514
634 2898
635 782
636 1148
637 538
638 1525
639 2960
640 142
641 435
642 2255
643 507
644 2127
645 1031
646 1490
647 1092
648 1538
649 1440
650 1571
651 10
652 2706
653 720
654 2428
655 1171

