579 2
0 1021
1 2893
2 1576
3 838
4 114
5 1716
6 1238
7 2795
8 1540
9 2197
10 360
11 2371
12 2122
13 1443
14 2697
15 1867
16 977
17 2077
18 2471
19 765
20 2276
21 145
22 906
23 714
24 563
25 1223
26 1469
27 828
28 1521
29 2061
30 2186
31 1897
32 2578
33 2329
34 92
35 1919
36 869
37 887
38 1720
39 411
40 2240
41 1783
42 2845
43 1912
44 84
45 225
46 1783
47 1169
48 2014
49 2406
50 1341
51 2773
52 1452
53 2264
54 2312
55 682
56 1942
57 2937
58 2479
59 2638
60 1838
61 1366
62 2451
63 2947
64 2083
65 1285
66 1045
67 1802
68 1190
69 2361
70 2303
71 967
72 172
73 1098
74 1176
75 2663
76 1659
77 837
78 2484
79 2469
80 417
81 1830
82 385
83 108
84 795
85 262
86 16
87 109
88 2299
89 825
90 1577
91 655
92 2054
93 2110
94 2898
95 1844
96 1516
97 2586
98 2894
99 1888
100 656
101 305
102 1464
103 1642
104 442
105 2730
106 523
107 1385
108 1446
109 2630
110 2532
111 1823
112 1711
113 2005
114 1591
115 789
116 2355
117 2086
118 2116
119 2976
120 386
121 159
122 1799
123 1062
124 1173
125 2537
126 697
127 127
128 1785
129 187
130 2728
131 507
132 187
133 2295
134 2097
135 570
136 2871
137 1205
138 982
139 1403
140 718
141 2085
142 2600
143 2168
144 132
145 1817
146 178
147 2736
148 2407
149 1235
150 915
151 1476
152 2894
153 624
154 1985
155 1527
156 2328
157 888
158 1505
159 56
160 2464
161 1014
162 605
163 991
164 90
165 500
166 1910
167 20
168 1274
169 2073
170 1324
171 1386
172 1909
173 2693
174 295
175 2254
176 481
177 1514
178 1418
179 1581
180 2715
181 2155
182 2519
183 671
184 2718
185 1875
186 1701
187 1828
188 2199
189 2673
190 228
191 2319
192 2809
193 2537
194 1678
195 1342
196 2078
197 861
198 24
199 1337
200 1218
201 477
202 2976
203 317
204 2110
205 584
206 2923
207 285
208 755
209 1804
210 2539
211 2788
212 2188
213 1070
214 1148
215 2601
216 2015
217 1142
218 2823
219 2319
220 1113
221 184
222 1701
223 1916
224 1011
225 127
226 2630
227 2237
228 669
229 2996
230 2335
231 22
232 1116
233 596
234 605
235 1479
236 645
237 1255
238 1396
239 1169
240 656
241 2375
242 136
243 2334
244 11
245 1262
246 621
247 1562
248 1368
249 2525
250 2244
251 340
252 1375
253 8
254 1793
255 1876
256 655
257 1207
258 2176
259 1792
260 2332
261 2070
262 738
263 130
264 926
265 1406
266 2603
267 1049
268 1067
269 2960
270 1922
271 1375
272 1754
273 1713
274 936
275 2576
276 152
277 2532
278 2983
279 259
280 434
281 2170
282 2618
283 1281
284 2859
285 740
286 768
287 1600
288 572
289 708
290 286
291 85
292 1768
293 1548
294 823
295 2758
296 2864
297 1638
298 2388
299 1780
300 620
301 1552
302 501
303 2619
304 832
305 797
306 2984
307 1355
308 1960
309 1212
310 668
311 723
312 2287
313 427
314 1110
315 2881
316 1318
317 1997
318 1365
319 28
320 1567
321 860
322 1032
323 2830
324 2442
325 2639
326 976
327 2176
328 944
329 2678
330 515
331 1492
332 487
333 601
334 628
335 2556
336 1131
337 439
338 2937
339 2103
340 1623
341 2800
342 149
343 906
344 2866
345 2082
346 238
347 1167
348 1233
349 538
350 1375
351 2551
352 605
353 1068
354 1140
355 1959
356 2014
357 2623
358 1387
359 1327
360 1066
361 581
362 1905
363 30
364 497
365 843
366 47
367 1372
368 248
369 2807
370 2719
371 2327
372 173
373 2360
374 1454
375 510
376 2168
377 455
378 1572
379 185
380 2812
381 2276
382 1236
383 2697
384 2504
385 1302
386 2600
387 342
388 1767
389 1240
390 1609
391 2493
392 1331
393 1319
394 2705
395 2206
396 1065
397 335
398 2946
399 499
400 1274
401 2314
402 863
403 915
404 883
405 1931
406 1215
407 2707
408 2154
409 354
410 2405
411 2946
412 2317
413 1540
414 965
415 551
416 1793
417 1111
418 1593
419 2328
420 882
421 784
422 2012
423 654
424 1384
425 1801
426 1322
427 698
428 1039
429 109
430 2614
431 1820
432 1538
433 277
434 1909
435 2304
436 2711
437 592
438 1571
439 1492
440 657
441 2127
442 2158
443 1660
444 865
445 2653
446 143
447 176
448 767
449 1652
450 2627
451 1179
452 1733
453 1846
454 1358
455 1849
456 508
457 2836
458 2663
459 945
460 1522
461 1847
462 971
463 1286
464 30
465 279
466 1799
467 228
468 1004
469 2245
470 2382
471 2040
472 1298
473 1916
474 2529
475 1757
476 501
477 1390
478 2974
479 634
480 1919
481 414
482 432
483 1806
484 2932
485 155
486 2920
487 2037
488 1638
489 745
490 951
491 1122
492 1891
493 2246
494 1442
495 1202
496 2927
497 258
498 1264
499 2562
500 1562
501 1278
502 1401
503 2022
504 1589
505 2098
506 1240
507 342
508 561
509 2360
510 2566
511 1295
512 718
513 1310
514 210
515 63
516 2593
517 746
518 439
519 2111
520 2320
521 288
522 1214
523 2738
524 958
525 632
526 143
527 2151
528 1111
529 333
530 2730
531 2349
532 1926
533 240
534 2400
535 1077
536 1469
537 2465
538 1701
539 395
540 1440
541 1831
542 1181
543 2388
544 1540
545 2481
546 510
547 2522
548 36
549 437
550 597
551 2964
552 2664
553 1198
554 1859
555 2322
556 646
557 448
558 157
559 2358
560 326
561 2129
562 1812
563 2572
564 116
565 2210
566 532
567 775
568 2242
569 1323
570 2735
571 2113
572 1481
573 97
574 2656
575 1438
576 2401
577 1320
578 2919

