914 95
0 1894
1 146
2 766
3 1209
4 2193
5 517
6 172
7 2560
8 1793
9 1719
10 545
11 1722
12 231
13 2026
14 2145
15 2823
16 2067
17 1874
18 2070
19 1313
20 1266
21 2459
22 1420
23 2729
24 1159
25 2988
26 2224
27 214
28 2148
29 1058
30 1343
31 1348
32 2328
33 835
34 1591
35 2756
36 364
37 441
38 2254
39 2212
40 710
41 2982
42 2691
43 2592
44 1176
45 2766
46 2883
47 102
48 2481
49 1909
50 2708
51 1846
52 101
53 1456
54 1986
55 1028
56 59
57 344
58 2139
59 994
60 1011
61 1428
62 2893
63 2577
64 2223
65 1545
66 1235
67 2113
68 103
69 1851
70 2068
71 2580
72 2083
73 2382
74 941
75 675
76 1231
77 759
78 1323
79 742
80 987
81 2864
82 1621
83 1454
84 1702
85 1992
86 2713
87 2929
88 1350
89 1476
90 2889
91 1056
92 1671
93 2928
94 112
95 2187
96 1736
97 1163
98 1763
99 1147
100 622
101 1934
102 2179
103 2971
104 2196
105 2319
106 2340
107 2375
108 2663
109 205
110 2760
111 1892
112 365
113 2364
114 1617
115 1052
116 2690
117 2981
118 1735
119 1103
120 1315
121 2962
122 509
123 2413
124 2276
125 1161
126 2257
127 2466
128 2352
129 1803
130 1150
131 695
132 1589
133 1264
134 18
135 1560
136 504
137 2179
138 341
139 2172
140 413
141 723
142 1076
143 2887
144 1657
145 1853
146 2891
147 1980
148 2685
149 1897
150 1535
151 2148
152 1801
153 2955
154 2689
155 2429
156 1932
157 2818
158 1656
159 2710
160 1020
161 1219
162 466
163 519
164 1361
165 1471
166 2318
167 625
168 1361
169 1839
170 2243
171 2210
172 273
173 2627
174 2194
175 2074
176 574
177 424
178 2324
179 897
180 2915
181 2355
182 1375
183 2745
184 1243
185 2150
186 2267
187 1180
188 1219
189 1174
190 109
191 1498
192 1683
193 1558
194 186
195 2533
196 2596
197 1814
198 2163
199 2328
200 2491
201 935
202 1756
203 2967
204 39
205 2250
206 2961
207 1232
208 2594
209 1751
210 1124
211 356
212 1685
213 1407
214 1895
215 458
216 493
217 2828
218 2533
219 1963
220 955
221 2932
222 50
223 548
224 2737
225 2310
226 2474
227 674
228 2252
229 433
230 802
231 2027
232 428
233 603
234 634
235 427
236 93
237 1368
238 832
239 2836
240 1996
241 1044
242 176
243 1986
244 238
245 536
246 2568
247 255
248 1898
249 2137
250 265
251 220
252 1614
253 1304
254 2674
255 348
256 1061
257 719
258 1376
259 590
260 2703
261 1758
262 57
263 2670
264 1854
265 517
266 1983
267 306
268 514
269 2898
270 261
271 2433
272 913
273 653
274 1748
275 1688
276 2679
277 1352
278 2338
279 1515
280 2138
281 2982
282 2940
283 78
284 2913
285 364
286 1860
287 2541
288 2453
289 1792
290 1768
291 2042
292 1287
293 1553
294 2926
295 895
296 2456
297 2975
298 2623
299 1626
300 401
301 2152
302 1610
303 775
304 1260
305 1933
306 2059
307 2689
308 2075
309 394
310 2477
311 276
312 109
313 2912
314 2955
315 2859
316 2530
317 2959
318 2309
319 1765
320 1721
321 2296
322 2252
323 1575
324 430
325 1249
326 2608
327 2885
328 1338
329 1010
330 973
331 452
332 1248
333 517
334 2426
335 1352
336 591
337 2523
338 1013
339 943
340 1891
341 1867
342 1267
343 1430
344 2188
345 1383
346 1619
347 1822
348 1428
349 1814
350 1824
351 843
352 1265
353 550
354 797
355 1676
356 1209
357 584
358 1837
359 167
360 2083
361 305
362 1793
363 2180
364 2090
365 2487
366 2681
367 1945
368 922
369 1246
370 623
371 325
372 1511
373 1410
374 2927
375 1707
376 830
377 1976
378 852
379 1375
380 1810
381 1773
382 2694
383 1283
384 1229
385 2561
386 384
387 2449
388 2520
389 1955
390 275
391 1338
392 1703
393 1173
394 48
395 2658
396 2777
397 71
398 789
399 2076
400 2416
401 2395
402 680
403 1047
404 2191
405 1545
406 2970
407 1468
408 283
409 1179
410 798
411 1791
412 1423
413 1715
414 695
415 637
416 2499
417 423
418 1726
419 1891
420 606
421 1420
422 825
423 1558
424 1198
425 85
426 1206
427 1021
428 1115
429 1188
430 933
431 2857
432 2229
433 260
434 1805
435 472
436 1503
437 1241
438 1211
439 474
440 470
441 1344
442 1047
443 980
444 249
445 1786
446 2515
447 27
448 2922
449 2893
450 1693
451 222
452 2035
453 1570
454 2477
455 2098
456 1303
457 560
458 2740
459 2291
460 676
461 669
462 1190
463 1506
464 1241
465 394
466 2452
467 2623
468 811
469 1634
470 1569
471 2850
472 1228
473 1916
474 255
475 1330
476 537
477 2365
478 841
479 1409
480 2985
481 1125
482 322
483 2852
484 867
485 993
486 1923
487 441
488 1557
489 2287
490 919
491 537
492 2532
493 2668
494 2311
495 2952
496 186
497 1979
498 2344
499 2265
500 1126
501 1190
502 509
503 155
504 1013
505 919
506 2743
507 2100
508 1908
509 2698
510 1000
511 14
512 862
513 2682
514 1207
515 1731
516 788
517 524
518 595
519 1095
520 2559
521 2342
522 2651
523 289
524 617
525 750
526 992
527 2773
528 2072
529 2227
530 2689
531 1613
532 1648
533 2052
534 2726
535 2734
536 1868
537 572
538 111
539 634
540 2626
541 1449
542 1277
543 2578
544 1522
545 1268
546 1256
547 1275
548 134
549 1653
550 2852
551 1203
552 1644
553 79
554 2057
555 151
556 74
557 1116
558 925
559 229
560 2201
561 352
562 2162
563 1218
564 2174
565 2063
566 2513
567 1488
568 12
569 1822
570 2599
571 461
572 462
573 2480
574 2473
575 2986
576 2286
577 2560
578 2499
579 1708
580 2801
581 1850
582 2733
583 2739
584 470
585 2703
586 1867
587 2414
588 1052
589 1778
590 2719
591 1204
592 2373
593 2049
594 1044
595 1057
596 2571
597 1029
598 1874
599 22
600 390
601 1049
602 1131
603 399
604 1449
605 699
606 1255
607 2235
608 656
609 466
610 467
611 618
612 1314
613 2566
614 1221
615 2414
616 2906
617 1585
618 2284
619 362
620 463
621 2484
622 2660
623 1320
624 2006
625 2835
626 2356
627 456
628 36
629 2299
630 1168
631 1340
632 2490
633 596
634 1231
635 391
636 243
637 1865
638 2825
639 1062
640 1779
641 1221
642 37
643 1310
644 2986
645 1563
646 1989
647 2012
648 1328
649 944
650 296
651 2628
652 251
653 2756
654 1176
655 2951
656 1191
657 2226
658 96
659 1725
660 2810
661 1433
662 1708
663 367
664 1144
665 1055
666 1071
667 1047
668 1494
669 2568
670 888
671 2348
672 2635
673 586
674 1750
675 2466
676 414
677 2417
678 619
679 1303
680 1326
681 2996
682 1591
683 2109
684 1070
685 795
686 496
687 292
688 640
689 2777
690 2498
691 573
692 502
693 629
694 977
695 2102
696 1892
697 1767
698 239
699 2837
700 1466
701 2417
702 2063
703 455
704 2643
705 324
706 1898
707 1678
708 2658
709 2481
710 2298
711 626
712 2920
713 671
714 1447
715 1610
716 2499
717 1888
718 1758
719 519
720 2738
721 32
722 2736
723 611
724 1280
725 124
726 35
727 2820
728 736
729 2814
730 303
731 2422
732 2239
733 2208
734 2994
735 956
736 323
737 2308
738 1205
739 240
740 2704
741 2962
742 1744
743 907
744 975
745 613
746 904
747 1290
748 1844
749 2254
750 621
751 2347
752 1402
753 1951
754 1976
755 1219
756 1353
757 1100
758 601
759 481
760 1583
761 239
762 2308
763 2633
764 1717
765 1072
766 687
767 2405
768 494
769 514
770 2299
771 384
772 2451
773 1111
774 2710
775 1066
776 1501
777 1877
778 849
779 706
780 530
781 2456
782 293
783 1636
784 153
785 2119
786 327
787 1980
788 1679
789 1581
790 1859
791 771
792 2403
793 275
794 804
795 518
796 828
797 2002
798 1742
799 1941
800 1760
801 2479
802 1805
803 2577
804 792
805 112
806 1296
807 2052
808 1109
809 2242
810 2830
811 1606
812 1978
813 662
814 2806
815 730
816 2385
817 225
818 1480
819 280
820 256
821 76
822 992
823 789
824 2915
825 599
826 939
827 2200
828 992
829 343
830 757
831 1536
832 2626
833 1822
834 833
835 2027
836 1887
837 28
838 1075
839 108
840 1019
841 622
842 819
843 1667
844 2894
845 1386
846 674
847 2508
848 2810
849 2619
850 520
851 661
852 710
853 2203
854 1269
855 2386
856 2173
857 65
858 487
859 2207
860 2047
861 72
862 312
863 598
864 2529
865 814
866 445
867 2379
868 1314
869 1078
870 2226
871 949
872 120
873 188
874 2966
875 2276
876 2242
877 1607
878 1028
879 1498
880 2115
881 1488
882 2485
883 26
884 2687
885 341
886 729
887 1816
888 2496
889 1584
890 1197
891 2419
892 2935
893 1787
894 776
895 403
896 2658
897 2957
898 2339
899 29
900 1575
901 704
902 481
903 2848
904 680
905 1561
906 1310
907 403
908 2928
909 2274
910 1793
911 2824
912 1784
913 60

