225 81
0 430
1 2397
2 1730
3 1449
4 2924
5 814
6 2836
7 825
8 1963
9 2626
10 695
11 677
12 881
13 386
14 2747
15 371
16 1473
17 1769
18 1176
19 2326
20 1103
21 2074
22 2411
23 2367
24 1581
25 860
26 2200
27 57
28 1699
29 151
30 2740
31 468
32 1312
33 800
34 1825
35 1161
36 579
37 1433
38 2396
39 1596
40 407
41 2152
42 2984
43 1937
44 1828
45 32
46 1177
47 1023
48 1670
49 1408
50 1514
51 946
52 2174
53 1524
54 2403
55 2539
56 394
57 399
58 22
59 28
60 272
61 2760
62 2378
63 2177
64 717
65 1461
66 363
67 300
68 229
69 1993
70 2555
71 703
72 2753
73 2633
74 2560
75 1936
76 2931
77 330
78 2186
79 2548
80 1839
81 2832
82 372
83 2399
84 2744
85 2278
86 2302
87 1763
88 1163
89 59
90 892
91 1824
92 1594
93 2961
94 1437
95 1697
96 1602
97 1632
98 731
99 2821
100 1449
101 1246
102 1349
103 129
104 2823
105 1915
106 1934
107 1501
108 539
109 697
110 1334
111 1518
112 2872
113 619
114 1616
115 608
116 1962
117 2773
118 548
119 119
120 1872
121 2352
122 137
123 352
124 1101
125 1518
126 929
127 607
128 587
129 1502
130 1031
131 629
132 2105
133 148
134 871
135 780
136 760
137 1620
138 2889
139 1719
140 2352
141 1914
142 2136
143 2548
144 2817
145 1822
146 2160
147 863
148 2346
149 2222
150 1799
151 7
152 140
153 717
154 1921
155 2841
156 1539
157 1948
158 1628
159 502
160 536
161 2379
162 1609
163 607
164 2876
165 702
166 365
167 45
168 931
169 1269
170 2533
171 677
172 417
173 1085
174 989
175 2769
176 109
177 1074
178 2938
179 2764
180 1834
181 2956
182 1017
183 10
184 2279
185 1287
186 412
187 637
188 653
189 1780
190 2384
191 2315
192 2547
193 196
194 434
195 1741
196 251
197 153
198 1509
199 1842
200 1070
201 2879
202 1682
203 101
204 1923
205 1773
206 1082
207 1615
208 1599
209 1200
210 452
211 2559
212 1824
213 102
214 2542
215 461
216 2018
217 205
218 1559
219 1089
220 1151
221 1232
222 2236
223 2603
224 731

