357 35
0 807
1 1131
2 1972
3 1428
4 1143
5 624
6 494
7 1519
8 728
9 646
10 1085
11 1016
12 2762
13 1295
14 1431
15 1601
16 2923
17 2683
18 643
19 1449
20 1077
21 2675
22 1058
23 856
24 351
25 1038
26 2978
27 2806
28 1128
29 2448
30 2459
31 1198
32 2432
33 1656
34 820
35 2856
36 1288
37 2090
38 236
39 2888
40 209
41 2145
42 371
43 971
44 210
45 732
46 1012
47 2602
48 1135
49 2816
50 999
51 2937
52 519
53 429
54 2142
55 398
56 1591
57 2718
58 2948
59 185
60 1328
61 2023
62 401
63 164
64 1825
65 2612
66 1656
67 2618
68 382
69 1244
70 69
71 2279
72 625
73 86
74 711
75 1896
76 2307
77 1503
78 1743
79 1916
80 198
81 1046
82 1512
83 2021
84 1451
85 1051
86 2588
87 1318
88 2331
89 1099
90 1479
91 2401
92 2399
93 551
94 1231
95 2241
96 693
97 879
98 1273
99 1574
100 98
101 1418
102 1682
103 803
104 2936
105 2568
106 1391
107 2710
108 1980
109 1610
110 653
111 1061
112 1627
113 2846
114 2243
115 1501
116 1493
117 2312
118 190
119 1577
120 1183
121 2047
122 2090
123 1134
124 1342
125 300
126 1411
127 2445
128 2263
129 1320
130 2746
131 1921
132 115
133 1245
134 0
135 539
136 2828
137 146
138 1250
139 1296
140 1251
141 871
142 1841
143 1856
144 2428
145 2016
146 1615
147 731
148 1185
149 1425
150 487
151 188
152 2098
153 2995
154 2086
155 902
156 202
157 2678
158 2067
159 2879
160 328
161 2928
162 1674
163 2657
164 423
165 1615
166 809
167 2907
168 1193
169 1690
170 2339
171 2695
172 2844
173 409
174 446
175 88
176 1545
177 2381
178 2884
179 2193
180 1665
181 804
182 1273
183 991
184 295
185 1644
186 1203
187 98
188 209
189 2544
190 1677
191 2364
192 2450
193 1441
194 1280
195 2927
196 607
197 1110
198 716
199 2325
200 1855
201 2214
202 1088
203 2040
204 2428
205 88
206 2146
207 2106
208 1252
209 1391
210 1592
211 1034
212 2882
213 2027
214 2901
215 393
216 434
217 1711
218 1429
219 2719
220 1719
221 1311
222 936
223 387
224 297
225 1443
226 2336
227 2308
228 940
229 706
230 185
231 1382
232 66
233 2279
234 2542
235 1110
236 913
237 2206
238 43
239 1603
240 2024
241 2782
242 2636
243 1572
244 454
245 2556
246 2763
247 222
248 658
249 3000
250 2043
251 1135
252 1002
253 1819
254 2557
255 942
256 1630
257 2167
258 2385
259 363
260 2262
261 419
262 1868
263 115
264 1930
265 2703
266 2693
267 90
268 1825
269 1747
270 1603
271 1088
272 856
273 1717
274 966
275 473
276 506
277 235
278 2556
279 2831
280 561
281 1907
282 1333
283 1032
284 2459
285 1627
286 1647
287 1015
288 742
289 2569
290 2239
291 2171
292 2042
293 2224
294 1491
295 1895
296 1605
297 772
298 2413
299 831
300 843
301 1406
302 119
303 2900
304 1574
305 1117
306 1583
307 1826
308 798
309 1284
310 2637
311 1394
312 507
313 2864
314 2839
315 2018
316 657
317 1570
318 2667
319 2023
320 2265
321 981
322 1255
323 2954
324 613
325 499
326 741
327 1693
328 1921
329 2600
330 1557
331 1551
332 2029
333 2225
334 2950
335 1099
336 2583
337 2165
338 242
339 470
340 1501
341 1494
342 1895
343 1618
344 2511
345 1080
346 2472
347 1099
348 2471
349 1567
350 679
351 1457
352 2374
353 2560
354 1669
355 1229
356 591

