929 45
0 261
1 2602
2 1311
3 2001
4 1961
5 435
6 1284
7 1731
8 2947
9 2813
10 162
11 306
12 1583
13 360
14 812
15 461
16 1721
17 2250
18 1639
19 1315
20 2880
21 2016
22 288
23 782
24 434
25 47
26 2634
27 2428
28 1567
29 1331
30 651
31 1700
32 1344
33 2387
34 2268
35 2061
36 244
37 2086
38 1360
39 2838
40 1434
41 2700
42 2859
43 17
44 1300
45 2928
46 2883
47 1942
48 1426
49 954
50 1865
51 1579
52 1097
53 2381
54 39
55 2992
56 2022
57 1939
58 2836
59 113
60 481
61 100
62 2741
63 1745
64 133
65 1042
66 704
67 2083
68 1546
69 2734
70 2232
71 2741
72 2659
73 1846
74 1349
75 290
76 1398
77 1145
78 2796
79 700
80 1267
81 948
82 1915
83 623
84 2046
85 1027
86 1332
87 1676
88 815
89 1921
90 1261
91 1811
92 2758
93 1615
94 511
95 2676
96 1784
97 2061
98 83
99 1119
100 2326
101 2002
102 530
103 585
104 2865
105 1317
106 1866
107 937
108 1366
109 51
110 499
111 1006
112 1941
113 2730
114 1188
115 1258
116 1070
117 600
118 1092
119 726
120 2546
121 2994
122 2906
123 1472
124 2023
125 801
126 1012
127 2208
128 1511
129 989
130 2598
131 2443
132 2819
133 2873
134 1244
135 345
136 406
137 2655
138 2546
139 696
140 1357
141 2506
142 1751
143 2006
144 2200
145 2141
146 498
147 1033
148 2554
149 1076
150 427
151 2530
152 2895
153 2447
154 432
155 2283
156 295
157 1530
158 2238
159 2565
160 801
161 2910
162 866
163 1960
164 2308
165 2903
166 2169
167 2765
168 480
169 714
170 1901
171 2620
172 1037
173 2456
174 708
175 2993
176 1612
177 606
178 1270
179 558
180 1514
181 1745
182 2871
183 672
184 2716
185 2581
186 1466
187 1214
188 302
189 703
190 1026
191 1625
192 90
193 199
194 393
195 986
196 285
197 681
198 2674
199 513
200 1086
201 1244
202 2010
203 1226
204 1769
205 220
206 2031
207 2535
208 2315
209 676
210 1701
211 2359
212 1227
213 2108
214 1251
215 1311
216 2489
217 64
218 1723
219 1547
220 1367
221 2438
222 21
223 113
224 989
225 264
226 377
227 2120
228 318
229 1607
230 669
231 222
232 160
233 320
234 1680
235 1680
236 474
237 2701
238 2001
239 1319
240 1086
241 1533
242 794
243 1042
244 2364
245 2641
246 1531
247 2747
248 2914
249 685
250 317
251 170
252 931
253 1884
254 1893
255 1204
256 1764
257 194
258 201
259 313
260 96
261 1456
262 2952
263 2079
264 2388
265 585
266 1477
267 978
268 5
269 2503
270 1804
271 615
272 124
273 1683
274 7
275 820
276 588
277 938
278 458
279 1149
280 2878
281 2689
282 1593
283 164
284 1630
285 614
286 1770
287 86
288 348
289 1176
290 2495
291 1312
292 944
293 1396
294 2324
295 2925
296 1260
297 1013
298 1218
299 1832
300 383
301 47
302 2520
303 2166
304 631
305 1953
306 1357
307 1217
308 829
309 2691
310 720
311 204
312 1277
313 2204
314 2452
315 1311
316 1785
317 548
318 1800
319 2146
320 1534
321 918
322 1898
323 209
324 2006
325 2823
326 2140
327 1095
328 2341
329 396
330 1185
331 542
332 203
333 368
334 1550
335 1585
336 370
337 166
338 343
339 995
340 182
341 1294
342 2129
343 1146
344 1755
345 1806
346 1321
347 2382
348 2856
349 2930
350 1470
351 2662
352 1313
353 2570
354 2927
355 1475
356 2992
357 397
358 618
359 2747
360 950
361 2151
362 2737
363 1311
364 2553
365 2096
366 2295
367 136
368 1394
369 1830
370 837
371 2051
372 1980
373 2320
374 1706
375 100
376 426
377 2719
378 694
379 2435
380 1357
381 2834
382 831
383 239
384 1583
385 2939
386 1105
387 1951
388 1733
389 1425
390 2266
391 2490
392 2646
393 2307
394 1657
395 2810
396 889
397 194
398 2420
399 2325
400 2737
401 1338
402 2455
403 2465
404 1191
405 1819
406 2377
407 2950
408 1756
409 454
410 297
411 178
412 142
413 86
414 995
415 1207
416 2979
417 1281
418 1389
419 1863
420 1054
421 851
422 2951
423 2937
424 687
425 278
426 721
427 2021
428 1612
429 1228
430 2936
431 2614
432 1077
433 392
434 2243
435 1375
436 1263
437 1344
438 892
439 1635
440 2941
441 248
442 1090
443 1289
444 1835
445 2940
446 54
447 1938
448 2740
449 2661
450 2992
451 208
452 850
453 624
454 628
455 2475
456 234
457 1918
458 1537
459 218
460 2444
461 2535
462 100
463 1851
464 1064
465 2166
466 1881
467 1442
468 2782
469 610
470 505
471 804
472 2827
473 134
474 763
475 783
476 1033
477 2439
478 2036
479 1040
480 2492
481 1370
482 2840
483 1428
484 371
485 1101
486 1238
487 2369
488 707
489 1123
490 618
491 2812
492 538
493 7
494 804
495 1103
496 812
497 51
498 2057
499 1458
500 2768
501 2572
502 1708
503 2482
504 1223
505 679
506 2166
507 1617
508 2642
509 2665
510 927
511 821
512 1303
513 106
514 1409
515 2441
516 1410
517 1495
518 1012
519 2192
520 1792
521 2327
522 2667
523 1776
524 1740
525 560
526 103
527 2348
528 2452
529 2301
530 2391
531 583
532 2010
533 188
534 355
535 2570
536 2226
537 1356
538 2933
539 95
540 2500
541 1637
542 1320
543 2620
544 540
545 183
546 1335
547 2231
548 2272
549 26
550 986
551 1134
552 2293
553 2834
554 2393
555 770
556 790
557 1947
558 387
559 1849
560 2208
561 368
562 98
563 868
564 205
565 1940
566 1624
567 2900
568 827
569 3000
570 1792
571 583
572 2338
573 1025
574 322
575 645
576 1134
577 1850
578 85
579 2613
580 2645
581 864
582 601
583 1534
584 2603
585 32
586 364
587 1941
588 70
589 2406
590 592
591 568
592 2322
593 1723
594 597
595 1171
596 844
597 1845
598 1378
599 570
600 287
601 495
602 879
603 1136
604 2620
605 2883
606 651
607 2199
608 1105
609 2486
610 739
611 1510
612 623
613 1259
614 905
615 1445
616 2733
617 1526
618 2581
619 679
620 88
621 1351
622 2916
623 2578
624 1246
625 71
626 1746
627 253
628 2396
629 692
630 2542
631 1160
632 583
633 1992
634 869
635 873
636 2009
637 1189
638 677
639 2014
640 1236
641 2398
642 467
643 942
644 2601
645 2930
646 2971
647 367
648 460
649 2441
650 2096
651 443
652 1775
653 1578
654 520
655 841
656 2542
657 536
658 1558
659 2528
660 2815
661 1914
662 303
663 1398
664 2101
665 2327
666 1820
667 752
668 27
669 344
670 1919
671 2650
672 153
673 875
674 4
675 956
676 1287
677 477
678 2081
679 826
680 590
681 2518
682 1228
683 2330
684 1284
685 819
686 276
687 1758
688 2670
689 2804
690 2864
691 1024
692 1598
693 479
694 276
695 2066
696 175
697 2951
698 2566
699 1478
700 2407
701 2241
702 1353
703 2171
704 2025
705 2108
706 2603
707 1029
708 2476
709 2002
710 2138
711 1377
712 2869
713 1963
714 2020
715 2944
716 1489
717 465
718 2762
719 845
720 1711
721 349
722 188
723 710
724 2735
725 215
726 2006
727 2877
728 2637
729 1587
730 2441
731 1208
732 1786
733 1066
734 562
735 776
736 35
737 1041
738 1432
739 2532
740 2643
741 2780
742 962
743 88
744 1159
745 2834
746 668
747 4
748 302
749 1724
750 914
751 339
752 1569
753 277
754 2388
755 857
756 1788
757 2161
758 469
759 397
760 2210
761 526
762 1683
763 1835
764 1562
765 145
766 1538
767 437
768 1128
769 2178
770 1886
771 2237
772 38
773 579
774 1706
775 1553
776 2539
777 2096
778 2802
779 1833
780 806
781 814
782 1745
783 2923
784 2119
785 105
786 850
787 2303
788 1773
789 345
790 435
791 1100
792 2980
793 44
794 1327
795 197
796 2455
797 707
798 2476
799 879
800 783
801 1388
802 2543
803 149
804 641
805 1763
806 778
807 1592
808 1037
809 2079
810 1545
811 2732
812 1930
813 2888
814 836
815 2724
816 2028
817 1608
818 480
819 1894
820 667
821 174
822 1069
823 2210
824 300
825 1008
826 1910
827 2595
828 2294
829 2823
830 2261
831 1825
832 812
833 2976
834 1066
835 483
836 221
837 2907
838 117
839 2879
840 1918
841 1066
842 1930
843 2775
844 401
845 424
846 1091
847 2163
848 2845
849 14
850 1550
851 2888
852 1185
853 1516
854 1792
855 33
856 2593
857 1670
858 198
859 1730
860 620
861 1232
862 131
863 195
864 2623
865 1598
866 133
867 106
868 2645
869 1816
870 2874
871 2501
872 1651
873 1471
874 2320
875 1935
876 858
877 1077
878 1861
879 1146
880 311
881 539
882 9
883 1294
884 2083
885 448
886 1017
887 1342
888 1685
889 2069
890 742
891 445
892 547
893 908
894 2830
895 649
896 1129
897 1226
898 2489
899 1713
900 870
901 2317
902 1468
903 2016
904 2079
905 392
906 2549
907 2702
908 1889
909 1709
910 907
911 1018
912 311
913 1079
914 311
915 1608
916 681
917 2320
918 600
919 1957
920 1366
921 1034
922 2407
923 324
924 2264
925 2219
926 949
927 1312
928 1410

