421 28
0 1598
1 138
2 1445
3 400
4 1640
5 1190
6 1045
7 2557
8 599
9 2038
10 978
11 1567
12 256
13 2282
14 252
15 2913
16 659
17 2449
18 717
19 2782
20 2505
21 2830
22 2603
23 406
24 2270
25 2810
26 1936
27 1542
28 1570
29 1172
30 2063
31 681
32 738
33 606
34 2223
35 1532
36 2613
37 2351
38 2522
39 613
40 626
41 387
42 323
43 96
44 1294
45 830
46 1474
47 638
48 2756
49 915
50 1812
51 1880
52 1490
53 909
54 1053
55 2951
56 1642
57 207
58 13
59 2193
60 230
61 1600
62 2370
63 1918
64 2095
65 2453
66 1047
67 2606
68 1140
69 2465
70 1476
71 1255
72 1926
73 2864
74 2107
75 2859
76 1956
77 1384
78 320
79 2421
80 2121
81 1877
82 180
83 1542
84 2484
85 758
86 1399
87 1498
88 2005
89 953
90 558
91 928
92 1845
93 1139
94 2098
95 2349
96 2809
97 2019
98 2087
99 2182
100 166
101 1821
102 2815
103 2077
104 16
105 900
106 179
107 2099
108 1184
109 2092
110 1578
111 859
112 1017
113 2017
114 935
115 2306
116 816
117 852
118 2653
119 752
120 2436
121 369
122 866
123 490
124 1048
125 2044
126 1806
127 561
128 2068
129 1252
130 2610
131 251
132 2232
133 1026
134 1610
135 92
136 261
137 2910
138 1834
139 2617
140 2867
141 5
142 1891
143 1235
144 26
145 1778
146 2660
147 2923
148 2990
149 1892
150 135
151 376
152 2407
153 291
154 2127
155 586
156 953
157 2161
158 1617
159 2105
160 1873
161 502
162 607
163 1198
164 619
165 125
166 678
167 2858
168 451
169 2086
170 1357
171 2321
172 2758
173 2769
174 2770
175 768
176 2958
177 180
178 1711
179 2841
180 2355
181 141
182 1117
183 1049
184 1546
185 1105
186 2602
187 1621
188 1501
189 1585
190 689
191 1895
192 949
193 2145
194 2570
195 2091
196 2557
197 1716
198 2378
199 1962
200 2834
201 457
202 682
203 2657
204 1166
205 1266
206 2613
207 1083
208 2908
209 1922
210 2714
211 209
212 409
213 1202
214 1906
215 521
216 2285
217 1274
218 156
219 2457
220 1665
221 2789
222 660
223 1561
224 1017
225 1271
226 1498
227 1628
228 2505
229 2045
230 2681
231 344
232 2608
233 211
234 2891
235 929
236 1037
237 2309
238 282
239 862
240 777
241 1723
242 1490
243 2926
244 690
245 2987
246 916
247 2023
248 2830
249 2379
250 2224
251 2830
252 1033
253 2708
254 412
255 789
256 2726
257 63
258 1556
259 221
260 1951
261 327
262 1658
263 1056
264 1036
265 21
266 2195
267 1415
268 1549
269 1283
270 1340
271 580
272 2410
273 1735
274 2579
275 564
276 1814
277 887
278 1535
279 630
280 228
281 2819
282 1277
283 2601
284 2142
285 2141
286 0
287 529
288 388
289 2014
290 458
291 665
292 1181
293 1585
294 108
295 2769
296 1966
297 2758
298 1315
299 476
300 2335
301 1841
302 2665
303 2969
304 1517
305 927
306 96
307 1345
308 2174
309 2628
310 2665
311 0
312 1543
313 1624
314 1161
315 2359
316 2477
317 1154
318 2511
319 2796
320 1577
321 1132
322 448
323 1936
324 1104
325 819
326 2277
327 889
328 2662
329 640
330 972
331 811
332 688
333 1322
334 1443
335 56
336 945
337 2725
338 1475
339 556
340 915
341 249
342 1459
343 165
344 2517
345 1508
346 2449
347 2276
348 310
349 870
350 1042
351 983
352 477
353 1475
354 81
355 356
356 2519
357 955
358 2388
359 2072
360 1956
361 2287
362 1711
363 2419
364 829
365 711
366 1562
367 319
368 657
369 1276
370 1968
371 256
372 1077
373 892
374 1927
375 1631
376 412
377 1751
378 2173
379 2835
380 2432
381 294
382 1163
383 590
384 694
385 2418
386 662
387 2331
388 2688
389 949
390 2679
391 2756
392 2371
393 1836
394 784
395 349
396 1268
397 1411
398 578
399 17
400 1074
401 523
402 1407
403 1784
404 2230
405 501
406 2276
407 1427
408 2218
409 319
410 492
411 1859
412 2732
413 964
414 1848
415 2289
416 2608
417 1220
418 1072
419 542
420 1021

