798 9
0 793
1 2253
2 149
3 64
4 1061
5 1926
6 1317
7 188
8 2977
9 2466
10 1014
11 1237
12 2534
13 69
14 2935
15 2842
16 308
17 792
18 754
19 523
20 119
21 1899
22 131
23 2293
24 256
25 2083
26 2861
27 931
28 365
29 10
30 943
31 2514
32 2869
33 2633
34 1811
35 1615
36 97
37 1609
38 84
39 912
40 2765
41 1070
42 442
43 753
44 2024
45 1764
46 419
47 1033
48 1692
49 2974
50 2387
51 2174
52 987
53 367
54 2201
55 2639
56 1428
57 1737
58 803
59 53
60 2343
61 1481
62 2311
63 2400
64 568
65 2784
66 2016
67 1773
68 1447
69 207
70 1377
71 66
72 2523
73 2939
74 1815
75 1603
76 1510
77 371
78 450
79 2197
80 1604
81 953
82 2490
83 360
84 1781
85 1036
86 2150
87 1813
88 618
89 45
90 2683
91 1706
92 946
93 2249
94 2037
95 781
96 1485
97 732
98 2005
99 1864
100 251
101 2783
102 1172
103 1254
104 1762
105 2222
106 1696
107 1665
108 1645
109 897
110 1523
111 1373
112 2983
113 2991
114 732
115 178
116 2569
117 2969
118 628
119 2256
120 1287
121 2357
122 2777
123 202
124 1576
125 1966
126 465
127 31
128 2678
129 2428
130 445
131 1700
132 1807
133 689
134 2028
135 905
136 2764
137 816
138 199
139 240
140 2776
141 2187
142 632
143 1568
144 1210
145 1706
146 2140
147 1057
148 2834
149 53
150 2278
151 2446
152 271
153 1071
154 2887
155 2819
156 2634
157 2988
158 1799
159 2137
160 2132
161 977
162 1014
163 2825
164 1479
165 2026
166 241
167 2875
168 2825
169 328
170 242
171 1407
172 1296
173 2314
174 2367
175 2342
176 293
177 560
178 2818
179 958
180 2640
181 620
182 1271
183 649
184 2582
185 1900
186 921
187 155
188 1068
189 931
190 2254
191 2371
192 2274
193 2383
194 128
195 2913
196 2976
197 2916
198 2538
199 1517
200 1585
201 1056
202 182
203 1332
204 1696
205 2587
206 2308
207 1133
208 2496
209 1613
210 2216
211 2417
212 2399
213 2015
214 34
215 1477
216 302
217 1954
218 1439
219 1125
220 2786
221 1386
222 1750
223 1119
224 304
225 1594
226 1778
227 1913
228 1293
229 639
230 1662
231 1878
232 868
233 2490
234 1653
235 438
236 1808
237 1071
238 2082
239 2869
240 1834
241 2172
242 939
243 2629
244 381
245 825
246 2456
247 1818
248 881
249 2521
250 1861
251 1580
252 1467
253 2557
254 1451
255 1023
256 992
257 1736
258 2380
259 190
260 2518
261 2388
262 1883
263 298
264 2896
265 1474
266 2405
267 804
268 1425
269 2031
270 941
271 2016
272 28
273 1259
274 1110
275 694
276 913
277 1592
278 1569
279 1963
280 994
281 2981
282 844
283 532
284 505
285 2118
286 1232
287 2528
288 1827
289 1470
290 1075
291 264
292 7
293 324
294 910
295 1660
296 2819
297 1783
298 2539
299 1000
300 231
301 2553
302 2057
303 350
304 2564
305 2500
306 52
307 1686
308 748
309 1995
310 2290
311 208
312 746
313 239
314 1648
315 791
316 949
317 1455
318 2247
319 765
320 817
321 249
322 2533
323 671
324 513
325 2313
326 1365
327 2175
328 1051
329 258
330 1454
331 1525
332 85
333 478
334 1700
335 2708
336 667
337 1235
338 2422
339 601
340 94
341 1851
342 250
343 205
344 1137
345 2379
346 898
347 1018
348 1309
349 1895
350 445
351 2983
352 2523
353 2366
354 194
355 2787
356 274
357 2885
358 2290
359 1019
360 1828
361 1584
362 616
363 1766
364 1506
365 1419
366 2779
367 2132
368 1247
369 351
370 808
371 2037
372 269
373 1920
374 2595
375 2990
376 279
377 1114
378 2439
379 440
380 2020
381 2704
382 841
383 1665
384 1753
385 1977
386 2089
387 1557
388 2968
389 385
390 982
391 1271
392 2492
393 2104
394 610
395 2090
396 1839
397 702
398 241
399 280
400 2471
401 35
402 1011
403 2182
404 2336
405 387
406 607
407 1970
408 219
409 2756
410 1674
411 1504
412 1275
413 323
414 773
415 2233
416 1499
417 639
418 2488
419 1376
420 915
421 418
422 2693
423 438
424 849
425 2795
426 1558
427 92
428 1138
429 545
430 483
431 2698
432 2853
433 442
434 2611
435 1064
436 1808
437 1141
438 515
439 1231
440 1709
441 1201
442 1670
443 2743
444 586
445 1416
446 589
447 2638
448 1825
449 300
450 2216
451 2691
452 1944
453 1445
454 1079
455 2471
456 345
457 2977
458 366
459 2191
460 1291
461 2256
462 336
463 802
464 2183
465 2026
466 2265
467 1151
468 708
469 64
470 1899
471 1938
472 2380
473 1813
474 2434
475 1277
476 323
477 1487
478 1038
479 186
480 1031
481 238
482 1950
483 1187
484 1135
485 89
486 2332
487 2946
488 2911
489 476
490 2220
491 894
492 7
493 2565
494 2009
495 1637
496 2187
497 326
498 2797
499 1311
500 2094
501 1580
502 1548
503 1543
504 2900
505 2476
506 1485
507 2698
508 1016
509 712
510 584
511 2609
512 2135
513 1943
514 254
515 2585
516 984
517 2965
518 1021
519 2916
520 1543
521 1590
522 2957
523 2555
524 1737
525 594
526 971
527 2767
528 2146
529 2776
530 654
531 1876
532 1433
533 886
534 1528
535 2635
536 1092
537 660
538 1513
539 880
540 2090
541 2506
542 2975
543 1953
544 1854
545 2067
546 2105
547 2433
548 1840
549 367
550 288
551 1203
552 1723
553 2660
554 1092
555 2003
556 2957
557 1326
558 1856
559 1452
560 2429
561 55
562 2348
563 381
564 2805
565 2754
566 981
567 1693
568 1609
569 1557
570 2158
571 1043
572 1094
573 514
574 2268
575 843
576 618
577 966
578 807
579 2879
580 1349
581 871
582 197
583 1429
584 2079
585 1276
586 246
587 1796
588 1268
589 1299
590 2082
591 1523
592 1521
593 858
594 1838
595 2461
596 2486
597 2513
598 2742
599 1826
600 88
601 742
602 40
603 1393
604 1176
605 556
606 2915
607 1621
608 734
609 624
610 2167
611 2151
612 1313
613 1137
614 2833
615 1760
616 2545
617 2213
618 2318
619 353
620 459
621 2452
622 2403
623 1757
624 1524
625 1093
626 1
627 1488
628 729
629 2711
630 1999
631 921
632 1840
633 2629
634 349
635 584
636 2682
637 822
638 977
639 1294
640 1069
641 2758
642 773
643 1130
644 915
645 2939
646 643
647 2774
648 2035
649 1341
650 2473
651 1223
652 1449
653 1476
654 2039
655 1461
656 2484
657 2531
658 395
659 248
660 1245
661 1650
662 2077
663 2843
664 2170
665 2754
666 2718
667 365
668 879
669 2672
670 2601
671 2319
672 933
673 2836
674 2580
675 1118
676 1996
677 184
678 483
679 727
680 1378
681 2807
682 2604
683 1414
684 1514
685 229
686 387
687 733
688 516
689 254
690 1948
691 1404
692 2634
693 1456
694 79
695 2322
696 2916
697 2463
698 1565
699 1460
700 725
701 125
702 2883
703 2298
704 1696
705 1334
706 1871
707 1862
708 2138
709 2900
710 1082
711 2866
712 14
713 2299
714 1819
715 2109
716 1915
717 357
718 281
719 963
720 130
721 1264
722 211
723 2367
724 117
725 2911
726 605
727 2218
728 1109
729 5
730 1441
731 2220
732 1251
733 2114
734 331
735 1157
736 2310
737 619
738 2153
739 2925
740 749
741 1508
742 669
743 703
744 2796
745 1640
746 2560
747 2301
748 1243
749 666
750 656
751 397
752 1414
753 157
754 2339
755 2309
756 2248
757 2754
758 2482
759 428
760 976
761 2964
762 2469
763 2061
764 2465
765 860
766 2924
767 1443
768 1829
769 822
770 1163
771 1768
772 96
773 190
774 838
775 1472
776 1410
777 68
778 2045
779 239
780 1020
781 1900
782 556
783 2170
784 94
785 494
786 1792
787 886
788 767
789 1178
790 133
791 2013
792 341
793 2336
794 1343
795 2417
796 1533
797 2466

