216 43
0 340
1 2234
2 945
3 1793
4 2203
5 1879
6 1320
7 1214
8 1477
9 1145
10 759
11 448
12 2083
13 277
14 858
15 752
16 862
17 182
18 1126
19 1874
20 2065
21 2918
22 1582
23 913
24 2175
25 2066
26 585
27 590
28 2155
29 453
30 939
31 2654
32 1271
33 188
34 435
35 422
36 1541
37 1182
38 648
39 1057
40 469
41 1555
42 2114
43 1127
44 854
45 1817
46 1635
47 2923
48 2308
49 627
50 1973
51 786
52 114
53 929
54 2063
55 631
56 1098
57 2040
58 989
59 2474
60 2863
61 1424
62 2159
63 1674
64 425
65 2114
66 983
67 2880
68 1665
69 1836
70 1875
71 800
72 2100
73 1348
74 540
75 1847
76 1218
77 1725
78 2553
79 2005
80 842
81 1857
82 1918
83 756
84 255
85 2253
86 2125
87 2907
88 156
89 1153
90 2010
91 1860
92 2171
93 2955
94 2974
95 1243
96 2379
97 181
98 2001
99 2539
100 2710
101 1557
102 1086
103 1014
104 2466
105 300
106 2660
107 343
108 2941
109 1495
110 2387
111 261
112 892
113 955
114 592
115 2329
116 2662
117 876
118 830
119 2148
120 457
121 954
122 127
123 656
124 1379
125 683
126 2054
127 1497
128 809
129 176
130 371
131 213
132 1181
133 1547
134 1500
135 511
136 1040
137 1832
138 1588
139 52
140 48
141 2298
142 88
143 259
144 169
145 564
146 273
147 996
148 737
149 2120
150 189
151 2522
152 2571
153 763
154 47
155 2692
156 111
157 1876
158 2164
159 1815
160 471
161 2563
162 460
163 2016
164 392
165 1899
166 1192
167 1969
168 219
169 116
170 1001
171 1695
172 1169
173 1559
174 2650
175 1670
176 265
177 2917
178 1530
179 1618
180 2069
181 2607
182 247
183 1679
184 450
185 10
186 1360
187 54
188 2122
189 1260
190 1385
191 122
192 2194
193 64
194 1505
195 1555
196 153
197 2568
198 1630
199 901
200 2244
201 2116
202 2204
203 1151
204 2439
205 2615
206 2654
207 22
208 2900
209 1426
210 1331
211 2839
212 194
213 264
214 1178
215 288

