744 34
0 836
1 2509
2 1299
3 1316
4 1748
5 2775
6 2160
7 630
8 681
9 406
10 1082
11 2944
12 275
13 1442
14 912
15 1879
16 1855
17 27
18 2409
19 1964
20 889
21 1166
22 1753
23 1498
24 893
25 590
26 2296
27 2239
28 2001
29 2019
30 107
31 2251
32 592
33 2396
34 938
35 180
36 1654
37 2207
38 631
39 1102
40 544
41 2095
42 2233
43 283
44 2848
45 2410
46 447
47 730
48 2219
49 2256
50 2365
51 408
52 2050
53 2177
54 502
55 1005
56 202
57 261
58 1554
59 1258
60 893
61 1043
62 2488
63 776
64 281
65 1289
66 82
67 2841
68 2105
69 674
70 2087
71 1359
72 47
73 2941
74 1571
75 2382
76 1333
77 680
78 905
79 943
80 2703
81 845
82 2683
83 640
84 325
85 1022
86 1443
87 2009
88 1941
89 2361
90 2730
91 2330
92 2673
93 1738
94 643
95 1991
96 1895
97 609
98 618
99 2897
100 1129
101 1144
102 166
103 2446
104 1104
105 546
106 2485
107 111
108 2027
109 2491
110 1448
111 609
112 2211
113 1687
114 2242
115 1512
116 1059
117 2527
118 2364
119 778
120 112
121 1759
122 950
123 1077
124 183
125 935
126 2414
127 1599
128 1558
129 1977
130 2912
131 458
132 1398
133 1248
134 2383
135 31
136 2982
137 512
138 463
139 1586
140 521
141 2565
142 2947
143 2860
144 912
145 2517
146 2930
147 874
148 2137
149 1314
150 819
151 2296
152 2991
153 546
154 2522
155 437
156 2147
157 983
158 2584
159 2175
160 423
161 1419
162 2349
163 2208
164 1011
165 801
166 533
167 634
168 1508
169 2542
170 1920
171 341
172 461
173 1853
174 4
175 1471
176 1915
177 1721
178 452
179 160
180 1010
181 2552
182 2855
183 1324
184 2644
185 1962
186 966
187 667
188 2740
189 2671
190 2188
191 1481
192 1155
193 2789
194 1449
195 30
196 1052
197 2908
198 2291
199 2686
200 1708
201 581
202 1864
203 2286
204 310
205 300
206 2463
207 1750
208 2262
209 798
210 2028
211 409
212 1284
213 206
214 2519
215 2803
216 2470
217 1071
218 474
219 372
220 57
221 2760
222 1035
223 1845
224 2333
225 1885
226 2189
227 2059
228 592
229 1523
230 1763
231 381
232 2507
233 1256
234 1236
235 2359
236 1785
237 1672
238 2428
239 2972
240 1244
241 871
242 315
243 2717
244 108
245 44
246 1465
247 2493
248 1975
249 2491
250 2496
251 2094
252 2868
253 2226
254 225
255 1957
256 1138
257 1652
258 2307
259 2050
260 1155
261 773
262 1939
263 774
264 1367
265 1686
266 670
267 1786
268 1811
269 2647
270 568
271 1850
272 2039
273 2964
274 639
275 1940
276 1591
277 1577
278 1816
279 1469
280 1309
281 2909
282 1689
283 2352
284 684
285 51
286 2775
287 713
288 2655
289 349
290 1734
291 743
292 136
293 103
294 1607
295 1887
296 1871
297 2225
298 1193
299 2631
300 1602
301 89
302 1261
303 547
304 380
305 1725
306 471
307 2087
308 1638
309 751
310 1581
311 2866
312 1133
313 2713
314 1356
315 564
316 1766
317 547
318 1033
319 2567
320 409
321 1641
322 1789
323 2863
324 2024
325 2873
326 2278
327 826
328 750
329 2566
330 2650
331 2460
332 250
333 1000
334 2198
335 939
336 205
337 2056
338 239
339 1112
340 406
341 793
342 1026
343 1842
344 1278
345 1497
346 2061
347 2952
348 1507
349 2463
350 1119
351 1181
352 2179
353 1195
354 1532
355 1893
356 2432
357 1511
358 2316
359 2225
360 2354
361 759
362 1375
363 1761
364 1079
365 1295
366 374
367 384
368 153
369 1802
370 1044
371 2768
372 605
373 2960
374 454
375 2428
376 2600
377 2905
378 1233
379 547
380 2925
381 669
382 2142
383 2343
384 2107
385 2882
386 1368
387 2353
388 2203
389 1283
390 2047
391 2374
392 1798
393 1499
394 1309
395 303
396 711
397 951
398 1261
399 2705
400 1936
401 623
402 2088
403 59
404 2838
405 1163
406 1081
407 567
408 2304
409 1604
410 965
411 2553
412 2639
413 186
414 70
415 1093
416 1427
417 2976
418 1633
419 2905
420 1216
421 2303
422 915
423 224
424 2750
425 1240
426 1861
427 1144
428 1047
429 1943
430 323
431 1430
432 1646
433 1720
434 1947
435 2751
436 946
437 1993
438 375
439 1937
440 694
441 2821
442 1959
443 2840
444 1209
445 2954
446 2434
447 2977
448 745
449 2967
450 1226
451 2376
452 1833
453 27
454 1954
455 2248
456 1777
457 1439
458 283
459 1803
460 833
461 2507
462 2996
463 12
464 282
465 37
466 1885
467 884
468 673
469 845
470 1645
471 468
472 1985
473 855
474 2416
475 1902
476 491
477 459
478 1190
479 1802
480 896
481 1095
482 1500
483 1467
484 2388
485 1047
486 1189
487 1527
488 2544
489 762
490 634
491 855
492 462
493 349
494 2922
495 1820
496 2564
497 2264
498 1314
499 2169
500 1440
501 1453
502 2329
503 1309
504 2286
505 2464
506 2927
507 126
508 1930
509 1706
510 1331
511 843
512 1982
513 2364
514 1169
515 960
516 9
517 1110
518 985
519 1272
520 2544
521 1660
522 375
523 2215
524 1241
525 166
526 806
527 919
528 2438
529 931
530 2794
531 1004
532 1281
533 2897
534 2424
535 983
536 460
537 2996
538 396
539 1877
540 1875
541 185
542 611
543 1566
544 2566
545 642
546 1374
547 332
548 880
549 2652
550 256
551 2581
552 2129
553 2679
554 2144
555 1460
556 2640
557 2153
558 796
559 2219
560 416
561 545
562 1181
563 2491
564 1594
565 1283
566 1143
567 2931
568 2044
569 1833
570 1566
571 690
572 2496
573 2710
574 2211
575 269
576 2991
577 1408
578 1149
579 1023
580 2737
581 613
582 873
583 90
584 1985
585 1368
586 1654
587 928
588 1571
589 748
590 282
591 745
592 2659
593 2193
594 27
595 1607
596 2958
597 2552
598 964
599 1460
600 2261
601 754
602 2507
603 1924
604 2630
605 2990
606 2433
607 205
608 2715
609 1078
610 1399
611 2350
612 2074
613 1499
614 139
615 642
616 1204
617 470
618 1962
619 2321
620 493
621 0
622 269
623 609
624 2854
625 1620
626 342
627 540
628 590
629 718
630 196
631 2932
632 541
633 2283
634 2731
635 186
636 757
637 2034
638 1973
639 1010
640 1403
641 678
642 1650
643 2662
644 1132
645 537
646 1122
647 2438
648 1640
649 2015
650 1694
651 1846
652 2624
653 1940
654 505
655 528
656 1477
657 82
658 843
659 687
660 805
661 1224
662 1968
663 99
664 727
665 260
666 408
667 813
668 2735
669 1088
670 995
671 1128
672 2803
673 1304
674 548
675 1982
676 2467
677 1156
678 2860
679 2773
680 522
681 1719
682 2942
683 2538
684 1432
685 2287
686 2397
687 1188
688 446
689 1221
690 2736
691 81
692 1825
693 682
694 127
695 850
696 2088
697 584
698 886
699 998
700 895
701 1317
702 2043
703 1731
704 760
705 2523
706 1466
707 2605
708 2876
709 1838
710 2180
711 1813
712 772
713 962
714 2706
715 545
716 1433
717 1874
718 217
719 1117
720 2041
721 1222
722 336
723 117
724 1506
725 2159
726 2471
727 2049
728 2932
729 749
730 355
731 1133
732 1334
733 1797
734 2668
735 935
736 174
737 2560
738 177
739 1562
740 2791
741 1914
742 57
743 2359

