675 33
0 1468
1 2199
2 2502
3 373
4 688
5 2269
6 755
7 602
8 2729
9 2489
10 1012
11 1638
12 1154
13 2182
14 548
15 32
16 2417
17 1388
18 2093
19 2856
20 182
21 2969
22 643
23 319
24 2480
25 1338
26 1502
27 1516
28 2419
29 345
30 1510
31 2364
32 1893
33 121
34 1896
35 1456
36 1879
37 171
38 1988
39 53
40 1024
41 2004
42 383
43 82
44 2784
45 263
46 2267
47 1094
48 493
49 2953
50 2786
51 36
52 2408
53 825
54 886
55 397
56 2143
57 295
58 347
59 1890
60 2856
61 1485
62 909
63 246
64 2233
65 678
66 1330
67 1875
68 2564
69 849
70 328
71 404
72 1443
73 189
74 52
75 1265
76 2557
77 247
78 2359
79 140
80 1723
81 2497
82 281
83 1626
84 976
85 150
86 1242
87 1838
88 2243
89 1091
90 2392
91 2720
92 2558
93 437
94 2090
95 1148
96 916
97 1387
98 1457
99 1497
100 784
101 2298
102 2174
103 732
104 2130
105 2196
106 990
107 507
108 1302
109 2184
110 2379
111 1328
112 2693
113 2605
114 2822
115 1574
116 2854
117 233
118 1040
119 1409
120 2618
121 2582
122 2428
123 2141
124 484
125 1546
126 614
127 573
128 1788
129 169
130 653
131 1161
132 2254
133 1527
134 1446
135 2551
136 1701
137 1030
138 357
139 1605
140 279
141 430
142 1072
143 2783
144 373
145 1347
146 1270
147 806
148 64
149 1810
150 947
151 2125
152 502
153 1680
154 2447
155 1760
156 1794
157 1413
158 2220
159 2420
160 573
161 2498
162 2361
163 1025
164 1397
165 2846
166 2907
167 180
168 118
169 1619
170 1052
171 1042
172 2301
173 1808
174 1357
175 2991
176 1125
177 2048
178 1058
179 167
180 1093
181 1439
182 365
183 2294
184 548
185 1738
186 2069
187 2757
188 1751
189 1744
190 741
191 638
192 2513
193 2691
194 172
195 283
196 117
197 2459
198 1715
199 1953
200 860
201 2164
202 1274
203 2731
204 2671
205 2415
206 2652
207 1008
208 1611
209 990
210 2014
211 1191
212 2019
213 743
214 1181
215 263
216 319
217 1744
218 2032
219 2692
220 1260
221 243
222 415
223 953
224 1671
225 2887
226 116
227 1891
228 82
229 2098
230 289
231 1132
232 1459
233 259
234 2003
235 734
236 2489
237 2585
238 935
239 1080
240 2376
241 271
242 2772
243 86
244 1012
245 2961
246 890
247 1747
248 1243
249 776
250 746
251 1433
252 860
253 2930
254 2993
255 1024
256 1759
257 373
258 628
259 1952
260 2516
261 2677
262 1601
263 861
264 591
265 323
266 1868
267 619
268 1034
269 2983
270 917
271 417
272 742
273 357
274 1429
275 2243
276 2329
277 1128
278 261
279 1743
280 2968
281 2529
282 1668
283 475
284 1463
285 1261
286 1957
287 221
288 1093
289 764
290 2621
291 212
292 2786
293 2886
294 2630
295 495
296 723
297 1978
298 1960
299 346
300 2290
301 1377
302 1155
303 713
304 848
305 1691
306 1395
307 1411
308 2893
309 743
310 691
311 971
312 742
313 259
314 362
315 1008
316 1918
317 1827
318 2828
319 1402
320 1580
321 2079
322 2173
323 2364
324 2875
325 2539
326 1478
327 2166
328 862
329 927
330 1405
331 2846
332 344
333 1351
334 219
335 2128
336 2651
337 2564
338 998
339 2128
340 1943
341 1963
342 2452
343 1002
344 2990
345 701
346 441
347 1596
348 1444
349 2028
350 2721
351 341
352 953
353 1015
354 1767
355 2182
356 2169
357 144
358 1469
359 489
360 2995
361 1945
362 2281
363 583
364 1404
365 2716
366 1425
367 592
368 1490
369 2420
370 1584
371 2120
372 1789
373 1560
374 864
375 1277
376 1263
377 1509
378 1039
379 2204
380 2855
381 1452
382 2432
383 1670
384 2257
385 721
386 2352
387 574
388 2615
389 2183
390 942
391 499
392 1862
393 2014
394 1283
395 2997
396 1371
397 552
398 2489
399 2952
400 2917
401 1490
402 2072
403 2786
404 2772
405 1224
406 1590
407 1279
408 2558
409 1599
410 722
411 1446
412 1986
413 218
414 1694
415 1737
416 2754
417 2403
418 1517
419 2559
420 2680
421 42
422 856
423 1422
424 795
425 679
426 1632
427 770
428 2856
429 900
430 916
431 368
432 1182
433 2179
434 2546
435 1582
436 533
437 2939
438 1937
439 2362
440 169
441 975
442 1280
443 2809
444 1606
445 446
446 1639
447 2909
448 2015
449 1218
450 1856
451 961
452 1526
453 1983
454 1135
455 1127
456 243
457 182
458 1901
459 1914
460 1628
461 72
462 2884
463 2647
464 354
465 2709
466 310
467 1157
468 2093
469 471
470 2335
471 1191
472 1764
473 753
474 172
475 1163
476 1153
477 2004
478 1400
479 2342
480 214
481 1928
482 1306
483 1438
484 1171
485 759
486 393
487 1854
488 2582
489 2442
490 1246
491 1793
492 470
493 314
494 499
495 173
496 1002
497 1350
498 268
499 185
500 1547
501 1406
502 776
503 1627
504 591
505 2667
506 64
507 362
508 2785
509 192
510 2888
511 922
512 2700
513 673
514 2474
515 471
516 1794
517 1562
518 906
519 2935
520 1552
521 1978
522 2765
523 213
524 2435
525 2284
526 1047
527 1334
528 2196
529 1965
530 1835
531 1956
532 852
533 1791
534 2550
535 1568
536 1900
537 1056
538 1027
539 1558
540 2485
541 1496
542 2634
543 1705
544 2471
545 483
546 1861
547 2906
548 2405
549 2450
550 2557
551 1906
552 1841
553 2361
554 2301
555 2972
556 1842
557 1218
558 284
559 1149
560 745
561 1708
562 1315
563 885
564 480
565 2358
566 1731
567 1612
568 365
569 252
570 2217
571 1901
572 254
573 2795
574 2181
575 2067
576 1561
577 2848
578 2586
579 2517
580 1159
581 1565
582 2787
583 790
584 1283
585 934
586 1042
587 963
588 2257
589 2170
590 2505
591 1479
592 114
593 1775
594 2688
595 1539
596 2867
597 1447
598 1504
599 2148
600 1036
601 208
602 126
603 486
604 2198
605 2347
606 2935
607 1548
608 551
609 1029
610 991
611 70
612 439
613 192
614 418
615 2256
616 261
617 1254
618 1366
619 2072
620 685
621 2927
622 1106
623 2656
624 1215
625 2918
626 1667
627 772
628 2099
629 1962
630 1042
631 1016
632 2083
633 1458
634 2589
635 1353
636 2311
637 438
638 698
639 1492
640 2619
641 2215
642 1682
643 470
644 2376
645 216
646 617
647 2748
648 2583
649 1211
650 2720
651 2275
652 2496
653 692
654 475
655 887
656 659
657 779
658 2160
659 1865
660 209
661 2389
662 417
663 1018
664 1733
665 233
666 2717
667 1802
668 2059
669 1724
670 2929
671 2907
672 1236
673 2510
674 2557

