535 91
0 1461
1 947
2 142
3 1400
4 1131
5 2241
6 2848
7 2025
8 750
9 835
10 2319
11 1667
12 2880
13 2978
14 2771
15 2743
16 1819
17 1827
18 44
19 2806
20 45
21 303
22 2704
23 484
24 2193
25 2026
26 2487
27 2039
28 2828
29 242
30 1029
31 695
32 2599
33 78
34 854
35 746
36 507
37 1391
38 367
39 1554
40 488
41 1976
42 653
43 1441
44 507
45 1916
46 2752
47 1968
48 1857
49 1835
50 981
51 186
52 1640
53 2417
54 344
55 2932
56 1679
57 2029
58 349
59 1854
60 570
61 525
62 2513
63 701
64 3000
65 1673
66 531
67 530
68 1582
69 1472
70 758
71 2475
72 2215
73 1802
74 363
75 1717
76 1850
77 1289
78 1725
79 2002
80 2567
81 577
82 2171
83 1288
84 326
85 1736
86 1680
87 2659
88 1231
89 68
90 1244
91 480
92 1148
93 867
94 862
95 992
96 1423
97 1372
98 2605
99 2891
100 2346
101 1007
102 1061
103 1576
104 81
105 2343
106 2625
107 2227
108 506
109 33
110 2788
111 835
112 1020
113 586
114 1177
115 2960
116 1849
117 2837
118 617
119 928
120 1715
121 403
122 2397
123 1552
124 355
125 1563
126 1607
127 1381
128 2114
129 544
130 2462
131 1275
132 135
133 2095
134 1969
135 2438
136 2405
137 2355
138 41
139 1588
140 631
141 1462
142 1663
143 983
144 433
145 1347
146 2839
147 1223
148 2686
149 2797
150 2836
151 2445
152 79
153 644
154 746
155 1967
156 1481
157 697
158 1264
159 1110
160 27
161 1125
162 103
163 1222
164 2845
165 304
166 104
167 2066
168 965
169 206
170 36
171 1699
172 1641
173 453
174 973
175 2805
176 876
177 1559
178 508
179 568
180 1614
181 1994
182 2740
183 2392
184 1126
185 878
186 1908
187 1613
188 1471
189 630
190 1823
191 1021
192 1075
193 1713
194 464
195 181
196 2681
197 1690
198 1400
199 2959
200 466
201 467
202 1110
203 2
204 2372
205 1328
206 790
207 745
208 488
209 2637
210 1581
211 2558
212 293
213 1736
214 855
215 2540
216 922
217 429
218 1537
219 1128
220 285
221 472
222 2075
223 2203
224 977
225 15
226 2961
227 430
228 1778
229 289
230 1631
231 838
232 1420
233 2687
234 1708
235 976
236 1349
237 742
238 1703
239 2046
240 2280
241 360
242 254
243 2337
244 2259
245 1735
246 1665
247 2333
248 1036
249 2348
250 2874
251 537
252 2788
253 1010
254 2795
255 2468
256 374
257 2390
258 1804
259 646
260 2164
261 952
262 2103
263 657
264 1896
265 1806
266 2470
267 878
268 1114
269 1239
270 2443
271 2815
272 2289
273 1646
274 2214
275 2887
276 1741
277 2558
278 751
279 1553
280 928
281 1406
282 604
283 1370
284 2929
285 1673
286 1842
287 2225
288 2809
289 1617
290 2869
291 2276
292 758
293 2762
294 2465
295 1395
296 2648
297 437
298 1726
299 1746
300 1425
301 1986
302 2187
303 2011
304 156
305 1159
306 2112
307 1797
308 2581
309 1680
310 174
311 2964
312 1997
313 1898
314 1356
315 207
316 2524
317 2303
318 1095
319 912
320 1494
321 2279
322 2166
323 1244
324 2918
325 706
326 745
327 2246
328 1514
329 1135
330 2005
331 1841
332 922
333 399
334 1957
335 377
336 1311
337 2391
338 945
339 635
340 125
341 222
342 2973
343 2269
344 2376
345 2329
346 1435
347 1278
348 2533
349 868
350 2050
351 1784
352 861
353 276
354 2050
355 1347
356 1854
357 1324
358 1936
359 139
360 356
361 727
362 1604
363 459
364 53
365 1611
366 1722
367 2716
368 1067
369 59
370 13
371 576
372 368
373 2293
374 2582
375 800
376 2443
377 1523
378 1789
379 5
380 2026
381 2064
382 394
383 2327
384 603
385 1230
386 2658
387 1088
388 600
389 190
390 1058
391 646
392 2575
393 1000
394 2443
395 985
396 873
397 563
398 1219
399 1988
400 1730
401 2827
402 2756
403 1801
404 1256
405 2636
406 68
407 1369
408 2479
409 1731
410 2097
411 681
412 2216
413 2067
414 1325
415 1726
416 1698
417 677
418 1128
419 580
420 2635
421 1252
422 2958
423 2573
424 536
425 2899
426 269
427 1317
428 1275
429 2426
430 2203
431 2054
432 655
433 2562
434 822
435 17
436 2927
437 146
438 2323
439 1228
440 1436
441 2174
442 102
443 1925
444 2552
445 278
446 1984
447 1450
448 406
449 571
450 1786
451 2550
452 2478
453 2917
454 2679
455 1762
456 2314
457 755
458 1455
459 1744
460 2573
461 1472
462 100
463 2174
464 1975
465 1578
466 70
467 133
468 1400
469 31
470 1664
471 277
472 235
473 801
474 884
475 982
476 2233
477 836
478 141
479 346
480 2775
481 2885
482 1922
483 1970
484 1218
485 2349
486 2497
487 2388
488 2427
489 2487
490 2480
491 683
492 2810
493 312
494 2608
495 1244
496 2704
497 2011
498 947
499 313
500 2824
501 2449
502 1060
503 2045
504 1640
505 895
506 1850
507 495
508 322
509 1235
510 2138
511 881
512 1476
513 2738
514 2448
515 2423
516 1200
517 2261
518 2542
519 429
520 1473
521 1945
522 1516
523 2621
524 2806
525 55
526 2839
527 874
528 1411
529 639
530 964
531 2195
532 1891
533 45
534 2318

