740 76
0 2313
1 2197
2 25
3 829
4 2221
5 93
6 2904
7 2440
8 2694
9 1765
10 1128
11 1718
12 1892
13 1881
14 1800
15 1465
16 1925
17 1696
18 645
19 868
20 1369
21 2264
22 1227
23 33
24 919
25 2502
26 927
27 1884
28 1745
29 2277
30 1165
31 2309
32 2968
33 2123
34 946
35 808
36 1580
37 1284
38 1652
39 363
40 2662
41 1372
42 1245
43 557
44 2455
45 1
46 831
47 1088
48 2558
49 1479
50 2519
51 2794
52 1190
53 1256
54 1518
55 2720
56 340
57 2226
58 674
59 312
60 1430
61 2128
62 407
63 2146
64 2450
65 880
66 2925
67 396
68 1523
69 544
70 2726
71 1570
72 2457
73 796
74 2555
75 2477
76 1795
77 2523
78 958
79 421
80 2746
81 966
82 2040
83 693
84 998
85 2279
86 350
87 2009
88 547
89 773
90 582
91 2709
92 1539
93 1596
94 857
95 301
96 2531
97 45
98 2564
99 2429
100 2000
101 2800
102 730
103 569
104 23
105 1681
106 2785
107 2271
108 2049
109 2446
110 2405
111 583
112 484
113 2443
114 467
115 1055
116 2730
117 1091
118 2325
119 2194
120 329
121 2400
122 758
123 616
124 2630
125 2702
126 2980
127 2038
128 2433
129 2487
130 2167
131 1625
132 2287
133 1118
134 1269
135 1182
136 1248
137 2812
138 1150
139 790
140 1551
141 367
142 1508
143 2477
144 1624
145 154
146 2811
147 1210
148 1831
149 1530
150 2085
151 155
152 1801
153 1438
154 989
155 974
156 2109
157 1963
158 2374
159 588
160 2340
161 2376
162 1738
163 906
164 1254
165 441
166 305
167 345
168 2797
169 652
170 354
171 2973
172 2210
173 2276
174 2670
175 620
176 1558
177 1382
178 636
179 856
180 611
181 280
182 696
183 1461
184 1296
185 1642
186 2031
187 1129
188 24
189 1331
190 554
191 630
192 2288
193 561
194 1401
195 419
196 1673
197 1153
198 2549
199 886
200 116
201 335
202 2683
203 2818
204 2583
205 91
206 2675
207 2400
208 1837
209 1985
210 998
211 2687
212 867
213 2797
214 1993
215 335
216 75
217 750
218 2216
219 559
220 2385
221 2697
222 2795
223 2460
224 2717
225 1281
226 1717
227 935
228 399
229 2508
230 1040
231 2747
232 517
233 451
234 755
235 821
236 685
237 116
238 1807
239 1985
240 62
241 1148
242 2837
243 1175
244 556
245 492
246 1501
247 2358
248 2415
249 855
250 328
251 2804
252 724
253 2936
254 1212
255 1741
256 2116
257 1298
258 533
259 2213
260 2394
261 1306
262 1305
263 2907
264 1063
265 2292
266 33
267 597
268 2801
269 2125
270 1595
271 608
272 2660
273 2750
274 1453
275 2066
276 180
277 2816
278 513
279 2055
280 669
281 601
282 1961
283 787
284 1041
285 330
286 2004
287 2204
288 884
289 449
290 2922
291 2088
292 1465
293 422
294 664
295 292
296 939
297 2277
298 810
299 820
300 296
301 2331
302 1386
303 1816
304 2906
305 2594
306 2800
307 2016
308 594
309 2687
310 1481
311 1440
312 2847
313 682
314 1659
315 1892
316 1192
317 2777
318 2795
319 776
320 2008
321 1157
322 1837
323 2307
324 77
325 743
326 1691
327 682
328 2722
329 464
330 1002
331 2922
332 477
333 1281
334 526
335 934
336 1248
337 463
338 1555
339 1540
340 138
341 1440
342 2914
343 1978
344 2159
345 103
346 681
347 673
348 1114
349 2167
350 569
351 83
352 1229
353 1815
354 1394
355 2061
356 2469
357 897
358 1833
359 745
360 1334
361 1299
362 1696
363 2278
364 188
365 1721
366 145
367 1313
368 1580
369 810
370 2710
371 1625
372 859
373 1513
374 1348
375 490
376 606
377 2812
378 800
379 1864
380 1942
381 1048
382 2133
383 139
384 2055
385 946
386 63
387 102
388 1331
389 2028
390 401
391 279
392 1902
393 675
394 959
395 2552
396 816
397 460
398 1937
399 2943
400 1637
401 1701
402 784
403 1280
404 562
405 2881
406 1627
407 515
408 970
409 2436
410 387
411 2679
412 351
413 103
414 2107
415 18
416 1160
417 276
418 1873
419 508
420 1856
421 1133
422 2689
423 2097
424 2790
425 1612
426 1451
427 1682
428 1567
429 1310
430 1662
431 205
432 1817
433 2366
434 890
435 2991
436 985
437 952
438 732
439 1293
440 716
441 1824
442 1369
443 800
444 1081
445 288
446 2097
447 2984
448 123
449 2191
450 340
451 1578
452 1103
453 2445
454 2842
455 877
456 896
457 2753
458 705
459 2004
460 391
461 2592
462 527
463 577
464 75
465 2811
466 2755
467 166
468 945
469 848
470 564
471 105
472 2074
473 2980
474 1044
475 1911
476 905
477 1889
478 2116
479 1220
480 985
481 2730
482 152
483 2645
484 1377
485 1974
486 2745
487 1929
488 1814
489 777
490 2987
491 924
492 181
493 2064
494 1160
495 1300
496 2075
497 2639
498 420
499 2637
500 489
501 1010
502 2707
503 2498
504 2569
505 1922
506 185
507 1661
508 797
509 1563
510 2668
511 454
512 1494
513 274
514 1418
515 1165
516 111
517 2070
518 762
519 1442
520 2022
521 2007
522 1862
523 409
524 1546
525 2332
526 2270
527 372
528 85
529 463
530 2671
531 270
532 2901
533 1772
534 967
535 1550
536 1629
537 1839
538 766
539 2457
540 2920
541 1570
542 442
543 2604
544 719
545 2091
546 1114
547 28
548 76
549 2092
550 726
551 1644
552 106
553 316
554 2426
555 101
556 1973
557 698
558 1697
559 1347
560 1097
561 2322
562 2813
563 2421
564 1516
565 1166
566 2608
567 823
568 1139
569 1298
570 2156
571 1537
572 1438
573 2779
574 1847
575 314
576 998
577 2268
578 2897
579 2328
580 2602
581 1902
582 560
583 2921
584 2739
585 2108
586 16
587 1229
588 1621
589 560
590 2633
591 219
592 2733
593 1003
594 2168
595 1926
596 1999
597 277
598 2797
599 2384
600 59
601 1550
602 1909
603 2832
604 367
605 1086
606 2480
607 2676
608 1257
609 1431
610 2167
611 1521
612 2900
613 1672
614 943
615 2257
616 573
617 2756
618 2392
619 2910
620 421
621 795
622 1298
623 1129
624 2344
625 2269
626 447
627 73
628 1299
629 780
630 1279
631 1340
632 909
633 202
634 797
635 2983
636 1966
637 2385
638 2287
639 294
640 1114
641 1422
642 2940
643 782
644 1948
645 2676
646 1048
647 1592
648 643
649 2902
650 209
651 1362
652 1429
653 2449
654 1731
655 1897
656 1692
657 1357
658 1535
659 1605
660 836
661 2498
662 1699
663 2725
664 304
665 1106
666 601
667 2063
668 2459
669 2149
670 210
671 1323
672 2220
673 724
674 1861
675 1178
676 2697
677 24
678 2887
679 2539
680 289
681 1459
682 135
683 861
684 1982
685 1435
686 1608
687 1331
688 1467
689 2782
690 1352
691 2223
692 2215
693 962
694 905
695 1517
696 2097
697 1502
698 2208
699 54
700 2638
701 303
702 1045
703 1351
704 1277
705 1970
706 1030
707 1661
708 992
709 126
710 1154
711 2646
712 970
713 844
714 1954
715 949
716 2728
717 2695
718 271
719 1061
720 1235
721 2075
722 2578
723 179
724 681
725 2371
726 2182
727 101
728 550
729 2755
730 984
731 477
732 1081
733 1100
734 2371
735 2180
736 2089
737 551
738 2746
739 855

