561 28
0 1017
1 2327
2 1726
3 1873
4 57
5 1182
6 637
7 1033
8 2743
9 1602
10 600
11 2047
12 960
13 337
14 2490
15 70
16 64
17 137
18 2144
19 1884
20 1886
21 2938
22 748
23 94
24 1782
25 1102
26 573
27 1903
28 2379
29 75
30 2894
31 887
32 723
33 591
34 1135
35 361
36 1114
37 1279
38 993
39 548
40 1187
41 1538
42 548
43 2218
44 2795
45 2043
46 361
47 2176
48 1078
49 2167
50 719
51 592
52 932
53 2674
54 1345
55 512
56 2774
57 1869
58 1808
59 364
60 2668
61 2288
62 1592
63 468
64 2382
65 2910
66 2813
67 1192
68 2583
69 1108
70 2184
71 756
72 2528
73 1196
74 1018
75 904
76 2176
77 2983
78 122
79 204
80 1809
81 2542
82 786
83 774
84 1010
85 608
86 2371
87 1342
88 2490
89 1911
90 2603
91 1901
92 2635
93 536
94 606
95 802
96 335
97 596
98 2698
99 316
100 1713
101 259
102 7
103 1544
104 1964
105 1717
106 2880
107 1631
108 2766
109 2086
110 831
111 127
112 1684
113 2206
114 505
115 2753
116 1527
117 1711
118 839
119 48
120 2984
121 1813
122 2204
123 568
124 2847
125 1900
126 2198
127 2458
128 565
129 1
130 774
131 2795
132 629
133 1772
134 68
135 1368
136 893
137 587
138 980
139 548
140 419
141 2560
142 2168
143 2121
144 2812
145 2637
146 1996
147 805
148 509
149 251
150 101
151 391
152 1955
153 226
154 1889
155 1276
156 1224
157 1226
158 177
159 2184
160 1489
161 1149
162 2607
163 2810
164 805
165 787
166 1954
167 477
168 358
169 1263
170 80
171 2986
172 234
173 175
174 347
175 1461
176 70
177 365
178 2269
179 1508
180 1907
181 2744
182 2774
183 2278
184 1120
185 2910
186 908
187 1391
188 1540
189 763
190 393
191 1495
192 2402
193 1242
194 946
195 2838
196 2861
197 194
198 987
199 2192
200 2326
201 1726
202 1823
203 1475
204 791
205 2492
206 2782
207 763
208 2933
209 1837
210 369
211 1506
212 884
213 298
214 1055
215 141
216 179
217 873
218 733
219 2579
220 1475
221 2251
222 814
223 558
224 773
225 2695
226 1772
227 1970
228 1259
229 1885
230 2167
231 2678
232 355
233 107
234 100
235 2092
236 1491
237 1798
238 123
239 489
240 2420
241 690
242 681
243 2722
244 2783
245 1142
246 1821
247 2718
248 2995
249 1909
250 1051
251 335
252 761
253 1276
254 172
255 2432
256 1213
257 1746
258 2948
259 2445
260 839
261 1986
262 470
263 2712
264 1610
265 537
266 1508
267 2592
268 375
269 759
270 1763
271 651
272 199
273 83
274 405
275 2547
276 1003
277 2998
278 585
279 43
280 1569
281 774
282 2102
283 1178
284 2520
285 129
286 323
287 673
288 2403
289 2221
290 1923
291 1274
292 646
293 590
294 1864
295 101
296 1062
297 2062
298 2029
299 2193
300 2774
301 3000
302 1380
303 1536
304 429
305 2755
306 1884
307 246
308 1745
309 2377
310 1390
311 1306
312 1030
313 884
314 967
315 639
316 1241
317 1048
318 2923
319 929
320 1046
321 412
322 326
323 2095
324 1628
325 1647
326 1778
327 936
328 425
329 2606
330 979
331 2024
332 2708
333 905
334 1975
335 512
336 1668
337 1423
338 2199
339 1385
340 320
341 842
342 311
343 1399
344 666
345 2794
346 2261
347 2858
348 1645
349 1953
350 627
351 2461
352 1380
353 2635
354 910
355 521
356 273
357 2180
358 260
359 64
360 1478
361 2955
362 1363
363 1990
364 2470
365 141
366 1380
367 2273
368 1078
369 126
370 1044
371 1720
372 2649
373 1701
374 2228
375 457
376 2960
377 416
378 2776
379 535
380 1674
381 2614
382 2222
383 1492
384 2370
385 2980
386 2407
387 2678
388 2556
389 667
390 2605
391 1462
392 1459
393 1971
394 1405
395 2300
396 436
397 1938
398 93
399 524
400 896
401 1989
402 1637
403 637
404 1206
405 2362
406 1811
407 42
408 330
409 2244
410 556
411 973
412 597
413 1411
414 397
415 546
416 1751
417 250
418 1365
419 1872
420 130
421 1538
422 2661
423 1738
424 1913
425 2237
426 1342
427 1421
428 2468
429 36
430 2585
431 666
432 2697
433 2259
434 59
435 1829
436 2107
437 1564
438 2421
439 611
440 940
441 1212
442 838
443 56
444 1599
445 1108
446 827
447 506
448 1605
449 872
450 2286
451 2506
452 2323
453 676
454 2916
455 241
456 2779
457 20
458 2762
459 79
460 2335
461 1208
462 2709
463 1231
464 542
465 2042
466 2256
467 353
468 1601
469 462
470 61
471 1197
472 781
473 2622
474 1591
475 1112
476 1615
477 194
478 318
479 1447
480 1935
481 2756
482 2478
483 1691
484 2282
485 2158
486 1095
487 2430
488 1582
489 1946
490 2482
491 2260
492 1170
493 1015
494 2846
495 1582
496 210
497 2180
498 2498
499 1463
500 1230
501 1750
502 125
503 882
504 2902
505 1469
506 587
507 2503
508 979
509 196
510 2614
511 1617
512 2584
513 2355
514 1084
515 2572
516 749
517 1853
518 1690
519 1186
520 968
521 2014
522 738
523 2269
524 851
525 1265
526 2196
527 2814
528 2906
529 991
530 1462
531 363
532 1266
533 2313
534 954
535 1965
536 683
537 476
538 1512
539 559
540 70
541 2389
542 1396
543 35
544 1004
545 229
546 2805
547 1034
548 1651
549 102
550 892
551 2504
552 2610
553 1600
554 2231
555 1513
556 2380
557 27
558 2674
559 1767
560 1308

