669 48
0 759
1 885
2 122
3 527
4 387
5 1032
6 398
7 316
8 1446
9 2520
10 1077
11 1247
12 2365
13 607
14 2017
15 2675
16 586
17 2868
18 1983
19 1985
20 649
21 1059
22 1978
23 2580
24 89
25 642
26 496
27 1688
28 666
29 2936
30 1413
31 2717
32 2989
33 2698
34 158
35 2923
36 312
37 2861
38 28
39 295
40 2494
41 327
42 2263
43 2635
44 558
45 1247
46 814
47 1719
48 2876
49 1905
50 1605
51 1193
52 1938
53 1847
54 2751
55 2525
56 934
57 2555
58 548
59 1319
60 2322
61 929
62 2489
63 40
64 877
65 1190
66 1890
67 514
68 420
69 2895
70 1165
71 1897
72 31
73 1381
74 325
75 1476
76 2852
77 943
78 2716
79 168
80 1257
81 153
82 2957
83 192
84 1662
85 321
86 2259
87 283
88 1799
89 1943
90 2617
91 329
92 2998
93 2096
94 73
95 440
96 518
97 1295
98 2355
99 2891
100 1519
101 556
102 2016
103 430
104 2238
105 613
106 1195
107 2316
108 2924
109 995
110 2679
111 73
112 2560
113 1734
114 190
115 1680
116 2720
117 1454
118 2114
119 2887
120 1282
121 2947
122 1048
123 891
124 2087
125 1801
126 2995
127 1620
128 1818
129 1917
130 2818
131 1195
132 1664
133 765
134 2407
135 750
136 2388
137 225
138 2021
139 277
140 1710
141 2233
142 2901
143 1933
144 423
145 852
146 2600
147 881
148 2561
149 1901
150 1103
151 2271
152 1346
153 2896
154 801
155 1439
156 77
157 515
158 436
159 2154
160 163
161 221
162 2027
163 1095
164 1489
165 1649
166 233
167 812
168 2061
169 2721
170 116
171 253
172 638
173 2717
174 2664
175 2130
176 1021
177 1001
178 2554
179 2733
180 2216
181 2802
182 2196
183 1569
184 2903
185 147
186 2928
187 28
188 2694
189 2832
190 432
191 2213
192 408
193 1696
194 626
195 2815
196 428
197 1543
198 31
199 1804
200 2166
201 1737
202 2750
203 2846
204 2729
205 1179
206 1365
207 1242
208 436
209 149
210 35
211 2842
212 1963
213 2248
214 1965
215 2725
216 2562
217 2530
218 556
219 899
220 2209
221 2810
222 84
223 2297
224 717
225 2192
226 2096
227 576
228 129
229 1793
230 690
231 2524
232 2246
233 171
234 2470
235 1436
236 172
237 1521
238 1850
239 1753
240 1874
241 1890
242 2369
243 763
244 1532
245 585
246 2164
247 219
248 1917
249 2507
250 1325
251 2762
252 243
253 1160
254 1274
255 2606
256 2423
257 2916
258 2736
259 1021
260 1952
261 2109
262 659
263 1553
264 611
265 2168
266 1386
267 103
268 396
269 3
270 2345
271 406
272 2376
273 334
274 815
275 2907
276 311
277 2122
278 1223
279 2481
280 485
281 1540
282 1674
283 467
284 767
285 381
286 2228
287 755
288 399
289 1661
290 407
291 112
292 652
293 2379
294 2504
295 244
296 924
297 1898
298 1413
299 2565
300 1279
301 609
302 1492
303 162
304 1926
305 831
306 1572
307 186
308 2441
309 2536
310 663
311 2903
312 2907
313 1465
314 2600
315 864
316 1943
317 215
318 1753
319 2029
320 684
321 2563
322 2244
323 762
324 2387
325 807
326 545
327 1218
328 1502
329 633
330 2132
331 579
332 364
333 1086
334 1864
335 456
336 2141
337 2164
338 1924
339 2593
340 520
341 2191
342 2995
343 1332
344 2579
345 2493
346 1044
347 2441
348 779
349 2286
350 1618
351 2153
352 1141
353 542
354 1504
355 2973
356 2745
357 1933
358 1692
359 1245
360 318
361 481
362 1768
363 1207
364 566
365 717
366 639
367 767
368 1106
369 2330
370 2621
371 1605
372 2803
373 1880
374 1606
375 2713
376 219
377 2867
378 1472
379 2950
380 1537
381 82
382 2256
383 1631
384 1490
385 620
386 2681
387 1436
388 129
389 1847
390 2240
391 2937
392 1386
393 2690
394 1396
395 1348
396 2425
397 691
398 2482
399 2797
400 1409
401 2472
402 1801
403 1411
404 678
405 1751
406 2459
407 2138
408 2373
409 206
410 1309
411 78
412 1987
413 2850
414 1732
415 1214
416 2425
417 99
418 2049
419 1676
420 2166
421 2509
422 472
423 212
424 2078
425 1167
426 637
427 355
428 2091
429 2444
430 2702
431 1075
432 285
433 787
434 2292
435 451
436 410
437 2625
438 1388
439 2514
440 1940
441 192
442 2391
443 1393
444 12
445 2645
446 929
447 2769
448 2986
449 680
450 2841
451 284
452 1093
453 1082
454 396
455 49
456 531
457 2083
458 1107
459 2649
460 164
461 1058
462 4
463 914
464 1483
465 2859
466 982
467 436
468 1711
469 554
470 1879
471 2412
472 2655
473 1773
474 1281
475 2933
476 1601
477 2942
478 131
479 251
480 281
481 1243
482 732
483 2817
484 892
485 1926
486 1852
487 2001
488 2921
489 2771
490 2381
491 2494
492 39
493 150
494 2729
495 2671
496 807
497 2018
498 680
499 2971
500 1328
501 520
502 1064
503 1922
504 2187
505 2995
506 2773
507 1504
508 1374
509 1644
510 1720
511 2257
512 131
513 1123
514 1230
515 619
516 564
517 2556
518 2520
519 2282
520 676
521 1352
522 1225
523 2
524 1710
525 1304
526 437
527 2623
528 1863
529 2393
530 586
531 2618
532 209
533 26
534 628
535 613
536 366
537 258
538 1684
539 1756
540 144
541 1602
542 227
543 2187
544 2637
545 1037
546 2724
547 2390
548 1497
549 2874
550 1099
551 1225
552 1226
553 2908
554 560
555 2709
556 1558
557 2593
558 2507
559 646
560 700
561 1828
562 2291
563 2122
564 563
565 835
566 2847
567 608
568 1231
569 1783
570 947
571 1012
572 1267
573 2575
574 2131
575 1783
576 2108
577 1535
578 2743
579 2515
580 534
581 1419
582 2666
583 633
584 2701
585 2950
586 1623
587 2688
588 2408
589 286
590 899
591 1580
592 2151
593 873
594 1682
595 681
596 1097
597 2178
598 2696
599 2855
600 2433
601 1295
602 1237
603 2078
604 995
605 2555
606 536
607 1677
608 878
609 1005
610 523
611 636
612 412
613 1459
614 1641
615 1667
616 964
617 1240
618 2940
619 1951
620 911
621 2863
622 1660
623 1088
624 955
625 828
626 223
627 2950
628 2104
629 1
630 62
631 692
632 64
633 1840
634 1182
635 726
636 640
637 2765
638 1078
639 2124
640 1388
641 2995
642 1725
643 451
644 2894
645 1752
646 1983
647 1527
648 861
649 2601
650 1707
651 314
652 568
653 2334
654 1942
655 1322
656 2257
657 1440
658 1182
659 2440
660 2422
661 2721
662 1675
663 500
664 1359
665 2767
666 2477
667 2421
668 1596

