410 72
0 2401
1 1071
2 2541
3 823
4 2105
5 2351
6 667
7 1292
8 2185
9 702
10 2315
11 1232
12 743
13 1540
14 562
15 2276
16 2154
17 975
18 2560
19 2483
20 2687
21 2505
22 2858
23 839
24 1328
25 35
26 2729
27 443
28 2087
29 1067
30 2337
31 1728
32 2785
33 3
34 292
35 1811
36 2263
37 2591
38 2397
39 1491
40 902
41 166
42 2810
43 1488
44 1353
45 919
46 1642
47 366
48 726
49 1742
50 1675
51 1341
52 2606
53 1956
54 795
55 2287
56 299
57 346
58 2805
59 659
60 1397
61 1617
62 491
63 1991
64 1427
65 1265
66 1603
67 945
68 1208
69 609
70 367
71 2559
72 2733
73 2558
74 272
75 697
76 2874
77 342
78 233
79 840
80 2512
81 1048
82 2227
83 2846
84 1754
85 413
86 29
87 1075
88 1419
89 112
90 1144
91 1715
92 177
93 1693
94 744
95 2259
96 1695
97 1847
98 1080
99 1129
100 2999
101 1787
102 1808
103 1328
104 2175
105 1090
106 1418
107 1687
108 1147
109 2136
110 2514
111 306
112 951
113 273
114 35
115 2366
116 707
117 2171
118 2384
119 1269
120 507
121 776
122 1785
123 685
124 297
125 1071
126 735
127 1484
128 2638
129 1154
130 1660
131 1114
132 2571
133 2172
134 608
135 1448
136 520
137 1356
138 2303
139 868
140 461
141 131
142 323
143 1688
144 158
145 832
146 4
147 1465
148 2914
149 210
150 1994
151 2759
152 1317
153 2535
154 243
155 396
156 1232
157 912
158 2063
159 76
160 183
161 728
162 637
163 1044
164 276
165 522
166 2388
167 367
168 2808
169 658
170 2375
171 1850
172 1450
173 585
174 1232
175 1629
176 685
177 172
178 81
179 240
180 2646
181 1084
182 888
183 546
184 1306
185 269
186 39
187 2940
188 2376
189 1983
190 783
191 653
192 2439
193 2823
194 2438
195 1664
196 654
197 2125
198 1718
199 2592
200 178
201 922
202 409
203 107
204 2067
205 248
206 702
207 990
208 763
209 2366
210 1611
211 2211
212 1638
213 1840
214 501
215 2036
216 819
217 806
218 1867
219 1931
220 1365
221 641
222 80
223 709
224 1341
225 392
226 2342
227 1841
228 2548
229 1658
230 328
231 1091
232 1048
233 351
234 463
235 2512
236 344
237 1588
238 2904
239 1080
240 1293
241 1295
242 1336
243 2808
244 202
245 2988
246 546
247 1559
248 292
249 539
250 1870
251 2407
252 12
253 1151
254 2868
255 1347
256 2347
257 999
258 592
259 429
260 2172
261 1061
262 1301
263 2780
264 1087
265 1012
266 1967
267 1556
268 162
269 1268
270 92
271 2405
272 2878
273 1093
274 744
275 2397
276 512
277 1276
278 678
279 2341
280 1323
281 1209
282 1648
283 2033
284 2360
285 1356
286 738
287 1654
288 376
289 1651
290 2771
291 2208
292 162
293 2351
294 1494
295 2035
296 2078
297 1595
298 45
299 2795
300 1968
301 1546
302 697
303 1051
304 2719
305 578
306 166
307 84
308 120
309 1844
310 1230
311 2936
312 2646
313 2063
314 1466
315 2909
316 596
317 669
318 2193
319 1464
320 883
321 2166
322 1880
323 1342
324 1592
325 1598
326 1876
327 2065
328 215
329 1764
330 2163
331 946
332 875
333 2121
334 1505
335 2577
336 2210
337 1935
338 542
339 1121
340 45
341 829
342 120
343 1765
344 2993
345 910
346 1566
347 777
348 524
349 36
350 2181
351 2128
352 1649
353 2526
354 2867
355 817
356 678
357 59
358 642
359 2990
360 1395
361 1236
362 2081
363 188
364 438
365 653
366 2185
367 2305
368 2476
369 1664
370 1852
371 2343
372 2452
373 1137
374 2509
375 2064
376 656
377 2923
378 858
379 534
380 1599
381 1317
382 2849
383 981
384 991
385 404
386 1216
387 2673
388 1846
389 1527
390 1182
391 243
392 128
393 806
394 700
395 2056
396 2605
397 404
398 776
399 388
400 565
401 2622
402 1365
403 962
404 1690
405 2721
406 946
407 663
408 2139
409 2116

