566 1
0 2680
1 2979
2 1490
3 1690
4 2404
5 2724
6 1291
7 1708
8 2585
9 780
10 1098
11 537
12 2555
13 96
14 184
15 2890
16 2109
17 587
18 2709
19 1500
20 2290
21 2332
22 1
23 557
24 1317
25 92
26 2207
27 949
28 2983
29 2980
30 464
31 739
32 2063
33 2264
34 552
35 312
36 2845
37 1518
38 1308
39 1128
40 2664
41 896
42 1676
43 2961
44 2916
45 2151
46 1198
47 1396
48 2139
49 1822
50 1830
51 2270
52 220
53 1437
54 2752
55 131
56 1597
57 148
58 2723
59 391
60 198
61 1473
62 239
63 640
64 262
65 691
66 123
67 1800
68 2438
69 1414
70 2698
71 2097
72 3000
73 1178
74 353
75 2173
76 2066
77 2154
78 1467
79 865
80 2842
81 1598
82 1727
83 1322
84 778
85 2563
86 1260
87 958
88 200
89 215
90 1432
91 392
92 923
93 243
94 563
95 2572
96 1562
97 2061
98 2891
99 2309
100 290
101 2035
102 794
103 2293
104 1836
105 1942
106 2742
107 42
108 1470
109 1654
110 1661
111 1693
112 2585
113 1439
114 594
115 2249
116 489
117 1145
118 2522
119 920
120 2157
121 334
122 1521
123 2735
124 368
125 2734
126 84
127 2963
128 2435
129 1588
130 515
131 524
132 2712
133 1824
134 1609
135 2258
136 818
137 2873
138 535
139 1202
140 488
141 1224
142 2440
143 2982
144 2810
145 511
146 2488
147 2114
148 157
149 1252
150 2740
151 2733
152 206
153 595
154 1008
155 2154
156 769
157 2753
158 2263
159 1558
160 1220
161 257
162 1353
163 51
164 292
165 1914
166 777
167 846
168 1797
169 2616
170 1048
171 762
172 261
173 2977
174 1642
175 2042
176 973
177 1257
178 1330
179 2094
180 74
181 2519
182 1174
183 527
184 170
185 2224
186 891
187 775
188 55
189 1583
190 804
191 2644
192 237
193 560
194 931
195 2787
196 912
197 1676
198 2784
199 931
200 2322
201 1265
202 1708
203 301
204 1787
205 1162
206 607
207 1861
208 925
209 767
210 2320
211 249
212 2908
213 2695
214 71
215 1079
216 1782
217 1664
218 1815
219 1151
220 327
221 414
222 970
223 2455
224 1979
225 833
226 1709
227 1560
228 2492
229 2454
230 1969
231 2263
232 408
233 2194
234 444
235 425
236 1130
237 677
238 2438
239 2829
240 2625
241 2594
242 1964
243 997
244 394
245 1034
246 1560
247 1336
248 1778
249 779
250 1076
251 2349
252 1034
253 2966
254 2248
255 26
256 1191
257 1182
258 360
259 356
260 87
261 2707
262 791
263 1940
264 2438
265 2301
266 890
267 459
268 20
269 2626
270 2434
271 587
272 1841
273 1576
274 909
275 1493
276 1390
277 366
278 404
279 2190
280 1206
281 1827
282 2572
283 2175
284 628
285 2590
286 1116
287 178
288 761
289 2452
290 2134
291 2935
292 2647
293 199
294 1529
295 146
296 1073
297 2810
298 2755
299 2148
300 2207
301 2785
302 269
303 175
304 1594
305 1161
306 1632
307 1518
308 941
309 1832
310 1021
311 2194
312 1905
313 2664
314 404
315 2645
316 2740
317 586
318 996
319 503
320 1455
321 359
322 1706
323 1433
324 47
325 727
326 975
327 2492
328 1129
329 1472
330 1520
331 967
332 163
333 2036
334 1423
335 336
336 2451
337 1722
338 2649
339 2694
340 1852
341 1388
342 511
343 240
344 886
345 1300
346 1178
347 1459
348 1208
349 494
350 2094
351 1797
352 2310
353 2204
354 2128
355 2686
356 1700
357 1959
358 805
359 1549
360 1257
361 2240
362 627
363 731
364 1735
365 2616
366 1998
367 460
368 2129
369 2813
370 2209
371 1694
372 1389
373 1070
374 1195
375 2353
376 59
377 915
378 1559
379 2214
380 2162
381 1609
382 1303
383 1237
384 643
385 1974
386 1411
387 2324
388 2944
389 2925
390 712
391 147
392 2234
393 2071
394 1376
395 1563
396 45
397 1188
398 2678
399 22
400 813
401 2931
402 2359
403 856
404 326
405 1738
406 36
407 2763
408 2053
409 525
410 2781
411 869
412 2632
413 1591
414 2962
415 2611
416 1424
417 2148
418 409
419 47
420 356
421 130
422 652
423 1719
424 1946
425 1364
426 667
427 13
428 1615
429 227
430 1336
431 2378
432 641
433 798
434 2613
435 1508
436 137
437 1285
438 995
439 218
440 820
441 2101
442 1193
443 2069
444 2759
445 74
446 1657
447 2879
448 1732
449 2264
450 149
451 1222
452 1412
453 2067
454 647
455 2469
456 2935
457 944
458 2174
459 238
460 2317
461 2707
462 2745
463 2894
464 177
465 1889
466 145
467 2269
468 676
469 1592
470 2803
471 1855
472 685
473 2703
474 1495
475 2561
476 47
477 111
478 2169
479 1235
480 1628
481 1775
482 1651
483 832
484 2219
485 67
486 535
487 2184
488 2175
489 1267
490 2347
491 1532
492 381
493 1074
494 2870
495 2313
496 2863
497 2476
498 1866
499 2332
500 19
501 718
502 1628
503 2565
504 1441
505 1451
506 1282
507 1668
508 322
509 223
510 1482
511 2102
512 2518
513 1103
514 684
515 2531
516 1940
517 2261
518 2755
519 1018
520 1797
521 177
522 391
523 2933
524 2710
525 2409
526 735
527 1650
528 505
529 2839
530 855
531 259
532 785
533 1595
534 836
535 1346
536 2235
537 1076
538 2235
539 2041
540 2517
541 2535
542 39
543 2136
544 414
545 1637
546 10
547 2628
548 313
549 2800
550 513
551 508
552 2095
553 2864
554 197
555 805
556 399
557 1696
558 1720
559 33
560 1639
561 2507
562 228
563 1611
564 277
565 473

