797 68
0 2544
1 1783
2 2090
3 2487
4 2032
5 1969
6 2761
7 1809
8 279
9 2921
10 82
11 1765
12 1873
13 75
14 1912
15 1958
16 1686
17 262
18 1373
19 2500
20 130
21 1144
22 2393
23 2157
24 2596
25 1347
26 740
27 2980
28 455
29 152
30 1223
31 425
32 1162
33 7
34 507
35 2282
36 2753
37 601
38 2781
39 2576
40 2067
41 2660
42 841
43 1451
44 2130
45 1226
46 891
47 1011
48 896
49 2834
50 907
51 192
52 316
53 122
54 954
55 1561
56 1330
57 400
58 2583
59 575
60 75
61 2199
62 1840
63 753
64 2568
65 2599
66 1653
67 1133
68 1616
69 2358
70 7
71 2400
72 2969
73 1567
74 1628
75 452
76 961
77 623
78 948
79 1440
80 766
81 1398
82 2227
83 2579
84 313
85 1602
86 53
87 1209
88 2283
89 2683
90 1369
91 2278
92 1371
93 2390
94 1536
95 2635
96 381
97 2722
98 118
99 116
100 462
101 435
102 511
103 60
104 2316
105 102
106 166
107 533
108 1249
109 1341
110 2905
111 2169
112 1065
113 2923
114 1685
115 438
116 1424
117 2204
118 440
119 2152
120 863
121 1241
122 2879
123 1086
124 1801
125 815
126 2929
127 2019
128 2213
129 1872
130 590
131 1518
132 364
133 2200
134 1974
135 2048
136 1264
137 98
138 650
139 2226
140 2417
141 1848
142 2920
143 1583
144 1700
145 1410
146 2718
147 1281
148 1698
149 472
150 913
151 1678
152 1988
153 2583
154 2140
155 2115
156 464
157 663
158 2455
159 2307
160 559
161 1601
162 536
163 1026
164 187
165 1086
166 2947
167 733
168 1974
169 843
170 2546
171 1613
172 2276
173 1578
174 1720
175 2434
176 525
177 549
178 2438
179 2828
180 2839
181 2005
182 1249
183 1548
184 2407
185 1673
186 1576
187 279
188 1448
189 439
190 1267
191 2556
192 2172
193 2404
194 410
195 1301
196 433
197 2114
198 255
199 984
200 189
201 1739
202 739
203 1402
204 2081
205 889
206 1800
207 2493
208 130
209 705
210 415
211 2334
212 2701
213 1127
214 2238
215 74
216 1817
217 1678
218 15
219 2389
220 2537
221 890
222 2422
223 1935
224 1096
225 505
226 967
227 1114
228 843
229 692
230 1948
231 2800
232 579
233 2750
234 1038
235 736
236 2199
237 1153
238 1104
239 1849
240 2767
241 2506
242 2853
243 1750
244 879
245 2335
246 1296
247 1611
248 2099
249 2913
250 2779
251 961
252 9
253 1147
254 2944
255 901
256 2064
257 2457
258 2217
259 80
260 681
261 117
262 15
263 1377
264 2953
265 2333
266 543
267 2962
268 1962
269 498
270 84
271 951
272 1078
273 127
274 2644
275 48
276 2049
277 1185
278 2439
279 2402
280 863
281 148
282 2395
283 2234
284 2071
285 2697
286 2544
287 2102
288 308
289 1808
290 2555
291 94
292 603
293 1429
294 2875
295 2178
296 1947
297 305
298 2418
299 628
300 326
301 780
302 1580
303 1982
304 2177
305 2202
306 2103
307 938
308 2296
309 2073
310 1918
311 2370
312 941
313 2238
314 800
315 173
316 2317
317 1291
318 932
319 680
320 128
321 375
322 1569
323 887
324 2975
325 165
326 1290
327 698
328 2009
329 2766
330 1622
331 379
332 2672
333 29
334 2245
335 1606
336 2019
337 1540
338 2407
339 1284
340 1334
341 934
342 1782
343 251
344 453
345 970
346 1124
347 1368
348 2559
349 473
350 2117
351 953
352 1107
353 660
354 556
355 446
356 299
357 2366
358 721
359 2032
360 2531
361 578
362 2300
363 1822
364 1598
365 2784
366 2453
367 2314
368 2480
369 2574
370 2892
371 2698
372 2325
373 2246
374 1982
375 488
376 607
377 2901
378 1027
379 82
380 1400
381 2143
382 1365
383 915
384 239
385 2400
386 1784
387 2876
388 348
389 1437
390 2323
391 1069
392 600
393 1540
394 197
395 253
396 1412
397 2696
398 2426
399 484
400 336
401 1377
402 1948
403 1732
404 2029
405 1988
406 1400
407 28
408 1587
409 1759
410 1317
411 2038
412 1146
413 477
414 1208
415 2538
416 2065
417 753
418 2067
419 330
420 1909
421 2985
422 592
423 696
424 2751
425 1342
426 465
427 2102
428 1928
429 2129
430 1301
431 840
432 2475
433 2844
434 602
435 1693
436 584
437 1006
438 2437
439 2862
440 163
441 317
442 639
443 1321
444 2564
445 2490
446 1915
447 1605
448 2194
449 1625
450 2599
451 341
452 1623
453 698
454 609
455 274
456 760
457 576
458 971
459 2147
460 852
461 786
462 2475
463 2751
464 947
465 2516
466 2157
467 248
468 2139
469 1836
470 747
471 1958
472 155
473 1225
474 615
475 1327
476 2747
477 2919
478 329
479 1170
480 334
481 1363
482 2759
483 855
484 4
485 2392
486 668
487 953
488 944
489 498
490 1912
491 2920
492 683
493 203
494 674
495 2900
496 1017
497 2910
498 2455
499 1508
500 1389
501 954
502 2918
503 2340
504 247
505 1087
506 978
507 1796
508 2351
509 2620
510 2825
511 2037
512 858
513 1482
514 1894
515 2691
516 2452
517 2991
518 1425
519 1896
520 1707
521 1595
522 659
523 2077
524 1226
525 1378
526 1723
527 2510
528 390
529 2611
530 1362
531 230
532 2894
533 930
534 1758
535 2709
536 2577
537 2593
538 969
539 2165
540 119
541 1653
542 1218
543 1557
544 2524
545 624
546 2986
547 1468
548 1562
549 151
550 2397
551 261
552 1077
553 1380
554 551
555 240
556 2831
557 2745
558 1369
559 1078
560 410
561 1197
562 119
563 137
564 1199
565 2609
566 727
567 546
568 1408
569 2264
570 1172
571 215
572 2938
573 620
574 2818
575 1960
576 2556
577 1351
578 1921
579 2704
580 1511
581 2730
582 2781
583 1531
584 2018
585 947
586 753
587 2072
588 488
589 219
590 2016
591 701
592 224
593 917
594 2038
595 1379
596 1910
597 2891
598 1020
599 2349
600 1922
601 2849
602 336
603 2345
604 84
605 1907
606 708
607 1753
608 1964
609 1149
610 494
611 2108
612 503
613 1933
614 1419
615 1143
616 1699
617 1159
618 195
619 2264
620 528
621 1015
622 2852
623 2284
624 1086
625 595
626 1753
627 250
628 990
629 2654
630 2639
631 175
632 1893
633 126
634 2835
635 1036
636 2921
637 133
638 2015
639 2749
640 1338
641 2915
642 665
643 1584
644 2155
645 733
646 2808
647 1492
648 1466
649 471
650 2466
651 2366
652 21
653 1922
654 1176
655 1261
656 2055
657 146
658 1599
659 711
660 578
661 1082
662 848
663 1023
664 295
665 1121
666 2891
667 2010
668 1962
669 606
670 746
671 1956
672 919
673 1841
674 931
675 2851
676 2752
677 2119
678 809
679 2288
680 2454
681 2308
682 2245
683 977
684 1370
685 1518
686 517
687 469
688 100
689 1306
690 516
691 1768
692 1551
693 1196
694 2214
695 1618
696 2322
697 884
698 2514
699 758
700 938
701 1267
702 2151
703 1660
704 2372
705 1087
706 2904
707 2773
708 2604
709 328
710 628
711 1698
712 2795
713 428
714 2635
715 2558
716 2532
717 820
718 1562
719 1527
720 1881
721 1224
722 1610
723 1802
724 1212
725 2167
726 2493
727 2563
728 1945
729 1676
730 784
731 2942
732 1329
733 1868
734 2336
735 943
736 2853
737 2565
738 435
739 36
740 2711
741 1484
742 2387
743 1896
744 2481
745 1319
746 612
747 930
748 595
749 2791
750 2351
751 1001
752 1778
753 237
754 2798
755 113
756 609
757 1110
758 1163
759 1173
760 2159
761 1723
762 1838
763 1694
764 905
765 2558
766 2062
767 1946
768 988
769 1001
770 2663
771 71
772 2697
773 2101
774 558
775 2472
776 820
777 551
778 957
779 404
780 2759
781 1882
782 189
783 1983
784 2843
785 2932
786 1500
787 361
788 2406
789 804
790 2193
791 753
792 818
793 314
794 863
795 2868
796 1680

