184 2
0 2164
1 1477
2 1849
3 1811
4 585
5 940
6 1953
7 1424
8 2979
9 130
10 497
11 846
12 1070
13 1407
14 2022
15 2159
16 52
17 2978
18 1314
19 1124
20 1099
21 2435
22 1340
23 263
24 2015
25 1087
26 933
27 161
28 345
29 1750
30 1200
31 403
32 2585
33 2158
34 891
35 2889
36 1438
37 2720
38 262
39 2792
40 1004
41 2512
42 2804
43 1984
44 443
45 153
46 1073
47 881
48 24
49 1566
50 2739
51 2278
52 322
53 1201
54 2640
55 2542
56 2502
57 2459
58 1426
59 2783
60 2784
61 198
62 152
63 312
64 2379
65 1232
66 2852
67 2244
68 186
69 1208
70 2525
71 1667
72 1002
73 1080
74 643
75 468
76 825
77 2582
78 2089
79 2521
80 2158
81 2075
82 1844
83 2944
84 1808
85 1257
86 1186
87 1050
88 574
89 1692
90 951
91 489
92 634
93 2386
94 1507
95 2372
96 1430
97 253
98 2919
99 1449
100 2792
101 926
102 2885
103 2057
104 2751
105 2141
106 1644
107 600
108 764
109 2177
110 1559
111 117
112 1778
113 1416
114 2147
115 178
116 263
117 94
118 2065
119 1091
120 477
121 1011
122 784
123 2127
124 1495
125 2424
126 531
127 482
128 224
129 1120
130 578
131 1794
132 108
133 1140
134 1960
135 2631
136 2185
137 721
138 1725
139 2373
140 63
141 1217
142 811
143 2718
144 1902
145 2035
146 1870
147 1619
148 2037
149 1000
150 2222
151 505
152 1961
153 2525
154 2293
155 2667
156 2126
157 320
158 2752
159 152
160 1678
161 418
162 389
163 1787
164 1982
165 2004
166 1960
167 1809
168 1325
169 2978
170 29
171 2702
172 2002
173 1078
174 2241
175 2684
176 1874
177 512
178 268
179 1849
180 2274
181 2936
182 719
183 972

