584 0
0 1732
1 777
2 2055
3 1367
4 2443
5 1719
6 2094
7 2440
8 1526
9 1175
10 2142
11 1881
12 2180
13 2904
14 2550
15 2747
16 2057
17 1499
18 344
19 2475
20 2518
21 693
22 1660
23 1689
24 276
25 18
26 956
27 1803
28 2298
29 522
30 2996
31 2845
32 2925
33 420
34 1410
35 2581
36 2878
37 2237
38 848
39 602
40 508
41 2367
42 2140
43 2870
44 679
45 1025
46 2826
47 249
48 612
49 924
50 1267
51 1972
52 1408
53 1493
54 2985
55 328
56 1137
57 698
58 34
59 1048
60 1731
61 372
62 1481
63 594
64 1583
65 1583
66 1709
67 1319
68 1164
69 175
70 2897
71 705
72 2435
73 190
74 2547
75 126
76 1596
77 1986
78 176
79 2643
80 1041
81 1909
82 2722
83 2757
84 941
85 898
86 279
87 2249
88 703
89 1546
90 2602
91 513
92 858
93 867
94 2349
95 1440
96 1469
97 1413
98 2855
99 2511
100 2464
101 341
102 2568
103 2920
104 293
105 550
106 800
107 1582
108 2168
109 2018
110 1410
111 1531
112 404
113 974
114 2830
115 1590
116 1708
117 64
118 2667
119 1098
120 1305
121 1183
122 2644
123 1875
124 2798
125 182
126 1342
127 255
128 248
129 2494
130 892
131 128
132 1023
133 1381
134 1490
135 2920
136 2140
137 902
138 391
139 662
140 2982
141 1890
142 2509
143 1265
144 22
145 2604
146 786
147 1479
148 468
149 1257
150 1296
151 544
152 78
153 1286
154 575
155 1210
156 1277
157 2861
158 2104
159 2471
160 467
161 2841
162 2601
163 761
164 2775
165 2687
166 2973
167 2282
168 2658
169 348
170 799
171 2757
172 139
173 37
174 126
175 1277
176 2167
177 2702
178 2427
179 2528
180 934
181 900
182 2044
183 1975
184 32
185 670
186 911
187 1410
188 2423
189 314
190 2577
191 393
192 865
193 170
194 241
195 1024
196 2892
197 2624
198 1445
199 844
200 2736
201 2990
202 1202
203 184
204 550
205 471
206 1877
207 2425
208 931
209 1707
210 2080
211 2263
212 786
213 2463
214 1673
215 112
216 207
217 637
218 1007
219 1507
220 1052
221 2884
222 516
223 2127
224 2518
225 2369
226 1596
227 445
228 995
229 2782
230 2464
231 192
232 558
233 874
234 437
235 1194
236 2897
237 441
238 1522
239 424
240 1133
241 2609
242 921
243 2628
244 1621
245 2382
246 1469
247 920
248 1287
249 2587
250 2426
251 1029
252 664
253 593
254 890
255 530
256 1750
257 918
258 1936
259 202
260 1072
261 1181
262 1636
263 2322
264 2348
265 1223
266 2815
267 1138
268 323
269 1579
270 1444
271 1419
272 2152
273 2028
274 600
275 1515
276 477
277 1654
278 889
279 104
280 2528
281 2593
282 1144
283 2226
284 559
285 168
286 94
287 1494
288 2910
289 2984
290 129
291 2962
292 627
293 320
294 1118
295 1402
296 688
297 545
298 2085
299 1851
300 921
301 365
302 1038
303 2898
304 506
305 1004
306 2894
307 1086
308 390
309 2868
310 1595
311 2875
312 516
313 2204
314 2775
315 921
316 1925
317 1263
318 202
319 1850
320 1839
321 54
322 816
323 737
324 1280
325 2415
326 1880
327 1240
328 606
329 554
330 2355
331 303
332 2452
333 1015
334 730
335 861
336 2115
337 418
338 114
339 715
340 807
341 704
342 1390
343 150
344 1888
345 2179
346 1830
347 52
348 556
349 864
350 431
351 1736
352 333
353 1792
354 209
355 1611
356 1948
357 2689
358 1337
359 1819
360 365
361 2897
362 2467
363 2558
364 1728
365 1896
366 1729
367 1277
368 96
369 843
370 2362
371 1146
372 681
373 57
374 1590
375 1431
376 1179
377 2060
378 947
379 1123
380 1997
381 1389
382 1683
383 1863
384 284
385 286
386 2766
387 728
388 2802
389 141
390 2918
391 2394
392 987
393 840
394 1539
395 1980
396 1579
397 450
398 1952
399 1263
400 1725
401 2908
402 843
403 350
404 2629
405 96
406 2577
407 1762
408 2985
409 938
410 1120
411 1648
412 1770
413 2456
414 2135
415 1943
416 401
417 636
418 1589
419 2407
420 1734
421 2250
422 884
423 1566
424 960
425 2892
426 2157
427 1956
428 2356
429 2422
430 2640
431 2667
432 690
433 1267
434 2656
435 1018
436 2922
437 2578
438 2112
439 327
440 1754
441 338
442 861
443 439
444 141
445 1874
446 2425
447 1181
448 2081
449 2804
450 1038
451 1017
452 2837
453 2359
454 627
455 2866
456 1817
457 621
458 2020
459 2287
460 811
461 847
462 2987
463 2951
464 2598
465 707
466 218
467 2049
468 2478
469 390
470 232
471 633
472 967
473 925
474 1802
475 1685
476 653
477 2346
478 1632
479 545
480 2949
481 768
482 2383
483 2426
484 1753
485 263
486 1238
487 404
488 2807
489 681
490 1537
491 192
492 1738
493 2530
494 149
495 295
496 1538
497 1196
498 896
499 1729
500 1594
501 106
502 1509
503 1848
504 769
505 1459
506 1829
507 1819
508 1473
509 2903
510 1220
511 267
512 930
513 2462
514 335
515 1768
516 1294
517 1864
518 1480
519 1889
520 2650
521 2377
522 865
523 272
524 1550
525 682
526 893
527 2124
528 2113
529 871
530 2165
531 2762
532 1831
533 439
534 349
535 2138
536 673
537 646
538 924
539 2458
540 2567
541 640
542 128
543 2390
544 2883
545 2929
546 292
547 2084
548 2792
549 1731
550 863
551 454
552 2729
553 1396
554 1321
555 1906
556 14
557 681
558 720
559 717
560 724
561 266
562 1488
563 1457
564 2307
565 2459
566 664
567 2166
568 753
569 1183
570 1400
571 351
572 628
573 2178
574 2286
575 1210
576 79
577 1374
578 99
579 1633
580 1657
581 2104
582 197
583 1946

