153 30
0 296
1 2938
2 1918
3 2575
4 1214
5 1073
6 2656
7 753
8 889
9 350
10 784
11 2585
12 2808
13 1750
14 2642
15 2662
16 1739
17 658
18 1632
19 1453
20 1803
21 2913
22 1078
23 2313
24 596
25 2602
26 1301
27 1070
28 683
29 232
30 174
31 1775
32 459
33 1668
34 479
35 2874
36 1334
37 31
38 2430
39 1473
40 2805
41 2068
42 2671
43 2621
44 2595
45 517
46 1223
47 1353
48 2497
49 2096
50 1848
51 881
52 596
53 2810
54 2703
55 748
56 2503
57 1484
58 589
59 1174
60 398
61 2658
62 2927
63 1537
64 229
65 1259
66 173
67 1518
68 2955
69 2963
70 669
71 1592
72 2218
73 1331
74 1653
75 1733
76 651
77 1571
78 2459
79 1537
80 1805
81 2508
82 1609
83 2276
84 328
85 1284
86 861
87 2814
88 1832
89 818
90 2834
91 957
92 441
93 1480
94 2169
95 1139
96 693
97 2269
98 136
99 1698
100 2948
101 2124
102 2852
103 1229
104 679
105 889
106 2134
107 2739
108 1679
109 2359
110 754
111 1634
112 2804
113 838
114 2684
115 1155
116 1793
117 2291
118 1967
119 2282
120 1127
121 1101
122 1159
123 1670
124 1635
125 2309
126 1076
127 2316
128 1277
129 1535
130 1170
131 639
132 606
133 2676
134 1777
135 735
136 1873
137 3000
138 1666
139 1658
140 2620
141 675
142 2746
143 313
144 1315
145 491
146 2133
147 705
148 276
149 215
150 2765
151 2725
152 2817

