427 87
0 1336
1 392
2 1734
3 762
4 2938
5 1005
6 2274
7 212
8 162
9 1983
10 845
11 567
12 1196
13 1517
14 1491
15 1944
16 1247
17 1585
18 433
19 1350
20 2782
21 916
22 1987
23 2991
24 348
25 1204
26 885
27 205
28 529
29 204
30 2783
31 1912
32 2732
33 979
34 2020
35 1483
36 2446
37 1189
38 1518
39 1599
40 1362
41 1621
42 2588
43 857
44 1133
45 1863
46 2169
47 1838
48 611
49 846
50 1932
51 1749
52 1645
53 2074
54 910
55 2469
56 1395
57 2788
58 743
59 428
60 819
61 2656
62 1677
63 1604
64 2439
65 436
66 1809
67 2964
68 1092
69 2781
70 22
71 463
72 494
73 1900
74 1557
75 2546
76 95
77 1774
78 960
79 1702
80 954
81 747
82 925
83 2649
84 1142
85 1980
86 1269
87 2330
88 988
89 672
90 1451
91 1494
92 1227
93 233
94 2418
95 983
96 104
97 1588
98 1761
99 2392
100 2707
101 1214
102 2402
103 812
104 873
105 245
106 2876
107 2888
108 1589
109 2491
110 900
111 2498
112 564
113 479
114 653
115 505
116 2548
117 701
118 1646
119 767
120 738
121 2235
122 2791
123 744
124 157
125 1498
126 2522
127 1391
128 1930
129 451
130 1225
131 2897
132 1980
133 2601
134 264
135 1513
136 1927
137 0
138 2110
139 1802
140 2242
141 2438
142 2833
143 1122
144 2133
145 2549
146 856
147 308
148 188
149 2824
150 1080
151 1998
152 2428
153 23
154 1030
155 1243
156 2710
157 1429
158 859
159 2428
160 1362
161 2216
162 2657
163 2665
164 1494
165 1627
166 1269
167 873
168 2020
169 2399
170 1825
171 1871
172 2967
173 2972
174 2170
175 838
176 1998
177 441
178 2505
179 545
180 2019
181 2166
182 107
183 2436
184 1930
185 1195
186 683
187 6
188 205
189 1428
190 1384
191 303
192 1066
193 589
194 2971
195 2647
196 1880
197 790
198 1378
199 853
200 2593
201 1542
202 193
203 365
204 1277
205 11
206 2643
207 2591
208 1006
209 1777
210 1414
211 989
212 1058
213 1163
214 1113
215 2899
216 782
217 1786
218 492
219 1721
220 450
221 68
222 2738
223 2049
224 830
225 1352
226 898
227 2818
228 204
229 1525
230 2641
231 2919
232 2589
233 71
234 2524
235 330
236 1740
237 2302
238 201
239 206
240 979
241 1168
242 689
243 302
244 998
245 287
246 2126
247 2697
248 20
249 1293
250 2875
251 2587
252 2633
253 1675
254 431
255 1838
256 1259
257 1347
258 810
259 2701
260 377
261 858
262 2522
263 187
264 1104
265 2884
266 1048
267 211
268 1912
269 2564
270 2360
271 151
272 2554
273 842
274 2702
275 2864
276 2522
277 458
278 267
279 2232
280 1034
281 884
282 2642
283 1832
284 244
285 41
286 2569
287 2395
288 1931
289 641
290 1088
291 1598
292 493
293 2399
294 1894
295 562
296 1438
297 1266
298 2845
299 2055
300 2864
301 2870
302 268
303 362
304 183
305 407
306 356
307 718
308 70
309 2462
310 1603
311 1451
312 2895
313 2966
314 1454
315 2603
316 2954
317 81
318 1869
319 372
320 2318
321 724
322 1500
323 731
324 2042
325 964
326 2750
327 53
328 1003
329 2993
330 2440
331 2297
332 2410
333 431
334 2735
335 437
336 2484
337 389
338 768
339 2884
340 554
341 2777
342 1182
343 1275
344 1466
345 2916
346 330
347 185
348 2396
349 904
350 1488
351 192
352 1991
353 1784
354 904
355 1240
356 1980
357 2793
358 1145
359 691
360 1905
361 575
362 346
363 2252
364 2680
365 1523
366 1663
367 2579
368 2860
369 1804
370 2495
371 1589
372 1608
373 1271
374 1697
375 2696
376 233
377 2749
378 2200
379 2338
380 2939
381 391
382 224
383 131
384 168
385 1354
386 447
387 1010
388 2874
389 1988
390 1633
391 1949
392 1465
393 2913
394 2443
395 1561
396 64
397 2652
398 1040
399 1013
400 1086
401 2326
402 391
403 2767
404 43
405 823
406 2503
407 473
408 2891
409 946
410 1755
411 1021
412 2184
413 99
414 1157
415 202
416 2068
417 870
418 2749
419 2995
420 1958
421 2323
422 2747
423 278
424 1568
425 1741
426 163

