228 0
0 200
1 1116
2 2579
3 200
4 2987
5 618
6 2821
7 1320
8 1679
9 13
10 2050
11 2582
12 2562
13 1999
14 2494
15 2447
16 2083
17 9
18 2775
19 2453
20 2423
21 552
22 1609
23 2194
24 231
25 575
26 580
27 1595
28 2218
29 1417
30 418
31 199
32 1495
33 1522
34 679
35 906
36 1310
37 484
38 1585
39 1850
40 199
41 1297
42 260
43 2603
44 735
45 1591
46 2216
47 59
48 1262
49 754
50 2352
51 1182
52 387
53 1940
54 633
55 2143
56 2150
57 315
58 68
59 1511
60 508
61 285
62 2142
63 1912
64 528
65 2760
66 1124
67 1089
68 1430
69 420
70 688
71 2416
72 2258
73 2297
74 289
75 1823
76 557
77 717
78 2206
79 1741
80 850
81 1924
82 2786
83 733
84 2494
85 1278
86 712
87 1828
88 1222
89 1291
90 1738
91 1242
92 2206
93 1624
94 2091
95 1074
96 228
97 1264
98 738
99 606
100 945
101 670
102 685
103 1362
104 1602
105 12
106 2429
107 905
108 2153
109 2884
110 2611
111 2816
112 1412
113 2148
114 2063
115 691
116 1086
117 2045
118 1039
119 1104
120 228
121 151
122 1145
123 1656
124 2989
125 708
126 531
127 1057
128 2551
129 1931
130 2400
131 667
132 876
133 2186
134 1169
135 550
136 1674
137 2356
138 1191
139 1126
140 2975
141 194
142 2071
143 74
144 921
145 270
146 576
147 2650
148 2889
149 2898
150 682
151 193
152 2683
153 2858
154 2417
155 2190
156 593
157 419
158 2779
159 2323
160 840
161 1012
162 2666
163 1641
164 1015
165 2631
166 1819
167 375
168 2723
169 2171
170 1704
171 1776
172 2142
173 2723
174 2622
175 2535
176 1399
177 575
178 2386
179 2017
180 719
181 2959
182 156
183 2597
184 380
185 103
186 2701
187 2421
188 2091
189 937
190 1621
191 2944
192 2531
193 774
194 255
195 862
196 2554
197 594
198 2381
199 2246
200 2993
201 2049
202 2470
203 1954
204 1121
205 2258
206 1849
207 1147
208 1630
209 394
210 1599
211 400
212 2807
213 1268
214 1884
215 2738
216 2808
217 54
218 6
219 225
220 2795
221 413
222 251
223 2381
224 258
225 2215
226 1286
227 891

