905 29
0 527
1 1058
2 1165
3 2107
4 375
5 107
6 793
7 2558
8 1887
9 1938
10 2920
11 2530
12 2441
13 12
14 1496
15 2831
16 2879
17 225
18 936
19 2664
20 347
21 2313
22 1328
23 141
24 717
25 207
26 421
27 2502
28 1989
29 1200
30 1914
31 884
32 230
33 2630
34 1348
35 2639
36 920
37 2244
38 405
39 1751
40 539
41 207
42 2403
43 2196
44 2578
45 2144
46 2555
47 1925
48 709
49 2642
50 1922
51 1
52 623
53 2715
54 1619
55 1706
56 1026
57 2899
58 861
59 2966
60 39
61 1595
62 1806
63 1530
64 2232
65 2062
66 417
67 611
68 938
69 11
70 1309
71 2587
72 716
73 931
74 2537
75 98
76 385
77 672
78 958
79 1817
80 987
81 1159
82 2101
83 2691
84 1407
85 1144
86 777
87 2176
88 2717
89 2907
90 2463
91 2551
92 655
93 1093
94 2751
95 2329
96 671
97 1974
98 236
99 1972
100 36
101 2031
102 1582
103 1184
104 1
105 455
106 161
107 2377
108 770
109 263
110 2445
111 2205
112 2176
113 1821
114 1196
115 1279
116 2503
117 2236
118 1586
119 493
120 1923
121 1359
122 840
123 1804
124 1048
125 2403
126 903
127 436
128 2658
129 1287
130 534
131 901
132 2083
133 705
134 894
135 271
136 589
137 404
138 519
139 1120
140 1553
141 2792
142 1771
143 1563
144 98
145 1245
146 1835
147 1777
148 1458
149 1554
150 1740
151 2415
152 2905
153 1864
154 2676
155 2150
156 1805
157 2895
158 756
159 61
160 1531
161 442
162 2013
163 2478
164 412
165 1203
166 2281
167 2296
168 1094
169 763
170 1771
171 488
172 1632
173 918
174 2576
175 2495
176 2077
177 625
178 2399
179 1252
180 2582
181 1589
182 169
183 2248
184 906
185 95
186 1146
187 865
188 542
189 2747
190 2504
191 185
192 683
193 2058
194 2267
195 1669
196 1721
197 2559
198 682
199 2519
200 1418
201 2
202 1231
203 1074
204 1705
205 1446
206 1486
207 288
208 1696
209 2483
210 1164
211 393
212 2577
213 2161
214 1590
215 1779
216 2784
217 406
218 1446
219 2247
220 2020
221 2765
222 1260
223 1044
224 2728
225 2243
226 963
227 1494
228 2650
229 881
230 476
231 1729
232 2607
233 362
234 1440
235 2963
236 2706
237 1764
238 2146
239 2884
240 1197
241 1248
242 1491
243 134
244 2978
245 2840
246 528
247 1011
248 2806
249 1914
250 2526
251 715
252 2656
253 1212
254 1689
255 234
256 2864
257 1
258 567
259 17
260 506
261 1003
262 1482
263 2319
264 1041
265 1426
266 752
267 1491
268 977
269 2715
270 1037
271 2164
272 44
273 2557
274 1498
275 2851
276 305
277 480
278 2112
279 1500
280 2730
281 2477
282 214
283 1804
284 381
285 1974
286 2661
287 2358
288 1009
289 66
290 235
291 1155
292 1795
293 2533
294 1552
295 2351
296 2868
297 1132
298 2681
299 1402
300 601
301 53
302 2151
303 1353
304 1253
305 1920
306 692
307 1434
308 1313
309 2874
310 1138
311 2470
312 2629
313 193
314 228
315 2417
316 202
317 2146
318 1340
319 669
320 1634
321 517
322 2143
323 210
324 1232
325 332
326 1605
327 242
328 1372
329 683
330 1586
331 2660
332 2630
333 2373
334 2909
335 2810
336 853
337 2831
338 350
339 928
340 2827
341 1967
342 2989
343 1653
344 1814
345 1904
346 14
347 2530
348 1718
349 1804
350 820
351 2536
352 2410
353 268
354 1069
355 863
356 776
357 1339
358 369
359 1997
360 86
361 2279
362 1526
363 882
364 353
365 1057
366 2886
367 2615
368 956
369 289
370 782
371 2165
372 2615
373 434
374 1414
375 140
376 2012
377 2425
378 2859
379 114
380 2223
381 797
382 144
383 2902
384 987
385 986
386 2424
387 921
388 2504
389 543
390 1140
391 16
392 219
393 355
394 2792
395 2507
396 1917
397 2038
398 1999
399 2608
400 1466
401 1097
402 2366
403 1650
404 1582
405 1662
406 1455
407 1539
408 1376
409 2594
410 2308
411 2414
412 2815
413 2718
414 2963
415 771
416 460
417 1373
418 335
419 1432
420 2876
421 1673
422 1801
423 1889
424 384
425 2653
426 2627
427 125
428 1061
429 2622
430 2809
431 1654
432 18
433 2621
434 494
435 460
436 1160
437 2365
438 693
439 2575
440 2914
441 762
442 670
443 723
444 1179
445 2618
446 166
447 497
448 2032
449 613
450 398
451 2395
452 712
453 2891
454 1578
455 385
456 2125
457 2264
458 2041
459 2631
460 1526
461 739
462 2576
463 2614
464 2985
465 255
466 539
467 269
468 1613
469 1119
470 598
471 845
472 1191
473 679
474 2197
475 2581
476 122
477 926
478 2678
479 2128
480 553
481 2261
482 203
483 1234
484 1875
485 1989
486 1807
487 2317
488 973
489 1524
490 1219
491 781
492 1510
493 1248
494 2419
495 1389
496 106
497 1896
498 635
499 2967
500 1591
501 981
502 2261
503 472
504 2866
505 478
506 486
507 13
508 302
509 715
510 2010
511 2383
512 1896
513 2882
514 1924
515 2865
516 1839
517 2620
518 1559
519 2935
520 1703
521 2016
522 2891
523 2999
524 2893
525 683
526 773
527 245
528 27
529 2632
530 1936
531 2175
532 1617
533 1817
534 1043
535 1983
536 2521
537 1090
538 1084
539 1215
540 1667
541 1783
542 1816
543 1346
544 91
545 1716
546 193
547 2238
548 1712
549 474
550 621
551 328
552 2602
553 1776
554 1386
555 2150
556 1489
557 2330
558 2649
559 2906
560 1719
561 1085
562 371
563 1788
564 2206
565 2168
566 198
567 867
568 2858
569 599
570 1102
571 1811
572 2532
573 2555
574 2934
575 2343
576 2208
577 2845
578 2252
579 1185
580 125
581 2442
582 1113
583 2065
584 860
585 1936
586 701
587 554
588 1906
589 217
590 336
591 56
592 1801
593 264
594 1007
595 832
596 1153
597 1124
598 48
599 2402
600 2557
601 2456
602 1361
603 882
604 2678
605 786
606 2453
607 414
608 976
609 1609
610 2280
611 1735
612 2697
613 2551
614 950
615 2046
616 2349
617 1057
618 2436
619 1446
620 1703
621 2413
622 1503
623 428
624 1148
625 1880
626 1102
627 67
628 64
629 1153
630 1608
631 391
632 2643
633 193
634 1157
635 297
636 2722
637 1754
638 354
639 569
640 1670
641 1539
642 1270
643 1585
644 1505
645 1111
646 937
647 2356
648 19
649 1882
650 1302
651 1006
652 1416
653 91
654 2786
655 959
656 894
657 758
658 546
659 2285
660 1588
661 1029
662 2767
663 2270
664 1933
665 2387
666 1017
667 1625
668 1585
669 616
670 1793
671 211
672 841
673 780
674 1152
675 519
676 407
677 1084
678 2896
679 1450
680 1244
681 254
682 2210
683 2610
684 2704
685 1670
686 1836
687 1427
688 1739
689 2648
690 1917
691 410
692 1994
693 1258
694 1436
695 2676
696 2146
697 1710
698 1290
699 2869
700 1768
701 1851
702 715
703 1878
704 1361
705 1586
706 2108
707 1258
708 1105
709 1648
710 1962
711 647
712 1550
713 1099
714 170
715 2778
716 469
717 1006
718 1539
719 2677
720 1197
721 1882
722 1492
723 669
724 511
725 254
726 836
727 1347
728 1968
729 28
730 1574
731 27
732 597
733 266
734 1728
735 1207
736 2276
737 2758
738 1238
739 674
740 2268
741 2898
742 2669
743 2358
744 1198
745 1098
746 1278
747 2386
748 819
749 2182
750 813
751 1317
752 1076
753 1103
754 151
755 2433
756 2043
757 2527
758 1578
759 2486
760 2217
761 2988
762 1533
763 266
764 2669
765 2885
766 554
767 363
768 519
769 2617
770 1003
771 1869
772 576
773 2363
774 1058
775 867
776 109
777 2116
778 369
779 1218
780 2709
781 2470
782 1052
783 2996
784 2198
785 2151
786 1761
787 2774
788 618
789 291
790 1565
791 1799
792 1390
793 796
794 2551
795 586
796 2117
797 1570
798 2526
799 1362
800 1767
801 1901
802 2170
803 451
804 2676
805 309
806 2774
807 2229
808 2944
809 1425
810 1543
811 10
812 2434
813 2410
814 4
815 686
816 1608
817 784
818 694
819 2651
820 1737
821 2991
822 681
823 1441
824 2552
825 2788
826 1712
827 1001
828 2278
829 1168
830 2330
831 2916
832 468
833 2942
834 308
835 693
836 2028
837 862
838 2681
839 918
840 1159
841 207
842 1123
843 1976
844 23
845 1559
846 2627
847 1269
848 2852
849 1728
850 360
851 1263
852 1977
853 2761
854 14
855 1783
856 1262
857 1427
858 1861
859 1428
860 2948
861 531
862 180
863 175
864 2552
865 552
866 2197
867 1716
868 980
869 1603
870 1807
871 317
872 742
873 2923
874 1771
875 2145
876 481
877 143
878 2656
879 1927
880 1308
881 1875
882 2035
883 1186
884 344
885 1687
886 2849
887 1359
888 771
889 2547
890 2803
891 1680
892 2284
893 2566
894 559
895 728
896 6
897 2111
898 1588
899 2361
900 620
901 849
902 357
903 1225
904 1562

