275 85
0 1845
1 111
2 2838
3 1766
4 327
5 1310
6 380
7 2676
8 584
9 629
10 638
11 408
12 2499
13 266
14 1448
15 689
16 2082
17 749
18 811
19 604
20 1112
21 78
22 366
23 2257
24 779
25 300
26 2100
27 1304
28 2366
29 177
30 1199
31 2204
32 1912
33 1744
34 1284
35 1822
36 989
37 2464
38 1035
39 2911
40 67
41 1956
42 1061
43 2737
44 1569
45 2032
46 1428
47 2571
48 326
49 1445
50 789
51 971
52 1237
53 442
54 777
55 1578
56 877
57 1050
58 2999
59 2506
60 1833
61 268
62 700
63 830
64 2343
65 1981
66 941
67 924
68 2264
69 1879
70 757
71 2120
72 2721
73 2980
74 415
75 2313
76 1761
77 2820
78 2782
79 2488
80 274
81 2986
82 2448
83 1287
84 916
85 2634
86 128
87 1630
88 1928
89 955
90 407
91 367
92 83
93 773
94 1006
95 2353
96 1042
97 1024
98 2190
99 1412
100 230
101 2512
102 1290
103 198
104 884
105 1535
106 1702
107 2083
108 67
109 2418
110 39
111 2655
112 2373
113 1618
114 1313
115 929
116 2799
117 2748
118 1295
119 647
120 1082
121 1411
122 86
123 292
124 2819
125 2580
126 2872
127 1616
128 1339
129 1819
130 1144
131 1625
132 1862
133 1962
134 1321
135 1167
136 1848
137 1584
138 413
139 1103
140 868
141 691
142 122
143 351
144 2777
145 145
146 2046
147 1723
148 852
149 822
150 1179
151 706
152 867
153 2881
154 1891
155 891
156 2906
157 1321
158 2676
159 1041
160 2232
161 1734
162 293
163 881
164 1482
165 2269
166 1619
167 176
168 1850
169 1518
170 2452
171 2017
172 1579
173 2801
174 2904
175 1205
176 2895
177 2869
178 1272
179 803
180 178
181 2335
182 1214
183 1806
184 57
185 180
186 1288
187 541
188 715
189 1659
190 1530
191 2111
192 810
193 1775
194 1359
195 259
196 680
197 1595
198 2322
199 2605
200 2248
201 554
202 2930
203 1073
204 2107
205 475
206 2910
207 1182
208 1912
209 123
210 45
211 1281
212 1385
213 1986
214 2828
215 2466
216 492
217 2597
218 919
219 2665
220 1671
221 1512
222 95
223 1929
224 22
225 795
226 2263
227 346
228 1396
229 1333
230 380
231 2226
232 1099
233 2478
234 1988
235 1455
236 2558
237 2087
238 1722
239 2424
240 836
241 1349
242 1700
243 2321
244 2627
245 137
246 2484
247 824
248 1728
249 1808
250 2554
251 440
252 627
253 1915
254 1361
255 1945
256 794
257 2714
258 141
259 2789
260 1833
261 1957
262 2221
263 1437
264 2446
265 2363
266 2402
267 2406
268 182
269 809
270 2121
271 135
272 2838
273 1043
274 1138

