406 75
0 1457
1 2815
2 2672
3 2894
4 1896
5 1595
6 1735
7 1427
8 2736
9 2387
10 929
11 2334
12 1041
13 2705
14 2808
15 1724
16 1614
17 496
18 893
19 635
20 832
21 505
22 718
23 2488
24 1748
25 121
26 2006
27 323
28 1636
29 2571
30 346
31 2697
32 2318
33 577
34 2293
35 2159
36 780
37 1894
38 350
39 2048
40 2919
41 509
42 92
43 2203
44 1642
45 2845
46 1198
47 2280
48 2446
49 865
50 952
51 2389
52 803
53 2787
54 1875
55 2246
56 2331
57 1837
58 2244
59 2491
60 1383
61 4
62 2981
63 1041
64 2664
65 401
66 2391
67 2485
68 409
69 2435
70 1278
71 2591
72 104
73 975
74 851
75 569
76 386
77 2578
78 210
79 2781
80 2354
81 2911
82 1066
83 537
84 1599
85 2600
86 2664
87 1535
88 64
89 212
90 287
91 757
92 2232
93 991
94 744
95 1131
96 773
97 2123
98 2652
99 2587
100 600
101 376
102 672
103 2969
104 303
105 823
106 1139
107 2311
108 871
109 2659
110 2243
111 920
112 2327
113 171
114 969
115 1362
116 2911
117 2385
118 963
119 1374
120 2088
121 1466
122 2988
123 2556
124 760
125 2739
126 1495
127 146
128 2875
129 2507
130 2191
131 1732
132 2949
133 2606
134 2160
135 2969
136 761
137 1492
138 2206
139 2265
140 39
141 1635
142 886
143 2045
144 1123
145 2183
146 177
147 2822
148 2144
149 1003
150 2257
151 2011
152 1137
153 1727
154 1295
155 567
156 305
157 1050
158 2139
159 2259
160 1693
161 2795
162 1098
163 1734
164 1915
165 2963
166 1117
167 1594
168 1879
169 460
170 1947
171 361
172 2399
173 324
174 236
175 196
176 979
177 2491
178 8
179 2308
180 311
181 1812
182 2044
183 563
184 817
185 2623
186 39
187 2432
188 2899
189 190
190 282
191 2072
192 672
193 1136
194 2265
195 331
196 2362
197 2033
198 1840
199 1308
200 1143
201 2556
202 1087
203 28
204 793
205 476
206 714
207 1638
208 758
209 1485
210 1538
211 2152
212 107
213 2256
214 1881
215 2490
216 1705
217 46
218 128
219 2911
220 1655
221 1270
222 2145
223 1499
224 336
225 1136
226 2819
227 1177
228 66
229 2221
230 907
231 240
232 1476
233 2438
234 1662
235 228
236 2591
237 2517
238 2036
239 2625
240 1491
241 2806
242 2458
243 541
244 2550
245 200
246 890
247 1142
248 1989
249 2137
250 2512
251 489
252 1020
253 535
254 273
255 1849
256 1436
257 1331
258 1707
259 2923
260 767
261 143
262 2260
263 1821
264 1443
265 482
266 2128
267 964
268 2111
269 1658
270 1197
271 1501
272 1326
273 2885
274 126
275 187
276 330
277 156
278 2888
279 731
280 280
281 1176
282 1048
283 52
284 1643
285 1779
286 1302
287 1221
288 2712
289 1693
290 569
291 1096
292 679
293 1978
294 1861
295 455
296 39
297 1100
298 88
299 2363
300 2197
301 2034
302 557
303 2028
304 2793
305 368
306 2743
307 2857
308 878
309 465
310 133
311 1958
312 280
313 2070
314 1278
315 608
316 1704
317 581
318 1349
319 515
320 1624
321 1549
322 2067
323 2364
324 2539
325 381
326 729
327 1204
328 2563
329 1564
330 1267
331 663
332 2761
333 962
334 2584
335 2704
336 2016
337 190
338 1162
339 2012
340 386
341 634
342 2912
343 1348
344 2586
345 1381
346 1334
347 16
348 2012
349 731
350 2653
351 1780
352 2508
353 677
354 2078
355 697
356 237
357 2321
358 36
359 2858
360 591
361 1010
362 1350
363 411
364 576
365 378
366 1116
367 2435
368 2814
369 489
370 1927
371 1823
372 2117
373 383
374 1091
375 910
376 2831
377 310
378 1747
379 523
380 1503
381 81
382 1232
383 1273
384 559
385 1281
386 1741
387 1849
388 374
389 2115
390 1611
391 1231
392 283
393 1593
394 864
395 984
396 2056
397 1728
398 1304
399 408
400 1298
401 294
402 1959
403 1557
404 2514
405 2198

