589 29
0 1080
1 1294
2 811
3 1252
4 157
5 2463
6 1312
7 1061
8 744
9 2746
10 1782
11 227
12 1128
13 2136
14 1382
15 535
16 1584
17 2857
18 1677
19 2911
20 2274
21 1504
22 2485
23 946
24 2407
25 2662
26 1058
27 952
28 2244
29 978
30 2967
31 1032
32 673
33 29
34 2692
35 878
36 1235
37 304
38 2305
39 169
40 1456
41 2514
42 2100
43 1722
44 2339
45 1410
46 2288
47 1700
48 2938
49 1848
50 1100
51 807
52 2875
53 2423
54 873
55 9
56 116
57 470
58 2503
59 2467
60 2084
61 2912
62 2490
63 2047
64 2116
65 2481
66 2963
67 2826
68 1161
69 678
70 233
71 1088
72 474
73 1006
74 1717
75 359
76 46
77 2742
78 335
79 807
80 2390
81 767
82 1005
83 1586
84 1039
85 167
86 492
87 861
88 1173
89 1399
90 1959
91 2973
92 430
93 2211
94 879
95 2321
96 37
97 983
98 899
99 330
100 1271
101 208
102 1715
103 2922
104 343
105 2479
106 1796
107 2427
108 1566
109 370
110 1949
111 973
112 2166
113 577
114 957
115 1428
116 2924
117 2670
118 2421
119 2444
120 2272
121 1227
122 150
123 1758
124 1040
125 135
126 279
127 2395
128 914
129 1237
130 946
131 976
132 1121
133 2297
134 839
135 1947
136 1218
137 1186
138 1590
139 403
140 1417
141 2689
142 1555
143 1358
144 75
145 1698
146 1331
147 2098
148 436
149 1279
150 2132
151 345
152 341
153 475
154 1623
155 334
156 2597
157 2550
158 73
159 1304
160 1637
161 1873
162 1124
163 2026
164 2248
165 1301
166 1223
167 831
168 970
169 2648
170 2104
171 1621
172 2342
173 1071
174 2674
175 2128
176 2413
177 2673
178 745
179 1742
180 2547
181 1711
182 1016
183 1476
184 2144
185 1618
186 2412
187 1171
188 2619
189 350
190 2291
191 2326
192 1573
193 1538
194 977
195 2864
196 45
197 228
198 2249
199 1145
200 495
201 1065
202 2413
203 114
204 2114
205 1040
206 1454
207 1169
208 2426
209 342
210 1717
211 1672
212 2128
213 2729
214 2125
215 956
216 2474
217 1072
218 1930
219 426
220 1848
221 2757
222 18
223 2858
224 849
225 2577
226 2022
227 448
228 2845
229 1152
230 956
231 1712
232 2170
233 1695
234 760
235 140
236 1232
237 1415
238 248
239 2637
240 1044
241 1966
242 1848
243 1402
244 2446
245 1008
246 1612
247 1665
248 1344
249 1767
250 1353
251 851
252 2142
253 1206
254 1084
255 1692
256 2280
257 1392
258 21
259 1190
260 1675
261 1037
262 1662
263 716
264 672
265 111
266 661
267 2316
268 1708
269 301
270 2112
271 2767
272 489
273 1993
274 1401
275 927
276 2791
277 662
278 1674
279 393
280 2988
281 606
282 703
283 1015
284 120
285 2390
286 1203
287 544
288 1726
289 2613
290 2660
291 2204
292 414
293 1246
294 2725
295 1456
296 1134
297 342
298 1650
299 2862
300 2313
301 2606
302 2160
303 2243
304 1422
305 320
306 1120
307 2752
308 300
309 2617
310 1295
311 2710
312 760
313 692
314 1438
315 2050
316 1965
317 2697
318 1423
319 2250
320 2914
321 433
322 2631
323 896
324 293
325 1891
326 1811
327 108
328 144
329 943
330 573
331 2635
332 1397
333 530
334 736
335 2650
336 783
337 1985
338 1739
339 2012
340 2527
341 1833
342 2187
343 1406
344 1616
345 1498
346 2271
347 521
348 2059
349 291
350 120
351 2470
352 504
353 2429
354 2971
355 2532
356 1675
357 718
358 2786
359 865
360 2934
361 1980
362 2765
363 2967
364 2947
365 2773
366 1265
367 2229
368 2764
369 1382
370 2549
371 2976
372 462
373 2036
374 2799
375 1167
376 1279
377 2763
378 675
379 2277
380 1430
381 763
382 1956
383 2188
384 401
385 1781
386 496
387 1932
388 1748
389 1652
390 2857
391 159
392 2946
393 212
394 45
395 1367
396 1913
397 375
398 2464
399 244
400 1909
401 730
402 2878
403 211
404 1771
405 2157
406 191
407 30
408 2996
409 408
410 2929
411 109
412 1450
413 2109
414 562
415 2328
416 1141
417 2418
418 2336
419 2334
420 2624
421 2447
422 1527
423 1676
424 591
425 998
426 2783
427 2495
428 1239
429 529
430 1093
431 1871
432 2675
433 581
434 1175
435 2795
436 1988
437 1510
438 2271
439 2201
440 2434
441 220
442 1774
443 2421
444 2376
445 460
446 388
447 1478
448 2676
449 2069
450 246
451 1527
452 2843
453 1973
454 263
455 523
456 1404
457 2097
458 2801
459 162
460 2579
461 2061
462 2696
463 526
464 1604
465 2261
466 79
467 343
468 822
469 446
470 2139
471 798
472 105
473 2212
474 2876
475 171
476 2195
477 1371
478 462
479 2725
480 1794
481 2094
482 1822
483 2595
484 2429
485 2772
486 2693
487 2723
488 2279
489 2066
490 2949
491 2643
492 1988
493 2895
494 2295
495 514
496 2505
497 2716
498 1206
499 666
500 1064
501 638
502 2971
503 1278
504 100
505 2541
506 1387
507 7
508 1192
509 1256
510 898
511 2441
512 996
513 42
514 987
515 1377
516 1375
517 845
518 1988
519 209
520 2379
521 1447
522 421
523 1449
524 1904
525 2808
526 758
527 2758
528 2281
529 1174
530 841
531 2225
532 295
533 2081
534 1714
535 1959
536 1924
537 2276
538 2175
539 2431
540 2913
541 2784
542 20
543 2033
544 1980
545 1798
546 2326
547 2192
548 1585
549 405
550 585
551 1542
552 769
553 1215
554 1684
555 340
556 2409
557 1863
558 1775
559 700
560 606
561 2185
562 2025
563 1923
564 2738
565 1825
566 1964
567 153
568 1200
569 2459
570 2684
571 874
572 2705
573 605
574 663
575 2739
576 1381
577 1918
578 2068
579 401
580 2488
581 387
582 2996
583 1915
584 1532
585 2136
586 1725
587 2284
588 2972

