491 44
0 1283
1 2543
2 301
3 2361
4 1465
5 625
6 288
7 796
8 296
9 936
10 1567
11 672
12 1473
13 90
14 1745
15 349
16 2938
17 2424
18 1875
19 2182
20 2858
21 2469
22 2447
23 793
24 1666
25 2857
26 1196
27 2954
28 1340
29 1627
30 1750
31 550
32 2540
33 283
34 135
35 2581
36 2806
37 1033
38 697
39 163
40 2007
41 2497
42 2325
43 2700
44 825
45 257
46 2996
47 1425
48 2618
49 136
50 2386
51 2957
52 1560
53 2030
54 450
55 2197
56 387
57 414
58 117
59 2295
60 523
61 2476
62 352
63 972
64 187
65 2339
66 660
67 2618
68 55
69 1969
70 1041
71 575
72 2676
73 1649
74 1982
75 1084
76 2432
77 73
78 1768
79 523
80 1782
81 2337
82 2065
83 2913
84 97
85 1916
86 2985
87 2104
88 1809
89 1595
90 2517
91 2190
92 1850
93 2885
94 1574
95 2040
96 399
97 1417
98 2171
99 2161
100 1573
101 297
102 2993
103 1993
104 1599
105 882
106 1876
107 2513
108 1866
109 2630
110 1540
111 2609
112 1478
113 774
114 713
115 776
116 1258
117 1913
118 354
119 1232
120 1455
121 43
122 701
123 2723
124 614
125 635
126 2129
127 570
128 1063
129 2092
130 1594
131 2110
132 998
133 681
134 2766
135 2479
136 449
137 1570
138 2051
139 1677
140 2265
141 1236
142 427
143 2295
144 2986
145 1048
146 47
147 1839
148 55
149 1583
150 1809
151 1860
152 2348
153 2721
154 540
155 1057
156 560
157 1566
158 1665
159 1970
160 1752
161 1652
162 2120
163 1731
164 248
165 2942
166 1211
167 2175
168 1166
169 543
170 2694
171 602
172 2004
173 2644
174 1660
175 629
176 1180
177 2017
178 1390
179 1123
180 625
181 489
182 2446
183 1374
184 45
185 1449
186 2794
187 2608
188 479
189 698
190 2926
191 2464
192 584
193 1909
194 481
195 1950
196 130
197 2671
198 2023
199 2084
200 1095
201 1130
202 1168
203 530
204 1342
205 2000
206 2805
207 497
208 143
209 1334
210 1257
211 2422
212 2355
213 2528
214 554
215 840
216 1797
217 2596
218 2673
219 1008
220 1043
221 1220
222 2423
223 1722
224 795
225 1253
226 369
227 2105
228 2925
229 1150
230 54
231 2477
232 288
233 2811
234 2089
235 2917
236 819
237 449
238 2921
239 1681
240 1986
241 202
242 2168
243 1020
244 2565
245 1497
246 2894
247 370
248 2400
249 2931
250 699
251 1294
252 1996
253 2333
254 2055
255 524
256 1374
257 319
258 123
259 1187
260 2976
261 895
262 2504
263 1619
264 2394
265 2521
266 2248
267 243
268 2916
269 1900
270 1243
271 1552
272 1677
273 2782
274 2958
275 2225
276 1771
277 2512
278 1100
279 1791
280 2537
281 2563
282 369
283 521
284 1424
285 133
286 2244
287 1896
288 2782
289 1072
290 1312
291 2168
292 2949
293 1361
294 2733
295 876
296 2982
297 183
298 205
299 2546
300 1365
301 683
302 896
303 1154
304 2201
305 1310
306 1788
307 1063
308 483
309 255
310 2181
311 2334
312 282
313 56
314 1440
315 289
316 2493
317 1683
318 362
319 1265
320 207
321 2402
322 426
323 2324
324 56
325 821
326 1126
327 1168
328 209
329 2122
330 1106
331 2458
332 2293
333 2984
334 1013
335 2755
336 1949
337 1524
338 135
339 2892
340 2383
341 654
342 928
343 1156
344 385
345 1956
346 2276
347 1999
348 2653
349 1485
350 129
351 1719
352 2962
353 2511
354 2380
355 2219
356 405
357 171
358 1254
359 1918
360 1519
361 1958
362 2603
363 1128
364 1878
365 1811
366 1147
367 147
368 714
369 1456
370 1505
371 1977
372 195
373 2082
374 685
375 1304
376 232
377 1785
378 2223
379 2079
380 2765
381 1451
382 814
383 1084
384 2832
385 1834
386 2672
387 2891
388 1463
389 2510
390 2572
391 141
392 1284
393 1164
394 1760
395 2042
396 2829
397 25
398 2171
399 1042
400 2481
401 2826
402 185
403 1689
404 676
405 895
406 961
407 2895
408 1041
409 1932
410 911
411 1183
412 2220
413 637
414 2345
415 845
416 2135
417 271
418 952
419 716
420 1596
421 1516
422 1815
423 261
424 2959
425 1593
426 2002
427 1087
428 2456
429 1915
430 1116
431 354
432 973
433 1438
434 1612
435 1538
436 1285
437 2435
438 238
439 2483
440 1568
441 982
442 2869
443 1330
444 2469
445 2795
446 2898
447 1789
448 1040
449 2992
450 590
451 972
452 2594
453 1659
454 2746
455 2111
456 84
457 36
458 1808
459 1517
460 130
461 2861
462 1665
463 2152
464 2852
465 1186
466 2539
467 304
468 1187
469 1807
470 2936
471 1331
472 1428
473 249
474 253
475 1516
476 1472
477 554
478 2851
479 2457
480 562
481 297
482 1411
483 323
484 212
485 2340
486 2335
487 577
488 1001
489 837
490 498

