759 62
0 2381
1 163
2 46
3 2099
4 428
5 2443
6 767
7 877
8 2577
9 2203
10 2096
11 725
12 983
13 2314
14 2382
15 748
16 2054
17 1047
18 2407
19 1887
20 2118
21 1227
22 1035
23 2065
24 2886
25 1690
26 1639
27 2380
28 2538
29 2174
30 1513
31 1188
32 602
33 1035
34 2330
35 2541
36 1977
37 1626
38 2596
39 2985
40 2451
41 1342
42 1211
43 1777
44 2186
45 1897
46 1811
47 1907
48 1564
49 1582
50 2813
51 613
52 586
53 375
54 936
55 2428
56 694
57 71
58 1406
59 607
60 2927
61 485
62 265
63 2776
64 40
65 2691
66 2995
67 1142
68 2561
69 2786
70 2894
71 1088
72 1585
73 691
74 1206
75 2679
76 1071
77 693
78 274
79 431
80 2985
81 402
82 56
83 1722
84 2230
85 1636
86 2308
87 2297
88 1867
89 1790
90 1016
91 2690
92 1914
93 1455
94 851
95 2434
96 1565
97 1932
98 1304
99 1135
100 1573
101 977
102 143
103 1838
104 2828
105 1440
106 745
107 1909
108 1991
109 197
110 2168
111 824
112 1851
113 154
114 2983
115 2623
116 2488
117 532
118 478
119 1659
120 18
121 2561
122 2017
123 2314
124 2950
125 2461
126 598
127 1855
128 2291
129 582
130 656
131 356
132 2567
133 197
134 2919
135 2817
136 803
137 1303
138 1750
139 286
140 374
141 2580
142 506
143 1251
144 149
145 88
146 1687
147 1576
148 120
149 1029
150 2399
151 912
152 2445
153 874
154 1339
155 1588
156 102
157 1350
158 646
159 1068
160 1663
161 2274
162 1518
163 70
164 2882
165 2824
166 1653
167 2654
168 2614
169 1331
170 305
171 1586
172 1149
173 1652
174 2469
175 515
176 2881
177 2137
178 1972
179 1866
180 1016
181 2960
182 2870
183 1251
184 2671
185 1221
186 1150
187 654
188 403
189 455
190 317
191 623
192 1732
193 1035
194 1923
195 1850
196 1784
197 777
198 2142
199 2866
200 2085
201 2885
202 159
203 2761
204 843
205 1129
206 23
207 1129
208 1412
209 856
210 1279
211 1244
212 902
213 2980
214 368
215 1163
216 2890
217 2207
218 381
219 857
220 650
221 942
222 1950
223 2026
224 1234
225 1540
226 2010
227 1466
228 843
229 2808
230 2719
231 2844
232 1227
233 2098
234 366
235 352
236 1242
237 1398
238 1705
239 525
240 307
241 580
242 2396
243 596
244 1773
245 367
246 1038
247 995
248 667
249 180
250 843
251 2943
252 2017
253 554
254 1515
255 2850
256 224
257 688
258 1672
259 1226
260 1005
261 159
262 1335
263 2807
264 2037
265 2044
266 42
267 2089
268 1039
269 1881
270 1087
271 1534
272 2731
273 869
274 2494
275 1999
276 374
277 2010
278 549
279 2440
280 828
281 1609
282 1603
283 1230
284 1378
285 1152
286 2397
287 1274
288 1597
289 1178
290 1741
291 120
292 495
293 562
294 1556
295 1519
296 1425
297 2995
298 1048
299 2974
300 777
301 1373
302 2859
303 2052
304 2329
305 891
306 2662
307 56
308 2797
309 1970
310 2184
311 2459
312 1886
313 675
314 528
315 2436
316 356
317 1630
318 778
319 829
320 1757
321 593
322 1889
323 2712
324 2644
325 2335
326 581
327 2992
328 758
329 2404
330 238
331 969
332 267
333 199
334 2640
335 797
336 2404
337 336
338 0
339 1205
340 1520
341 170
342 68
343 1591
344 2577
345 1237
346 771
347 2374
348 464
349 1488
350 1758
351 608
352 2437
353 2858
354 2174
355 1976
356 2059
357 2654
358 74
359 1567
360 1450
361 2378
362 2695
363 2587
364 1338
365 2007
366 1038
367 2885
368 2295
369 1803
370 537
371 1946
372 1448
373 1426
374 1652
375 1566
376 145
377 2893
378 602
379 2120
380 743
381 2046
382 559
383 1057
384 896
385 2230
386 1993
387 2924
388 2840
389 165
390 2585
391 2883
392 1119
393 1265
394 708
395 2200
396 38
397 1144
398 789
399 815
400 2383
401 1146
402 151
403 2167
404 1119
405 909
406 62
407 2497
408 1742
409 2553
410 1761
411 2358
412 883
413 2179
414 1082
415 746
416 1780
417 2814
418 2965
419 1479
420 2260
421 70
422 703
423 2644
424 1117
425 545
426 1674
427 1627
428 847
429 2171
430 1185
431 641
432 631
433 1409
434 1312
435 1573
436 1440
437 1798
438 2455
439 2600
440 1068
441 781
442 2739
443 1573
444 1811
445 2466
446 1752
447 248
448 828
449 105
450 472
451 2713
452 752
453 1210
454 2247
455 2358
456 363
457 749
458 325
459 161
460 1130
461 613
462 1704
463 2289
464 2005
465 2028
466 1306
467 1662
468 2569
469 754
470 2882
471 2642
472 2826
473 1456
474 1131
475 1107
476 1065
477 541
478 949
479 2874
480 2134
481 27
482 928
483 493
484 1820
485 2091
486 1096
487 1781
488 2569
489 1680
490 1673
491 2857
492 221
493 816
494 1905
495 817
496 264
497 1740
498 2281
499 1686
500 560
501 122
502 1552
503 1498
504 1897
505 1801
506 1844
507 2166
508 913
509 938
510 2622
511 2906
512 23
513 978
514 1276
515 384
516 2971
517 1388
518 2395
519 539
520 1912
521 320
522 1869
523 1765
524 1982
525 2319
526 2418
527 2070
528 2195
529 146
530 1762
531 159
532 2896
533 1048
534 1388
535 72
536 2936
537 1852
538 1025
539 441
540 101
541 195
542 1009
543 1867
544 768
545 365
546 772
547 1525
548 2707
549 40
550 968
551 2562
552 582
553 1089
554 467
555 2957
556 574
557 1938
558 45
559 1354
560 2887
561 1911
562 2343
563 501
564 2221
565 2047
566 2593
567 1363
568 2133
569 956
570 677
571 2351
572 2303
573 2535
574 673
575 2012
576 1642
577 1819
578 1461
579 2197
580 923
581 1375
582 146
583 1856
584 287
585 2558
586 693
587 482
588 623
589 1220
590 661
591 1173
592 2177
593 2088
594 1799
595 2311
596 292
597 2266
598 476
599 1773
600 2327
601 208
602 1205
603 1985
604 2286
605 1157
606 2238
607 1521
608 1695
609 1121
610 2389
611 1865
612 87
613 2097
614 695
615 215
616 2158
617 1100
618 956
619 740
620 2665
621 2775
622 2768
623 722
624 2610
625 2406
626 342
627 2236
628 2643
629 1692
630 2718
631 193
632 1982
633 1822
634 1203
635 308
636 383
637 976
638 2092
639 2462
640 948
641 1769
642 2819
643 2856
644 445
645 2466
646 1347
647 717
648 227
649 1611
650 2918
651 623
652 161
653 1532
654 71
655 2347
656 1411
657 178
658 1038
659 1698
660 348
661 722
662 1857
663 1026
664 2123
665 2990
666 2879
667 937
668 2842
669 1361
670 1653
671 625
672 1375
673 1413
674 2204
675 2231
676 1218
677 1417
678 841
679 748
680 914
681 2556
682 436
683 2063
684 130
685 1863
686 2604
687 1637
688 1393
689 2988
690 2533
691 1651
692 2648
693 1824
694 2761
695 278
696 1728
697 430
698 1441
699 2376
700 32
701 2301
702 1933
703 63
704 1394
705 1580
706 2214
707 1744
708 1464
709 2614
710 1678
711 359
712 2859
713 1118
714 2856
715 1673
716 1936
717 2403
718 526
719 1967
720 1101
721 201
722 2946
723 2792
724 853
725 239
726 395
727 2504
728 549
729 1184
730 207
731 2720
732 624
733 2311
734 420
735 22
736 2721
737 296
738 1108
739 382
740 772
741 722
742 2610
743 994
744 2888
745 1493
746 2232
747 123
748 1268
749 1032
750 1756
751 268
752 2819
753 2848
754 444
755 1418
756 2658
757 1331
758 156

