306 39
0 646
1 702
2 2987
3 2183
4 567
5 146
6 2218
7 1236
8 2708
9 2238
10 721
11 897
12 2426
13 583
14 2044
15 1671
16 994
17 1131
18 969
19 1740
20 2589
21 2086
22 1902
23 2823
24 289
25 1232
26 523
27 931
28 1099
29 7
30 2770
31 604
32 813
33 235
34 2290
35 1791
36 305
37 1067
38 324
39 1696
40 536
41 2628
42 1154
43 2644
44 1238
45 725
46 897
47 93
48 1611
49 2566
50 547
51 2934
52 77
53 79
54 1625
55 2492
56 2945
57 1730
58 2085
59 2982
60 744
61 2268
62 1483
63 2005
64 2350
65 384
66 2050
67 1962
68 2667
69 2733
70 507
71 773
72 2104
73 2319
74 2744
75 1592
76 892
77 241
78 1185
79 532
80 512
81 1309
82 2170
83 2806
84 456
85 177
86 2839
87 897
88 13
89 74
90 33
91 211
92 1105
93 2061
94 292
95 2081
96 1706
97 1618
98 2279
99 1432
100 379
101 1723
102 2141
103 1421
104 137
105 1450
106 243
107 1529
108 2949
109 1328
110 1777
111 940
112 1436
113 2413
114 1210
115 635
116 1921
117 2864
118 2160
119 680
120 1555
121 441
122 1301
123 2446
124 1164
125 2467
126 1126
127 2453
128 760
129 1083
130 2951
131 1263
132 81
133 184
134 1142
135 2846
136 2018
137 2944
138 1359
139 1377
140 2801
141 509
142 2627
143 2862
144 1847
145 1247
146 1923
147 1257
148 2320
149 2869
150 1202
151 1989
152 328
153 948
154 2679
155 2943
156 412
157 2990
158 1219
159 227
160 435
161 1611
162 1595
163 2703
164 767
165 2368
166 1815
167 2313
168 2298
169 722
170 1022
171 10
172 1406
173 198
174 882
175 1258
176 1403
177 1931
178 2180
179 186
180 2523
181 786
182 757
183 2497
184 1577
185 2497
186 1896
187 977
188 887
189 2812
190 2655
191 2078
192 465
193 2554
194 2624
195 1902
196 1650
197 2984
198 63
199 1753
200 30
201 2810
202 2867
203 986
204 3
205 1493
206 951
207 1346
208 38
209 34
210 2709
211 580
212 825
213 1838
214 666
215 862
216 1648
217 2315
218 1926
219 2065
220 2603
221 33
222 1642
223 2652
224 2812
225 2111
226 1894
227 2069
228 2339
229 208
230 650
231 2008
232 2683
233 858
234 2166
235 2511
236 2281
237 1201
238 2846
239 321
240 340
241 2734
242 2654
243 1405
244 2550
245 1045
246 2356
247 656
248 1050
249 2144
250 155
251 338
252 2511
253 229
254 1993
255 1627
256 1098
257 2185
258 268
259 1771
260 2177
261 1120
262 971
263 2982
264 2628
265 1430
266 606
267 758
268 1778
269 884
270 1958
271 2946
272 2251
273 787
274 2099
275 2441
276 1353
277 1732
278 959
279 929
280 495
281 39
282 477
283 110
284 671
285 2870
286 1363
287 371
288 1122
289 1287
290 2390
291 400
292 1194
293 1064
294 672
295 1043
296 283
297 246
298 1058
299 776
300 1717
301 1809
302 2909
303 114
304 1386
305 1074

