641 53
0 2434
1 1649
2 2658
3 594
4 288
5 2821
6 2122
7 2710
8 101
9 586
10 1470
11 560
12 2665
13 1976
14 1392
15 2173
16 321
17 660
18 2258
19 342
20 589
21 1919
22 1766
23 1867
24 2344
25 1348
26 2059
27 1827
28 2833
29 2756
30 1692
31 179
32 1598
33 350
34 1669
35 160
36 856
37 612
38 1045
39 210
40 741
41 1689
42 2646
43 1888
44 31
45 86
46 1866
47 1516
48 930
49 221
50 1857
51 1393
52 2422
53 1483
54 1779
55 1953
56 1156
57 1703
58 2158
59 340
60 2182
61 1331
62 2669
63 2360
64 409
65 2972
66 1980
67 1527
68 2173
69 2360
70 2189
71 2428
72 2970
73 2739
74 1875
75 1759
76 1535
77 1396
78 605
79 2371
80 200
81 2070
82 1379
83 2521
84 2239
85 2739
86 797
87 1731
88 1184
89 713
90 1727
91 1692
92 1390
93 816
94 1550
95 1820
96 1606
97 1008
98 1040
99 1259
100 1951
101 2915
102 292
103 2457
104 702
105 1665
106 2574
107 227
108 2940
109 2493
110 261
111 505
112 1410
113 990
114 1571
115 496
116 1393
117 544
118 2843
119 61
120 1577
121 1899
122 1903
123 2841
124 1755
125 2319
126 1780
127 2948
128 598
129 147
130 1114
131 1708
132 1083
133 1015
134 2250
135 908
136 2960
137 1917
138 2897
139 2055
140 479
141 16
142 2554
143 1548
144 957
145 2245
146 226
147 2967
148 2266
149 1470
150 2826
151 2483
152 2405
153 2279
154 1353
155 2323
156 1622
157 1650
158 1333
159 1553
160 2306
161 1989
162 80
163 617
164 831
165 994
166 1521
167 2445
168 2447
169 2105
170 2860
171 2901
172 1916
173 361
174 220
175 2774
176 1392
177 2558
178 1748
179 1339
180 2649
181 2220
182 1821
183 2160
184 429
185 2355
186 2099
187 2472
188 2026
189 2992
190 1558
191 8
192 1365
193 2496
194 2619
195 485
196 34
197 867
198 2657
199 1963
200 1834
201 582
202 1496
203 2262
204 11
205 2413
206 767
207 1819
208 1877
209 656
210 1789
211 119
212 114
213 422
214 1518
215 2545
216 134
217 1818
218 2691
219 2842
220 2475
221 1944
222 2568
223 52
224 478
225 185
226 1359
227 2912
228 1672
229 309
230 161
231 2747
232 1278
233 2736
234 178
235 681
236 1077
237 1610
238 1238
239 789
240 1035
241 1752
242 2363
243 814
244 1672
245 1973
246 22
247 1775
248 2746
249 388
250 549
251 1783
252 312
253 2182
254 1001
255 1694
256 2886
257 1865
258 30
259 2113
260 335
261 1293
262 2827
263 2136
264 1001
265 361
266 925
267 2573
268 1903
269 2867
270 780
271 2155
272 92
273 745
274 2268
275 1294
276 1842
277 128
278 848
279 319
280 2385
281 2863
282 2125
283 2602
284 1565
285 1155
286 1370
287 2742
288 2378
289 2468
290 398
291 2057
292 779
293 2526
294 1297
295 1960
296 1329
297 1976
298 2610
299 2523
300 2300
301 2099
302 2563
303 529
304 1362
305 2175
306 2778
307 1951
308 681
309 933
310 1976
311 2474
312 813
313 265
314 1382
315 24
316 1380
317 2465
318 515
319 2770
320 1073
321 2094
322 2852
323 1830
324 1411
325 1808
326 1126
327 1463
328 2901
329 1135
330 848
331 1272
332 2224
333 1125
334 1813
335 477
336 2199
337 937
338 317
339 84
340 1835
341 2850
342 2501
343 695
344 1902
345 2500
346 1284
347 446
348 2808
349 490
350 236
351 1283
352 2531
353 2165
354 2178
355 1849
356 150
357 1258
358 1895
359 1128
360 824
361 17
362 1773
363 1179
364 987
365 1051
366 2535
367 2198
368 447
369 22
370 1840
371 258
372 477
373 1155
374 2177
375 642
376 2387
377 177
378 1647
379 2970
380 1580
381 2365
382 2708
383 2799
384 114
385 789
386 1828
387 2931
388 2597
389 155
390 868
391 2610
392 80
393 681
394 586
395 2696
396 796
397 1966
398 2455
399 2912
400 866
401 1816
402 1310
403 1721
404 403
405 1939
406 836
407 1907
408 1806
409 965
410 1726
411 2660
412 2516
413 1844
414 2658
415 2440
416 426
417 1590
418 2781
419 2585
420 1416
421 1483
422 842
423 2909
424 1132
425 629
426 2825
427 46
428 2351
429 1683
430 1718
431 427
432 63
433 1009
434 419
435 346
436 2416
437 2167
438 1913
439 1814
440 764
441 1920
442 2444
443 1941
444 1859
445 1188
446 1182
447 1050
448 797
449 1914
450 1936
451 127
452 2429
453 676
454 2871
455 2360
456 282
457 1579
458 2346
459 1076
460 2989
461 357
462 2452
463 2975
464 1600
465 2467
466 2260
467 554
468 122
469 1278
470 2162
471 1259
472 199
473 1296
474 833
475 309
476 2560
477 2528
478 2927
479 2670
480 2823
481 1026
482 2017
483 2277
484 1563
485 782
486 2608
487 546
488 1844
489 1123
490 593
491 1551
492 1101
493 1259
494 499
495 2599
496 1459
497 1380
498 2188
499 1480
500 1257
501 507
502 2228
503 2535
504 1310
505 700
506 2768
507 713
508 747
509 1236
510 884
511 1961
512 1163
513 1342
514 1190
515 1016
516 1395
517 2239
518 684
519 310
520 222
521 474
522 1882
523 2833
524 662
525 1204
526 1442
527 2651
528 2819
529 2092
530 1032
531 1369
532 1038
533 266
534 2206
535 492
536 2539
537 23
538 2059
539 924
540 993
541 2289
542 211
543 2029
544 360
545 2482
546 2111
547 474
548 1872
549 2288
550 654
551 1371
552 2905
553 508
554 1187
555 207
556 736
557 2296
558 132
559 1775
560 2928
561 2740
562 2688
563 726
564 2467
565 2423
566 540
567 638
568 760
569 1870
570 1450
571 2912
572 2471
573 738
574 1371
575 1636
576 1981
577 1383
578 408
579 147
580 2733
581 1580
582 1729
583 2704
584 1910
585 2389
586 246
587 830
588 2032
589 344
590 989
591 2683
592 2208
593 2021
594 1299
595 2039
596 2396
597 2131
598 1973
599 2850
600 1666
601 2603
602 1393
603 2068
604 633
605 941
606 131
607 1347
608 1530
609 2942
610 1123
611 984
612 2108
613 2920
614 2268
615 2104
616 2377
617 497
618 2263
619 2111
620 9
621 1577
622 2590
623 2019
624 921
625 2448
626 1313
627 784
628 1873
629 1022
630 478
631 508
632 922
633 270
634 221
635 230
636 2152
637 2837
638 2015
639 2135
640 2238

