85 84
0 1687
1 1656
2 116
3 90
4 670
5 1599
6 620
7 1259
8 1451
9 63
10 1311
11 151
12 749
13 82
14 2321
15 2505
16 578
17 1138
18 840
19 1529
20 1732
21 760
22 1193
23 2532
24 937
25 2860
26 1528
27 1220
28 1746
29 691
30 84
31 1373
32 2041
33 656
34 1079
35 1637
36 2952
37 953
38 1892
39 172
40 1789
41 241
42 1890
43 1435
44 2300
45 733
46 536
47 715
48 2464
49 156
50 616
51 2332
52 563
53 54
54 1761
55 383
56 2677
57 129
58 2307
59 377
60 621
61 1798
62 748
63 1765
64 562
65 53
66 413
67 1258
68 2750
69 1564
70 1407
71 2713
72 2831
73 2041
74 867
75 2697
76 875
77 751
78 94
79 1224
80 2356
81 2777
82 796
83 2883
84 1356

