421 99
0 1707
1 1488
2 320
3 830
4 1918
5 1015
6 884
7 1500
8 1386
9 2847
10 936
11 2549
12 2377
13 2557
14 2587
15 971
16 121
17 3000
18 1074
19 1899
20 524
21 1446
22 1580
23 2637
24 98
25 1055
26 553
27 245
28 2322
29 2966
30 1031
31 414
32 2924
33 157
34 1527
35 1888
36 206
37 2867
38 1413
39 779
40 2505
41 1893
42 259
43 438
44 2870
45 2121
46 2163
47 2906
48 412
49 1900
50 1505
51 683
52 2489
53 2420
54 1489
55 2694
56 2037
57 543
58 1606
59 597
60 37
61 2326
62 107
63 1932
64 2308
65 1618
66 675
67 2290
68 1260
69 2977
70 2699
71 2021
72 466
73 2171
74 1350
75 612
76 1702
77 2771
78 1208
79 1284
80 303
81 2573
82 985
83 2127
84 487
85 816
86 2253
87 1347
88 2952
89 120
90 2022
91 670
92 533
93 2609
94 2756
95 1210
96 485
97 2268
98 896
99 2360
100 1294
101 2271
102 2615
103 1457
104 1782
105 2105
106 2496
107 1854
108 743
109 883
110 2305
111 2035
112 442
113 2427
114 1360
115 2800
116 283
117 254
118 2258
119 1435
120 2193
121 630
122 1594
123 2427
124 1960
125 2945
126 1223
127 1326
128 1875
129 138
130 918
131 814
132 772
133 2967
134 1643
135 2287
136 191
137 1750
138 2550
139 1523
140 890
141 993
142 2414
143 1809
144 901
145 367
146 2614
147 2691
148 2066
149 1290
150 795
151 2828
152 1847
153 1858
154 730
155 304
156 1496
157 1624
158 1204
159 2740
160 90
161 1366
162 2720
163 2157
164 1416
165 1233
166 2757
167 1012
168 2205
169 1291
170 492
171 910
172 902
173 967
174 1507
175 1551
176 479
177 2269
178 1159
179 2109
180 224
181 1261
182 501
183 1353
184 2682
185 1763
186 2690
187 874
188 1361
189 1895
190 1487
191 1270
192 571
193 2223
194 2865
195 2026
196 172
197 832
198 296
199 2333
200 165
201 2428
202 216
203 1195
204 2673
205 431
206 1070
207 1464
208 1846
209 2059
210 489
211 1096
212 2352
213 969
214 1364
215 2693
216 1910
217 1771
218 2448
219 2965
220 1804
221 1794
222 2646
223 2715
224 1801
225 1661
226 2887
227 2865
228 612
229 2287
230 2519
231 899
232 228
233 1625
234 2220
235 297
236 2029
237 672
238 1095
239 441
240 2795
241 674
242 1726
243 1262
244 2114
245 255
246 100
247 2153
248 848
249 1632
250 740
251 1884
252 785
253 2269
254 2338
255 1890
256 1547
257 1218
258 437
259 1994
260 1471
261 1749
262 2081
263 1539
264 2250
265 2116
266 1790
267 1465
268 1171
269 210
270 364
271 2499
272 1987
273 99
274 1462
275 1870
276 2242
277 1244
278 1910
279 1681
280 42
281 156
282 1476
283 1445
284 939
285 1193
286 1876
287 1370
288 2598
289 1892
290 725
291 2444
292 2366
293 175
294 1205
295 301
296 406
297 2269
298 2093
299 106
300 612
301 912
302 1917
303 1879
304 2941
305 209
306 2942
307 1883
308 178
309 1025
310 1411
311 539
312 2059
313 2894
314 208
315 1111
316 399
317 611
318 1738
319 2419
320 629
321 588
322 66
323 612
324 2675
325 2828
326 2083
327 2830
328 1402
329 1056
330 1404
331 109
332 335
333 2824
334 837
335 1389
336 1019
337 2475
338 2131
339 2770
340 3000
341 2803
342 1064
343 217
344 1551
345 183
346 1145
347 395
348 2858
349 1581
350 2189
351 2955
352 343
353 415
354 964
355 2497
356 1272
357 2735
358 2604
359 2592
360 464
361 706
362 280
363 2039
364 1819
365 267
366 157
367 1979
368 1359
369 220
370 841
371 2068
372 1385
373 429
374 1065
375 989
376 2820
377 1076
378 55
379 1426
380 2188
381 1192
382 1639
383 2779
384 907
385 1777
386 2111
387 2252
388 1860
389 144
390 2746
391 604
392 2623
393 1530
394 153
395 425
396 1832
397 753
398 369
399 1915
400 2005
401 2748
402 2386
403 2399
404 29
405 2318
406 8
407 101
408 2183
409 1589
410 2254
411 2443
412 2134
413 875
414 1933
415 2676
416 721
417 107
418 2666
419 2578
420 30

