540 90
0 1386
1 664
2 1244
3 764
4 2629
5 1728
6 2866
7 1729
8 1058
9 1969
10 406
11 1408
12 1064
13 1965
14 1364
15 530
16 1515
17 2720
18 751
19 1712
20 2586
21 420
22 1648
23 1118
24 11
25 2792
26 302
27 2315
28 631
29 2753
30 1124
31 1576
32 1981
33 1372
34 2652
35 43
36 1226
37 2585
38 1922
39 874
40 2004
41 1584
42 1131
43 905
44 822
45 2432
46 2079
47 2019
48 1893
49 235
50 813
51 1176
52 2761
53 524
54 2175
55 2455
56 2420
57 596
58 1844
59 2749
60 1963
61 1719
62 1319
63 639
64 650
65 2078
66 1354
67 1326
68 425
69 2320
70 1821
71 2430
72 1134
73 2606
74 2279
75 710
76 1286
77 1131
78 2179
79 2831
80 804
81 708
82 1200
83 1390
84 1972
85 713
86 1740
87 1835
88 1784
89 2540
90 2695
91 2862
92 2652
93 1252
94 459
95 274
96 1020
97 1613
98 2902
99 530
100 937
101 1247
102 1227
103 498
104 1696
105 1756
106 2138
107 155
108 1370
109 1729
110 2256
111 914
112 2360
113 1134
114 2949
115 2356
116 1604
117 2027
118 1372
119 1144
120 2640
121 881
122 2027
123 2595
124 40
125 743
126 1877
127 1939
128 122
129 860
130 2591
131 521
132 2913
133 1475
134 1945
135 1974
136 286
137 844
138 2938
139 1864
140 2943
141 459
142 331
143 199
144 1372
145 2733
146 2482
147 612
148 245
149 2559
150 1256
151 1828
152 1268
153 2528
154 1496
155 1928
156 2345
157 715
158 2601
159 1311
160 317
161 2804
162 1256
163 128
164 2679
165 405
166 2572
167 2849
168 1268
169 2974
170 574
171 2461
172 1224
173 2790
174 2312
175 1145
176 1490
177 192
178 329
179 882
180 521
181 1000
182 949
183 2234
184 325
185 941
186 126
187 1311
188 1807
189 850
190 1243
191 369
192 1755
193 654
194 42
195 2044
196 187
197 2575
198 490
199 2017
200 750
201 492
202 798
203 2182
204 680
205 74
206 2005
207 2687
208 648
209 695
210 2504
211 361
212 81
213 397
214 1645
215 1787
216 745
217 833
218 132
219 927
220 901
221 1667
222 2408
223 2925
224 1664
225 1344
226 2320
227 2024
228 297
229 1544
230 890
231 1448
232 1093
233 1555
234 199
235 2574
236 2865
237 1846
238 817
239 1467
240 2202
241 1511
242 1790
243 1700
244 696
245 1591
246 2969
247 1556
248 2418
249 2046
250 678
251 708
252 158
253 2784
254 125
255 1189
256 1456
257 1723
258 1257
259 2021
260 1473
261 1078
262 61
263 1166
264 2806
265 788
266 2816
267 2151
268 879
269 815
270 1777
271 1823
272 565
273 766
274 2944
275 2308
276 2853
277 1113
278 1629
279 367
280 2017
281 2166
282 782
283 358
284 2284
285 665
286 366
287 648
288 1892
289 2026
290 2356
291 2735
292 61
293 2288
294 430
295 2904
296 2536
297 1251
298 1273
299 2553
300 1006
301 375
302 1467
303 2091
304 834
305 2771
306 1923
307 1166
308 2577
309 2400
310 933
311 2817
312 2890
313 231
314 1200
315 2543
316 1297
317 2998
318 2189
319 1020
320 1579
321 624
322 205
323 1855
324 604
325 243
326 668
327 1631
328 869
329 2920
330 2980
331 267
332 981
333 68
334 420
335 2003
336 1997
337 2369
338 528
339 704
340 2680
341 2341
342 1155
343 780
344 2815
345 2186
346 2765
347 2873
348 2247
349 2654
350 2145
351 1120
352 1063
353 1243
354 875
355 644
356 646
357 1814
358 1480
359 299
360 29
361 2860
362 1479
363 2052
364 2199
365 1182
366 196
367 1428
368 2669
369 2928
370 426
371 1484
372 2957
373 271
374 1070
375 2980
376 610
377 2180
378 2113
379 222
380 1803
381 2383
382 1437
383 2106
384 2022
385 1280
386 785
387 1067
388 2695
389 1495
390 77
391 2287
392 973
393 1721
394 326
395 1338
396 1052
397 2942
398 210
399 2063
400 1584
401 1144
402 2357
403 2655
404 31
405 2778
406 1538
407 646
408 440
409 1077
410 1740
411 2879
412 457
413 2488
414 2480
415 148
416 2680
417 1285
418 2010
419 499
420 656
421 2382
422 1078
423 2889
424 450
425 643
426 1460
427 1368
428 1928
429 2919
430 11
431 263
432 1265
433 2743
434 1478
435 2932
436 1851
437 1675
438 1570
439 908
440 1998
441 468
442 2920
443 1839
444 985
445 1897
446 122
447 84
448 2081
449 2502
450 1360
451 2073
452 2446
453 762
454 398
455 2121
456 2486
457 424
458 2621
459 2399
460 696
461 20
462 2611
463 2142
464 2204
465 783
466 2369
467 1598
468 2828
469 2341
470 2027
471 1911
472 2291
473 466
474 11
475 178
476 1735
477 1936
478 2034
479 79
480 561
481 732
482 2072
483 2048
484 2869
485 1868
486 1718
487 6
488 130
489 732
490 142
491 2522
492 1965
493 1923
494 2060
495 1813
496 1129
497 326
498 501
499 1289
500 685
501 2198
502 2329
503 386
504 532
505 2207
506 1456
507 1647
508 2495
509 869
510 1485
511 2937
512 2752
513 202
514 1367
515 117
516 2663
517 1709
518 1128
519 1466
520 2060
521 535
522 2801
523 1938
524 2127
525 1917
526 920
527 2979
528 47
529 1759
530 1216
531 655
532 1718
533 687
534 117
535 2539
536 2695
537 1132
538 724
539 2502

