220 46
0 44
1 1432
2 22
3 1549
4 1332
5 50
6 1647
7 1426
8 1935
9 45
10 1903
11 1903
12 2111
13 2157
14 2119
15 2737
16 1062
17 79
18 1100
19 1131
20 1848
21 683
22 2570
23 686
24 1751
25 861
26 1940
27 2375
28 2442
29 2577
30 402
31 2368
32 2136
33 1290
34 391
35 2774
36 698
37 588
38 1111
39 2141
40 1653
41 859
42 2305
43 2105
44 1568
45 2901
46 1788
47 2259
48 2174
49 2370
50 2100
51 1462
52 1910
53 2095
54 2286
55 2682
56 2097
57 2065
58 339
59 1378
60 874
61 317
62 1270
63 2266
64 2005
65 1178
66 2976
67 1617
68 2878
69 945
70 2534
71 1795
72 681
73 2653
74 1359
75 1470
76 1755
77 2956
78 2447
79 38
80 2195
81 829
82 910
83 603
84 1821
85 400
86 2423
87 241
88 496
89 701
90 1253
91 673
92 2153
93 1653
94 271
95 2140
96 2270
97 2960
98 1739
99 2800
100 2524
101 2567
102 1803
103 1025
104 1642
105 1422
106 2382
107 693
108 1990
109 2105
110 1417
111 2824
112 233
113 2680
114 2429
115 2219
116 2727
117 2794
118 449
119 68
120 1353
121 1197
122 2487
123 80
124 2328
125 849
126 468
127 1393
128 180
129 2018
130 2963
131 2340
132 130
133 2939
134 2999
135 1317
136 1577
137 2715
138 1249
139 599
140 2863
141 1138
142 2835
143 1530
144 2788
145 2995
146 2337
147 1164
148 156
149 2907
150 2856
151 1977
152 2668
153 2302
154 2818
155 2646
156 483
157 2026
158 2334
159 684
160 2352
161 2389
162 2896
163 854
164 1696
165 121
166 1688
167 2173
168 1900
169 2103
170 2065
171 291
172 2275
173 272
174 2214
175 222
176 268
177 905
178 1667
179 1595
180 267
181 802
182 2609
183 1920
184 2189
185 546
186 1323
187 424
188 724
189 2947
190 2619
191 2542
192 693
193 157
194 1824
195 1667
196 2385
197 543
198 1794
199 804
200 426
201 2918
202 1708
203 303
204 26
205 2623
206 690
207 729
208 439
209 2297
210 1705
211 1319
212 370
213 110
214 2348
215 1081
216 1174
217 2077
218 157
219 2886

