892 92
0 714
1 2929
2 1707
3 1176
4 2774
5 908
6 1716
7 1343
8 1527
9 96
10 1815
11 1033
12 2543
13 2699
14 1779
15 2973
16 2042
17 957
18 1828
19 2372
20 1239
21 455
22 2185
23 668
24 626
25 488
26 738
27 1192
28 1269
29 2808
30 342
31 2802
32 1848
33 2350
34 155
35 1199
36 2871
37 289
38 894
39 1307
40 562
41 2065
42 955
43 2156
44 1453
45 1442
46 546
47 921
48 1802
49 1191
50 2238
51 2453
52 74
53 2480
54 2002
55 2991
56 959
57 2447
58 685
59 1309
60 871
61 2781
62 909
63 2003
64 2825
65 1864
66 1869
67 874
68 751
69 744
70 1154
71 2135
72 2037
73 2951
74 1147
75 1560
76 2834
77 2419
78 1991
79 274
80 1070
81 925
82 1053
83 2393
84 2814
85 113
86 198
87 44
88 1976
89 902
90 734
91 472
92 536
93 236
94 1387
95 699
96 1898
97 1858
98 1108
99 828
100 885
101 453
102 2064
103 2053
104 2835
105 1321
106 320
107 191
108 328
109 2603
110 2624
111 2745
112 2101
113 2911
114 973
115 1932
116 2031
117 2454
118 1356
119 1322
120 1072
121 1557
122 2287
123 1701
124 1627
125 631
126 1736
127 2229
128 2574
129 2221
130 2809
131 1742
132 515
133 1677
134 1680
135 472
136 383
137 983
138 1993
139 2015
140 1285
141 2145
142 1071
143 1547
144 741
145 2222
146 635
147 2802
148 1483
149 1215
150 2417
151 1181
152 384
153 1768
154 976
155 2435
156 396
157 1082
158 2567
159 326
160 2864
161 1794
162 1810
163 594
164 918
165 2142
166 443
167 1971
168 2493
169 1504
170 2907
171 1954
172 2259
173 1971
174 1456
175 1985
176 1120
177 2314
178 1273
179 2194
180 1576
181 2049
182 1974
183 59
184 2944
185 1109
186 427
187 859
188 1188
189 305
190 1495
191 419
192 2225
193 2060
194 2546
195 1539
196 654
197 1110
198 2019
199 2716
200 809
201 1181
202 1638
203 1857
204 2034
205 2553
206 2703
207 2915
208 1689
209 2413
210 1438
211 2933
212 116
213 215
214 708
215 2691
216 1704
217 2195
218 227
219 1260
220 1246
221 2172
222 1026
223 23
224 1974
225 742
226 2678
227 719
228 1674
229 1139
230 2163
231 1748
232 83
233 1448
234 419
235 2163
236 1688
237 748
238 1901
239 2242
240 2104
241 764
242 1758
243 2845
244 2292
245 1872
246 2164
247 654
248 2546
249 970
250 1792
251 2398
252 1112
253 177
254 1718
255 2639
256 2078
257 2020
258 1314
259 1871
260 1473
261 147
262 1812
263 865
264 210
265 93
266 1155
267 1076
268 1365
269 1859
270 1689
271 2490
272 811
273 877
274 1746
275 1823
276 435
277 637
278 2553
279 318
280 2890
281 881
282 1697
283 1440
284 1077
285 401
286 2874
287 1758
288 460
289 71
290 2419
291 626
292 1012
293 1793
294 722
295 1448
296 1829
297 496
298 691
299 1719
300 556
301 601
302 28
303 1935
304 2057
305 740
306 2053
307 2170
308 155
309 1526
310 1136
311 1287
312 263
313 2992
314 2476
315 928
316 1179
317 2591
318 1557
319 1418
320 1824
321 1478
322 1430
323 1762
324 1524
325 1539
326 2424
327 309
328 1331
329 1842
330 1911
331 1082
332 3
333 1306
334 1651
335 2405
336 1798
337 907
338 933
339 2178
340 2806
341 845
342 2843
343 1133
344 1759
345 1456
346 998
347 2660
348 2963
349 2189
350 1382
351 134
352 2844
353 1637
354 822
355 2776
356 53
357 2329
358 1303
359 286
360 1827
361 459
362 2108
363 1499
364 1887
365 1781
366 2539
367 685
368 189
369 209
370 1023
371 720
372 2879
373 573
374 2882
375 378
376 2890
377 1758
378 1028
379 91
380 232
381 2604
382 1022
383 152
384 213
385 268
386 1697
387 338
388 1606
389 2437
390 51
391 2977
392 894
393 1303
394 72
395 2683
396 1674
397 1010
398 1662
399 2913
400 354
401 2184
402 2697
403 1906
404 1712
405 1727
406 2978
407 803
408 1006
409 994
410 617
411 2901
412 2768
413 1617
414 2519
415 839
416 455
417 1416
418 1132
419 1183
420 98
421 1962
422 924
423 226
424 2304
425 687
426 69
427 1766
428 2203
429 1307
430 134
431 2495
432 2243
433 892
434 1238
435 1466
436 995
437 624
438 1743
439 624
440 1159
441 1716
442 604
443 610
444 2039
445 1943
446 2044
447 713
448 186
449 1532
450 842
451 2321
452 2576
453 2647
454 2758
455 1067
456 1587
457 2370
458 1451
459 945
460 744
461 2991
462 1538
463 2192
464 982
465 468
466 1614
467 2515
468 914
469 2506
470 258
471 2989
472 2305
473 828
474 2317
475 2406
476 1117
477 1650
478 2205
479 2517
480 301
481 2785
482 2895
483 1663
484 2436
485 2235
486 739
487 1853
488 1803
489 2127
490 2990
491 2585
492 2265
493 1961
494 2604
495 445
496 423
497 70
498 2008
499 825
500 2068
501 583
502 507
503 727
504 2312
505 1339
506 246
507 2289
508 1167
509 260
510 370
511 2841
512 1240
513 648
514 889
515 340
516 1127
517 1898
518 942
519 2785
520 2698
521 2428
522 1336
523 1629
524 1756
525 860
526 2013
527 2073
528 1720
529 1013
530 1160
531 1448
532 2395
533 1552
534 1558
535 1866
536 321
537 582
538 213
539 2500
540 750
541 633
542 1869
543 2552
544 2864
545 477
546 2385
547 281
548 703
549 1952
550 718
551 2643
552 1523
553 2427
554 106
555 2831
556 544
557 2916
558 996
559 2619
560 633
561 833
562 2010
563 2490
564 2774
565 1724
566 2195
567 1318
568 1610
569 2158
570 378
571 2287
572 1405
573 1339
574 936
575 1005
576 2832
577 2134
578 2106
579 2169
580 1805
581 110
582 2763
583 1531
584 2925
585 1203
586 2097
587 247
588 2127
589 2451
590 1483
591 2130
592 610
593 2944
594 2955
595 1652
596 2605
597 280
598 6
599 622
600 829
601 2274
602 958
603 1378
604 2559
605 485
606 1328
607 2982
608 2631
609 1246
610 571
611 185
612 2734
613 2199
614 324
615 116
616 666
617 727
618 1578
619 1177
620 2747
621 553
622 462
623 1993
624 427
625 1160
626 2770
627 1339
628 2549
629 897
630 452
631 2200
632 680
633 1972
634 490
635 1976
636 2746
637 978
638 1664
639 1596
640 858
641 2677
642 1230
643 2681
644 1635
645 2288
646 1551
647 620
648 1220
649 308
650 1941
651 1098
652 844
653 2410
654 2437
655 2094
656 2832
657 2212
658 2128
659 679
660 2501
661 2400
662 1419
663 2878
664 1373
665 2385
666 2963
667 69
668 1464
669 978
670 1166
671 2792
672 1750
673 2462
674 763
675 694
676 2864
677 2289
678 2895
679 422
680 2778
681 1978
682 468
683 1950
684 1340
685 383
686 1485
687 2762
688 2984
689 360
690 344
691 709
692 2899
693 256
694 1371
695 1165
696 2532
697 837
698 692
699 391
700 1619
701 1089
702 2803
703 2694
704 1541
705 1159
706 1373
707 2503
708 1129
709 1968
710 2072
711 1949
712 571
713 264
714 2438
715 2899
716 2548
717 27
718 2143
719 2635
720 955
721 2313
722 2740
723 1211
724 1950
725 1825
726 1022
727 790
728 1500
729 2811
730 961
731 1760
732 1426
733 961
734 2703
735 2964
736 854
737 1368
738 264
739 2861
740 1137
741 401
742 88
743 2011
744 2577
745 1432
746 2773
747 1184
748 1533
749 2444
750 220
751 2631
752 1716
753 1916
754 575
755 2498
756 512
757 253
758 2235
759 690
760 2561
761 2589
762 1252
763 1427
764 1582
765 350
766 205
767 2186
768 752
769 1217
770 1275
771 2126
772 759
773 2311
774 775
775 144
776 2980
777 246
778 406
779 2943
780 2462
781 1831
782 1194
783 1442
784 583
785 1706
786 1584
787 642
788 1926
789 1867
790 2810
791 1274
792 490
793 2992
794 835
795 2108
796 703
797 316
798 2443
799 2219
800 878
801 253
802 1091
803 198
804 2531
805 543
806 2148
807 102
808 656
809 77
810 2971
811 1868
812 85
813 1933
814 2625
815 963
816 2865
817 1866
818 1599
819 1816
820 2765
821 1449
822 1467
823 2625
824 178
825 678
826 1417
827 2070
828 1378
829 657
830 1629
831 2607
832 2957
833 2062
834 1846
835 2687
836 2117
837 2078
838 2457
839 2738
840 1473
841 160
842 2259
843 2837
844 334
845 2575
846 1339
847 766
848 2162
849 2139
850 1671
851 570
852 477
853 2884
854 2697
855 2761
856 1919
857 860
858 2924
859 1159
860 410
861 2475
862 1575
863 1753
864 584
865 706
866 716
867 1540
868 2848
869 61
870 875
871 999
872 2015
873 413
874 1119
875 942
876 271
877 2898
878 2950
879 2171
880 2016
881 2281
882 681
883 217
884 1830
885 133
886 2506
887 57
888 2327
889 239
890 1457
891 1447

