963 8
0 2232
1 2781
2 1394
3 1258
4 1391
5 1257
6 986
7 1413
8 1888
9 127
10 2418
11 2574
12 2848
13 1122
14 595
15 60
16 2132
17 217
18 1616
19 2024
20 1699
21 798
22 961
23 2838
24 1405
25 2036
26 237
27 167
28 839
29 85
30 2815
31 1625
32 1851
33 1012
34 2280
35 1422
36 2599
37 2925
38 1268
39 2924
40 1373
41 329
42 217
43 1806
44 2395
45 1926
46 1690
47 515
48 61
49 2352
50 2348
51 321
52 1938
53 2390
54 2086
55 2024
56 2053
57 886
58 329
59 1407
60 159
61 1085
62 559
63 2870
64 688
65 1857
66 2942
67 183
68 1782
69 470
70 2096
71 2905
72 2367
73 2139
74 213
75 1188
76 2690
77 2753
78 960
79 2750
80 2283
81 2520
82 1497
83 1688
84 1071
85 829
86 1305
87 2481
88 2303
89 215
90 1199
91 1570
92 913
93 1459
94 821
95 1194
96 384
97 723
98 292
99 1343
100 1087
101 1845
102 825
103 2347
104 431
105 2917
106 2969
107 1848
108 2968
109 1561
110 1631
111 2473
112 1034
113 364
114 695
115 662
116 1057
117 0
118 1079
119 283
120 455
121 1810
122 523
123 1617
124 493
125 2745
126 1158
127 1891
128 2946
129 1216
130 1090
131 566
132 738
133 1688
134 983
135 2230
136 1282
137 2416
138 2795
139 736
140 704
141 2543
142 82
143 869
144 2352
145 1403
146 391
147 449
148 1966
149 2618
150 2622
151 352
152 1280
153 1616
154 751
155 1415
156 1514
157 1448
158 2376
159 1745
160 1253
161 2020
162 926
163 421
164 622
165 2173
166 85
167 1348
168 720
169 1897
170 1284
171 1003
172 997
173 366
174 2684
175 566
176 2573
177 1151
178 2708
179 410
180 408
181 1396
182 1237
183 2131
184 468
185 2132
186 1583
187 2144
188 1685
189 1089
190 2684
191 659
192 2777
193 770
194 1664
195 317
196 166
197 922
198 291
199 2276
200 2965
201 2419
202 2266
203 370
204 17
205 1479
206 2367
207 2307
208 2619
209 2160
210 538
211 71
212 2359
213 890
214 1776
215 513
216 2363
217 1359
218 1854
219 155
220 25
221 1686
222 756
223 577
224 846
225 1527
226 2518
227 2947
228 2313
229 57
230 716
231 835
232 2766
233 1464
234 1782
235 1349
236 807
237 1612
238 2571
239 1345
240 509
241 603
242 535
243 2498
244 1750
245 2053
246 2981
247 269
248 504
249 1283
250 2316
251 501
252 1887
253 2808
254 1610
255 1088
256 41
257 1461
258 1179
259 174
260 87
261 2990
262 793
263 2746
264 1982
265 10
266 1208
267 2189
268 1120
269 559
270 2290
271 2733
272 382
273 1021
274 399
275 1023
276 23
277 1017
278 161
279 1453
280 524
281 1139
282 542
283 1384
284 1013
285 1093
286 1383
287 2802
288 386
289 2791
290 2406
291 522
292 2659
293 1175
294 842
295 1372
296 2583
297 119
298 1743
299 857
300 2977
301 568
302 1792
303 2287
304 1958
305 1184
306 2250
307 1080
308 2640
309 1723
310 2667
311 252
312 1554
313 962
314 1531
315 520
316 2882
317 905
318 2727
319 1385
320 1169
321 1459
322 1538
323 1199
324 1956
325 133
326 1194
327 1639
328 787
329 2820
330 2109
331 2171
332 1401
333 862
334 832
335 39
336 2099
337 843
338 2709
339 1210
340 2517
341 2966
342 1381
343 2858
344 1869
345 1213
346 1032
347 2194
348 1402
349 2089
350 1791
351 1422
352 1377
353 2257
354 2834
355 1252
356 525
357 1853
358 1974
359 1896
360 1639
361 2017
362 2945
363 548
364 180
365 848
366 1484
367 1098
368 2377
369 2299
370 907
371 1978
372 570
373 555
374 801
375 1294
376 1699
377 1594
378 1547
379 1047
380 2650
381 1426
382 988
383 1186
384 415
385 1308
386 2301
387 1546
388 2945
389 1543
390 2450
391 2676
392 1630
393 1523
394 2501
395 2023
396 953
397 1113
398 1600
399 984
400 927
401 2884
402 142
403 1144
404 2371
405 622
406 2771
407 134
408 2697
409 463
410 2882
411 2384
412 1842
413 2398
414 1667
415 2095
416 1416
417 1762
418 1350
419 1702
420 2130
421 85
422 583
423 820
424 698
425 1709
426 1421
427 1771
428 12
429 1626
430 1501
431 2739
432 678
433 152
434 2181
435 39
436 1795
437 2615
438 872
439 2533
440 989
441 996
442 503
443 932
444 1752
445 1078
446 2322
447 2836
448 1326
449 2686
450 1742
451 867
452 145
453 567
454 1380
455 424
456 1578
457 2523
458 1705
459 752
460 457
461 682
462 2298
463 2931
464 212
465 1123
466 2286
467 979
468 346
469 1182
470 123
471 1017
472 1103
473 1753
474 2993
475 229
476 145
477 1564
478 100
479 1147
480 803
481 2427
482 2299
483 705
484 1828
485 1991
486 2405
487 977
488 502
489 2517
490 1922
491 1347
492 343
493 877
494 2383
495 685
496 630
497 1242
498 420
499 1353
500 1371
501 926
502 2378
503 920
504 1339
505 2578
506 502
507 212
508 2778
509 1748
510 2091
511 1651
512 970
513 1927
514 2002
515 799
516 1149
517 479
518 1113
519 263
520 518
521 388
522 2333
523 2579
524 2977
525 2579
526 2335
527 575
528 697
529 1463
530 443
531 456
532 129
533 294
534 1426
535 1892
536 1704
537 516
538 765
539 1881
540 2195
541 1818
542 1583
543 1936
544 1467
545 2783
546 989
547 354
548 1982
549 1436
550 2227
551 2223
552 269
553 1004
554 2673
555 787
556 385
557 1207
558 2668
559 1337
560 92
561 706
562 2802
563 2525
564 1665
565 2884
566 1667
567 948
568 328
569 2172
570 2400
571 990
572 2296
573 2726
574 214
575 1763
576 2927
577 1751
578 825
579 1365
580 2093
581 228
582 2961
583 931
584 279
585 192
586 688
587 1443
588 1271
589 1544
590 1223
591 451
592 2363
593 2635
594 2130
595 2127
596 1769
597 1548
598 1070
599 2338
600 2128
601 2163
602 1241
603 2320
604 2611
605 132
606 1969
607 1385
608 1211
609 1772
610 1107
611 260
612 1004
613 1918
614 124
615 1565
616 2361
617 413
618 264
619 2264
620 1089
621 509
622 1968
623 1663
624 1734
625 650
626 2144
627 1269
628 1127
629 2727
630 1531
631 1729
632 425
633 2613
634 277
635 1786
636 2202
637 1335
638 270
639 2958
640 2926
641 1403
642 2269
643 715
644 2876
645 264
646 2936
647 728
648 74
649 534
650 288
651 1324
652 1035
653 760
654 2888
655 1151
656 444
657 1862
658 1411
659 1975
660 1873
661 1248
662 1439
663 292
664 1964
665 1521
666 1763
667 2686
668 1260
669 2751
670 1183
671 2615
672 2042
673 1932
674 748
675 1034
676 356
677 162
678 2943
679 1885
680 2075
681 2807
682 1572
683 325
684 2947
685 2566
686 2845
687 1198
688 1162
689 1073
690 184
691 2042
692 457
693 503
694 2781
695 813
696 33
697 1445
698 2850
699 1396
700 307
701 1641
702 693
703 2166
704 749
705 2946
706 969
707 1457
708 624
709 1375
710 2446
711 1799
712 1982
713 114
714 282
715 1727
716 1415
717 242
718 853
719 2941
720 332
721 192
722 2254
723 2952
724 404
725 1584
726 422
727 713
728 1326
729 2210
730 2455
731 684
732 2856
733 587
734 750
735 1147
736 1427
737 2509
738 1443
739 2873
740 2040
741 1403
742 1501
743 2139
744 189
745 2200
746 1539
747 1880
748 136
749 2538
750 1513
751 2331
752 1538
753 1625
754 1390
755 2738
756 1844
757 942
758 2540
759 1930
760 718
761 2085
762 693
763 1141
764 2111
765 2572
766 2409
767 2228
768 2831
769 455
770 2770
771 1605
772 251
773 1821
774 2269
775 1796
776 1731
777 2439
778 1472
779 303
780 2771
781 1823
782 1780
783 1441
784 1157
785 1964
786 1057
787 1393
788 2453
789 2370
790 1144
791 2785
792 1134
793 1421
794 2886
795 2110
796 528
797 1821
798 1235
799 17
800 2184
801 1195
802 160
803 2745
804 571
805 1356
806 1220
807 961
808 1803
809 1792
810 1191
811 2647
812 1358
813 201
814 778
815 2181
816 1895
817 2401
818 2053
819 2074
820 2993
821 49
822 1787
823 568
824 1569
825 1425
826 726
827 1251
828 275
829 1786
830 1045
831 1763
832 1144
833 485
834 1244
835 2503
836 2679
837 2986
838 1049
839 1439
840 1358
841 1906
842 2577
843 458
844 2185
845 1420
846 1776
847 1143
848 2216
849 2730
850 685
851 1036
852 2732
853 2721
854 1487
855 847
856 706
857 393
858 947
859 1142
860 2055
861 2848
862 1823
863 2650
864 959
865 2908
866 1619
867 606
868 1914
869 2654
870 1173
871 873
872 1992
873 696
874 2574
875 367
876 1245
877 2288
878 2260
879 2301
880 674
881 1516
882 2025
883 2475
884 2418
885 1478
886 306
887 390
888 1441
889 815
890 1813
891 2548
892 2004
893 370
894 1900
895 1083
896 2628
897 273
898 1026
899 2998
900 1036
901 616
902 2454
903 502
904 1248
905 1816
906 2044
907 58
908 1651
909 112
910 278
911 1939
912 2238
913 2760
914 2227
915 1993
916 636
917 248
918 2363
919 224
920 8
921 2537
922 2648
923 2133
924 471
925 2896
926 1048
927 1821
928 2051
929 2306
930 1991
931 1451
932 695
933 1224
934 2567
935 2810
936 515
937 1680
938 1705
939 1522
940 2202
941 1536
942 2122
943 628
944 1057
945 1044
946 1301
947 909
948 87
949 2762
950 838
951 1603
952 851
953 2153
954 503
955 900
956 2887
957 2625
958 1784
959 800
960 737
961 2040
962 2865

