684 11
0 2209
1 102
2 2000
3 880
4 1427
5 981
6 745
7 1072
8 913
9 2789
10 694
11 1964
12 980
13 1112
14 2964
15 241
16 2364
17 1265
18 2711
19 728
20 2310
21 1302
22 2774
23 2179
24 772
25 2518
26 704
27 2219
28 2113
29 1962
30 883
31 1394
32 1323
33 1330
34 1161
35 2545
36 2990
37 1995
38 1112
39 2649
40 2146
41 410
42 2570
43 2926
44 937
45 2647
46 2253
47 651
48 917
49 1688
50 1782
51 246
52 1192
53 1565
54 2584
55 2454
56 2853
57 1268
58 949
59 2130
60 1395
61 1783
62 2820
63 2486
64 1286
65 1240
66 578
67 662
68 2063
69 1117
70 1488
71 2994
72 268
73 1813
74 127
75 457
76 830
77 2711
78 248
79 235
80 2461
81 236
82 239
83 253
84 2822
85 2536
86 383
87 383
88 1227
89 2996
90 1761
91 526
92 1330
93 1411
94 1388
95 1753
96 2055
97 244
98 504
99 2526
100 2957
101 2973
102 920
103 2825
104 592
105 1809
106 2149
107 162
108 1702
109 1520
110 881
111 1504
112 2671
113 2067
114 1964
115 2155
116 2274
117 2754
118 1982
119 2526
120 1243
121 1751
122 608
123 2681
124 84
125 1817
126 2362
127 2873
128 612
129 2128
130 132
131 2990
132 1329
133 295
134 1613
135 2201
136 337
137 435
138 85
139 2591
140 217
141 2524
142 2745
143 877
144 2009
145 696
146 1687
147 356
148 291
149 471
150 757
151 2217
152 1
153 874
154 1909
155 703
156 475
157 1584
158 1616
159 745
160 2769
161 1032
162 1104
163 1414
164 2229
165 2507
166 2129
167 1472
168 1960
169 1238
170 1785
171 2018
172 2679
173 2339
174 1696
175 530
176 2151
177 368
178 193
179 372
180 724
181 329
182 446
183 314
184 2874
185 2059
186 980
187 1812
188 1418
189 2451
190 2200
191 17
192 3000
193 375
194 247
195 1835
196 1480
197 2273
198 84
199 2352
200 1335
201 1136
202 2180
203 95
204 593
205 665
206 1751
207 2636
208 1072
209 2679
210 2241
211 2642
212 2475
213 1880
214 628
215 426
216 2256
217 56
218 2014
219 44
220 451
221 1006
222 271
223 1481
224 1405
225 943
226 2569
227 336
228 538
229 2676
230 1843
231 2129
232 326
233 2182
234 2833
235 964
236 1
237 359
238 840
239 2997
240 2348
241 144
242 2749
243 600
244 134
245 751
246 1372
247 1932
248 1690
249 530
250 2391
251 1221
252 122
253 1281
254 496
255 2420
256 2084
257 1006
258 1896
259 1721
260 1761
261 877
262 451
263 1297
264 1812
265 2582
266 842
267 2050
268 1336
269 1414
270 530
271 1425
272 2834
273 777
274 1191
275 2256
276 1908
277 600
278 2088
279 1745
280 1045
281 1210
282 269
283 1007
284 1418
285 2462
286 473
287 1053
288 295
289 2891
290 2796
291 1212
292 110
293 11
294 2521
295 2754
296 1186
297 2775
298 993
299 855
300 2138
301 739
302 166
303 1255
304 2216
305 1297
306 337
307 1515
308 1264
309 1472
310 1688
311 890
312 2988
313 299
314 204
315 1733
316 1568
317 2730
318 1902
319 2534
320 1970
321 402
322 925
323 273
324 730
325 2936
326 1265
327 2884
328 802
329 2567
330 2153
331 1829
332 1549
333 1191
334 2734
335 2837
336 1731
337 850
338 2162
339 1811
340 1379
341 2652
342 1598
343 2622
344 2074
345 1281
346 943
347 2077
348 156
349 2517
350 2654
351 2940
352 2995
353 464
354 2164
355 1169
356 2601
357 1637
358 20
359 1054
360 1564
361 2804
362 646
363 1389
364 2966
365 794
366 654
367 1261
368 1814
369 687
370 243
371 1345
372 2538
373 2526
374 2558
375 2840
376 2978
377 2330
378 1396
379 2399
380 2434
381 792
382 1740
383 2656
384 729
385 2748
386 254
387 682
388 405
389 1566
390 1519
391 2008
392 920
393 650
394 1717
395 1231
396 178
397 2022
398 1250
399 2414
400 808
401 2154
402 1727
403 2550
404 2966
405 2011
406 117
407 366
408 1647
409 98
410 1411
411 913
412 1696
413 1939
414 1523
415 878
416 624
417 796
418 309
419 686
420 1223
421 2228
422 1425
423 689
424 2208
425 2118
426 2142
427 1106
428 1151
429 2638
430 1325
431 541
432 1546
433 1113
434 615
435 2970
436 1212
437 1176
438 2409
439 715
440 2310
441 621
442 214
443 1220
444 439
445 1979
446 1597
447 1161
448 1206
449 75
450 90
451 1925
452 764
453 683
454 988
455 1642
456 1884
457 2849
458 660
459 1238
460 2323
461 435
462 1859
463 31
464 2059
465 2498
466 98
467 2647
468 2742
469 988
470 2070
471 2695
472 2395
473 1616
474 574
475 30
476 2184
477 495
478 1213
479 1447
480 1658
481 1570
482 2684
483 270
484 1424
485 1143
486 1310
487 436
488 2385
489 1049
490 1058
491 1389
492 423
493 2691
494 1606
495 1702
496 2004
497 2195
498 2600
499 1690
500 1046
501 549
502 2954
503 878
504 2733
505 829
506 2698
507 2865
508 1524
509 481
510 1098
511 1521
512 2916
513 621
514 2029
515 2175
516 772
517 1320
518 2280
519 714
520 1018
521 714
522 479
523 1085
524 2820
525 2806
526 1864
527 295
528 286
529 2878
530 974
531 395
532 1376
533 2271
534 155
535 2555
536 2553
537 1182
538 1621
539 1288
540 1304
541 2464
542 1980
543 892
544 1179
545 482
546 2481
547 1839
548 2070
549 2130
550 2677
551 126
552 2891
553 2285
554 1107
555 2197
556 1006
557 955
558 2461
559 972
560 2950
561 2013
562 2575
563 2996
564 2086
565 1771
566 2365
567 2952
568 2792
569 1291
570 362
571 552
572 188
573 1379
574 2325
575 2849
576 2557
577 849
578 1256
579 2595
580 1119
581 2047
582 477
583 2484
584 2761
585 616
586 2627
587 56
588 1972
589 1427
590 2171
591 699
592 2352
593 878
594 608
595 2274
596 1566
597 905
598 427
599 2510
600 1805
601 2252
602 1157
603 2388
604 1363
605 1836
606 2042
607 2627
608 101
609 2244
610 1123
611 2451
612 2871
613 1355
614 2667
615 36
616 2680
617 2538
618 1349
619 2172
620 807
621 841
622 687
623 849
624 445
625 1366
626 68
627 1149
628 2952
629 954
630 1577
631 1811
632 520
633 861
634 1256
635 82
636 2820
637 1085
638 2074
639 2660
640 876
641 2965
642 2856
643 1424
644 21
645 2436
646 2723
647 189
648 2319
649 470
650 607
651 1410
652 2917
653 1834
654 828
655 1470
656 2013
657 4
658 1186
659 1500
660 2988
661 1071
662 1193
663 572
664 213
665 1201
666 604
667 2055
668 1069
669 2886
670 1884
671 36
672 120
673 1730
674 1849
675 2784
676 337
677 1200
678 340
679 269
680 2925
681 1396
682 543
683 501

