586 98
0 123
1 463
2 1362
3 760
4 1708
5 1606
6 309
7 2113
8 1960
9 542
10 1455
11 2100
12 1533
13 1668
14 531
15 442
16 1316
17 57
18 2801
19 2039
20 924
21 1981
22 467
23 1777
24 2008
25 2572
26 122
27 2324
28 980
29 2676
30 927
31 2024
32 1408
33 1681
34 74
35 232
36 2917
37 2983
38 2528
39 2287
40 1349
41 1088
42 1934
43 1965
44 1971
45 519
46 2163
47 2174
48 963
49 2345
50 1861
51 657
52 1544
53 1800
54 645
55 2514
56 690
57 352
58 1348
59 2524
60 1166
61 1515
62 2121
63 661
64 2994
65 1670
66 2172
67 1441
68 1911
69 744
70 1485
71 2422
72 2155
73 501
74 301
75 2056
76 2914
77 2733
78 2204
79 235
80 2079
81 10
82 2297
83 187
84 1970
85 920
86 846
87 2793
88 1736
89 2530
90 1719
91 768
92 1218
93 594
94 2206
95 1236
96 131
97 348
98 348
99 1446
100 1293
101 2791
102 2277
103 115
104 2447
105 2524
106 807
107 675
108 992
109 2978
110 781
111 1332
112 739
113 2689
114 496
115 2430
116 24
117 1901
118 1776
119 2618
120 2410
121 2625
122 1120
123 1201
124 2845
125 1567
126 2103
127 1313
128 1480
129 2977
130 810
131 1095
132 2246
133 227
134 511
135 1687
136 2033
137 1648
138 545
139 1513
140 2549
141 746
142 217
143 1373
144 631
145 1801
146 447
147 2189
148 2647
149 2477
150 300
151 474
152 2189
153 387
154 1285
155 580
156 792
157 2683
158 1402
159 2056
160 2027
161 276
162 1047
163 1112
164 2238
165 275
166 1550
167 2600
168 1845
169 2409
170 2291
171 1919
172 552
173 2317
174 2846
175 1875
176 1823
177 1854
178 1048
179 1942
180 1723
181 2665
182 1251
183 2919
184 1728
185 2040
186 2849
187 2497
188 1266
189 156
190 2695
191 2714
192 2173
193 572
194 2981
195 2810
196 2985
197 1429
198 1364
199 428
200 2520
201 2540
202 736
203 2145
204 866
205 2535
206 2441
207 625
208 1144
209 2867
210 1372
211 1326
212 2724
213 63
214 1325
215 2826
216 114
217 1763
218 2609
219 1944
220 897
221 1427
222 643
223 1478
224 2634
225 226
226 1785
227 2459
228 1546
229 383
230 1698
231 1438
232 1003
233 403
234 2121
235 938
236 2106
237 2402
238 2810
239 138
240 1855
241 773
242 473
243 2588
244 338
245 345
246 1763
247 2573
248 1190
249 651
250 2774
251 1884
252 527
253 1403
254 696
255 2831
256 2730
257 2266
258 1293
259 298
260 1906
261 2733
262 2800
263 681
264 611
265 1834
266 1563
267 489
268 779
269 2899
270 906
271 519
272 2765
273 89
274 2323
275 1692
276 2791
277 724
278 624
279 1494
280 2413
281 1223
282 1296
283 1494
284 1160
285 2471
286 2340
287 2398
288 780
289 2486
290 1209
291 824
292 2757
293 2143
294 1514
295 2790
296 328
297 756
298 2946
299 2122
300 1146
301 73
302 2214
303 2718
304 521
305 2987
306 334
307 1160
308 2649
309 2974
310 2825
311 2432
312 1468
313 2974
314 275
315 540
316 2511
317 524
318 54
319 72
320 896
321 1308
322 1286
323 1992
324 2469
325 213
326 2910
327 833
328 2103
329 2363
330 2115
331 2085
332 2253
333 64
334 1077
335 540
336 555
337 504
338 182
339 1322
340 340
341 1331
342 2544
343 2924
344 1275
345 2909
346 1592
347 2741
348 462
349 2132
350 2598
351 247
352 232
353 2994
354 1341
355 1722
356 447
357 1144
358 2328
359 2053
360 1784
361 71
362 2180
363 2762
364 961
365 2391
366 2768
367 410
368 1505
369 1891
370 2132
371 2321
372 1991
373 2964
374 1020
375 826
376 1146
377 2498
378 740
379 2667
380 1618
381 2372
382 1155
383 1755
384 938
385 537
386 871
387 1214
388 366
389 166
390 1821
391 128
392 152
393 1087
394 1699
395 124
396 890
397 1039
398 2609
399 2659
400 1726
401 572
402 44
403 630
404 2170
405 1309
406 761
407 2518
408 2263
409 1239
410 1932
411 2857
412 2367
413 602
414 114
415 375
416 660
417 1515
418 382
419 2312
420 743
421 1341
422 1780
423 2594
424 2894
425 400
426 2232
427 1809
428 2625
429 463
430 2026
431 376
432 902
433 244
434 1159
435 2957
436 2785
437 957
438 2923
439 1279
440 2897
441 1330
442 956
443 1139
444 2299
445 677
446 1838
447 1516
448 1742
449 801
450 1806
451 2531
452 2520
453 2685
454 2353
455 1615
456 1747
457 799
458 2393
459 146
460 2449
461 1598
462 1184
463 1409
464 2837
465 2942
466 124
467 1884
468 726
469 1926
470 1706
471 2901
472 320
473 1723
474 1808
475 678
476 538
477 2186
478 995
479 703
480 1666
481 1829
482 2928
483 2513
484 468
485 1896
486 2258
487 276
488 652
489 1277
490 1759
491 332
492 1215
493 1624
494 1087
495 1150
496 99
497 1269
498 683
499 578
500 1020
501 1406
502 2241
503 240
504 1575
505 2014
506 2754
507 201
508 1448
509 1233
510 114
511 1452
512 2160
513 1742
514 269
515 1308
516 947
517 2879
518 1404
519 2279
520 2657
521 2506
522 646
523 2399
524 983
525 2554
526 1343
527 159
528 2559
529 2161
530 2294
531 240
532 2036
533 1905
534 633
535 835
536 2605
537 2246
538 1889
539 2128
540 279
541 2364
542 2291
543 223
544 1093
545 492
546 2661
547 1444
548 664
549 822
550 840
551 1240
552 198
553 1681
554 2832
555 1476
556 2407
557 1577
558 1432
559 2915
560 100
561 45
562 2268
563 937
564 1198
565 461
566 1332
567 2823
568 2904
569 1094
570 288
571 2568
572 1665
573 1140
574 1441
575 1816
576 1550
577 26
578 791
579 322
580 1889
581 2343
582 1849
583 551
584 2116
585 2727

