72 80
0 2883
1 1548
2 1148
3 439
4 686
5 2792
6 2951
7 1151
8 1594
9 2206
10 536
11 511
12 1176
13 2405
14 2959
15 2653
16 249
17 919
18 56
19 1570
20 2173
21 941
22 1503
23 1919
24 2765
25 1150
26 1147
27 182
28 22
29 742
30 1959
31 850
32 401
33 97
34 707
35 51
36 1415
37 2245
38 2142
39 1573
40 1683
41 433
42 2259
43 2503
44 1905
45 2940
46 454
47 403
48 2109
49 73
50 2307
51 747
52 441
53 1804
54 1560
55 185
56 175
57 1136
58 2779
59 1189
60 1399
61 2382
62 1267
63 854
64 1586
65 1729
66 900
67 987
68 39
69 2403
70 485
71 1588

