80 37
0 76
1 836
2 647
3 2245
4 1130
5 2377
6 1966
7 680
8 289
9 929
10 880
11 709
12 836
13 530
14 2630
15 2638
16 1585
17 2123
18 2478
19 1093
20 506
21 2338
22 1492
23 814
24 1839
25 40
26 2914
27 1052
28 1834
29 500
30 2390
31 187
32 2735
33 23
34 1715
35 287
36 2493
37 545
38 846
39 1914
40 2661
41 2297
42 2242
43 27
44 685
45 1444
46 187
47 2492
48 123
49 2224
50 2955
51 2499
52 905
53 2970
54 454
55 824
56 1711
57 2750
58 1264
59 707
60 1395
61 1663
62 896
63 2656
64 2528
65 2990
66 2191
67 1904
68 1915
69 322
70 2862
71 2247
72 2576
73 163
74 1356
75 618
76 2707
77 2086
78 1481
79 926

