274 36
0 756
1 2400
2 2233
3 1556
4 104
5 1241
6 2844
7 352
8 881
9 605
10 1870
11 809
12 372
13 500
14 2486
15 907
16 544
17 1125
18 1604
19 1950
20 221
21 1749
22 553
23 2265
24 2541
25 2379
26 2321
27 612
28 2046
29 1165
30 1370
31 128
32 22
33 726
34 2345
35 2257
36 121
37 697
38 994
39 1354
40 721
41 385
42 1163
43 1779
44 1308
45 902
46 2934
47 2910
48 638
49 1343
50 1742
51 1251
52 2110
53 469
54 1134
55 1796
56 2839
57 1791
58 226
59 2585
60 4
61 1560
62 59
63 1685
64 308
65 2445
66 1332
67 1282
68 1996
69 498
70 1594
71 2388
72 1973
73 2706
74 1335
75 2903
76 1604
77 1799
78 2505
79 2566
80 1195
81 1841
82 958
83 2731
84 485
85 891
86 1241
87 2361
88 2626
89 2554
90 1930
91 1754
92 2908
93 1694
94 2344
95 1580
96 2424
97 1817
98 2030
99 755
100 1658
101 2032
102 1039
103 68
104 2763
105 210
106 1939
107 1001
108 681
109 1382
110 2293
111 1691
112 2845
113 1618
114 1507
115 212
116 124
117 1111
118 2789
119 518
120 14
121 1001
122 336
123 2208
124 584
125 869
126 1385
127 1411
128 1283
129 1965
130 2155
131 1140
132 2422
133 1929
134 502
135 962
136 1488
137 2788
138 2511
139 209
140 1293
141 2746
142 92
143 1747
144 2290
145 1420
146 2744
147 890
148 835
149 395
150 436
151 1165
152 6
153 1399
154 1353
155 2736
156 2649
157 2588
158 2307
159 1622
160 2466
161 936
162 2697
163 1267
164 2571
165 2015
166 2010
167 2219
168 662
169 172
170 951
171 2571
172 1607
173 55
174 433
175 1763
176 4
177 1220
178 456
179 453
180 1800
181 323
182 1931
183 314
184 2751
185 2689
186 2486
187 1762
188 2200
189 1366
190 2157
191 2084
192 697
193 2137
194 2208
195 2936
196 1307
197 791
198 2981
199 1534
200 945
201 2997
202 1784
203 2457
204 826
205 2305
206 1638
207 2437
208 2795
209 2336
210 2876
211 2558
212 1296
213 1204
214 1152
215 2587
216 1753
217 452
218 962
219 136
220 2238
221 1439
222 2523
223 183
224 1120
225 1656
226 1181
227 1419
228 1017
229 148
230 57
231 82
232 482
233 114
234 1073
235 1286
236 2731
237 343
238 299
239 1384
240 986
241 1710
242 2224
243 230
244 1
245 2837
246 1285
247 2675
248 1023
249 2503
250 1578
251 1561
252 2322
253 2934
254 2102
255 844
256 2572
257 277
258 1599
259 2726
260 2553
261 1944
262 610
263 1165
264 2558
265 920
266 2470
267 2442
268 2608
269 1614
270 1750
271 2407
272 778
273 1986

