70 93
0 2754
1 2106
2 2246
3 856
4 2714
5 2106
6 668
7 361
8 1503
9 339
10 1708
11 1109
12 1235
13 320
14 1996
15 2011
16 796
17 861
18 2344
19 1393
20 1796
21 394
22 1856
23 940
24 1006
25 1407
26 1836
27 411
28 2309
29 2812
30 368
31 58
32 1090
33 2593
34 2102
35 1421
36 1340
37 629
38 184
39 651
40 1685
41 1555
42 1861
43 660
44 1410
45 2557
46 1429
47 1309
48 2666
49 1170
50 2217
51 2273
52 2712
53 2711
54 536
55 2169
56 263
57 658
58 2818
59 2246
60 101
61 2822
62 2461
63 207
64 1252
65 781
66 2629
67 203
68 2737
69 1643

