210 4
0 305
1 1291
2 2926
3 745
4 307
5 2010
6 1481
7 2121
8 172
9 775
10 1569
11 2785
12 518
13 1383
14 2504
15 2132
16 1363
17 2981
18 95
19 1509
20 758
21 321
22 1611
23 1122
24 2447
25 2806
26 1738
27 418
28 621
29 2699
30 815
31 2812
32 1998
33 630
34 1794
35 2728
36 2767
37 421
38 2380
39 2790
40 990
41 910
42 1699
43 1397
44 2961
45 92
46 612
47 1912
48 528
49 1969
50 907
51 1210
52 779
53 1854
54 2750
55 946
56 686
57 1141
58 1655
59 1291
60 2969
61 2915
62 1989
63 1617
64 2121
65 2300
66 2549
67 2633
68 449
69 283
70 563
71 702
72 392
73 2828
74 332
75 1653
76 2186
77 274
78 2767
79 1568
80 2834
81 646
82 2345
83 2744
84 764
85 2110
86 1549
87 1352
88 1586
89 931
90 2981
91 2311
92 1647
93 1490
94 1970
95 33
96 624
97 2910
98 1822
99 1384
100 2913
101 2379
102 1047
103 1505
104 1781
105 1437
106 1938
107 2863
108 525
109 168
110 2155
111 1911
112 2183
113 2755
114 97
115 876
116 512
117 2977
118 822
119 206
120 440
121 514
122 385
123 276
124 1010
125 1266
126 179
127 2340
128 2438
129 2308
130 1616
131 2747
132 1239
133 2236
134 2802
135 1092
136 740
137 2290
138 2132
139 2984
140 2815
141 468
142 35
143 1004
144 427
145 2609
146 2925
147 266
148 4
149 2367
150 2468
151 2668
152 149
153 572
154 1357
155 1103
156 766
157 2315
158 1976
159 762
160 196
161 890
162 2803
163 2994
164 2817
165 671
166 38
167 1174
168 1230
169 31
170 207
171 696
172 2210
173 824
174 2786
175 970
176 1296
177 2028
178 1940
179 149
180 377
181 77
182 1628
183 1845
184 858
185 2736
186 1607
187 604
188 544
189 2596
190 1149
191 1820
192 1869
193 765
194 2447
195 1452
196 1857
197 589
198 2822
199 1586
200 2608
201 700
202 2085
203 510
204 2242
205 184
206 559
207 2258
208 364
209 11

