760 16
0 1431
1 1848
2 1058
3 605
4 2388
5 1502
6 1965
7 155
8 1347
9 425
10 567
11 546
12 2346
13 308
14 2606
15 1613
16 402
17 1444
18 1477
19 1989
20 49
21 2171
22 154
23 1896
24 2623
25 1249
26 929
27 2205
28 2972
29 1024
30 2350
31 26
32 2642
33 1252
34 1445
35 133
36 1882
37 2510
38 285
39 2544
40 2095
41 2135
42 1416
43 1257
44 2494
45 163
46 1993
47 1301
48 1695
49 1821
50 2304
51 742
52 502
53 588
54 2469
55 2854
56 1484
57 2211
58 2600
59 2145
60 759
61 2917
62 2530
63 2017
64 2747
65 1950
66 327
67 1992
68 2266
69 2424
70 2450
71 2034
72 1002
73 676
74 2463
75 2034
76 2077
77 1624
78 839
79 1580
80 2263
81 2095
82 704
83 1800
84 2282
85 415
86 2291
87 1615
88 1368
89 2212
90 1518
91 982
92 1369
93 2624
94 2320
95 1208
96 1044
97 469
98 1267
99 1966
100 2190
101 215
102 290
103 2808
104 2847
105 625
106 2574
107 2103
108 250
109 1258
110 234
111 1476
112 2290
113 2429
114 2492
115 2056
116 2333
117 1172
118 966
119 1503
120 1581
121 239
122 2755
123 1034
124 2161
125 2953
126 1269
127 469
128 1399
129 2332
130 1579
131 57
132 2801
133 1145
134 1491
135 2771
136 607
137 900
138 1142
139 735
140 2027
141 986
142 1052
143 221
144 925
145 2790
146 1708
147 585
148 2136
149 2123
150 2781
151 996
152 403
153 1234
154 2812
155 818
156 1432
157 1445
158 392
159 2614
160 1628
161 614
162 2396
163 1680
164 1314
165 551
166 287
167 1919
168 2794
169 737
170 1990
171 91
172 2711
173 2614
174 1232
175 2418
176 735
177 2279
178 544
179 2694
180 2440
181 2699
182 1379
183 127
184 1334
185 2103
186 2724
187 170
188 2861
189 566
190 783
191 837
192 1286
193 899
194 2562
195 1506
196 905
197 2711
198 881
199 3000
200 1774
201 1984
202 1830
203 1895
204 360
205 1628
206 79
207 778
208 143
209 570
210 1019
211 923
212 1315
213 1645
214 1236
215 1625
216 2893
217 590
218 799
219 1784
220 1319
221 2643
222 1805
223 1153
224 1196
225 1213
226 1438
227 234
228 36
229 1725
230 1770
231 2988
232 1117
233 1388
234 1722
235 1659
236 2199
237 2100
238 718
239 77
240 977
241 2017
242 2640
243 953
244 2932
245 2858
246 792
247 773
248 1525
249 2073
250 2130
251 1647
252 942
253 325
254 923
255 2866
256 1944
257 778
258 1544
259 2372
260 1705
261 2875
262 1229
263 1071
264 2078
265 1837
266 105
267 495
268 952
269 2996
270 1096
271 2492
272 1474
273 1792
274 321
275 1496
276 379
277 1882
278 163
279 2494
280 1622
281 323
282 1209
283 297
284 170
285 2556
286 1145
287 918
288 2385
289 2108
290 1361
291 973
292 1756
293 284
294 344
295 548
296 2292
297 888
298 2198
299 1522
300 2733
301 1335
302 761
303 1537
304 2089
305 412
306 202
307 1174
308 828
309 1767
310 1844
311 1576
312 2993
313 387
314 543
315 60
316 2013
317 971
318 1260
319 2712
320 1582
321 2140
322 2110
323 721
324 1781
325 1148
326 1172
327 1133
328 336
329 1457
330 455
331 939
332 1897
333 1918
334 2891
335 1907
336 458
337 387
338 2420
339 1484
340 2873
341 100
342 76
343 2017
344 2421
345 274
346 13
347 2189
348 1120
349 1773
350 2846
351 2947
352 2160
353 1217
354 2948
355 351
356 1787
357 1690
358 2174
359 218
360 101
361 2891
362 1828
363 520
364 2265
365 1900
366 2782
367 609
368 662
369 949
370 2116
371 1884
372 759
373 501
374 2251
375 1781
376 961
377 853
378 2145
379 370
380 292
381 942
382 50
383 1588
384 2777
385 296
386 1616
387 742
388 444
389 1395
390 1520
391 1828
392 57
393 1704
394 2083
395 1054
396 2463
397 284
398 1104
399 1016
400 226
401 2274
402 1885
403 279
404 1473
405 2545
406 2
407 2588
408 263
409 225
410 118
411 1822
412 2136
413 2793
414 2277
415 931
416 2877
417 1323
418 1779
419 485
420 762
421 2944
422 1675
423 400
424 1946
425 2032
426 2598
427 1601
428 53
429 2681
430 2253
431 1209
432 2093
433 567
434 479
435 1544
436 1463
437 1667
438 2798
439 413
440 985
441 1000
442 452
443 347
444 2830
445 1985
446 562
447 2821
448 2988
449 2255
450 1086
451 2910
452 2124
453 1116
454 438
455 1396
456 77
457 1272
458 15
459 1214
460 896
461 1958
462 1846
463 2030
464 721
465 380
466 664
467 24
468 1376
469 2287
470 868
471 1123
472 1342
473 554
474 1134
475 2877
476 2990
477 815
478 1363
479 494
480 1180
481 2494
482 2684
483 2862
484 376
485 2978
486 949
487 1066
488 545
489 1923
490 2604
491 2201
492 26
493 1118
494 1810
495 2365
496 32
497 2984
498 987
499 2429
500 1290
501 2009
502 379
503 433
504 842
505 2089
506 2361
507 2769
508 1555
509 2108
510 138
511 1232
512 2221
513 1770
514 404
515 1333
516 607
517 1827
518 835
519 2826
520 1544
521 1200
522 589
523 147
524 1379
525 1104
526 655
527 2249
528 283
529 1308
530 2122
531 652
532 2490
533 1284
534 1855
535 339
536 1306
537 1290
538 2627
539 1655
540 2977
541 2558
542 1836
543 642
544 839
545 410
546 37
547 1961
548 1396
549 784
550 2954
551 2758
552 447
553 2268
554 121
555 299
556 521
557 2398
558 1154
559 128
560 2651
561 2587
562 881
563 1387
564 1221
565 1454
566 2777
567 400
568 1529
569 1844
570 828
571 241
572 2089
573 2806
574 2739
575 1830
576 2700
577 1399
578 2000
579 1742
580 2989
581 0
582 948
583 987
584 2309
585 962
586 1022
587 992
588 2
589 1075
590 1952
591 2521
592 1760
593 1717
594 1663
595 988
596 2231
597 403
598 93
599 883
600 1083
601 801
602 1251
603 2368
604 2600
605 1677
606 209
607 1798
608 998
609 1622
610 1184
611 142
612 1401
613 867
614 2411
615 2904
616 866
617 1933
618 1965
619 2878
620 1721
621 1274
622 450
623 2665
624 2381
625 686
626 1283
627 968
628 2882
629 4
630 2997
631 352
632 667
633 2654
634 2550
635 1474
636 1197
637 1991
638 1093
639 1144
640 2543
641 2045
642 107
643 453
644 2944
645 69
646 468
647 1823
648 1161
649 1422
650 1321
651 2586
652 617
653 1893
654 1560
655 2767
656 1395
657 1397
658 963
659 765
660 1927
661 565
662 727
663 1855
664 2627
665 670
666 642
667 2192
668 2671
669 1378
670 958
671 2367
672 2008
673 1432
674 2192
675 777
676 694
677 2417
678 2048
679 58
680 1665
681 1171
682 2702
683 1995
684 1836
685 618
686 262
687 426
688 2427
689 2769
690 2371
691 1348
692 2428
693 1956
694 455
695 426
696 2746
697 253
698 1357
699 2603
700 2841
701 1306
702 600
703 2872
704 1683
705 223
706 2660
707 506
708 172
709 1106
710 829
711 1985
712 2972
713 2191
714 2504
715 489
716 783
717 1901
718 442
719 355
720 1806
721 2909
722 2827
723 2392
724 776
725 2774
726 2715
727 447
728 1980
729 267
730 2176
731 2882
732 1724
733 527
734 2047
735 917
736 2446
737 217
738 2534
739 1123
740 2170
741 375
742 2216
743 972
744 1354
745 2976
746 348
747 1354
748 2643
749 2660
750 1914
751 2174
752 149
753 917
754 2422
755 1304
756 658
757 2395
758 1046
759 1475

