879 59
0 1888
1 243
2 393
3 937
4 2504
5 550
6 2013
7 2902
8 1354
9 2207
10 29
11 1697
12 2138
13 1977
14 2571
15 2827
16 1552
17 93
18 135
19 1765
20 2952
21 1448
22 2837
23 636
24 2546
25 307
26 1032
27 212
28 712
29 2497
30 979
31 2619
32 2923
33 2339
34 31
35 2511
36 47
37 656
38 1141
39 2597
40 1179
41 1511
42 2111
43 1986
44 2624
45 114
46 1105
47 1532
48 1099
49 484
50 242
51 773
52 1214
53 2255
54 108
55 918
56 547
57 617
58 801
59 298
60 2511
61 1309
62 2978
63 2380
64 2824
65 55
66 1750
67 142
68 796
69 1707
70 619
71 2325
72 503
73 2263
74 1163
75 2216
76 812
77 2079
78 1391
79 2176
80 2335
81 1452
82 681
83 103
84 576
85 297
86 1032
87 214
88 259
89 1229
90 1615
91 2777
92 66
93 1194
94 31
95 826
96 931
97 2964
98 618
99 2741
100 2510
101 760
102 1412
103 1664
104 1710
105 218
106 2311
107 938
108 1417
109 1159
110 2362
111 2066
112 20
113 801
114 1131
115 1703
116 2571
117 2949
118 1619
119 2924
120 2804
121 1926
122 1510
123 393
124 2763
125 1822
126 1856
127 1107
128 1367
129 823
130 533
131 461
132 363
133 2763
134 2892
135 1339
136 1992
137 2465
138 551
139 2207
140 444
141 559
142 2535
143 2387
144 113
145 1657
146 548
147 755
148 2854
149 2719
150 2302
151 1077
152 1566
153 254
154 859
155 1656
156 1867
157 1581
158 1124
159 2117
160 1399
161 2099
162 2362
163 937
164 2928
165 804
166 1085
167 2868
168 847
169 2928
170 1232
171 2535
172 1270
173 2378
174 1350
175 2303
176 674
177 1699
178 1995
179 2071
180 962
181 2679
182 1477
183 966
184 140
185 153
186 2896
187 2669
188 1893
189 246
190 57
191 2744
192 2264
193 2430
194 1573
195 225
196 2477
197 1595
198 459
199 1514
200 1887
201 375
202 720
203 2249
204 817
205 1235
206 2617
207 2273
208 1564
209 24
210 1562
211 1951
212 1963
213 85
214 1351
215 1312
216 2847
217 940
218 334
219 2321
220 753
221 1526
222 1665
223 402
224 628
225 2776
226 88
227 241
228 427
229 1801
230 2316
231 2648
232 1779
233 1933
234 2633
235 19
236 2854
237 1464
238 1017
239 1451
240 919
241 307
242 2127
243 1317
244 2619
245 633
246 1030
247 2760
248 2975
249 1720
250 2774
251 910
252 948
253 1023
254 1417
255 2490
256 85
257 513
258 2181
259 872
260 1432
261 2902
262 2258
263 482
264 763
265 689
266 1394
267 4
268 1516
269 2635
270 1937
271 505
272 2437
273 867
274 51
275 2286
276 731
277 2042
278 1968
279 1288
280 833
281 1015
282 2364
283 73
284 1422
285 1799
286 2711
287 1354
288 2695
289 1847
290 2401
291 241
292 342
293 2354
294 1166
295 794
296 575
297 2397
298 1184
299 2328
300 496
301 2250
302 399
303 1581
304 966
305 1906
306 1464
307 234
308 2175
309 1701
310 983
311 2356
312 2819
313 2361
314 1391
315 1237
316 749
317 2626
318 1212
319 1194
320 2244
321 2273
322 72
323 940
324 438
325 1407
326 2284
327 2394
328 172
329 951
330 1483
331 1823
332 372
333 1610
334 1676
335 1995
336 1251
337 644
338 2547
339 254
340 107
341 2703
342 1553
343 465
344 1283
345 520
346 2781
347 2131
348 1547
349 401
350 252
351 2197
352 1949
353 2405
354 817
355 192
356 986
357 611
358 2442
359 1238
360 1059
361 997
362 2953
363 1047
364 1992
365 2537
366 2246
367 1654
368 2507
369 2326
370 2643
371 1604
372 446
373 2233
374 807
375 2085
376 1225
377 2307
378 961
379 2213
380 2865
381 698
382 261
383 973
384 2661
385 417
386 1895
387 1360
388 456
389 2635
390 2812
391 838
392 672
393 365
394 1080
395 1859
396 8
397 226
398 1256
399 2084
400 1661
401 413
402 1407
403 867
404 1532
405 170
406 1599
407 1750
408 1699
409 132
410 2412
411 593
412 1889
413 694
414 2725
415 1688
416 2602
417 694
418 1391
419 302
420 1897
421 2437
422 1297
423 296
424 1392
425 545
426 1379
427 24
428 902
429 1791
430 2306
431 227
432 946
433 180
434 764
435 2240
436 847
437 2781
438 2577
439 1957
440 1849
441 1026
442 954
443 2603
444 279
445 2077
446 2702
447 94
448 2245
449 6
450 2916
451 2754
452 1579
453 387
454 2775
455 2088
456 802
457 618
458 2416
459 1043
460 2732
461 1501
462 1230
463 214
464 2924
465 1330
466 724
467 1155
468 366
469 842
470 1736
471 820
472 2851
473 530
474 2990
475 146
476 1003
477 2977
478 455
479 277
480 2650
481 1674
482 1708
483 1160
484 1418
485 2276
486 941
487 2512
488 417
489 2603
490 748
491 2577
492 875
493 1221
494 55
495 530
496 165
497 1914
498 1647
499 1192
500 2428
501 379
502 1064
503 320
504 1963
505 2768
506 1223
507 2124
508 2424
509 978
510 1419
511 1884
512 997
513 1633
514 1890
515 1913
516 1641
517 881
518 2319
519 1602
520 2227
521 2408
522 1587
523 2647
524 2749
525 1956
526 1955
527 2059
528 345
529 986
530 1931
531 1899
532 1434
533 1598
534 288
535 1064
536 485
537 415
538 1854
539 94
540 1034
541 2978
542 2160
543 2930
544 1488
545 1321
546 124
547 282
548 2692
549 365
550 1348
551 54
552 2530
553 2956
554 1724
555 689
556 828
557 2642
558 2808
559 666
560 2208
561 839
562 2543
563 1257
564 2345
565 405
566 2244
567 1697
568 1814
569 325
570 335
571 2978
572 673
573 2009
574 2935
575 1004
576 2706
577 1937
578 2705
579 823
580 454
581 484
582 2824
583 2480
584 1926
585 1877
586 1111
587 1026
588 2889
589 1605
590 2438
591 1776
592 1407
593 971
594 2365
595 2299
596 2007
597 2284
598 63
599 353
600 442
601 2184
602 1136
603 2013
604 1316
605 1051
606 2981
607 400
608 2438
609 2126
610 1657
611 2699
612 1938
613 368
614 399
615 1462
616 667
617 1369
618 718
619 2897
620 481
621 1563
622 2885
623 161
624 1532
625 1311
626 2629
627 1065
628 2768
629 860
630 599
631 330
632 1169
633 2518
634 1619
635 2489
636 765
637 1789
638 1214
639 577
640 1978
641 2059
642 1566
643 2191
644 2850
645 2616
646 236
647 368
648 1277
649 297
650 2150
651 1400
652 347
653 2791
654 1717
655 1069
656 1555
657 548
658 413
659 2452
660 615
661 2769
662 2451
663 663
664 1057
665 372
666 50
667 1044
668 289
669 656
670 1872
671 1107
672 778
673 585
674 1785
675 2480
676 1283
677 2724
678 2968
679 2771
680 1516
681 96
682 1077
683 858
684 1840
685 2295
686 547
687 744
688 280
689 942
690 2546
691 2090
692 799
693 2338
694 999
695 1976
696 1185
697 881
698 1839
699 771
700 5
701 618
702 2067
703 2120
704 1035
705 1930
706 100
707 48
708 1636
709 1196
710 871
711 1454
712 237
713 2596
714 2866
715 2417
716 2833
717 1051
718 777
719 2959
720 2550
721 919
722 1108
723 1841
724 1597
725 1648
726 2290
727 1645
728 2596
729 2458
730 1777
731 1306
732 2063
733 1103
734 398
735 862
736 2549
737 2453
738 644
739 416
740 652
741 2342
742 1857
743 891
744 2740
745 1961
746 584
747 365
748 496
749 1964
750 1569
751 2174
752 1983
753 1372
754 2694
755 178
756 592
757 2953
758 2191
759 1369
760 1734
761 1714
762 2216
763 676
764 784
765 2435
766 2121
767 1186
768 2562
769 2533
770 1223
771 2828
772 233
773 1827
774 587
775 1142
776 583
777 1345
778 1161
779 2346
780 961
781 370
782 2678
783 220
784 2833
785 2636
786 817
787 856
788 2421
789 2848
790 2680
791 2895
792 2192
793 2754
794 1656
795 2225
796 2753
797 970
798 450
799 2702
800 1007
801 2177
802 2670
803 261
804 2562
805 2210
806 541
807 827
808 2759
809 2620
810 2548
811 573
812 1680
813 2242
814 70
815 2188
816 1314
817 1671
818 1635
819 1909
820 1618
821 741
822 1310
823 5
824 500
825 2762
826 2457
827 2418
828 2530
829 2800
830 2906
831 1579
832 2732
833 1281
834 2766
835 1758
836 2292
837 2043
838 1681
839 2244
840 1181
841 412
842 290
843 257
844 2142
845 2526
846 2018
847 802
848 2013
849 709
850 2872
851 2864
852 2052
853 493
854 2321
855 2613
856 2482
857 642
858 290
859 1949
860 1085
861 2347
862 1820
863 972
864 474
865 1184
866 2336
867 1110
868 1315
869 2169
870 1626
871 462
872 2744
873 28
874 332
875 1323
876 754
877 1028
878 1247

