963 49
0 2199
1 1586
2 1127
3 2394
4 624
5 118
6 2221
7 516
8 2564
9 563
10 1071
11 331
12 2384
13 1055
14 569
15 1708
16 50
17 2289
18 1604
19 274
20 2692
21 2712
22 2317
23 772
24 416
25 2654
26 2496
27 351
28 1610
29 1429
30 2835
31 712
32 2738
33 2875
34 218
35 2732
36 2323
37 2916
38 1035
39 763
40 2825
41 602
42 641
43 1518
44 1806
45 917
46 432
47 1043
48 2028
49 2298
50 1900
51 1633
52 1277
53 2181
54 1245
55 1065
56 3000
57 877
58 2404
59 154
60 2907
61 731
62 2315
63 1525
64 2335
65 1543
66 278
67 2791
68 2024
69 1012
70 20
71 2277
72 2377
73 359
74 1956
75 2298
76 2347
77 2938
78 862
79 2838
80 2480
81 2705
82 1596
83 218
84 461
85 699
86 2985
87 1043
88 1655
89 2840
90 1337
91 341
92 2822
93 2840
94 303
95 2523
96 2813
97 2436
98 554
99 121
100 415
101 1905
102 1703
103 814
104 2764
105 752
106 1863
107 662
108 558
109 1866
110 2030
111 1860
112 542
113 919
114 2907
115 2049
116 566
117 258
118 2550
119 2724
120 829
121 1206
122 1337
123 1416
124 2280
125 2353
126 308
127 2365
128 2984
129 1094
130 319
131 748
132 2905
133 1212
134 1821
135 1563
136 2144
137 187
138 637
139 8
140 2642
141 1802
142 181
143 1112
144 389
145 574
146 2314
147 1813
148 887
149 2996
150 2317
151 1964
152 1817
153 2811
154 1089
155 373
156 921
157 1194
158 2614
159 404
160 204
161 959
162 781
163 602
164 1835
165 1519
166 1602
167 1102
168 101
169 2850
170 2803
171 786
172 1892
173 2456
174 2599
175 2377
176 789
177 2871
178 1112
179 338
180 52
181 792
182 1139
183 481
184 2117
185 512
186 2477
187 16
188 16
189 2344
190 209
191 419
192 1865
193 2832
194 1456
195 2508
196 561
197 1412
198 1168
199 2284
200 594
201 1717
202 523
203 2117
204 1675
205 2574
206 1399
207 1335
208 2068
209 2348
210 1117
211 1100
212 2905
213 2687
214 1054
215 2527
216 1677
217 2763
218 2648
219 1004
220 263
221 2235
222 1680
223 2532
224 1179
225 2732
226 2652
227 2385
228 1128
229 1497
230 843
231 475
232 968
233 2748
234 370
235 596
236 107
237 639
238 1421
239 2992
240 2696
241 237
242 1849
243 586
244 1061
245 2787
246 2239
247 1968
248 1932
249 1939
250 1855
251 2979
252 340
253 2148
254 963
255 2899
256 1408
257 1152
258 1627
259 1393
260 541
261 1602
262 295
263 394
264 2641
265 1401
266 1361
267 1214
268 2529
269 2596
270 1983
271 1257
272 196
273 2225
274 1968
275 2402
276 220
277 1269
278 1889
279 116
280 2277
281 2763
282 503
283 2350
284 2822
285 719
286 1927
287 2390
288 2581
289 410
290 279
291 148
292 1031
293 291
294 2320
295 1024
296 1291
297 882
298 1665
299 2015
300 2817
301 268
302 704
303 2866
304 1242
305 2323
306 2876
307 597
308 2931
309 1365
310 2123
311 557
312 862
313 2818
314 2117
315 1168
316 2000
317 1520
318 1827
319 2541
320 1876
321 1697
322 189
323 2284
324 1940
325 1133
326 729
327 2061
328 2036
329 1283
330 734
331 2455
332 2890
333 1643
334 555
335 2125
336 2546
337 561
338 2753
339 2704
340 1826
341 2961
342 1015
343 2442
344 2067
345 2232
346 2512
347 2055
348 2619
349 2877
350 2579
351 2483
352 1268
353 669
354 117
355 1550
356 859
357 2538
358 1589
359 1748
360 1097
361 394
362 334
363 370
364 2739
365 2136
366 1024
367 2141
368 1122
369 259
370 857
371 1310
372 2758
373 1068
374 2398
375 705
376 2634
377 2742
378 2782
379 2719
380 545
381 588
382 927
383 1911
384 1788
385 2288
386 2927
387 1444
388 2792
389 1782
390 2038
391 511
392 1387
393 60
394 676
395 2540
396 2662
397 341
398 1566
399 641
400 1524
401 2219
402 2674
403 2899
404 2014
405 2937
406 2689
407 1001
408 717
409 724
410 1268
411 2036
412 1804
413 2021
414 2105
415 548
416 2556
417 718
418 724
419 1231
420 1814
421 2487
422 676
423 581
424 2393
425 1563
426 1006
427 486
428 0
429 1885
430 2671
431 1701
432 1944
433 639
434 143
435 2629
436 61
437 1193
438 1336
439 200
440 1501
441 246
442 2132
443 551
444 2768
445 2763
446 2429
447 999
448 2908
449 2554
450 1902
451 1567
452 2842
453 2164
454 26
455 625
456 2016
457 13
458 247
459 2797
460 2415
461 1524
462 1825
463 374
464 2381
465 837
466 2400
467 2635
468 2441
469 2497
470 1011
471 188
472 2719
473 859
474 1672
475 2353
476 1818
477 2358
478 2622
479 1908
480 854
481 1744
482 2649
483 543
484 2678
485 268
486 1369
487 2499
488 2935
489 50
490 586
491 1991
492 1780
493 115
494 1623
495 646
496 2781
497 2776
498 717
499 2418
500 256
501 1494
502 2784
503 1960
504 2464
505 1667
506 1704
507 2355
508 238
509 55
510 2640
511 1132
512 2672
513 1604
514 2436
515 1546
516 2115
517 1833
518 909
519 1148
520 2090
521 2930
522 978
523 1940
524 1799
525 2586
526 1562
527 1304
528 1939
529 2468
530 286
531 1024
532 2679
533 2277
534 2686
535 2005
536 2469
537 2314
538 386
539 585
540 1860
541 624
542 1350
543 476
544 1785
545 65
546 1982
547 1493
548 2524
549 2185
550 422
551 1424
552 506
553 1172
554 1793
555 802
556 2041
557 2882
558 1139
559 2559
560 55
561 367
562 2034
563 2348
564 2048
565 691
566 188
567 1546
568 1059
569 653
570 2914
571 1567
572 1717
573 849
574 2153
575 1583
576 2817
577 1363
578 2793
579 1556
580 202
581 6
582 1688
583 457
584 1198
585 1164
586 2741
587 592
588 1522
589 468
590 221
591 2625
592 2846
593 1487
594 1524
595 2454
596 1396
597 2904
598 2173
599 1852
600 1518
601 2892
602 853
603 29
604 1201
605 1550
606 81
607 2941
608 1643
609 2989
610 638
611 2119
612 2588
613 66
614 1590
615 2662
616 1407
617 2378
618 1394
619 1367
620 2830
621 1653
622 1783
623 2237
624 2312
625 1705
626 2036
627 2592
628 1497
629 1538
630 1857
631 290
632 2792
633 2429
634 1045
635 748
636 169
637 558
638 2664
639 690
640 1472
641 2964
642 2265
643 397
644 978
645 897
646 2645
647 1063
648 1381
649 1519
650 796
651 825
652 2001
653 312
654 2350
655 1192
656 2891
657 2427
658 1065
659 2285
660 339
661 2125
662 1490
663 1095
664 448
665 2457
666 1878
667 2610
668 2215
669 1562
670 1598
671 909
672 1512
673 2958
674 695
675 1861
676 2011
677 240
678 312
679 2762
680 76
681 1703
682 2801
683 1207
684 2748
685 400
686 1882
687 1862
688 380
689 2669
690 443
691 2972
692 2848
693 1239
694 2065
695 2394
696 2809
697 1538
698 71
699 1442
700 732
701 845
702 2163
703 670
704 8
705 2982
706 344
707 1849
708 1657
709 1417
710 2049
711 1459
712 1075
713 2401
714 162
715 977
716 915
717 200
718 2514
719 1300
720 2965
721 2322
722 80
723 1093
724 759
725 2
726 585
727 1404
728 1795
729 2210
730 1268
731 232
732 2785
733 2926
734 812
735 1253
736 1845
737 984
738 323
739 945
740 1068
741 2031
742 1232
743 599
744 1465
745 1912
746 1806
747 2902
748 621
749 1072
750 593
751 2506
752 2155
753 318
754 2341
755 2996
756 650
757 1978
758 446
759 101
760 268
761 2609
762 871
763 743
764 1616
765 2942
766 1639
767 2797
768 2086
769 1533
770 944
771 2298
772 1881
773 346
774 1340
775 1058
776 1126
777 2503
778 2886
779 2850
780 2574
781 385
782 1595
783 1211
784 273
785 2938
786 919
787 417
788 2622
789 603
790 1595
791 734
792 860
793 762
794 672
795 2916
796 1045
797 795
798 1534
799 2907
800 2640
801 758
802 685
803 2944
804 2739
805 2522
806 734
807 2917
808 2056
809 591
810 2148
811 2618
812 308
813 2529
814 2465
815 2713
816 2720
817 1671
818 2560
819 2202
820 2724
821 1899
822 2023
823 707
824 99
825 1457
826 2133
827 1264
828 333
829 312
830 542
831 2553
832 1851
833 1112
834 1590
835 1356
836 2442
837 617
838 1435
839 1215
840 2598
841 1808
842 2510
843 2277
844 1072
845 2363
846 2232
847 226
848 1765
849 1923
850 1093
851 1310
852 1526
853 1378
854 1270
855 2914
856 57
857 1900
858 1526
859 2378
860 1895
861 213
862 157
863 782
864 921
865 611
866 1704
867 2659
868 615
869 2553
870 1722
871 506
872 870
873 2708
874 2131
875 404
876 754
877 2268
878 1675
879 2842
880 1967
881 557
882 2434
883 1179
884 12
885 947
886 1637
887 445
888 1739
889 2540
890 2130
891 1225
892 946
893 2273
894 2482
895 416
896 2045
897 459
898 405
899 1331
900 159
901 2933
902 1074
903 2438
904 1192
905 477
906 19
907 359
908 2420
909 1164
910 1022
911 645
912 27
913 1298
914 2546
915 1693
916 947
917 2991
918 2397
919 90
920 2608
921 681
922 2858
923 1807
924 1626
925 1742
926 2186
927 1283
928 225
929 1969
930 315
931 2726
932 2082
933 536
934 2816
935 857
936 1772
937 1513
938 1480
939 2470
940 2424
941 2729
942 1975
943 104
944 1104
945 10
946 437
947 1478
948 776
949 202
950 2824
951 2522
952 2607
953 1013
954 2483
955 225
956 899
957 1873
958 2701
959 2963
960 2865
961 172
962 2186

