464 2
0 627
1 1596
2 1674
3 2540
4 500
5 894
6 1244
7 99
8 1208
9 124
10 1913
11 2912
12 691
13 318
14 1535
15 1816
16 1529
17 1300
18 1769
19 190
20 2654
21 86
22 1726
23 2945
24 2867
25 2640
26 77
27 31
28 656
29 974
30 47
31 2230
32 599
33 481
34 2603
35 2946
36 2122
37 1160
38 1516
39 2469
40 2968
41 620
42 1213
43 2312
44 1298
45 1587
46 1627
47 2929
48 988
49 2716
50 2022
51 1875
52 2296
53 1971
54 1587
55 1792
56 1955
57 2331
58 497
59 2196
60 1682
61 984
62 1777
63 2145
64 1608
65 2664
66 2800
67 1739
68 1109
69 465
70 1641
71 503
72 2122
73 2043
74 2352
75 2966
76 2707
77 212
78 514
79 2086
80 151
81 2561
82 1150
83 2635
84 1740
85 2113
86 1159
87 2424
88 84
89 267
90 2303
91 166
92 2850
93 952
94 668
95 2422
96 1610
97 1500
98 1879
99 1289
100 447
101 2955
102 1238
103 1093
104 1248
105 1742
106 2024
107 2286
108 2315
109 1964
110 372
111 819
112 449
113 1077
114 2279
115 139
116 1812
117 1557
118 1761
119 606
120 422
121 110
122 1417
123 2528
124 2072
125 896
126 2248
127 1490
128 2980
129 858
130 2537
131 2041
132 94
133 2633
134 1328
135 1084
136 506
137 771
138 2458
139 1593
140 607
141 209
142 2462
143 131
144 2630
145 1966
146 1905
147 2073
148 1705
149 2304
150 1415
151 1853
152 673
153 420
154 890
155 215
156 2786
157 1655
158 1859
159 681
160 1417
161 426
162 1561
163 201
164 267
165 982
166 1256
167 1568
168 2018
169 585
170 1433
171 201
172 2626
173 2802
174 1894
175 2066
176 504
177 2120
178 1543
179 2584
180 2315
181 1483
182 70
183 1268
184 1261
185 2144
186 2956
187 1247
188 1191
189 1944
190 1677
191 665
192 1231
193 2707
194 29
195 1132
196 1476
197 705
198 1758
199 388
200 2736
201 387
202 2318
203 930
204 2576
205 0
206 1881
207 2314
208 817
209 667
210 1385
211 87
212 293
213 2759
214 2199
215 1244
216 1308
217 2212
218 2805
219 2402
220 2537
221 1985
222 2587
223 1698
224 1028
225 2942
226 2001
227 447
228 383
229 2977
230 1018
231 443
232 767
233 2508
234 2374
235 1640
236 2138
237 64
238 2225
239 1249
240 1499
241 967
242 506
243 368
244 353
245 2131
246 2323
247 1829
248 1956
249 2997
250 1870
251 2612
252 603
253 277
254 597
255 1177
256 545
257 1857
258 1408
259 2913
260 1256
261 893
262 843
263 1926
264 1904
265 1787
266 714
267 636
268 1160
269 1951
270 1551
271 2089
272 1276
273 1985
274 133
275 2163
276 1985
277 1688
278 1376
279 794
280 1788
281 1868
282 1406
283 2362
284 2070
285 2613
286 1543
287 369
288 578
289 558
290 2876
291 1012
292 2511
293 2183
294 329
295 204
296 691
297 75
298 1233
299 993
300 1161
301 1389
302 2785
303 1608
304 2842
305 823
306 104
307 289
308 882
309 2940
310 511
311 2427
312 1697
313 589
314 265
315 1731
316 833
317 738
318 300
319 1673
320 214
321 699
322 2384
323 181
324 1578
325 1581
326 740
327 640
328 2172
329 1406
330 2199
331 48
332 1560
333 13
334 2802
335 1078
336 2071
337 1708
338 1845
339 2969
340 766
341 243
342 2769
343 48
344 2193
345 2622
346 2060
347 1349
348 817
349 2007
350 2438
351 2331
352 170
353 2711
354 2115
355 595
356 1375
357 2784
358 1436
359 1505
360 1637
361 2478
362 2047
363 1395
364 1147
365 459
366 611
367 1771
368 367
369 1054
370 2797
371 223
372 2764
373 1778
374 2912
375 2310
376 2596
377 858
378 725
379 2944
380 2539
381 1541
382 2210
383 750
384 1707
385 221
386 82
387 663
388 2621
389 568
390 652
391 2305
392 2844
393 2488
394 940
395 2709
396 2050
397 1650
398 734
399 595
400 1031
401 736
402 1764
403 1406
404 628
405 2108
406 470
407 2025
408 2520
409 16
410 136
411 1582
412 257
413 1800
414 82
415 1212
416 2420
417 2289
418 196
419 1157
420 1367
421 2445
422 756
423 1885
424 1657
425 2336
426 1655
427 2691
428 1335
429 1370
430 1610
431 2026
432 847
433 1483
434 2120
435 2761
436 1296
437 1986
438 913
439 1370
440 2997
441 259
442 651
443 2898
444 1804
445 1980
446 879
447 486
448 2151
449 1243
450 724
451 736
452 401
453 2315
454 814
455 2321
456 864
457 1051
458 694
459 2038
460 571
461 2784
462 2603
463 72

