782 96
0 1446
1 2140
2 244
3 472
4 1903
5 1351
6 166
7 2814
8 1257
9 2181
10 1180
11 2335
12 1195
13 1165
14 1899
15 1185
16 2279
17 1159
18 1265
19 2537
20 55
21 2375
22 430
23 629
24 1337
25 352
26 1147
27 203
28 708
29 2724
30 707
31 568
32 1882
33 491
34 793
35 107
36 79
37 1155
38 163
39 674
40 2397
41 1305
42 1733
43 2266
44 1394
45 1360
46 1000
47 2697
48 1887
49 1331
50 864
51 1748
52 1160
53 2240
54 2815
55 2534
56 958
57 367
58 881
59 343
60 2051
61 153
62 2917
63 2720
64 2552
65 1526
66 1839
67 2390
68 2577
69 2194
70 2845
71 1642
72 188
73 2305
74 1176
75 1608
76 1550
77 1060
78 1885
79 2108
80 2445
81 118
82 1810
83 2318
84 631
85 802
86 756
87 2533
88 1205
89 1763
90 1334
91 905
92 2225
93 1004
94 2606
95 2003
96 2883
97 2600
98 1938
99 1199
100 741
101 123
102 2049
103 1120
104 631
105 2758
106 187
107 2765
108 881
109 44
110 291
111 140
112 1504
113 1625
114 1556
115 2406
116 2103
117 2501
118 806
119 1438
120 1505
121 1154
122 418
123 2101
124 565
125 2956
126 765
127 666
128 998
129 1736
130 2209
131 2061
132 2707
133 1723
134 1493
135 1994
136 2564
137 908
138 2826
139 2037
140 1831
141 124
142 1225
143 2588
144 1359
145 2592
146 900
147 1377
148 1975
149 1603
150 562
151 2361
152 2363
153 2420
154 1255
155 875
156 521
157 1958
158 1310
159 978
160 1730
161 953
162 1880
163 1523
164 739
165 742
166 346
167 1043
168 624
169 189
170 2580
171 2109
172 2658
173 1031
174 1726
175 2167
176 505
177 1366
178 2693
179 2130
180 2445
181 1900
182 1869
183 1964
184 1179
185 2053
186 2724
187 1078
188 2139
189 2312
190 2863
191 1596
192 641
193 806
194 342
195 176
196 2413
197 194
198 478
199 1449
200 390
201 2044
202 1591
203 795
204 2089
205 695
206 2107
207 2110
208 1720
209 2099
210 850
211 139
212 315
213 1013
214 2664
215 2336
216 1803
217 2737
218 1217
219 956
220 1770
221 235
222 1048
223 357
224 2053
225 1446
226 119
227 677
228 610
229 1963
230 723
231 2826
232 1464
233 2343
234 1829
235 2022
236 1118
237 2043
238 1077
239 302
240 2106
241 2374
242 2661
243 2430
244 2271
245 273
246 2642
247 2301
248 549
249 2259
250 1190
251 1373
252 2083
253 583
254 688
255 2464
256 126
257 1924
258 2452
259 3000
260 1219
261 174
262 389
263 1612
264 799
265 1880
266 2295
267 1190
268 1488
269 2656
270 98
271 1836
272 2881
273 661
274 1714
275 1656
276 2205
277 1922
278 239
279 696
280 547
281 1285
282 189
283 2843
284 477
285 814
286 2835
287 2034
288 299
289 301
290 1226
291 139
292 2283
293 214
294 2771
295 181
296 1852
297 644
298 206
299 192
300 1529
301 2056
302 2772
303 2136
304 1889
305 1555
306 2679
307 920
308 1883
309 1002
310 2518
311 2100
312 20
313 1642
314 2948
315 2929
316 2903
317 612
318 648
319 2493
320 1780
321 1629
322 1946
323 2833
324 605
325 938
326 1271
327 1044
328 1046
329 1929
330 1950
331 1376
332 2548
333 2055
334 2524
335 1071
336 965
337 2856
338 2308
339 1385
340 1342
341 84
342 1199
343 945
344 2164
345 300
346 1307
347 2275
348 483
349 2836
350 897
351 2931
352 937
353 1707
354 191
355 2852
356 2446
357 2293
358 2521
359 86
360 1741
361 1004
362 941
363 1108
364 1880
365 2079
366 2925
367 2778
368 2108
369 995
370 1733
371 2451
372 979
373 179
374 2363
375 518
376 155
377 1939
378 2693
379 500
380 1144
381 2039
382 1027
383 1410
384 907
385 2358
386 1256
387 103
388 2897
389 2782
390 889
391 1917
392 130
393 2722
394 964
395 86
396 1935
397 1774
398 2218
399 1194
400 1061
401 1384
402 686
403 2783
404 44
405 670
406 1752
407 1448
408 1540
409 2749
410 161
411 2846
412 974
413 2271
414 2307
415 1142
416 669
417 1042
418 2102
419 1684
420 1603
421 1271
422 1066
423 1733
424 2951
425 2148
426 1878
427 305
428 1213
429 86
430 327
431 850
432 1393
433 772
434 108
435 2453
436 1262
437 2047
438 522
439 2895
440 1612
441 2623
442 6
443 2489
444 2204
445 1160
446 1360
447 2422
448 2611
449 101
450 948
451 2758
452 461
453 532
454 591
455 2343
456 210
457 784
458 2235
459 669
460 1665
461 1318
462 1389
463 1995
464 150
465 1092
466 1918
467 1132
468 852
469 157
470 501
471 902
472 2782
473 2726
474 995
475 2887
476 384
477 2982
478 803
479 340
480 188
481 1571
482 2103
483 1696
484 1099
485 1876
486 1347
487 2234
488 848
489 1634
490 2737
491 1703
492 87
493 1300
494 232
495 2181
496 2507
497 2722
498 706
499 286
500 1738
501 2239
502 2317
503 2487
504 1507
505 1088
506 2636
507 1607
508 532
509 2261
510 1715
511 1831
512 1819
513 2073
514 2244
515 760
516 2868
517 2854
518 881
519 590
520 2235
521 253
522 1859
523 1744
524 1354
525 1809
526 2620
527 633
528 2346
529 2759
530 1524
531 2822
532 861
533 2398
534 2192
535 1081
536 1048
537 958
538 2569
539 1235
540 2421
541 438
542 1292
543 2233
544 2405
545 1040
546 1162
547 2033
548 2836
549 798
550 198
551 1789
552 2412
553 1161
554 2834
555 1090
556 1528
557 2506
558 1695
559 116
560 1701
561 1401
562 2520
563 1277
564 2013
565 393
566 2472
567 930
568 19
569 1921
570 903
571 505
572 29
573 1571
574 2298
575 2202
576 2993
577 1777
578 2026
579 2325
580 1134
581 2997
582 5
583 2402
584 1400
585 2604
586 61
587 1684
588 1050
589 2046
590 1043
591 2657
592 698
593 2699
594 847
595 2575
596 1347
597 812
598 1730
599 859
600 481
601 490
602 2500
603 32
604 1970
605 1982
606 550
607 1895
608 1257
609 2304
610 1850
611 1166
612 1713
613 386
614 2701
615 1424
616 520
617 2837
618 2767
619 2009
620 1084
621 357
622 1303
623 1280
624 1123
625 1683
626 659
627 1966
628 2629
629 2350
630 1051
631 818
632 1997
633 2721
634 211
635 2044
636 2791
637 2693
638 2566
639 1932
640 642
641 742
642 990
643 885
644 122
645 2923
646 2541
647 1206
648 1450
649 1073
650 1734
651 75
652 676
653 2945
654 188
655 1735
656 909
657 2740
658 1374
659 518
660 453
661 2391
662 238
663 2426
664 2479
665 1428
666 1627
667 580
668 2816
669 318
670 2732
671 2276
672 470
673 67
674 280
675 2086
676 2378
677 2208
678 1662
679 2054
680 2877
681 1978
682 180
683 2869
684 27
685 34
686 300
687 2689
688 235
689 1922
690 1681
691 232
692 2132
693 198
694 1361
695 2806
696 2089
697 1146
698 1620
699 1628
700 514
701 330
702 2630
703 523
704 1536
705 2192
706 729
707 439
708 87
709 1694
710 1884
711 2480
712 335
713 2688
714 142
715 2723
716 1451
717 733
718 411
719 2822
720 596
721 2798
722 601
723 302
724 229
725 1279
726 2182
727 1907
728 1441
729 2863
730 884
731 911
732 1705
733 2787
734 1618
735 1631
736 2987
737 509
738 1462
739 831
740 1981
741 1905
742 2195
743 1463
744 2428
745 2954
746 2032
747 1297
748 2402
749 2738
750 267
751 2800
752 2789
753 262
754 86
755 716
756 121
757 966
758 743
759 658
760 401
761 2457
762 619
763 1125
764 1863
765 2706
766 986
767 2609
768 272
769 1476
770 2110
771 2005
772 252
773 1033
774 1087
775 2893
776 2926
777 1081
778 2789
779 2081
780 1981
781 1209

