550 1
0 69
1 83
2 2409
3 1027
4 322
5 1432
6 411
7 786
8 2396
9 806
10 171
11 229
12 365
13 797
14 1348
15 1784
16 2289
17 746
18 2470
19 230
20 1005
21 1111
22 2524
23 2886
24 2971
25 1591
26 388
27 2870
28 966
29 1285
30 1982
31 2299
32 2460
33 488
34 1146
35 1711
36 2452
37 2356
38 2209
39 118
40 1487
41 2311
42 2439
43 2635
44 863
45 2225
46 860
47 21
48 764
49 698
50 1156
51 184
52 1296
53 548
54 2008
55 59
56 2420
57 615
58 2467
59 775
60 1932
61 1234
62 1993
63 2452
64 1817
65 1966
66 2632
67 925
68 2927
69 532
70 103
71 2788
72 1955
73 250
74 1971
75 1688
76 1648
77 1755
78 2632
79 1179
80 1219
81 1214
82 157
83 1912
84 532
85 657
86 1889
87 1869
88 633
89 1042
90 897
91 1536
92 463
93 1239
94 750
95 2996
96 607
97 2401
98 2930
99 1735
100 1081
101 2301
102 1416
103 882
104 2908
105 2696
106 2173
107 2919
108 842
109 2849
110 2773
111 1686
112 1451
113 1622
114 2655
115 2724
116 2040
117 982
118 2039
119 169
120 2734
121 972
122 2553
123 1092
124 428
125 683
126 2400
127 1870
128 2672
129 2190
130 946
131 2494
132 1897
133 1158
134 2318
135 1993
136 1870
137 2182
138 1205
139 135
140 2646
141 199
142 2067
143 2339
144 1786
145 1172
146 1076
147 1594
148 484
149 2413
150 317
151 1570
152 2375
153 846
154 931
155 2357
156 2635
157 2544
158 685
159 1426
160 543
161 327
162 1717
163 1580
164 2905
165 632
166 2835
167 2205
168 2821
169 2444
170 1234
171 2210
172 1387
173 1607
174 1895
175 469
176 2869
177 2058
178 998
179 2856
180 1025
181 2760
182 2977
183 328
184 2913
185 1090
186 1733
187 664
188 922
189 1520
190 649
191 1495
192 2030
193 373
194 775
195 177
196 2233
197 2152
198 1002
199 289
200 2722
201 2266
202 408
203 183
204 332
205 828
206 2264
207 2492
208 2879
209 1801
210 1647
211 1667
212 2440
213 2884
214 1255
215 962
216 1007
217 52
218 2870
219 433
220 2751
221 2427
222 1966
223 1724
224 1294
225 1016
226 859
227 685
228 2194
229 908
230 760
231 549
232 2074
233 90
234 224
235 1518
236 1174
237 332
238 1583
239 1672
240 1452
241 989
242 1899
243 1441
244 1503
245 1957
246 2778
247 2591
248 2308
249 2958
250 1038
251 1669
252 1024
253 1412
254 956
255 2840
256 2258
257 2583
258 2324
259 726
260 1090
261 1937
262 1452
263 1888
264 1411
265 2609
266 1523
267 591
268 1453
269 105
270 30
271 2275
272 544
273 350
274 2486
275 404
276 1155
277 2004
278 1202
279 270
280 1486
281 454
282 1224
283 1638
284 224
285 1855
286 466
287 815
288 1611
289 2875
290 1299
291 1692
292 1437
293 1940
294 2548
295 1636
296 1499
297 874
298 1653
299 1381
300 1699
301 1207
302 391
303 1185
304 184
305 1201
306 517
307 2564
308 884
309 1550
310 591
311 1695
312 523
313 1503
314 2839
315 1371
316 1362
317 1851
318 90
319 56
320 1591
321 368
322 2363
323 2473
324 2732
325 1799
326 2045
327 1946
328 1716
329 2537
330 31
331 1620
332 1155
333 2728
334 989
335 1387
336 814
337 2402
338 424
339 1896
340 492
341 665
342 782
343 114
344 1701
345 2677
346 124
347 1694
348 1687
349 61
350 577
351 937
352 2690
353 602
354 365
355 490
356 2427
357 565
358 979
359 2760
360 1627
361 2199
362 2187
363 1784
364 2871
365 293
366 2075
367 524
368 623
369 877
370 2081
371 2426
372 281
373 525
374 35
375 517
376 10
377 2843
378 2893
379 2404
380 1117
381 1973
382 1424
383 1286
384 2831
385 2688
386 1498
387 1548
388 1835
389 2910
390 2874
391 2850
392 2900
393 700
394 1062
395 2939
396 2237
397 743
398 2922
399 2866
400 1731
401 2960
402 1230
403 278
404 1580
405 1503
406 2896
407 529
408 1153
409 57
410 766
411 97
412 73
413 1687
414 277
415 276
416 795
417 2772
418 783
419 486
420 1878
421 500
422 1410
423 988
424 495
425 842
426 1627
427 2448
428 2746
429 1314
430 1786
431 1124
432 2932
433 2393
434 1808
435 726
436 438
437 557
438 1892
439 2633
440 2638
441 2195
442 2429
443 800
444 1990
445 2180
446 2057
447 1612
448 30
449 2465
450 265
451 1685
452 2728
453 1125
454 1544
455 2255
456 2881
457 1695
458 407
459 358
460 131
461 2955
462 1453
463 1973
464 1139
465 639
466 340
467 1483
468 1775
469 232
470 62
471 1410
472 2940
473 841
474 2948
475 2122
476 2051
477 2732
478 2524
479 11
480 1109
481 1658
482 1911
483 589
484 1802
485 2101
486 1687
487 918
488 414
489 1358
490 1861
491 2616
492 1248
493 483
494 2248
495 1548
496 1026
497 215
498 830
499 2280
500 1725
501 1695
502 1364
503 2626
504 815
505 2525
506 1348
507 1735
508 2187
509 709
510 2856
511 1923
512 2962
513 1029
514 2951
515 2747
516 518
517 1774
518 536
519 2633
520 829
521 697
522 437
523 1107
524 673
525 194
526 2305
527 1521
528 2959
529 1567
530 2684
531 2777
532 204
533 71
534 1078
535 747
536 1794
537 1622
538 559
539 1302
540 309
541 2064
542 715
543 2363
544 766
545 2517
546 746
547 1294
548 1642
549 445

