692 100
0 2340
1 2083
2 1698
3 1808
4 134
5 2455
6 2362
7 122
8 235
9 1643
10 1166
11 2026
12 22
13 2062
14 2797
15 2566
16 242
17 2575
18 2535
19 1742
20 2050
21 2914
22 1113
23 439
24 576
25 990
26 141
27 1024
28 2538
29 1764
30 2608
31 2337
32 343
33 2149
34 726
35 1262
36 1582
37 2082
38 2506
39 1597
40 1913
41 2552
42 1936
43 2831
44 2094
45 2109
46 1158
47 2337
48 659
49 2141
50 564
51 1796
52 1224
53 2009
54 1438
55 2064
56 265
57 1008
58 2966
59 14
60 1919
61 2351
62 2807
63 1644
64 1046
65 2381
66 2486
67 2481
68 786
69 1696
70 1404
71 1369
72 2897
73 1055
74 102
75 673
76 1397
77 1728
78 2225
79 975
80 1095
81 2043
82 1130
83 385
84 312
85 1862
86 1363
87 1015
88 2402
89 951
90 1317
91 1030
92 2023
93 1781
94 1378
95 2840
96 2326
97 1819
98 2683
99 673
100 1550
101 787
102 1159
103 1085
104 868
105 492
106 967
107 2304
108 1198
109 1438
110 1571
111 1897
112 794
113 2304
114 1363
115 585
116 779
117 346
118 1186
119 929
120 517
121 2114
122 1161
123 1548
124 1180
125 2752
126 1309
127 2565
128 2407
129 1720
130 289
131 1045
132 703
133 1437
134 2281
135 997
136 2196
137 2943
138 564
139 692
140 417
141 122
142 456
143 2691
144 2100
145 1149
146 2051
147 1825
148 1134
149 1726
150 1578
151 467
152 2029
153 2381
154 270
155 1545
156 2392
157 2792
158 2052
159 939
160 1361
161 629
162 2567
163 2130
164 1995
165 2505
166 1945
167 1690
168 979
169 2532
170 316
171 2365
172 827
173 1213
174 1659
175 2205
176 1358
177 2553
178 2697
179 2388
180 1138
181 2144
182 375
183 1569
184 801
185 712
186 1078
187 2544
188 759
189 1105
190 2215
191 320
192 142
193 1955
194 1217
195 2050
196 406
197 1677
198 1770
199 970
200 611
201 124
202 2117
203 2158
204 1896
205 2492
206 1552
207 1663
208 1818
209 49
210 2347
211 688
212 1917
213 347
214 883
215 1855
216 976
217 1029
218 11
219 1022
220 515
221 915
222 1876
223 2733
224 123
225 1073
226 796
227 118
228 2723
229 814
230 2460
231 1642
232 2986
233 161
234 37
235 2003
236 1209
237 1424
238 254
239 957
240 1098
241 507
242 1679
243 1226
244 536
245 205
246 2486
247 769
248 732
249 2026
250 541
251 700
252 2062
253 115
254 298
255 794
256 2195
257 608
258 1397
259 1979
260 301
261 2971
262 2903
263 2657
264 1833
265 2104
266 1327
267 1475
268 355
269 1522
270 102
271 1627
272 1735
273 2160
274 1568
275 1022
276 848
277 1963
278 1258
279 1933
280 119
281 2884
282 122
283 1077
284 1279
285 1386
286 59
287 72
288 1591
289 2042
290 878
291 2880
292 1104
293 613
294 2080
295 1313
296 1611
297 1407
298 2140
299 250
300 549
301 2299
302 1419
303 2306
304 1046
305 1624
306 269
307 1629
308 1500
309 1555
310 1321
311 157
312 1910
313 28
314 1068
315 1116
316 360
317 2841
318 2183
319 701
320 1735
321 2169
322 769
323 335
324 264
325 1056
326 1342
327 828
328 2197
329 2888
330 2575
331 2571
332 491
333 2139
334 2477
335 2506
336 1249
337 2301
338 157
339 1015
340 948
341 2008
342 839
343 336
344 799
345 1401
346 471
347 927
348 765
349 1204
350 411
351 2646
352 2705
353 747
354 1642
355 1985
356 666
357 2289
358 2038
359 385
360 1116
361 1298
362 2798
363 2306
364 2578
365 2098
366 2052
367 1361
368 914
369 825
370 1085
371 2577
372 2734
373 473
374 1255
375 1951
376 103
377 1154
378 1839
379 1499
380 1972
381 2822
382 2885
383 959
384 1198
385 1407
386 1723
387 2123
388 1947
389 2131
390 1079
391 1665
392 1074
393 2153
394 2523
395 1897
396 2238
397 348
398 505
399 1224
400 2639
401 2043
402 1155
403 1094
404 1149
405 1639
406 252
407 2472
408 2458
409 2743
410 1860
411 413
412 2955
413 2679
414 916
415 1425
416 1761
417 1282
418 1654
419 1901
420 2413
421 845
422 2046
423 145
424 288
425 2965
426 1974
427 1873
428 379
429 1701
430 1878
431 54
432 207
433 1658
434 1125
435 2051
436 195
437 932
438 2883
439 2362
440 843
441 2798
442 752
443 1269
444 2669
445 537
446 2684
447 2891
448 2504
449 1137
450 1017
451 945
452 1404
453 969
454 2071
455 0
456 1028
457 2158
458 1360
459 444
460 2609
461 1417
462 1439
463 1182
464 1940
465 1829
466 1847
467 1849
468 87
469 2655
470 592
471 60
472 842
473 93
474 1421
475 1285
476 1091
477 2626
478 2745
479 464
480 2018
481 2038
482 505
483 2719
484 25
485 2970
486 364
487 2297
488 2533
489 2539
490 84
491 1135
492 2416
493 1277
494 1099
495 1899
496 790
497 1123
498 1305
499 229
500 2107
501 2098
502 1442
503 344
504 2585
505 1321
506 1406
507 1001
508 195
509 2487
510 50
511 2988
512 1859
513 2104
514 1024
515 537
516 1032
517 1824
518 896
519 1822
520 1298
521 1051
522 2722
523 2001
524 1569
525 2043
526 660
527 677
528 1732
529 2273
530 1595
531 1173
532 2585
533 885
534 336
535 158
536 1583
537 794
538 2593
539 2074
540 1595
541 1146
542 1931
543 495
544 2818
545 1268
546 700
547 2874
548 2058
549 444
550 209
551 1178
552 2960
553 2548
554 2701
555 2388
556 1213
557 548
558 1719
559 2993
560 1352
561 2601
562 344
563 1011
564 1116
565 1420
566 9
567 1734
568 378
569 1676
570 175
571 2965
572 2976
573 2669
574 1769
575 755
576 2886
577 1073
578 1399
579 1965
580 1552
581 95
582 959
583 2842
584 1291
585 2577
586 568
587 1245
588 908
589 1621
590 2757
591 1414
592 2626
593 197
594 2826
595 1226
596 1697
597 31
598 1241
599 2800
600 1989
601 751
602 2042
603 2029
604 2608
605 605
606 826
607 2625
608 2932
609 2913
610 222
611 2811
612 1105
613 414
614 2099
615 1418
616 2364
617 481
618 551
619 1521
620 1582
621 2169
622 2790
623 200
624 2679
625 1694
626 559
627 1808
628 1222
629 1891
630 719
631 565
632 2460
633 995
634 1000
635 2151
636 245
637 299
638 2793
639 2722
640 2024
641 1608
642 2493
643 1068
644 149
645 1115
646 841
647 646
648 659
649 884
650 433
651 476
652 2668
653 2855
654 2592
655 2648
656 122
657 2949
658 2117
659 1706
660 2471
661 2857
662 907
663 2366
664 2509
665 2303
666 408
667 2626
668 2046
669 2360
670 1329
671 529
672 2528
673 1962
674 709
675 2812
676 736
677 1551
678 2884
679 957
680 101
681 238
682 1424
683 737
684 1024
685 419
686 2865
687 928
688 2766
689 1889
690 1776
691 2555

