146 94
0 1306
1 2854
2 1724
3 159
4 2139
5 2982
6 411
7 2811
8 45
9 964
10 904
11 2513
12 1334
13 1779
14 181
15 2617
16 30
17 717
18 1136
19 631
20 942
21 923
22 950
23 934
24 599
25 1173
26 2634
27 796
28 1962
29 1264
30 2317
31 2831
32 2674
33 251
34 1762
35 2010
36 0
37 1600
38 1409
39 1896
40 2861
41 2401
42 2487
43 1994
44 780
45 746
46 2678
47 1463
48 651
49 2292
50 652
51 2800
52 287
53 2121
54 2506
55 727
56 11
57 1128
58 2469
59 2311
60 2414
61 1101
62 2066
63 1404
64 1808
65 1720
66 601
67 2813
68 235
69 1067
70 1266
71 2927
72 1068
73 1203
74 1584
75 1623
76 1801
77 2259
78 621
79 194
80 2386
81 2378
82 2373
83 1039
84 2210
85 2257
86 700
87 1903
88 2356
89 335
90 948
91 1715
92 1030
93 190
94 710
95 137
96 1580
97 2716
98 411
99 2528
100 2516
101 1769
102 1284
103 2327
104 1060
105 868
106 1005
107 2201
108 620
109 813
110 2244
111 1219
112 1709
113 1805
114 403
115 1635
116 2889
117 2915
118 513
119 76
120 1426
121 2781
122 529
123 1641
124 658
125 1662
126 537
127 1162
128 2259
129 1193
130 373
131 588
132 1853
133 1671
134 1939
135 2367
136 2995
137 961
138 2586
139 348
140 2061
141 2407
142 1683
143 1412
144 349
145 2814

