582 67
0 2895
1 2730
2 99
3 1843
4 664
5 26
6 1172
7 1453
8 794
9 2888
10 1868
11 962
12 2189
13 1839
14 2246
15 15
16 2875
17 2446
18 1974
19 2503
20 2499
21 1207
22 2637
23 1401
24 2367
25 2826
26 2636
27 1175
28 852
29 1721
30 568
31 1878
32 1924
33 972
34 1089
35 2791
36 1277
37 2276
38 402
39 2064
40 978
41 1737
42 70
43 35
44 530
45 1526
46 2624
47 2937
48 2696
49 2711
50 614
51 1902
52 2804
53 1805
54 702
55 2515
56 1617
57 1181
58 2566
59 2711
60 2526
61 1874
62 2069
63 45
64 1101
65 2325
66 964
67 302
68 11
69 1498
70 2880
71 365
72 1551
73 2463
74 2238
75 2115
76 975
77 2654
78 2042
79 125
80 2145
81 761
82 1852
83 1476
84 1180
85 2597
86 718
87 706
88 845
89 1836
90 184
91 2522
92 1537
93 2788
94 650
95 2028
96 2913
97 2075
98 2904
99 1172
100 2537
101 497
102 182
103 766
104 836
105 2444
106 509
107 681
108 2347
109 818
110 1986
111 2292
112 278
113 1808
114 326
115 2818
116 1768
117 1829
118 2844
119 1464
120 2142
121 2945
122 2768
123 2995
124 614
125 181
126 805
127 2606
128 72
129 1967
130 1922
131 586
132 2637
133 2598
134 2971
135 2551
136 1233
137 948
138 177
139 1955
140 2843
141 2741
142 1626
143 683
144 1140
145 2771
146 1794
147 1835
148 2118
149 202
150 2345
151 2996
152 2060
153 795
154 1758
155 185
156 2406
157 2142
158 2804
159 1869
160 2380
161 488
162 1410
163 2370
164 2114
165 2625
166 325
167 2468
168 699
169 683
170 1958
171 1722
172 1367
173 1794
174 2344
175 695
176 1887
177 2484
178 515
179 1770
180 567
181 2163
182 2956
183 2737
184 2510
185 302
186 1937
187 2778
188 1895
189 1379
190 2579
191 782
192 2651
193 1786
194 319
195 362
196 1785
197 974
198 2613
199 926
200 323
201 1348
202 409
203 757
204 363
205 2364
206 2644
207 2629
208 396
209 1917
210 1909
211 2371
212 553
213 129
214 1550
215 386
216 1064
217 547
218 130
219 2476
220 533
221 134
222 2792
223 474
224 2276
225 373
226 409
227 188
228 228
229 614
230 2943
231 312
232 521
233 1631
234 2201
235 1409
236 409
237 471
238 913
239 2346
240 1462
241 2551
242 1529
243 768
244 245
245 2052
246 111
247 1955
248 886
249 551
250 1516
251 744
252 2430
253 2534
254 2602
255 2587
256 1344
257 243
258 2659
259 1014
260 2708
261 317
262 2761
263 2195
264 2856
265 39
266 206
267 2367
268 13
269 292
270 463
271 1281
272 254
273 2015
274 2213
275 771
276 2958
277 2165
278 2853
279 2117
280 1868
281 176
282 1534
283 2562
284 927
285 2575
286 1961
287 905
288 2401
289 570
290 1167
291 2025
292 2458
293 822
294 1789
295 1948
296 1036
297 2129
298 367
299 17
300 413
301 158
302 1968
303 967
304 832
305 1991
306 1828
307 2530
308 2436
309 0
310 2578
311 1454
312 1242
313 1431
314 53
315 2183
316 1079
317 2761
318 619
319 2351
320 1558
321 679
322 2623
323 2650
324 2551
325 517
326 2127
327 1032
328 1259
329 2728
330 2256
331 2561
332 340
333 541
334 2850
335 212
336 1330
337 1790
338 299
339 955
340 2671
341 211
342 761
343 827
344 1274
345 759
346 2224
347 928
348 917
349 1055
350 1872
351 2552
352 115
353 1170
354 133
355 2923
356 1008
357 848
358 1213
359 635
360 2053
361 194
362 2852
363 783
364 1132
365 426
366 941
367 1510
368 258
369 2573
370 2311
371 2500
372 1000
373 556
374 255
375 1417
376 2516
377 2913
378 1332
379 2837
380 537
381 2347
382 1142
383 1897
384 90
385 1153
386 2802
387 1688
388 195
389 1975
390 2911
391 533
392 2770
393 231
394 219
395 615
396 2479
397 1033
398 517
399 2234
400 1506
401 2465
402 227
403 2679
404 885
405 13
406 1888
407 2168
408 347
409 1880
410 832
411 252
412 1693
413 1940
414 2469
415 2090
416 1858
417 2104
418 2461
419 1875
420 1978
421 1481
422 2630
423 748
424 2362
425 610
426 107
427 1828
428 1377
429 552
430 484
431 303
432 1386
433 484
434 1206
435 287
436 673
437 2114
438 42
439 2342
440 2209
441 1201
442 373
443 715
444 1790
445 1961
446 1346
447 252
448 97
449 1153
450 364
451 280
452 1591
453 67
454 58
455 1366
456 698
457 1103
458 760
459 405
460 352
461 1712
462 406
463 2067
464 136
465 789
466 1367
467 1797
468 2319
469 2
470 1578
471 1436
472 1753
473 1805
474 1875
475 2119
476 144
477 2576
478 2664
479 1113
480 1199
481 1762
482 2843
483 738
484 92
485 184
486 2823
487 2336
488 183
489 951
490 2615
491 230
492 1899
493 1755
494 2034
495 817
496 815
497 1116
498 785
499 2591
500 1464
501 493
502 1610
503 2784
504 1316
505 1054
506 2080
507 444
508 1887
509 2819
510 1975
511 2855
512 1769
513 2556
514 2008
515 2561
516 1348
517 2964
518 1045
519 1487
520 2458
521 449
522 896
523 979
524 868
525 723
526 848
527 1045
528 1855
529 2910
530 2165
531 376
532 2611
533 647
534 2871
535 1437
536 613
537 1619
538 1450
539 2228
540 1599
541 1787
542 1483
543 691
544 2347
545 2558
546 1260
547 2757
548 1476
549 2011
550 965
551 2709
552 160
553 348
554 1076
555 2335
556 968
557 927
558 2518
559 1421
560 2932
561 2697
562 7
563 312
564 847
565 267
566 2466
567 2073
568 2360
569 2129
570 594
571 1624
572 2480
573 717
574 1700
575 1499
576 1675
577 683
578 815
579 293
580 2857
581 1036

