107 20
0 2517
1 878
2 1231
3 2246
4 1125
5 1981
6 124
7 2038
8 882
9 54
10 2976
11 145
12 2665
13 468
14 2169
15 2367
16 2244
17 2263
18 1454
19 1922
20 2834
21 802
22 31
23 2322
24 2112
25 2831
26 1707
27 2894
28 2405
29 2458
30 526
31 388
32 677
33 499
34 1651
35 2965
36 151
37 1539
38 76
39 2680
40 1168
41 429
42 1451
43 441
44 1341
45 1739
46 612
47 2223
48 1707
49 1843
50 2980
51 1991
52 1255
53 2843
54 974
55 163
56 578
57 2745
58 1605
59 2822
60 1877
61 696
62 1266
63 239
64 1102
65 39
66 1734
67 516
68 186
69 1557
70 554
71 1324
72 2149
73 544
74 1300
75 1811
76 427
77 1637
78 705
79 2152
80 1880
81 2510
82 2492
83 933
84 381
85 913
86 1446
87 68
88 2739
89 2964
90 1008
91 1407
92 2488
93 177
94 528
95 1747
96 2196
97 1280
98 1356
99 2378
100 997
101 1396
102 469
103 287
104 642
105 639
106 586

