236 73
0 1128
1 1973
2 1381
3 1003
4 641
5 676
6 1533
7 1264
8 2009
9 2581
10 1112
11 2357
12 561
13 1560
14 401
15 2039
16 442
17 2912
18 1681
19 1263
20 1561
21 2228
22 401
23 856
24 838
25 426
26 2787
27 100
28 1342
29 1667
30 356
31 1034
32 81
33 1358
34 943
35 753
36 257
37 2684
38 50
39 1602
40 780
41 1739
42 391
43 716
44 1023
45 1415
46 2350
47 2360
48 1048
49 103
50 2244
51 1783
52 1421
53 2306
54 257
55 576
56 1144
57 329
58 2288
59 2446
60 1692
61 1991
62 2582
63 2999
64 1451
65 1809
66 796
67 1374
68 90
69 179
70 260
71 1693
72 2954
73 1882
74 1543
75 2328
76 971
77 476
78 78
79 2068
80 120
81 2724
82 2830
83 107
84 2702
85 1596
86 2331
87 934
88 1081
89 2798
90 527
91 1050
92 1125
93 1792
94 634
95 2642
96 402
97 2941
98 1842
99 1200
100 2477
101 41
102 862
103 1984
104 2573
105 1185
106 1050
107 2795
108 2908
109 1448
110 225
111 2758
112 1858
113 777
114 2547
115 666
116 1516
117 901
118 564
119 2883
120 2872
121 1316
122 795
123 2798
124 479
125 668
126 648
127 935
128 929
129 2181
130 1004
131 2420
132 909
133 2013
134 656
135 1021
136 1990
137 157
138 482
139 2662
140 116
141 2041
142 204
143 2915
144 327
145 254
146 716
147 206
148 806
149 1625
150 1208
151 1870
152 750
153 2468
154 119
155 2080
156 2053
157 2461
158 351
159 651
160 2830
161 2235
162 2681
163 70
164 541
165 1386
166 978
167 172
168 2183
169 751
170 2341
171 2268
172 2655
173 1704
174 2010
175 2645
176 2277
177 274
178 1300
179 2921
180 2547
181 1217
182 1394
183 2807
184 1941
185 806
186 890
187 2421
188 982
189 2187
190 685
191 2503
192 2622
193 1979
194 2151
195 200
196 12
197 898
198 83
199 502
200 2829
201 1547
202 1301
203 2666
204 1876
205 1775
206 1738
207 33
208 2257
209 1546
210 2458
211 511
212 291
213 2534
214 939
215 2460
216 1208
217 2001
218 1689
219 1288
220 2532
221 990
222 571
223 209
224 2043
225 797
226 1185
227 2780
228 42
229 1100
230 1858
231 1574
232 855
233 473
234 2594
235 453

