145 76
0 1944
1 401
2 490
3 114
4 1602
5 616
6 931
7 1013
8 1635
9 931
10 34
11 744
12 2421
13 2866
14 1359
15 1563
16 2429
17 1148
18 328
19 1806
20 1572
21 956
22 51
23 1334
24 383
25 1741
26 1294
27 2875
28 2806
29 2828
30 2361
31 1818
32 2591
33 2671
34 564
35 740
36 2538
37 2665
38 1096
39 548
40 1649
41 1181
42 1056
43 1084
44 1449
45 2455
46 1449
47 2561
48 2845
49 2222
50 43
51 1326
52 1787
53 2228
54 1779
55 580
56 2989
57 987
58 1480
59 2236
60 1428
61 1335
62 1294
63 1309
64 163
65 20
66 2027
67 2166
68 2097
69 2248
70 1358
71 2312
72 534
73 1177
74 1612
75 177
76 493
77 832
78 2061
79 2965
80 2416
81 601
82 2961
83 1249
84 2963
85 1245
86 987
87 655
88 340
89 2393
90 59
91 382
92 2386
93 1466
94 575
95 1740
96 2634
97 578
98 573
99 1197
100 920
101 452
102 2832
103 2093
104 2046
105 424
106 827
107 1213
108 2295
109 1046
110 2078
111 2367
112 443
113 2700
114 981
115 315
116 1765
117 638
118 1931
119 2334
120 2594
121 786
122 1211
123 785
124 2023
125 796
126 852
127 1554
128 1101
129 1361
130 1851
131 754
132 786
133 1355
134 1210
135 549
136 1127
137 2317
138 743
139 520
140 377
141 429
142 2329
143 1362
144 2773

