191 39
0 542
1 2099
2 1119
3 1599
4 983
5 929
6 822
7 575
8 729
9 2562
10 2734
11 2510
12 2617
13 1129
14 1393
15 878
16 2424
17 1448
18 2325
19 591
20 1681
21 2594
22 2962
23 1075
24 811
25 706
26 2784
27 1024
28 2374
29 614
30 1576
31 1112
32 1883
33 1976
34 886
35 930
36 1984
37 2641
38 607
39 1263
40 1056
41 2270
42 286
43 1369
44 724
45 446
46 2890
47 2993
48 969
49 140
50 2100
51 742
52 2520
53 2983
54 1071
55 883
56 1362
57 1639
58 2211
59 733
60 2745
61 2570
62 2253
63 1939
64 137
65 529
66 365
67 2864
68 2250
69 1486
70 1007
71 343
72 2511
73 1011
74 2055
75 1016
76 1871
77 2136
78 323
79 858
80 2524
81 2826
82 237
83 1266
84 1414
85 270
86 2859
87 2342
88 2184
89 2114
90 1260
91 219
92 1680
93 1924
94 903
95 1855
96 1897
97 1788
98 2185
99 1039
100 709
101 12
102 2816
103 636
104 397
105 623
106 2479
107 1140
108 1256
109 633
110 226
111 1811
112 123
113 1243
114 4
115 377
116 2895
117 1052
118 229
119 827
120 78
121 1104
122 473
123 2254
124 54
125 618
126 1152
127 2157
128 2108
129 2721
130 2582
131 469
132 633
133 1071
134 2659
135 669
136 2114
137 1693
138 2835
139 2010
140 559
141 2811
142 2961
143 1978
144 1316
145 1381
146 906
147 2594
148 69
149 634
150 1400
151 664
152 899
153 1181
154 1752
155 2473
156 515
157 1844
158 22
159 1127
160 461
161 2025
162 874
163 1419
164 766
165 1217
166 1370
167 2136
168 778
169 1860
170 2645
171 2051
172 179
173 1666
174 2413
175 660
176 128
177 1619
178 1111
179 1031
180 441
181 393
182 2719
183 974
184 2582
185 1589
186 2959
187 2406
188 2050
189 1724
190 1796

