472 65
0 212
1 1098
2 1038
3 1864
4 504
5 2436
6 2061
7 2583
8 379
9 1334
10 1200
11 2479
12 1965
13 1413
14 2943
15 1886
16 783
17 608
18 1329
19 683
20 1355
21 1531
22 578
23 1723
24 1878
25 2682
26 1736
27 2292
28 36
29 19
30 729
31 2046
32 2880
33 2060
34 359
35 1721
36 877
37 1264
38 651
39 1211
40 110
41 2033
42 54
43 939
44 501
45 88
46 581
47 530
48 2895
49 1608
50 2699
51 841
52 279
53 1994
54 1857
55 365
56 1753
57 1399
58 1320
59 420
60 1076
61 1346
62 1407
63 2135
64 2269
65 2310
66 1648
67 2458
68 2258
69 798
70 2713
71 2593
72 2481
73 197
74 1936
75 188
76 670
77 2573
78 970
79 1117
80 1711
81 2029
82 1
83 1614
84 2517
85 549
86 1195
87 2908
88 2036
89 1042
90 2370
91 1141
92 1513
93 2363
94 557
95 263
96 650
97 1390
98 2181
99 1454
100 1263
101 1827
102 1947
103 865
104 508
105 2685
106 425
107 1280
108 2896
109 194
110 453
111 79
112 1970
113 826
114 2548
115 895
116 2924
117 2824
118 1598
119 2514
120 894
121 2320
122 1750
123 2339
124 1940
125 727
126 1142
127 1192
128 144
129 2189
130 1964
131 2871
132 1488
133 938
134 2669
135 949
136 1567
137 2659
138 1287
139 247
140 2038
141 1785
142 713
143 2877
144 2784
145 1560
146 1188
147 1890
148 1572
149 1069
150 2603
151 767
152 111
153 925
154 2064
155 1207
156 1882
157 1564
158 2433
159 577
160 623
161 1197
162 1390
163 2473
164 336
165 532
166 1501
167 343
168 1676
169 513
170 663
171 1517
172 1291
173 1199
174 2983
175 2505
176 2869
177 1471
178 2077
179 2688
180 365
181 1729
182 1399
183 93
184 535
185 581
186 1937
187 2138
188 943
189 2418
190 2113
191 788
192 1207
193 768
194 665
195 1291
196 1031
197 696
198 2050
199 392
200 2718
201 31
202 2412
203 1354
204 372
205 2695
206 1565
207 212
208 750
209 461
210 853
211 2056
212 852
213 659
214 597
215 1862
216 540
217 2116
218 1873
219 1702
220 1262
221 2452
222 2451
223 2146
224 273
225 151
226 277
227 2402
228 482
229 1020
230 117
231 2306
232 1331
233 2596
234 2760
235 2684
236 1234
237 2139
238 2890
239 2393
240 851
241 40
242 2750
243 2194
244 364
245 331
246 315
247 253
248 2839
249 1367
250 1929
251 2410
252 2164
253 1395
254 1104
255 2350
256 1139
257 2192
258 2767
259 2637
260 2639
261 2346
262 45
263 2414
264 1699
265 544
266 1148
267 606
268 254
269 1661
270 934
271 2195
272 2605
273 688
274 416
275 2936
276 2568
277 2737
278 2640
279 1398
280 623
281 2890
282 1803
283 1633
284 1520
285 2093
286 1037
287 2863
288 2014
289 941
290 2816
291 2326
292 1425
293 1511
294 942
295 2009
296 2507
297 1694
298 2416
299 2416
300 1845
301 98
302 292
303 3000
304 1273
305 1793
306 1596
307 2733
308 903
309 1212
310 431
311 86
312 1630
313 1721
314 662
315 2972
316 55
317 2679
318 1085
319 1379
320 707
321 2243
322 847
323 651
324 2362
325 1848
326 954
327 250
328 1664
329 2321
330 2747
331 92
332 1417
333 1003
334 2132
335 1981
336 2180
337 1093
338 2866
339 1384
340 742
341 1486
342 11
343 866
344 1558
345 888
346 355
347 2748
348 2271
349 1700
350 2932
351 1265
352 1617
353 0
354 1202
355 110
356 2490
357 2218
358 2686
359 2928
360 2378
361 2438
362 2442
363 1535
364 2669
365 1416
366 301
367 2598
368 2045
369 2795
370 2953
371 1994
372 1751
373 2210
374 2476
375 267
376 2140
377 2485
378 1536
379 2729
380 1261
381 1454
382 147
383 2776
384 621
385 2294
386 2337
387 1401
388 1609
389 2274
390 901
391 27
392 2634
393 2681
394 2679
395 1804
396 413
397 1738
398 1703
399 418
400 124
401 1743
402 981
403 1361
404 61
405 2292
406 237
407 1196
408 308
409 1907
410 181
411 1018
412 2368
413 2516
414 625
415 1499
416 2803
417 2500
418 2181
419 276
420 919
421 49
422 2929
423 1008
424 2174
425 2384
426 1374
427 2016
428 278
429 1365
430 864
431 2364
432 2799
433 944
434 1475
435 1450
436 1570
437 1270
438 760
439 1296
440 1090
441 2340
442 2919
443 1644
444 14
445 2479
446 608
447 490
448 701
449 791
450 1324
451 281
452 214
453 2224
454 862
455 717
456 536
457 2515
458 969
459 864
460 31
461 145
462 760
463 2760
464 359
465 447
466 867
467 2309
468 2924
469 2857
470 1997
471 2869

