543 52
0 2862
1 2915
2 292
3 2580
4 1014
5 2172
6 2290
7 2718
8 292
9 1863
10 177
11 2661
12 144
13 1615
14 2787
15 344
16 386
17 479
18 2185
19 942
20 1644
21 2523
22 2932
23 1644
24 1915
25 1126
26 1231
27 2079
28 2450
29 591
30 402
31 1659
32 496
33 2559
34 834
35 2385
36 1221
37 1944
38 2098
39 1528
40 497
41 941
42 660
43 1784
44 2390
45 2516
46 1835
47 1184
48 915
49 1423
50 1798
51 1461
52 417
53 311
54 793
55 2381
56 1504
57 597
58 2307
59 1347
60 1987
61 880
62 2403
63 675
64 2703
65 198
66 2865
67 2202
68 1904
69 776
70 1066
71 2591
72 2538
73 2624
74 1949
75 2632
76 2150
77 593
78 276
79 1316
80 1385
81 1947
82 1598
83 211
84 2540
85 1520
86 2965
87 2684
88 1288
89 2085
90 75
91 2139
92 759
93 794
94 846
95 2397
96 1268
97 2557
98 2065
99 182
100 2647
101 339
102 714
103 2403
104 40
105 1998
106 1012
107 2277
108 2164
109 908
110 1978
111 2045
112 1712
113 2077
114 2446
115 1017
116 2208
117 752
118 1953
119 1329
120 2381
121 2325
122 1323
123 2141
124 2475
125 2850
126 1359
127 1235
128 389
129 2423
130 874
131 1464
132 1354
133 1095
134 198
135 1810
136 2175
137 2429
138 992
139 930
140 2411
141 743
142 2757
143 1573
144 1576
145 167
146 1683
147 2532
148 2236
149 1475
150 2434
151 2134
152 2160
153 1068
154 1415
155 1407
156 2610
157 2797
158 9
159 1658
160 400
161 1004
162 422
163 138
164 2687
165 2944
166 2896
167 2930
168 710
169 20
170 632
171 2408
172 504
173 2257
174 374
175 540
176 1193
177 609
178 556
179 504
180 2713
181 1794
182 502
183 831
184 138
185 1555
186 2796
187 1883
188 1015
189 2077
190 2018
191 2615
192 1178
193 2387
194 2684
195 600
196 1900
197 1025
198 256
199 2891
200 2455
201 2422
202 1927
203 252
204 1641
205 664
206 2634
207 1713
208 1991
209 622
210 2641
211 1365
212 2689
213 2018
214 2359
215 1529
216 1423
217 969
218 1327
219 1465
220 6
221 1386
222 556
223 278
224 738
225 1068
226 2996
227 2519
228 2893
229 106
230 72
231 309
232 2713
233 451
234 1508
235 2902
236 1339
237 1933
238 2160
239 2405
240 529
241 800
242 1533
243 2548
244 1024
245 402
246 2939
247 795
248 1928
249 599
250 2789
251 1709
252 1632
253 2395
254 2292
255 1287
256 1508
257 2051
258 1268
259 33
260 2121
261 1849
262 2123
263 1436
264 2323
265 1626
266 2204
267 2627
268 358
269 656
270 898
271 1061
272 478
273 1217
274 650
275 324
276 1151
277 580
278 2371
279 1586
280 1873
281 1214
282 123
283 2058
284 2353
285 2358
286 439
287 169
288 1273
289 2350
290 1839
291 2734
292 631
293 2447
294 2192
295 1066
296 506
297 281
298 1523
299 584
300 924
301 1388
302 72
303 1822
304 1139
305 944
306 952
307 1334
308 406
309 581
310 1249
311 1775
312 1367
313 2315
314 556
315 1145
316 912
317 2977
318 1401
319 269
320 2587
321 2540
322 1093
323 2690
324 2066
325 2966
326 1647
327 1002
328 119
329 2429
330 1432
331 1033
332 2406
333 1047
334 2204
335 953
336 1755
337 2714
338 1242
339 149
340 1945
341 1734
342 1334
343 415
344 974
345 1083
346 1496
347 2192
348 1176
349 2065
350 2461
351 255
352 1587
353 1882
354 2776
355 878
356 1540
357 1553
358 231
359 2840
360 2053
361 721
362 2793
363 2296
364 1735
365 2828
366 2455
367 1107
368 2577
369 2772
370 1011
371 2933
372 386
373 173
374 181
375 1908
376 1299
377 6
378 2082
379 1920
380 2817
381 824
382 2091
383 2916
384 2659
385 477
386 2006
387 1321
388 314
389 2842
390 1655
391 1204
392 200
393 2030
394 2977
395 2151
396 2311
397 941
398 595
399 696
400 76
401 560
402 506
403 1370
404 775
405 1988
406 908
407 603
408 1507
409 2977
410 1251
411 169
412 659
413 1299
414 837
415 746
416 1477
417 981
418 1309
419 1593
420 485
421 2158
422 2432
423 1699
424 1638
425 2667
426 2884
427 2329
428 2289
429 778
430 1274
431 1516
432 1579
433 1278
434 1710
435 1234
436 1806
437 1534
438 993
439 1880
440 2902
441 2948
442 361
443 712
444 2370
445 2618
446 2742
447 1203
448 2510
449 270
450 802
451 275
452 2963
453 1262
454 883
455 2757
456 400
457 2562
458 1646
459 1341
460 2717
461 1164
462 463
463 2291
464 2326
465 2936
466 2079
467 2980
468 1095
469 2931
470 1832
471 1164
472 185
473 2136
474 1454
475 1054
476 1174
477 693
478 2126
479 1988
480 1026
481 2971
482 232
483 1346
484 1005
485 265
486 987
487 2328
488 385
489 2248
490 1077
491 2809
492 2923
493 1106
494 2054
495 1005
496 2273
497 1675
498 1509
499 1517
500 2210
501 1993
502 1383
503 185
504 2399
505 1080
506 1013
507 748
508 2468
509 897
510 2629
511 111
512 1660
513 158
514 1970
515 247
516 51
517 972
518 2908
519 477
520 2720
521 2796
522 1907
523 2632
524 1573
525 1871
526 1494
527 756
528 111
529 1391
530 2202
531 1053
532 466
533 996
534 991
535 2053
536 2402
537 2457
538 2620
539 2823
540 2407
541 461
542 173

