875 80
0 776
1 1792
2 940
3 1978
4 2678
5 100
6 1964
7 2833
8 764
9 2028
10 157
11 1041
12 2535
13 310
14 2116
15 2061
16 1365
17 871
18 2620
19 2258
20 1230
21 2823
22 2648
23 2783
24 377
25 1682
26 1405
27 1128
28 1144
29 1703
30 912
31 464
32 1350
33 1229
34 2096
35 741
36 2227
37 772
38 342
39 155
40 16
41 2184
42 2090
43 2025
44 1535
45 989
46 1222
47 819
48 619
49 777
50 1497
51 981
52 2216
53 1620
54 2294
55 2858
56 1918
57 582
58 63
59 1537
60 779
61 1365
62 1202
63 1996
64 2215
65 2504
66 948
67 2574
68 1897
69 1354
70 2617
71 2105
72 1708
73 1786
74 2652
75 2195
76 1231
77 614
78 443
79 40
80 2668
81 2763
82 2294
83 969
84 840
85 653
86 829
87 2536
88 2090
89 2218
90 2601
91 887
92 1859
93 305
94 889
95 33
96 80
97 2510
98 1057
99 941
100 2109
101 2892
102 2655
103 810
104 1589
105 1942
106 1775
107 34
108 2779
109 1120
110 269
111 2793
112 740
113 2827
114 49
115 1080
116 180
117 2813
118 827
119 2499
120 676
121 1829
122 312
123 1777
124 2030
125 2563
126 1420
127 914
128 676
129 559
130 1090
131 2507
132 2094
133 512
134 1552
135 1808
136 570
137 1341
138 1300
139 2237
140 704
141 512
142 2361
143 2278
144 63
145 2838
146 586
147 510
148 976
149 2381
150 518
151 540
152 80
153 2484
154 591
155 2450
156 2726
157 207
158 297
159 348
160 167
161 794
162 1305
163 1943
164 739
165 2277
166 1973
167 1416
168 2454
169 2742
170 1603
171 2634
172 1366
173 539
174 2029
175 2820
176 1820
177 2076
178 215
179 178
180 1941
181 842
182 701
183 518
184 2078
185 735
186 255
187 2023
188 2443
189 705
190 847
191 141
192 1931
193 433
194 2484
195 2347
196 1760
197 2108
198 1684
199 322
200 846
201 506
202 2889
203 1908
204 2469
205 1822
206 1579
207 2882
208 885
209 752
210 594
211 2337
212 3000
213 2855
214 808
215 1483
216 1679
217 1466
218 1044
219 1246
220 1062
221 200
222 2695
223 875
224 2496
225 2248
226 258
227 2542
228 1842
229 660
230 999
231 1500
232 2788
233 133
234 716
235 1157
236 2559
237 405
238 1958
239 2798
240 2503
241 167
242 662
243 1626
244 156
245 32
246 2672
247 819
248 2960
249 2320
250 710
251 2223
252 2715
253 1591
254 1493
255 627
256 2869
257 876
258 691
259 924
260 2835
261 2736
262 1151
263 925
264 617
265 2798
266 1996
267 1741
268 1854
269 1515
270 2228
271 1023
272 1787
273 1245
274 740
275 2519
276 776
277 1708
278 1783
279 1161
280 1923
281 2493
282 2783
283 1444
284 580
285 300
286 266
287 2799
288 1446
289 1824
290 1300
291 1082
292 1859
293 2136
294 656
295 849
296 1984
297 1928
298 999
299 1150
300 1087
301 2669
302 2434
303 2955
304 1691
305 1426
306 1304
307 2819
308 1927
309 2459
310 1420
311 1583
312 1993
313 162
314 500
315 2899
316 1712
317 1378
318 2796
319 471
320 243
321 2025
322 2627
323 838
324 783
325 583
326 2458
327 1269
328 2091
329 2257
330 2527
331 2389
332 2199
333 1586
334 357
335 571
336 1147
337 560
338 277
339 474
340 1982
341 1058
342 2978
343 1431
344 933
345 2898
346 1676
347 1863
348 1826
349 1386
350 2799
351 2629
352 2254
353 751
354 1830
355 1599
356 2692
357 119
358 1379
359 905
360 2077
361 42
362 2182
363 503
364 2091
365 2832
366 2801
367 2744
368 655
369 1729
370 1561
371 1637
372 1713
373 915
374 520
375 1615
376 582
377 505
378 2259
379 1860
380 2214
381 683
382 188
383 2531
384 1285
385 497
386 763
387 2065
388 2062
389 1321
390 984
391 2498
392 1655
393 88
394 2544
395 1091
396 592
397 1558
398 792
399 1797
400 857
401 968
402 1103
403 234
404 988
405 335
406 2899
407 753
408 28
409 1337
410 2168
411 2458
412 683
413 2674
414 554
415 1247
416 1962
417 667
418 1882
419 1384
420 1636
421 2056
422 736
423 855
424 899
425 1904
426 796
427 142
428 2719
429 435
430 1818
431 1639
432 512
433 245
434 164
435 1381
436 2398
437 2504
438 2736
439 452
440 294
441 1045
442 242
443 2450
444 143
445 2204
446 2680
447 1240
448 1389
449 35
450 1153
451 1292
452 234
453 821
454 2807
455 876
456 2591
457 284
458 2339
459 632
460 2689
461 1063
462 552
463 1638
464 1029
465 474
466 2898
467 369
468 2974
469 1681
470 611
471 1077
472 2823
473 2961
474 315
475 288
476 274
477 170
478 823
479 1418
480 2792
481 1185
482 629
483 2150
484 2410
485 697
486 1378
487 2834
488 1977
489 893
490 1813
491 350
492 2525
493 2501
494 1372
495 851
496 1232
497 2921
498 353
499 1554
500 1966
501 2273
502 422
503 2591
504 2922
505 572
506 1205
507 773
508 2663
509 308
510 1276
511 1341
512 26
513 1113
514 1996
515 1810
516 2589
517 1029
518 401
519 521
520 341
521 1711
522 854
523 2244
524 2463
525 1535
526 2608
527 2255
528 1024
529 946
530 2115
531 876
532 1282
533 371
534 1523
535 1866
536 1113
537 1949
538 125
539 91
540 1915
541 2198
542 2848
543 2773
544 2886
545 1634
546 803
547 144
548 506
549 936
550 286
551 2879
552 1574
553 2258
554 2807
555 57
556 146
557 782
558 1016
559 228
560 2974
561 1699
562 855
563 16
564 2200
565 493
566 45
567 436
568 1753
569 782
570 1051
571 536
572 468
573 2908
574 907
575 1633
576 1860
577 1877
578 935
579 2267
580 2409
581 637
582 958
583 988
584 2921
585 1522
586 142
587 1061
588 1482
589 750
590 1067
591 2746
592 2908
593 2825
594 520
595 678
596 643
597 2973
598 1771
599 932
600 278
601 616
602 2204
603 2312
604 1201
605 1571
606 2093
607 676
608 839
609 2259
610 1325
611 1043
612 2873
613 2205
614 2010
615 1870
616 2017
617 1695
618 1336
619 2613
620 829
621 279
622 1051
623 1127
624 2518
625 377
626 1500
627 1146
628 425
629 678
630 1588
631 1602
632 2883
633 13
634 2529
635 25
636 1913
637 1831
638 184
639 1194
640 1970
641 1079
642 2698
643 2738
644 548
645 2190
646 1378
647 1405
648 2478
649 26
650 1446
651 1076
652 600
653 1634
654 2526
655 2655
656 623
657 1732
658 34
659 961
660 2097
661 2688
662 1443
663 1520
664 1678
665 1806
666 2497
667 1867
668 2705
669 898
670 1263
671 494
672 213
673 85
674 2644
675 1203
676 331
677 1106
678 486
679 2500
680 1496
681 1688
682 1584
683 2760
684 313
685 2310
686 2236
687 838
688 1101
689 550
690 1470
691 1372
692 2945
693 885
694 1796
695 1728
696 1324
697 681
698 821
699 2332
700 277
701 2072
702 1365
703 1867
704 1783
705 2853
706 2198
707 2996
708 1216
709 2311
710 295
711 1585
712 2262
713 67
714 1289
715 1690
716 1879
717 651
718 705
719 749
720 1992
721 2188
722 2985
723 2430
724 767
725 2404
726 1160
727 779
728 319
729 1460
730 2604
731 1073
732 2345
733 1909
734 2813
735 2118
736 432
737 1096
738 596
739 1733
740 859
741 834
742 1330
743 1764
744 1612
745 1843
746 124
747 959
748 156
749 277
750 2370
751 51
752 2814
753 1141
754 2074
755 1606
756 718
757 2533
758 2655
759 859
760 2039
761 999
762 2492
763 559
764 1443
765 1948
766 2578
767 1245
768 97
769 1325
770 1716
771 2412
772 2730
773 179
774 176
775 403
776 446
777 1011
778 104
779 229
780 2669
781 1470
782 207
783 2895
784 1311
785 2688
786 2019
787 1977
788 1320
789 2230
790 466
791 884
792 408
793 608
794 2551
795 526
796 2197
797 122
798 133
799 232
800 1440
801 2731
802 1210
803 1387
804 185
805 172
806 2274
807 353
808 2889
809 265
810 1571
811 1112
812 1995
813 2090
814 2131
815 761
816 2136
817 2383
818 2235
819 2591
820 2094
821 1899
822 1813
823 1908
824 1535
825 1651
826 711
827 1766
828 2979
829 866
830 2474
831 2504
832 57
833 1288
834 624
835 347
836 2955
837 1918
838 656
839 189
840 2331
841 1022
842 612
843 219
844 2273
845 830
846 497
847 1217
848 1655
849 298
850 858
851 226
852 886
853 2741
854 2157
855 1923
856 2550
857 2937
858 1688
859 1470
860 856
861 1397
862 1469
863 360
864 1230
865 2899
866 2266
867 889
868 418
869 334
870 1212
871 773
872 1754
873 734
874 2004

