142 12
0 2766
1 2643
2 2540
3 475
4 1988
5 427
6 1352
7 1439
8 256
9 2975
10 30
11 1827
12 204
13 21
14 1419
15 2732
16 136
17 2623
18 270
19 2146
20 1581
21 2657
22 2244
23 1527
24 1324
25 1962
26 2176
27 2016
28 2112
29 464
30 1734
31 1243
32 2913
33 321
34 1658
35 1690
36 2798
37 612
38 1478
39 804
40 2797
41 2823
42 1644
43 162
44 2503
45 400
46 1071
47 2352
48 2689
49 502
50 1410
51 2561
52 1424
53 1904
54 328
55 540
56 2240
57 418
58 911
59 161
60 1037
61 219
62 2603
63 1170
64 897
65 2025
66 1178
67 790
68 166
69 1574
70 840
71 1259
72 383
73 1914
74 1557
75 1662
76 795
77 549
78 2704
79 414
80 1666
81 1563
82 2818
83 1077
84 977
85 1615
86 191
87 225
88 1852
89 2499
90 1292
91 1616
92 1469
93 476
94 1738
95 536
96 1810
97 1975
98 229
99 2645
100 469
101 1007
102 1935
103 321
104 1568
105 1525
106 1523
107 2106
108 1280
109 609
110 2317
111 1707
112 1734
113 2251
114 184
115 1372
116 342
117 2632
118 2276
119 2084
120 1467
121 1820
122 3
123 284
124 2358
125 2744
126 2635
127 1094
128 2500
129 2637
130 646
131 1925
132 1459
133 157
134 167
135 2050
136 1875
137 2738
138 65
139 1019
140 258
141 346

