568 22
0 1162
1 2221
2 2839
3 2800
4 2827
5 2209
6 1808
7 560
8 2390
9 600
10 1018
11 597
12 1855
13 294
14 2214
15 1118
16 1671
17 1338
18 1090
19 1697
20 2386
21 2080
22 1998
23 2243
24 1504
25 1285
26 1648
27 2149
28 1241
29 2028
30 1524
31 70
32 2112
33 958
34 2761
35 1098
36 1201
37 200
38 394
39 983
40 2238
41 1293
42 431
43 2309
44 866
45 505
46 812
47 2395
48 2257
49 314
50 33
51 1748
52 417
53 1027
54 2842
55 2762
56 2658
57 2392
58 853
59 2938
60 1719
61 2784
62 66
63 753
64 714
65 2002
66 463
67 1350
68 2987
69 921
70 1675
71 1003
72 2311
73 333
74 17
75 2300
76 2289
77 1249
78 1191
79 51
80 1102
81 912
82 2441
83 2385
84 1106
85 2079
86 745
87 2122
88 1748
89 1128
90 1973
91 1371
92 966
93 412
94 969
95 1247
96 1652
97 766
98 1922
99 2125
100 434
101 1644
102 1324
103 1563
104 643
105 1336
106 2743
107 1690
108 763
109 2945
110 1457
111 2298
112 1495
113 2725
114 402
115 2418
116 523
117 1515
118 2400
119 2779
120 546
121 1222
122 577
123 676
124 1919
125 1106
126 2614
127 1097
128 1394
129 2197
130 1148
131 1352
132 650
133 1434
134 127
135 2574
136 2409
137 1351
138 665
139 1484
140 2038
141 846
142 2434
143 2602
144 2090
145 2611
146 1765
147 2969
148 2870
149 1224
150 922
151 2327
152 731
153 221
154 1001
155 1598
156 454
157 2464
158 2527
159 2666
160 2153
161 1495
162 954
163 740
164 1500
165 2106
166 2100
167 687
168 2261
169 705
170 1561
171 1815
172 287
173 2408
174 2434
175 2457
176 121
177 2629
178 203
179 1112
180 1209
181 2035
182 2288
183 1160
184 1496
185 1016
186 1718
187 1226
188 1068
189 2087
190 1082
191 2399
192 1285
193 1724
194 1256
195 39
196 2964
197 97
198 7
199 2356
200 2367
201 1172
202 73
203 2053
204 2067
205 1791
206 2885
207 2259
208 2762
209 1498
210 2729
211 520
212 2142
213 1574
214 696
215 2180
216 399
217 2832
218 108
219 748
220 206
221 1418
222 1603
223 2713
224 1953
225 1800
226 2252
227 677
228 2691
229 1539
230 981
231 1
232 230
233 2159
234 2181
235 1450
236 519
237 2118
238 2194
239 732
240 2296
241 219
242 1734
243 1868
244 2260
245 359
246 1968
247 355
248 2400
249 440
250 1726
251 1563
252 2020
253 2646
254 29
255 1084
256 2347
257 326
258 2268
259 2353
260 1136
261 1626
262 1336
263 2145
264 653
265 2950
266 2869
267 1972
268 2279
269 2715
270 2380
271 1432
272 792
273 2179
274 1371
275 120
276 63
277 1446
278 2823
279 2998
280 2789
281 2309
282 1169
283 1999
284 271
285 2431
286 1291
287 1010
288 892
289 1657
290 1374
291 2320
292 262
293 1424
294 829
295 2219
296 2126
297 1981
298 444
299 1551
300 1136
301 1302
302 1178
303 2289
304 4
305 1117
306 776
307 1073
308 1971
309 2386
310 181
311 892
312 2813
313 2550
314 2871
315 2416
316 2768
317 318
318 1785
319 1673
320 20
321 743
322 2967
323 1971
324 1135
325 139
326 2278
327 1060
328 1298
329 357
330 494
331 1557
332 202
333 2309
334 2366
335 2654
336 328
337 1322
338 1430
339 2543
340 2113
341 688
342 1716
343 907
344 233
345 709
346 850
347 850
348 326
349 995
350 1103
351 1421
352 2222
353 689
354 2644
355 1555
356 317
357 1993
358 1781
359 1734
360 781
361 1618
362 512
363 448
364 1237
365 2995
366 627
367 71
368 74
369 2439
370 882
371 135
372 1274
373 1332
374 1996
375 731
376 419
377 1296
378 2857
379 2106
380 2956
381 2156
382 1364
383 2748
384 2077
385 2253
386 54
387 2637
388 994
389 1326
390 894
391 800
392 308
393 761
394 560
395 321
396 581
397 1696
398 661
399 1276
400 2160
401 517
402 2047
403 132
404 2115
405 754
406 525
407 1062
408 1423
409 2456
410 1441
411 2091
412 1327
413 142
414 1315
415 968
416 1812
417 1116
418 2145
419 1419
420 1124
421 196
422 2690
423 1818
424 401
425 2507
426 2086
427 1770
428 1534
429 2011
430 2586
431 546
432 1495
433 545
434 1704
435 1729
436 1001
437 2914
438 2650
439 1061
440 968
441 3000
442 2793
443 2689
444 2983
445 2294
446 1844
447 1568
448 2340
449 410
450 1897
451 2496
452 1224
453 2667
454 1912
455 1746
456 2928
457 1461
458 1124
459 2581
460 19
461 1629
462 1985
463 499
464 2584
465 928
466 1802
467 815
468 22
469 371
470 2221
471 2905
472 2260
473 1125
474 1202
475 2470
476 1854
477 457
478 336
479 1118
480 774
481 1411
482 550
483 2333
484 1793
485 1708
486 703
487 1656
488 2644
489 1443
490 360
491 1620
492 1131
493 2803
494 1102
495 1410
496 2889
497 989
498 1339
499 165
500 2105
501 2907
502 435
503 1410
504 1323
505 2056
506 1181
507 2035
508 1700
509 2287
510 24
511 2149
512 2628
513 2491
514 2244
515 283
516 2294
517 1559
518 867
519 2515
520 2458
521 2866
522 2950
523 674
524 1743
525 360
526 349
527 1848
528 1222
529 256
530 2725
531 583
532 1866
533 2729
534 967
535 105
536 934
537 2465
538 2053
539 1685
540 2523
541 1066
542 6
543 224
544 991
545 2454
546 836
547 130
548 1269
549 2697
550 2097
551 2179
552 120
553 2220
554 2623
555 2597
556 1893
557 2175
558 2523
559 305
560 991
561 565
562 75
563 100
564 2198
565 2991
566 2906
567 725

