701 38
0 736
1 1299
2 2611
3 278
4 1854
5 213
6 1091
7 902
8 2451
9 1766
10 1488
11 1736
12 1531
13 2110
14 2622
15 22
16 1320
17 2776
18 2319
19 2410
20 669
21 1184
22 1665
23 2355
24 139
25 828
26 926
27 196
28 210
29 873
30 1995
31 2044
32 2190
33 2037
34 374
35 137
36 2705
37 959
38 111
39 89
40 2573
41 97
42 801
43 2287
44 2425
45 400
46 1275
47 2779
48 2467
49 1260
50 2958
51 949
52 2581
53 2468
54 1506
55 1560
56 192
57 1683
58 2342
59 384
60 2027
61 1035
62 188
63 2112
64 2551
65 6
66 1171
67 2247
68 762
69 1032
70 1646
71 1564
72 786
73 2378
74 1940
75 2614
76 334
77 973
78 2414
79 1349
80 2250
81 1996
82 1526
83 906
84 955
85 2863
86 2846
87 1173
88 2389
89 2473
90 2230
91 319
92 20
93 1163
94 2255
95 3000
96 2310
97 254
98 2523
99 1707
100 1402
101 16
102 1537
103 1605
104 516
105 1052
106 1634
107 834
108 1199
109 2937
110 50
111 1285
112 501
113 533
114 468
115 361
116 2947
117 2235
118 2256
119 1811
120 1873
121 2905
122 1289
123 2796
124 874
125 2992
126 252
127 939
128 922
129 93
130 2435
131 2313
132 697
133 2129
134 2836
135 2618
136 2248
137 2631
138 498
139 2211
140 1178
141 2076
142 196
143 871
144 443
145 2357
146 1497
147 2609
148 2143
149 2225
150 1860
151 2545
152 284
153 136
154 601
155 718
156 1992
157 1217
158 1187
159 840
160 1510
161 2631
162 640
163 2797
164 2426
165 1018
166 1529
167 767
168 488
169 828
170 1721
171 481
172 2719
173 2605
174 2762
175 38
176 1247
177 2491
178 2774
179 124
180 2526
181 1379
182 2374
183 2840
184 2125
185 1486
186 2094
187 98
188 1018
189 1537
190 2058
191 2406
192 618
193 621
194 276
195 1759
196 2292
197 1301
198 2458
199 330
200 710
201 1754
202 1906
203 2097
204 652
205 1871
206 1181
207 789
208 770
209 2369
210 652
211 1570
212 1775
213 1553
214 2254
215 2883
216 595
217 850
218 2178
219 142
220 174
221 2955
222 2464
223 1930
224 2409
225 2779
226 2314
227 1805
228 658
229 103
230 2154
231 829
232 313
233 2829
234 2994
235 195
236 1184
237 1361
238 1409
239 1213
240 1626
241 373
242 1613
243 2079
244 2712
245 1607
246 2590
247 1738
248 339
249 2600
250 1560
251 1417
252 1213
253 2750
254 591
255 2780
256 1715
257 852
258 2893
259 2880
260 2003
261 1905
262 197
263 2627
264 1022
265 200
266 493
267 2482
268 2384
269 1726
270 2066
271 1443
272 616
273 46
274 2486
275 2804
276 292
277 2659
278 276
279 2346
280 2729
281 46
282 1255
283 2793
284 1514
285 2585
286 711
287 2886
288 1850
289 45
290 2081
291 113
292 2713
293 295
294 1113
295 2044
296 1616
297 2679
298 1044
299 2661
300 2578
301 1142
302 637
303 1476
304 518
305 1765
306 937
307 2877
308 1225
309 1910
310 1863
311 282
312 2661
313 1907
314 250
315 1441
316 2648
317 2780
318 2976
319 2143
320 1397
321 593
322 603
323 2359
324 2241
325 117
326 838
327 1649
328 1611
329 461
330 129
331 2247
332 1479
333 1292
334 2017
335 2565
336 831
337 351
338 2768
339 1594
340 1650
341 2130
342 576
343 2085
344 1434
345 2271
346 2156
347 353
348 2464
349 2415
350 287
351 2136
352 312
353 258
354 2864
355 2184
356 1294
357 431
358 2074
359 1940
360 1414
361 2027
362 909
363 739
364 506
365 136
366 2851
367 2692
368 2905
369 1524
370 994
371 2472
372 2578
373 1325
374 800
375 77
376 87
377 2501
378 1105
379 2505
380 509
381 2959
382 2852
383 1265
384 1043
385 2953
386 2171
387 1412
388 1861
389 971
390 2266
391 2038
392 1629
393 1622
394 2591
395 442
396 2697
397 1943
398 751
399 2887
400 203
401 373
402 660
403 345
404 53
405 2648
406 2231
407 2056
408 848
409 2062
410 364
411 2717
412 760
413 1286
414 1979
415 513
416 665
417 170
418 984
419 2788
420 2506
421 1487
422 2992
423 1857
424 1374
425 997
426 161
427 1932
428 1317
429 2815
430 2041
431 528
432 2826
433 2312
434 1410
435 1338
436 307
437 1568
438 1591
439 2969
440 1898
441 847
442 283
443 2276
444 1088
445 1627
446 748
447 554
448 1232
449 887
450 1100
451 1234
452 1325
453 2292
454 632
455 1139
456 192
457 2171
458 1397
459 276
460 2789
461 884
462 1371
463 111
464 2374
465 827
466 1149
467 1839
468 1732
469 2744
470 1035
471 1622
472 2730
473 459
474 1753
475 123
476 1802
477 1069
478 2983
479 932
480 1938
481 724
482 1
483 1087
484 335
485 2720
486 2773
487 2526
488 2947
489 607
490 801
491 491
492 411
493 2850
494 1292
495 469
496 1859
497 78
498 2848
499 1037
500 1516
501 1388
502 2411
503 1925
504 1422
505 2792
506 2557
507 1533
508 837
509 2337
510 602
511 2500
512 1728
513 105
514 1391
515 178
516 2373
517 2219
518 1491
519 566
520 1891
521 2643
522 629
523 2957
524 793
525 277
526 1041
527 639
528 1501
529 2792
530 2097
531 2496
532 911
533 1531
534 660
535 1492
536 1138
537 1796
538 2142
539 2045
540 2488
541 1293
542 1546
543 615
544 5
545 2426
546 1544
547 2184
548 1862
549 223
550 1554
551 1220
552 2474
553 2273
554 2769
555 883
556 2921
557 1019
558 2218
559 1907
560 1941
561 1905
562 2150
563 824
564 1177
565 2795
566 2110
567 1952
568 1482
569 2427
570 209
571 2396
572 660
573 444
574 652
575 1106
576 2382
577 2836
578 1220
579 680
580 242
581 1634
582 2404
583 967
584 2426
585 835
586 1064
587 584
588 1642
589 2740
590 1033
591 2758
592 2097
593 1988
594 2978
595 749
596 1125
597 684
598 609
599 675
600 559
601 1485
602 424
603 2733
604 1351
605 753
606 110
607 2866
608 1294
609 153
610 1773
611 1534
612 2568
613 250
614 2010
615 1423
616 1027
617 1930
618 66
619 446
620 1400
621 1112
622 2231
623 2495
624 1510
625 602
626 568
627 343
628 1656
629 1439
630 696
631 994
632 2778
633 1436
634 1249
635 446
636 2789
637 2851
638 789
639 1276
640 326
641 2874
642 1522
643 32
644 367
645 894
646 2265
647 2750
648 851
649 1307
650 1296
651 1654
652 1097
653 545
654 1639
655 210
656 2649
657 1356
658 2470
659 1720
660 1150
661 1007
662 1655
663 2377
664 1491
665 688
666 1703
667 1040
668 2238
669 387
670 1443
671 2367
672 2558
673 2603
674 555
675 2643
676 2028
677 919
678 485
679 301
680 2176
681 570
682 2479
683 182
684 2354
685 2284
686 676
687 399
688 1444
689 2458
690 704
691 1558
692 2681
693 2243
694 848
695 2320
696 713
697 1719
698 1743
699 2406
700 923

