587 91
0 2182
1 190
2 1918
3 2108
4 2842
5 1731
6 1207
7 128
8 1379
9 152
10 2089
11 2677
12 558
13 2306
14 2185
15 1692
16 1200
17 1819
18 2800
19 2698
20 1523
21 110
22 287
23 2541
24 629
25 1412
26 1515
27 436
28 2917
29 1765
30 2380
31 308
32 2041
33 2379
34 2933
35 1644
36 1598
37 859
38 226
39 2453
40 986
41 233
42 2373
43 801
44 397
45 468
46 290
47 2116
48 2782
49 71
50 1287
51 1638
52 1882
53 1608
54 2211
55 403
56 978
57 1937
58 635
59 624
60 967
61 267
62 1272
63 1483
64 2462
65 2029
66 1471
67 689
68 504
69 63
70 592
71 2558
72 948
73 468
74 2605
75 2745
76 1037
77 6
78 1846
79 1036
80 2640
81 1321
82 735
83 579
84 2336
85 2602
86 325
87 2512
88 1835
89 456
90 2383
91 2483
92 2779
93 1474
94 1690
95 1580
96 1782
97 2989
98 407
99 2058
100 1625
101 2621
102 191
103 1321
104 607
105 689
106 1186
107 2684
108 2299
109 2058
110 675
111 1214
112 2958
113 984
114 721
115 976
116 1781
117 250
118 1875
119 477
120 1850
121 212
122 1089
123 2190
124 1188
125 2890
126 2687
127 1904
128 2522
129 1286
130 1879
131 665
132 1016
133 736
134 848
135 1913
136 1768
137 578
138 239
139 2776
140 1713
141 1917
142 689
143 750
144 2018
145 1342
146 946
147 1580
148 2036
149 983
150 1183
151 1777
152 177
153 320
154 100
155 2859
156 1544
157 797
158 102
159 2608
160 1349
161 741
162 882
163 761
164 1688
165 968
166 2462
167 2963
168 174
169 2564
170 520
171 2943
172 1327
173 2924
174 2212
175 1009
176 376
177 2836
178 1605
179 525
180 539
181 2099
182 386
183 153
184 380
185 1655
186 1689
187 1732
188 1728
189 2393
190 1642
191 2735
192 1758
193 1975
194 810
195 2112
196 1021
197 46
198 1138
199 617
200 2681
201 2740
202 626
203 516
204 1010
205 1918
206 1741
207 887
208 120
209 1610
210 2549
211 551
212 1183
213 78
214 633
215 2701
216 666
217 955
218 1629
219 527
220 1235
221 2674
222 394
223 1000
224 2298
225 53
226 188
227 1069
228 6
229 1758
230 2265
231 874
232 880
233 981
234 2273
235 1863
236 277
237 2092
238 1438
239 1964
240 190
241 310
242 846
243 396
244 1715
245 2023
246 2077
247 99
248 808
249 2091
250 1406
251 2185
252 509
253 2048
254 1643
255 1983
256 2737
257 646
258 2682
259 1283
260 2828
261 590
262 998
263 2594
264 1367
265 2863
266 2286
267 1150
268 1521
269 2764
270 2276
271 644
272 889
273 865
274 1664
275 628
276 1826
277 1000
278 794
279 659
280 1027
281 2663
282 2989
283 2284
284 945
285 2376
286 79
287 2102
288 967
289 2135
290 125
291 1585
292 1825
293 527
294 2935
295 1398
296 277
297 2114
298 1977
299 1630
300 357
301 1636
302 1691
303 1779
304 277
305 2380
306 2777
307 1488
308 2580
309 2632
310 1629
311 2781
312 205
313 858
314 2575
315 1005
316 1569
317 2505
318 1209
319 1824
320 273
321 1622
322 2219
323 1798
324 762
325 2789
326 850
327 2315
328 2931
329 1107
330 2435
331 2235
332 1663
333 805
334 1451
335 2757
336 630
337 2935
338 2514
339 1208
340 369
341 1455
342 2557
343 998
344 1016
345 1144
346 2337
347 2624
348 560
349 1086
350 1998
351 1544
352 2851
353 207
354 2764
355 1920
356 76
357 2539
358 439
359 1483
360 1549
361 1216
362 1711
363 480
364 2418
365 1551
366 2699
367 2167
368 108
369 1004
370 250
371 42
372 700
373 2792
374 1779
375 2521
376 2269
377 371
378 1198
379 700
380 2323
381 574
382 1307
383 781
384 554
385 117
386 1823
387 1188
388 1370
389 2494
390 1862
391 143
392 1608
393 2709
394 2732
395 2709
396 1413
397 1682
398 1909
399 1110
400 2420
401 1563
402 2909
403 1137
404 534
405 798
406 2994
407 2124
408 2863
409 46
410 1984
411 2002
412 2020
413 635
414 644
415 2651
416 1520
417 1604
418 1896
419 534
420 1112
421 585
422 1052
423 1319
424 1061
425 1608
426 6
427 641
428 199
429 1727
430 211
431 18
432 94
433 2371
434 452
435 2595
436 1672
437 193
438 784
439 356
440 2259
441 1888
442 2755
443 13
444 2711
445 2780
446 1834
447 2103
448 2002
449 2702
450 2323
451 2826
452 585
453 2854
454 2820
455 2999
456 824
457 2815
458 1259
459 658
460 1121
461 2085
462 464
463 1741
464 140
465 1749
466 1444
467 262
468 1621
469 1690
470 174
471 232
472 2561
473 134
474 263
475 1713
476 1618
477 2745
478 191
479 1543
480 1761
481 1796
482 1913
483 123
484 1563
485 874
486 2143
487 799
488 1700
489 1247
490 644
491 2407
492 414
493 2033
494 1461
495 2744
496 1066
497 2751
498 2030
499 577
500 770
501 391
502 2113
503 1273
504 2085
505 1530
506 561
507 901
508 1078
509 1330
510 1047
511 1942
512 1939
513 694
514 2369
515 1468
516 776
517 496
518 2088
519 940
520 107
521 656
522 184
523 269
524 679
525 1960
526 1859
527 180
528 2219
529 1669
530 483
531 1378
532 984
533 796
534 1538
535 75
536 883
537 638
538 328
539 1959
540 1008
541 2525
542 636
543 1236
544 1288
545 1314
546 806
547 2249
548 2318
549 478
550 1828
551 1544
552 879
553 68
554 1724
555 2007
556 2103
557 2730
558 2295
559 1145
560 2545
561 2779
562 1753
563 849
564 1375
565 1296
566 459
567 2815
568 1986
569 214
570 2348
571 2991
572 2061
573 2214
574 434
575 685
576 2578
577 404
578 1643
579 2491
580 2406
581 2852
582 718
583 768
584 638
585 2309
586 2231

