186 96
0 342
1 1043
2 1512
3 562
4 427
5 1869
6 2176
7 2585
8 1791
9 2336
10 1157
11 2227
12 754
13 49
14 414
15 2634
16 486
17 2974
18 2382
19 2854
20 1847
21 1899
22 2522
23 1142
24 2067
25 1841
26 1342
27 477
28 2413
29 1121
30 2443
31 2424
32 2084
33 1811
34 2663
35 233
36 64
37 383
38 2413
39 1603
40 1463
41 1107
42 279
43 1936
44 2767
45 356
46 425
47 1093
48 1325
49 1476
50 1848
51 1923
52 1335
53 1097
54 490
55 1072
56 639
57 464
58 2936
59 2960
60 938
61 2310
62 2526
63 1828
64 570
65 127
66 277
67 3
68 1808
69 2319
70 2352
71 2891
72 1683
73 2464
74 1168
75 1109
76 1003
77 389
78 2650
79 1547
80 1140
81 618
82 2462
83 1797
84 1243
85 1902
86 2363
87 864
88 2046
89 988
90 1495
91 2831
92 817
93 2816
94 235
95 2213
96 2659
97 2399
98 744
99 2624
100 778
101 1889
102 131
103 99
104 648
105 371
106 1284
107 1735
108 49
109 1603
110 626
111 2733
112 2664
113 8
114 1330
115 1269
116 1589
117 1462
118 2459
119 636
120 367
121 2260
122 50
123 687
124 1519
125 1077
126 1002
127 385
128 2392
129 1148
130 2553
131 2387
132 2090
133 681
134 398
135 2801
136 1625
137 1604
138 2065
139 63
140 1349
141 812
142 2620
143 2904
144 840
145 662
146 2318
147 1940
148 1190
149 2167
150 1804
151 2095
152 2955
153 2256
154 2229
155 2449
156 2166
157 2217
158 461
159 634
160 1111
161 1737
162 738
163 1454
164 1072
165 517
166 1852
167 1881
168 1197
169 2212
170 1696
171 2277
172 1974
173 2178
174 2581
175 1776
176 1458
177 2553
178 866
179 390
180 870
181 1981
182 79
183 1832
184 1216
185 1710

