262 31
0 2138
1 427
2 1632
3 2374
4 123
5 1623
6 1243
7 2424
8 504
9 1085
10 777
11 1111
12 1493
13 1928
14 2591
15 2520
16 2633
17 1342
18 2297
19 2430
20 1761
21 232
22 90
23 2960
24 1257
25 2575
26 1491
27 1041
28 1912
29 785
30 2656
31 2980
32 201
33 1774
34 444
35 1450
36 922
37 2515
38 297
39 395
40 2711
41 1177
42 267
43 2124
44 1185
45 493
46 2862
47 1687
48 923
49 146
50 405
51 2308
52 1973
53 519
54 592
55 997
56 694
57 1424
58 122
59 927
60 261
61 1363
62 2438
63 2359
64 2062
65 332
66 596
67 2700
68 159
69 251
70 784
71 234
72 2929
73 409
74 412
75 1784
76 270
77 337
78 1978
79 894
80 2127
81 1395
82 1554
83 878
84 2294
85 181
86 110
87 63
88 10
89 1086
90 1079
91 1882
92 1965
93 1661
94 2802
95 2526
96 2333
97 1076
98 917
99 1262
100 2203
101 1193
102 370
103 2046
104 1939
105 1562
106 2248
107 1759
108 2034
109 1666
110 1589
111 1778
112 264
113 550
114 29
115 439
116 907
117 2203
118 2064
119 1779
120 475
121 541
122 2316
123 744
124 696
125 405
126 1526
127 682
128 2030
129 565
130 263
131 1807
132 2983
133 684
134 1443
135 814
136 2376
137 2876
138 1378
139 2495
140 2579
141 163
142 1453
143 2956
144 2667
145 2705
146 1451
147 1885
148 2657
149 692
150 635
151 2213
152 941
153 2009
154 2221
155 2954
156 2443
157 1482
158 226
159 1063
160 352
161 741
162 1749
163 2209
164 1566
165 2248
166 1118
167 2154
168 374
169 1630
170 321
171 1378
172 2606
173 1721
174 2224
175 2784
176 814
177 79
178 111
179 49
180 17
181 1673
182 1970
183 738
184 372
185 2165
186 2173
187 1202
188 122
189 107
190 1793
191 2127
192 2723
193 942
194 476
195 443
196 2157
197 2498
198 2738
199 2665
200 2204
201 2168
202 1239
203 717
204 1939
205 849
206 1264
207 2938
208 2123
209 197
210 305
211 919
212 1004
213 2968
214 562
215 961
216 1298
217 522
218 779
219 499
220 2831
221 2613
222 420
223 45
224 684
225 1562
226 2224
227 1340
228 2382
229 1254
230 1490
231 1283
232 193
233 2317
234 1013
235 695
236 1127
237 1309
238 815
239 535
240 1660
241 1949
242 670
243 2331
244 716
245 2709
246 2600
247 1311
248 627
249 1599
250 787
251 863
252 582
253 767
254 2241
255 2575
256 2727
257 903
258 1864
259 1325
260 2625
261 1888

