536 5
0 1349
1 2151
2 1662
3 762
4 511
5 4
6 2980
7 2199
8 2036
9 156
10 2108
11 2064
12 1392
13 1066
14 1869
15 273
16 1214
17 2348
18 2853
19 2781
20 550
21 1941
22 1255
23 1301
24 1882
25 2116
26 2951
27 223
28 749
29 1302
30 1211
31 1437
32 808
33 498
34 1505
35 1849
36 1829
37 1610
38 1138
39 895
40 481
41 1591
42 243
43 208
44 1816
45 2100
46 2788
47 1016
48 2865
49 682
50 1821
51 367
52 435
53 4
54 2159
55 134
56 2661
57 170
58 379
59 2171
60 1072
61 984
62 1932
63 1696
64 2501
65 1474
66 1958
67 274
68 686
69 1601
70 2996
71 2549
72 1279
73 2409
74 2882
75 2160
76 1188
77 61
78 1515
79 659
80 1439
81 1536
82 1516
83 466
84 934
85 2290
86 1073
87 1966
88 2589
89 402
90 1062
91 174
92 2360
93 1740
94 2063
95 620
96 1771
97 1740
98 1786
99 950
100 867
101 1668
102 26
103 789
104 1110
105 2561
106 701
107 805
108 2741
109 2387
110 2839
111 963
112 1043
113 54
114 1397
115 1215
116 1266
117 544
118 712
119 2374
120 1709
121 2264
122 2723
123 2575
124 2585
125 626
126 2441
127 1407
128 1471
129 2813
130 642
131 1593
132 711
133 1547
134 276
135 853
136 2168
137 2007
138 1991
139 1671
140 107
141 2891
142 409
143 565
144 2213
145 1158
146 1672
147 1068
148 325
149 1560
150 2197
151 282
152 1656
153 2168
154 1237
155 352
156 2649
157 662
158 1093
159 1835
160 702
161 31
162 271
163 1378
164 2486
165 52
166 504
167 1253
168 1454
169 837
170 2837
171 2303
172 1884
173 916
174 1308
175 1004
176 1257
177 116
178 333
179 705
180 318
181 2281
182 2817
183 466
184 959
185 2655
186 1028
187 961
188 2374
189 622
190 850
191 899
192 617
193 2207
194 2188
195 1207
196 587
197 571
198 2173
199 2562
200 2575
201 1537
202 833
203 1035
204 61
205 1415
206 2849
207 2199
208 1533
209 2784
210 1773
211 2705
212 2160
213 1463
214 2620
215 439
216 2670
217 2146
218 1431
219 618
220 1251
221 1767
222 643
223 251
224 1517
225 1085
226 586
227 1754
228 1495
229 1370
230 2808
231 2814
232 1862
233 1835
234 1304
235 2773
236 1783
237 682
238 2034
239 2122
240 968
241 627
242 1360
243 1229
244 927
245 1277
246 2336
247 388
248 434
249 2902
250 1327
251 189
252 2752
253 1665
254 2478
255 2902
256 2039
257 1761
258 2218
259 2024
260 1628
261 1423
262 1037
263 2470
264 2832
265 1420
266 57
267 892
268 156
269 1738
270 2372
271 2217
272 155
273 1589
274 317
275 1066
276 1559
277 2353
278 392
279 62
280 1046
281 1332
282 1525
283 413
284 2731
285 2414
286 1427
287 2264
288 1730
289 120
290 904
291 1517
292 2324
293 1752
294 1293
295 654
296 1270
297 502
298 288
299 2975
300 1329
301 2981
302 2029
303 752
304 2444
305 2041
306 2191
307 696
308 713
309 2170
310 1266
311 2955
312 1997
313 1798
314 2326
315 2629
316 1019
317 405
318 1736
319 2799
320 596
321 2357
322 335
323 2875
324 1383
325 1291
326 1292
327 2257
328 2044
329 2565
330 1297
331 596
332 2913
333 2799
334 320
335 499
336 2047
337 628
338 2516
339 589
340 1295
341 2778
342 883
343 1665
344 1586
345 1175
346 1676
347 2405
348 1657
349 2239
350 579
351 884
352 834
353 2505
354 19
355 2481
356 2825
357 1493
358 1631
359 2594
360 1603
361 1008
362 2439
363 2316
364 707
365 208
366 1208
367 2595
368 2525
369 2680
370 2298
371 2368
372 1827
373 273
374 625
375 320
376 796
377 1842
378 604
379 809
380 2036
381 2859
382 2686
383 2132
384 389
385 422
386 2211
387 2439
388 306
389 550
390 1644
391 925
392 341
393 1088
394 1822
395 900
396 283
397 476
398 2961
399 340
400 2760
401 2157
402 2968
403 814
404 1548
405 1031
406 2661
407 2357
408 2215
409 278
410 2705
411 678
412 2474
413 127
414 1745
415 116
416 669
417 1470
418 692
419 891
420 2329
421 716
422 322
423 1601
424 1106
425 1028
426 2803
427 17
428 1233
429 1174
430 1477
431 2214
432 1415
433 1440
434 21
435 1162
436 2835
437 193
438 1849
439 601
440 1784
441 855
442 822
443 2263
444 2314
445 1876
446 2623
447 1437
448 945
449 240
450 2859
451 2236
452 1516
453 2058
454 1096
455 1438
456 1942
457 2675
458 2290
459 433
460 2707
461 1455
462 1762
463 180
464 1910
465 734
466 1383
467 1592
468 222
469 1204
470 575
471 711
472 1606
473 1337
474 2963
475 588
476 1515
477 2876
478 2429
479 2265
480 2024
481 2781
482 1432
483 1277
484 142
485 2732
486 150
487 2243
488 2060
489 15
490 646
491 893
492 2135
493 141
494 2653
495 2660
496 356
497 2081
498 403
499 2740
500 2940
501 2062
502 929
503 2225
504 1557
505 1731
506 1907
507 1494
508 492
509 2806
510 1854
511 2143
512 2577
513 581
514 2106
515 1387
516 2274
517 2063
518 2362
519 802
520 2901
521 401
522 2633
523 990
524 2267
525 2332
526 307
527 1991
528 153
529 859
530 1055
531 393
532 182
533 2042
534 1561
535 1560

