715 27
0 2167
1 1303
2 440
3 546
4 2268
5 797
6 1871
7 1198
8 275
9 143
10 946
11 2253
12 1310
13 1320
14 479
15 1934
16 17
17 1959
18 612
19 2638
20 956
21 2151
22 578
23 1151
24 197
25 1624
26 1743
27 984
28 1204
29 694
30 505
31 2634
32 2732
33 2251
34 2650
35 708
36 840
37 1797
38 2203
39 1116
40 2755
41 1408
42 1565
43 2020
44 1501
45 2264
46 2470
47 13
48 824
49 2482
50 1984
51 2373
52 1392
53 2609
54 1547
55 2536
56 228
57 563
58 2982
59 1967
60 2805
61 1049
62 276
63 1551
64 2750
65 2008
66 2619
67 1406
68 1230
69 403
70 1990
71 2027
72 720
73 1292
74 562
75 2666
76 68
77 2905
78 470
79 1666
80 374
81 272
82 1994
83 1321
84 2635
85 1598
86 756
87 924
88 1975
89 2102
90 692
91 604
92 2769
93 2948
94 1083
95 2975
96 1462
97 2908
98 708
99 807
100 1781
101 649
102 195
103 2144
104 2106
105 894
106 2907
107 1027
108 2580
109 1031
110 1724
111 1309
112 2500
113 489
114 2886
115 2535
116 1483
117 1788
118 1460
119 394
120 2845
121 1309
122 1644
123 1839
124 2038
125 2135
126 1952
127 1290
128 2392
129 2916
130 2234
131 2116
132 378
133 2706
134 1528
135 1977
136 2191
137 1162
138 2655
139 2268
140 2438
141 1294
142 2837
143 229
144 2721
145 1572
146 621
147 2107
148 2903
149 2111
150 1191
151 2756
152 1411
153 2773
154 971
155 1878
156 2222
157 943
158 112
159 2873
160 1644
161 896
162 1628
163 489
164 174
165 2098
166 2053
167 845
168 1342
169 1597
170 1878
171 1617
172 1162
173 352
174 2346
175 2836
176 1628
177 1259
178 2490
179 2114
180 525
181 2039
182 2815
183 385
184 660
185 562
186 1009
187 2116
188 1843
189 2330
190 2894
191 1534
192 1420
193 819
194 1796
195 2650
196 1410
197 1540
198 2165
199 58
200 2620
201 2479
202 2828
203 197
204 710
205 2419
206 359
207 1412
208 2559
209 1153
210 2942
211 2957
212 1757
213 826
214 1029
215 2749
216 300
217 379
218 2945
219 2376
220 1877
221 2422
222 1801
223 2065
224 802
225 104
226 74
227 1407
228 2427
229 2765
230 2288
231 587
232 568
233 1127
234 1101
235 2666
236 467
237 437
238 2612
239 1798
240 789
241 2951
242 1177
243 173
244 760
245 415
246 2453
247 283
248 379
249 1153
250 1222
251 774
252 36
253 1312
254 1271
255 1024
256 12
257 166
258 1934
259 1695
260 997
261 2909
262 1785
263 349
264 1428
265 817
266 2973
267 1798
268 1913
269 2490
270 2141
271 1750
272 1329
273 2262
274 2076
275 1602
276 448
277 2676
278 1160
279 1162
280 2423
281 2089
282 2372
283 268
284 1252
285 1735
286 2501
287 1052
288 151
289 1530
290 2814
291 1344
292 406
293 1207
294 1768
295 2450
296 1423
297 201
298 1095
299 1125
300 2213
301 1892
302 1312
303 1338
304 2851
305 1288
306 1678
307 2721
308 1717
309 2858
310 999
311 1569
312 2070
313 2132
314 2393
315 1993
316 211
317 1153
318 1442
319 2264
320 2631
321 1930
322 1994
323 1772
324 2938
325 2849
326 2466
327 1491
328 1602
329 715
330 204
331 2398
332 1132
333 77
334 829
335 2305
336 1352
337 14
338 2701
339 2808
340 632
341 281
342 1710
343 1527
344 2895
345 1311
346 803
347 1100
348 1588
349 609
350 22
351 2808
352 2379
353 1934
354 625
355 252
356 975
357 72
358 1215
359 460
360 1766
361 2127
362 1245
363 527
364 1611
365 1243
366 2530
367 216
368 1534
369 2131
370 807
371 807
372 672
373 172
374 1522
375 890
376 2753
377 1025
378 854
379 1901
380 2118
381 303
382 2473
383 147
384 2794
385 1353
386 2196
387 1304
388 1875
389 2537
390 636
391 142
392 771
393 987
394 1490
395 2131
396 2124
397 655
398 847
399 666
400 2718
401 1169
402 408
403 1781
404 1307
405 1673
406 510
407 2471
408 2021
409 1508
410 516
411 2082
412 2319
413 1680
414 1457
415 826
416 129
417 2938
418 2386
419 1210
420 171
421 2011
422 742
423 2417
424 2797
425 1096
426 999
427 1608
428 2478
429 1434
430 743
431 2115
432 499
433 262
434 1389
435 2502
436 206
437 1899
438 1325
439 1312
440 587
441 1067
442 1528
443 1228
444 2291
445 1190
446 1719
447 851
448 2116
449 372
450 2711
451 637
452 499
453 1595
454 940
455 262
456 575
457 1197
458 548
459 524
460 2659
461 2361
462 306
463 1575
464 168
465 430
466 1083
467 1937
468 766
469 1601
470 1243
471 1376
472 247
473 230
474 361
475 191
476 2260
477 2211
478 2009
479 1393
480 1354
481 1954
482 1893
483 1693
484 948
485 1417
486 2807
487 1001
488 2848
489 2096
490 385
491 1668
492 714
493 203
494 1202
495 2850
496 2339
497 1100
498 1508
499 1735
500 2784
501 2734
502 231
503 1312
504 1116
505 1886
506 406
507 2231
508 2156
509 2300
510 2081
511 1351
512 2957
513 2991
514 1816
515 1022
516 1090
517 645
518 1993
519 2105
520 2299
521 1862
522 2996
523 2538
524 1333
525 513
526 2967
527 1010
528 1026
529 1804
530 609
531 99
532 859
533 1381
534 348
535 1037
536 1606
537 1435
538 2380
539 1990
540 761
541 2237
542 1395
543 1067
544 1028
545 1582
546 1188
547 478
548 1922
549 1090
550 983
551 1175
552 2528
553 2151
554 2633
555 137
556 1158
557 808
558 458
559 239
560 846
561 397
562 2238
563 735
564 2185
565 597
566 806
567 1848
568 1742
569 2509
570 1423
571 2516
572 600
573 1832
574 2559
575 1935
576 409
577 234
578 2782
579 2983
580 1058
581 2801
582 1295
583 176
584 1279
585 2950
586 1254
587 190
588 776
589 452
590 2195
591 2377
592 2068
593 2566
594 1997
595 1981
596 758
597 715
598 2003
599 2131
600 1816
601 1237
602 508
603 1642
604 410
605 396
606 2945
607 1108
608 122
609 2991
610 2662
611 2510
612 115
613 2160
614 2366
615 2291
616 1731
617 2572
618 2712
619 1600
620 384
621 968
622 537
623 2157
624 373
625 1462
626 779
627 2207
628 476
629 1362
630 450
631 947
632 2394
633 2617
634 80
635 1223
636 2300
637 75
638 944
639 1055
640 2129
641 1719
642 2949
643 2191
644 1188
645 1523
646 2152
647 2145
648 1527
649 2967
650 2813
651 617
652 384
653 2109
654 1460
655 1944
656 1314
657 1487
658 90
659 1218
660 2320
661 733
662 2513
663 2164
664 448
665 1201
666 2895
667 1299
668 757
669 1601
670 754
671 2331
672 2287
673 584
674 2225
675 2650
676 958
677 649
678 920
679 1158
680 1267
681 1757
682 2800
683 1928
684 416
685 483
686 1158
687 2541
688 970
689 943
690 1754
691 1460
692 1259
693 1239
694 2000
695 1361
696 1057
697 2978
698 730
699 1585
700 2646
701 969
702 1674
703 2968
704 630
705 610
706 400
707 2188
708 999
709 606
710 368
711 1609
712 2728
713 2463
714 546

