97 16
0 2459
1 622
2 952
3 1330
4 2119
5 1323
6 517
7 2507
8 255
9 2983
10 1659
11 2653
12 491
13 1548
14 1843
15 627
16 872
17 1765
18 636
19 193
20 2412
21 2032
22 151
23 534
24 2337
25 251
26 1704
27 997
28 1930
29 165
30 1322
31 1522
32 557
33 2363
34 120
35 1359
36 490
37 686
38 834
39 1475
40 593
41 832
42 510
43 2367
44 1980
45 1767
46 2203
47 1610
48 1457
49 316
50 2969
51 1971
52 149
53 2711
54 51
55 715
56 364
57 2793
58 1172
59 1501
60 1996
61 1386
62 2863
63 83
64 337
65 841
66 2690
67 729
68 732
69 2030
70 540
71 2605
72 2399
73 1083
74 2514
75 1367
76 1141
77 2131
78 1466
79 506
80 1674
81 1759
82 841
83 2191
84 2198
85 1302
86 2516
87 15
88 826
89 702
90 2115
91 2690
92 894
93 931
94 350
95 491
96 2215

