536 17
0 1046
1 1606
2 413
3 2616
4 1096
5 752
6 2139
7 1563
8 1228
9 325
10 1647
11 2913
12 78
13 2943
14 1083
15 836
16 725
17 1878
18 1449
19 2941
20 1838
21 1757
22 1710
23 2518
24 258
25 2353
26 630
27 1426
28 822
29 776
30 2657
31 509
32 658
33 1991
34 1146
35 1631
36 964
37 938
38 2377
39 1262
40 2117
41 2800
42 1867
43 870
44 1333
45 1693
46 468
47 1445
48 1755
49 2092
50 747
51 1795
52 632
53 376
54 1861
55 28
56 1330
57 2802
58 1259
59 474
60 2844
61 1651
62 2027
63 2538
64 2431
65 1194
66 1379
67 2400
68 372
69 2255
70 2070
71 442
72 596
73 1351
74 231
75 2256
76 730
77 841
78 2663
79 1514
80 1765
81 441
82 1403
83 2863
84 248
85 945
86 2768
87 1922
88 1238
89 2693
90 2404
91 2060
92 939
93 2557
94 1247
95 356
96 556
97 2862
98 1217
99 1877
100 1861
101 425
102 2080
103 1315
104 2688
105 472
106 802
107 1475
108 2490
109 2086
110 2479
111 811
112 2528
113 1961
114 207
115 515
116 1305
117 33
118 148
119 2468
120 761
121 1070
122 2934
123 2556
124 1853
125 2771
126 212
127 604
128 2620
129 525
130 808
131 2825
132 573
133 171
134 2056
135 1367
136 2349
137 121
138 1845
139 2137
140 2016
141 1900
142 2421
143 246
144 1857
145 1815
146 547
147 996
148 869
149 2407
150 108
151 1854
152 2654
153 1423
154 2127
155 2379
156 432
157 2219
158 161
159 2700
160 1136
161 2290
162 468
163 1058
164 1480
165 47
166 2495
167 2206
168 105
169 2293
170 2049
171 648
172 902
173 901
174 1585
175 1027
176 1591
177 894
178 1915
179 2243
180 989
181 1041
182 2385
183 1938
184 769
185 1426
186 2689
187 2595
188 2281
189 32
190 1170
191 191
192 2579
193 646
194 1428
195 706
196 2201
197 1741
198 2204
199 2128
200 566
201 800
202 288
203 2896
204 2383
205 2292
206 425
207 243
208 2639
209 1983
210 2708
211 1924
212 1691
213 1713
214 2368
215 14
216 1776
217 2661
218 2097
219 541
220 2373
221 816
222 1830
223 1523
224 930
225 926
226 235
227 2781
228 791
229 1538
230 1919
231 1718
232 2360
233 1243
234 904
235 1267
236 2424
237 2011
238 17
239 2511
240 753
241 1567
242 521
243 1337
244 2269
245 441
246 2236
247 2108
248 930
249 1500
250 2910
251 1009
252 503
253 2942
254 1800
255 2225
256 2541
257 920
258 753
259 163
260 1994
261 1680
262 2003
263 1644
264 30
265 2429
266 1445
267 1861
268 837
269 550
270 1958
271 694
272 1904
273 2969
274 1701
275 2375
276 938
277 107
278 1637
279 2175
280 1620
281 1612
282 965
283 911
284 985
285 1001
286 550
287 1487
288 1103
289 2574
290 2810
291 596
292 90
293 733
294 1837
295 2964
296 1181
297 703
298 683
299 2576
300 117
301 453
302 2106
303 1206
304 2452
305 856
306 1726
307 1454
308 1553
309 2530
310 1258
311 1334
312 2232
313 2244
314 724
315 61
316 1429
317 2841
318 421
319 1787
320 789
321 1523
322 1949
323 1091
324 1518
325 2480
326 511
327 1948
328 1418
329 793
330 2362
331 537
332 2614
333 817
334 2730
335 2915
336 2875
337 399
338 2358
339 263
340 2381
341 1538
342 626
343 1864
344 719
345 674
346 90
347 359
348 2452
349 521
350 1276
351 2983
352 1596
353 2281
354 1212
355 1280
356 1456
357 2543
358 793
359 1874
360 2497
361 1505
362 764
363 2925
364 1402
365 625
366 2122
367 1031
368 659
369 1415
370 1454
371 2554
372 1311
373 992
374 1843
375 1959
376 2617
377 869
378 1536
379 2814
380 2261
381 1042
382 2624
383 2449
384 2019
385 1241
386 1244
387 2015
388 2795
389 2647
390 982
391 2439
392 1953
393 2673
394 264
395 1770
396 2529
397 1830
398 610
399 1589
400 2494
401 2953
402 2397
403 1183
404 2759
405 1051
406 647
407 1417
408 1912
409 276
410 1886
411 214
412 1322
413 711
414 1239
415 880
416 71
417 1695
418 221
419 2230
420 775
421 2254
422 1982
423 882
424 1075
425 1591
426 2479
427 1633
428 1736
429 1910
430 2696
431 1673
432 2911
433 2345
434 1271
435 853
436 1191
437 859
438 2461
439 1788
440 1665
441 1457
442 1236
443 2242
444 1823
445 1722
446 2710
447 977
448 866
449 2661
450 1023
451 834
452 1076
453 2923
454 839
455 2072
456 1503
457 2432
458 434
459 107
460 1881
461 2588
462 687
463 2002
464 740
465 748
466 836
467 922
468 892
469 462
470 1380
471 2741
472 2159
473 2343
474 1887
475 440
476 2902
477 177
478 264
479 2634
480 1319
481 1954
482 1105
483 1238
484 1653
485 1565
486 1227
487 1162
488 1791
489 1464
490 2751
491 2952
492 1831
493 2558
494 2008
495 2176
496 1782
497 1109
498 2600
499 2236
500 2665
501 1698
502 2897
503 225
504 1851
505 691
506 474
507 1929
508 531
509 802
510 2561
511 2499
512 2693
513 1067
514 1041
515 201
516 1151
517 605
518 2461
519 2529
520 2611
521 1925
522 2282
523 1218
524 1875
525 1613
526 3000
527 1653
528 2372
529 1296
530 2976
531 845
532 2654
533 541
534 1407
535 777

