863 29
0 728
1 1676
2 881
3 954
4 1479
5 653
6 598
7 338
8 682
9 1832
10 1490
11 1273
12 2648
13 1641
14 325
15 1221
16 1752
17 379
18 2475
19 2879
20 1428
21 595
22 2439
23 1646
24 994
25 1923
26 779
27 150
28 2479
29 2451
30 2174
31 2298
32 812
33 287
34 727
35 412
36 1540
37 2900
38 2972
39 2915
40 2170
41 1256
42 1324
43 2474
44 28
45 239
46 905
47 1505
48 1046
49 374
50 1286
51 2970
52 1597
53 2496
54 2310
55 2852
56 1277
57 860
58 304
59 1361
60 1181
61 2057
62 106
63 607
64 371
65 1688
66 122
67 2626
68 2597
69 1619
70 1995
71 1513
72 806
73 1523
74 2076
75 804
76 743
77 578
78 2791
79 348
80 2649
81 1318
82 2057
83 1200
84 2625
85 1695
86 61
87 2941
88 38
89 454
90 677
91 57
92 2137
93 1446
94 1810
95 2058
96 2709
97 2579
98 2509
99 2340
100 1685
101 116
102 370
103 1756
104 1847
105 2417
106 2221
107 2022
108 2412
109 1093
110 1782
111 866
112 980
113 594
114 340
115 2467
116 1893
117 1221
118 699
119 2272
120 693
121 2760
122 362
123 1250
124 341
125 384
126 1659
127 381
128 238
129 52
130 961
131 2953
132 1032
133 1233
134 266
135 1180
136 1947
137 1321
138 2412
139 1939
140 2827
141 759
142 2743
143 645
144 1847
145 658
146 662
147 1429
148 1413
149 314
150 297
151 338
152 1675
153 142
154 482
155 1347
156 1653
157 2031
158 1279
159 1716
160 1851
161 778
162 420
163 2150
164 1267
165 1127
166 2286
167 1066
168 377
169 66
170 1594
171 641
172 2152
173 161
174 1859
175 342
176 2121
177 2548
178 2748
179 2142
180 293
181 791
182 702
183 21
184 2503
185 1369
186 1194
187 1614
188 2522
189 2371
190 2282
191 1736
192 491
193 2796
194 600
195 2113
196 1709
197 1731
198 1507
199 1734
200 336
201 2664
202 1972
203 2321
204 2043
205 2041
206 2434
207 79
208 408
209 2930
210 1317
211 201
212 2142
213 145
214 319
215 1243
216 916
217 124
218 164
219 249
220 58
221 136
222 2912
223 1433
224 2739
225 127
226 1283
227 259
228 2613
229 2837
230 2644
231 2636
232 929
233 319
234 729
235 1212
236 1647
237 1434
238 145
239 1525
240 1999
241 177
242 2958
243 1732
244 291
245 958
246 2886
247 436
248 1318
249 2054
250 2276
251 204
252 74
253 2900
254 2063
255 1348
256 203
257 1568
258 1237
259 2526
260 1144
261 2476
262 730
263 1921
264 2188
265 1117
266 1606
267 1382
268 231
269 136
270 1943
271 1209
272 980
273 2844
274 1504
275 2562
276 1211
277 2376
278 440
279 214
280 2911
281 1109
282 2368
283 964
284 1607
285 2075
286 2001
287 533
288 1219
289 226
290 1662
291 138
292 417
293 1745
294 2564
295 1845
296 1821
297 2946
298 2107
299 2162
300 255
301 1304
302 2333
303 2208
304 2203
305 2857
306 2812
307 835
308 2539
309 1755
310 368
311 1972
312 635
313 1106
314 238
315 1445
316 1299
317 2216
318 1458
319 2688
320 75
321 1726
322 410
323 1411
324 1175
325 1383
326 2212
327 2965
328 2021
329 2735
330 2017
331 931
332 1286
333 2266
334 2010
335 228
336 2328
337 1276
338 1264
339 1660
340 1733
341 1840
342 2844
343 1811
344 249
345 2930
346 315
347 1482
348 262
349 855
350 818
351 1373
352 1276
353 2481
354 2831
355 199
356 987
357 2295
358 1724
359 611
360 1443
361 1940
362 1479
363 2663
364 2159
365 2495
366 2429
367 15
368 629
369 1788
370 1202
371 2798
372 1449
373 2095
374 2648
375 2544
376 2755
377 1821
378 152
379 1342
380 1465
381 1166
382 475
383 76
384 1805
385 115
386 838
387 922
388 478
389 824
390 1185
391 2025
392 2878
393 1289
394 1919
395 484
396 1664
397 2692
398 2608
399 1077
400 2345
401 768
402 1243
403 2994
404 859
405 1722
406 2228
407 695
408 2290
409 1356
410 449
411 2984
412 747
413 819
414 1752
415 1761
416 1439
417 286
418 2790
419 2191
420 2245
421 1328
422 1195
423 429
424 1368
425 515
426 257
427 126
428 2852
429 1533
430 133
431 718
432 2186
433 744
434 2674
435 2927
436 445
437 2581
438 863
439 1806
440 1810
441 1418
442 1621
443 1572
444 1550
445 629
446 2518
447 1679
448 1447
449 603
450 1802
451 1893
452 2464
453 1074
454 1970
455 135
456 865
457 1845
458 2704
459 1381
460 2279
461 620
462 1413
463 951
464 873
465 480
466 1772
467 520
468 480
469 748
470 1745
471 651
472 848
473 2800
474 965
475 2650
476 324
477 419
478 381
479 1065
480 231
481 2338
482 1676
483 2104
484 606
485 1230
486 987
487 2181
488 1544
489 14
490 2471
491 1913
492 1527
493 1446
494 2817
495 1448
496 343
497 730
498 2599
499 1326
500 54
501 2865
502 2368
503 2857
504 734
505 2155
506 1212
507 1806
508 1835
509 2951
510 1470
511 31
512 1174
513 234
514 2476
515 1820
516 2030
517 414
518 216
519 2636
520 82
521 1454
522 735
523 874
524 1093
525 624
526 410
527 1984
528 751
529 2028
530 2488
531 2739
532 1117
533 1421
534 1805
535 560
536 1888
537 1903
538 2100
539 1051
540 1247
541 1590
542 577
543 670
544 501
545 2303
546 2871
547 1172
548 516
549 815
550 407
551 253
552 1455
553 2359
554 1367
555 961
556 1417
557 648
558 2386
559 2640
560 1976
561 1963
562 2078
563 708
564 715
565 470
566 1271
567 1964
568 1534
569 2091
570 2360
571 2270
572 353
573 485
574 2423
575 625
576 48
577 1522
578 2888
579 2812
580 2885
581 1904
582 1906
583 793
584 244
585 1464
586 6
587 46
588 2566
589 1040
590 1017
591 249
592 2600
593 2922
594 2960
595 1653
596 2347
597 1092
598 2809
599 1635
600 1150
601 2520
602 2171
603 2837
604 918
605 1392
606 2284
607 1127
608 49
609 2790
610 2013
611 2459
612 2164
613 2927
614 521
615 1298
616 2338
617 263
618 1834
619 334
620 2744
621 2430
622 1897
623 1731
624 2294
625 355
626 2984
627 2189
628 197
629 37
630 2464
631 2465
632 889
633 2493
634 1596
635 1669
636 2266
637 658
638 2445
639 850
640 1317
641 1338
642 2139
643 1628
644 1888
645 851
646 1561
647 1082
648 1158
649 406
650 1742
651 2542
652 406
653 2790
654 1626
655 2286
656 798
657 2246
658 2423
659 2864
660 136
661 49
662 2970
663 2264
664 1399
665 372
666 2880
667 739
668 2904
669 2605
670 1958
671 1660
672 754
673 427
674 293
675 2477
676 2777
677 156
678 1674
679 2050
680 415
681 2234
682 794
683 2688
684 1664
685 329
686 168
687 1718
688 1759
689 2255
690 485
691 1091
692 172
693 182
694 1060
695 914
696 734
697 2959
698 2941
699 799
700 575
701 1334
702 1661
703 1712
704 685
705 2004
706 1072
707 364
708 2885
709 880
710 2201
711 1938
712 1658
713 2354
714 676
715 324
716 80
717 904
718 500
719 1375
720 839
721 69
722 1327
723 15
724 2227
725 176
726 800
727 924
728 368
729 2895
730 1169
731 2439
732 872
733 2473
734 2116
735 2618
736 966
737 2640
738 1645
739 923
740 2661
741 2835
742 14
743 1401
744 434
745 1668
746 2380
747 492
748 646
749 2913
750 2274
751 2962
752 1235
753 1002
754 63
755 1788
756 503
757 2907
758 2148
759 1634
760 2715
761 1148
762 1708
763 2539
764 1254
765 219
766 2062
767 2697
768 2107
769 1777
770 115
771 122
772 520
773 2457
774 1069
775 1479
776 2768
777 354
778 2665
779 194
780 508
781 2191
782 52
783 2626
784 1336
785 2659
786 489
787 495
788 2207
789 1162
790 2073
791 877
792 233
793 1201
794 2371
795 1415
796 1593
797 180
798 2532
799 2544
800 691
801 2043
802 715
803 935
804 2177
805 933
806 1267
807 1772
808 339
809 2887
810 2282
811 2877
812 1996
813 1232
814 1672
815 582
816 2465
817 139
818 1587
819 1247
820 1673
821 1555
822 742
823 2098
824 2544
825 2574
826 2566
827 240
828 2163
829 195
830 1671
831 2645
832 2370
833 999
834 1825
835 2707
836 1845
837 2146
838 1897
839 1205
840 104
841 2208
842 2011
843 1642
844 224
845 1933
846 2320
847 58
848 1758
849 2335
850 1658
851 1804
852 2462
853 1129
854 2857
855 903
856 2409
857 722
858 2007
859 1315
860 1676
861 1950
862 1148

