619 48
0 638
1 2087
2 1854
3 2330
4 851
5 2061
6 2941
7 2077
8 2316
9 1647
10 1438
11 432
12 659
13 2508
14 529
15 730
16 2648
17 1313
18 1221
19 1843
20 578
21 2079
22 2703
23 29
24 1808
25 2283
26 749
27 998
28 417
29 2545
30 2279
31 59
32 1308
33 2581
34 235
35 611
36 2210
37 158
38 2935
39 704
40 746
41 2038
42 1668
43 2013
44 2116
45 293
46 2950
47 2312
48 865
49 272
50 2603
51 2797
52 1017
53 1958
54 138
55 972
56 1860
57 796
58 1577
59 1843
60 2448
61 2221
62 210
63 892
64 2669
65 868
66 2131
67 1161
68 1260
69 1654
70 1466
71 27
72 490
73 85
74 2623
75 2885
76 2008
77 2398
78 2360
79 2559
80 2351
81 1230
82 1541
83 625
84 2316
85 57
86 65
87 1029
88 2780
89 1330
90 606
91 221
92 854
93 1
94 1054
95 1004
96 2791
97 1962
98 2345
99 1506
100 571
101 902
102 927
103 2529
104 2661
105 1422
106 1054
107 187
108 2233
109 2959
110 884
111 2586
112 915
113 1115
114 1869
115 1217
116 976
117 2462
118 768
119 2980
120 2637
121 109
122 2313
123 1252
124 2611
125 2250
126 176
127 2791
128 2907
129 2542
130 550
131 1659
132 1812
133 2630
134 2389
135 1241
136 2645
137 1738
138 468
139 89
140 415
141 2741
142 1558
143 1077
144 908
145 2573
146 1484
147 1413
148 497
149 681
150 834
151 2850
152 2535
153 1755
154 2266
155 1849
156 1698
157 1988
158 2202
159 2961
160 1971
161 2209
162 631
163 2396
164 808
165 2914
166 2256
167 695
168 1009
169 628
170 1425
171 218
172 2221
173 2063
174 2349
175 1024
176 2507
177 1271
178 2982
179 156
180 390
181 214
182 2648
183 995
184 2103
185 2831
186 1118
187 1742
188 2794
189 2778
190 714
191 1142
192 431
193 2350
194 1176
195 1565
196 132
197 2965
198 2421
199 1204
200 2441
201 2932
202 270
203 1182
204 2720
205 1242
206 2866
207 419
208 1825
209 1918
210 1960
211 880
212 2457
213 861
214 2725
215 1314
216 2808
217 1067
218 526
219 356
220 2288
221 140
222 2693
223 760
224 2629
225 1451
226 2130
227 1383
228 1784
229 311
230 930
231 475
232 2250
233 1255
234 1470
235 820
236 262
237 956
238 2986
239 2593
240 2341
241 314
242 39
243 1287
244 18
245 1311
246 33
247 2344
248 2121
249 8
250 1331
251 1438
252 1333
253 1154
254 1684
255 1999
256 2369
257 2256
258 2147
259 2024
260 256
261 2030
262 2200
263 844
264 1774
265 2713
266 2018
267 1315
268 1233
269 1435
270 1960
271 908
272 2183
273 686
274 1174
275 1852
276 1090
277 372
278 638
279 2762
280 1264
281 1557
282 1077
283 723
284 910
285 1671
286 2601
287 1369
288 2099
289 743
290 1732
291 1002
292 2721
293 678
294 2454
295 991
296 2105
297 831
298 2654
299 375
300 906
301 19
302 2362
303 92
304 1148
305 2179
306 2541
307 2020
308 708
309 1942
310 1971
311 201
312 1137
313 989
314 785
315 2785
316 787
317 2995
318 1692
319 2045
320 1732
321 510
322 2783
323 1661
324 461
325 521
326 237
327 1147
328 1038
329 614
330 2906
331 2775
332 1281
333 2689
334 1457
335 316
336 1309
337 931
338 2480
339 1770
340 2669
341 2339
342 1083
343 246
344 292
345 781
346 1289
347 564
348 2847
349 129
350 950
351 1369
352 52
353 2627
354 2693
355 1662
356 1159
357 630
358 850
359 1123
360 2485
361 401
362 465
363 574
364 1188
365 847
366 2499
367 330
368 1144
369 1577
370 1787
371 225
372 50
373 430
374 248
375 2860
376 2740
377 2532
378 2766
379 1980
380 1946
381 2610
382 1458
383 1625
384 1948
385 600
386 907
387 529
388 443
389 1832
390 2778
391 1836
392 815
393 604
394 1173
395 842
396 2538
397 86
398 2524
399 575
400 1812
401 1332
402 1740
403 230
404 2651
405 2977
406 2304
407 2177
408 1191
409 1887
410 2314
411 622
412 252
413 1272
414 2414
415 2809
416 255
417 2128
418 2752
419 222
420 480
421 2863
422 88
423 1890
424 2574
425 891
426 413
427 1336
428 2208
429 1651
430 1648
431 676
432 993
433 1156
434 2043
435 1581
436 2195
437 1845
438 2283
439 2049
440 398
441 2373
442 552
443 2570
444 2433
445 458
446 1738
447 1710
448 2870
449 361
450 458
451 769
452 1168
453 2232
454 2536
455 2338
456 881
457 1902
458 1264
459 1981
460 558
461 2297
462 2408
463 2896
464 1587
465 1785
466 2764
467 1082
468 2619
469 1052
470 269
471 2369
472 860
473 713
474 1741
475 2333
476 1829
477 2455
478 2145
479 528
480 1605
481 2810
482 2150
483 2892
484 817
485 2623
486 988
487 1218
488 309
489 270
490 2139
491 2166
492 671
493 892
494 1418
495 1324
496 561
497 376
498 1558
499 2190
500 726
501 1517
502 1817
503 1472
504 1021
505 2574
506 1473
507 1436
508 1949
509 778
510 1918
511 2873
512 2772
513 2108
514 2418
515 1079
516 1294
517 1815
518 2794
519 698
520 1224
521 2222
522 1582
523 1656
524 639
525 339
526 2353
527 1738
528 666
529 385
530 1312
531 309
532 1164
533 247
534 2897
535 588
536 1423
537 703
538 1865
539 1970
540 1454
541 1982
542 2289
543 2687
544 1685
545 827
546 1515
547 1938
548 1920
549 2764
550 2518
551 1314
552 1922
553 1016
554 73
555 919
556 1986
557 1933
558 606
559 1865
560 2891
561 2541
562 2718
563 1855
564 443
565 108
566 2664
567 1612
568 2490
569 1745
570 1804
571 745
572 356
573 2439
574 852
575 1983
576 1328
577 2805
578 2513
579 400
580 149
581 1622
582 1630
583 450
584 1622
585 260
586 924
587 2757
588 1580
589 21
590 1401
591 339
592 1804
593 2904
594 281
595 1586
596 785
597 215
598 963
599 2259
600 2989
601 1248
602 2008
603 796
604 1222
605 616
606 2435
607 892
608 2379
609 2553
610 847
611 2475
612 443
613 2428
614 675
615 781
616 1912
617 2412
618 1029

