865 50
0 1942
1 1233
2 2822
3 20
4 591
5 1710
6 2659
7 1773
8 927
9 2265
10 1538
11 2819
12 1917
13 2080
14 2658
15 1694
16 1835
17 53
18 2110
19 903
20 1701
21 2165
22 2505
23 1848
24 993
25 757
26 718
27 2933
28 2418
29 2894
30 1154
31 674
32 2231
33 63
34 822
35 313
36 1726
37 1082
38 1454
39 2393
40 1844
41 682
42 2215
43 552
44 418
45 1334
46 51
47 1013
48 1798
49 963
50 1839
51 1242
52 1875
53 2102
54 307
55 1350
56 905
57 2002
58 725
59 2086
60 1823
61 767
62 2437
63 366
64 2462
65 412
66 1732
67 1601
68 2817
69 2422
70 653
71 1860
72 2211
73 2977
74 79
75 1454
76 1489
77 2256
78 1815
79 389
80 1849
81 2862
82 2582
83 1444
84 2953
85 1787
86 2063
87 593
88 1631
89 2490
90 1931
91 1774
92 2938
93 1597
94 2160
95 1920
96 2329
97 383
98 1364
99 1173
100 1741
101 2374
102 1503
103 1066
104 1081
105 618
106 2007
107 1407
108 822
109 1738
110 65
111 1649
112 1681
113 1086
114 871
115 883
116 1782
117 2349
118 1843
119 2627
120 1330
121 1887
122 1367
123 719
124 210
125 2354
126 815
127 1949
128 2237
129 291
130 1868
131 2760
132 1596
133 2497
134 709
135 2723
136 2145
137 1014
138 1688
139 1865
140 74
141 999
142 259
143 1784
144 1285
145 2897
146 2608
147 1252
148 2926
149 2556
150 956
151 520
152 1673
153 2069
154 1523
155 412
156 216
157 1293
158 2371
159 1510
160 110
161 2385
162 1366
163 594
164 2707
165 2711
166 926
167 2728
168 965
169 2302
170 2853
171 698
172 204
173 711
174 1344
175 1440
176 1470
177 2444
178 1687
179 2352
180 271
181 2544
182 1914
183 763
184 514
185 2738
186 1252
187 724
188 1925
189 2587
190 969
191 1973
192 1226
193 685
194 2840
195 2828
196 1334
197 703
198 2710
199 2276
200 1920
201 350
202 97
203 230
204 548
205 2323
206 1935
207 2989
208 710
209 688
210 1933
211 162
212 344
213 619
214 1028
215 2380
216 1989
217 1004
218 1416
219 2747
220 360
221 2349
222 731
223 2969
224 1458
225 2935
226 267
227 1446
228 330
229 1197
230 2640
231 343
232 2787
233 2627
234 1052
235 1928
236 1414
237 16
238 1134
239 923
240 1808
241 1067
242 349
243 660
244 808
245 2396
246 1986
247 587
248 521
249 1156
250 726
251 1710
252 1574
253 80
254 1640
255 2396
256 1871
257 25
258 2974
259 748
260 1519
261 2999
262 2856
263 2824
264 2136
265 1886
266 260
267 2277
268 1599
269 2824
270 1993
271 616
272 2305
273 2797
274 405
275 696
276 1102
277 2491
278 287
279 1056
280 598
281 865
282 746
283 1026
284 1195
285 458
286 419
287 1870
288 636
289 930
290 601
291 2369
292 577
293 507
294 2018
295 2565
296 1575
297 2104
298 1373
299 400
300 766
301 1417
302 34
303 49
304 2808
305 596
306 1438
307 2586
308 1611
309 253
310 670
311 625
312 2990
313 1719
314 1737
315 2091
316 2612
317 2086
318 671
319 1861
320 56
321 1328
322 1266
323 351
324 2727
325 1843
326 2344
327 694
328 2714
329 1897
330 1525
331 342
332 1747
333 2068
334 1379
335 447
336 1386
337 1338
338 1500
339 290
340 624
341 385
342 1498
343 1920
344 308
345 1812
346 10
347 1095
348 1320
349 277
350 2453
351 2885
352 15
353 1903
354 221
355 609
356 446
357 1262
358 771
359 1200
360 1957
361 2373
362 2313
363 975
364 175
365 2055
366 2938
367 2915
368 694
369 1135
370 2523
371 596
372 682
373 784
374 1065
375 1055
376 599
377 2221
378 752
379 423
380 2815
381 678
382 2926
383 1890
384 1167
385 1628
386 2071
387 2585
388 2860
389 1163
390 1107
391 2863
392 749
393 24
394 987
395 1388
396 1327
397 128
398 644
399 54
400 2981
401 95
402 1394
403 1522
404 1541
405 2153
406 1990
407 2476
408 2407
409 92
410 1184
411 2300
412 2465
413 526
414 2098
415 2404
416 2475
417 1301
418 2462
419 1171
420 295
421 1723
422 1007
423 1821
424 2523
425 2154
426 1728
427 318
428 1102
429 2943
430 1706
431 678
432 1833
433 2236
434 2056
435 1107
436 2202
437 2569
438 1806
439 2547
440 810
441 2575
442 307
443 353
444 1527
445 2646
446 932
447 1603
448 995
449 1965
450 197
451 2257
452 2858
453 2359
454 1037
455 2190
456 1017
457 715
458 2734
459 280
460 714
461 2933
462 1439
463 2004
464 183
465 952
466 1479
467 2433
468 2791
469 2492
470 1848
471 2562
472 2351
473 755
474 1595
475 1845
476 1898
477 1529
478 1834
479 1606
480 620
481 628
482 2438
483 1470
484 2329
485 1559
486 1796
487 71
488 1128
489 2991
490 2274
491 1265
492 2210
493 779
494 2074
495 332
496 677
497 2236
498 2641
499 134
500 40
501 1100
502 1052
503 1100
504 489
505 1441
506 1566
507 2662
508 491
509 1799
510 163
511 437
512 2161
513 1827
514 400
515 2659
516 2243
517 684
518 752
519 2427
520 1756
521 2299
522 2379
523 1911
524 2761
525 576
526 329
527 2096
528 1286
529 1616
530 1422
531 2187
532 1283
533 2286
534 1290
535 2929
536 890
537 509
538 2972
539 2762
540 435
541 1352
542 1825
543 1441
544 1612
545 865
546 2569
547 2508
548 978
549 1111
550 2882
551 2942
552 2345
553 2464
554 1158
555 533
556 2361
557 1987
558 151
559 2612
560 2696
561 1382
562 2318
563 1300
564 2707
565 1606
566 571
567 1430
568 491
569 1149
570 540
571 2763
572 2498
573 1911
574 652
575 1597
576 2733
577 2054
578 2651
579 517
580 1329
581 2274
582 1942
583 444
584 2217
585 1206
586 2196
587 2639
588 2702
589 1106
590 830
591 909
592 2755
593 1851
594 257
595 420
596 2920
597 4
598 2308
599 2118
600 2755
601 2122
602 607
603 2786
604 1071
605 2417
606 1606
607 92
608 2393
609 1095
610 2576
611 2234
612 2293
613 926
614 535
615 2203
616 58
617 1923
618 2638
619 1544
620 977
621 148
622 29
623 796
624 2722
625 356
626 1893
627 1074
628 1774
629 980
630 593
631 1175
632 2363
633 2390
634 1694
635 1422
636 1584
637 1446
638 498
639 2724
640 1738
641 1331
642 1352
643 1390
644 1734
645 2396
646 616
647 2487
648 196
649 642
650 1479
651 1928
652 1717
653 1794
654 1736
655 637
656 1631
657 696
658 69
659 1901
660 2710
661 753
662 515
663 2092
664 1982
665 2181
666 726
667 142
668 265
669 2677
670 326
671 996
672 457
673 559
674 1371
675 398
676 2615
677 546
678 668
679 2056
680 2393
681 1882
682 258
683 1173
684 2844
685 730
686 2387
687 2809
688 1190
689 2781
690 2294
691 617
692 1817
693 2318
694 218
695 2834
696 289
697 2844
698 2945
699 912
700 785
701 591
702 2570
703 516
704 284
705 1114
706 748
707 148
708 2475
709 2486
710 1021
711 488
712 2246
713 495
714 1515
715 1575
716 2266
717 2029
718 97
719 449
720 1418
721 2612
722 1188
723 1129
724 404
725 2331
726 513
727 2963
728 2360
729 418
730 2858
731 2895
732 2006
733 1590
734 2241
735 1339
736 1801
737 2921
738 1995
739 263
740 2559
741 1201
742 1874
743 1824
744 444
745 2454
746 442
747 387
748 2124
749 1133
750 1777
751 1451
752 1408
753 2015
754 878
755 289
756 456
757 2958
758 1169
759 1174
760 1294
761 1871
762 1887
763 1948
764 1195
765 2747
766 2724
767 794
768 228
769 1927
770 1942
771 1656
772 2194
773 3
774 2240
775 201
776 686
777 1673
778 545
779 137
780 2669
781 2810
782 196
783 2586
784 2132
785 2373
786 936
787 663
788 851
789 866
790 2733
791 1371
792 124
793 1055
794 1187
795 322
796 1583
797 218
798 338
799 424
800 1911
801 472
802 1507
803 2835
804 1282
805 217
806 1982
807 2304
808 2981
809 2935
810 756
811 44
812 2993
813 309
814 651
815 1395
816 406
817 2175
818 456
819 2
820 2318
821 2870
822 995
823 1981
824 1175
825 1083
826 1046
827 1205
828 2181
829 2336
830 99
831 2758
832 333
833 2560
834 576
835 707
836 2343
837 1773
838 2059
839 71
840 182
841 810
842 208
843 551
844 572
845 2946
846 1486
847 62
848 1824
849 407
850 577
851 336
852 1492
853 1317
854 2689
855 1699
856 195
857 1297
858 1337
859 1618
860 1566
861 1176
862 2004
863 36
864 186

