136 75
0 546
1 1676
2 153
3 139
4 162
5 1877
6 1863
7 858
8 1885
9 1630
10 951
11 667
12 2231
13 755
14 1365
15 2794
16 2944
17 1191
18 2647
19 2694
20 2659
21 375
22 1530
23 1693
24 2727
25 1325
26 1963
27 2481
28 1388
29 2788
30 2994
31 836
32 1599
33 2480
34 895
35 2564
36 328
37 1347
38 2316
39 290
40 1669
41 2663
42 1833
43 567
44 1975
45 1202
46 2715
47 648
48 1286
49 733
50 1951
51 1740
52 2194
53 2629
54 2265
55 2772
56 1278
57 2044
58 1367
59 134
60 1320
61 184
62 82
63 1347
64 2655
65 836
66 1753
67 2012
68 458
69 766
70 2427
71 184
72 2229
73 1038
74 2683
75 429
76 1895
77 1478
78 654
79 709
80 148
81 1501
82 2158
83 1687
84 647
85 815
86 1687
87 450
88 2216
89 1459
90 1024
91 1242
92 1153
93 2838
94 1516
95 1136
96 737
97 1261
98 431
99 1496
100 1806
101 1002
102 639
103 2613
104 192
105 1461
106 140
107 2140
108 795
109 443
110 1009
111 1258
112 688
113 1284
114 1044
115 1832
116 2768
117 2212
118 2807
119 649
120 916
121 171
122 2240
123 1115
124 760
125 1999
126 1936
127 1211
128 1246
129 464
130 2525
131 2249
132 1957
133 255
134 2231
135 1129

