540 3
0 935
1 2356
2 1229
3 138
4 699
5 2080
6 2822
7 2567
8 2114
9 2181
10 2193
11 420
12 2346
13 2646
14 2316
15 691
16 21
17 2403
18 1977
19 2425
20 307
21 242
22 1738
23 2670
24 229
25 1329
26 912
27 141
28 2043
29 2980
30 1930
31 454
32 912
33 2910
34 2905
35 1926
36 882
37 353
38 490
39 2064
40 715
41 1523
42 2708
43 1296
44 1671
45 2536
46 1171
47 759
48 2866
49 1925
50 1412
51 410
52 2025
53 913
54 1833
55 1195
56 2149
57 1220
58 799
59 1513
60 1691
61 380
62 890
63 2776
64 554
65 1365
66 68
67 1083
68 1058
69 2663
70 2197
71 1485
72 1420
73 116
74 248
75 2901
76 2573
77 15
78 819
79 1246
80 2883
81 2205
82 1404
83 1761
84 2392
85 1935
86 545
87 2403
88 820
89 1390
90 2696
91 1850
92 2749
93 546
94 1916
95 462
96 1185
97 22
98 2786
99 2037
100 494
101 38
102 400
103 2979
104 2657
105 2085
106 1709
107 2206
108 503
109 1319
110 924
111 1238
112 2337
113 1515
114 507
115 2591
116 797
117 136
118 363
119 746
120 1681
121 869
122 914
123 843
124 2971
125 2688
126 2617
127 2685
128 1330
129 994
130 1032
131 810
132 2619
133 391
134 894
135 1780
136 930
137 631
138 2346
139 2737
140 2428
141 370
142 2334
143 2456
144 596
145 387
146 637
147 1852
148 2258
149 2890
150 658
151 2699
152 2691
153 1801
154 2567
155 2402
156 1681
157 2625
158 478
159 2595
160 2112
161 1702
162 2719
163 2971
164 1036
165 2334
166 1002
167 2265
168 1258
169 2310
170 1107
171 2612
172 1248
173 196
174 2794
175 1556
176 2629
177 1085
178 742
179 938
180 997
181 94
182 291
183 2288
184 1836
185 338
186 1884
187 681
188 2501
189 1405
190 2869
191 2389
192 1547
193 2607
194 445
195 2457
196 2920
197 814
198 1035
199 2887
200 2113
201 2750
202 707
203 62
204 1092
205 1989
206 1655
207 1687
208 905
209 954
210 812
211 2362
212 2482
213 1308
214 1698
215 1745
216 2554
217 1611
218 673
219 2693
220 2021
221 1010
222 681
223 2260
224 1678
225 1449
226 2935
227 2584
228 1536
229 2544
230 329
231 657
232 1049
233 102
234 2072
235 1962
236 88
237 433
238 1048
239 1297
240 75
241 31
242 553
243 795
244 2243
245 471
246 2348
247 2269
248 1199
249 2577
250 2856
251 458
252 2634
253 712
254 1001
255 767
256 2341
257 2428
258 258
259 246
260 35
261 2132
262 1877
263 969
264 2740
265 84
266 2285
267 1994
268 624
269 830
270 1159
271 2998
272 1566
273 2124
274 933
275 2984
276 1220
277 2184
278 196
279 2988
280 2915
281 895
282 287
283 2421
284 52
285 1469
286 2406
287 2821
288 2097
289 1995
290 2252
291 1456
292 2426
293 2096
294 1127
295 961
296 1986
297 1792
298 501
299 1735
300 442
301 1685
302 2816
303 1022
304 116
305 854
306 1071
307 572
308 874
309 2032
310 2231
311 269
312 2183
313 1393
314 2179
315 1849
316 866
317 2635
318 1669
319 1593
320 1084
321 1732
322 2459
323 241
324 2461
325 630
326 1017
327 536
328 2526
329 2163
330 181
331 1040
332 1726
333 1353
334 979
335 891
336 1877
337 792
338 417
339 2170
340 226
341 1913
342 2864
343 1506
344 389
345 537
346 2907
347 317
348 734
349 2680
350 1249
351 2765
352 1416
353 2849
354 2135
355 549
356 1299
357 316
358 1374
359 571
360 2799
361 1537
362 1962
363 1007
364 652
365 1857
366 526
367 1157
368 2357
369 2810
370 918
371 1236
372 2930
373 653
374 1304
375 1560
376 220
377 1747
378 2908
379 1312
380 1837
381 2552
382 1979
383 576
384 998
385 149
386 2088
387 2413
388 741
389 1578
390 810
391 2603
392 2621
393 808
394 997
395 2122
396 1571
397 2264
398 1165
399 1284
400 708
401 2941
402 410
403 19
404 2127
405 1708
406 695
407 379
408 2674
409 129
410 2553
411 2504
412 2007
413 1844
414 1252
415 2487
416 563
417 634
418 2495
419 2665
420 1088
421 2972
422 1499
423 823
424 508
425 1079
426 2287
427 1204
428 2170
429 1405
430 22
431 552
432 2726
433 2069
434 1887
435 2066
436 1805
437 691
438 896
439 2999
440 753
441 1671
442 2264
443 850
444 1547
445 392
446 403
447 2596
448 94
449 2654
450 783
451 2860
452 387
453 868
454 721
455 2769
456 2805
457 549
458 2787
459 176
460 2255
461 2748
462 454
463 1245
464 1284
465 1331
466 1498
467 2359
468 590
469 2641
470 2722
471 2569
472 638
473 103
474 2454
475 902
476 1432
477 2846
478 382
479 439
480 1779
481 250
482 981
483 858
484 1309
485 1410
486 1341
487 1433
488 2763
489 717
490 880
491 379
492 2454
493 1813
494 1194
495 658
496 2086
497 2551
498 2468
499 2228
500 2359
501 2834
502 1161
503 2553
504 853
505 1989
506 636
507 1019
508 403
509 1961
510 1800
511 66
512 1965
513 178
514 1534
515 830
516 2499
517 2906
518 2225
519 2303
520 421
521 1267
522 2743
523 2503
524 1801
525 2608
526 2409
527 2814
528 2571
529 2079
530 908
531 58
532 438
533 2182
534 1099
535 2939
536 2276
537 2866
538 2398
539 315

