730 37
0 1376
1 974
2 2710
3 2183
4 1949
5 672
6 459
7 2549
8 1357
9 2311
10 584
11 643
12 1209
13 1775
14 734
15 124
16 1378
17 1616
18 948
19 2563
20 1823
21 2111
22 2352
23 403
24 2668
25 2720
26 168
27 571
28 1405
29 1917
30 1238
31 1086
32 1445
33 219
34 1042
35 1006
36 2084
37 2809
38 738
39 2518
40 991
41 1097
42 321
43 1029
44 1231
45 1346
46 2386
47 2320
48 1370
49 1554
50 1874
51 1386
52 1320
53 2059
54 1683
55 1670
56 236
57 2174
58 1552
59 429
60 301
61 2815
62 478
63 1815
64 2739
65 2791
66 2648
67 1577
68 2634
69 1164
70 1117
71 192
72 2595
73 2244
74 291
75 828
76 1288
77 2922
78 615
79 2451
80 2025
81 49
82 1036
83 2364
84 1315
85 2464
86 1068
87 203
88 401
89 1607
90 1451
91 2772
92 2781
93 2304
94 59
95 875
96 866
97 913
98 1127
99 1615
100 641
101 2008
102 1206
103 933
104 494
105 2035
106 2561
107 1662
108 2081
109 2602
110 358
111 857
112 2656
113 1563
114 826
115 1599
116 360
117 292
118 2039
119 2846
120 2596
121 2744
122 1630
123 787
124 1504
125 377
126 1553
127 1226
128 2698
129 500
130 2303
131 597
132 598
133 2473
134 72
135 2330
136 2307
137 827
138 655
139 2392
140 2832
141 2825
142 556
143 592
144 1955
145 2408
146 2328
147 1625
148 1164
149 1983
150 1686
151 2506
152 1629
153 732
154 18
155 2268
156 910
157 1687
158 1916
159 1231
160 278
161 2052
162 2245
163 2916
164 91
165 194
166 2230
167 755
168 2804
169 2831
170 1228
171 1811
172 2938
173 2936
174 2637
175 824
176 1673
177 309
178 391
179 1737
180 196
181 2149
182 2883
183 2852
184 1277
185 318
186 490
187 1904
188 1436
189 2144
190 277
191 1600
192 1053
193 35
194 1789
195 842
196 2715
197 604
198 1390
199 2435
200 511
201 2228
202 1038
203 1864
204 594
205 2847
206 2849
207 2778
208 2049
209 1234
210 1193
211 1988
212 2530
213 719
214 69
215 309
216 1461
217 1289
218 715
219 992
220 2990
221 2663
222 160
223 2026
224 357
225 205
226 344
227 2416
228 149
229 279
230 1565
231 1871
232 1721
233 2892
234 64
235 616
236 637
237 2730
238 443
239 1372
240 1941
241 2170
242 1472
243 751
244 1502
245 121
246 1614
247 337
248 2829
249 1576
250 58
251 2188
252 816
253 2688
254 579
255 4
256 572
257 2854
258 1811
259 1643
260 1107
261 1673
262 1839
263 599
264 599
265 1793
266 2349
267 2921
268 1883
269 1807
270 1147
271 751
272 2715
273 2346
274 1730
275 748
276 457
277 2929
278 695
279 2031
280 14
281 2704
282 485
283 671
284 2132
285 1703
286 727
287 266
288 885
289 2788
290 2484
291 1685
292 984
293 730
294 448
295 2422
296 2021
297 1080
298 719
299 2086
300 2950
301 2741
302 2422
303 121
304 1205
305 1285
306 1974
307 2910
308 1062
309 1175
310 994
311 1256
312 315
313 1006
314 416
315 534
316 205
317 533
318 1993
319 1200
320 1853
321 519
322 377
323 1424
324 770
325 1605
326 2738
327 2219
328 1379
329 2307
330 2035
331 34
332 2248
333 2386
334 1292
335 826
336 604
337 1870
338 1583
339 1358
340 1880
341 2792
342 2617
343 2469
344 2806
345 2472
346 833
347 1630
348 2774
349 242
350 1844
351 2147
352 479
353 1608
354 2561
355 316
356 240
357 1191
358 69
359 1673
360 2384
361 2790
362 1045
363 2772
364 2485
365 2273
366 50
367 2370
368 1375
369 1617
370 1198
371 702
372 255
373 1734
374 2861
375 1007
376 1953
377 2665
378 1665
379 1344
380 2562
381 1509
382 619
383 1137
384 2206
385 684
386 2201
387 2311
388 2708
389 2239
390 642
391 181
392 2527
393 1473
394 2939
395 2104
396 2399
397 960
398 2267
399 455
400 1991
401 2972
402 2916
403 740
404 838
405 2032
406 666
407 1175
408 2252
409 1636
410 762
411 1257
412 1584
413 515
414 318
415 420
416 1308
417 1623
418 2078
419 2348
420 625
421 895
422 1998
423 2831
424 2183
425 930
426 2540
427 2970
428 2898
429 244
430 2558
431 172
432 1373
433 2660
434 868
435 2299
436 1979
437 548
438 1255
439 1511
440 2605
441 2533
442 909
443 2393
444 126
445 64
446 696
447 2574
448 1049
449 1270
450 750
451 609
452 752
453 2381
454 1507
455 1838
456 1230
457 2651
458 1272
459 886
460 197
461 2201
462 354
463 2317
464 2463
465 779
466 1723
467 715
468 505
469 2521
470 2259
471 2870
472 184
473 1250
474 2189
475 2584
476 2318
477 1364
478 664
479 980
480 539
481 2085
482 442
483 2645
484 1133
485 694
486 2105
487 1493
488 1781
489 1048
490 738
491 1876
492 755
493 900
494 2138
495 1033
496 1589
497 1211
498 36
499 664
500 390
501 1314
502 697
503 193
504 203
505 1049
506 2421
507 2506
508 1453
509 949
510 1604
511 1991
512 1100
513 903
514 1855
515 1750
516 376
517 2103
518 1310
519 2470
520 2067
521 2720
522 1784
523 1359
524 640
525 192
526 1197
527 696
528 884
529 2276
530 928
531 1010
532 2070
533 2193
534 1184
535 2281
536 793
537 1580
538 2664
539 1981
540 209
541 2949
542 2080
543 2060
544 2926
545 60
546 776
547 2538
548 2477
549 2498
550 1158
551 1537
552 1624
553 2338
554 2448
555 262
556 562
557 1773
558 1572
559 460
560 2993
561 446
562 1299
563 1799
564 377
565 58
566 193
567 1187
568 1942
569 2357
570 530
571 1435
572 442
573 1773
574 307
575 2872
576 447
577 757
578 181
579 2079
580 248
581 2737
582 1067
583 1386
584 633
585 492
586 1661
587 2917
588 547
589 2930
590 1116
591 2484
592 2440
593 1859
594 2378
595 272
596 2608
597 565
598 1157
599 2032
600 1243
601 261
602 360
603 1325
604 2194
605 2638
606 2963
607 1728
608 2743
609 46
610 1036
611 2879
612 2919
613 358
614 2831
615 1516
616 267
617 502
618 2591
619 2867
620 1948
621 172
622 2956
623 292
624 255
625 1477
626 2182
627 2125
628 1102
629 2924
630 2980
631 2409
632 2076
633 614
634 1109
635 350
636 2842
637 2368
638 1825
639 2678
640 492
641 1326
642 973
643 1509
644 1270
645 993
646 1002
647 280
648 436
649 305
650 559
651 1088
652 2707
653 1487
654 1280
655 2261
656 2259
657 245
658 1635
659 240
660 1879
661 2358
662 1201
663 2164
664 998
665 2117
666 2555
667 2524
668 1119
669 1629
670 2734
671 118
672 869
673 436
674 2244
675 1270
676 1420
677 2749
678 1505
679 2825
680 1702
681 2402
682 64
683 1242
684 324
685 984
686 2083
687 1278
688 1686
689 1404
690 2613
691 2573
692 1063
693 2444
694 2977
695 635
696 1410
697 2995
698 1021
699 721
700 2649
701 2577
702 1356
703 2930
704 1982
705 1844
706 734
707 806
708 692
709 1753
710 303
711 1384
712 2273
713 1992
714 2830
715 1851
716 1487
717 2846
718 2757
719 2905
720 388
721 120
722 1407
723 1465
724 1329
725 2108
726 2395
727 563
728 914
729 1462

