117 52
0 1310
1 1199
2 547
3 2221
4 1835
5 2246
6 2306
7 1804
8 1651
9 999
10 119
11 947
12 2567
13 2869
14 2126
15 1369
16 2341
17 2250
18 2277
19 774
20 2205
21 718
22 2365
23 870
24 1900
25 2721
26 1472
27 2525
28 1415
29 2545
30 735
31 2881
32 2248
33 835
34 267
35 1751
36 2964
37 1219
38 1739
39 308
40 1967
41 673
42 821
43 2204
44 1352
45 2378
46 2962
47 1896
48 894
49 380
50 2245
51 2269
52 2339
53 551
54 1180
55 1177
56 751
57 2414
58 1998
59 1114
60 823
61 2736
62 2520
63 1409
64 1058
65 1243
66 746
67 1131
68 1221
69 1590
70 790
71 1675
72 690
73 1386
74 1999
75 1441
76 20
77 860
78 791
79 1005
80 2533
81 2824
82 433
83 1909
84 2301
85 543
86 1122
87 1526
88 2599
89 1604
90 874
91 134
92 281
93 927
94 250
95 1576
96 964
97 2716
98 2400
99 1996
100 2424
101 463
102 2732
103 1216
104 788
105 132
106 772
107 1782
108 683
109 2011
110 2943
111 2477
112 1421
113 2038
114 345
115 1648
116 120

