727 46
0 1530
1 1547
2 1904
3 2385
4 230
5 2282
6 2306
7 2844
8 190
9 1078
10 544
11 1011
12 2431
13 463
14 2598
15 85
16 2776
17 1800
18 1112
19 1731
20 2038
21 2198
22 1081
23 2394
24 1905
25 1610
26 1524
27 827
28 685
29 2830
30 510
31 721
32 2714
33 685
34 72
35 1030
36 2291
37 311
38 122
39 2650
40 1816
41 2198
42 1454
43 337
44 1457
45 1669
46 1514
47 2251
48 1670
49 964
50 942
51 1514
52 1767
53 1437
54 1236
55 1226
56 2527
57 1127
58 62
59 1422
60 337
61 716
62 388
63 773
64 332
65 2689
66 990
67 1427
68 1180
69 28
70 1708
71 2391
72 2710
73 2391
74 1210
75 340
76 2750
77 2900
78 157
79 2872
80 802
81 1519
82 1106
83 2644
84 1676
85 2756
86 72
87 1463
88 2787
89 2101
90 2271
91 2128
92 793
93 1440
94 2705
95 2072
96 2031
97 854
98 2629
99 1805
100 63
101 576
102 770
103 268
104 1485
105 733
106 456
107 760
108 3000
109 135
110 957
111 2087
112 1128
113 1078
114 272
115 584
116 758
117 2550
118 1567
119 1534
120 1472
121 2223
122 1054
123 2260
124 2529
125 2272
126 1493
127 252
128 1295
129 591
130 1391
131 2102
132 1898
133 1003
134 177
135 216
136 2390
137 477
138 1232
139 469
140 2139
141 1073
142 1313
143 2322
144 2898
145 2270
146 934
147 2992
148 2551
149 728
150 2351
151 1848
152 262
153 758
154 1139
155 2167
156 1848
157 798
158 95
159 2459
160 2129
161 2198
162 1326
163 2793
164 606
165 2697
166 933
167 2062
168 199
169 1743
170 207
171 93
172 1184
173 970
174 1883
175 1913
176 2294
177 2905
178 825
179 1109
180 1765
181 2075
182 2729
183 11
184 893
185 22
186 1856
187 1905
188 2630
189 2603
190 1357
191 2789
192 2848
193 1709
194 826
195 2023
196 2624
197 2267
198 1646
199 1044
200 710
201 429
202 1843
203 1880
204 1735
205 1329
206 89
207 237
208 2737
209 2838
210 1721
211 759
212 907
213 2758
214 45
215 2028
216 37
217 457
218 1699
219 2126
220 1002
221 2175
222 584
223 175
224 660
225 746
226 722
227 809
228 614
229 1510
230 2245
231 491
232 1875
233 180
234 1512
235 1253
236 2100
237 579
238 2420
239 68
240 2890
241 2653
242 843
243 519
244 1494
245 1962
246 190
247 1523
248 2689
249 2204
250 2090
251 2463
252 1862
253 2056
254 73
255 213
256 1820
257 1731
258 14
259 1781
260 1469
261 2482
262 626
263 298
264 2005
265 1941
266 580
267 2869
268 2392
269 2408
270 572
271 2192
272 1872
273 1766
274 1705
275 1944
276 1985
277 1128
278 1216
279 136
280 1341
281 146
282 2753
283 1741
284 726
285 986
286 347
287 2630
288 560
289 2556
290 2885
291 130
292 142
293 1782
294 2469
295 2731
296 1871
297 304
298 1510
299 2166
300 1927
301 743
302 1108
303 1716
304 702
305 1587
306 654
307 2431
308 867
309 1358
310 1967
311 815
312 878
313 545
314 1809
315 2920
316 2905
317 197
318 254
319 26
320 1804
321 1781
322 2498
323 1917
324 1710
325 2091
326 2372
327 2367
328 2741
329 1461
330 726
331 316
332 322
333 2224
334 1261
335 15
336 578
337 1856
338 270
339 209
340 2133
341 1635
342 1697
343 1088
344 2361
345 1377
346 33
347 2725
348 1546
349 270
350 2404
351 322
352 680
353 1143
354 1541
355 2750
356 53
357 1786
358 2549
359 842
360 2053
361 1407
362 2286
363 1935
364 2824
365 2417
366 387
367 2195
368 1505
369 939
370 2863
371 1681
372 1512
373 1122
374 1302
375 1010
376 795
377 426
378 813
379 2705
380 282
381 537
382 113
383 1452
384 2752
385 567
386 1887
387 1749
388 1213
389 596
390 375
391 962
392 1300
393 861
394 1105
395 1727
396 218
397 1445
398 2359
399 939
400 1338
401 2217
402 351
403 49
404 80
405 2484
406 2201
407 2763
408 1615
409 526
410 850
411 2574
412 103
413 1771
414 1400
415 2122
416 2625
417 2087
418 1400
419 93
420 390
421 135
422 1074
423 2425
424 1123
425 2970
426 2250
427 978
428 203
429 2096
430 2945
431 1191
432 725
433 2744
434 810
435 2847
436 1020
437 370
438 1792
439 1697
440 2419
441 259
442 158
443 1496
444 1699
445 257
446 865
447 1487
448 1802
449 751
450 2086
451 405
452 2073
453 1587
454 128
455 1315
456 1509
457 1193
458 1610
459 1150
460 1283
461 1308
462 1957
463 596
464 2969
465 1529
466 1813
467 2319
468 1008
469 2457
470 1
471 1939
472 960
473 1383
474 534
475 1126
476 1032
477 913
478 2164
479 232
480 2957
481 1168
482 1065
483 785
484 687
485 2059
486 1009
487 1672
488 1876
489 2742
490 1450
491 331
492 1979
493 936
494 1986
495 1684
496 2162
497 1545
498 2037
499 2426
500 662
501 2526
502 1291
503 2912
504 273
505 558
506 1358
507 2478
508 1291
509 2556
510 2628
511 1299
512 214
513 1141
514 1181
515 2091
516 2688
517 481
518 1858
519 1244
520 890
521 2972
522 2879
523 2579
524 703
525 1279
526 383
527 325
528 2946
529 2999
530 350
531 2416
532 826
533 2822
534 219
535 2053
536 1034
537 443
538 539
539 40
540 1745
541 1503
542 1562
543 20
544 1985
545 95
546 443
547 1130
548 409
549 2455
550 738
551 2958
552 995
553 806
554 2768
555 1973
556 2644
557 1869
558 1553
559 2657
560 2554
561 2535
562 2360
563 1032
564 463
565 2220
566 2462
567 570
568 231
569 2047
570 798
571 1073
572 2942
573 1392
574 2782
575 2240
576 2976
577 1949
578 1865
579 698
580 1702
581 381
582 606
583 2627
584 466
585 192
586 56
587 317
588 2991
589 1068
590 1225
591 2243
592 225
593 1215
594 2214
595 1154
596 2885
597 1702
598 2504
599 342
600 332
601 2338
602 1779
603 1014
604 453
605 1488
606 2865
607 2793
608 2091
609 2840
610 32
611 2082
612 2176
613 2261
614 2292
615 1353
616 866
617 517
618 398
619 1018
620 1674
621 2047
622 2092
623 1220
624 482
625 1469
626 458
627 2241
628 2151
629 1408
630 853
631 1875
632 151
633 898
634 1591
635 2006
636 2081
637 383
638 2330
639 1131
640 1386
641 390
642 2945
643 2846
644 727
645 1617
646 1042
647 2416
648 2197
649 1060
650 1300
651 2657
652 1957
653 330
654 2542
655 430
656 664
657 2023
658 1877
659 836
660 629
661 2811
662 1507
663 162
664 1844
665 2030
666 1092
667 738
668 566
669 2722
670 1635
671 1112
672 712
673 782
674 2757
675 2510
676 1671
677 1881
678 1702
679 1472
680 87
681 300
682 858
683 1821
684 491
685 1803
686 820
687 1939
688 1414
689 1499
690 1741
691 1839
692 2026
693 654
694 2967
695 1024
696 2531
697 1895
698 1042
699 10
700 1960
701 632
702 2498
703 1299
704 571
705 617
706 1258
707 2150
708 2406
709 2039
710 100
711 2511
712 2584
713 2070
714 313
715 371
716 2039
717 1313
718 1909
719 2947
720 313
721 173
722 1456
723 479
724 1853
725 543
726 1691

