490 100
0 2930
1 734
2 1412
3 939
4 969
5 144
6 483
7 1404
8 1444
9 373
10 1794
11 1204
12 1963
13 1577
14 1929
15 2483
16 2924
17 2749
18 2512
19 2532
20 932
21 2703
22 2827
23 689
24 2558
25 1703
26 1825
27 1200
28 2878
29 218
30 2694
31 1455
32 1178
33 1007
34 1895
35 726
36 588
37 2963
38 1040
39 555
40 2541
41 254
42 514
43 1601
44 459
45 754
46 2648
47 1883
48 342
49 1426
50 2136
51 1038
52 134
53 2997
54 2686
55 180
56 2989
57 1557
58 213
59 2914
60 2900
61 2625
62 1993
63 1717
64 1348
65 1430
66 467
67 1097
68 356
69 1228
70 2037
71 1386
72 1932
73 473
74 858
75 1987
76 340
77 617
78 1934
79 2649
80 2858
81 243
82 141
83 1314
84 2772
85 2529
86 1155
87 1901
88 2778
89 1007
90 2129
91 2197
92 1228
93 2869
94 381
95 1910
96 2668
97 481
98 1331
99 2457
100 1709
101 2404
102 2709
103 2071
104 167
105 1955
106 522
107 2214
108 1947
109 1005
110 624
111 1234
112 452
113 2949
114 1383
115 1057
116 973
117 2362
118 2768
119 2449
120 397
121 1193
122 1391
123 722
124 880
125 2569
126 164
127 1273
128 1404
129 641
130 1999
131 2556
132 1405
133 2122
134 2877
135 1858
136 2162
137 346
138 352
139 2093
140 74
141 856
142 2883
143 2413
144 1219
145 2621
146 2603
147 2772
148 562
149 2494
150 1060
151 2967
152 1601
153 707
154 2012
155 365
156 2852
157 2437
158 47
159 902
160 1826
161 1813
162 1983
163 52
164 1620
165 713
166 1929
167 417
168 201
169 1859
170 2828
171 2457
172 795
173 958
174 56
175 2981
176 2768
177 2191
178 1799
179 1324
180 2680
181 944
182 1121
183 2082
184 1003
185 994
186 95
187 1002
188 2625
189 354
190 2046
191 2733
192 1708
193 2463
194 538
195 2851
196 2458
197 2267
198 2865
199 1548
200 2817
201 166
202 2543
203 2272
204 527
205 1945
206 2304
207 2395
208 1140
209 1753
210 2622
211 1728
212 182
213 1531
214 2446
215 2477
216 1997
217 369
218 2211
219 2502
220 1505
221 360
222 794
223 2839
224 1464
225 1675
226 2779
227 2198
228 1872
229 1993
230 613
231 2748
232 751
233 2210
234 2383
235 309
236 1805
237 794
238 1088
239 968
240 732
241 1811
242 1887
243 1197
244 1768
245 1846
246 567
247 1608
248 264
249 89
250 949
251 2241
252 2061
253 1076
254 2927
255 622
256 524
257 359
258 501
259 2422
260 2426
261 2866
262 1375
263 2103
264 1090
265 2485
266 2780
267 2789
268 1768
269 340
270 1578
271 1614
272 396
273 1593
274 2059
275 1225
276 603
277 278
278 1215
279 1621
280 2092
281 1952
282 2722
283 2502
284 2323
285 47
286 1293
287 1566
288 514
289 2342
290 697
291 2295
292 539
293 648
294 2312
295 1105
296 933
297 1121
298 750
299 2736
300 1724
301 231
302 871
303 2017
304 2134
305 2224
306 2603
307 1627
308 1078
309 1897
310 271
311 1296
312 1892
313 2066
314 1885
315 2574
316 961
317 547
318 371
319 2528
320 673
321 2959
322 1687
323 1633
324 2631
325 2440
326 1255
327 2245
328 1828
329 854
330 959
331 2905
332 2315
333 1045
334 1927
335 1801
336 1188
337 2622
338 613
339 1137
340 2352
341 674
342 1561
343 2724
344 23
345 2253
346 1439
347 1796
348 1909
349 820
350 2075
351 2333
352 2460
353 2577
354 827
355 664
356 1778
357 2596
358 2192
359 82
360 1409
361 1021
362 323
363 742
364 2282
365 907
366 1980
367 1148
368 1547
369 1396
370 648
371 926
372 2229
373 1291
374 1098
375 2353
376 2142
377 439
378 219
379 1621
380 2427
381 2231
382 1335
383 785
384 2675
385 338
386 2281
387 506
388 2630
389 2939
390 1762
391 2616
392 825
393 1050
394 165
395 832
396 1655
397 2914
398 2706
399 2548
400 1712
401 186
402 1302
403 796
404 2015
405 2691
406 923
407 1798
408 1477
409 470
410 1737
411 2451
412 732
413 2677
414 780
415 409
416 2848
417 1745
418 1490
419 1229
420 2842
421 1362
422 1939
423 2153
424 885
425 1655
426 1022
427 606
428 1533
429 1269
430 1476
431 656
432 1549
433 375
434 381
435 2468
436 2209
437 798
438 1876
439 120
440 1712
441 103
442 1376
443 1828
444 2051
445 2861
446 1777
447 706
448 1388
449 2345
450 2970
451 2128
452 1753
453 2734
454 2761
455 1902
456 327
457 1713
458 615
459 304
460 1620
461 2107
462 625
463 1138
464 58
465 2728
466 2531
467 1948
468 229
469 1822
470 1680
471 1129
472 608
473 173
474 2248
475 1563
476 676
477 2157
478 401
479 679
480 2829
481 2256
482 2010
483 1004
484 1297
485 2662
486 563
487 2231
488 2476
489 590

