567 26
0 2953
1 2037
2 439
3 718
4 180
5 1393
6 2274
7 725
8 860
9 1450
10 1388
11 1181
12 2481
13 1787
14 2661
15 371
16 929
17 64
18 1298
19 1789
20 1498
21 2234
22 1760
23 2607
24 558
25 1639
26 2400
27 31
28 1429
29 761
30 792
31 2165
32 536
33 2445
34 845
35 1555
36 2613
37 2583
38 453
39 1549
40 2370
41 788
42 326
43 1511
44 160
45 883
46 1100
47 1249
48 1000
49 1473
50 460
51 1139
52 2479
53 1809
54 937
55 1688
56 2242
57 2015
58 603
59 508
60 2603
61 1075
62 1991
63 4
64 181
65 2617
66 1721
67 2158
68 2231
69 966
70 1783
71 444
72 876
73 1511
74 2367
75 102
76 405
77 1158
78 300
79 212
80 2507
81 2379
82 2757
83 824
84 1874
85 1390
86 1111
87 1281
88 2312
89 862
90 567
91 2186
92 1570
93 2695
94 1155
95 1490
96 479
97 1398
98 207
99 1989
100 2628
101 1926
102 1439
103 2600
104 2216
105 2033
106 2998
107 439
108 2598
109 301
110 626
111 154
112 1338
113 1368
114 1170
115 1324
116 413
117 1102
118 2282
119 974
120 278
121 1199
122 66
123 1494
124 799
125 125
126 1062
127 2219
128 508
129 369
130 1489
131 1940
132 2480
133 511
134 1569
135 599
136 1818
137 21
138 2219
139 1492
140 1997
141 2914
142 2926
143 1550
144 479
145 2787
146 269
147 2928
148 937
149 2636
150 864
151 2223
152 1527
153 978
154 2565
155 1185
156 1843
157 1257
158 15
159 1816
160 1813
161 1337
162 1152
163 2223
164 2362
165 2830
166 1829
167 1169
168 1565
169 246
170 1166
171 401
172 649
173 10
174 860
175 1969
176 2142
177 2663
178 1677
179 1298
180 982
181 2566
182 1413
183 1075
184 2995
185 2522
186 95
187 1899
188 755
189 1183
190 893
191 509
192 1000
193 258
194 2858
195 1702
196 1099
197 2769
198 371
199 1067
200 546
201 686
202 2645
203 1129
204 1993
205 2479
206 93
207 2911
208 38
209 2125
210 2594
211 2903
212 328
213 20
214 504
215 1976
216 1169
217 963
218 2377
219 1474
220 2043
221 97
222 46
223 67
224 2525
225 2413
226 1423
227 831
228 1406
229 1506
230 2909
231 276
232 926
233 1463
234 2145
235 2238
236 2421
237 2167
238 2927
239 183
240 818
241 815
242 2410
243 2837
244 2582
245 2294
246 2264
247 2383
248 2337
249 2854
250 1390
251 2391
252 413
253 1201
254 2887
255 391
256 885
257 1408
258 1158
259 2303
260 1719
261 1670
262 1965
263 689
264 2182
265 563
266 504
267 1756
268 2181
269 1000
270 1627
271 655
272 256
273 2273
274 223
275 1291
276 645
277 646
278 2463
279 2852
280 1012
281 1806
282 1162
283 1754
284 134
285 2313
286 620
287 1209
288 1593
289 2692
290 2260
291 2944
292 1236
293 1141
294 821
295 136
296 1368
297 2655
298 186
299 2917
300 2193
301 2476
302 332
303 1220
304 218
305 1799
306 673
307 2641
308 2009
309 215
310 1168
311 2916
312 1548
313 2997
314 2955
315 1456
316 1659
317 1428
318 331
319 1192
320 2618
321 2355
322 1868
323 863
324 1893
325 1442
326 1724
327 1052
328 391
329 2067
330 584
331 2249
332 1328
333 842
334 437
335 2698
336 1856
337 2373
338 2204
339 2010
340 3
341 936
342 2870
343 2076
344 981
345 2159
346 1650
347 612
348 2870
349 938
350 2977
351 2869
352 833
353 1007
354 57
355 603
356 2216
357 2391
358 1281
359 2252
360 1324
361 776
362 174
363 2460
364 1872
365 501
366 915
367 1613
368 2791
369 1245
370 2930
371 658
372 819
373 382
374 2373
375 1077
376 2080
377 2779
378 2660
379 471
380 2239
381 365
382 1772
383 1986
384 718
385 2431
386 1850
387 2528
388 317
389 952
390 2239
391 2151
392 1276
393 928
394 526
395 2624
396 2145
397 2093
398 1795
399 2599
400 2611
401 2257
402 1522
403 2465
404 2317
405 2786
406 2458
407 2035
408 1189
409 2899
410 597
411 2472
412 980
413 1635
414 2986
415 20
416 1817
417 1100
418 143
419 885
420 2928
421 46
422 930
423 1340
424 1298
425 174
426 491
427 1797
428 2124
429 2671
430 1740
431 2411
432 1190
433 1983
434 1076
435 2872
436 883
437 1636
438 9
439 1133
440 441
441 1586
442 183
443 2286
444 2871
445 2173
446 1412
447 620
448 2462
449 2458
450 1681
451 1259
452 2159
453 2525
454 264
455 551
456 1466
457 2041
458 1355
459 864
460 1973
461 1541
462 1397
463 2244
464 2946
465 2379
466 2418
467 161
468 2616
469 2262
470 1195
471 52
472 2377
473 1929
474 1297
475 744
476 537
477 2224
478 1630
479 999
480 1282
481 86
482 1457
483 167
484 2891
485 2499
486 1993
487 1410
488 1904
489 2814
490 166
491 1998
492 1299
493 331
494 918
495 1640
496 2215
497 2140
498 2568
499 2229
500 1994
501 1542
502 1040
503 856
504 804
505 1997
506 2896
507 2222
508 1182
509 1580
510 404
511 1913
512 1384
513 384
514 1249
515 2482
516 2008
517 1578
518 1158
519 1752
520 2120
521 2707
522 2897
523 709
524 1865
525 364
526 13
527 2010
528 41
529 1661
530 968
531 1988
532 2955
533 1514
534 645
535 2190
536 2047
537 330
538 946
539 359
540 808
541 666
542 2517
543 889
544 2509
545 2209
546 2617
547 2405
548 2920
549 1835
550 2979
551 2065
552 2680
553 796
554 2774
555 190
556 237
557 2157
558 1789
559 1187
560 485
561 349
562 515
563 552
564 1745
565 2041
566 264

