443 83
0 1451
1 2142
2 637
3 2820
4 2727
5 2508
6 920
7 2797
8 630
9 1598
10 1123
11 749
12 1025
13 1015
14 2467
15 14
16 1314
17 522
18 2489
19 1946
20 1027
21 1622
22 426
23 2714
24 1684
25 2750
26 744
27 2981
28 1921
29 1006
30 1528
31 1523
32 2929
33 1753
34 2070
35 1447
36 2362
37 2570
38 1463
39 2484
40 146
41 1613
42 2383
43 2223
44 1072
45 235
46 2949
47 1485
48 432
49 904
50 426
51 610
52 2192
53 52
54 1187
55 657
56 1477
57 785
58 1942
59 574
60 1225
61 2668
62 1449
63 2789
64 1328
65 1213
66 1818
67 1513
68 2584
69 1570
70 1106
71 1471
72 2857
73 1073
74 377
75 1019
76 689
77 1927
78 341
79 1602
80 959
81 903
82 2221
83 1917
84 233
85 1820
86 2585
87 1335
88 2116
89 1262
90 1890
91 2336
92 310
93 2973
94 2654
95 1741
96 19
97 1410
98 1396
99 479
100 878
101 163
102 2757
103 2340
104 1488
105 2331
106 1874
107 1980
108 429
109 2262
110 933
111 516
112 419
113 752
114 1613
115 2888
116 79
117 2730
118 1565
119 2158
120 1329
121 2041
122 2110
123 2598
124 2692
125 449
126 2767
127 1495
128 1570
129 1461
130 586
131 1524
132 1756
133 1511
134 707
135 56
136 2261
137 2786
138 2277
139 2988
140 1536
141 2874
142 868
143 1830
144 1784
145 1354
146 643
147 297
148 1018
149 791
150 1697
151 769
152 1034
153 1622
154 2369
155 447
156 2191
157 2019
158 657
159 1051
160 2990
161 2476
162 1798
163 691
164 2217
165 577
166 2038
167 1851
168 2743
169 1245
170 753
171 1690
172 274
173 1040
174 2642
175 1035
176 2454
177 521
178 2440
179 2414
180 1097
181 126
182 2826
183 1455
184 1657
185 912
186 650
187 704
188 1769
189 303
190 291
191 637
192 220
193 2993
194 1869
195 1979
196 1157
197 1958
198 2676
199 2344
200 2784
201 558
202 2658
203 2611
204 1330
205 1553
206 888
207 1237
208 481
209 1777
210 1757
211 286
212 904
213 941
214 948
215 1061
216 136
217 1983
218 1499
219 1682
220 1507
221 151
222 1120
223 2823
224 2116
225 1807
226 1376
227 832
228 1373
229 146
230 1640
231 1755
232 953
233 1895
234 2471
235 1345
236 1895
237 1544
238 356
239 2739
240 719
241 763
242 1109
243 210
244 468
245 2294
246 2143
247 545
248 2483
249 714
250 2168
251 957
252 1182
253 2421
254 1118
255 1225
256 2844
257 2300
258 1992
259 485
260 2490
261 2989
262 1549
263 337
264 110
265 989
266 1285
267 645
268 2126
269 924
270 2408
271 234
272 1045
273 905
274 1472
275 509
276 501
277 364
278 2591
279 2223
280 2544
281 1833
282 112
283 662
284 925
285 1343
286 1600
287 1583
288 206
289 166
290 661
291 2967
292 803
293 225
294 2877
295 730
296 1878
297 2378
298 1618
299 1459
300 1135
301 479
302 2803
303 1053
304 1902
305 1835
306 145
307 2258
308 1535
309 2769
310 2498
311 127
312 1445
313 2306
314 2883
315 1996
316 2883
317 2699
318 2733
319 681
320 725
321 1064
322 2505
323 574
324 450
325 1750
326 584
327 1220
328 764
329 324
330 1560
331 850
332 1544
333 2719
334 1601
335 286
336 2055
337 2493
338 428
339 1676
340 955
341 774
342 1339
343 2781
344 157
345 1589
346 2043
347 1346
348 623
349 2817
350 1434
351 1313
352 1597
353 580
354 1937
355 1984
356 2053
357 204
358 1058
359 1323
360 164
361 2908
362 1820
363 879
364 549
365 2254
366 2470
367 1660
368 1905
369 1328
370 1567
371 567
372 1553
373 2971
374 1914
375 2914
376 2267
377 2415
378 382
379 2810
380 2650
381 2136
382 413
383 438
384 1164
385 297
386 464
387 2771
388 51
389 1731
390 1188
391 2511
392 2697
393 628
394 260
395 2676
396 1659
397 288
398 421
399 120
400 2214
401 1105
402 556
403 1340
404 2190
405 1231
406 2472
407 1790
408 53
409 88
410 662
411 2511
412 1067
413 2157
414 1446
415 512
416 1385
417 2321
418 198
419 2328
420 1429
421 994
422 2174
423 1424
424 773
425 1444
426 2176
427 981
428 1800
429 16
430 2902
431 1523
432 293
433 1292
434 561
435 1276
436 2323
437 1609
438 1135
439 2036
440 166
441 1165
442 1704

