989 95
0 2884
1 846
2 931
3 2299
4 2502
5 1884
6 1521
7 2984
8 2354
9 320
10 894
11 186
12 2383
13 1032
14 1978
15 821
16 1942
17 1076
18 1028
19 681
20 2068
21 2770
22 1882
23 1879
24 2117
25 2263
26 168
27 2446
28 2165
29 495
30 184
31 1302
32 943
33 1519
34 2593
35 602
36 964
37 761
38 1747
39 1861
40 393
41 2555
42 1527
43 1245
44 2670
45 1500
46 1331
47 746
48 2854
49 1424
50 1380
51 1366
52 1095
53 1665
54 908
55 2567
56 1678
57 2600
58 2083
59 428
60 1145
61 1786
62 2385
63 354
64 1344
65 1880
66 2701
67 2791
68 1334
69 1636
70 2494
71 1482
72 2161
73 1079
74 2239
75 1399
76 2521
77 236
78 929
79 744
80 1991
81 1271
82 1020
83 622
84 1678
85 2165
86 975
87 1681
88 2477
89 2362
90 1870
91 778
92 681
93 2858
94 432
95 1026
96 2188
97 91
98 2491
99 2556
100 2133
101 2377
102 589
103 1867
104 1285
105 2353
106 2279
107 2212
108 2674
109 1389
110 236
111 936
112 832
113 1371
114 364
115 1839
116 1744
117 867
118 2127
119 1491
120 2559
121 2378
122 1545
123 222
124 1199
125 792
126 2834
127 2389
128 2672
129 2190
130 1802
131 754
132 36
133 483
134 1223
135 2084
136 2612
137 2369
138 155
139 1899
140 1902
141 1929
142 39
143 1462
144 2688
145 642
146 2000
147 348
148 1354
149 1788
150 485
151 541
152 2887
153 56
154 1535
155 1037
156 2941
157 464
158 91
159 152
160 2852
161 1462
162 2818
163 860
164 2554
165 1253
166 652
167 2053
168 1154
169 123
170 749
171 1278
172 2007
173 935
174 384
175 980
176 2101
177 1150
178 31
179 993
180 1137
181 1074
182 480
183 2197
184 1716
185 1182
186 1131
187 439
188 2438
189 1299
190 1625
191 319
192 1554
193 1068
194 615
195 2984
196 180
197 339
198 2709
199 1817
200 1484
201 2631
202 1228
203 2693
204 914
205 2576
206 1106
207 987
208 2484
209 2378
210 947
211 2428
212 29
213 2939
214 1749
215 266
216 2077
217 1556
218 915
219 1705
220 684
221 125
222 885
223 2522
224 1258
225 1995
226 813
227 2900
228 561
229 669
230 1792
231 37
232 775
233 536
234 797
235 1484
236 1317
237 1576
238 777
239 2255
240 2113
241 1586
242 2813
243 965
244 1502
245 545
246 2123
247 1328
248 2203
249 637
250 2980
251 2546
252 1262
253 17
254 998
255 758
256 1450
257 2618
258 2765
259 1059
260 1579
261 138
262 853
263 1408
264 59
265 328
266 2483
267 1237
268 652
269 573
270 1917
271 2085
272 1586
273 1391
274 26
275 46
276 237
277 1091
278 1600
279 312
280 789
281 670
282 1724
283 1706
284 2732
285 433
286 2635
287 2324
288 758
289 687
290 2488
291 746
292 1810
293 114
294 2737
295 1633
296 2346
297 631
298 619
299 724
300 2384
301 1373
302 307
303 2156
304 2068
305 141
306 944
307 546
308 576
309 751
310 1197
311 1736
312 2439
313 1904
314 900
315 559
316 2508
317 1063
318 89
319 1448
320 1025
321 1783
322 1879
323 2921
324 2984
325 2645
326 2486
327 362
328 609
329 1725
330 1931
331 66
332 402
333 938
334 210
335 1792
336 1442
337 653
338 433
339 2113
340 2495
341 881
342 500
343 2733
344 787
345 2619
346 1822
347 592
348 89
349 157
350 2096
351 2302
352 1497
353 1135
354 231
355 1832
356 437
357 1083
358 2182
359 1995
360 2872
361 1734
362 2545
363 729
364 1712
365 511
366 2091
367 2567
368 1536
369 429
370 2950
371 775
372 2786
373 1058
374 1708
375 2612
376 2277
377 2712
378 2918
379 617
380 383
381 38
382 1215
383 1240
384 2165
385 1630
386 1231
387 2743
388 1019
389 903
390 1599
391 2284
392 602
393 2278
394 2273
395 2327
396 1335
397 1038
398 428
399 659
400 1810
401 1016
402 1231
403 1635
404 1352
405 430
406 2236
407 2233
408 1675
409 978
410 1472
411 2279
412 2070
413 810
414 2342
415 2334
416 283
417 1429
418 1331
419 844
420 669
421 11
422 1937
423 2180
424 2183
425 1753
426 1464
427 1302
428 2221
429 725
430 94
431 67
432 2496
433 1598
434 518
435 1392
436 284
437 2046
438 2243
439 347
440 398
441 793
442 1028
443 408
444 1520
445 1740
446 2818
447 1654
448 491
449 207
450 975
451 511
452 1221
453 1543
454 2657
455 2858
456 2280
457 2406
458 2013
459 398
460 1723
461 753
462 1823
463 2491
464 1754
465 200
466 102
467 1744
468 2670
469 2212
470 552
471 1058
472 139
473 2575
474 2053
475 529
476 2078
477 1028
478 400
479 532
480 400
481 1348
482 306
483 2383
484 2285
485 1339
486 422
487 1225
488 1708
489 650
490 1498
491 608
492 1301
493 1630
494 2854
495 2195
496 572
497 2182
498 2831
499 1733
500 2476
501 76
502 2265
503 2524
504 464
505 2208
506 1460
507 254
508 2629
509 339
510 2489
511 928
512 1694
513 2913
514 2848
515 2811
516 2868
517 669
518 1800
519 2052
520 1973
521 697
522 1671
523 2822
524 709
525 213
526 769
527 1044
528 2642
529 1308
530 2836
531 490
532 2920
533 2003
534 1567
535 2811
536 2521
537 255
538 2847
539 2225
540 2245
541 311
542 2337
543 1066
544 2786
545 2411
546 1632
547 1089
548 806
549 683
550 1851
551 139
552 1154
553 1451
554 307
555 84
556 666
557 1663
558 1686
559 2104
560 2275
561 784
562 1770
563 660
564 56
565 1962
566 1686
567 1109
568 906
569 727
570 2530
571 2704
572 2864
573 57
574 162
575 2395
576 1117
577 649
578 2800
579 419
580 1450
581 1832
582 97
583 1993
584 747
585 1469
586 19
587 189
588 2343
589 734
590 2492
591 643
592 2286
593 2514
594 2214
595 2542
596 467
597 1599
598 265
599 2130
600 1106
601 1985
602 1413
603 2790
604 2652
605 1413
606 199
607 1354
608 361
609 1377
610 2585
611 2510
612 474
613 2922
614 434
615 1895
616 2107
617 803
618 1715
619 578
620 618
621 2088
622 59
623 903
624 318
625 991
626 674
627 785
628 160
629 1812
630 2061
631 2274
632 509
633 1081
634 751
635 403
636 732
637 2475
638 2066
639 241
640 309
641 2558
642 2011
643 2768
644 1506
645 1508
646 895
647 881
648 75
649 884
650 1378
651 760
652 141
653 910
654 450
655 2634
656 1193
657 296
658 2058
659 107
660 1961
661 921
662 213
663 1334
664 1806
665 2102
666 1520
667 284
668 2298
669 159
670 698
671 2625
672 812
673 649
674 2064
675 1568
676 791
677 726
678 235
679 2906
680 1905
681 2538
682 2115
683 2188
684 2055
685 486
686 1361
687 1289
688 2555
689 1657
690 1132
691 2436
692 2489
693 499
694 953
695 153
696 1177
697 2754
698 1213
699 594
700 351
701 2127
702 603
703 291
704 1361
705 1443
706 1319
707 1188
708 1071
709 2491
710 1344
711 1753
712 1022
713 1199
714 2906
715 1890
716 2429
717 314
718 1427
719 2698
720 2228
721 696
722 2564
723 849
724 2304
725 2055
726 163
727 550
728 135
729 337
730 2892
731 1185
732 879
733 2058
734 534
735 441
736 2580
737 2037
738 35
739 1428
740 210
741 1022
742 1758
743 1364
744 1125
745 754
746 1509
747 2599
748 897
749 1109
750 782
751 2612
752 2298
753 1478
754 1098
755 2074
756 2155
757 2610
758 1924
759 1435
760 1663
761 1041
762 1882
763 2478
764 673
765 1937
766 335
767 1195
768 2092
769 2108
770 1575
771 2976
772 2912
773 2455
774 1752
775 1816
776 1212
777 2758
778 127
779 2954
780 1934
781 2302
782 2059
783 1811
784 505
785 1133
786 234
787 1281
788 2369
789 66
790 2167
791 798
792 1150
793 2459
794 149
795 574
796 943
797 2749
798 2947
799 1532
800 441
801 1689
802 2137
803 1435
804 1294
805 909
806 738
807 2467
808 965
809 1093
810 47
811 219
812 1766
813 656
814 1013
815 1041
816 2751
817 1338
818 843
819 2781
820 2471
821 1934
822 1169
823 780
824 1754
825 291
826 2646
827 2230
828 322
829 545
830 2014
831 929
832 2649
833 247
834 1005
835 374
836 584
837 2113
838 2584
839 400
840 2593
841 434
842 1025
843 1080
844 2323
845 495
846 2377
847 883
848 1565
849 1275
850 1504
851 550
852 2833
853 1718
854 2497
855 264
856 2474
857 1920
858 724
859 2427
860 461
861 2397
862 2054
863 662
864 1514
865 2984
866 422
867 2163
868 678
869 2616
870 1173
871 2937
872 2120
873 2151
874 233
875 2931
876 898
877 536
878 2255
879 1862
880 1248
881 1563
882 628
883 240
884 2814
885 2754
886 298
887 2124
888 2191
889 1461
890 91
891 1859
892 1551
893 1917
894 2995
895 2701
896 625
897 2821
898 446
899 2251
900 1535
901 1900
902 1919
903 782
904 622
905 1470
906 2063
907 877
908 596
909 1808
910 10
911 1520
912 2864
913 898
914 1089
915 2472
916 2255
917 1680
918 2803
919 54
920 330
921 1846
922 438
923 1332
924 1907
925 1045
926 2894
927 2339
928 554
929 366
930 2702
931 111
932 1140
933 1818
934 2320
935 2788
936 977
937 948
938 2271
939 2942
940 1431
941 1729
942 2751
943 2797
944 2004
945 154
946 2634
947 1761
948 2790
949 1799
950 2613
951 2262
952 163
953 1035
954 105
955 929
956 2701
957 1915
958 929
959 181
960 1453
961 1270
962 2357
963 469
964 84
965 1766
966 2596
967 2984
968 2165
969 778
970 2571
971 2404
972 341
973 41
974 1326
975 2705
976 2150
977 1831
978 1485
979 2995
980 2250
981 2212
982 2171
983 1708
984 443
985 2046
986 60
987 2452
988 735

