95 41
0 476
1 142
2 370
3 1743
4 1305
5 2787
6 292
7 1011
8 176
9 2736
10 1773
11 1712
12 916
13 2811
14 1968
15 894
16 2350
17 130
18 2357
19 2657
20 1511
21 969
22 1193
23 1393
24 273
25 2812
26 616
27 518
28 2633
29 1545
30 2402
31 897
32 665
33 2051
34 585
35 2531
36 792
37 1769
38 624
39 1755
40 2495
41 1880
42 91
43 617
44 1061
45 583
46 858
47 745
48 1279
49 427
50 2738
51 149
52 1444
53 228
54 1094
55 1052
56 1159
57 1215
58 177
59 2927
60 1005
61 832
62 1247
63 1020
64 1087
65 91
66 1449
67 2242
68 196
69 2544
70 315
71 2395
72 2674
73 854
74 388
75 413
76 434
77 167
78 2843
79 2295
80 1527
81 780
82 1376
83 411
84 491
85 607
86 1151
87 2542
88 214
89 1352
90 1056
91 207
92 1422
93 2950
94 2303

