448 63
0 729
1 1390
2 2316
3 2111
4 2892
5 2010
6 2958
7 1160
8 1149
9 2158
10 2139
11 940
12 47
13 242
14 1480
15 193
16 1168
17 634
18 1896
19 1
20 1241
21 1872
22 1922
23 2869
24 2412
25 1442
26 1422
27 1119
28 2488
29 2001
30 72
31 2926
32 2278
33 1873
34 1903
35 301
36 1775
37 2466
38 998
39 2961
40 223
41 2396
42 1055
43 1953
44 2734
45 1590
46 1889
47 1810
48 1753
49 2342
50 1234
51 1694
52 1195
53 2208
54 2918
55 1601
56 2641
57 2356
58 838
59 1833
60 1739
61 1620
62 715
63 1597
64 1307
65 655
66 2653
67 1525
68 1093
69 1707
70 2633
71 2995
72 772
73 1031
74 2262
75 2976
76 1785
77 813
78 1511
79 2097
80 1483
81 878
82 324
83 1422
84 2064
85 983
86 662
87 1944
88 2866
89 2330
90 39
91 2507
92 1414
93 1457
94 323
95 288
96 139
97 454
98 1158
99 1182
100 2961
101 533
102 2521
103 320
104 1468
105 775
106 1907
107 2265
108 1505
109 2777
110 860
111 670
112 1263
113 579
114 263
115 2084
116 1395
117 1240
118 2305
119 1191
120 1283
121 1095
122 1616
123 1376
124 1806
125 1134
126 697
127 649
128 742
129 1033
130 2054
131 2976
132 1858
133 2432
134 2039
135 499
136 1890
137 1281
138 749
139 974
140 2650
141 552
142 355
143 2006
144 1957
145 1349
146 1190
147 2045
148 648
149 2984
150 1977
151 1196
152 2403
153 1296
154 1059
155 1447
156 2464
157 1864
158 1735
159 137
160 535
161 1770
162 1969
163 2135
164 1268
165 1493
166 908
167 2453
168 1261
169 2822
170 384
171 1595
172 2680
173 2908
174 195
175 1500
176 1650
177 2984
178 572
179 2678
180 831
181 2798
182 2341
183 592
184 1517
185 2763
186 990
187 2107
188 544
189 1750
190 1024
191 2401
192 1924
193 1873
194 149
195 2250
196 1432
197 1251
198 198
199 1915
200 2534
201 962
202 510
203 2219
204 209
205 1584
206 511
207 1334
208 2332
209 2309
210 2176
211 2340
212 765
213 1174
214 2533
215 2140
216 1081
217 639
218 2676
219 1313
220 1307
221 964
222 1489
223 385
224 1844
225 200
226 1844
227 2730
228 2920
229 641
230 1007
231 2927
232 2900
233 1109
234 342
235 921
236 261
237 2982
238 2175
239 1229
240 213
241 1934
242 833
243 99
244 1631
245 2128
246 755
247 2390
248 226
249 889
250 65
251 258
252 2318
253 2197
254 356
255 1271
256 1793
257 597
258 2045
259 307
260 1421
261 1054
262 1912
263 663
264 1141
265 2828
266 756
267 1560
268 969
269 2975
270 2659
271 2845
272 243
273 383
274 2796
275 2273
276 2653
277 281
278 1248
279 114
280 778
281 194
282 2120
283 1270
284 1045
285 655
286 59
287 2504
288 1591
289 993
290 945
291 2719
292 1258
293 2488
294 1322
295 644
296 1368
297 2412
298 2451
299 1757
300 577
301 2516
302 2431
303 993
304 1183
305 1732
306 1214
307 1035
308 2511
309 2111
310 1634
311 2664
312 1437
313 345
314 2072
315 1284
316 693
317 2838
318 2735
319 1409
320 191
321 2200
322 1149
323 1369
324 459
325 1618
326 2950
327 2025
328 1803
329 18
330 2561
331 2199
332 1880
333 2446
334 1059
335 673
336 649
337 633
338 282
339 1142
340 659
341 2382
342 1388
343 248
344 2214
345 322
346 2936
347 2064
348 2000
349 2939
350 265
351 2887
352 694
353 719
354 778
355 712
356 392
357 1924
358 112
359 1175
360 2293
361 2269
362 1227
363 2078
364 2326
365 2864
366 2671
367 1144
368 1059
369 1353
370 871
371 1751
372 1721
373 1711
374 590
375 1256
376 2057
377 1121
378 2249
379 1042
380 1453
381 1252
382 851
383 1362
384 727
385 213
386 2337
387 2848
388 1248
389 2848
390 2888
391 97
392 1107
393 1781
394 603
395 22
396 2724
397 2599
398 868
399 2924
400 829
401 336
402 2836
403 1658
404 1759
405 785
406 863
407 615
408 1102
409 2406
410 341
411 2736
412 1652
413 2415
414 1378
415 525
416 309
417 2491
418 1616
419 97
420 1161
421 372
422 911
423 2384
424 1050
425 742
426 314
427 1440
428 798
429 613
430 1633
431 296
432 2341
433 389
434 2597
435 647
436 150
437 636
438 2264
439 854
440 1155
441 2635
442 1104
443 369
444 1255
445 724
446 2734
447 343

