754 67
0 2523
1 2466
2 1849
3 2745
4 2252
5 2882
6 1967
7 325
8 2281
9 2108
10 1342
11 2443
12 354
13 2781
14 1514
15 36
16 1847
17 1777
18 1331
19 1196
20 720
21 1113
22 311
23 802
24 2604
25 2124
26 1286
27 1639
28 1832
29 2788
30 1405
31 1166
32 1131
33 2624
34 2237
35 2514
36 1087
37 2388
38 181
39 2606
40 1902
41 1345
42 2799
43 1413
44 2070
45 741
46 769
47 1960
48 2580
49 55
50 2952
51 147
52 845
53 49
54 2983
55 674
56 2132
57 775
58 1632
59 2965
60 2444
61 2525
62 1317
63 2288
64 38
65 596
66 2322
67 601
68 2128
69 2925
70 2762
71 2578
72 2522
73 217
74 2038
75 2518
76 2123
77 446
78 2132
79 1094
80 434
81 2168
82 1626
83 45
84 2829
85 2907
86 2805
87 866
88 2171
89 2551
90 2060
91 2376
92 1107
93 2344
94 447
95 1700
96 592
97 2123
98 2205
99 496
100 243
101 1284
102 2106
103 133
104 2144
105 975
106 363
107 2786
108 1187
109 109
110 2178
111 2139
112 2242
113 1062
114 246
115 2793
116 2940
117 2570
118 2508
119 248
120 205
121 1800
122 545
123 2873
124 2851
125 1199
126 1912
127 2307
128 2033
129 1761
130 339
131 2290
132 1604
133 442
134 189
135 1143
136 1932
137 42
138 1299
139 301
140 1238
141 2797
142 317
143 165
144 581
145 1857
146 2822
147 149
148 2546
149 520
150 1189
151 2495
152 618
153 2309
154 1045
155 2216
156 148
157 545
158 2544
159 2244
160 2486
161 1239
162 1093
163 2644
164 32
165 189
166 237
167 1670
168 2996
169 562
170 2659
171 2033
172 2874
173 2836
174 1902
175 688
176 982
177 1272
178 2945
179 1297
180 342
181 365
182 1258
183 1595
184 197
185 2154
186 1615
187 1648
188 2020
189 888
190 183
191 951
192 792
193 2931
194 2675
195 1514
196 153
197 1358
198 1356
199 1532
200 2588
201 380
202 1636
203 1198
204 1115
205 1719
206 376
207 1673
208 1667
209 2600
210 2926
211 2931
212 1264
213 2471
214 589
215 1007
216 252
217 1315
218 2408
219 2035
220 669
221 624
222 461
223 1097
224 214
225 908
226 2096
227 1548
228 2500
229 1301
230 1557
231 1741
232 2575
233 2203
234 196
235 1100
236 1308
237 535
238 801
239 2943
240 2601
241 2278
242 2123
243 1939
244 166
245 111
246 276
247 108
248 1708
249 877
250 708
251 563
252 1279
253 1059
254 717
255 858
256 1557
257 867
258 271
259 1576
260 1933
261 2946
262 647
263 2544
264 1097
265 1881
266 1327
267 2974
268 1792
269 2771
270 2256
271 2972
272 2990
273 1613
274 1450
275 872
276 1983
277 1104
278 2002
279 2621
280 1679
281 1000
282 1143
283 168
284 359
285 251
286 2792
287 371
288 441
289 1639
290 2626
291 2915
292 319
293 2902
294 2784
295 2059
296 2801
297 1172
298 910
299 1134
300 2678
301 103
302 1044
303 1768
304 142
305 1602
306 2239
307 233
308 291
309 2105
310 1404
311 614
312 2275
313 714
314 1938
315 1283
316 2516
317 1303
318 1116
319 952
320 1488
321 1175
322 2537
323 1751
324 2717
325 785
326 2672
327 1674
328 1326
329 2194
330 2978
331 2931
332 311
333 2283
334 861
335 1443
336 599
337 1374
338 706
339 945
340 796
341 1511
342 1027
343 1800
344 2917
345 1612
346 492
347 443
348 2324
349 2185
350 2241
351 56
352 2672
353 119
354 2663
355 2060
356 2860
357 1484
358 1136
359 475
360 1588
361 1715
362 621
363 2716
364 2452
365 302
366 2726
367 1533
368 1562
369 2885
370 2797
371 2773
372 1980
373 2085
374 1706
375 601
376 77
377 1513
378 1741
379 1525
380 1040
381 2210
382 1032
383 840
384 338
385 2238
386 2856
387 149
388 2631
389 2807
390 1197
391 345
392 543
393 2230
394 1075
395 235
396 898
397 1008
398 1743
399 2562
400 1417
401 1725
402 1843
403 955
404 1111
405 2755
406 82
407 2685
408 2433
409 858
410 2099
411 1510
412 2146
413 1882
414 1059
415 1269
416 1471
417 667
418 1031
419 161
420 1365
421 1122
422 2291
423 2822
424 2205
425 615
426 1383
427 1513
428 634
429 2999
430 1141
431 1526
432 2453
433 2246
434 177
435 2174
436 1108
437 2277
438 1808
439 1017
440 2932
441 2532
442 440
443 738
444 2967
445 903
446 2230
447 2707
448 814
449 268
450 571
451 1908
452 706
453 149
454 218
455 407
456 1864
457 2665
458 1577
459 2512
460 2954
461 2723
462 267
463 2934
464 2868
465 2804
466 1768
467 2074
468 2474
469 120
470 2806
471 1974
472 2577
473 1012
474 1635
475 2975
476 1721
477 2310
478 1331
479 728
480 2859
481 2342
482 2454
483 1295
484 1696
485 2449
486 1822
487 2063
488 1283
489 2106
490 2147
491 1135
492 1640
493 2384
494 1422
495 1837
496 873
497 1589
498 1371
499 2599
500 2787
501 2450
502 347
503 991
504 1149
505 2784
506 1801
507 1917
508 719
509 2240
510 2859
511 2578
512 1578
513 781
514 824
515 1288
516 1900
517 191
518 1103
519 2264
520 2264
521 173
522 2118
523 1257
524 213
525 2537
526 2818
527 1391
528 2899
529 139
530 163
531 2142
532 1551
533 1522
534 588
535 2684
536 1177
537 1577
538 1737
539 2430
540 621
541 1806
542 2776
543 2456
544 1716
545 1181
546 236
547 849
548 502
549 1547
550 1594
551 1119
552 2909
553 819
554 2925
555 2973
556 1769
557 429
558 1663
559 1340
560 2496
561 1627
562 2727
563 1560
564 1280
565 211
566 526
567 2907
568 591
569 773
570 688
571 1807
572 1568
573 405
574 1001
575 272
576 2362
577 450
578 1122
579 4
580 2169
581 2985
582 119
583 2416
584 2566
585 1949
586 1961
587 1607
588 2352
589 1671
590 1246
591 516
592 1563
593 2724
594 106
595 1916
596 2705
597 139
598 1181
599 53
600 1394
601 2861
602 1761
603 2665
604 2643
605 800
606 820
607 1907
608 13
609 2693
610 670
611 1197
612 1786
613 2889
614 1222
615 2510
616 508
617 1778
618 672
619 1858
620 2554
621 2553
622 2336
623 380
624 2240
625 61
626 2178
627 224
628 317
629 541
630 2501
631 2862
632 21
633 2902
634 1761
635 1822
636 1249
637 1146
638 197
639 1120
640 2528
641 2638
642 1118
643 1703
644 970
645 711
646 1817
647 869
648 914
649 2179
650 798
651 945
652 1432
653 1660
654 2246
655 914
656 2688
657 1450
658 2501
659 637
660 1832
661 2947
662 2290
663 697
664 2755
665 1549
666 2231
667 1895
668 1107
669 2876
670 1067
671 2282
672 2699
673 1262
674 98
675 1970
676 1624
677 2508
678 1118
679 739
680 2265
681 969
682 2879
683 2132
684 277
685 2095
686 980
687 1811
688 1934
689 2143
690 1159
691 1822
692 2507
693 1053
694 312
695 1234
696 2670
697 2669
698 1299
699 2475
700 1133
701 434
702 2651
703 1891
704 616
705 2331
706 2686
707 1994
708 424
709 2423
710 2308
711 1115
712 2098
713 2993
714 2603
715 257
716 416
717 366
718 2121
719 2991
720 1209
721 2188
722 1512
723 456
724 1363
725 104
726 498
727 1786
728 1182
729 2328
730 1608
731 345
732 2864
733 2695
734 694
735 377
736 1552
737 2018
738 2584
739 248
740 2732
741 1115
742 180
743 870
744 495
745 2860
746 885
747 2045
748 355
749 1050
750 678
751 652
752 713
753 1319

