332 79
0 883
1 2139
2 1382
3 2194
4 2224
5 2220
6 739
7 2062
8 294
9 1309
10 2985
11 1359
12 1361
13 2381
14 2046
15 1505
16 2516
17 349
18 1257
19 2596
20 1501
21 2495
22 2206
23 310
24 215
25 1446
26 619
27 102
28 25
29 1183
30 1437
31 321
32 2556
33 661
34 586
35 1407
36 1095
37 2269
38 438
39 2134
40 25
41 2716
42 2274
43 2465
44 723
45 2840
46 2749
47 1517
48 1247
49 954
50 2250
51 252
52 1883
53 124
54 1328
55 1608
56 2227
57 1278
58 981
59 493
60 877
61 117
62 222
63 689
64 968
65 2689
66 281
67 1090
68 179
69 1684
70 1013
71 487
72 2653
73 2734
74 2953
75 1857
76 1672
77 341
78 1101
79 2099
80 1375
81 1083
82 521
83 1611
84 2360
85 693
86 1760
87 2222
88 1819
89 146
90 2462
91 1876
92 2931
93 1717
94 999
95 1332
96 2543
97 1747
98 678
99 1934
100 2928
101 2530
102 2300
103 2145
104 2531
105 827
106 2710
107 1360
108 2183
109 2690
110 1935
111 1662
112 1857
113 2519
114 325
115 2210
116 534
117 590
118 1818
119 1361
120 692
121 2182
122 2959
123 2632
124 563
125 2675
126 1530
127 2165
128 2935
129 926
130 2352
131 1808
132 1509
133 2530
134 2749
135 896
136 266
137 2863
138 1719
139 2613
140 2007
141 1987
142 2087
143 6
144 1481
145 2189
146 776
147 419
148 1271
149 419
150 1763
151 2540
152 5
153 1441
154 2556
155 2536
156 2278
157 2324
158 2625
159 430
160 1201
161 695
162 267
163 2611
164 175
165 1814
166 1610
167 1565
168 1538
169 2030
170 1243
171 2231
172 1500
173 1332
174 2194
175 56
176 2495
177 1838
178 568
179 255
180 273
181 2426
182 1384
183 632
184 2385
185 2862
186 1952
187 260
188 2219
189 2149
190 1333
191 1100
192 1432
193 1571
194 971
195 2036
196 1931
197 94
198 2239
199 1827
200 1472
201 2888
202 1836
203 2557
204 1458
205 2490
206 311
207 20
208 826
209 1743
210 808
211 1748
212 352
213 1462
214 809
215 1605
216 1112
217 2977
218 783
219 1585
220 1555
221 229
222 296
223 2277
224 1982
225 1784
226 510
227 1951
228 1970
229 1736
230 1482
231 2085
232 492
233 1405
234 2459
235 526
236 1984
237 791
238 2337
239 2076
240 888
241 233
242 2536
243 294
244 1486
245 1312
246 981
247 1872
248 2178
249 458
250 1312
251 2878
252 905
253 762
254 269
255 692
256 1026
257 989
258 824
259 2007
260 2287
261 747
262 1533
263 154
264 1122
265 2863
266 252
267 1521
268 2294
269 605
270 140
271 2572
272 2037
273 1625
274 257
275 2501
276 2604
277 1998
278 268
279 1706
280 1729
281 2259
282 829
283 731
284 2671
285 2278
286 896
287 1185
288 1267
289 948
290 969
291 1004
292 1169
293 1760
294 2607
295 310
296 843
297 2573
298 2450
299 2172
300 2459
301 1705
302 2604
303 1259
304 1373
305 2371
306 1982
307 2414
308 223
309 2786
310 393
311 1107
312 1705
313 1846
314 2021
315 2494
316 1735
317 960
318 570
319 2505
320 2739
321 2018
322 2679
323 176
324 654
325 95
326 1840
327 562
328 568
329 223
330 2280
331 158

