116 45
0 249
1 1329
2 2822
3 1799
4 945
5 2439
6 1120
7 2880
8 183
9 1217
10 623
11 689
12 2032
13 2579
14 2211
15 1320
16 111
17 753
18 57
19 2377
20 415
21 1014
22 1028
23 1492
24 1750
25 6
26 985
27 219
28 1409
29 191
30 1339
31 326
32 1319
33 697
34 654
35 1936
36 1378
37 2879
38 529
39 2579
40 276
41 1229
42 2226
43 1190
44 985
45 1150
46 601
47 806
48 404
49 357
50 2039
51 1478
52 1457
53 892
54 1912
55 931
56 734
57 2182
58 1771
59 2583
60 1470
61 2957
62 114
63 133
64 1818
65 866
66 1433
67 2217
68 2540
69 1679
70 2679
71 1697
72 317
73 31
74 1569
75 260
76 2507
77 2985
78 2153
79 2773
80 1158
81 2970
82 165
83 1875
84 1063
85 158
86 216
87 2278
88 1562
89 1669
90 168
91 56
92 1681
93 2333
94 1517
95 1
96 2662
97 1614
98 293
99 463
100 2637
101 1176
102 1419
103 2195
104 320
105 1057
106 384
107 1893
108 637
109 878
110 142
111 2331
112 762
113 2481
114 368
115 2006

