860 64
0 2156
1 1209
2 208
3 2601
4 536
5 1341
6 213
7 2097
8 2746
9 1102
10 2493
11 2057
12 2258
13 2477
14 1920
15 688
16 41
17 210
18 154
19 2012
20 2070
21 2554
22 84
23 2168
24 529
25 1837
26 1811
27 1242
28 2838
29 1724
30 1310
31 2147
32 2425
33 1862
34 45
35 38
36 978
37 833
38 1428
39 501
40 1036
41 2454
42 323
43 723
44 1351
45 2149
46 2190
47 672
48 2333
49 1852
50 2087
51 677
52 2082
53 751
54 1514
55 2202
56 1676
57 1852
58 976
59 2259
60 2082
61 2327
62 1071
63 1844
64 1389
65 2509
66 2517
67 1651
68 1016
69 622
70 958
71 1177
72 2356
73 2870
74 1312
75 505
76 2869
77 2968
78 2598
79 2086
80 2338
81 1445
82 378
83 643
84 611
85 161
86 1140
87 2900
88 2696
89 906
90 2423
91 884
92 2397
93 2867
94 2783
95 2360
96 896
97 2886
98 653
99 1929
100 1916
101 1676
102 784
103 1907
104 2500
105 770
106 1398
107 884
108 676
109 42
110 984
111 2767
112 169
113 18
114 2190
115 814
116 2106
117 2275
118 1730
119 523
120 2224
121 1327
122 2
123 2113
124 2680
125 278
126 760
127 1379
128 2550
129 1126
130 2832
131 665
132 2356
133 1800
134 0
135 2691
136 718
137 356
138 1740
139 2591
140 1764
141 1678
142 502
143 1675
144 1105
145 2050
146 1455
147 816
148 2457
149 2537
150 2273
151 2254
152 2460
153 2157
154 1948
155 42
156 1102
157 2470
158 2138
159 128
160 1266
161 1460
162 444
163 2477
164 2793
165 1269
166 2952
167 1720
168 1126
169 1741
170 2698
171 215
172 960
173 650
174 1488
175 1205
176 2219
177 1278
178 1916
179 1253
180 627
181 636
182 731
183 2421
184 2151
185 2924
186 1165
187 2131
188 1269
189 177
190 1959
191 91
192 744
193 2648
194 1387
195 2784
196 1895
197 2307
198 1539
199 103
200 1347
201 1150
202 669
203 301
204 343
205 619
206 2862
207 1115
208 2685
209 941
210 258
211 2051
212 812
213 376
214 413
215 652
216 1045
217 2423
218 1461
219 1086
220 943
221 1093
222 1338
223 2043
224 2631
225 2423
226 442
227 750
228 521
229 2579
230 1443
231 173
232 1668
233 605
234 1311
235 1820
236 1030
237 2421
238 2627
239 379
240 1858
241 480
242 475
243 572
244 1990
245 1963
246 2345
247 2892
248 957
249 2291
250 2683
251 2602
252 2999
253 1547
254 2758
255 2532
256 690
257 617
258 1801
259 1605
260 2206
261 1853
262 2176
263 1427
264 2319
265 252
266 2211
267 424
268 2502
269 1604
270 752
271 1840
272 109
273 1885
274 531
275 724
276 1679
277 1431
278 17
279 2271
280 974
281 2734
282 2704
283 1494
284 2193
285 2321
286 634
287 681
288 1568
289 1506
290 1814
291 2211
292 1155
293 2806
294 177
295 2408
296 1271
297 1443
298 2656
299 2596
300 165
301 2682
302 1534
303 647
304 562
305 1058
306 418
307 385
308 2365
309 521
310 1887
311 246
312 2696
313 2466
314 542
315 1057
316 194
317 1034
318 710
319 368
320 1610
321 631
322 1446
323 1004
324 290
325 2341
326 2430
327 561
328 2727
329 2876
330 2394
331 2421
332 1098
333 377
334 2065
335 1000
336 348
337 1234
338 2042
339 2294
340 1352
341 1530
342 2637
343 2073
344 2141
345 2073
346 1435
347 1880
348 2959
349 1309
350 27
351 2932
352 2490
353 1338
354 2
355 1965
356 2883
357 44
358 2221
359 698
360 2859
361 814
362 2956
363 1817
364 1059
365 1769
366 865
367 2129
368 532
369 1226
370 1360
371 2609
372 834
373 1674
374 358
375 2893
376 1949
377 2204
378 707
379 240
380 606
381 2164
382 2331
383 1591
384 2039
385 429
386 924
387 1457
388 1997
389 2729
390 2366
391 102
392 1254
393 875
394 1370
395 2266
396 390
397 2880
398 308
399 2922
400 903
401 2760
402 1076
403 1580
404 928
405 2235
406 2900
407 2317
408 2817
409 1926
410 767
411 2429
412 855
413 337
414 732
415 2356
416 1293
417 33
418 1366
419 1949
420 536
421 2608
422 2861
423 1343
424 1598
425 772
426 2334
427 2453
428 1893
429 712
430 2054
431 394
432 1869
433 2929
434 1664
435 2087
436 2796
437 1815
438 583
439 791
440 1386
441 133
442 2776
443 1279
444 2717
445 818
446 1226
447 797
448 230
449 386
450 2218
451 1743
452 1858
453 2254
454 2354
455 1882
456 1668
457 337
458 2853
459 1707
460 2200
461 2854
462 15
463 1667
464 1086
465 36
466 2677
467 2841
468 2041
469 310
470 1034
471 1392
472 2627
473 1134
474 1262
475 623
476 2081
477 1193
478 2621
479 1803
480 1202
481 201
482 1913
483 1352
484 2056
485 1093
486 482
487 2799
488 144
489 2319
490 2137
491 806
492 1109
493 259
494 1651
495 617
496 1270
497 2082
498 1329
499 1170
500 1789
501 2075
502 2148
503 2763
504 134
505 1032
506 194
507 2127
508 386
509 1081
510 1698
511 2131
512 2327
513 278
514 908
515 1953
516 2117
517 2314
518 828
519 1411
520 1735
521 1945
522 2401
523 259
524 2283
525 2363
526 2370
527 887
528 425
529 1018
530 1480
531 1288
532 225
533 2497
534 1015
535 1965
536 144
537 1265
538 1724
539 1838
540 316
541 592
542 1115
543 2115
544 1653
545 945
546 2439
547 876
548 2845
549 573
550 2519
551 821
552 1508
553 608
554 1942
555 385
556 251
557 2678
558 2104
559 1933
560 625
561 2646
562 2275
563 2824
564 1261
565 2364
566 2459
567 187
568 936
569 931
570 298
571 2432
572 2858
573 2323
574 2322
575 2686
576 2904
577 307
578 2286
579 1684
580 1462
581 987
582 504
583 1902
584 2640
585 1610
586 347
587 656
588 361
589 2093
590 1974
591 1544
592 2001
593 472
594 2932
595 2804
596 1704
597 289
598 1435
599 901
600 2238
601 2015
602 1596
603 551
604 1709
605 829
606 507
607 1271
608 1490
609 317
610 651
611 455
612 2224
613 2171
614 1009
615 339
616 2700
617 1358
618 2940
619 1351
620 311
621 23
622 1699
623 194
624 1873
625 2435
626 2415
627 1308
628 1145
629 2274
630 730
631 754
632 421
633 412
634 2324
635 15
636 2261
637 1310
638 1673
639 871
640 1122
641 2030
642 2707
643 160
644 986
645 215
646 2069
647 2101
648 2452
649 2045
650 1189
651 1607
652 2865
653 2352
654 753
655 648
656 852
657 1717
658 900
659 408
660 1170
661 863
662 2505
663 2909
664 2147
665 1284
666 330
667 171
668 683
669 992
670 2172
671 2227
672 1205
673 2986
674 542
675 948
676 649
677 2249
678 835
679 1200
680 2111
681 2843
682 2348
683 547
684 1167
685 738
686 1743
687 1340
688 759
689 349
690 2686
691 1738
692 1055
693 2857
694 687
695 80
696 1154
697 31
698 744
699 334
700 2308
701 416
702 1317
703 1950
704 1126
705 783
706 2778
707 2859
708 758
709 820
710 1925
711 2385
712 404
713 2525
714 1770
715 1551
716 1564
717 1113
718 2736
719 517
720 1203
721 1739
722 2579
723 2549
724 2286
725 81
726 2194
727 348
728 2021
729 1496
730 2945
731 2580
732 1615
733 1226
734 1809
735 2305
736 1779
737 800
738 1300
739 2403
740 1135
741 785
742 2052
743 1114
744 227
745 538
746 80
747 1823
748 2576
749 952
750 768
751 2320
752 2616
753 1565
754 1149
755 1469
756 1659
757 2018
758 2027
759 2524
760 2926
761 2436
762 1865
763 2124
764 653
765 2125
766 2633
767 1932
768 2196
769 1873
770 1602
771 1408
772 814
773 419
774 875
775 1558
776 730
777 857
778 2314
779 740
780 1973
781 2813
782 1454
783 87
784 67
785 1226
786 2971
787 2992
788 2408
789 474
790 740
791 2009
792 1307
793 2357
794 2761
795 957
796 2898
797 1900
798 1648
799 2635
800 542
801 783
802 464
803 705
804 230
805 1859
806 629
807 1886
808 523
809 1382
810 101
811 780
812 2402
813 2920
814 533
815 509
816 587
817 722
818 1634
819 800
820 2773
821 280
822 1471
823 2378
824 347
825 2442
826 2220
827 2581
828 102
829 2275
830 480
831 1051
832 635
833 764
834 2567
835 2643
836 2272
837 2436
838 227
839 284
840 427
841 551
842 1561
843 339
844 134
845 1072
846 2615
847 2769
848 581
849 1276
850 2039
851 1404
852 926
853 1816
854 923
855 2128
856 2554
857 1063
858 1289
859 393

