227 69
0 1239
1 1055
2 1753
3 932
4 2941
5 242
6 2367
7 1931
8 322
9 884
10 1156
11 2594
12 1601
13 2546
14 183
15 1028
16 1742
17 2637
18 1312
19 622
20 1494
21 1664
22 2753
23 364
24 947
25 1381
26 328
27 2353
28 1112
29 1724
30 1554
31 2155
32 1426
33 483
34 447
35 1446
36 226
37 1021
38 635
39 2693
40 2922
41 1341
42 2792
43 2531
44 2717
45 2587
46 2869
47 2952
48 169
49 2566
50 1373
51 2433
52 2497
53 2749
54 1830
55 2058
56 1955
57 1324
58 1972
59 1022
60 1345
61 2617
62 2046
63 552
64 2402
65 2798
66 2203
67 432
68 1508
69 2036
70 1593
71 407
72 636
73 1365
74 83
75 314
76 482
77 2116
78 2883
79 2235
80 167
81 1984
82 1077
83 249
84 1762
85 1052
86 2171
87 2575
88 1588
89 530
90 1391
91 542
92 1175
93 719
94 321
95 390
96 2687
97 1710
98 1271
99 2794
100 2352
101 61
102 1212
103 2210
104 512
105 138
106 2995
107 1446
108 2866
109 757
110 1719
111 2246
112 619
113 2340
114 2870
115 2810
116 999
117 1086
118 2950
119 604
120 2519
121 901
122 1224
123 2710
124 2540
125 247
126 643
127 1255
128 2346
129 2754
130 675
131 1706
132 1126
133 2160
134 1562
135 1757
136 2306
137 2302
138 2490
139 1363
140 2007
141 2469
142 1651
143 409
144 997
145 950
146 1576
147 2015
148 2793
149 154
150 365
151 137
152 107
153 1698
154 750
155 784
156 1440
157 703
158 1906
159 1179
160 2989
161 2157
162 2607
163 2201
164 1190
165 510
166 2771
167 997
168 2968
169 1166
170 625
171 1617
172 968
173 1412
174 1955
175 513
176 1659
177 2525
178 419
179 2133
180 1303
181 2191
182 2104
183 588
184 891
185 2417
186 1043
187 1656
188 2617
189 2539
190 2937
191 2705
192 208
193 219
194 2782
195 200
196 1653
197 2225
198 1788
199 1781
200 729
201 1295
202 2083
203 362
204 318
205 2229
206 1816
207 254
208 593
209 679
210 365
211 1737
212 2812
213 694
214 2437
215 2562
216 2992
217 815
218 238
219 818
220 756
221 2403
222 2308
223 2622
224 789
225 1804
226 1797

