101 40
0 917
1 2369
2 414
3 2648
4 2440
5 2971
6 2801
7 2766
8 2053
9 2624
10 2898
11 1586
12 540
13 676
14 1390
15 2396
16 637
17 125
18 2130
19 1853
20 2743
21 179
22 2513
23 513
24 917
25 514
26 1365
27 1463
28 2084
29 2650
30 2140
31 801
32 1250
33 421
34 1926
35 987
36 57
37 881
38 746
39 367
40 2354
41 2546
42 1131
43 989
44 680
45 2938
46 1729
47 1454
48 734
49 196
50 441
51 1377
52 1169
53 311
54 2429
55 810
56 544
57 2823
58 284
59 839
60 2805
61 1923
62 892
63 1700
64 1961
65 2563
66 990
67 1285
68 1026
69 2327
70 2383
71 2869
72 775
73 787
74 828
75 724
76 979
77 827
78 2001
79 2446
80 1243
81 277
82 2624
83 864
84 367
85 2130
86 1797
87 2488
88 2834
89 1316
90 540
91 2774
92 446
93 1586
94 2551
95 1187
96 1630
97 2957
98 1501
99 1238
100 2177

