342 46
0 1829
1 889
2 212
3 2611
4 1549
5 2992
6 56
7 1237
8 1040
9 2075
10 1211
11 1106
12 1905
13 1260
14 1613
15 797
16 342
17 870
18 1153
19 2425
20 300
21 1044
22 231
23 708
24 1945
25 613
26 2507
27 2474
28 777
29 1994
30 2035
31 1175
32 1967
33 2216
34 2131
35 1912
36 927
37 2793
38 586
39 1037
40 460
41 1232
42 874
43 1102
44 1200
45 1096
46 1719
47 1891
48 1925
49 1633
50 857
51 1667
52 2754
53 782
54 1461
55 1124
56 2806
57 197
58 2678
59 2317
60 1408
61 2181
62 2963
63 2242
64 2535
65 1011
66 2806
67 2004
68 1834
69 309
70 2850
71 249
72 2806
73 1118
74 1066
75 1574
76 2484
77 1726
78 1309
79 464
80 2031
81 2877
82 2496
83 286
84 2920
85 1951
86 2486
87 1012
88 2895
89 2492
90 2458
91 1512
92 1666
93 725
94 1424
95 67
96 1133
97 117
98 1658
99 1405
100 1886
101 1305
102 1616
103 31
104 1378
105 2190
106 1443
107 198
108 1697
109 117
110 1997
111 2114
112 1320
113 2142
114 1556
115 412
116 122
117 2019
118 251
119 1326
120 1407
121 813
122 1314
123 1612
124 1203
125 1866
126 2774
127 443
128 129
129 322
130 1232
131 2361
132 74
133 2562
134 203
135 2497
136 2468
137 1409
138 1601
139 1923
140 2885
141 2346
142 1932
143 1369
144 1000
145 1063
146 1350
147 1209
148 865
149 1883
150 456
151 960
152 1987
153 924
154 1836
155 1300
156 2185
157 1673
158 985
159 614
160 139
161 1357
162 2047
163 2584
164 674
165 524
166 498
167 2792
168 1696
169 1305
170 2990
171 1800
172 803
173 627
174 297
175 79
176 755
177 2527
178 93
179 1779
180 329
181 933
182 2588
183 2700
184 104
185 1824
186 2661
187 1177
188 2511
189 2472
190 807
191 1585
192 14
193 1267
194 1649
195 206
196 1086
197 1806
198 809
199 1202
200 2138
201 1048
202 2246
203 2413
204 2220
205 944
206 1549
207 1869
208 2318
209 2443
210 869
211 1482
212 1740
213 2895
214 2462
215 1945
216 157
217 2871
218 185
219 1302
220 981
221 1454
222 225
223 1039
224 805
225 2120
226 1254
227 652
228 532
229 790
230 1203
231 1415
232 39
233 1164
234 1425
235 292
236 2366
237 2664
238 2938
239 1376
240 1990
241 1907
242 1216
243 833
244 2401
245 738
246 2605
247 2029
248 792
249 843
250 173
251 210
252 79
253 1105
254 1310
255 2709
256 726
257 130
258 2190
259 1126
260 464
261 481
262 1115
263 2776
264 847
265 1281
266 985
267 860
268 1221
269 2620
270 1097
271 1576
272 2063
273 2210
274 2274
275 1539
276 532
277 2945
278 874
279 2281
280 2689
281 1498
282 1151
283 653
284 1167
285 1201
286 653
287 2383
288 2734
289 81
290 142
291 2213
292 2901
293 2538
294 1358
295 1112
296 1015
297 760
298 105
299 117
300 2867
301 2001
302 2135
303 1622
304 2549
305 195
306 2288
307 582
308 2238
309 2779
310 1526
311 2288
312 2635
313 819
314 2227
315 81
316 810
317 1792
318 2552
319 2254
320 2889
321 263
322 2480
323 1699
324 2974
325 2035
326 523
327 2668
328 2383
329 1071
330 71
331 1047
332 693
333 331
334 146
335 1088
336 237
337 367
338 1406
339 2208
340 1357
341 773

