295 25
0 1965
1 857
2 1577
3 780
4 1661
5 1777
6 2440
7 2950
8 2128
9 1620
10 937
11 2408
12 2013
13 1247
14 1392
15 326
16 1154
17 1799
18 2459
19 1924
20 385
21 812
22 819
23 2579
24 360
25 1561
26 1195
27 1605
28 999
29 2506
30 2057
31 1479
32 489
33 1065
34 2200
35 1305
36 2981
37 2793
38 1496
39 2631
40 2136
41 567
42 893
43 219
44 1314
45 268
46 2053
47 101
48 1726
49 750
50 2385
51 545
52 483
53 1290
54 48
55 2780
56 231
57 937
58 785
59 689
60 2315
61 684
62 2460
63 1706
64 1140
65 1169
66 1050
67 2527
68 2827
69 907
70 1501
71 2332
72 1825
73 1062
74 2257
75 1336
76 2434
77 2406
78 2106
79 933
80 1823
81 1595
82 1501
83 2816
84 1296
85 1149
86 771
87 1107
88 2806
89 1989
90 2531
91 788
92 564
93 457
94 987
95 627
96 237
97 1182
98 1656
99 602
100 10
101 569
102 1687
103 268
104 227
105 1760
106 357
107 410
108 1636
109 437
110 156
111 1973
112 1615
113 2270
114 803
115 1064
116 1889
117 1352
118 389
119 701
120 1321
121 1886
122 1533
123 1191
124 2855
125 139
126 2137
127 253
128 630
129 2091
130 2716
131 49
132 342
133 2134
134 85
135 144
136 935
137 2357
138 2945
139 1176
140 955
141 975
142 2992
143 557
144 2230
145 2718
146 1500
147 366
148 28
149 1447
150 879
151 650
152 1904
153 1909
154 1728
155 1468
156 2597
157 2005
158 1683
159 2114
160 864
161 2356
162 1124
163 2775
164 697
165 1061
166 2384
167 927
168 1975
169 1214
170 2934
171 2739
172 1988
173 362
174 30
175 2579
176 253
177 190
178 2503
179 1112
180 796
181 2453
182 66
183 165
184 820
185 923
186 2539
187 2139
188 1759
189 391
190 1449
191 2119
192 187
193 2844
194 829
195 2020
196 2959
197 1819
198 2304
199 2736
200 1936
201 803
202 138
203 1450
204 1534
205 1528
206 1964
207 2903
208 1902
209 2470
210 2618
211 153
212 2285
213 2440
214 1651
215 1263
216 1020
217 2293
218 1330
219 1045
220 2938
221 1421
222 2899
223 2507
224 1669
225 553
226 2658
227 885
228 2737
229 70
230 2826
231 2654
232 2435
233 2575
234 1650
235 2743
236 2988
237 1024
238 475
239 212
240 2626
241 2908
242 17
243 2102
244 1236
245 6
246 2685
247 2486
248 2498
249 506
250 702
251 1163
252 1780
253 1570
254 623
255 486
256 1077
257 2821
258 2724
259 2379
260 1381
261 2391
262 2139
263 267
264 603
265 1183
266 996
267 251
268 1718
269 2876
270 1742
271 198
272 1039
273 976
274 889
275 2741
276 1187
277 1095
278 1215
279 1086
280 360
281 2118
282 1505
283 1135
284 1553
285 2820
286 1065
287 275
288 2513
289 2248
290 1295
291 2385
292 1465
293 2570
294 1424

