881 29
0 2567
1 79
2 472
3 362
4 156
5 1001
6 1025
7 2309
8 2921
9 2895
10 2188
11 1685
12 1826
13 176
14 460
15 788
16 1452
17 401
18 1941
19 2114
20 754
21 2299
22 831
23 1712
24 50
25 92
26 2370
27 373
28 460
29 253
30 2639
31 1194
32 956
33 1490
34 1145
35 1284
36 1491
37 1187
38 2093
39 1200
40 943
41 1673
42 1665
43 1535
44 2574
45 2257
46 200
47 1844
48 2739
49 1021
50 142
51 1931
52 2632
53 1728
54 1609
55 1907
56 954
57 2260
58 2866
59 1717
60 2045
61 718
62 887
63 684
64 1793
65 2784
66 189
67 1568
68 2570
69 2646
70 365
71 1147
72 2150
73 7
74 1122
75 1499
76 562
77 2302
78 1575
79 1008
80 2759
81 2011
82 665
83 1038
84 376
85 1947
86 2457
87 2353
88 848
89 1706
90 2040
91 2223
92 2731
93 2871
94 1598
95 954
96 1626
97 2484
98 1786
99 1566
100 1754
101 1401
102 2302
103 926
104 1552
105 1708
106 1592
107 1852
108 1532
109 549
110 1968
111 2919
112 1693
113 2366
114 1605
115 2789
116 750
117 1641
118 1943
119 138
120 2395
121 96
122 2633
123 2042
124 2633
125 1773
126 590
127 520
128 2798
129 664
130 2379
131 2313
132 2945
133 1077
134 2054
135 231
136 444
137 2000
138 1217
139 1954
140 1265
141 2638
142 2773
143 1119
144 734
145 2033
146 2891
147 1803
148 2885
149 2116
150 2190
151 811
152 236
153 1435
154 2445
155 1668
156 2283
157 1314
158 1718
159 1945
160 1839
161 45
162 849
163 800
164 1309
165 68
166 2515
167 2090
168 21
169 533
170 303
171 72
172 1357
173 1119
174 809
175 1101
176 1291
177 1612
178 509
179 2994
180 2528
181 924
182 2085
183 2313
184 972
185 1147
186 1462
187 467
188 589
189 1639
190 2555
191 890
192 608
193 178
194 225
195 2242
196 2117
197 221
198 2515
199 2850
200 1201
201 214
202 2966
203 682
204 19
205 1679
206 401
207 142
208 2917
209 2569
210 1557
211 1160
212 100
213 519
214 1898
215 816
216 735
217 2797
218 1983
219 424
220 1084
221 2563
222 1611
223 1601
224 569
225 1421
226 743
227 2272
228 1429
229 341
230 2675
231 2274
232 1057
233 793
234 2944
235 527
236 1351
237 1603
238 1318
239 1118
240 57
241 2262
242 2130
243 914
244 301
245 279
246 2936
247 1158
248 2858
249 1936
250 1340
251 2209
252 1392
253 2383
254 2593
255 1305
256 348
257 676
258 383
259 2282
260 971
261 1550
262 588
263 1649
264 796
265 473
266 2964
267 1485
268 1321
269 2962
270 2637
271 2336
272 838
273 2633
274 468
275 2656
276 2676
277 1509
278 1183
279 1452
280 2702
281 2510
282 2268
283 781
284 2988
285 1439
286 752
287 1156
288 1866
289 2995
290 1680
291 1778
292 2058
293 1208
294 1564
295 735
296 2807
297 1013
298 407
299 269
300 2333
301 10
302 782
303 1971
304 1743
305 2810
306 2924
307 2424
308 2049
309 2431
310 1767
311 341
312 468
313 2753
314 23
315 69
316 2872
317 2167
318 371
319 1897
320 379
321 287
322 2596
323 556
324 2096
325 601
326 2459
327 761
328 1216
329 26
330 1095
331 2375
332 1880
333 1448
334 2369
335 1171
336 1233
337 2619
338 442
339 1562
340 334
341 2015
342 487
343 239
344 2745
345 2289
346 111
347 2260
348 1846
349 456
350 2419
351 2000
352 1541
353 254
354 2417
355 1424
356 789
357 2470
358 1484
359 2729
360 545
361 1721
362 938
363 138
364 1826
365 2689
366 1414
367 1768
368 403
369 2983
370 1734
371 1543
372 213
373 180
374 1796
375 1579
376 831
377 1323
378 510
379 1283
380 706
381 265
382 290
383 1938
384 339
385 757
386 910
387 169
388 2808
389 2974
390 2971
391 2021
392 2241
393 2735
394 808
395 1842
396 1666
397 636
398 153
399 2759
400 1212
401 2171
402 2132
403 957
404 600
405 720
406 1147
407 2968
408 614
409 521
410 461
411 2601
412 1844
413 2265
414 2974
415 607
416 427
417 493
418 984
419 707
420 2564
421 2882
422 2643
423 1326
424 1825
425 377
426 2314
427 766
428 1223
429 2427
430 2870
431 2439
432 2256
433 1267
434 2645
435 37
436 206
437 766
438 2804
439 983
440 2466
441 1257
442 2294
443 2388
444 2564
445 1757
446 1576
447 524
448 378
449 2953
450 1103
451 1887
452 2675
453 1222
454 216
455 1938
456 2190
457 1952
458 1404
459 1002
460 2514
461 940
462 2792
463 2012
464 607
465 989
466 2481
467 167
468 1933
469 758
470 14
471 1802
472 804
473 62
474 525
475 1854
476 2243
477 1191
478 1491
479 2865
480 2558
481 241
482 2231
483 1980
484 276
485 885
486 58
487 2909
488 1684
489 634
490 2969
491 28
492 1197
493 887
494 506
495 780
496 804
497 2172
498 1849
499 635
500 2643
501 1672
502 482
503 729
504 2138
505 937
506 2943
507 930
508 1950
509 89
510 467
511 1893
512 496
513 647
514 240
515 2262
516 253
517 868
518 1982
519 2092
520 1490
521 1161
522 223
523 226
524 845
525 1220
526 820
527 1508
528 2958
529 2909
530 76
531 226
532 147
533 2644
534 2779
535 2886
536 1661
537 950
538 1811
539 2687
540 701
541 2116
542 232
543 2516
544 900
545 1242
546 582
547 2502
548 1885
549 795
550 2729
551 158
552 360
553 2092
554 725
555 43
556 230
557 965
558 2344
559 474
560 374
561 784
562 55
563 2537
564 781
565 2964
566 464
567 1068
568 2321
569 467
570 2953
571 349
572 775
573 1406
574 2202
575 136
576 1598
577 993
578 442
579 1935
580 2066
581 631
582 2153
583 694
584 2002
585 1801
586 1109
587 2523
588 1416
589 425
590 2518
591 2163
592 2165
593 2354
594 2715
595 2243
596 2693
597 917
598 1604
599 116
600 2521
601 1436
602 500
603 2421
604 1138
605 2835
606 1716
607 2833
608 1841
609 2233
610 1389
611 40
612 582
613 1579
614 2194
615 2741
616 411
617 2387
618 53
619 181
620 1056
621 267
622 1783
623 2413
624 143
625 1777
626 2200
627 594
628 1889
629 1229
630 30
631 1710
632 2297
633 1607
634 688
635 2214
636 606
637 1183
638 2383
639 1793
640 898
641 1997
642 757
643 16
644 754
645 2952
646 548
647 567
648 963
649 2726
650 724
651 744
652 2431
653 66
654 1782
655 2623
656 657
657 2222
658 2840
659 1586
660 1872
661 2632
662 2191
663 2076
664 637
665 1984
666 63
667 2614
668 2973
669 1509
670 638
671 2406
672 2536
673 966
674 2520
675 881
676 1715
677 304
678 780
679 2831
680 2234
681 2288
682 1651
683 295
684 909
685 2671
686 29
687 2930
688 2798
689 1269
690 1376
691 714
692 120
693 2898
694 805
695 2230
696 2342
697 949
698 2910
699 2309
700 284
701 2279
702 1400
703 2340
704 2804
705 1651
706 31
707 911
708 333
709 671
710 1773
711 1696
712 192
713 1813
714 1787
715 1471
716 1794
717 625
718 1091
719 2509
720 481
721 1241
722 847
723 2020
724 2374
725 2851
726 1563
727 78
728 2510
729 715
730 1424
731 1798
732 2947
733 1769
734 2109
735 1500
736 2988
737 2559
738 9
739 638
740 2346
741 843
742 466
743 1890
744 2334
745 57
746 595
747 2910
748 2275
749 422
750 2382
751 2446
752 1770
753 2606
754 1569
755 2822
756 2916
757 1409
758 1002
759 2611
760 1210
761 1019
762 1165
763 1683
764 1284
765 2618
766 2765
767 1980
768 689
769 1990
770 595
771 1232
772 2269
773 2626
774 1799
775 1581
776 1584
777 1097
778 1696
779 1340
780 1885
781 1370
782 1753
783 1723
784 2249
785 2040
786 2599
787 2060
788 2969
789 1819
790 172
791 1891
792 1503
793 18
794 1847
795 629
796 2776
797 1544
798 1844
799 1572
800 717
801 2864
802 46
803 1352
804 2185
805 238
806 1038
807 384
808 143
809 2902
810 2621
811 1292
812 2579
813 2836
814 758
815 1792
816 308
817 1159
818 403
819 358
820 2545
821 577
822 1856
823 1077
824 2630
825 2287
826 1264
827 2511
828 2232
829 1226
830 1476
831 2218
832 2953
833 1179
834 2599
835 1921
836 1068
837 198
838 2506
839 491
840 1451
841 50
842 1433
843 1850
844 55
845 2388
846 437
847 2169
848 806
849 2191
850 2141
851 1025
852 1810
853 1253
854 2269
855 2207
856 1746
857 1011
858 1551
859 2152
860 257
861 1006
862 799
863 1190
864 904
865 342
866 2112
867 1409
868 1253
869 1189
870 662
871 1214
872 1624
873 976
874 67
875 216
876 1509
877 764
878 882
879 1044
880 222

