450 32
0 1232
1 1342
2 660
3 1712
4 855
5 1675
6 1910
7 1874
8 586
9 2347
10 2360
11 1437
12 2050
13 9
14 1260
15 641
16 539
17 1066
18 2897
19 601
20 172
21 2963
22 1011
23 1051
24 2749
25 1818
26 2396
27 1366
28 2879
29 1771
30 2633
31 1937
32 233
33 559
34 2834
35 253
36 2386
37 2466
38 1800
39 474
40 2943
41 1471
42 1592
43 1512
44 1001
45 807
46 2210
47 403
48 2021
49 171
50 1730
51 2958
52 2728
53 1891
54 883
55 1365
56 2498
57 2484
58 2485
59 225
60 692
61 1429
62 2042
63 1108
64 554
65 787
66 2047
67 566
68 1877
69 697
70 1744
71 1280
72 1915
73 2250
74 1525
75 1629
76 1630
77 2273
78 2786
79 2899
80 2255
81 482
82 2246
83 1708
84 862
85 931
86 467
87 623
88 181
89 1533
90 1537
91 1950
92 2219
93 2248
94 895
95 2376
96 1556
97 1324
98 2381
99 1110
100 2595
101 1161
102 2725
103 1744
104 2068
105 2452
106 811
107 2048
108 2602
109 1914
110 664
111 2439
112 477
113 2509
114 49
115 748
116 1164
117 755
118 1136
119 636
120 1820
121 1811
122 776
123 2486
124 433
125 1879
126 2066
127 1440
128 719
129 2089
130 2925
131 2073
132 2669
133 322
134 842
135 1036
136 2012
137 1486
138 731
139 2454
140 768
141 601
142 944
143 2412
144 1760
145 1486
146 1542
147 2174
148 518
149 1568
150 282
151 14
152 1808
153 1626
154 1284
155 391
156 2220
157 1775
158 2682
159 1676
160 765
161 97
162 1780
163 1770
164 139
165 209
166 2744
167 2309
168 504
169 2266
170 1762
171 2557
172 199
173 1464
174 2483
175 172
176 1258
177 2179
178 1941
179 823
180 620
181 2933
182 2506
183 166
184 2758
185 1065
186 1090
187 1836
188 2470
189 2656
190 1419
191 1687
192 401
193 2168
194 1353
195 1957
196 614
197 1338
198 2895
199 973
200 712
201 727
202 1515
203 514
204 2038
205 1687
206 2757
207 2160
208 266
209 2963
210 1391
211 2186
212 780
213 2155
214 1705
215 1188
216 2679
217 2713
218 1974
219 1820
220 296
221 807
222 1258
223 2712
224 2049
225 189
226 2852
227 316
228 2357
229 1993
230 634
231 356
232 869
233 367
234 2208
235 2476
236 538
237 492
238 1359
239 1598
240 1959
241 1614
242 688
243 113
244 1094
245 1561
246 1068
247 274
248 263
249 2073
250 759
251 198
252 1074
253 2770
254 2729
255 1109
256 2485
257 538
258 2662
259 509
260 2573
261 1353
262 488
263 2446
264 1670
265 1677
266 183
267 1511
268 2185
269 2536
270 1150
271 2639
272 917
273 1998
274 1458
275 2501
276 1665
277 754
278 1702
279 1188
280 1375
281 2964
282 2613
283 1509
284 73
285 2177
286 2821
287 1021
288 2114
289 654
290 1086
291 682
292 163
293 538
294 1918
295 149
296 2003
297 1559
298 540
299 2032
300 2482
301 435
302 634
303 2464
304 974
305 1287
306 190
307 1765
308 2979
309 2879
310 243
311 1628
312 701
313 2891
314 683
315 1476
316 2831
317 1299
318 1853
319 531
320 1657
321 1380
322 2312
323 1359
324 968
325 1876
326 419
327 1475
328 184
329 1304
330 528
331 641
332 2017
333 394
334 2753
335 2253
336 2107
337 2508
338 1558
339 2064
340 977
341 2493
342 2618
343 244
344 2208
345 1744
346 415
347 1915
348 218
349 1809
350 1032
351 2517
352 2697
353 87
354 960
355 2522
356 265
357 1799
358 2950
359 2220
360 253
361 554
362 2410
363 1673
364 1080
365 737
366 1487
367 1327
368 457
369 1784
370 1041
371 2457
372 491
373 567
374 2239
375 1835
376 2047
377 629
378 1883
379 2886
380 2344
381 1004
382 1952
383 2979
384 2871
385 1465
386 2742
387 35
388 16
389 1943
390 1579
391 134
392 2473
393 2092
394 1342
395 2382
396 1734
397 1143
398 1119
399 2885
400 1953
401 2366
402 2843
403 74
404 2730
405 941
406 1375
407 2588
408 2263
409 1434
410 2834
411 157
412 1757
413 2506
414 495
415 2964
416 1812
417 1671
418 191
419 712
420 270
421 306
422 1511
423 536
424 482
425 2158
426 2770
427 2615
428 2118
429 2072
430 682
431 1550
432 2471
433 2239
434 1577
435 1119
436 1444
437 2152
438 306
439 88
440 2472
441 1819
442 972
443 517
444 457
445 2645
446 2599
447 1387
448 1972
449 151

