853 72
0 1375
1 2823
2 2425
3 514
4 756
5 966
6 1859
7 563
8 1859
9 2746
10 2409
11 1530
12 2688
13 1373
14 2609
15 2818
16 2420
17 1174
18 1242
19 1645
20 258
21 1093
22 1673
23 112
24 2486
25 2189
26 1181
27 1565
28 1045
29 306
30 2036
31 906
32 1911
33 424
34 2495
35 2664
36 1794
37 2452
38 1525
39 1394
40 1685
41 992
42 967
43 1360
44 2990
45 2477
46 177
47 1327
48 283
49 1460
50 277
51 1843
52 2398
53 1382
54 2755
55 2662
56 2597
57 2927
58 504
59 2520
60 2286
61 2751
62 418
63 2585
64 28
65 659
66 7
67 2114
68 2098
69 481
70 1020
71 2551
72 1483
73 2558
74 1572
75 38
76 2910
77 1620
78 2957
79 992
80 2778
81 502
82 2010
83 330
84 91
85 1315
86 404
87 1078
88 193
89 1359
90 2791
91 2277
92 499
93 1680
94 1118
95 2933
96 707
97 1908
98 2129
99 1845
100 191
101 1226
102 372
103 1331
104 1466
105 536
106 497
107 999
108 977
109 2144
110 2930
111 2186
112 529
113 140
114 17
115 387
116 198
117 1015
118 2147
119 2583
120 2276
121 1104
122 1281
123 1697
124 809
125 937
126 2825
127 1577
128 2671
129 826
130 1369
131 821
132 1180
133 2012
134 2191
135 2284
136 2785
137 146
138 2794
139 2272
140 2111
141 217
142 787
143 2232
144 20
145 2673
146 78
147 722
148 1366
149 653
150 637
151 1769
152 2237
153 889
154 2353
155 314
156 1419
157 1074
158 2244
159 1299
160 959
161 1280
162 1423
163 235
164 2767
165 1781
166 1859
167 2960
168 402
169 1502
170 190
171 2308
172 1408
173 2048
174 1616
175 2914
176 2276
177 981
178 1042
179 2068
180 2311
181 1114
182 470
183 1856
184 771
185 2672
186 1113
187 1820
188 1567
189 614
190 2539
191 815
192 1716
193 1418
194 938
195 1418
196 2687
197 2076
198 1145
199 1937
200 1277
201 1291
202 64
203 2276
204 2240
205 2715
206 1652
207 913
208 2649
209 682
210 463
211 1201
212 1731
213 1718
214 2897
215 1833
216 1392
217 684
218 2484
219 2271
220 1768
221 2763
222 136
223 2617
224 2124
225 1245
226 198
227 281
228 584
229 2845
230 1790
231 2272
232 1490
233 2510
234 1134
235 515
236 629
237 1510
238 2916
239 474
240 1128
241 960
242 1630
243 237
244 921
245 2823
246 2344
247 1889
248 1379
249 2634
250 1296
251 669
252 1946
253 250
254 2004
255 1429
256 1172
257 1771
258 1026
259 163
260 2336
261 283
262 1289
263 1315
264 2353
265 2072
266 2669
267 2010
268 1432
269 1313
270 2919
271 2660
272 2010
273 1328
274 2850
275 913
276 2135
277 59
278 2855
279 2385
280 450
281 2959
282 603
283 796
284 2157
285 2437
286 364
287 435
288 1473
289 2413
290 887
291 2488
292 1049
293 2042
294 2802
295 74
296 1184
297 483
298 127
299 547
300 1080
301 2382
302 2473
303 495
304 347
305 1243
306 977
307 2415
308 2605
309 2211
310 830
311 2903
312 2655
313 2402
314 2714
315 2194
316 2273
317 255
318 2416
319 2953
320 1978
321 328
322 46
323 2226
324 157
325 786
326 1907
327 1695
328 2718
329 2887
330 2779
331 2959
332 1748
333 317
334 2465
335 941
336 1222
337 391
338 1094
339 1335
340 1613
341 344
342 2117
343 1325
344 578
345 574
346 784
347 173
348 1470
349 1209
350 952
351 2495
352 412
353 2461
354 1716
355 248
356 931
357 483
358 518
359 1122
360 2527
361 983
362 1435
363 2211
364 2743
365 484
366 535
367 1021
368 1222
369 1050
370 1563
371 567
372 1280
373 182
374 2362
375 2018
376 2454
377 1829
378 1022
379 187
380 2752
381 1427
382 671
383 1070
384 1989
385 508
386 2576
387 770
388 166
389 2975
390 2541
391 2013
392 1748
393 431
394 2983
395 1894
396 2624
397 62
398 2799
399 622
400 1119
401 2547
402 1689
403 1260
404 311
405 2641
406 1733
407 2560
408 334
409 780
410 855
411 2108
412 2943
413 40
414 1868
415 1366
416 2010
417 1991
418 1167
419 1707
420 1438
421 1046
422 1537
423 2181
424 1792
425 1670
426 2837
427 2050
428 1852
429 1418
430 2750
431 2476
432 303
433 1130
434 594
435 2921
436 1870
437 2329
438 709
439 2611
440 301
441 2453
442 112
443 1201
444 904
445 1430
446 532
447 632
448 2273
449 216
450 2046
451 2418
452 672
453 707
454 2681
455 2015
456 2149
457 1662
458 1723
459 2807
460 401
461 1443
462 1393
463 523
464 1625
465 1976
466 821
467 196
468 1086
469 2885
470 1867
471 82
472 2986
473 948
474 2253
475 553
476 2216
477 995
478 1139
479 2764
480 2372
481 1083
482 1980
483 486
484 2086
485 908
486 1402
487 1811
488 1331
489 1044
490 157
491 1426
492 391
493 252
494 1149
495 2061
496 2527
497 93
498 2193
499 1236
500 2510
501 889
502 1027
503 1376
504 1361
505 2679
506 2015
507 370
508 2866
509 240
510 2710
511 603
512 1955
513 237
514 37
515 1998
516 910
517 933
518 1447
519 2918
520 2898
521 77
522 1901
523 1254
524 137
525 2922
526 871
527 1033
528 761
529 1098
530 1953
531 2829
532 2252
533 2098
534 1715
535 428
536 313
537 841
538 2410
539 2206
540 2866
541 1125
542 2414
543 1351
544 453
545 1237
546 2318
547 109
548 1239
549 1596
550 2518
551 2657
552 2405
553 1160
554 1324
555 1
556 635
557 374
558 525
559 1590
560 1900
561 982
562 391
563 2658
564 1726
565 1846
566 1963
567 943
568 1935
569 2109
570 1420
571 585
572 1979
573 984
574 1694
575 2750
576 2868
577 2967
578 423
579 1855
580 2000
581 673
582 2745
583 889
584 2177
585 2401
586 2461
587 2625
588 1941
589 2846
590 383
591 1479
592 846
593 253
594 916
595 1921
596 2403
597 271
598 1740
599 2474
600 2143
601 2952
602 2680
603 2260
604 5
605 605
606 536
607 656
608 557
609 2500
610 1332
611 431
612 2600
613 1500
614 2340
615 302
616 1766
617 1725
618 313
619 2107
620 2722
621 2141
622 519
623 2693
624 2669
625 231
626 1479
627 1226
628 1138
629 310
630 1839
631 1631
632 738
633 1037
634 1159
635 1556
636 2812
637 1940
638 1561
639 1727
640 1635
641 1358
642 321
643 1221
644 2773
645 2267
646 1145
647 936
648 1839
649 173
650 416
651 2078
652 430
653 677
654 2196
655 775
656 2215
657 2590
658 81
659 791
660 180
661 2944
662 1622
663 2296
664 1660
665 963
666 993
667 71
668 462
669 1732
670 2535
671 1240
672 2068
673 2477
674 2810
675 2884
676 319
677 1356
678 1802
679 287
680 1915
681 1785
682 2555
683 1113
684 1984
685 2964
686 1246
687 153
688 2628
689 2516
690 2508
691 891
692 2851
693 1449
694 132
695 1072
696 2740
697 923
698 1576
699 762
700 506
701 1654
702 2880
703 2865
704 600
705 1277
706 2962
707 2524
708 2537
709 2122
710 2933
711 1261
712 1674
713 82
714 1856
715 2639
716 2585
717 2134
718 1882
719 2056
720 983
721 1729
722 371
723 1727
724 1462
725 1030
726 418
727 2790
728 2445
729 1127
730 1358
731 2736
732 1774
733 608
734 1474
735 2895
736 130
737 1071
738 1348
739 65
740 2790
741 1892
742 2872
743 1257
744 1121
745 1816
746 297
747 4
748 1989
749 402
750 1803
751 1442
752 1309
753 2252
754 1168
755 636
756 849
757 2788
758 158
759 392
760 1706
761 819
762 652
763 1535
764 586
765 487
766 308
767 2280
768 85
769 1114
770 508
771 2451
772 451
773 2122
774 2230
775 2442
776 1293
777 2943
778 258
779 2475
780 277
781 943
782 255
783 1965
784 1627
785 309
786 2985
787 495
788 2204
789 1637
790 423
791 2222
792 2193
793 993
794 1549
795 254
796 1331
797 2979
798 227
799 963
800 2656
801 278
802 2017
803 364
804 1886
805 445
806 1272
807 2800
808 2781
809 1833
810 1070
811 74
812 2391
813 582
814 2561
815 1511
816 1087
817 2481
818 2983
819 1162
820 2888
821 2027
822 1111
823 2209
824 982
825 1480
826 2979
827 1877
828 1644
829 483
830 1472
831 1411
832 893
833 2370
834 2716
835 2216
836 1769
837 2428
838 2331
839 2813
840 648
841 2987
842 2694
843 358
844 1850
845 445
846 1583
847 1443
848 2301
849 1222
850 2314
851 1691
852 2828

