867 14
0 2736
1 2929
2 2679
3 2928
4 1748
5 1607
6 2651
7 2912
8 854
9 1872
10 84
11 750
12 2554
13 237
14 2210
15 54
16 2981
17 1742
18 2012
19 2191
20 962
21 2408
22 476
23 2181
24 2647
25 921
26 2159
27 1521
28 1741
29 1948
30 1256
31 1080
32 2946
33 2994
34 2663
35 2308
36 681
37 1061
38 1854
39 203
40 915
41 2770
42 1016
43 901
44 1622
45 2827
46 2413
47 1776
48 217
49 486
50 1999
51 1249
52 1581
53 2477
54 1635
55 2122
56 652
57 1455
58 2870
59 1351
60 2053
61 573
62 2894
63 275
64 396
65 2830
66 931
67 813
68 1578
69 2662
70 1448
71 2860
72 1058
73 518
74 1581
75 1134
76 332
77 1639
78 2569
79 1749
80 1724
81 186
82 2309
83 1057
84 1006
85 1932
86 2165
87 2877
88 2691
89 1811
90 2628
91 1826
92 2151
93 2787
94 1174
95 1189
96 2432
97 1594
98 2566
99 986
100 663
101 2620
102 2418
103 1765
104 627
105 686
106 2991
107 2880
108 1676
109 2823
110 2904
111 1439
112 1515
113 2718
114 2023
115 216
116 430
117 122
118 1747
119 2816
120 1179
121 73
122 1676
123 1141
124 1897
125 841
126 31
127 2163
128 967
129 1924
130 1997
131 288
132 2181
133 299
134 2611
135 1503
136 1429
137 2940
138 2088
139 349
140 2510
141 1435
142 685
143 31
144 1785
145 1381
146 1059
147 317
148 2408
149 1165
150 1927
151 2028
152 2723
153 2661
154 2939
155 1658
156 1603
157 1114
158 66
159 1148
160 2339
161 63
162 2101
163 686
164 1129
165 1065
166 1198
167 690
168 2089
169 2768
170 1795
171 639
172 1047
173 2166
174 2270
175 447
176 2465
177 1832
178 2820
179 1452
180 1684
181 174
182 2188
183 1585
184 1266
185 2227
186 2027
187 419
188 2608
189 2062
190 2723
191 1388
192 853
193 1298
194 1192
195 2927
196 2878
197 2312
198 462
199 163
200 1908
201 829
202 227
203 2676
204 2726
205 1315
206 2842
207 2929
208 345
209 1578
210 2153
211 1261
212 2955
213 2503
214 1344
215 1418
216 1347
217 303
218 1955
219 2115
220 2418
221 1188
222 133
223 207
224 1542
225 1462
226 1557
227 19
228 2227
229 180
230 2503
231 1903
232 1351
233 700
234 15
235 449
236 834
237 654
238 1428
239 754
240 680
241 1662
242 146
243 433
244 2566
245 1037
246 49
247 2880
248 1203
249 1779
250 324
251 618
252 2541
253 1398
254 542
255 1589
256 2468
257 2286
258 2614
259 2358
260 1023
261 1196
262 348
263 2923
264 81
265 2895
266 1451
267 2192
268 2279
269 2464
270 683
271 1389
272 720
273 865
274 467
275 1033
276 184
277 747
278 2854
279 1387
280 1735
281 2061
282 806
283 1531
284 2462
285 2256
286 1579
287 136
288 34
289 976
290 2919
291 230
292 1724
293 1634
294 779
295 2336
296 586
297 2549
298 223
299 1356
300 2223
301 717
302 851
303 2860
304 2714
305 765
306 22
307 1086
308 560
309 169
310 1155
311 2434
312 610
313 1815
314 2699
315 1148
316 1580
317 2238
318 2350
319 1224
320 1806
321 889
322 1112
323 7
324 1533
325 954
326 252
327 760
328 2219
329 565
330 926
331 310
332 2980
333 2872
334 521
335 440
336 2171
337 234
338 43
339 1026
340 298
341 1352
342 2947
343 869
344 1184
345 1128
346 2037
347 1736
348 672
349 2072
350 857
351 1146
352 1173
353 1166
354 1052
355 1079
356 1737
357 532
358 2400
359 2853
360 1491
361 2202
362 899
363 1549
364 2303
365 1035
366 1226
367 2946
368 1082
369 1537
370 579
371 1811
372 1810
373 922
374 3
375 2733
376 739
377 2998
378 542
379 392
380 1332
381 2001
382 1281
383 1104
384 96
385 1386
386 1612
387 2705
388 981
389 1985
390 2707
391 546
392 1560
393 2702
394 1990
395 2500
396 823
397 147
398 2699
399 1298
400 2399
401 979
402 1051
403 1285
404 566
405 336
406 848
407 1792
408 168
409 1601
410 430
411 824
412 2983
413 1133
414 454
415 1468
416 1766
417 885
418 1388
419 2596
420 2503
421 526
422 2856
423 85
424 408
425 722
426 412
427 2565
428 2459
429 342
430 1303
431 1096
432 2030
433 1152
434 723
435 2278
436 128
437 2034
438 1108
439 1271
440 55
441 271
442 2860
443 260
444 405
445 2932
446 901
447 2110
448 1698
449 1698
450 654
451 535
452 2095
453 1735
454 2688
455 31
456 466
457 327
458 770
459 1608
460 2750
461 1409
462 839
463 1594
464 1675
465 801
466 1625
467 2245
468 446
469 2998
470 314
471 501
472 774
473 1807
474 744
475 2480
476 865
477 2321
478 2813
479 589
480 2344
481 1036
482 38
483 2037
484 1256
485 173
486 1021
487 290
488 477
489 2216
490 1062
491 2901
492 1753
493 1133
494 2600
495 527
496 2148
497 1880
498 1905
499 468
500 450
501 4
502 1093
503 1643
504 1422
505 2031
506 2279
507 1427
508 1102
509 2404
510 2924
511 221
512 2173
513 1751
514 1881
515 1597
516 1065
517 2192
518 516
519 1632
520 53
521 994
522 53
523 194
524 1931
525 433
526 2365
527 564
528 1131
529 435
530 2155
531 1135
532 1258
533 709
534 2653
535 1476
536 579
537 1945
538 1966
539 225
540 1395
541 2335
542 1098
543 1565
544 149
545 159
546 1557
547 718
548 594
549 909
550 1090
551 1217
552 1772
553 841
554 2553
555 2242
556 412
557 1583
558 1140
559 627
560 438
561 1989
562 1998
563 1032
564 2362
565 1467
566 1829
567 2082
568 2891
569 443
570 2156
571 2370
572 1755
573 2142
574 2890
575 1696
576 1613
577 2676
578 341
579 1218
580 1991
581 1565
582 2854
583 957
584 32
585 848
586 1541
587 491
588 1450
589 2838
590 2278
591 2056
592 1779
593 256
594 1725
595 2298
596 727
597 1773
598 113
599 1916
600 1800
601 1853
602 842
603 1218
604 1956
605 1475
606 743
607 2087
608 2188
609 1393
610 2939
611 2730
612 1649
613 2812
614 1487
615 2779
616 1078
617 809
618 2284
619 2376
620 1564
621 487
622 384
623 2132
624 2395
625 262
626 1621
627 644
628 255
629 711
630 2773
631 2696
632 943
633 1361
634 2838
635 1227
636 1283
637 1284
638 2294
639 1390
640 13
641 1666
642 258
643 2668
644 1548
645 1681
646 1650
647 2206
648 1716
649 2223
650 133
651 1128
652 1066
653 1560
654 1252
655 148
656 1014
657 286
658 423
659 810
660 363
661 191
662 2411
663 1522
664 1981
665 1320
666 1782
667 1514
668 2405
669 4
670 727
671 2437
672 2317
673 2823
674 2763
675 519
676 2443
677 2396
678 2383
679 2173
680 2833
681 2668
682 1578
683 429
684 2151
685 1313
686 1224
687 1101
688 2117
689 1527
690 1988
691 1403
692 1652
693 1930
694 2806
695 1844
696 527
697 2432
698 389
699 346
700 1061
701 1754
702 2581
703 1498
704 1712
705 1054
706 1206
707 1235
708 434
709 359
710 651
711 1217
712 2476
713 1582
714 1035
715 505
716 1172
717 2078
718 2788
719 2805
720 314
721 1679
722 2576
723 714
724 971
725 873
726 2269
727 810
728 1082
729 499
730 841
731 1144
732 2994
733 857
734 181
735 230
736 89
737 705
738 1659
739 642
740 947
741 1057
742 2176
743 605
744 873
745 996
746 1498
747 1137
748 1654
749 505
750 330
751 2468
752 989
753 1976
754 2675
755 314
756 530
757 941
758 2164
759 2590
760 2567
761 297
762 397
763 567
764 1706
765 995
766 2838
767 2725
768 667
769 1173
770 1653
771 896
772 694
773 130
774 1255
775 1269
776 2662
777 2612
778 2294
779 380
780 1946
781 467
782 1867
783 1484
784 2757
785 1464
786 2800
787 563
788 2194
789 348
790 530
791 526
792 2875
793 1542
794 1065
795 1290
796 2476
797 2518
798 512
799 2070
800 1946
801 1667
802 167
803 1818
804 1057
805 918
806 34
807 2862
808 1226
809 913
810 393
811 1056
812 1903
813 2267
814 1433
815 1343
816 1270
817 1967
818 339
819 2505
820 201
821 1600
822 1776
823 2934
824 2480
825 2556
826 2167
827 1440
828 416
829 2110
830 1714
831 2692
832 1726
833 789
834 1335
835 337
836 2046
837 199
838 573
839 2512
840 114
841 2159
842 1317
843 224
844 1072
845 2983
846 2533
847 1566
848 1498
849 879
850 903
851 2874
852 583
853 2074
854 2858
855 2198
856 1737
857 161
858 2645
859 1957
860 561
861 282
862 67
863 2621
864 889
865 1871
866 110

