507 76
0 371
1 1995
2 1074
3 1927
4 1495
5 4
6 2127
7 198
8 2480
9 999
10 1512
11 1418
12 1101
13 1985
14 1884
15 1854
16 944
17 2336
18 15
19 2129
20 1368
21 2830
22 2842
23 1610
24 2134
25 631
26 1238
27 2967
28 88
29 2013
30 2237
31 659
32 2398
33 620
34 1809
35 1300
36 798
37 2688
38 1940
39 1965
40 1279
41 2738
42 1974
43 2638
44 1157
45 2406
46 1915
47 1916
48 331
49 434
50 1163
51 1706
52 1822
53 2036
54 1191
55 269
56 2679
57 27
58 2951
59 1533
60 2681
61 934
62 1841
63 1866
64 2274
65 352
66 820
67 2040
68 1745
69 1486
70 2470
71 362
72 2414
73 804
74 1576
75 114
76 2811
77 2084
78 2182
79 396
80 85
81 1437
82 1724
83 1155
84 2622
85 1157
86 2227
87 2772
88 1686
89 698
90 606
91 1327
92 2874
93 2726
94 696
95 2143
96 1787
97 801
98 174
99 1616
100 1562
101 1971
102 2571
103 1028
104 2003
105 1344
106 1030
107 1777
108 2322
109 125
110 392
111 1578
112 2774
113 2788
114 1152
115 1980
116 1912
117 2805
118 1296
119 1771
120 2508
121 78
122 2915
123 1243
124 528
125 2894
126 1860
127 1377
128 754
129 1335
130 1080
131 2727
132 1787
133 1561
134 1677
135 1144
136 1020
137 1867
138 1732
139 482
140 1688
141 1357
142 1611
143 2138
144 2679
145 546
146 935
147 2061
148 2608
149 549
150 46
151 462
152 2770
153 1537
154 2330
155 2168
156 1270
157 2655
158 1812
159 43
160 1084
161 730
162 2610
163 927
164 1474
165 333
166 2608
167 322
168 1462
169 723
170 1291
171 269
172 1588
173 756
174 1332
175 515
176 2523
177 246
178 2398
179 24
180 883
181 597
182 1370
183 2827
184 1509
185 869
186 2677
187 2785
188 1609
189 1842
190 15
191 910
192 1534
193 1052
194 2006
195 2646
196 292
197 793
198 912
199 2490
200 1898
201 1228
202 896
203 1246
204 742
205 2282
206 793
207 1560
208 1003
209 2297
210 548
211 1442
212 2799
213 2467
214 1037
215 2261
216 2104
217 2687
218 2598
219 194
220 752
221 470
222 1145
223 693
224 1272
225 550
226 1241
227 1155
228 2551
229 76
230 2409
231 242
232 1338
233 1028
234 1635
235 2995
236 639
237 1403
238 244
239 1337
240 2668
241 1179
242 485
243 105
244 84
245 392
246 1606
247 2959
248 2826
249 1022
250 1936
251 641
252 1904
253 1611
254 2358
255 1871
256 2380
257 591
258 2811
259 1118
260 2580
261 970
262 1769
263 2307
264 1277
265 563
266 2361
267 1178
268 1457
269 2114
270 2974
271 2820
272 1501
273 1715
274 1112
275 1193
276 1748
277 2314
278 1984
279 1590
280 1582
281 279
282 2954
283 2449
284 14
285 390
286 2178
287 1404
288 2126
289 76
290 1003
291 2170
292 1660
293 2828
294 2332
295 2031
296 1361
297 2570
298 1038
299 976
300 2223
301 1760
302 1829
303 2226
304 883
305 891
306 1471
307 1539
308 2686
309 2860
310 1173
311 885
312 2234
313 1069
314 2762
315 1237
316 2309
317 1537
318 446
319 1813
320 1067
321 2841
322 177
323 761
324 2939
325 2717
326 2664
327 2272
328 361
329 1144
330 40
331 98
332 1217
333 2024
334 950
335 1412
336 749
337 2053
338 2096
339 426
340 770
341 1116
342 2036
343 731
344 1102
345 1
346 392
347 662
348 1763
349 1079
350 1198
351 1209
352 88
353 2733
354 1740
355 1993
356 2675
357 2688
358 864
359 1613
360 70
361 1326
362 2725
363 1393
364 212
365 1742
366 2896
367 211
368 2421
369 1984
370 2479
371 2802
372 315
373 541
374 173
375 1141
376 991
377 598
378 1637
379 914
380 1165
381 2774
382 1692
383 1775
384 2734
385 1823
386 2115
387 2418
388 2921
389 151
390 2227
391 1045
392 145
393 2669
394 2685
395 325
396 531
397 240
398 764
399 2947
400 656
401 2874
402 2189
403 1224
404 2382
405 720
406 1047
407 582
408 292
409 497
410 278
411 519
412 558
413 2119
414 861
415 1838
416 1255
417 752
418 1134
419 2308
420 953
421 93
422 353
423 398
424 284
425 1630
426 91
427 225
428 211
429 669
430 2733
431 658
432 2542
433 1494
434 2892
435 1346
436 867
437 358
438 1396
439 542
440 2180
441 2021
442 382
443 1559
444 2828
445 1236
446 1355
447 2089
448 2897
449 1274
450 1335
451 433
452 1385
453 2474
454 2501
455 2653
456 770
457 1145
458 1816
459 1526
460 1130
461 338
462 114
463 2350
464 2897
465 2865
466 1857
467 1937
468 1015
469 437
470 2322
471 2885
472 861
473 1474
474 2030
475 2149
476 2695
477 464
478 2214
479 2057
480 85
481 1115
482 1762
483 147
484 473
485 456
486 1806
487 946
488 411
489 1237
490 2079
491 2769
492 2836
493 1621
494 1600
495 2929
496 807
497 1101
498 2107
499 667
500 789
501 2760
502 1820
503 1822
504 203
505 86
506 847

