846 79
0 2944
1 2251
2 1218
3 2598
4 1100
5 1687
6 70
7 1018
8 153
9 906
10 2400
11 684
12 1462
13 1740
14 295
15 467
16 464
17 1952
18 1159
19 493
20 1241
21 2618
22 1207
23 2342
24 1449
25 1871
26 1773
27 1999
28 130
29 193
30 1094
31 661
32 2776
33 448
34 1701
35 2221
36 2701
37 1574
38 363
39 627
40 515
41 1857
42 2977
43 307
44 116
45 2498
46 456
47 2288
48 2013
49 2738
50 1236
51 2055
52 1474
53 1789
54 2714
55 2246
56 2703
57 936
58 1452
59 177
60 2554
61 1323
62 392
63 315
64 888
65 2039
66 979
67 2217
68 1189
69 2305
70 1290
71 1709
72 2614
73 740
74 291
75 2105
76 2106
77 734
78 2652
79 538
80 1768
81 2085
82 2844
83 2011
84 1633
85 1856
86 2957
87 1088
88 1426
89 2103
90 2276
91 2439
92 686
93 1245
94 1867
95 2986
96 1259
97 2720
98 1053
99 1437
100 981
101 1281
102 249
103 290
104 1531
105 1045
106 1451
107 2840
108 1250
109 1651
110 353
111 2267
112 1501
113 1427
114 2183
115 1316
116 913
117 541
118 2246
119 2838
120 1410
121 2040
122 1401
123 2137
124 729
125 133
126 695
127 2087
128 304
129 41
130 2197
131 1216
132 2003
133 2612
134 484
135 440
136 1669
137 2603
138 1233
139 1761
140 2565
141 215
142 2074
143 1226
144 2570
145 2588
146 1106
147 1243
148 948
149 2305
150 2106
151 604
152 1444
153 1183
154 1619
155 1579
156 532
157 2371
158 1713
159 2047
160 2066
161 2789
162 1787
163 1645
164 644
165 30
166 316
167 2667
168 527
169 1626
170 2081
171 1651
172 261
173 1510
174 1918
175 2564
176 2880
177 486
178 1749
179 2620
180 1599
181 1336
182 1617
183 1488
184 1351
185 1086
186 1926
187 2424
188 2651
189 447
190 213
191 1730
192 2219
193 1491
194 1138
195 1945
196 2182
197 30
198 661
199 2846
200 2842
201 753
202 780
203 84
204 1455
205 1155
206 976
207 2142
208 1039
209 2300
210 569
211 959
212 2951
213 454
214 2177
215 1584
216 1506
217 1252
218 1206
219 1192
220 522
221 98
222 2431
223 1580
224 2524
225 2372
226 1273
227 150
228 236
229 407
230 757
231 936
232 1184
233 908
234 1098
235 413
236 1401
237 2194
238 1355
239 1741
240 739
241 1095
242 1874
243 2197
244 2769
245 1870
246 319
247 2988
248 363
249 1434
250 2954
251 65
252 838
253 2777
254 359
255 1717
256 209
257 1351
258 1536
259 971
260 1619
261 23
262 485
263 2217
264 1928
265 1834
266 444
267 985
268 1350
269 2351
270 394
271 2219
272 829
273 1641
274 2772
275 1677
276 391
277 1116
278 2861
279 445
280 919
281 2009
282 1384
283 2346
284 114
285 1693
286 1064
287 1529
288 2976
289 2452
290 1106
291 2724
292 2247
293 1507
294 1478
295 1480
296 1298
297 584
298 1024
299 1718
300 176
301 850
302 453
303 1430
304 1331
305 469
306 1419
307 2400
308 1225
309 2965
310 1919
311 2641
312 217
313 1508
314 1983
315 2050
316 1504
317 1264
318 2953
319 2059
320 1654
321 1036
322 1072
323 209
324 456
325 1291
326 1645
327 2577
328 738
329 1245
330 1357
331 916
332 625
333 2615
334 145
335 1307
336 2839
337 2303
338 975
339 239
340 1088
341 2197
342 996
343 858
344 1952
345 1575
346 1455
347 1017
348 798
349 948
350 2
351 1238
352 1170
353 757
354 102
355 1872
356 140
357 993
358 579
359 1874
360 494
361 231
362 61
363 712
364 1093
365 1592
366 338
367 1969
368 2781
369 2522
370 2159
371 1977
372 220
373 2755
374 654
375 1335
376 2674
377 1795
378 684
379 755
380 159
381 2448
382 9
383 2917
384 2758
385 644
386 482
387 2977
388 908
389 1145
390 104
391 1930
392 2463
393 101
394 63
395 2643
396 2434
397 396
398 550
399 2697
400 913
401 2912
402 653
403 1277
404 1065
405 1427
406 2790
407 2008
408 2648
409 2388
410 2197
411 1306
412 825
413 2366
414 1190
415 938
416 1626
417 2068
418 2311
419 2225
420 94
421 2763
422 1169
423 2882
424 416
425 997
426 682
427 1888
428 638
429 578
430 1187
431 1440
432 35
433 2513
434 1096
435 926
436 261
437 525
438 567
439 281
440 366
441 1355
442 2390
443 1897
444 2337
445 477
446 127
447 66
448 1278
449 2309
450 2038
451 2644
452 879
453 710
454 1931
455 2681
456 1069
457 114
458 1482
459 2232
460 1894
461 2128
462 1444
463 1516
464 509
465 667
466 354
467 2147
468 2759
469 39
470 816
471 2894
472 2992
473 39
474 301
475 723
476 158
477 2827
478 632
479 725
480 2849
481 61
482 1843
483 1680
484 2543
485 279
486 401
487 1295
488 1918
489 2104
490 514
491 2511
492 1972
493 314
494 2468
495 48
496 1970
497 2582
498 541
499 336
500 21
501 689
502 651
503 2013
504 1282
505 2382
506 38
507 788
508 496
509 2251
510 2113
511 1
512 2248
513 1508
514 2840
515 2699
516 447
517 573
518 2269
519 1700
520 2684
521 2685
522 2454
523 322
524 138
525 92
526 2920
527 258
528 2936
529 243
530 1297
531 2250
532 1121
533 1011
534 1777
535 2396
536 933
537 1696
538 744
539 2915
540 1889
541 2579
542 1275
543 1670
544 1505
545 823
546 369
547 2076
548 1620
549 1535
550 2002
551 1403
552 1969
553 47
554 2941
555 1081
556 468
557 280
558 1535
559 1807
560 149
561 2753
562 1813
563 2975
564 2843
565 1088
566 937
567 2357
568 599
569 933
570 1100
571 2194
572 2939
573 2276
574 598
575 622
576 2412
577 690
578 1704
579 1658
580 1820
581 1115
582 1052
583 144
584 2436
585 540
586 653
587 929
588 1825
589 2823
590 1772
591 1122
592 629
593 2845
594 2173
595 298
596 2206
597 798
598 2177
599 154
600 902
601 2011
602 2776
603 2852
604 2528
605 1313
606 1881
607 2990
608 1194
609 2962
610 1263
611 2549
612 2253
613 1207
614 178
615 1574
616 2812
617 1651
618 1195
619 2449
620 1293
621 2751
622 172
623 2156
624 2421
625 600
626 1377
627 1278
628 295
629 1865
630 1501
631 1369
632 1234
633 1819
634 70
635 970
636 2961
637 2295
638 2510
639 29
640 2146
641 1638
642 859
643 2623
644 1949
645 1273
646 1878
647 1975
648 562
649 1932
650 1958
651 2377
652 1133
653 1587
654 1134
655 1193
656 61
657 0
658 1213
659 2093
660 2388
661 1780
662 2414
663 2204
664 1432
665 2937
666 1223
667 2337
668 1241
669 318
670 47
671 2069
672 2527
673 1735
674 1129
675 179
676 2814
677 1832
678 1972
679 2040
680 1973
681 1731
682 2557
683 2942
684 2709
685 1579
686 1942
687 1228
688 2585
689 1368
690 874
691 1434
692 2536
693 856
694 1121
695 1141
696 634
697 197
698 1394
699 580
700 2441
701 2188
702 2502
703 2582
704 1722
705 436
706 57
707 2526
708 2063
709 581
710 2592
711 2107
712 2070
713 1707
714 2593
715 832
716 2738
717 2612
718 2656
719 544
720 66
721 886
722 2952
723 632
724 1254
725 1031
726 1102
727 1094
728 58
729 2663
730 2604
731 471
732 304
733 233
734 675
735 2148
736 2443
737 109
738 1650
739 1232
740 2168
741 2306
742 1186
743 2420
744 956
745 2356
746 1693
747 2813
748 1550
749 1803
750 1115
751 987
752 697
753 1491
754 480
755 2790
756 2807
757 1678
758 182
759 2730
760 2100
761 663
762 2184
763 1691
764 434
765 2231
766 384
767 1572
768 2928
769 662
770 2218
771 1497
772 1172
773 657
774 2243
775 2232
776 262
777 2972
778 2358
779 167
780 2589
781 1840
782 1310
783 1898
784 314
785 2405
786 1246
787 2213
788 2579
789 49
790 2959
791 1637
792 1849
793 2116
794 2793
795 1329
796 2857
797 843
798 1045
799 527
800 105
801 2934
802 288
803 2796
804 1220
805 2072
806 2358
807 2284
808 227
809 44
810 2937
811 1468
812 762
813 1615
814 1146
815 2244
816 849
817 1572
818 1212
819 1042
820 1041
821 1062
822 2053
823 2715
824 2312
825 488
826 1752
827 236
828 1404
829 2100
830 889
831 751
832 517
833 2334
834 69
835 468
836 904
837 1585
838 1287
839 2009
840 2634
841 1032
842 1251
843 1293
844 1642
845 1211

