331 85
0 2573
1 2922
2 17
3 2306
4 2955
5 2763
6 990
7 1069
8 690
9 1533
10 1799
11 986
12 315
13 290
14 236
15 1107
16 2853
17 1060
18 2833
19 244
20 2161
21 2848
22 5
23 1408
24 1424
25 1557
26 1305
27 1764
28 103
29 1542
30 655
31 1462
32 1488
33 1330
34 23
35 1924
36 2829
37 822
38 510
39 2507
40 897
41 2652
42 2683
43 519
44 1390
45 487
46 2301
47 1313
48 154
49 2180
50 1669
51 2492
52 1156
53 2151
54 208
55 1655
56 2285
57 872
58 2038
59 132
60 2829
61 75
62 93
63 2429
64 518
65 2086
66 1752
67 1509
68 1941
69 2371
70 416
71 506
72 521
73 2224
74 1296
75 327
76 1540
77 352
78 229
79 258
80 2921
81 2592
82 2705
83 1711
84 1960
85 1333
86 764
87 670
88 2439
89 570
90 1809
91 1820
92 445
93 378
94 1257
95 1041
96 1939
97 574
98 2007
99 194
100 3
101 2797
102 2469
103 824
104 768
105 673
106 2831
107 2422
108 1297
109 1483
110 573
111 1572
112 1888
113 2208
114 503
115 2403
116 1860
117 2430
118 2320
119 1965
120 1256
121 1296
122 1145
123 2856
124 25
125 2248
126 1633
127 2179
128 1529
129 2976
130 1133
131 30
132 1638
133 593
134 1028
135 2062
136 2407
137 1273
138 1372
139 2691
140 1593
141 708
142 1704
143 1226
144 2925
145 2005
146 2908
147 1825
148 417
149 1490
150 2420
151 20
152 398
153 481
154 1738
155 1598
156 1411
157 2448
158 1546
159 1969
160 1093
161 2149
162 1253
163 81
164 751
165 309
166 946
167 1937
168 1315
169 2104
170 1833
171 2626
172 616
173 1940
174 2826
175 1042
176 94
177 969
178 282
179 904
180 1567
181 1720
182 78
183 2992
184 508
185 1338
186 244
187 1148
188 2053
189 1328
190 777
191 2482
192 258
193 2923
194 1548
195 1200
196 1937
197 1416
198 2053
199 710
200 1423
201 1014
202 550
203 874
204 1254
205 2066
206 1854
207 1866
208 760
209 2584
210 567
211 1952
212 2580
213 2292
214 1954
215 54
216 998
217 973
218 2426
219 906
220 2351
221 921
222 823
223 156
224 2285
225 184
226 2972
227 867
228 2003
229 2105
230 2879
231 361
232 2513
233 102
234 738
235 1163
236 2751
237 1861
238 1834
239 6
240 1060
241 2836
242 2029
243 2772
244 328
245 2946
246 1974
247 2333
248 968
249 318
250 2064
251 186
252 1788
253 236
254 333
255 1274
256 820
257 406
258 2843
259 129
260 2264
261 1475
262 1093
263 2296
264 2018
265 2831
266 2405
267 626
268 1285
269 306
270 412
271 825
272 1616
273 2530
274 1985
275 955
276 1103
277 2513
278 948
279 2975
280 1138
281 2032
282 2275
283 2025
284 697
285 1378
286 29
287 391
288 2581
289 2207
290 2805
291 2696
292 2154
293 529
294 748
295 294
296 1577
297 2832
298 132
299 1945
300 616
301 2838
302 1899
303 1770
304 1303
305 2390
306 2223
307 979
308 1328
309 765
310 2702
311 312
312 2219
313 2179
314 417
315 514
316 2666
317 1468
318 326
319 1718
320 1150
321 2703
322 494
323 2491
324 812
325 844
326 659
327 2145
328 944
329 1784
330 1778

