793 40
0 2344
1 2924
2 1151
3 38
4 533
5 1116
6 125
7 301
8 2041
9 2228
10 534
11 1627
12 1271
13 1134
14 701
15 824
16 942
17 2981
18 2549
19 13
20 2487
21 2152
22 2248
23 1284
24 2986
25 1392
26 2713
27 399
28 2598
29 2855
30 920
31 532
32 869
33 148
34 2458
35 1361
36 2126
37 1130
38 594
39 1345
40 2642
41 738
42 503
43 868
44 1830
45 135
46 2695
47 912
48 1776
49 275
50 1072
51 2129
52 11
53 2619
54 2735
55 2143
56 560
57 2407
58 457
59 519
60 72
61 1921
62 1964
63 2859
64 625
65 393
66 32
67 658
68 2996
69 2554
70 2453
71 2922
72 1775
73 2542
74 1587
75 2531
76 1984
77 2024
78 2089
79 1094
80 2096
81 1265
82 797
83 1624
84 1079
85 2691
86 2835
87 921
88 754
89 381
90 71
91 1732
92 1725
93 1154
94 2426
95 2724
96 264
97 1878
98 2244
99 399
100 1035
101 2704
102 826
103 510
104 2721
105 282
106 2128
107 1750
108 944
109 1703
110 2994
111 2786
112 1243
113 2218
114 2713
115 1607
116 867
117 121
118 1978
119 2771
120 970
121 126
122 328
123 1009
124 456
125 1687
126 2371
127 1101
128 1568
129 332
130 1449
131 147
132 2359
133 773
134 672
135 1349
136 2021
137 2784
138 1477
139 2843
140 1472
141 2152
142 2943
143 1214
144 759
145 2532
146 1539
147 2412
148 2727
149 376
150 2705
151 313
152 1808
153 2682
154 2352
155 1297
156 2910
157 2799
158 995
159 242
160 1836
161 703
162 2632
163 902
164 2176
165 2301
166 799
167 936
168 214
169 897
170 56
171 1478
172 1139
173 2076
174 727
175 458
176 2180
177 1122
178 748
179 1371
180 2783
181 634
182 219
183 1275
184 2753
185 2875
186 1376
187 1421
188 592
189 715
190 23
191 2396
192 400
193 412
194 217
195 2185
196 2267
197 1309
198 1617
199 865
200 2878
201 1354
202 1354
203 2186
204 1158
205 1378
206 2589
207 1519
208 2343
209 2916
210 1843
211 1877
212 215
213 1689
214 1407
215 1347
216 1730
217 1842
218 491
219 2701
220 592
221 1773
222 1320
223 1532
224 2486
225 1185
226 1370
227 2290
228 74
229 304
230 2158
231 1266
232 573
233 2701
234 1896
235 2814
236 1063
237 797
238 2134
239 1178
240 44
241 828
242 2352
243 2358
244 2301
245 1530
246 808
247 1195
248 2275
249 197
250 795
251 2617
252 1845
253 2923
254 953
255 812
256 626
257 2842
258 1847
259 1286
260 2473
261 1530
262 1093
263 2741
264 1325
265 2249
266 2942
267 2086
268 494
269 440
270 2115
271 1161
272 604
273 2395
274 2859
275 45
276 1181
277 2837
278 1497
279 404
280 1997
281 2009
282 1278
283 1861
284 1791
285 282
286 443
287 1268
288 15
289 883
290 1627
291 866
292 2651
293 1204
294 1865
295 1814
296 326
297 1583
298 985
299 360
300 2727
301 51
302 1286
303 2741
304 1887
305 1806
306 1527
307 1609
308 2288
309 1520
310 1375
311 823
312 2607
313 1380
314 1932
315 2018
316 1635
317 367
318 2049
319 2476
320 1267
321 2328
322 1168
323 2021
324 451
325 1535
326 2308
327 2876
328 503
329 2463
330 2109
331 1901
332 1809
333 1101
334 2616
335 1320
336 2167
337 528
338 2538
339 1124
340 517
341 1141
342 1891
343 173
344 1171
345 168
346 104
347 894
348 2798
349 2625
350 2869
351 2809
352 2600
353 1079
354 2164
355 2132
356 2249
357 414
358 2789
359 6
360 2389
361 2817
362 1972
363 1170
364 1659
365 2155
366 246
367 170
368 2407
369 1170
370 1021
371 1035
372 1065
373 1756
374 224
375 1130
376 2373
377 2499
378 265
379 1704
380 1971
381 387
382 323
383 2980
384 159
385 2866
386 158
387 1921
388 2904
389 2032
390 830
391 2677
392 1376
393 1043
394 1504
395 1303
396 1220
397 1647
398 2690
399 1711
400 1515
401 2570
402 2397
403 1650
404 2454
405 2932
406 849
407 1162
408 114
409 1825
410 344
411 2939
412 1546
413 1625
414 1284
415 670
416 2705
417 833
418 374
419 2984
420 2018
421 2257
422 401
423 1487
424 2266
425 699
426 1267
427 1516
428 289
429 2971
430 2104
431 1826
432 22
433 2980
434 967
435 1486
436 1780
437 2277
438 2258
439 244
440 1636
441 1346
442 2866
443 1365
444 1534
445 344
446 2360
447 214
448 2622
449 2502
450 32
451 1038
452 1284
453 1869
454 434
455 2931
456 1810
457 360
458 767
459 2490
460 714
461 27
462 2509
463 373
464 1676
465 1284
466 1087
467 2452
468 614
469 2789
470 497
471 2217
472 2251
473 2240
474 2077
475 1039
476 2861
477 2233
478 1972
479 1672
480 791
481 1513
482 1032
483 2956
484 497
485 771
486 2812
487 1663
488 2027
489 1145
490 1228
491 364
492 513
493 1048
494 344
495 1479
496 2131
497 350
498 2257
499 2963
500 1403
501 2728
502 2348
503 1829
504 2038
505 2779
506 2776
507 2545
508 2112
509 1441
510 2500
511 2262
512 715
513 2257
514 2568
515 2076
516 637
517 1138
518 2436
519 661
520 1086
521 1398
522 1253
523 1274
524 1521
525 2913
526 1995
527 1617
528 1927
529 2111
530 2477
531 2150
532 1056
533 675
534 1126
535 2748
536 2580
537 1347
538 2998
539 151
540 2509
541 2500
542 2646
543 1298
544 2014
545 958
546 1637
547 885
548 31
549 158
550 1245
551 1602
552 348
553 2818
554 1940
555 596
556 1444
557 1432
558 841
559 15
560 981
561 440
562 407
563 1463
564 2978
565 321
566 2745
567 2857
568 1820
569 1764
570 436
571 1472
572 1398
573 1898
574 102
575 2738
576 1585
577 2750
578 1390
579 2521
580 0
581 2893
582 611
583 1383
584 1415
585 1960
586 1789
587 991
588 2562
589 1685
590 1996
591 1307
592 2950
593 336
594 1332
595 2340
596 1862
597 428
598 2030
599 1028
600 1157
601 627
602 2433
603 2528
604 221
605 19
606 1071
607 1372
608 2092
609 759
610 1517
611 2303
612 2804
613 163
614 2606
615 691
616 666
617 1002
618 1822
619 2572
620 1328
621 1959
622 604
623 480
624 26
625 2834
626 2527
627 2885
628 2691
629 280
630 2515
631 1266
632 484
633 129
634 1481
635 2181
636 1317
637 2671
638 512
639 1713
640 1316
641 737
642 958
643 1234
644 1863
645 2412
646 2739
647 187
648 1049
649 1160
650 1097
651 405
652 1866
653 2111
654 526
655 2591
656 331
657 2929
658 1093
659 1683
660 1875
661 1200
662 2268
663 2040
664 803
665 2098
666 1908
667 891
668 1927
669 2522
670 1817
671 163
672 2339
673 2843
674 1708
675 175
676 913
677 1813
678 2844
679 2375
680 653
681 959
682 1921
683 1949
684 1453
685 1024
686 695
687 2112
688 1360
689 713
690 1644
691 236
692 2729
693 411
694 320
695 752
696 295
697 1978
698 1077
699 1563
700 194
701 2754
702 729
703 1154
704 1892
705 364
706 465
707 2979
708 295
709 716
710 1508
711 1590
712 505
713 2940
714 321
715 877
716 2753
717 2435
718 680
719 2991
720 412
721 1111
722 1791
723 2716
724 733
725 1976
726 1695
727 2155
728 1603
729 1256
730 1795
731 1300
732 1376
733 226
734 2481
735 862
736 832
737 380
738 2422
739 2097
740 677
741 2590
742 867
743 2088
744 316
745 848
746 2399
747 970
748 2480
749 1704
750 1930
751 1938
752 851
753 2005
754 1867
755 1399
756 1040
757 1762
758 1384
759 217
760 99
761 1784
762 2241
763 853
764 2489
765 2388
766 2163
767 1560
768 916
769 32
770 561
771 697
772 1725
773 1341
774 1355
775 2514
776 405
777 481
778 650
779 112
780 2766
781 827
782 132
783 749
784 1847
785 587
786 1510
787 694
788 500
789 527
790 2607
791 350
792 1867

