370 55
0 2283
1 2163
2 407
3 1973
4 937
5 1637
6 1391
7 2267
8 974
9 758
10 2332
11 2337
12 1806
13 379
14 390
15 2425
16 1970
17 1225
18 65
19 2403
20 492
21 934
22 488
23 1785
24 2631
25 472
26 1160
27 1241
28 2743
29 2495
30 292
31 867
32 1642
33 1956
34 900
35 502
36 39
37 1107
38 1813
39 1172
40 2848
41 382
42 2278
43 2263
44 2053
45 2175
46 1878
47 2520
48 2889
49 1732
50 1354
51 941
52 521
53 380
54 1705
55 666
56 1800
57 2696
58 2774
59 278
60 1470
61 965
62 2317
63 1364
64 1413
65 652
66 485
67 408
68 2722
69 2828
70 2977
71 2113
72 782
73 2649
74 2557
75 2981
76 1609
77 1988
78 1532
79 879
80 2574
81 1352
82 1238
83 230
84 248
85 2954
86 323
87 2725
88 2071
89 2327
90 2021
91 52
92 2765
93 1357
94 478
95 2340
96 304
97 1232
98 1980
99 642
100 2086
101 1865
102 1249
103 1984
104 1053
105 1906
106 2685
107 768
108 1221
109 1772
110 581
111 227
112 2443
113 1390
114 2869
115 935
116 1759
117 2911
118 980
119 157
120 227
121 1734
122 429
123 1171
124 1097
125 714
126 113
127 1176
128 183
129 2021
130 1770
131 2270
132 2290
133 518
134 2058
135 1860
136 703
137 549
138 2013
139 1074
140 1320
141 1395
142 925
143 2769
144 1880
145 2897
146 930
147 1918
148 2120
149 1356
150 669
151 711
152 950
153 1278
154 584
155 250
156 1344
157 147
158 207
159 1425
160 761
161 1907
162 1122
163 1993
164 949
165 2956
166 285
167 1892
168 1525
169 2567
170 262
171 2252
172 110
173 29
174 2880
175 2851
176 2136
177 2434
178 843
179 1907
180 404
181 200
182 1681
183 1318
184 1288
185 2812
186 2014
187 1381
188 157
189 514
190 235
191 1425
192 1838
193 1916
194 1018
195 1338
196 1195
197 831
198 2628
199 988
200 512
201 730
202 2286
203 2338
204 558
205 180
206 2122
207 1555
208 171
209 2187
210 1308
211 2548
212 220
213 710
214 1298
215 1354
216 359
217 2505
218 2940
219 1763
220 1415
221 275
222 760
223 802
224 1564
225 722
226 2462
227 779
228 1822
229 1889
230 2778
231 2796
232 1997
233 1991
234 1522
235 2510
236 2514
237 1367
238 2216
239 2058
240 2296
241 2883
242 1474
243 48
244 2513
245 1890
246 941
247 2824
248 1179
249 2231
250 505
251 2970
252 1371
253 1941
254 2552
255 1989
256 2556
257 362
258 2871
259 343
260 867
261 834
262 1970
263 1740
264 779
265 2895
266 2070
267 314
268 425
269 1758
270 707
271 248
272 225
273 1051
274 797
275 987
276 1453
277 1635
278 333
279 1575
280 2383
281 2696
282 907
283 2642
284 2394
285 1808
286 502
287 2316
288 1504
289 1837
290 772
291 1907
292 1806
293 2414
294 331
295 1775
296 357
297 1533
298 1829
299 302
300 1664
301 2143
302 1254
303 2208
304 1825
305 1201
306 2562
307 1300
308 1595
309 2079
310 2184
311 1775
312 2747
313 1598
314 1191
315 1141
316 1079
317 2366
318 1614
319 2759
320 980
321 2837
322 1702
323 701
324 1405
325 2223
326 1883
327 1934
328 1173
329 346
330 696
331 1025
332 923
333 2195
334 1834
335 2565
336 1685
337 1401
338 622
339 564
340 1833
341 1941
342 179
343 1884
344 934
345 2332
346 1479
347 435
348 2565
349 50
350 397
351 2008
352 164
353 2111
354 1264
355 1669
356 2033
357 1783
358 512
359 1147
360 888
361 769
362 1196
363 951
364 1715
365 1540
366 2142
367 2262
368 2607
369 2793

