680 0
0 1130
1 182
2 594
3 1310
4 2537
5 2282
6 2602
7 300
8 1941
9 535
10 1657
11 446
12 2732
13 298
14 1899
15 202
16 120
17 2478
18 444
19 2387
20 2135
21 2444
22 137
23 633
24 279
25 2972
26 1628
27 516
28 851
29 987
30 2792
31 1557
32 616
33 466
34 428
35 479
36 1600
37 1607
38 1022
39 1617
40 944
41 1934
42 1699
43 491
44 2152
45 1344
46 2132
47 1372
48 2022
49 1112
50 1042
51 2620
52 2895
53 1917
54 2054
55 2109
56 1675
57 2136
58 2499
59 14
60 2120
61 2167
62 2624
63 2706
64 2057
65 706
66 115
67 2514
68 598
69 1951
70 699
71 989
72 444
73 2046
74 2724
75 2827
76 2380
77 1972
78 983
79 974
80 496
81 82
82 802
83 2479
84 2292
85 2629
86 76
87 210
88 1502
89 730
90 2584
91 1749
92 2213
93 1335
94 1851
95 2013
96 1530
97 963
98 1921
99 237
100 2245
101 871
102 240
103 40
104 719
105 829
106 523
107 1883
108 1564
109 1644
110 2885
111 1302
112 77
113 594
114 1156
115 2200
116 1979
117 878
118 1159
119 2391
120 1940
121 2419
122 2746
123 79
124 2434
125 701
126 664
127 2444
128 802
129 1571
130 2780
131 486
132 2758
133 1775
134 358
135 1169
136 1668
137 2112
138 494
139 724
140 2799
141 2992
142 256
143 465
144 2342
145 2643
146 348
147 1288
148 1568
149 1290
150 754
151 2545
152 1974
153 1788
154 1202
155 2853
156 1605
157 501
158 1983
159 139
160 2481
161 1952
162 1028
163 41
164 63
165 1654
166 1415
167 1109
168 2799
169 59
170 1973
171 2009
172 2331
173 459
174 2146
175 13
176 2788
177 1797
178 2348
179 536
180 2646
181 1774
182 1754
183 2149
184 310
185 1700
186 111
187 2824
188 1990
189 33
190 2619
191 1818
192 641
193 146
194 2464
195 1426
196 1266
197 1920
198 1842
199 2219
200 2232
201 778
202 2205
203 1536
204 2193
205 1225
206 2734
207 1181
208 1471
209 717
210 962
211 2009
212 1611
213 1096
214 587
215 21
216 65
217 1144
218 1081
219 2153
220 1042
221 2780
222 1239
223 2382
224 1324
225 1023
226 130
227 1373
228 1656
229 1599
230 1272
231 2109
232 710
233 2252
234 1257
235 471
236 353
237 2046
238 1228
239 907
240 1303
241 2410
242 1382
243 2717
244 1503
245 1982
246 2787
247 959
248 1388
249 2622
250 1767
251 1780
252 2038
253 1073
254 1450
255 1737
256 1902
257 2384
258 1878
259 1352
260 805
261 897
262 344
263 1205
264 2846
265 1013
266 1483
267 2940
268 1675
269 980
270 956
271 1480
272 2483
273 965
274 1283
275 2482
276 717
277 539
278 1859
279 398
280 137
281 2017
282 2239
283 1740
284 2580
285 991
286 1331
287 2475
288 2984
289 2972
290 288
291 1308
292 1021
293 622
294 2866
295 2503
296 772
297 2147
298 2502
299 371
300 469
301 1498
302 1030
303 1577
304 1095
305 1068
306 2165
307 295
308 2884
309 1361
310 1778
311 600
312 1516
313 1619
314 2652
315 2121
316 2396
317 2927
318 2679
319 2394
320 2231
321 52
322 401
323 666
324 1819
325 1797
326 2432
327 737
328 100
329 2965
330 2970
331 1849
332 1426
333 122
334 1254
335 1819
336 1833
337 1520
338 329
339 2747
340 542
341 736
342 2893
343 812
344 2879
345 2894
346 738
347 1054
348 1000
349 1284
350 4
351 2701
352 1167
353 1211
354 905
355 1211
356 747
357 1257
358 1383
359 1044
360 1278
361 1356
362 188
363 2958
364 2694
365 2215
366 2201
367 2255
368 1321
369 1084
370 371
371 352
372 1523
373 1845
374 1001
375 848
376 1241
377 809
378 1482
379 2242
380 1142
381 425
382 2400
383 1374
384 2863
385 1653
386 1029
387 2148
388 976
389 708
390 2967
391 592
392 1313
393 2239
394 1208
395 938
396 887
397 576
398 2083
399 1074
400 995
401 1459
402 2690
403 126
404 2561
405 1389
406 371
407 1699
408 2653
409 1351
410 2994
411 1759
412 366
413 1706
414 1917
415 281
416 2472
417 206
418 1554
419 1831
420 718
421 2177
422 2757
423 1738
424 2007
425 1369
426 2300
427 780
428 2287
429 2168
430 2093
431 1703
432 2144
433 1272
434 2718
435 1100
436 1813
437 1823
438 1899
439 1777
440 2896
441 1670
442 1962
443 2619
444 656
445 2470
446 1568
447 1887
448 2984
449 2833
450 677
451 1725
452 2114
453 2466
454 981
455 816
456 883
457 2937
458 2390
459 883
460 576
461 2486
462 373
463 1627
464 1099
465 1721
466 1822
467 1081
468 107
469 1529
470 925
471 1312
472 1335
473 2677
474 2443
475 18
476 400
477 87
478 2865
479 378
480 2786
481 1025
482 2362
483 1430
484 1195
485 1470
486 1180
487 1681
488 34
489 682
490 452
491 537
492 481
493 2816
494 2451
495 1257
496 2626
497 862
498 417
499 2365
500 1091
501 493
502 319
503 2864
504 2900
505 2506
506 2239
507 2619
508 691
509 960
510 2008
511 358
512 2760
513 410
514 349
515 2054
516 481
517 250
518 685
519 1509
520 905
521 1878
522 2593
523 1222
524 1639
525 950
526 968
527 510
528 1587
529 137
530 887
531 1638
532 614
533 2042
534 1822
535 2505
536 674
537 571
538 2055
539 2902
540 824
541 2169
542 2270
543 186
544 331
545 2186
546 382
547 1222
548 215
549 988
550 2838
551 2184
552 624
553 2241
554 1489
555 1657
556 2381
557 2226
558 2054
559 832
560 8
561 2989
562 1636
563 2599
564 716
565 2758
566 976
567 69
568 1082
569 824
570 1974
571 2010
572 1658
573 2811
574 1419
575 2612
576 380
577 2091
578 2965
579 2984
580 1385
581 950
582 1823
583 1595
584 2589
585 2343
586 2760
587 501
588 1466
589 1969
590 2240
591 1329
592 1781
593 2527
594 2360
595 202
596 2455
597 2024
598 81
599 1688
600 1675
601 2927
602 1134
603 1660
604 2372
605 974
606 1957
607 755
608 1534
609 2486
610 1079
611 545
612 2676
613 2273
614 725
615 1819
616 2158
617 447
618 1114
619 188
620 1662
621 1686
622 1483
623 1627
624 2518
625 1524
626 2979
627 2792
628 1552
629 60
630 2582
631 2223
632 1487
633 2903
634 2180
635 2272
636 886
637 1824
638 370
639 659
640 2538
641 364
642 1367
643 1506
644 2316
645 426
646 2711
647 1685
648 664
649 2846
650 2021
651 1463
652 2427
653 2768
654 2194
655 2585
656 955
657 2800
658 274
659 1830
660 281
661 1737
662 2568
663 436
664 2193
665 2060
666 150
667 1365
668 2462
669 1349
670 1547
671 749
672 2586
673 583
674 2533
675 1737
676 283
677 620
678 1706
679 839

