440 21
0 1144
1 2625
2 1112
3 1145
4 1362
5 1461
6 506
7 1303
8 581
9 1473
10 75
11 2373
12 1278
13 369
14 747
15 1378
16 1154
17 1635
18 1376
19 2105
20 2308
21 1814
22 585
23 2836
24 1341
25 206
26 1643
27 848
28 485
29 1635
30 2672
31 2198
32 31
33 1815
34 2531
35 1423
36 1719
37 2926
38 2712
39 1243
40 118
41 916
42 509
43 2609
44 2738
45 177
46 418
47 1561
48 2335
49 1525
50 1551
51 661
52 1784
53 971
54 2276
55 1699
56 1062
57 2651
58 570
59 2641
60 701
61 735
62 809
63 880
64 2396
65 2061
66 632
67 986
68 1151
69 995
70 303
71 1193
72 897
73 32
74 1406
75 402
76 146
77 1531
78 664
79 102
80 324
81 2686
82 492
83 1002
84 2853
85 147
86 2821
87 2932
88 272
89 1050
90 1008
91 1079
92 681
93 378
94 2453
95 1183
96 1319
97 1158
98 840
99 2702
100 278
101 277
102 929
103 1279
104 1072
105 83
106 427
107 940
108 2538
109 1622
110 2479
111 1693
112 394
113 2697
114 167
115 1018
116 2065
117 1923
118 2185
119 2319
120 442
121 1283
122 2285
123 2245
124 2698
125 2172
126 490
127 784
128 504
129 1542
130 1196
131 12
132 2883
133 2548
134 2686
135 1395
136 2088
137 247
138 2775
139 2075
140 352
141 2453
142 2607
143 1664
144 1507
145 2766
146 2552
147 2790
148 1013
149 953
150 507
151 1855
152 2497
153 733
154 509
155 2239
156 526
157 412
158 325
159 2125
160 1088
161 2951
162 915
163 2729
164 76
165 1524
166 1995
167 2824
168 1530
169 1409
170 1132
171 1187
172 1063
173 1725
174 1977
175 310
176 675
177 1341
178 1482
179 979
180 285
181 758
182 1218
183 2566
184 1929
185 1984
186 1286
187 1407
188 103
189 904
190 675
191 775
192 390
193 2911
194 2029
195 893
196 1469
197 1616
198 1211
199 1990
200 1803
201 524
202 1380
203 2605
204 4
205 1213
206 2018
207 1648
208 917
209 2166
210 818
211 637
212 898
213 168
214 1240
215 714
216 2804
217 2627
218 2532
219 1135
220 480
221 2447
222 1956
223 1358
224 2517
225 2647
226 0
227 969
228 2075
229 2377
230 1051
231 1708
232 2756
233 2934
234 1178
235 1301
236 2053
237 1032
238 218
239 1709
240 2754
241 752
242 1897
243 22
244 2656
245 784
246 1602
247 2708
248 149
249 2881
250 1738
251 707
252 1645
253 1690
254 1154
255 1430
256 1520
257 2523
258 2547
259 2026
260 1076
261 1063
262 1888
263 2961
264 305
265 2000
266 1767
267 1924
268 1013
269 2536
270 2071
271 2938
272 1822
273 825
274 2493
275 2802
276 351
277 1118
278 311
279 2293
280 2760
281 1606
282 360
283 2159
284 1024
285 1271
286 2148
287 835
288 104
289 1389
290 138
291 2666
292 1906
293 2280
294 2933
295 2178
296 130
297 626
298 2590
299 105
300 2759
301 21
302 2700
303 2542
304 2702
305 2893
306 1238
307 1094
308 187
309 1505
310 1864
311 545
312 1911
313 1163
314 136
315 615
316 2779
317 1961
318 2020
319 2264
320 969
321 45
322 2713
323 2031
324 2877
325 755
326 1196
327 2501
328 1801
329 431
330 2241
331 2075
332 1059
333 122
334 223
335 605
336 2010
337 1967
338 1486
339 864
340 2954
341 2407
342 1670
343 2457
344 1686
345 2165
346 2973
347 2476
348 1419
349 2903
350 2767
351 2474
352 1231
353 2275
354 1522
355 331
356 138
357 2656
358 1111
359 1513
360 185
361 665
362 1462
363 1465
364 198
365 1976
366 1198
367 923
368 2501
369 2209
370 2589
371 425
372 967
373 887
374 881
375 2127
376 795
377 786
378 1666
379 1581
380 2773
381 2473
382 1785
383 2977
384 1472
385 171
386 1105
387 2159
388 124
389 265
390 2478
391 2091
392 2498
393 1973
394 1954
395 2732
396 127
397 2894
398 2604
399 658
400 2824
401 35
402 2023
403 447
404 2825
405 2881
406 818
407 2812
408 2389
409 113
410 2501
411 1234
412 2867
413 921
414 587
415 699
416 2451
417 2897
418 2339
419 1723
420 367
421 1439
422 1761
423 2302
424 1805
425 1901
426 1539
427 2402
428 68
429 2416
430 2485
431 1067
432 907
433 1477
434 2318
435 2391
436 302
437 278
438 432
439 827

