463 13
0 403
1 1992
2 2791
3 2718
4 756
5 2643
6 657
7 963
8 1687
9 372
10 2408
11 1188
12 2952
13 192
14 1975
15 2151
16 2999
17 1814
18 1098
19 2390
20 2802
21 883
22 135
23 2627
24 2932
25 1265
26 689
27 2848
28 124
29 933
30 2686
31 1492
32 888
33 2906
34 837
35 88
36 533
37 1146
38 341
39 2071
40 2763
41 315
42 2518
43 2672
44 156
45 2888
46 1831
47 2403
48 456
49 1697
50 885
51 1846
52 2328
53 243
54 1296
55 923
56 552
57 2317
58 450
59 2018
60 1828
61 35
62 1767
63 2231
64 1899
65 221
66 1154
67 368
68 284
69 2153
70 1181
71 2720
72 387
73 188
74 1000
75 274
76 819
77 1182
78 211
79 2286
80 2479
81 1313
82 2293
83 192
84 1705
85 395
86 289
87 2685
88 2452
89 2554
90 2323
91 2633
92 315
93 112
94 1546
95 1277
96 515
97 1267
98 2384
99 988
100 860
101 2024
102 2015
103 2619
104 2327
105 1416
106 2766
107 2261
108 189
109 781
110 2564
111 1910
112 547
113 1185
114 1745
115 1735
116 1411
117 297
118 2802
119 2220
120 154
121 1407
122 1029
123 2761
124 898
125 457
126 2201
127 827
128 2650
129 1927
130 2604
131 1845
132 260
133 2838
134 1592
135 1025
136 714
137 2466
138 894
139 155
140 1521
141 1799
142 1044
143 2678
144 2878
145 2915
146 932
147 1690
148 2510
149 2557
150 451
151 1698
152 212
153 428
154 289
155 1725
156 1738
157 363
158 978
159 131
160 662
161 2516
162 490
163 660
164 1085
165 1667
166 1064
167 2446
168 203
169 773
170 2508
171 1925
172 2660
173 2345
174 2129
175 222
176 2400
177 1937
178 2920
179 1746
180 2569
181 1259
182 2693
183 847
184 2422
185 1818
186 2744
187 1850
188 529
189 2193
190 234
191 2471
192 1770
193 1083
194 2
195 970
196 102
197 757
198 101
199 2015
200 2346
201 2825
202 2529
203 1722
204 1681
205 25
206 617
207 1704
208 1459
209 2020
210 1493
211 1911
212 2527
213 1939
214 305
215 2612
216 1254
217 1190
218 1082
219 769
220 796
221 2421
222 2342
223 1568
224 2089
225 620
226 570
227 975
228 1606
229 1680
230 159
231 1831
232 2347
233 2358
234 344
235 2168
236 1603
237 1820
238 1617
239 2885
240 879
241 2219
242 2256
243 2796
244 409
245 106
246 936
247 2866
248 165
249 1142
250 67
251 1435
252 238
253 2147
254 2065
255 2886
256 199
257 2369
258 2566
259 1247
260 2979
261 1697
262 2053
263 1745
264 2105
265 206
266 2345
267 2353
268 2838
269 1467
270 906
271 1718
272 742
273 630
274 2777
275 2886
276 2134
277 1113
278 2858
279 651
280 370
281 2231
282 2578
283 1108
284 287
285 1869
286 2615
287 254
288 1958
289 2634
290 1462
291 2235
292 229
293 2869
294 1891
295 945
296 985
297 2451
298 2831
299 180
300 2933
301 1567
302 491
303 2765
304 38
305 2241
306 1040
307 2217
308 1408
309 913
310 1469
311 293
312 2
313 578
314 1940
315 2186
316 760
317 1861
318 1639
319 2483
320 170
321 2601
322 979
323 464
324 2966
325 1683
326 163
327 64
328 2004
329 1669
330 793
331 367
332 1898
333 1520
334 318
335 2203
336 2238
337 2015
338 1148
339 2769
340 2978
341 631
342 3
343 2281
344 1474
345 468
346 2457
347 2978
348 1153
349 2010
350 2078
351 846
352 1443
353 1281
354 987
355 2879
356 2397
357 1972
358 2056
359 836
360 1914
361 1387
362 1065
363 1358
364 411
365 318
366 1182
367 1686
368 30
369 444
370 1627
371 58
372 812
373 2196
374 91
375 2135
376 304
377 2474
378 2215
379 2844
380 2949
381 1395
382 1340
383 1556
384 1935
385 1465
386 310
387 1430
388 2509
389 1075
390 82
391 2470
392 256
393 1852
394 1912
395 366
396 148
397 1030
398 460
399 1266
400 121
401 2813
402 2164
403 1887
404 874
405 2104
406 1940
407 2676
408 744
409 775
410 1941
411 445
412 1965
413 1383
414 622
415 2137
416 1283
417 2869
418 2562
419 1031
420 2895
421 202
422 2163
423 827
424 2341
425 2898
426 2214
427 928
428 441
429 2227
430 8
431 1867
432 2317
433 1757
434 927
435 1616
436 412
437 2386
438 903
439 527
440 1395
441 427
442 2508
443 2262
444 1544
445 11
446 2378
447 2422
448 1751
449 2424
450 2844
451 1243
452 2430
453 1399
454 2010
455 2036
456 92
457 970
458 2100
459 2944
460 2596
461 1860
462 2471

