737 76
0 2149
1 1681
2 1781
3 2016
4 688
5 821
6 896
7 1812
8 2798
9 2829
10 843
11 1050
12 2490
13 1935
14 1581
15 1440
16 33
17 1999
18 2340
19 497
20 1702
21 1336
22 1429
23 2325
24 819
25 1712
26 2563
27 2331
28 2612
29 1942
30 1327
31 457
32 1214
33 953
34 71
35 2394
36 2511
37 1644
38 770
39 2077
40 1122
41 925
42 1823
43 1832
44 1226
45 1257
46 1247
47 752
48 447
49 413
50 1038
51 2139
52 548
53 2342
54 2563
55 355
56 2219
57 1257
58 437
59 622
60 2579
61 2983
62 2501
63 2438
64 782
65 2900
66 1585
67 1929
68 2321
69 1689
70 1529
71 2310
72 284
73 280
74 1761
75 1024
76 1927
77 707
78 652
79 2130
80 2485
81 1509
82 204
83 2943
84 373
85 2033
86 949
87 2033
88 1374
89 2111
90 99
91 377
92 824
93 1235
94 521
95 2889
96 989
97 2410
98 2619
99 2877
100 2806
101 2072
102 2542
103 2457
104 1792
105 1552
106 1159
107 1234
108 1166
109 304
110 194
111 2155
112 1819
113 2340
114 1886
115 240
116 318
117 1796
118 2985
119 2588
120 1462
121 1796
122 684
123 2221
124 2235
125 301
126 1841
127 2939
128 683
129 1967
130 1189
131 1629
132 1734
133 2782
134 701
135 1407
136 1796
137 328
138 1323
139 759
140 316
141 972
142 1466
143 749
144 1337
145 1602
146 75
147 2937
148 2274
149 2168
150 318
151 2202
152 2316
153 1718
154 1374
155 421
156 2888
157 792
158 172
159 2136
160 2678
161 2841
162 1977
163 264
164 248
165 958
166 996
167 36
168 1977
169 1597
170 1815
171 164
172 780
173 1069
174 1024
175 1679
176 1873
177 1224
178 2838
179 2219
180 289
181 2290
182 2708
183 612
184 1620
185 2635
186 1405
187 330
188 1981
189 2466
190 206
191 2836
192 446
193 1246
194 1472
195 691
196 2064
197 2986
198 2480
199 158
200 2990
201 2118
202 2530
203 746
204 1495
205 165
206 1826
207 2915
208 570
209 336
210 1027
211 2376
212 68
213 1473
214 424
215 1133
216 10
217 656
218 726
219 889
220 1088
221 797
222 1644
223 2956
224 181
225 2299
226 1573
227 2857
228 1620
229 972
230 2582
231 2411
232 1233
233 2119
234 864
235 263
236 1810
237 1986
238 485
239 2776
240 1430
241 1663
242 1937
243 1097
244 253
245 1534
246 2237
247 737
248 2799
249 1603
250 1072
251 280
252 2561
253 1285
254 2202
255 1142
256 2129
257 1781
258 1650
259 181
260 629
261 58
262 1045
263 651
264 1013
265 1693
266 1118
267 120
268 634
269 1669
270 615
271 899
272 1958
273 849
274 1507
275 1375
276 1601
277 1218
278 1764
279 2165
280 2153
281 2509
282 859
283 2758
284 1630
285 1138
286 1955
287 1837
288 797
289 2906
290 971
291 2762
292 2312
293 1882
294 1129
295 943
296 1178
297 2291
298 2295
299 2697
300 604
301 1728
302 2773
303 1609
304 848
305 2556
306 1493
307 2076
308 2827
309 2929
310 1475
311 2297
312 2591
313 2161
314 2884
315 1509
316 1885
317 1197
318 2532
319 584
320 2138
321 811
322 1120
323 645
324 264
325 1789
326 440
327 2275
328 1020
329 44
330 2683
331 931
332 1504
333 1319
334 1222
335 1447
336 199
337 1869
338 1281
339 1832
340 2552
341 1521
342 2278
343 2027
344 2669
345 641
346 2155
347 1395
348 1302
349 2224
350 2586
351 1111
352 227
353 1760
354 2368
355 2456
356 12
357 648
358 60
359 2676
360 1315
361 1764
362 2672
363 1332
364 2277
365 2811
366 237
367 2511
368 2944
369 1493
370 1862
371 2376
372 1877
373 999
374 1255
375 2897
376 1616
377 2161
378 299
379 1782
380 2046
381 228
382 1820
383 588
384 1799
385 2540
386 1854
387 2854
388 1834
389 2458
390 488
391 1573
392 1216
393 2718
394 2864
395 246
396 238
397 2187
398 1148
399 2615
400 1250
401 2629
402 1297
403 2347
404 857
405 410
406 508
407 1453
408 389
409 1350
410 350
411 755
412 2647
413 1291
414 2229
415 2494
416 523
417 2553
418 863
419 82
420 2289
421 1576
422 865
423 1475
424 870
425 1430
426 169
427 2139
428 2869
429 1283
430 1638
431 701
432 563
433 2546
434 1521
435 1030
436 1954
437 1712
438 2443
439 2541
440 1248
441 2998
442 1241
443 2693
444 2039
445 1758
446 1893
447 188
448 981
449 2034
450 2186
451 526
452 999
453 2978
454 2993
455 430
456 2779
457 2368
458 1197
459 1252
460 1063
461 2492
462 2688
463 1808
464 450
465 2642
466 1613
467 2236
468 1200
469 2925
470 755
471 2027
472 166
473 260
474 2532
475 1530
476 1475
477 1701
478 1669
479 2151
480 781
481 1163
482 601
483 1444
484 73
485 2299
486 1655
487 1754
488 241
489 929
490 2096
491 2137
492 2797
493 1579
494 1390
495 2347
496 2346
497 351
498 814
499 612
500 550
501 1845
502 677
503 1841
504 294
505 2832
506 1677
507 1473
508 2453
509 1800
510 2420
511 610
512 2916
513 1941
514 2639
515 858
516 2357
517 2782
518 606
519 2952
520 2635
521 1510
522 199
523 793
524 2763
525 457
526 502
527 2912
528 504
529 1988
530 2701
531 43
532 434
533 718
534 2988
535 1820
536 2572
537 2130
538 2017
539 2790
540 2035
541 2972
542 829
543 177
544 874
545 1491
546 194
547 1243
548 558
549 2304
550 143
551 2151
552 462
553 2128
554 1159
555 551
556 849
557 1961
558 590
559 894
560 1411
561 2193
562 1971
563 795
564 1792
565 2870
566 2220
567 953
568 2717
569 2197
570 357
571 2915
572 2131
573 146
574 347
575 2459
576 1158
577 339
578 52
579 1297
580 1819
581 965
582 1529
583 2497
584 1105
585 2316
586 1843
587 1966
588 1760
589 312
590 1108
591 2805
592 756
593 303
594 1150
595 824
596 368
597 1380
598 2734
599 1077
600 1317
601 1279
602 2979
603 2185
604 290
605 548
606 1260
607 1344
608 869
609 212
610 924
611 2689
612 2778
613 19
614 2740
615 2646
616 2089
617 2894
618 561
619 297
620 2422
621 302
622 550
623 1012
624 1514
625 572
626 1949
627 162
628 2585
629 819
630 1815
631 331
632 1643
633 859
634 866
635 1035
636 734
637 828
638 713
639 1806
640 461
641 967
642 983
643 2591
644 1924
645 1679
646 2599
647 358
648 1038
649 423
650 1173
651 2755
652 873
653 1681
654 1278
655 797
656 2426
657 1626
658 1743
659 1610
660 1869
661 1589
662 2137
663 1450
664 1142
665 1544
666 579
667 2197
668 1490
669 1481
670 2434
671 2087
672 1604
673 2300
674 1571
675 80
676 1746
677 2134
678 1775
679 1040
680 685
681 1764
682 467
683 408
684 161
685 464
686 1060
687 2933
688 433
689 2780
690 2538
691 1232
692 2531
693 1618
694 1438
695 457
696 1394
697 1827
698 2797
699 769
700 2889
701 1304
702 1400
703 1114
704 1435
705 2842
706 268
707 1590
708 154
709 2357
710 1014
711 435
712 1969
713 2122
714 695
715 539
716 241
717 2339
718 2937
719 2834
720 522
721 2685
722 349
723 1996
724 2894
725 1479
726 916
727 913
728 2916
729 2101
730 1997
731 1302
732 1259
733 2777
734 1508
735 932
736 782

