437 68
0 1383
1 1993
2 1577
3 1916
4 1552
5 2711
6 1272
7 1029
8 2478
9 2845
10 160
11 266
12 1594
13 2559
14 2685
15 1113
16 950
17 2436
18 1274
19 1388
20 2362
21 1395
22 1940
23 2966
24 424
25 809
26 1561
27 422
28 181
29 719
30 1051
31 1460
32 155
33 2692
34 691
35 1049
36 1103
37 249
38 1953
39 2309
40 265
41 2511
42 430
43 642
44 778
45 2315
46 632
47 157
48 474
49 2905
50 1409
51 2837
52 2463
53 1171
54 79
55 653
56 1566
57 1429
58 2087
59 220
60 200
61 1144
62 2872
63 1358
64 2457
65 1330
66 1474
67 2422
68 835
69 1541
70 1562
71 1127
72 2308
73 1126
74 376
75 1553
76 1670
77 917
78 619
79 1906
80 204
81 575
82 48
83 1680
84 2876
85 1178
86 742
87 2452
88 1707
89 1503
90 2192
91 1468
92 1800
93 2853
94 1087
95 2800
96 1725
97 627
98 1129
99 707
100 229
101 2077
102 1218
103 399
104 2792
105 1763
106 1440
107 1393
108 2017
109 624
110 630
111 2235
112 1338
113 818
114 1755
115 410
116 1747
117 949
118 1909
119 1883
120 682
121 2684
122 908
123 1084
124 2400
125 177
126 1665
127 2049
128 2860
129 1417
130 2683
131 1963
132 648
133 1691
134 1700
135 2538
136 595
137 1864
138 2129
139 1627
140 813
141 54
142 688
143 1253
144 208
145 2810
146 1786
147 754
148 2292
149 2997
150 1677
151 2415
152 1669
153 148
154 1858
155 846
156 122
157 1699
158 388
159 2969
160 1884
161 2745
162 44
163 1995
164 1521
165 2102
166 2260
167 2221
168 1717
169 2417
170 2535
171 1832
172 2978
173 253
174 453
175 1645
176 67
177 2911
178 2030
179 1139
180 1889
181 2950
182 2240
183 2635
184 2907
185 2048
186 976
187 2232
188 3
189 2893
190 1483
191 670
192 2353
193 2797
194 844
195 2950
196 1771
197 1075
198 815
199 615
200 2375
201 2746
202 112
203 2119
204 1843
205 1108
206 536
207 2938
208 2945
209 619
210 1498
211 1736
212 585
213 418
214 2201
215 1483
216 798
217 2783
218 1574
219 569
220 818
221 1486
222 2064
223 2932
224 1575
225 365
226 1862
227 2784
228 2079
229 1481
230 1528
231 1309
232 2047
233 2724
234 2232
235 982
236 35
237 1779
238 1426
239 683
240 699
241 1597
242 82
243 2217
244 2728
245 348
246 1012
247 2863
248 2405
249 2753
250 675
251 95
252 781
253 2015
254 863
255 1288
256 530
257 1630
258 1708
259 1326
260 2896
261 2591
262 430
263 2896
264 2704
265 1399
266 1885
267 1684
268 2635
269 1656
270 387
271 2063
272 2010
273 354
274 1659
275 468
276 984
277 2891
278 569
279 2439
280 1710
281 2609
282 804
283 695
284 185
285 2982
286 1520
287 1914
288 1401
289 2519
290 2891
291 2542
292 2439
293 2889
294 2069
295 2032
296 671
297 2713
298 2299
299 1205
300 1398
301 2235
302 2754
303 1236
304 15
305 2589
306 1481
307 859
308 577
309 639
310 2896
311 1762
312 2862
313 2548
314 432
315 78
316 2230
317 1597
318 230
319 2113
320 430
321 2786
322 1738
323 1788
324 533
325 1627
326 1807
327 2134
328 687
329 2023
330 2311
331 1707
332 391
333 70
334 1782
335 1832
336 1008
337 582
338 1634
339 2748
340 321
341 352
342 1488
343 2339
344 868
345 1943
346 2559
347 2266
348 856
349 502
350 2347
351 170
352 412
353 1214
354 1229
355 648
356 628
357 1803
358 2496
359 611
360 2242
361 2351
362 426
363 2796
364 355
365 1579
366 2197
367 1452
368 1334
369 309
370 2227
371 2102
372 2814
373 2766
374 2026
375 1173
376 1679
377 2795
378 2543
379 768
380 2232
381 1787
382 2669
383 42
384 2607
385 178
386 1654
387 2252
388 391
389 1251
390 2581
391 2951
392 2450
393 2974
394 948
395 237
396 2688
397 966
398 2254
399 485
400 1133
401 2815
402 592
403 706
404 1194
405 1761
406 274
407 2744
408 2645
409 1820
410 1347
411 99
412 2479
413 502
414 2697
415 474
416 2699
417 900
418 1748
419 2045
420 960
421 2112
422 2235
423 3
424 2626
425 769
426 1557
427 786
428 1069
429 1108
430 1265
431 292
432 1881
433 87
434 2932
435 2390
436 694

