230 81
0 732
1 1861
2 1572
3 1536
4 130
5 2673
6 1544
7 1054
8 2133
9 1963
10 502
11 2429
12 1812
13 725
14 131
15 1484
16 298
17 2643
18 2511
19 2151
20 1502
21 2066
22 838
23 500
24 1400
25 982
26 1139
27 58
28 2228
29 773
30 1008
31 126
32 2372
33 829
34 907
35 769
36 1140
37 1199
38 1184
39 2134
40 1236
41 2346
42 2755
43 352
44 2151
45 2094
46 1968
47 309
48 2469
49 1004
50 906
51 476
52 2511
53 466
54 2155
55 2814
56 2364
57 1618
58 2508
59 1278
60 2748
61 1120
62 2242
63 359
64 2498
65 2903
66 1232
67 2120
68 2300
69 1777
70 228
71 383
72 2123
73 379
74 2143
75 2172
76 553
77 272
78 1268
79 203
80 1951
81 612
82 2810
83 1395
84 681
85 1338
86 2624
87 2727
88 1594
89 581
90 2507
91 1819
92 309
93 2560
94 2686
95 2762
96 1650
97 760
98 2944
99 392
100 999
101 365
102 548
103 2227
104 1226
105 1756
106 1872
107 151
108 2143
109 648
110 2411
111 2569
112 2294
113 2189
114 2872
115 607
116 824
117 528
118 1632
119 812
120 1787
121 2514
122 1693
123 2866
124 2811
125 314
126 2621
127 1550
128 1567
129 2127
130 2068
131 1067
132 1792
133 2496
134 325
135 1595
136 1071
137 2161
138 501
139 1171
140 2886
141 553
142 1706
143 2689
144 2954
145 2526
146 2114
147 1287
148 824
149 2971
150 2818
151 786
152 2916
153 1355
154 1833
155 1787
156 816
157 552
158 340
159 1182
160 1353
161 2058
162 559
163 2503
164 2716
165 1900
166 366
167 2620
168 1864
169 1157
170 686
171 1047
172 174
173 1259
174 613
175 1910
176 74
177 2581
178 458
179 1316
180 1825
181 994
182 2117
183 1129
184 2559
185 301
186 2238
187 1779
188 2851
189 2229
190 337
191 2813
192 753
193 2484
194 1389
195 1820
196 1823
197 1924
198 2440
199 724
200 95
201 2479
202 2778
203 1684
204 2729
205 788
206 1050
207 2858
208 806
209 1111
210 1797
211 1869
212 1379
213 2710
214 682
215 2310
216 202
217 1747
218 2334
219 2342
220 1167
221 2909
222 1149
223 1089
224 2040
225 825
226 1003
227 636
228 869
229 1433

