964 52
0 2090
1 265
2 1853
3 1504
4 2083
5 1122
6 2272
7 467
8 1147
9 1085
10 366
11 98
12 1414
13 1343
14 2342
15 994
16 2724
17 2243
18 976
19 1219
20 2773
21 2174
22 1454
23 2431
24 1352
25 388
26 2179
27 1764
28 995
29 679
30 1056
31 2800
32 820
33 2867
34 703
35 1354
36 2690
37 2964
38 387
39 406
40 1000
41 2111
42 1905
43 1425
44 1718
45 133
46 1732
47 2335
48 1607
49 2853
50 2462
51 737
52 2675
53 304
54 2563
55 662
56 2226
57 1619
58 2046
59 731
60 530
61 2767
62 1029
63 2265
64 290
65 204
66 2533
67 27
68 2730
69 2195
70 1728
71 2573
72 2805
73 253
74 1956
75 1915
76 665
77 786
78 1188
79 2420
80 2611
81 2430
82 1377
83 1515
84 2168
85 222
86 31
87 2025
88 1621
89 517
90 2455
91 2585
92 1599
93 2232
94 1565
95 2429
96 490
97 1293
98 2369
99 507
100 1983
101 782
102 2016
103 2368
104 1274
105 2071
106 329
107 786
108 1586
109 1937
110 2566
111 1505
112 1580
113 2772
114 2212
115 584
116 594
117 95
118 32
119 429
120 1402
121 1871
122 1407
123 1085
124 2725
125 2531
126 906
127 2754
128 1902
129 742
130 2032
131 2743
132 2166
133 2330
134 1519
135 1740
136 732
137 768
138 1658
139 930
140 1203
141 356
142 0
143 63
144 868
145 1371
146 2611
147 2748
148 1087
149 1266
150 1202
151 1583
152 2669
153 2264
154 2523
155 1700
156 1735
157 744
158 719
159 2350
160 59
161 2234
162 2591
163 1215
164 2217
165 574
166 2429
167 2346
168 2037
169 2960
170 1801
171 2903
172 973
173 1772
174 120
175 1171
176 652
177 2636
178 1085
179 2612
180 45
181 1106
182 1655
183 2094
184 186
185 1375
186 1879
187 398
188 2157
189 2966
190 1316
191 152
192 479
193 2885
194 2048
195 2266
196 1159
197 2790
198 1226
199 1448
200 711
201 1944
202 2187
203 2670
204 2187
205 2809
206 1914
207 2997
208 1295
209 67
210 1620
211 1649
212 1348
213 190
214 2156
215 1207
216 892
217 598
218 326
219 215
220 1736
221 363
222 376
223 2316
224 2086
225 2927
226 1512
227 515
228 2584
229 2357
230 2086
231 673
232 2689
233 507
234 1942
235 1329
236 1666
237 487
238 2831
239 165
240 915
241 785
242 123
243 2242
244 74
245 391
246 347
247 144
248 2030
249 2036
250 1206
251 2994
252 1461
253 824
254 849
255 2695
256 2052
257 1958
258 2379
259 1749
260 1479
261 311
262 2752
263 2933
264 2857
265 1357
266 2750
267 1494
268 2600
269 2659
270 2633
271 123
272 1673
273 1011
274 2394
275 2910
276 164
277 2080
278 681
279 1083
280 780
281 495
282 995
283 786
284 2765
285 560
286 1587
287 2034
288 2659
289 2912
290 828
291 2389
292 363
293 147
294 1082
295 1691
296 1755
297 146
298 2766
299 61
300 1623
301 470
302 925
303 2213
304 1648
305 453
306 1800
307 2666
308 274
309 1783
310 2401
311 713
312 1241
313 2248
314 1637
315 669
316 2565
317 1573
318 1256
319 675
320 1684
321 821
322 552
323 2625
324 661
325 738
326 1847
327 1295
328 1577
329 1441
330 1092
331 1321
332 1320
333 2709
334 2209
335 2718
336 993
337 1612
338 1742
339 372
340 627
341 2718
342 2288
343 90
344 1842
345 2780
346 1308
347 2310
348 1504
349 1916
350 423
351 611
352 2900
353 1806
354 560
355 1274
356 1670
357 2481
358 2900
359 1398
360 328
361 2846
362 2608
363 1048
364 1968
365 804
366 554
367 2045
368 907
369 2636
370 1422
371 1956
372 594
373 673
374 1280
375 1750
376 381
377 739
378 1132
379 2869
380 2307
381 47
382 2704
383 1703
384 1462
385 2268
386 1443
387 723
388 2882
389 1564
390 1591
391 994
392 1831
393 1357
394 1411
395 347
396 290
397 1003
398 828
399 1794
400 573
401 456
402 271
403 74
404 871
405 226
406 1318
407 426
408 1665
409 666
410 943
411 361
412 2383
413 2588
414 199
415 1243
416 892
417 1355
418 1356
419 473
420 877
421 2756
422 1168
423 656
424 1112
425 1561
426 2755
427 1186
428 1487
429 2660
430 1296
431 2945
432 1079
433 1506
434 2410
435 432
436 570
437 1106
438 1913
439 144
440 2358
441 1413
442 2872
443 1560
444 79
445 1486
446 1472
447 1137
448 1608
449 1488
450 2932
451 673
452 2423
453 2100
454 169
455 2162
456 106
457 399
458 856
459 2764
460 1154
461 1072
462 1796
463 735
464 814
465 600
466 1087
467 1505
468 2165
469 927
470 1975
471 1457
472 144
473 1477
474 747
475 1967
476 1763
477 1455
478 1266
479 1793
480 1351
481 2985
482 1030
483 813
484 1209
485 25
486 2699
487 2736
488 920
489 2561
490 1949
491 578
492 1994
493 872
494 2322
495 337
496 321
497 1508
498 1397
499 2325
500 1841
501 1794
502 2807
503 1642
504 2957
505 1278
506 2705
507 2059
508 1580
509 817
510 2167
511 368
512 2041
513 2599
514 1974
515 462
516 334
517 2865
518 319
519 826
520 2256
521 817
522 2221
523 1016
524 59
525 1713
526 2666
527 1691
528 1193
529 1840
530 1401
531 1132
532 181
533 1709
534 790
535 1817
536 456
537 2264
538 2207
539 274
540 2774
541 1544
542 2313
543 1519
544 654
545 1979
546 1454
547 2218
548 1897
549 19
550 473
551 391
552 1866
553 2605
554 694
555 1237
556 1841
557 1152
558 2690
559 2545
560 906
561 1702
562 2773
563 331
564 2205
565 1912
566 2577
567 2692
568 166
569 70
570 2656
571 264
572 732
573 2691
574 2264
575 2855
576 2662
577 2866
578 206
579 1329
580 955
581 604
582 2015
583 1666
584 634
585 1095
586 347
587 1202
588 1664
589 1526
590 922
591 1937
592 1036
593 946
594 2357
595 2433
596 2110
597 724
598 1885
599 2555
600 757
601 2339
602 1348
603 242
604 1038
605 308
606 1535
607 292
608 241
609 874
610 2808
611 1887
612 2486
613 2222
614 177
615 2045
616 2634
617 406
618 2472
619 564
620 1934
621 2875
622 552
623 1208
624 831
625 192
626 1581
627 1072
628 2638
629 1970
630 2858
631 28
632 2810
633 1082
634 2066
635 411
636 2010
637 1267
638 1714
639 2698
640 1252
641 420
642 2120
643 2506
644 875
645 2643
646 632
647 729
648 1565
649 1607
650 1727
651 2698
652 1924
653 2313
654 1192
655 36
656 2786
657 1783
658 2056
659 1993
660 1707
661 366
662 990
663 2845
664 1035
665 2094
666 2962
667 1601
668 555
669 2298
670 1257
671 201
672 1427
673 1954
674 1376
675 590
676 1396
677 974
678 1198
679 871
680 1394
681 381
682 2393
683 2364
684 1968
685 2631
686 2989
687 1344
688 1530
689 1540
690 2712
691 1073
692 1794
693 2137
694 2494
695 1024
696 234
697 1932
698 1076
699 343
700 1148
701 1037
702 1893
703 1285
704 2479
705 761
706 1462
707 693
708 1541
709 2790
710 990
711 1085
712 395
713 2506
714 276
715 1299
716 535
717 2909
718 1635
719 1926
720 2487
721 382
722 2667
723 2317
724 529
725 1885
726 2159
727 1086
728 1511
729 1191
730 544
731 2503
732 2629
733 2587
734 902
735 970
736 1664
737 1421
738 557
739 1481
740 2857
741 1123
742 1655
743 2310
744 345
745 477
746 1916
747 2500
748 453
749 1044
750 84
751 1160
752 115
753 1883
754 1392
755 1037
756 2059
757 427
758 1683
759 1528
760 377
761 1166
762 577
763 286
764 377
765 2298
766 1278
767 1700
768 1217
769 2037
770 971
771 2359
772 2000
773 2677
774 1267
775 956
776 1928
777 498
778 1386
779 2276
780 133
781 2376
782 1635
783 1807
784 1764
785 946
786 678
787 742
788 1653
789 1458
790 2640
791 355
792 2909
793 1452
794 2298
795 2451
796 1799
797 462
798 2720
799 952
800 2370
801 1751
802 2633
803 546
804 2478
805 1198
806 1178
807 2524
808 523
809 2934
810 1919
811 2908
812 2391
813 823
814 2346
815 1438
816 1701
817 1763
818 178
819 2389
820 750
821 2278
822 1098
823 2272
824 2476
825 1094
826 2380
827 2588
828 1843
829 2625
830 2704
831 2080
832 2717
833 2244
834 1963
835 76
836 2461
837 667
838 1873
839 2918
840 2813
841 1345
842 213
843 2855
844 636
845 1151
846 1794
847 2177
848 264
849 1876
850 2825
851 1700
852 659
853 2509
854 1451
855 2310
856 118
857 2963
858 2029
859 1605
860 2137
861 2201
862 791
863 2915
864 2877
865 2316
866 237
867 43
868 1291
869 515
870 1006
871 1939
872 2484
873 411
874 1215
875 2602
876 822
877 857
878 2919
879 2993
880 2655
881 1035
882 2562
883 943
884 1022
885 945
886 2118
887 980
888 2297
889 1113
890 2624
891 1874
892 2697
893 2823
894 2989
895 2889
896 296
897 1304
898 2476
899 1498
900 833
901 2687
902 631
903 2325
904 1492
905 2586
906 1797
907 271
908 1472
909 2987
910 606
911 326
912 590
913 1331
914 891
915 2162
916 2946
917 1426
918 2643
919 668
920 1831
921 2920
922 86
923 1174
924 780
925 1740
926 372
927 155
928 511
929 626
930 1982
931 580
932 500
933 1428
934 308
935 2749
936 2613
937 1992
938 1979
939 2817
940 469
941 332
942 1439
943 2154
944 1884
945 1711
946 1821
947 385
948 184
949 1988
950 208
951 204
952 498
953 2450
954 2648
955 2179
956 2715
957 1795
958 2391
959 813
960 1534
961 2634
962 158
963 746

