861 65
0 930
1 2489
2 492
3 2687
4 873
5 560
6 669
7 1326
8 1932
9 605
10 1934
11 1506
12 1115
13 2306
14 1254
15 493
16 2549
17 2195
18 392
19 2363
20 440
21 1075
22 2089
23 1582
24 2529
25 232
26 1179
27 2471
28 535
29 2423
30 1007
31 1188
32 1884
33 2603
34 1109
35 1877
36 266
37 90
38 972
39 2022
40 2400
41 2207
42 2589
43 542
44 785
45 1504
46 224
47 173
48 962
49 1895
50 429
51 923
52 337
53 2735
54 1783
55 1041
56 1903
57 1040
58 1300
59 1787
60 79
61 2719
62 1488
63 1825
64 1932
65 953
66 1841
67 301
68 1509
69 1337
70 459
71 853
72 1058
73 144
74 1042
75 1741
76 2612
77 2794
78 1527
79 607
80 2362
81 164
82 2613
83 2902
84 822
85 34
86 96
87 192
88 1896
89 2300
90 2809
91 2427
92 1981
93 398
94 1579
95 1559
96 732
97 2672
98 1193
99 1630
100 282
101 1649
102 1797
103 2381
104 1206
105 601
106 2336
107 296
108 409
109 1902
110 2642
111 1776
112 361
113 534
114 2586
115 1314
116 444
117 576
118 1112
119 2223
120 986
121 2802
122 2911
123 601
124 9
125 1812
126 2198
127 516
128 44
129 2375
130 2544
131 1967
132 93
133 275
134 2189
135 2292
136 2784
137 1935
138 405
139 2186
140 2081
141 2568
142 2848
143 1884
144 2648
145 157
146 1098
147 1115
148 682
149 1250
150 2668
151 2110
152 1055
153 1777
154 1041
155 2656
156 227
157 2852
158 1581
159 121
160 2286
161 1691
162 2513
163 1197
164 1058
165 1614
166 1947
167 17
168 1332
169 2994
170 2853
171 2629
172 424
173 854
174 1641
175 519
176 24
177 1937
178 2336
179 1560
180 1123
181 415
182 2620
183 2411
184 789
185 2185
186 969
187 2643
188 1969
189 500
190 2802
191 2555
192 1059
193 2826
194 1300
195 2477
196 821
197 535
198 1026
199 1793
200 954
201 286
202 1401
203 2070
204 4
205 1204
206 750
207 1381
208 732
209 1720
210 1003
211 2054
212 2632
213 2532
214 1123
215 1230
216 1348
217 489
218 97
219 1725
220 1596
221 2252
222 410
223 899
224 2331
225 1633
226 1931
227 2356
228 2036
229 2017
230 33
231 2439
232 141
233 1137
234 2043
235 1621
236 2264
237 1016
238 2642
239 1990
240 2342
241 1009
242 7
243 2196
244 2870
245 1496
246 380
247 1206
248 131
249 1804
250 1577
251 2110
252 1505
253 1180
254 607
255 1244
256 2029
257 2433
258 545
259 2912
260 1837
261 906
262 951
263 1048
264 2870
265 873
266 1895
267 443
268 1657
269 2448
270 1951
271 2816
272 2476
273 456
274 2975
275 1600
276 320
277 2609
278 2376
279 1181
280 1625
281 1401
282 2387
283 2289
284 108
285 69
286 1418
287 62
288 2034
289 1633
290 262
291 462
292 2694
293 1273
294 2027
295 1574
296 392
297 2094
298 140
299 742
300 1465
301 1413
302 564
303 1495
304 1375
305 2959
306 1906
307 882
308 2194
309 556
310 60
311 1630
312 1545
313 2579
314 1777
315 1709
316 2089
317 618
318 2724
319 2829
320 2161
321 1951
322 2451
323 28
324 833
325 684
326 268
327 1164
328 380
329 1236
330 406
331 1379
332 716
333 2320
334 2868
335 59
336 19
337 1146
338 1033
339 789
340 552
341 2438
342 1650
343 334
344 1663
345 2825
346 2885
347 2112
348 2943
349 2365
350 882
351 669
352 439
353 1240
354 2250
355 1699
356 2153
357 2068
358 679
359 1942
360 111
361 2376
362 1287
363 1794
364 1688
365 1770
366 2889
367 1872
368 1892
369 2089
370 691
371 878
372 114
373 1438
374 2167
375 941
376 1322
377 2922
378 2865
379 615
380 6
381 1598
382 806
383 839
384 225
385 2857
386 2216
387 815
388 426
389 1293
390 2196
391 262
392 2340
393 1183
394 474
395 2451
396 2499
397 1147
398 1079
399 245
400 1518
401 2861
402 2657
403 2549
404 2359
405 1008
406 1075
407 1731
408 1400
409 2137
410 951
411 90
412 785
413 1487
414 615
415 334
416 1186
417 792
418 1753
419 1878
420 1019
421 89
422 364
423 725
424 579
425 2831
426 66
427 1150
428 775
429 2392
430 2038
431 270
432 1470
433 1889
434 103
435 2724
436 1413
437 371
438 2601
439 1819
440 10
441 765
442 2974
443 13
444 2780
445 2749
446 720
447 2103
448 1489
449 1482
450 496
451 2173
452 2475
453 127
454 2278
455 217
456 1690
457 2319
458 1244
459 1992
460 1951
461 2588
462 1286
463 2048
464 194
465 1908
466 1242
467 746
468 2192
469 139
470 1984
471 2554
472 1156
473 2505
474 2442
475 1732
476 235
477 713
478 1183
479 542
480 975
481 103
482 2027
483 1072
484 705
485 890
486 1042
487 347
488 1125
489 1596
490 2536
491 782
492 2739
493 829
494 289
495 21
496 948
497 2194
498 2777
499 249
500 287
501 465
502 523
503 2688
504 1025
505 1793
506 2993
507 1652
508 367
509 541
510 404
511 2243
512 2286
513 2025
514 2794
515 2650
516 2615
517 885
518 2609
519 2592
520 1756
521 2503
522 1488
523 698
524 657
525 2998
526 1029
527 2918
528 783
529 452
530 669
531 1639
532 2473
533 892
534 505
535 1154
536 667
537 1314
538 2406
539 399
540 2372
541 2791
542 1609
543 1685
544 1010
545 189
546 1084
547 137
548 1880
549 281
550 58
551 1367
552 49
553 1792
554 1941
555 20
556 1756
557 1634
558 2724
559 165
560 2310
561 2193
562 718
563 2064
564 2443
565 72
566 773
567 225
568 2866
569 1360
570 377
571 1562
572 2181
573 1901
574 2006
575 1914
576 205
577 128
578 482
579 1764
580 1298
581 433
582 417
583 343
584 2114
585 2077
586 989
587 214
588 529
589 2490
590 2700
591 173
592 589
593 1649
594 1361
595 2611
596 2183
597 590
598 2815
599 2111
600 2749
601 717
602 2086
603 101
604 1929
605 2437
606 2984
607 1203
608 2048
609 436
610 1180
611 614
612 2467
613 1250
614 1908
615 2566
616 2483
617 2224
618 1195
619 1947
620 396
621 2961
622 2110
623 413
624 777
625 748
626 1742
627 237
628 1581
629 27
630 810
631 739
632 1340
633 1284
634 1830
635 2320
636 2604
637 299
638 172
639 2418
640 2408
641 2796
642 2201
643 1533
644 973
645 1997
646 1396
647 1333
648 949
649 2480
650 1087
651 641
652 504
653 2415
654 921
655 2745
656 1896
657 1593
658 337
659 1503
660 1060
661 597
662 865
663 76
664 2091
665 2781
666 2618
667 2269
668 1746
669 2446
670 927
671 1972
672 886
673 1273
674 96
675 463
676 458
677 1760
678 950
679 315
680 257
681 328
682 2001
683 521
684 300
685 382
686 1727
687 1963
688 2897
689 968
690 741
691 2880
692 2349
693 1548
694 2158
695 1709
696 543
697 425
698 1638
699 1708
700 2513
701 1338
702 19
703 118
704 773
705 2791
706 2774
707 1718
708 734
709 673
710 2707
711 1798
712 2296
713 2529
714 104
715 2019
716 19
717 35
718 680
719 194
720 2338
721 1072
722 1466
723 2402
724 2848
725 141
726 34
727 922
728 2171
729 2478
730 2405
731 642
732 2774
733 1790
734 1981
735 2564
736 1724
737 379
738 1099
739 303
740 2948
741 327
742 230
743 202
744 2140
745 2763
746 2569
747 318
748 2368
749 2881
750 2933
751 1490
752 1226
753 515
754 1320
755 2652
756 845
757 1898
758 1046
759 169
760 2113
761 2528
762 2270
763 1072
764 2742
765 2465
766 2650
767 1723
768 2930
769 2962
770 1122
771 620
772 104
773 2757
774 1616
775 2091
776 768
777 492
778 72
779 68
780 2012
781 2695
782 1375
783 949
784 188
785 2005
786 2725
787 1566
788 839
789 1080
790 2184
791 2231
792 260
793 1277
794 1059
795 2499
796 813
797 124
798 2535
799 533
800 991
801 1535
802 2686
803 2337
804 2370
805 1372
806 1988
807 2975
808 2565
809 2086
810 1307
811 2987
812 33
813 2153
814 922
815 2586
816 1633
817 823
818 1711
819 2935
820 1008
821 1034
822 2699
823 2678
824 2027
825 239
826 1388
827 325
828 1505
829 1954
830 2762
831 447
832 2996
833 1282
834 14
835 351
836 719
837 2160
838 2193
839 378
840 898
841 169
842 2906
843 1646
844 1410
845 1455
846 1384
847 1912
848 118
849 1115
850 2187
851 1209
852 108
853 304
854 1699
855 1744
856 990
857 2524
858 1928
859 1989
860 758

