92 98
0 2074
1 2913
2 678
3 1602
4 1595
5 1495
6 1799
7 1619
8 2834
9 1750
10 1135
11 1950
12 1918
13 40
14 744
15 1021
16 855
17 1002
18 1662
19 1701
20 276
21 2504
22 273
23 2796
24 203
25 2251
26 2809
27 2133
28 421
29 2044
30 2414
31 2373
32 2230
33 851
34 1516
35 2814
36 1713
37 2758
38 1074
39 2576
40 1990
41 349
42 199
43 2289
44 2382
45 2381
46 2403
47 1397
48 2544
49 2847
50 1206
51 1792
52 1904
53 801
54 1219
55 54
56 1223
57 2665
58 79
59 2226
60 2084
61 1241
62 2482
63 2802
64 2143
65 2113
66 1429
67 2795
68 301
69 1321
70 2646
71 2859
72 1519
73 330
74 2062
75 1351
76 320
77 43
78 2636
79 2999
80 831
81 2431
82 2901
83 74
84 1222
85 91
86 2943
87 730
88 765
89 285
90 1965
91 2034

