457 42
0 1415
1 2100
2 2746
3 2842
4 196
5 66
6 830
7 2015
8 2700
9 763
10 990
11 2814
12 1695
13 2021
14 488
15 1252
16 1348
17 224
18 92
19 1183
20 1540
21 1776
22 1853
23 1483
24 595
25 2611
26 1308
27 820
28 1612
29 2680
30 406
31 1709
32 2635
33 1419
34 1834
35 2161
36 48
37 953
38 215
39 237
40 1761
41 923
42 2369
43 1024
44 731
45 1814
46 1264
47 491
48 2984
49 1355
50 1518
51 1676
52 419
53 1917
54 2517
55 2741
56 974
57 2975
58 2801
59 746
60 1890
61 1340
62 108
63 2507
64 2304
65 1881
66 2643
67 1178
68 1459
69 1651
70 66
71 2247
72 858
73 1329
74 450
75 1648
76 520
77 353
78 117
79 2420
80 2563
81 1371
82 938
83 2107
84 1719
85 1260
86 2241
87 84
88 2639
89 1325
90 2919
91 496
92 2245
93 71
94 2093
95 1798
96 290
97 2967
98 1540
99 1209
100 2982
101 2143
102 2758
103 549
104 2587
105 2324
106 950
107 1748
108 1533
109 1088
110 2421
111 2222
112 2560
113 628
114 1142
115 718
116 2152
117 2217
118 2063
119 2275
120 544
121 2453
122 2081
123 108
124 2975
125 470
126 546
127 1239
128 2081
129 335
130 478
131 818
132 1108
133 491
134 1345
135 508
136 874
137 960
138 2446
139 2891
140 1145
141 1874
142 1452
143 2875
144 1414
145 142
146 2092
147 2184
148 1313
149 2051
150 1327
151 326
152 1661
153 2714
154 1066
155 1665
156 2786
157 848
158 2360
159 556
160 375
161 265
162 1952
163 2494
164 467
165 2662
166 684
167 1872
168 2012
169 884
170 501
171 1266
172 2473
173 666
174 2387
175 1263
176 942
177 607
178 356
179 1416
180 2866
181 2475
182 1001
183 2649
184 1663
185 1690
186 1433
187 817
188 25
189 2055
190 916
191 2545
192 641
193 764
194 1644
195 93
196 1935
197 413
198 2227
199 2868
200 2557
201 1219
202 2373
203 1686
204 1491
205 952
206 2016
207 2170
208 2539
209 924
210 1637
211 1661
212 1161
213 1248
214 1163
215 2598
216 335
217 2903
218 2467
219 2410
220 2862
221 1693
222 1705
223 1359
224 1847
225 1584
226 486
227 502
228 411
229 447
230 648
231 1236
232 2808
233 2997
234 2613
235 2277
236 1942
237 2527
238 955
239 837
240 1273
241 374
242 2326
243 295
244 1859
245 2018
246 1272
247 2095
248 2646
249 67
250 389
251 1466
252 1467
253 592
254 1670
255 670
256 2760
257 1121
258 1995
259 392
260 1655
261 185
262 2790
263 267
264 286
265 299
266 1070
267 1600
268 1210
269 2357
270 2779
271 1282
272 336
273 2187
274 746
275 2818
276 1599
277 2023
278 2308
279 1863
280 539
281 44
282 1283
283 847
284 2329
285 2574
286 1418
287 1235
288 641
289 1506
290 1823
291 1292
292 2103
293 639
294 897
295 1543
296 438
297 1455
298 1584
299 2226
300 2550
301 2599
302 1493
303 663
304 259
305 2052
306 1936
307 1749
308 1216
309 2085
310 1151
311 2243
312 2587
313 238
314 1342
315 2116
316 610
317 2264
318 2389
319 2475
320 67
321 888
322 1223
323 2222
324 1805
325 1684
326 2535
327 1351
328 2106
329 50
330 631
331 1254
332 2021
333 1105
334 1393
335 1842
336 699
337 1697
338 1798
339 74
340 1645
341 1554
342 1894
343 871
344 1509
345 1686
346 684
347 177
348 2674
349 697
350 899
351 112
352 1778
353 1633
354 1155
355 963
356 639
357 2678
358 2051
359 563
360 1056
361 1025
362 324
363 1694
364 367
365 629
366 619
367 2567
368 2491
369 1823
370 735
371 2562
372 971
373 1826
374 997
375 2423
376 1143
377 1449
378 2712
379 515
380 32
381 280
382 2626
383 2279
384 208
385 2053
386 2092
387 2954
388 529
389 1125
390 546
391 182
392 2219
393 1813
394 2939
395 1726
396 1821
397 2361
398 2089
399 2366
400 2053
401 2099
402 2509
403 2797
404 1715
405 1391
406 1913
407 1461
408 482
409 1507
410 2337
411 2735
412 2659
413 1076
414 1131
415 1832
416 1395
417 1881
418 2182
419 746
420 729
421 2093
422 446
423 2782
424 910
425 2061
426 1641
427 1099
428 420
429 154
430 1730
431 2126
432 729
433 2131
434 191
435 368
436 449
437 2436
438 758
439 1471
440 2387
441 2172
442 2466
443 1014
444 814
445 2909
446 1978
447 1015
448 9
449 1618
450 2275
451 341
452 389
453 1581
454 827
455 1328
456 1451

