984 38
0 491
1 1453
2 1995
3 2010
4 2062
5 1269
6 1590
7 2202
8 2663
9 1782
10 2302
11 880
12 850
13 1092
14 397
15 467
16 327
17 8
18 455
19 2493
20 1752
21 947
22 35
23 564
24 1972
25 2459
26 2285
27 1528
28 50
29 2884
30 2621
31 514
32 80
33 236
34 114
35 836
36 2961
37 1722
38 880
39 2242
40 1055
41 568
42 2319
43 2332
44 2098
45 1232
46 982
47 1506
48 1346
49 1982
50 1013
51 2138
52 1062
53 1411
54 2499
55 1525
56 950
57 1632
58 2341
59 2701
60 2207
61 645
62 108
63 439
64 499
65 1059
66 580
67 2765
68 2302
69 495
70 2241
71 2693
72 2103
73 1206
74 1453
75 1360
76 1125
77 1788
78 432
79 957
80 2890
81 1758
82 2328
83 1215
84 2699
85 888
86 2243
87 853
88 2466
89 1862
90 922
91 2558
92 58
93 2158
94 143
95 1961
96 1166
97 1352
98 1539
99 1052
100 997
101 375
102 2697
103 715
104 203
105 268
106 459
107 2982
108 59
109 964
110 749
111 575
112 2149
113 2995
114 2183
115 1398
116 1110
117 1899
118 1997
119 2437
120 158
121 783
122 1033
123 2698
124 1156
125 1364
126 1501
127 802
128 1347
129 1684
130 289
131 352
132 2308
133 1586
134 787
135 1990
136 2876
137 1008
138 2329
139 2997
140 74
141 625
142 1106
143 6
144 847
145 2553
146 48
147 2092
148 2753
149 1435
150 998
151 1301
152 1976
153 809
154 1497
155 1446
156 1397
157 506
158 1959
159 2057
160 496
161 616
162 1044
163 564
164 2639
165 2635
166 2383
167 101
168 1871
169 1616
170 2416
171 2503
172 2713
173 1678
174 2228
175 2640
176 228
177 580
178 2163
179 2655
180 2876
181 2182
182 59
183 1688
184 2146
185 1417
186 1931
187 2518
188 287
189 188
190 35
191 2103
192 1400
193 266
194 2167
195 1979
196 654
197 3000
198 2337
199 2336
200 2134
201 1521
202 2968
203 1044
204 1310
205 515
206 2851
207 2237
208 787
209 99
210 1517
211 563
212 2899
213 574
214 414
215 942
216 529
217 993
218 2053
219 2256
220 561
221 278
222 1942
223 2900
224 78
225 1203
226 1558
227 499
228 848
229 698
230 768
231 539
232 2223
233 427
234 2817
235 2781
236 2331
237 1128
238 753
239 1133
240 245
241 219
242 856
243 59
244 1412
245 1345
246 1311
247 1565
248 2414
249 77
250 55
251 1254
252 2754
253 1055
254 301
255 2793
256 2003
257 1255
258 2391
259 2033
260 250
261 25
262 722
263 2892
264 2788
265 2104
266 2645
267 2846
268 2598
269 1864
270 953
271 2139
272 2690
273 668
274 1861
275 1821
276 1525
277 1824
278 1043
279 2376
280 1922
281 773
282 1505
283 2871
284 1976
285 931
286 2674
287 2095
288 223
289 291
290 1935
291 1358
292 2642
293 902
294 2368
295 1619
296 2810
297 998
298 1205
299 1741
300 1290
301 1734
302 2985
303 2936
304 178
305 2677
306 969
307 2231
308 1814
309 374
310 2481
311 678
312 551
313 488
314 2137
315 244
316 1325
317 1058
318 2182
319 1570
320 2922
321 265
322 2039
323 87
324 1713
325 2384
326 1735
327 919
328 101
329 1038
330 646
331 1583
332 1196
333 996
334 1279
335 2897
336 2919
337 1698
338 1731
339 2749
340 2867
341 2762
342 2719
343 1081
344 1654
345 2173
346 2911
347 669
348 2363
349 2574
350 1204
351 2744
352 2874
353 1316
354 676
355 556
356 2166
357 103
358 1030
359 2700
360 1710
361 2305
362 888
363 302
364 703
365 1422
366 1493
367 2579
368 583
369 16
370 414
371 884
372 1702
373 1164
374 1121
375 729
376 2134
377 2903
378 1563
379 523
380 2722
381 1186
382 1462
383 522
384 1772
385 2191
386 2982
387 2858
388 1124
389 2165
390 2867
391 608
392 230
393 520
394 1750
395 2511
396 1503
397 1254
398 900
399 2783
400 1138
401 984
402 2761
403 1570
404 2112
405 1452
406 1839
407 1938
408 1579
409 244
410 1451
411 2388
412 1632
413 2031
414 1413
415 1038
416 1587
417 1019
418 2609
419 716
420 1397
421 1907
422 1338
423 832
424 1434
425 2227
426 2188
427 2509
428 2753
429 897
430 2133
431 2982
432 1258
433 1367
434 442
435 1905
436 767
437 1708
438 2576
439 483
440 891
441 172
442 2210
443 359
444 2555
445 223
446 2572
447 67
448 403
449 1346
450 2605
451 2985
452 944
453 465
454 1564
455 1711
456 241
457 2476
458 1382
459 2687
460 2408
461 546
462 709
463 1222
464 740
465 2883
466 2787
467 2115
468 479
469 864
470 1484
471 1480
472 1820
473 721
474 463
475 255
476 2031
477 2550
478 2758
479 1038
480 798
481 2308
482 2584
483 2420
484 1018
485 2345
486 2725
487 2182
488 1796
489 1175
490 1494
491 1834
492 930
493 2977
494 2917
495 2258
496 2896
497 2671
498 1587
499 1007
500 1708
501 1778
502 1329
503 2444
504 2122
505 108
506 2156
507 229
508 1934
509 553
510 2451
511 191
512 2490
513 474
514 2348
515 1738
516 1380
517 206
518 2909
519 433
520 1939
521 765
522 2175
523 754
524 2938
525 2644
526 1152
527 1590
528 47
529 1254
530 2100
531 1341
532 300
533 45
534 1689
535 1406
536 1508
537 2113
538 2784
539 2
540 921
541 1659
542 730
543 2162
544 624
545 2849
546 1126
547 617
548 1406
549 1274
550 2370
551 681
552 2245
553 2010
554 2889
555 1881
556 1138
557 771
558 2987
559 2374
560 2787
561 1326
562 2116
563 2904
564 570
565 788
566 2433
567 2378
568 2223
569 2581
570 2264
571 2423
572 2120
573 964
574 1740
575 2554
576 1783
577 2876
578 236
579 801
580 2281
581 2294
582 345
583 1884
584 2486
585 233
586 1392
587 2756
588 337
589 824
590 2905
591 2166
592 2980
593 2156
594 501
595 554
596 2923
597 2629
598 2194
599 2780
600 257
601 1151
602 770
603 1097
604 470
605 1615
606 2688
607 1134
608 883
609 865
610 906
611 661
612 1246
613 54
614 1094
615 1426
616 1517
617 1843
618 2051
619 1774
620 1208
621 2698
622 2912
623 1328
624 45
625 2156
626 248
627 2299
628 51
629 493
630 784
631 2096
632 513
633 1353
634 514
635 2850
636 1333
637 1576
638 2471
639 1988
640 2062
641 2625
642 354
643 1108
644 2262
645 1298
646 743
647 1498
648 1241
649 2889
650 720
651 554
652 2416
653 1197
654 1146
655 1774
656 657
657 153
658 1569
659 2182
660 2509
661 2738
662 2479
663 2812
664 1459
665 1050
666 1575
667 1012
668 839
669 1745
670 263
671 1812
672 484
673 1317
674 2247
675 544
676 61
677 2382
678 1622
679 905
680 1579
681 73
682 536
683 2151
684 344
685 2579
686 1190
687 305
688 1089
689 1132
690 975
691 1386
692 146
693 1437
694 1295
695 487
696 2418
697 2643
698 2710
699 2552
700 713
701 108
702 532
703 1465
704 1912
705 2070
706 1630
707 344
708 2944
709 1471
710 1939
711 1357
712 2199
713 580
714 2923
715 439
716 2668
717 1407
718 2770
719 222
720 1266
721 85
722 1581
723 2667
724 997
725 1543
726 2776
727 595
728 1972
729 1054
730 2015
731 2198
732 1109
733 1642
734 924
735 365
736 2220
737 158
738 927
739 833
740 1707
741 530
742 2768
743 67
744 369
745 2328
746 33
747 714
748 8
749 2482
750 2861
751 1912
752 2734
753 2617
754 1590
755 2600
756 768
757 1291
758 670
759 2151
760 415
761 1121
762 2432
763 1831
764 2102
765 1411
766 1666
767 1673
768 571
769 2261
770 1499
771 418
772 2032
773 1221
774 2290
775 2624
776 2500
777 2484
778 1311
779 436
780 2338
781 1382
782 830
783 1835
784 1662
785 2973
786 1402
787 2140
788 2097
789 2844
790 1051
791 439
792 2312
793 921
794 232
795 246
796 2993
797 1988
798 2645
799 1038
800 484
801 716
802 2036
803 1091
804 2091
805 2632
806 1868
807 1215
808 1509
809 2537
810 915
811 1162
812 2009
813 505
814 2927
815 1787
816 1420
817 2722
818 1372
819 1762
820 1205
821 2556
822 343
823 1323
824 1362
825 2797
826 1926
827 1259
828 1852
829 1289
830 1739
831 2276
832 232
833 106
834 2706
835 2362
836 2352
837 775
838 2606
839 2386
840 111
841 1979
842 1982
843 919
844 2584
845 2236
846 2960
847 1711
848 1122
849 2554
850 149
851 1346
852 2715
853 2637
854 316
855 643
856 359
857 462
858 2185
859 2651
860 999
861 735
862 2050
863 1644
864 2028
865 2527
866 2733
867 2911
868 189
869 2220
870 1783
871 2516
872 84
873 521
874 2127
875 1333
876 1415
877 1762
878 2207
879 583
880 1459
881 1626
882 1709
883 2765
884 41
885 733
886 437
887 1755
888 1575
889 2910
890 2035
891 243
892 1999
893 615
894 1493
895 1534
896 2105
897 190
898 796
899 403
900 990
901 635
902 21
903 498
904 1108
905 342
906 88
907 1654
908 2039
909 2121
910 510
911 2649
912 1048
913 952
914 2934
915 1533
916 2402
917 2434
918 1407
919 2171
920 2314
921 1230
922 1363
923 2996
924 2279
925 362
926 951
927 2102
928 1226
929 1498
930 868
931 2383
932 1113
933 1625
934 710
935 2331
936 342
937 1916
938 2263
939 599
940 1111
941 824
942 370
943 2475
944 1707
945 13
946 2790
947 1659
948 1975
949 652
950 1156
951 2744
952 2476
953 846
954 434
955 947
956 2957
957 418
958 1535
959 2044
960 788
961 1577
962 1997
963 2284
964 2572
965 2751
966 2310
967 2694
968 1130
969 2403
970 55
971 1471
972 788
973 809
974 728
975 554
976 1255
977 1548
978 1566
979 885
980 605
981 2704
982 281
983 2990

