74 26
0 871
1 1617
2 2084
3 567
4 2259
5 389
6 996
7 1206
8 1344
9 496
10 103
11 1354
12 2885
13 2352
14 1243
15 2277
16 1334
17 75
18 1422
19 1046
20 202
21 1526
22 1242
23 964
24 698
25 1079
26 2292
27 2331
28 812
29 2260
30 561
31 2861
32 2890
33 2513
34 2462
35 1812
36 1929
37 2991
38 1916
39 1756
40 2459
41 1280
42 254
43 1421
44 2707
45 1034
46 1192
47 2323
48 1580
49 2226
50 2147
51 988
52 2907
53 2728
54 2309
55 353
56 2674
57 1044
58 1797
59 2603
60 732
61 1556
62 2845
63 2766
64 362
65 1313
66 1948
67 2674
68 9
69 2233
70 634
71 770
72 1851
73 1060

