403 74
0 1094
1 52
2 1657
3 2792
4 1601
5 2076
6 1974
7 888
8 390
9 722
10 2629
11 1503
12 1119
13 1776
14 2218
15 2734
16 1647
17 507
18 2155
19 2065
20 2230
21 726
22 2335
23 2469
24 2062
25 2157
26 2333
27 2304
28 1930
29 2966
30 960
31 909
32 2098
33 434
34 1610
35 841
36 303
37 1675
38 1193
39 1364
40 2107
41 2074
42 970
43 2157
44 445
45 589
46 186
47 2585
48 690
49 1043
50 536
51 172
52 1139
53 409
54 2217
55 897
56 1426
57 64
58 2346
59 509
60 390
61 1884
62 521
63 2670
64 666
65 426
66 909
67 1437
68 2656
69 1499
70 2341
71 2767
72 447
73 900
74 1790
75 1560
76 2046
77 1150
78 403
79 271
80 1187
81 2982
82 2989
83 382
84 2569
85 113
86 1952
87 100
88 880
89 1478
90 2496
91 706
92 1861
93 1819
94 1348
95 965
96 2190
97 1620
98 1490
99 2823
100 612
101 426
102 407
103 787
104 1697
105 547
106 2704
107 1709
108 2174
109 1264
110 312
111 2351
112 1144
113 946
114 2916
115 711
116 1790
117 2257
118 2252
119 2302
120 1157
121 2012
122 2046
123 1375
124 542
125 1225
126 1995
127 96
128 431
129 1692
130 1776
131 2137
132 607
133 2967
134 717
135 2588
136 2506
137 1933
138 1539
139 333
140 2779
141 57
142 2651
143 1059
144 1194
145 1899
146 2033
147 667
148 536
149 2578
150 2622
151 2116
152 2240
153 2597
154 1874
155 571
156 2866
157 2604
158 2494
159 339
160 2464
161 1133
162 2281
163 155
164 1272
165 1646
166 2844
167 1462
168 615
169 2333
170 996
171 818
172 2849
173 2792
174 1243
175 1242
176 1526
177 163
178 894
179 225
180 403
181 2754
182 2679
183 1818
184 1916
185 1889
186 565
187 2505
188 917
189 2228
190 2715
191 1794
192 1968
193 1249
194 1723
195 2819
196 2668
197 582
198 137
199 1175
200 753
201 2879
202 189
203 296
204 2264
205 227
206 587
207 1838
208 876
209 2238
210 2821
211 689
212 1638
213 484
214 2231
215 2003
216 683
217 2804
218 1424
219 2972
220 647
221 1750
222 2353
223 604
224 863
225 2005
226 2064
227 1837
228 2681
229 1305
230 1834
231 2833
232 1493
233 1166
234 2328
235 2042
236 2182
237 2762
238 2706
239 1933
240 956
241 1208
242 1919
243 92
244 870
245 2361
246 2084
247 2395
248 2421
249 836
250 327
251 914
252 1519
253 316
254 1109
255 2741
256 1488
257 2880
258 164
259 1966
260 1194
261 1418
262 1254
263 2965
264 2567
265 1248
266 1264
267 1176
268 1965
269 2174
270 1927
271 1442
272 2744
273 60
274 2597
275 1086
276 2514
277 693
278 1285
279 1984
280 1163
281 2838
282 76
283 2542
284 1164
285 2529
286 2793
287 2
288 1585
289 2375
290 398
291 1182
292 1686
293 2357
294 1870
295 1875
296 1185
297 347
298 837
299 1355
300 467
301 1089
302 2146
303 1689
304 479
305 2046
306 1789
307 950
308 830
309 1378
310 2719
311 2222
312 1919
313 80
314 2358
315 1832
316 661
317 2787
318 785
319 868
320 388
321 357
322 2164
323 2265
324 285
325 949
326 1397
327 436
328 176
329 2288
330 606
331 1590
332 423
333 1089
334 548
335 2404
336 2432
337 1073
338 422
339 1961
340 646
341 1888
342 1025
343 785
344 125
345 1007
346 713
347 70
348 700
349 1959
350 1763
351 2187
352 132
353 1500
354 989
355 2896
356 520
357 777
358 1307
359 647
360 1215
361 1056
362 1960
363 2371
364 2724
365 1833
366 1060
367 1059
368 402
369 1120
370 460
371 584
372 1391
373 0
374 295
375 1768
376 1373
377 2484
378 968
379 1622
380 818
381 897
382 157
383 445
384 752
385 1310
386 141
387 483
388 2896
389 840
390 2219
391 534
392 631
393 2858
394 1145
395 1121
396 2564
397 118
398 923
399 461
400 2717
401 2747
402 2312

