791 18
0 887
1 1693
2 2412
3 2230
4 2812
5 546
6 2966
7 2013
8 2194
9 1609
10 2303
11 971
12 1130
13 954
14 2950
15 30
16 1970
17 340
18 2879
19 1536
20 1434
21 2955
22 1756
23 53
24 2401
25 614
26 2049
27 1827
28 527
29 1877
30 2325
31 722
32 2565
33 167
34 633
35 1494
36 536
37 1380
38 2056
39 232
40 2988
41 356
42 1589
43 2001
44 1617
45 2444
46 1578
47 2953
48 1597
49 2528
50 677
51 1794
52 2988
53 2040
54 437
55 2946
56 2183
57 1874
58 1758
59 1338
60 1888
61 1060
62 2063
63 934
64 1797
65 147
66 1051
67 555
68 336
69 1737
70 349
71 196
72 170
73 2193
74 632
75 2910
76 721
77 1575
78 1411
79 1113
80 2043
81 58
82 103
83 2634
84 516
85 609
86 374
87 38
88 2565
89 888
90 2193
91 2299
92 1440
93 1850
94 261
95 401
96 1365
97 2676
98 1032
99 214
100 2042
101 1670
102 980
103 1355
104 2749
105 1773
106 243
107 201
108 1232
109 2287
110 1038
111 1792
112 1830
113 1201
114 1135
115 1973
116 1504
117 1247
118 248
119 701
120 1346
121 1348
122 2352
123 2868
124 2109
125 640
126 406
127 1877
128 2788
129 89
130 752
131 60
132 2272
133 1916
134 663
135 29
136 642
137 1055
138 2164
139 2240
140 80
141 1120
142 2733
143 2886
144 2085
145 1015
146 975
147 453
148 1494
149 2230
150 2725
151 1863
152 1984
153 1302
154 2480
155 541
156 1688
157 888
158 862
159 545
160 2080
161 2996
162 1542
163 1869
164 726
165 370
166 1486
167 1313
168 1518
169 1544
170 1388
171 489
172 2781
173 1150
174 2815
175 1063
176 942
177 1614
178 2786
179 46
180 2057
181 1342
182 764
183 453
184 988
185 2670
186 797
187 2429
188 1780
189 154
190 280
191 1432
192 699
193 714
194 1779
195 1052
196 2126
197 2259
198 970
199 128
200 1832
201 534
202 2251
203 1399
204 1212
205 311
206 1953
207 1671
208 398
209 2085
210 1537
211 1966
212 633
213 1987
214 661
215 2146
216 1499
217 2882
218 2232
219 1694
220 737
221 433
222 809
223 6
224 953
225 1554
226 1572
227 89
228 875
229 1057
230 787
231 15
232 289
233 280
234 346
235 1272
236 2995
237 788
238 1148
239 1205
240 142
241 1176
242 462
243 1218
244 547
245 1912
246 1322
247 319
248 40
249 2831
250 210
251 1501
252 1676
253 1576
254 212
255 2757
256 1198
257 2337
258 2209
259 2709
260 1476
261 1883
262 1333
263 2500
264 2416
265 2953
266 459
267 151
268 1603
269 870
270 1019
271 1663
272 481
273 1960
274 2712
275 720
276 2565
277 752
278 2365
279 1958
280 2775
281 2241
282 2261
283 551
284 2618
285 2626
286 2900
287 1532
288 2484
289 2212
290 1731
291 2182
292 2165
293 2801
294 2208
295 1654
296 2332
297 2248
298 853
299 495
300 1498
301 2963
302 420
303 779
304 1534
305 710
306 2394
307 2188
308 2589
309 2592
310 851
311 2002
312 2264
313 2941
314 916
315 1607
316 169
317 2317
318 1828
319 1876
320 1830
321 1251
322 1664
323 361
324 71
325 215
326 901
327 2424
328 2924
329 169
330 401
331 2126
332 1709
333 2208
334 1704
335 671
336 792
337 704
338 451
339 2393
340 193
341 1727
342 152
343 2479
344 368
345 1755
346 855
347 2477
348 2432
349 798
350 1749
351 2647
352 2828
353 606
354 2843
355 357
356 2291
357 1925
358 1079
359 1486
360 1583
361 135
362 2953
363 1503
364 2525
365 1249
366 2914
367 205
368 331
369 592
370 1399
371 236
372 2678
373 1192
374 1535
375 393
376 900
377 1800
378 1562
379 395
380 2560
381 2314
382 2790
383 2393
384 2053
385 1544
386 1088
387 1748
388 156
389 799
390 1341
391 852
392 2719
393 368
394 1049
395 975
396 2466
397 2250
398 1823
399 2961
400 1157
401 861
402 2109
403 2545
404 2464
405 244
406 2170
407 2978
408 687
409 636
410 2389
411 1392
412 2902
413 692
414 2967
415 450
416 2722
417 889
418 2455
419 2824
420 1807
421 588
422 1120
423 1595
424 2250
425 303
426 1897
427 1153
428 1001
429 800
430 1848
431 966
432 1700
433 2876
434 2784
435 128
436 2047
437 854
438 1227
439 1507
440 1629
441 22
442 350
443 1603
444 408
445 2632
446 2361
447 2825
448 587
449 1427
450 1560
451 2405
452 1774
453 2786
454 2354
455 1280
456 2304
457 2541
458 2280
459 2981
460 2011
461 1980
462 431
463 1055
464 2388
465 2962
466 173
467 2307
468 2755
469 2122
470 311
471 224
472 390
473 1899
474 1550
475 1054
476 1223
477 1377
478 1163
479 112
480 2133
481 47
482 2058
483 1708
484 575
485 856
486 428
487 1313
488 1668
489 1075
490 2267
491 1028
492 816
493 1391
494 751
495 779
496 2360
497 1592
498 309
499 519
500 2271
501 127
502 152
503 233
504 1048
505 464
506 535
507 2522
508 210
509 640
510 2077
511 2699
512 2926
513 2764
514 535
515 2588
516 2807
517 989
518 1891
519 1522
520 1207
521 2398
522 526
523 1039
524 1881
525 2536
526 2631
527 2149
528 2713
529 2746
530 1201
531 710
532 400
533 2986
534 2851
535 126
536 1213
537 2855
538 1717
539 290
540 1824
541 1508
542 1900
543 2613
544 1798
545 733
546 1741
547 1485
548 260
549 7
550 963
551 2692
552 340
553 2772
554 409
555 2114
556 2183
557 1584
558 1367
559 2772
560 2963
561 2258
562 2606
563 1289
564 1971
565 1981
566 2683
567 2835
568 97
569 2315
570 580
571 2297
572 1418
573 2211
574 239
575 939
576 1244
577 2785
578 588
579 2132
580 1645
581 1774
582 2656
583 1020
584 2839
585 195
586 1673
587 1352
588 2068
589 1377
590 456
591 2743
592 1075
593 1999
594 2076
595 1843
596 1978
597 80
598 2702
599 709
600 782
601 2149
602 2966
603 2710
604 205
605 2681
606 1670
607 2549
608 44
609 2108
610 1465
611 499
612 188
613 258
614 1857
615 152
616 706
617 1083
618 1729
619 2525
620 273
621 877
622 1995
623 1711
624 659
625 289
626 2442
627 2899
628 2286
629 864
630 488
631 1920
632 2741
633 2263
634 2923
635 1040
636 2661
637 2713
638 617
639 2555
640 834
641 2839
642 1778
643 558
644 401
645 1355
646 2734
647 28
648 2745
649 1479
650 2969
651 948
652 2625
653 2111
654 212
655 2024
656 2070
657 603
658 1234
659 2043
660 1507
661 2543
662 734
663 1912
664 1419
665 1476
666 544
667 351
668 2319
669 1945
670 1581
671 2218
672 797
673 428
674 317
675 2289
676 603
677 2812
678 875
679 700
680 654
681 2239
682 569
683 2691
684 987
685 2686
686 1566
687 1300
688 752
689 642
690 632
691 1435
692 2120
693 2930
694 1017
695 2959
696 1281
697 2109
698 1541
699 48
700 1765
701 1665
702 124
703 697
704 1959
705 139
706 2095
707 2574
708 2753
709 1207
710 2608
711 878
712 2759
713 899
714 2605
715 958
716 2754
717 1955
718 437
719 2146
720 2043
721 1573
722 2721
723 627
724 1313
725 974
726 1209
727 804
728 1635
729 692
730 2771
731 1963
732 2680
733 1552
734 2918
735 2983
736 1561
737 2050
738 2460
739 1243
740 2878
741 267
742 2645
743 15
744 787
745 659
746 2417
747 434
748 2399
749 1486
750 1134
751 778
752 1263
753 1155
754 2083
755 1187
756 257
757 824
758 2220
759 10
760 1539
761 2264
762 687
763 946
764 317
765 146
766 1509
767 2197
768 387
769 89
770 1755
771 2249
772 989
773 2249
774 155
775 1402
776 1748
777 1045
778 2230
779 621
780 2830
781 2374
782 102
783 2701
784 2433
785 163
786 44
787 1904
788 480
789 2307
790 1294

