413 53
0 2530
1 1449
2 2146
3 352
4 1266
5 1027
6 1731
7 2517
8 831
9 25
10 1437
11 1618
12 2245
13 141
14 2244
15 1480
16 279
17 1905
18 186
19 2611
20 590
21 562
22 510
23 114
24 1258
25 2697
26 2410
27 2464
28 2116
29 1919
30 1343
31 778
32 2575
33 999
34 2742
35 1604
36 2375
37 2531
38 1291
39 2828
40 1593
41 2580
42 2275
43 2320
44 1118
45 1837
46 1579
47 1063
48 1843
49 2595
50 490
51 1237
52 2548
53 2417
54 2559
55 165
56 2848
57 691
58 502
59 2751
60 2329
61 1487
62 1375
63 2594
64 1147
65 784
66 1330
67 2385
68 2679
69 1899
70 989
71 2531
72 1362
73 1221
74 276
75 2342
76 2559
77 2842
78 1888
79 1835
80 2560
81 1696
82 2082
83 2818
84 298
85 459
86 2066
87 773
88 2928
89 1794
90 743
91 2995
92 1812
93 2761
94 2981
95 413
96 1345
97 676
98 2626
99 1412
100 1678
101 1327
102 2449
103 258
104 406
105 742
106 2689
107 1899
108 2248
109 2190
110 2296
111 2160
112 2751
113 1929
114 1384
115 1346
116 2501
117 1636
118 2364
119 955
120 1039
121 2001
122 1219
123 1393
124 2456
125 2935
126 231
127 110
128 680
129 2678
130 1462
131 2626
132 2010
133 2600
134 242
135 2004
136 1242
137 1390
138 38
139 1716
140 2721
141 2856
142 551
143 1023
144 1806
145 2611
146 441
147 1997
148 2275
149 90
150 1109
151 290
152 2893
153 1461
154 816
155 2350
156 2702
157 1830
158 2139
159 2491
160 2803
161 1739
162 1791
163 2659
164 1225
165 1959
166 124
167 171
168 2001
169 691
170 2886
171 947
172 1888
173 2512
174 325
175 1446
176 1486
177 2146
178 2994
179 2499
180 272
181 1998
182 1195
183 1101
184 545
185 38
186 2566
187 2622
188 515
189 2834
190 1882
191 2171
192 910
193 1426
194 86
195 1342
196 2203
197 1257
198 1398
199 11
200 1034
201 1459
202 352
203 1643
204 2309
205 1122
206 219
207 59
208 966
209 708
210 2055
211 874
212 212
213 1323
214 1505
215 1586
216 1486
217 1761
218 2748
219 2532
220 1268
221 2623
222 2364
223 2385
224 1951
225 1606
226 584
227 2219
228 2775
229 740
230 56
231 906
232 767
233 1198
234 404
235 2652
236 924
237 2864
238 1502
239 2321
240 203
241 1224
242 1047
243 311
244 1231
245 629
246 2852
247 88
248 974
249 1741
250 1973
251 1801
252 2903
253 1518
254 1025
255 1925
256 1483
257 2486
258 930
259 1701
260 2339
261 2926
262 260
263 2958
264 166
265 1673
266 859
267 1882
268 1927
269 930
270 1371
271 1244
272 1011
273 954
274 2430
275 2377
276 1510
277 2171
278 2378
279 2293
280 480
281 858
282 1721
283 1438
284 1619
285 2825
286 1310
287 34
288 1329
289 463
290 1290
291 1138
292 755
293 2938
294 46
295 103
296 2140
297 180
298 2516
299 2210
300 2552
301 150
302 2315
303 565
304 938
305 1429
306 675
307 462
308 2510
309 1399
310 2984
311 1443
312 2161
313 2852
314 434
315 91
316 2284
317 762
318 2734
319 1395
320 2949
321 1191
322 1347
323 565
324 2758
325 882
326 16
327 859
328 1264
329 1355
330 2887
331 2872
332 1568
333 1049
334 1413
335 1681
336 2205
337 673
338 2418
339 780
340 638
341 2500
342 161
343 511
344 594
345 1801
346 2295
347 607
348 2206
349 2307
350 695
351 1897
352 1900
353 735
354 2607
355 2698
356 703
357 2333
358 2240
359 556
360 1875
361 2149
362 2237
363 1304
364 1134
365 1659
366 1730
367 2336
368 467
369 2777
370 61
371 1140
372 2286
373 524
374 25
375 2399
376 1274
377 1463
378 2550
379 531
380 1903
381 1742
382 2034
383 2252
384 1768
385 1219
386 1673
387 1429
388 1588
389 2350
390 2558
391 1690
392 2198
393 816
394 2861
395 997
396 1806
397 1313
398 2382
399 1005
400 1803
401 1001
402 1241
403 879
404 2244
405 2033
406 2348
407 988
408 1311
409 191
410 1978
411 2629
412 2907

