858 33
0 2224
1 1936
2 2250
3 522
4 1190
5 977
6 974
7 1720
8 2719
9 139
10 2951
11 2723
12 995
13 2391
14 1329
15 808
16 2227
17 1198
18 2259
19 703
20 504
21 2317
22 2036
23 2031
24 1667
25 676
26 2549
27 1050
28 2897
29 308
30 761
31 2666
32 2936
33 2228
34 1809
35 1835
36 1440
37 1811
38 366
39 1262
40 2797
41 732
42 1957
43 427
44 247
45 1502
46 2063
47 1129
48 891
49 769
50 2325
51 2237
52 81
53 1714
54 2205
55 1342
56 2292
57 2957
58 1493
59 2997
60 1910
61 2349
62 2868
63 2030
64 365
65 2442
66 2795
67 2027
68 2124
69 143
70 1095
71 2323
72 2321
73 2789
74 310
75 1678
76 1988
77 1186
78 2718
79 1798
80 565
81 1434
82 2707
83 850
84 381
85 2950
86 451
87 197
88 355
89 2081
90 2226
91 181
92 370
93 2001
94 1711
95 879
96 1566
97 2062
98 636
99 1232
100 2846
101 777
102 1081
103 1294
104 103
105 1685
106 1638
107 912
108 1573
109 715
110 2743
111 430
112 1897
113 1020
114 331
115 765
116 836
117 2209
118 1117
119 973
120 2267
121 2163
122 63
123 198
124 2079
125 2683
126 2588
127 1063
128 1454
129 2898
130 1337
131 1631
132 1945
133 2128
134 2964
135 2599
136 1083
137 2084
138 2757
139 1017
140 1339
141 2461
142 2584
143 1630
144 2683
145 1539
146 135
147 245
148 720
149 1071
150 2700
151 1923
152 168
153 668
154 2435
155 1627
156 367
157 2470
158 629
159 365
160 474
161 819
162 2634
163 2609
164 1996
165 2716
166 2391
167 1587
168 2367
169 1790
170 1403
171 1726
172 757
173 1184
174 2841
175 2535
176 681
177 835
178 2189
179 2705
180 2529
181 266
182 1055
183 1454
184 457
185 2809
186 1744
187 2742
188 1998
189 938
190 686
191 2421
192 746
193 600
194 2083
195 153
196 1422
197 1164
198 2486
199 896
200 1952
201 1993
202 721
203 1140
204 955
205 2680
206 2638
207 1463
208 115
209 2992
210 1539
211 1076
212 214
213 2598
214 2734
215 2557
216 371
217 586
218 2774
219 562
220 1930
221 2923
222 2797
223 1817
224 942
225 130
226 487
227 36
228 2081
229 135
230 1200
231 919
232 226
233 2221
234 1101
235 91
236 1081
237 2799
238 2476
239 1400
240 1376
241 1560
242 1652
243 2185
244 475
245 939
246 2938
247 2017
248 2894
249 2437
250 167
251 284
252 2154
253 175
254 448
255 2232
256 2593
257 1481
258 1608
259 1088
260 2255
261 2987
262 2568
263 2346
264 689
265 2404
266 1739
267 1750
268 292
269 1365
270 2307
271 1424
272 904
273 221
274 1735
275 2242
276 2063
277 2694
278 1434
279 553
280 1494
281 293
282 2474
283 1071
284 2378
285 2351
286 2039
287 2457
288 1066
289 2495
290 2255
291 2671
292 2711
293 139
294 789
295 413
296 2645
297 2456
298 1148
299 555
300 2743
301 29
302 546
303 883
304 330
305 956
306 1409
307 1351
308 1906
309 2187
310 1693
311 969
312 1751
313 664
314 1184
315 961
316 1298
317 958
318 567
319 1048
320 486
321 390
322 1737
323 2257
324 2167
325 2762
326 1134
327 1679
328 1022
329 1776
330 1599
331 2552
332 2594
333 160
334 2241
335 988
336 1593
337 1271
338 223
339 2175
340 2506
341 821
342 2713
343 693
344 91
345 2832
346 1066
347 2149
348 2512
349 2056
350 2604
351 823
352 1354
353 591
354 2642
355 2488
356 2172
357 1192
358 1534
359 386
360 1178
361 2620
362 2966
363 19
364 428
365 629
366 1825
367 1677
368 2810
369 95
370 1745
371 538
372 729
373 1577
374 1717
375 2669
376 1558
377 2310
378 2959
379 191
380 977
381 1636
382 2519
383 116
384 1595
385 1628
386 125
387 2535
388 655
389 2077
390 420
391 2543
392 2516
393 772
394 1831
395 66
396 2360
397 2551
398 2923
399 1457
400 2542
401 1267
402 563
403 603
404 2934
405 2302
406 2979
407 1486
408 2993
409 622
410 48
411 2074
412 1201
413 2407
414 1619
415 416
416 836
417 1733
418 1568
419 2040
420 1749
421 2337
422 701
423 267
424 1161
425 65
426 2117
427 562
428 1566
429 275
430 1734
431 751
432 116
433 1929
434 35
435 1367
436 1044
437 1436
438 2140
439 2422
440 685
441 983
442 1129
443 2503
444 1646
445 396
446 2853
447 797
448 1447
449 823
450 2283
451 1180
452 767
453 1707
454 2353
455 2464
456 337
457 1251
458 2670
459 2540
460 1608
461 2368
462 2265
463 2542
464 1654
465 2484
466 2614
467 1415
468 2586
469 1737
470 1057
471 133
472 896
473 1878
474 240
475 266
476 448
477 2381
478 2135
479 1902
480 732
481 1906
482 2847
483 2808
484 1932
485 831
486 2693
487 2994
488 2567
489 624
490 2413
491 2569
492 1792
493 85
494 2571
495 419
496 281
497 83
498 2510
499 1276
500 799
501 1023
502 1282
503 183
504 1428
505 2299
506 1806
507 2311
508 2342
509 166
510 21
511 2012
512 445
513 1507
514 41
515 2895
516 2869
517 487
518 1686
519 2666
520 2793
521 2229
522 2060
523 1933
524 735
525 1207
526 2503
527 2442
528 1425
529 2656
530 948
531 500
532 1364
533 360
534 1146
535 720
536 1708
537 2797
538 1847
539 2564
540 1462
541 1691
542 29
543 1747
544 2849
545 40
546 1565
547 2011
548 283
549 2090
550 1770
551 975
552 295
553 2785
554 1658
555 1150
556 1920
557 438
558 688
559 1253
560 873
561 1494
562 2649
563 2620
564 874
565 238
566 1692
567 339
568 1609
569 193
570 585
571 1854
572 1212
573 1956
574 1091
575 2905
576 848
577 1682
578 231
579 2520
580 138
581 1629
582 92
583 2458
584 406
585 2368
586 1663
587 74
588 2122
589 2858
590 2337
591 2065
592 608
593 2544
594 109
595 1130
596 1896
597 1936
598 2674
599 1282
600 1241
601 743
602 2654
603 2361
604 1643
605 1440
606 12
607 2594
608 1043
609 248
610 10
611 1410
612 235
613 2456
614 1691
615 639
616 2617
617 391
618 349
619 184
620 1656
621 657
622 66
623 259
624 1533
625 2344
626 52
627 2634
628 2872
629 615
630 849
631 1059
632 43
633 1775
634 2881
635 294
636 2240
637 2671
638 1874
639 1723
640 430
641 1667
642 343
643 19
644 1437
645 417
646 1407
647 2672
648 541
649 1832
650 2016
651 384
652 1165
653 2317
654 2640
655 2729
656 1652
657 2470
658 1266
659 2651
660 75
661 1701
662 2226
663 723
664 1549
665 1627
666 2242
667 2927
668 622
669 766
670 2583
671 2904
672 1388
673 306
674 1633
675 521
676 441
677 2141
678 192
679 83
680 0
681 2761
682 2362
683 1988
684 563
685 1233
686 2089
687 841
688 479
689 2297
690 228
691 1835
692 253
693 2382
694 2406
695 130
696 2167
697 828
698 1016
699 2269
700 216
701 2867
702 2092
703 1954
704 2034
705 2081
706 1311
707 2942
708 1530
709 424
710 838
711 1922
712 1522
713 1740
714 2153
715 2993
716 2724
717 2240
718 1170
719 2068
720 2571
721 2310
722 1217
723 1132
724 2040
725 1444
726 2512
727 1224
728 1898
729 1981
730 2702
731 40
732 1752
733 1060
734 1933
735 713
736 2458
737 846
738 957
739 743
740 1846
741 1031
742 2538
743 740
744 2684
745 1369
746 2871
747 676
748 2344
749 1720
750 1351
751 977
752 103
753 2177
754 2255
755 2322
756 4
757 2981
758 631
759 1692
760 480
761 1230
762 1326
763 2614
764 999
765 2674
766 1448
767 1055
768 715
769 273
770 120
771 585
772 2146
773 2868
774 1138
775 1887
776 515
777 1872
778 2606
779 308
780 1551
781 1129
782 1213
783 854
784 2600
785 2576
786 1045
787 209
788 644
789 1383
790 2673
791 725
792 90
793 2619
794 989
795 73
796 1183
797 152
798 301
799 1911
800 1260
801 2445
802 2188
803 1299
804 295
805 2858
806 2591
807 2231
808 989
809 658
810 270
811 149
812 757
813 250
814 493
815 2393
816 396
817 2612
818 1297
819 2073
820 2772
821 2620
822 168
823 1628
824 1997
825 778
826 2498
827 1833
828 472
829 2654
830 1967
831 418
832 2303
833 1217
834 105
835 2475
836 1461
837 1198
838 1917
839 1051
840 1823
841 305
842 1973
843 2436
844 1027
845 1464
846 2929
847 2719
848 1512
849 2674
850 2420
851 1267
852 1317
853 2993
854 2353
855 950
856 1498
857 2385

