145 92
0 2588
1 2525
2 1603
3 2138
4 1682
5 1477
6 1439
7 1573
8 1787
9 2703
10 2629
11 177
12 644
13 1042
14 836
15 858
16 102
17 2399
18 1943
19 432
20 1634
21 1257
22 1599
23 2813
24 2474
25 1978
26 699
27 2786
28 70
29 413
30 874
31 1999
32 1003
33 1236
34 1705
35 432
36 1196
37 2524
38 533
39 593
40 1316
41 430
42 896
43 1973
44 99
45 1637
46 894
47 1174
48 2909
49 87
50 938
51 817
52 1767
53 1027
54 2884
55 848
56 82
57 2177
58 1827
59 1713
60 2533
61 180
62 2844
63 2522
64 2855
65 382
66 613
67 2966
68 595
69 1047
70 1436
71 2350
72 1729
73 590
74 1744
75 2389
76 2216
77 2818
78 2167
79 2304
80 765
81 597
82 1372
83 142
84 1830
85 2814
86 2353
87 1833
88 425
89 1064
90 600
91 1198
92 453
93 1494
94 2315
95 17
96 1820
97 1354
98 2127
99 2414
100 1982
101 666
102 1787
103 1247
104 615
105 2093
106 1553
107 2954
108 1512
109 1048
110 81
111 447
112 184
113 873
114 1399
115 1279
116 451
117 1165
118 848
119 1589
120 1081
121 599
122 48
123 2444
124 2205
125 1005
126 24
127 2642
128 737
129 2876
130 538
131 1894
132 2590
133 2568
134 1503
135 1219
136 2976
137 61
138 2810
139 2673
140 894
141 1197
142 720
143 1026
144 877

