197 18
0 2152
1 2248
2 349
3 2492
4 2259
5 2475
6 1260
7 1605
8 2046
9 14
10 514
11 520
12 2691
13 2534
14 2345
15 51
16 1431
17 2206
18 1759
19 543
20 19
21 29
22 327
23 1608
24 2769
25 7
26 797
27 2547
28 2265
29 1613
30 2084
31 2325
32 921
33 2212
34 1635
35 2121
36 2080
37 1716
38 713
39 2354
40 793
41 362
42 2866
43 737
44 1081
45 2525
46 1714
47 822
48 2247
49 2479
50 463
51 877
52 1055
53 1959
54 2326
55 125
56 1997
57 1667
58 1577
59 2962
60 1588
61 1421
62 1919
63 614
64 691
65 151
66 2481
67 2428
68 1937
69 32
70 2430
71 891
72 759
73 1439
74 125
75 2671
76 1552
77 2670
78 2478
79 2393
80 90
81 510
82 2831
83 2883
84 349
85 1431
86 1728
87 2287
88 2996
89 1163
90 2347
91 112
92 72
93 1045
94 1993
95 274
96 1412
97 2476
98 1346
99 1135
100 2448
101 1524
102 328
103 1487
104 2416
105 768
106 2159
107 2178
108 2072
109 1127
110 441
111 1170
112 1080
113 2726
114 690
115 719
116 2841
117 1973
118 1522
119 2950
120 2969
121 2700
122 117
123 1211
124 0
125 2734
126 1673
127 975
128 282
129 2770
130 819
131 945
132 2744
133 1571
134 2276
135 1154
136 457
137 132
138 2117
139 586
140 1339
141 1443
142 1407
143 1969
144 1008
145 2963
146 2554
147 971
148 527
149 419
150 2441
151 572
152 2430
153 718
154 717
155 1466
156 2968
157 640
158 2538
159 1805
160 462
161 525
162 1494
163 2509
164 742
165 256
166 313
167 484
168 2929
169 2007
170 2426
171 2321
172 1445
173 2969
174 1542
175 155
176 1196
177 1527
178 1641
179 2580
180 1841
181 2046
182 2781
183 1596
184 266
185 402
186 2867
187 611
188 20
189 2654
190 604
191 2853
192 1645
193 858
194 2377
195 1365
196 2200

