401 58
0 1729
1 1148
2 698
3 2024
4 886
5 1896
6 2956
7 2082
8 2735
9 2172
10 2130
11 699
12 2133
13 1687
14 2264
15 2862
16 1133
17 2931
18 2956
19 2469
20 2536
21 2679
22 126
23 229
24 2744
25 1608
26 1025
27 1971
28 2477
29 2943
30 729
31 1843
32 1287
33 1627
34 649
35 2176
36 1231
37 1907
38 1874
39 978
40 2632
41 1042
42 203
43 2341
44 1837
45 805
46 2167
47 2066
48 1212
49 2241
50 1055
51 790
52 1196
53 885
54 905
55 1080
56 1533
57 764
58 2529
59 160
60 1855
61 984
62 1431
63 1724
64 2278
65 947
66 2858
67 1797
68 995
69 1488
70 1867
71 356
72 2668
73 1242
74 1517
75 568
76 987
77 1671
78 2215
79 2536
80 2739
81 2043
82 2234
83 335
84 830
85 2942
86 171
87 2387
88 660
89 1187
90 132
91 2297
92 409
93 195
94 843
95 1240
96 341
97 2236
98 1712
99 251
100 1357
101 1678
102 559
103 2125
104 631
105 2483
106 2976
107 1050
108 1750
109 2167
110 2319
111 1569
112 1607
113 1246
114 63
115 2661
116 1786
117 965
118 2489
119 256
120 52
121 397
122 2036
123 2539
124 1578
125 1726
126 937
127 2226
128 2961
129 2010
130 633
131 1183
132 441
133 1555
134 1292
135 624
136 1835
137 646
138 1356
139 312
140 1779
141 2759
142 2165
143 2210
144 2309
145 2417
146 355
147 101
148 1825
149 756
150 1276
151 1478
152 866
153 2656
154 1847
155 2456
156 724
157 482
158 384
159 73
160 451
161 2104
162 1830
163 618
164 580
165 2416
166 1502
167 2283
168 696
169 41
170 2135
171 1670
172 1108
173 4
174 1409
175 1064
176 2781
177 240
178 2896
179 2919
180 282
181 2463
182 946
183 895
184 1233
185 509
186 1093
187 2484
188 2701
189 1072
190 212
191 2544
192 1742
193 1377
194 1770
195 1722
196 2688
197 1208
198 2816
199 135
200 2166
201 1797
202 2095
203 1454
204 1194
205 195
206 2339
207 232
208 689
209 1306
210 2130
211 2941
212 2921
213 2915
214 1993
215 855
216 2848
217 505
218 2009
219 852
220 2434
221 1906
222 2497
223 1170
224 1470
225 2256
226 296
227 1319
228 2236
229 131
230 588
231 1429
232 904
233 597
234 440
235 2757
236 208
237 2124
238 2332
239 1775
240 2100
241 1783
242 843
243 2659
244 1665
245 1265
246 1113
247 2377
248 2740
249 335
250 2183
251 2928
252 1866
253 32
254 1165
255 1357
256 1270
257 1637
258 1624
259 714
260 2838
261 291
262 704
263 1725
264 2566
265 1132
266 2393
267 356
268 76
269 2570
270 2574
271 1300
272 165
273 2109
274 2951
275 1606
276 1989
277 2388
278 2835
279 1855
280 1177
281 380
282 82
283 854
284 2423
285 2582
286 389
287 1705
288 264
289 2073
290 344
291 1679
292 704
293 1528
294 1592
295 1420
296 2096
297 1997
298 2220
299 2637
300 1143
301 248
302 773
303 1371
304 2906
305 1329
306 714
307 2394
308 1666
309 2324
310 254
311 2732
312 41
313 1146
314 1940
315 2843
316 1465
317 1986
318 2887
319 774
320 743
321 1478
322 1490
323 2492
324 2546
325 799
326 1368
327 1717
328 1470
329 1080
330 1662
331 2906
332 1838
333 2006
334 1913
335 2875
336 976
337 2843
338 2306
339 1791
340 2930
341 220
342 958
343 1389
344 270
345 2920
346 2659
347 1425
348 2152
349 447
350 538
351 2429
352 470
353 271
354 1090
355 836
356 2115
357 2740
358 999
359 929
360 1195
361 2658
362 1805
363 669
364 779
365 1457
366 153
367 2795
368 2187
369 1607
370 1303
371 372
372 1374
373 1514
374 149
375 832
376 2405
377 2951
378 87
379 2360
380 553
381 1586
382 1515
383 741
384 867
385 1602
386 1816
387 1000
388 1554
389 2177
390 2870
391 2946
392 759
393 1905
394 1638
395 1468
396 1101
397 1393
398 1194
399 299
400 2590

