355 95
0 2003
1 2984
2 881
3 2410
4 1882
5 1094
6 2526
7 2787
8 433
9 1987
10 99
11 1848
12 2521
13 2417
14 2185
15 2337
16 914
17 383
18 2617
19 787
20 475
21 466
22 1194
23 952
24 1401
25 2457
26 510
27 389
28 1894
29 715
30 1453
31 825
32 2206
33 1907
34 2722
35 2735
36 958
37 1228
38 860
39 947
40 479
41 978
42 2649
43 568
44 1821
45 1886
46 645
47 786
48 1292
49 2559
50 46
51 2829
52 717
53 152
54 114
55 189
56 2691
57 1615
58 2666
59 17
60 974
61 330
62 1357
63 766
64 2207
65 1790
66 1652
67 2328
68 663
69 575
70 1253
71 2493
72 2882
73 664
74 874
75 2620
76 2903
77 739
78 1441
79 623
80 1373
81 2661
82 2450
83 81
84 1266
85 2044
86 1793
87 1929
88 2694
89 278
90 2510
91 756
92 2533
93 1561
94 1140
95 1550
96 901
97 444
98 2715
99 72
100 294
101 2170
102 139
103 941
104 977
105 768
106 2366
107 2258
108 360
109 676
110 947
111 1967
112 1719
113 391
114 2
115 87
116 2871
117 1624
118 2565
119 2239
120 2406
121 681
122 2718
123 2940
124 226
125 1103
126 2034
127 510
128 1952
129 1257
130 1734
131 515
132 1770
133 1258
134 1876
135 2416
136 1861
137 1287
138 2772
139 1851
140 2214
141 2181
142 891
143 1151
144 1115
145 1513
146 250
147 1691
148 1430
149 1527
150 640
151 1978
152 1197
153 1113
154 214
155 293
156 486
157 152
158 2783
159 839
160 1374
161 69
162 1788
163 51
164 2721
165 2721
166 1129
167 1538
168 2593
169 2393
170 2552
171 1500
172 1433
173 1599
174 2529
175 1040
176 458
177 576
178 1227
179 1218
180 952
181 1875
182 157
183 2249
184 1056
185 1343
186 120
187 1254
188 57
189 2555
190 681
191 15
192 1729
193 1274
194 43
195 510
196 1234
197 529
198 1194
199 827
200 2978
201 2945
202 1582
203 1709
204 2875
205 950
206 2346
207 1899
208 1856
209 1397
210 2542
211 251
212 120
213 193
214 1271
215 2186
216 227
217 1069
218 1722
219 1
220 1601
221 836
222 2719
223 2489
224 627
225 1304
226 272
227 1772
228 2946
229 1613
230 1480
231 1731
232 1472
233 2955
234 1088
235 2242
236 1417
237 1694
238 2968
239 2414
240 804
241 1429
242 1144
243 2252
244 2327
245 130
246 93
247 1312
248 841
249 1531
250 1624
251 605
252 1998
253 1507
254 2902
255 1891
256 273
257 2404
258 1537
259 591
260 1365
261 26
262 2899
263 1947
264 1206
265 2299
266 2702
267 1083
268 156
269 1650
270 2551
271 1137
272 2643
273 2687
274 1917
275 1011
276 2089
277 2951
278 1644
279 1087
280 53
281 1244
282 1965
283 1240
284 1660
285 386
286 1396
287 2519
288 813
289 417
290 2976
291 170
292 1146
293 257
294 704
295 1582
296 1941
297 16
298 1469
299 144
300 1712
301 788
302 592
303 1022
304 1100
305 476
306 1574
307 1345
308 1337
309 2491
310 320
311 937
312 1027
313 1282
314 205
315 236
316 609
317 218
318 2541
319 512
320 2737
321 1307
322 2145
323 392
324 1629
325 906
326 2655
327 2767
328 633
329 1327
330 1725
331 60
332 2975
333 2252
334 2245
335 2372
336 1341
337 1484
338 127
339 2793
340 2916
341 1726
342 1242
343 1458
344 2998
345 654
346 1840
347 2199
348 2635
349 2737
350 629
351 2302
352 2897
353 312
354 768

