394 13
0 2354
1 2244
2 1001
3 2285
4 997
5 2331
6 1299
7 1555
8 2349
9 1270
10 2051
11 2580
12 1742
13 1322
14 2904
15 462
16 1677
17 742
18 2231
19 901
20 1867
21 778
22 2512
23 2369
24 1935
25 1407
26 750
27 1566
28 1890
29 1225
30 2482
31 2292
32 680
33 953
34 786
35 171
36 1583
37 1614
38 1784
39 1252
40 2495
41 427
42 1435
43 2696
44 1046
45 184
46 2258
47 1718
48 2293
49 2472
50 2184
51 2843
52 1730
53 2988
54 1084
55 101
56 2901
57 1778
58 2762
59 2206
60 263
61 411
62 255
63 1736
64 968
65 118
66 250
67 228
68 1469
69 2570
70 509
71 2632
72 2758
73 1876
74 2832
75 608
76 1456
77 2143
78 38
79 180
80 1632
81 1650
82 1419
83 2058
84 1955
85 1655
86 2338
87 2785
88 762
89 796
90 1605
91 2993
92 2151
93 2050
94 1243
95 1561
96 2990
97 675
98 430
99 2994
100 2288
101 179
102 1601
103 0
104 1402
105 2392
106 713
107 1892
108 2741
109 1386
110 2393
111 2589
112 2728
113 760
114 1620
115 27
116 954
117 903
118 590
119 771
120 1667
121 481
122 2117
123 1166
124 800
125 2246
126 1665
127 20
128 2079
129 707
130 735
131 923
132 268
133 777
134 1497
135 2292
136 2318
137 1094
138 1653
139 2962
140 1108
141 142
142 1349
143 2512
144 1581
145 2756
146 985
147 2712
148 849
149 2108
150 2337
151 452
152 2720
153 1211
154 744
155 701
156 2773
157 166
158 483
159 807
160 123
161 275
162 1099
163 2498
164 504
165 1717
166 1990
167 2907
168 2477
169 1738
170 316
171 2804
172 2699
173 2936
174 2885
175 1300
176 830
177 2998
178 1388
179 1576
180 2373
181 695
182 1854
183 1949
184 1673
185 339
186 2355
187 93
188 1426
189 858
190 2778
191 2210
192 1797
193 1532
194 2922
195 415
196 2601
197 1618
198 141
199 2457
200 2274
201 2666
202 2995
203 2716
204 1570
205 1873
206 1970
207 1960
208 2175
209 1702
210 971
211 1296
212 1902
213 1228
214 2644
215 1009
216 1950
217 52
218 210
219 2925
220 2907
221 1043
222 1199
223 636
224 2740
225 2018
226 1619
227 1356
228 1673
229 805
230 2924
231 1843
232 2917
233 545
234 2790
235 1857
236 224
237 2580
238 678
239 2374
240 1331
241 365
242 1257
243 1479
244 2559
245 2637
246 1536
247 1509
248 1905
249 2734
250 2121
251 1799
252 2651
253 2634
254 2592
255 1620
256 88
257 526
258 740
259 1798
260 2242
261 2525
262 2343
263 2727
264 1284
265 1913
266 1182
267 1482
268 691
269 706
270 1791
271 1018
272 1608
273 1798
274 1745
275 234
276 657
277 2073
278 2319
279 1331
280 2069
281 1850
282 987
283 2099
284 160
285 2844
286 2512
287 2955
288 197
289 2084
290 75
291 2854
292 1708
293 2630
294 1683
295 1763
296 2815
297 2458
298 2145
299 2627
300 1720
301 2652
302 1649
303 2957
304 2480
305 888
306 967
307 1479
308 914
309 788
310 1957
311 2750
312 2237
313 1471
314 2813
315 993
316 2200
317 142
318 932
319 136
320 1749
321 1608
322 503
323 242
324 704
325 1854
326 1639
327 2739
328 2528
329 2354
330 1847
331 532
332 2782
333 1751
334 1099
335 551
336 1410
337 756
338 1956
339 1405
340 1772
341 5
342 718
343 2571
344 878
345 1988
346 1916
347 2474
348 642
349 2138
350 2806
351 1659
352 525
353 1236
354 2593
355 1840
356 2681
357 2795
358 2654
359 1393
360 2153
361 2077
362 2079
363 682
364 319
365 2265
366 2854
367 2805
368 2039
369 1223
370 2807
371 391
372 113
373 1283
374 1869
375 1569
376 1695
377 2691
378 2105
379 1540
380 2516
381 2517
382 2780
383 2804
384 1181
385 1771
386 784
387 1569
388 1743
389 2721
390 443
391 2458
392 1781
393 1475

