768 21
0 1813
1 2344
2 1884
3 2336
4 1051
5 2153
6 211
7 161
8 1085
9 2796
10 2193
11 2722
12 2794
13 141
14 1586
15 2530
16 2006
17 273
18 2505
19 1320
20 621
21 1112
22 2218
23 79
24 249
25 2264
26 2434
27 511
28 2146
29 1193
30 2600
31 366
32 719
33 2309
34 1377
35 1152
36 935
37 1081
38 1918
39 2616
40 1055
41 895
42 2964
43 2961
44 1442
45 2941
46 1444
47 2429
48 252
49 2790
50 1560
51 2518
52 2749
53 1193
54 1100
55 2970
56 2938
57 1541
58 992
59 2058
60 536
61 2861
62 1338
63 2106
64 1020
65 2596
66 477
67 415
68 1055
69 2757
70 2982
71 205
72 2455
73 2204
74 390
75 58
76 1926
77 1255
78 657
79 66
80 2788
81 2725
82 2767
83 647
84 1175
85 2372
86 859
87 303
88 969
89 2065
90 2761
91 2653
92 1064
93 95
94 2743
95 1626
96 1882
97 718
98 2884
99 2606
100 536
101 2943
102 1562
103 1057
104 684
105 1158
106 2037
107 2618
108 2500
109 1243
110 748
111 943
112 1223
113 2286
114 2793
115 2523
116 2756
117 1029
118 1501
119 2613
120 316
121 507
122 145
123 2697
124 2727
125 2953
126 629
127 1679
128 1509
129 1412
130 282
131 364
132 1723
133 449
134 709
135 515
136 1161
137 977
138 968
139 1802
140 2425
141 1357
142 2272
143 488
144 1618
145 2706
146 1899
147 1063
148 2111
149 640
150 2918
151 2320
152 1674
153 2831
154 1605
155 1860
156 2922
157 552
158 1607
159 1881
160 802
161 454
162 874
163 170
164 986
165 2941
166 1831
167 1822
168 2076
169 1122
170 1401
171 780
172 1349
173 2499
174 8
175 791
176 1036
177 1206
178 992
179 116
180 164
181 431
182 363
183 2158
184 848
185 2207
186 1580
187 1372
188 2197
189 2998
190 655
191 2935
192 1734
193 1154
194 376
195 718
196 1404
197 1697
198 2038
199 2874
200 965
201 761
202 2386
203 1101
204 1419
205 2790
206 2625
207 1804
208 1586
209 1280
210 79
211 1231
212 1633
213 1480
214 2448
215 412
216 2855
217 1570
218 807
219 518
220 2620
221 2700
222 553
223 786
224 2388
225 2025
226 458
227 2623
228 1847
229 1632
230 1441
231 2824
232 109
233 1864
234 295
235 59
236 2035
237 482
238 2377
239 1198
240 2985
241 1167
242 2682
243 1196
244 2334
245 1088
246 2945
247 2755
248 2605
249 810
250 19
251 2302
252 2652
253 2630
254 2395
255 1020
256 2986
257 2009
258 2
259 1183
260 603
261 2783
262 1840
263 427
264 2591
265 2204
266 1963
267 513
268 1133
269 1819
270 2916
271 1464
272 2790
273 258
274 2206
275 452
276 206
277 2871
278 2674
279 1372
280 523
281 1922
282 1898
283 2504
284 2408
285 2495
286 2372
287 916
288 2153
289 510
290 1727
291 1582
292 1497
293 228
294 1378
295 2721
296 1683
297 2395
298 1155
299 682
300 2648
301 183
302 1306
303 399
304 2691
305 895
306 835
307 2147
308 253
309 1873
310 47
311 1259
312 1943
313 2137
314 2114
315 1332
316 746
317 572
318 1872
319 2485
320 2165
321 1162
322 941
323 2819
324 2503
325 1309
326 742
327 1537
328 3000
329 2076
330 2022
331 2766
332 137
333 971
334 257
335 1677
336 2025
337 1971
338 1425
339 426
340 2739
341 1880
342 1625
343 1439
344 1708
345 2747
346 2090
347 1468
348 2904
349 566
350 721
351 390
352 2479
353 2946
354 431
355 1468
356 1123
357 438
358 719
359 2403
360 1010
361 2061
362 2118
363 608
364 1488
365 2121
366 2721
367 124
368 1545
369 1608
370 511
371 2083
372 1240
373 2837
374 2940
375 2518
376 336
377 2693
378 1952
379 798
380 2137
381 1727
382 1871
383 1810
384 334
385 929
386 412
387 1595
388 86
389 2854
390 2295
391 2320
392 1167
393 2472
394 131
395 2417
396 96
397 1173
398 1543
399 1802
400 560
401 194
402 2724
403 1868
404 1204
405 1995
406 300
407 2540
408 604
409 1073
410 851
411 1711
412 1717
413 2460
414 1862
415 1048
416 1500
417 326
418 2910
419 92
420 2479
421 1718
422 2724
423 1924
424 948
425 1847
426 1597
427 2538
428 1136
429 2190
430 1122
431 977
432 2915
433 2874
434 624
435 2405
436 2221
437 344
438 2952
439 280
440 371
441 348
442 2986
443 2935
444 2835
445 1406
446 1339
447 2191
448 2881
449 2232
450 691
451 1041
452 1561
453 1777
454 1105
455 1530
456 2682
457 1700
458 1129
459 2745
460 935
461 2310
462 1828
463 2426
464 2011
465 930
466 1249
467 1370
468 2402
469 2776
470 581
471 475
472 1688
473 653
474 1681
475 671
476 1260
477 1523
478 2740
479 1240
480 2740
481 898
482 2201
483 172
484 720
485 2147
486 2706
487 2031
488 682
489 2438
490 1230
491 1435
492 991
493 2826
494 1390
495 462
496 1717
497 393
498 1174
499 2647
500 264
501 1538
502 40
503 693
504 1448
505 1179
506 2629
507 169
508 1828
509 1742
510 1851
511 1874
512 1638
513 1368
514 2480
515 87
516 1385
517 2538
518 1085
519 2612
520 1773
521 1278
522 2648
523 683
524 1122
525 1592
526 10
527 2637
528 1797
529 531
530 2478
531 2974
532 2490
533 430
534 2402
535 2921
536 1593
537 1876
538 216
539 1158
540 398
541 2245
542 2336
543 971
544 1818
545 478
546 785
547 2476
548 876
549 385
550 2298
551 1668
552 481
553 86
554 1868
555 1403
556 562
557 1235
558 1613
559 1303
560 1765
561 140
562 720
563 2748
564 383
565 2546
566 24
567 1045
568 1570
569 963
570 657
571 414
572 1295
573 784
574 1729
575 1095
576 2584
577 2025
578 1781
579 951
580 2496
581 853
582 818
583 901
584 1589
585 2328
586 2504
587 1617
588 1303
589 182
590 908
591 104
592 1907
593 2534
594 1852
595 362
596 94
597 548
598 1487
599 474
600 371
601 248
602 1743
603 2874
604 1136
605 1353
606 1103
607 2060
608 1971
609 354
610 1019
611 467
612 1371
613 610
614 1630
615 1290
616 942
617 2208
618 341
619 2319
620 2825
621 1935
622 2285
623 14
624 2894
625 1471
626 2306
627 202
628 1441
629 285
630 2114
631 317
632 1620
633 578
634 2510
635 1231
636 610
637 608
638 2690
639 1607
640 2700
641 1566
642 2342
643 631
644 2971
645 1017
646 2581
647 1342
648 1720
649 1704
650 2947
651 1635
652 1554
653 1119
654 588
655 130
656 2832
657 2487
658 128
659 139
660 51
661 97
662 2852
663 26
664 809
665 1921
666 1820
667 2444
668 918
669 2009
670 1282
671 722
672 1012
673 1675
674 2477
675 2777
676 2734
677 923
678 818
679 374
680 645
681 261
682 1046
683 1382
684 2595
685 2070
686 555
687 1353
688 1231
689 1535
690 2782
691 172
692 1357
693 2557
694 696
695 1795
696 1445
697 2459
698 2197
699 1682
700 1913
701 2644
702 1500
703 99
704 1978
705 2103
706 1672
707 1904
708 1658
709 1491
710 2863
711 1867
712 89
713 1072
714 344
715 2539
716 11
717 342
718 947
719 1052
720 1948
721 2356
722 2302
723 1503
724 2898
725 1234
726 261
727 2394
728 770
729 1923
730 2543
731 2518
732 2965
733 224
734 2488
735 1057
736 2789
737 1334
738 874
739 1377
740 236
741 2942
742 1449
743 877
744 1213
745 2068
746 2601
747 1616
748 1697
749 2984
750 1104
751 1283
752 2054
753 611
754 2679
755 906
756 2234
757 794
758 276
759 1924
760 361
761 1212
762 995
763 722
764 2730
765 2521
766 1680
767 609

