220 84
0 1056
1 2998
2 2356
3 1034
4 191
5 644
6 1042
7 1059
8 1206
9 422
10 1009
11 1751
12 769
13 1308
14 1131
15 2150
16 1939
17 1037
18 942
19 1749
20 382
21 1329
22 1666
23 2245
24 1947
25 168
26 246
27 2141
28 2421
29 2421
30 2028
31 78
32 1882
33 94
34 1365
35 1190
36 1380
37 1669
38 385
39 2088
40 1228
41 478
42 1979
43 1385
44 587
45 1660
46 1851
47 1380
48 487
49 2659
50 2180
51 1427
52 1216
53 1810
54 1965
55 2308
56 1782
57 1147
58 1141
59 1531
60 325
61 1821
62 1007
63 320
64 2029
65 917
66 2851
67 1451
68 2651
69 2444
70 2154
71 1601
72 521
73 2978
74 863
75 1058
76 2314
77 654
78 2080
79 2331
80 318
81 908
82 1045
83 2940
84 2020
85 905
86 1750
87 1092
88 2536
89 252
90 1147
91 2345
92 1443
93 1759
94 2882
95 2778
96 2953
97 2744
98 693
99 125
100 539
101 1205
102 1902
103 778
104 2762
105 1585
106 438
107 2792
108 474
109 759
110 1940
111 225
112 2040
113 353
114 2976
115 1120
116 2771
117 798
118 2800
119 799
120 2942
121 1432
122 2854
123 657
124 1879
125 750
126 2653
127 2984
128 242
129 1326
130 622
131 462
132 398
133 182
134 2579
135 884
136 381
137 1858
138 2070
139 1300
140 2736
141 2893
142 923
143 2379
144 2709
145 2925
146 1837
147 1169
148 2027
149 981
150 2162
151 2475
152 775
153 772
154 2986
155 2871
156 2349
157 474
158 280
159 537
160 1215
161 2474
162 878
163 2286
164 1884
165 1022
166 16
167 1723
168 576
169 2658
170 2841
171 450
172 2891
173 2416
174 349
175 2089
176 568
177 2230
178 1473
179 615
180 31
181 577
182 519
183 2278
184 2945
185 2800
186 89
187 2220
188 0
189 2965
190 786
191 2000
192 1867
193 2734
194 2026
195 1963
196 2356
197 2824
198 1429
199 1996
200 1374
201 1749
202 645
203 2056
204 861
205 1720
206 908
207 1967
208 1216
209 1435
210 230
211 2880
212 1495
213 1131
214 1554
215 566
216 2209
217 211
218 1453
219 232

