971 48
0 1876
1 284
2 2587
3 1708
4 60
5 1049
6 2299
7 840
8 2943
9 2044
10 2974
11 1174
12 816
13 506
14 2579
15 979
16 2512
17 177
18 649
19 1071
20 1327
21 400
22 1601
23 863
24 1230
25 927
26 312
27 1110
28 852
29 2065
30 2371
31 1070
32 209
33 486
34 2275
35 886
36 623
37 2121
38 2370
39 2043
40 2079
41 575
42 264
43 2400
44 1926
45 2476
46 103
47 641
48 2244
49 2699
50 848
51 2474
52 2399
53 2581
54 2166
55 1256
56 1104
57 1027
58 2760
59 432
60 427
61 1783
62 2213
63 2531
64 1691
65 1805
66 607
67 2623
68 2327
69 1440
70 841
71 2099
72 1154
73 1976
74 2132
75 598
76 2918
77 816
78 725
79 2782
80 1718
81 178
82 168
83 841
84 1780
85 237
86 2331
87 408
88 2438
89 1057
90 2562
91 2899
92 1236
93 1788
94 1453
95 1468
96 2351
97 1627
98 294
99 2609
100 2933
101 1368
102 2120
103 2532
104 2789
105 1691
106 1811
107 133
108 139
109 284
110 563
111 1452
112 570
113 1458
114 907
115 2290
116 2278
117 2278
118 1022
119 2987
120 115
121 372
122 1951
123 2613
124 1289
125 282
126 1981
127 1184
128 1931
129 1251
130 2527
131 1235
132 2838
133 2751
134 901
135 413
136 2091
137 13
138 300
139 2983
140 1351
141 2592
142 378
143 2345
144 810
145 1220
146 2670
147 964
148 1799
149 2162
150 1960
151 2501
152 1745
153 752
154 2308
155 2650
156 1487
157 1860
158 1987
159 1346
160 1623
161 1736
162 1538
163 2403
164 27
165 967
166 1824
167 2406
168 2175
169 1119
170 2815
171 1961
172 1976
173 2054
174 2353
175 2872
176 746
177 2695
178 2157
179 2054
180 2699
181 2734
182 1525
183 787
184 1937
185 67
186 4
187 855
188 2463
189 966
190 29
191 1137
192 624
193 1826
194 2200
195 2269
196 978
197 878
198 2386
199 1147
200 67
201 1938
202 1610
203 2953
204 2799
205 65
206 2799
207 112
208 2774
209 272
210 574
211 171
212 1081
213 181
214 1832
215 2346
216 610
217 1847
218 2140
219 925
220 1666
221 2092
222 1363
223 2995
224 1450
225 330
226 1473
227 21
228 2193
229 2512
230 566
231 409
232 1918
233 968
234 1299
235 1786
236 2670
237 1374
238 2219
239 2772
240 854
241 872
242 2047
243 228
244 565
245 791
246 2978
247 997
248 1151
249 2290
250 632
251 910
252 1776
253 570
254 1982
255 1867
256 1458
257 2943
258 1710
259 2428
260 999
261 2803
262 935
263 840
264 877
265 2944
266 390
267 1614
268 1618
269 317
270 1555
271 715
272 1856
273 2235
274 867
275 2634
276 478
277 308
278 1511
279 2318
280 1720
281 2283
282 827
283 1149
284 1363
285 567
286 219
287 208
288 1673
289 2775
290 857
291 1188
292 2388
293 1593
294 1609
295 2405
296 407
297 2442
298 1087
299 1637
300 1576
301 2368
302 2629
303 2751
304 430
305 39
306 1551
307 2642
308 2487
309 2125
310 2941
311 1983
312 278
313 579
314 2656
315 327
316 2620
317 2996
318 603
319 180
320 1141
321 299
322 281
323 516
324 1203
325 1507
326 1440
327 1130
328 307
329 491
330 1587
331 187
332 806
333 1865
334 208
335 224
336 2693
337 579
338 358
339 2760
340 2202
341 1283
342 2400
343 2441
344 558
345 2608
346 2441
347 248
348 2344
349 1236
350 2823
351 703
352 555
353 2046
354 625
355 2396
356 798
357 746
358 2379
359 94
360 2090
361 1541
362 438
363 2547
364 1823
365 1635
366 736
367 1409
368 252
369 2772
370 1018
371 14
372 1134
373 2540
374 411
375 895
376 2348
377 2492
378 1822
379 439
380 505
381 2952
382 550
383 150
384 1989
385 58
386 1369
387 2058
388 1533
389 877
390 543
391 1304
392 1929
393 396
394 543
395 1911
396 11
397 2658
398 778
399 1078
400 1881
401 797
402 2152
403 1896
404 1620
405 1725
406 2926
407 2184
408 129
409 2804
410 365
411 1419
412 2865
413 2017
414 301
415 963
416 2014
417 2863
418 2287
419 2571
420 1321
421 266
422 1820
423 374
424 696
425 2112
426 1863
427 1865
428 490
429 1533
430 54
431 1761
432 848
433 2069
434 543
435 148
436 2265
437 2899
438 873
439 901
440 1385
441 2285
442 2339
443 955
444 1976
445 1195
446 965
447 1382
448 1432
449 623
450 1769
451 2512
452 1679
453 2530
454 2688
455 2323
456 1616
457 2563
458 470
459 2377
460 1961
461 443
462 540
463 2120
464 1348
465 631
466 1451
467 2161
468 1175
469 1049
470 445
471 897
472 1850
473 414
474 2165
475 1249
476 2121
477 1913
478 941
479 1486
480 2560
481 1806
482 2423
483 1944
484 922
485 2704
486 996
487 1805
488 675
489 1667
490 571
491 1952
492 312
493 2545
494 2968
495 1169
496 919
497 2116
498 1664
499 73
500 2796
501 2766
502 945
503 2383
504 515
505 180
506 1935
507 1413
508 1492
509 2753
510 260
511 1483
512 820
513 2612
514 2013
515 2784
516 230
517 1685
518 2062
519 1497
520 882
521 2505
522 1379
523 2161
524 709
525 885
526 419
527 600
528 2161
529 1736
530 1437
531 2955
532 2905
533 2966
534 2808
535 759
536 2245
537 2538
538 2890
539 1424
540 2700
541 755
542 1311
543 30
544 653
545 2362
546 2134
547 802
548 88
549 1616
550 2875
551 532
552 2885
553 427
554 207
555 2599
556 2290
557 1271
558 2265
559 2905
560 1096
561 587
562 627
563 2665
564 2744
565 614
566 467
567 2271
568 517
569 2875
570 1362
571 2109
572 1481
573 2985
574 2535
575 1989
576 2514
577 590
578 1188
579 2171
580 1836
581 1340
582 1492
583 481
584 1431
585 1387
586 2241
587 1489
588 1009
589 2866
590 1118
591 845
592 2688
593 414
594 573
595 158
596 2418
597 170
598 866
599 2418
600 7
601 2539
602 2752
603 1645
604 2260
605 1590
606 984
607 1025
608 341
609 2534
610 710
611 2174
612 2321
613 1352
614 1149
615 1873
616 1056
617 2843
618 1335
619 1831
620 1177
621 1063
622 2994
623 1365
624 1214
625 2790
626 738
627 1694
628 2129
629 1029
630 2119
631 2250
632 543
633 2113
634 2511
635 1961
636 2970
637 91
638 1890
639 1064
640 853
641 187
642 1012
643 1211
644 737
645 1794
646 1315
647 1877
648 2289
649 1100
650 2577
651 2007
652 130
653 802
654 1962
655 812
656 2037
657 2219
658 2064
659 1126
660 1681
661 1441
662 1476
663 2629
664 1780
665 1319
666 2974
667 742
668 1533
669 383
670 1131
671 589
672 571
673 1538
674 19
675 962
676 852
677 2368
678 2108
679 2104
680 2698
681 2312
682 2187
683 1883
684 2714
685 2194
686 2326
687 2735
688 223
689 946
690 1056
691 2510
692 685
693 1990
694 532
695 764
696 1819
697 2379
698 2674
699 354
700 358
701 2733
702 991
703 2218
704 2938
705 1642
706 158
707 744
708 430
709 8
710 852
711 2900
712 2080
713 852
714 213
715 1230
716 1582
717 322
718 1657
719 2206
720 2036
721 2083
722 2607
723 2701
724 2747
725 473
726 799
727 1824
728 2541
729 1455
730 2938
731 1915
732 1227
733 2079
734 1130
735 2103
736 2383
737 2968
738 2480
739 1695
740 973
741 502
742 2177
743 1002
744 255
745 1993
746 2349
747 23
748 2128
749 2186
750 514
751 770
752 805
753 1670
754 577
755 2151
756 2137
757 816
758 2677
759 1682
760 1446
761 2791
762 2084
763 1536
764 1224
765 1887
766 1155
767 2473
768 899
769 1464
770 2821
771 2347
772 2461
773 2598
774 2005
775 2659
776 457
777 595
778 979
779 2314
780 1406
781 1122
782 446
783 1872
784 2531
785 761
786 886
787 1492
788 758
789 1198
790 1169
791 328
792 2971
793 2824
794 882
795 1116
796 395
797 1759
798 1518
799 2624
800 67
801 1657
802 2904
803 1539
804 2418
805 2320
806 882
807 214
808 2327
809 1729
810 2707
811 386
812 1324
813 99
814 373
815 1803
816 1554
817 2321
818 1496
819 2898
820 1654
821 1491
822 266
823 540
824 2785
825 2562
826 2674
827 1247
828 2658
829 1312
830 643
831 1527
832 1997
833 1595
834 1240
835 711
836 937
837 1891
838 366
839 1547
840 1103
841 1718
842 2701
843 1003
844 1405
845 1104
846 2175
847 2327
848 2879
849 243
850 1869
851 1808
852 1302
853 925
854 2489
855 2141
856 1149
857 1483
858 1845
859 2241
860 1139
861 876
862 1539
863 2855
864 2659
865 1409
866 326
867 573
868 2046
869 2086
870 1657
871 1620
872 1354
873 720
874 984
875 45
876 1080
877 2966
878 105
879 2742
880 2443
881 1686
882 2987
883 1939
884 2608
885 2377
886 2240
887 2970
888 84
889 1049
890 317
891 2537
892 400
893 1986
894 2151
895 252
896 2214
897 1346
898 597
899 490
900 835
901 1027
902 176
903 2119
904 2248
905 2359
906 355
907 1939
908 342
909 2181
910 2758
911 675
912 2331
913 2843
914 2998
915 940
916 631
917 1747
918 1855
919 1156
920 2203
921 760
922 339
923 1820
924 1081
925 2309
926 1727
927 1694
928 2352
929 903
930 1908
931 1870
932 810
933 1587
934 1237
935 1489
936 724
937 281
938 1266
939 2915
940 2796
941 2677
942 162
943 2606
944 1614
945 1601
946 2054
947 2349
948 2717
949 515
950 1951
951 2363
952 569
953 550
954 2492
955 464
956 2023
957 2120
958 2946
959 1574
960 1631
961 1749
962 1381
963 830
964 2324
965 1068
966 1121
967 1041
968 1596
969 1447
970 468

