76 4
0 745
1 2829
2 2429
3 2995
4 2537
5 1954
6 1728
7 2204
8 1486
9 870
10 677
11 2474
12 183
13 2756
14 1980
15 1141
16 1109
17 2021
18 1023
19 1030
20 1737
21 986
22 2995
23 2838
24 1415
25 1008
26 436
27 420
28 1409
29 1863
30 2083
31 1582
32 2666
33 2277
34 1121
35 983
36 2828
37 845
38 1648
39 2813
40 1121
41 2775
42 935
43 2701
44 1210
45 334
46 2443
47 1547
48 1933
49 1144
50 2804
51 1470
52 2694
53 731
54 561
55 14
56 2476
57 2250
58 1326
59 245
60 380
61 2619
62 0
63 1894
64 1370
65 752
66 64
67 2614
68 1003
69 2154
70 2618
71 1614
72 798
73 1107
74 2929
75 643

