880 94
0 1339
1 315
2 1202
3 274
4 2781
5 2365
6 1346
7 1649
8 2233
9 2396
10 62
11 1105
12 737
13 1045
14 972
15 1190
16 2597
17 1697
18 2990
19 1691
20 212
21 1654
22 609
23 1399
24 1162
25 548
26 1948
27 2157
28 1833
29 2647
30 448
31 975
32 1616
33 2356
34 2888
35 1260
36 1725
37 2192
38 885
39 726
40 2130
41 2652
42 768
43 711
44 404
45 1059
46 913
47 2983
48 2695
49 1559
50 1824
51 2200
52 548
53 1637
54 254
55 358
56 2059
57 2083
58 1629
59 609
60 1983
61 1090
62 1308
63 2471
64 1182
65 171
66 376
67 392
68 1739
69 1317
70 2463
71 2148
72 464
73 2882
74 669
75 660
76 1051
77 2838
78 1869
79 2459
80 49
81 798
82 1373
83 322
84 2228
85 1898
86 2515
87 685
88 198
89 2586
90 1969
91 500
92 2868
93 2970
94 822
95 1921
96 1476
97 1076
98 2397
99 282
100 993
101 1292
102 1344
103 1225
104 949
105 237
106 320
107 1691
108 2513
109 2319
110 2636
111 1602
112 2725
113 1800
114 1435
115 90
116 1859
117 1914
118 2177
119 949
120 587
121 680
122 943
123 184
124 2082
125 2510
126 105
127 2232
128 1623
129 2943
130 2854
131 1022
132 1834
133 661
134 1440
135 1227
136 2506
137 1489
138 2679
139 1662
140 1935
141 1164
142 2198
143 1463
144 1688
145 1317
146 774
147 101
148 2632
149 71
150 286
151 22
152 1868
153 250
154 822
155 1629
156 1586
157 952
158 28
159 1734
160 2795
161 1403
162 218
163 1521
164 2552
165 1444
166 1825
167 1177
168 1442
169 307
170 1881
171 1354
172 1181
173 398
174 760
175 1028
176 2634
177 1634
178 739
179 1044
180 765
181 1517
182 1987
183 1317
184 2844
185 67
186 2947
187 1116
188 1958
189 987
190 1645
191 1975
192 425
193 2077
194 2494
195 2372
196 390
197 1524
198 220
199 1159
200 1311
201 648
202 1997
203 1850
204 2859
205 2756
206 84
207 2113
208 1971
209 708
210 1137
211 280
212 2220
213 841
214 132
215 1232
216 2948
217 1910
218 2101
219 921
220 301
221 1445
222 2190
223 1829
224 2742
225 1764
226 2659
227 2410
228 1928
229 120
230 2253
231 1171
232 774
233 1020
234 2474
235 2958
236 2803
237 1616
238 2146
239 1846
240 1592
241 1465
242 298
243 744
244 1312
245 2826
246 2456
247 2737
248 262
249 1771
250 373
251 2005
252 1858
253 564
254 713
255 1210
256 290
257 808
258 2849
259 60
260 2729
261 2611
262 1165
263 2375
264 2938
265 1645
266 1739
267 379
268 1673
269 215
270 533
271 24
272 918
273 729
274 1840
275 830
276 1341
277 2613
278 1683
279 2434
280 2543
281 2330
282 627
283 1518
284 269
285 2875
286 1957
287 2304
288 2991
289 1031
290 1616
291 512
292 2908
293 757
294 2633
295 1796
296 2865
297 1414
298 1477
299 173
300 1716
301 1575
302 1620
303 798
304 97
305 1386
306 2133
307 1828
308 2315
309 200
310 1261
311 2352
312 268
313 882
314 370
315 1673
316 525
317 2423
318 652
319 2803
320 278
321 766
322 276
323 1117
324 365
325 2299
326 1469
327 2474
328 1495
329 1293
330 479
331 1867
332 1675
333 1375
334 1045
335 1408
336 71
337 407
338 2822
339 1872
340 431
341 1504
342 954
343 344
344 161
345 326
346 1696
347 1607
348 1528
349 2619
350 345
351 598
352 19
353 524
354 2751
355 958
356 2807
357 2721
358 142
359 790
360 2124
361 2887
362 1503
363 2308
364 1916
365 2876
366 2189
367 356
368 549
369 197
370 1325
371 1997
372 2448
373 1501
374 147
375 1566
376 755
377 888
378 1224
379 2816
380 320
381 1483
382 912
383 629
384 1792
385 21
386 2905
387 1207
388 2233
389 2142
390 2705
391 2551
392 1388
393 2600
394 1132
395 343
396 2827
397 121
398 2285
399 644
400 926
401 1725
402 467
403 73
404 2661
405 1202
406 2314
407 2120
408 1276
409 1096
410 2717
411 2975
412 1568
413 1697
414 2273
415 2433
416 863
417 2032
418 930
419 2255
420 1871
421 107
422 1963
423 2192
424 2711
425 2152
426 576
427 1571
428 1879
429 97
430 2271
431 1292
432 1407
433 480
434 230
435 489
436 1565
437 491
438 2990
439 1560
440 2928
441 1511
442 400
443 1856
444 1005
445 2385
446 1566
447 686
448 365
449 269
450 1545
451 1971
452 2025
453 916
454 1520
455 1371
456 938
457 2680
458 2229
459 2220
460 1412
461 1369
462 2564
463 1870
464 2262
465 276
466 209
467 831
468 260
469 2783
470 1013
471 128
472 2195
473 1316
474 1808
475 1423
476 2699
477 1788
478 1060
479 352
480 2318
481 2594
482 180
483 2143
484 1678
485 1415
486 225
487 716
488 2229
489 1517
490 460
491 763
492 2375
493 2152
494 177
495 2207
496 1463
497 2672
498 2357
499 2632
500 2164
501 467
502 1713
503 2979
504 1300
505 2101
506 425
507 334
508 1002
509 2376
510 2844
511 2180
512 741
513 525
514 2691
515 782
516 69
517 1658
518 2803
519 1840
520 1769
521 2106
522 1050
523 1321
524 702
525 647
526 2379
527 2781
528 1757
529 486
530 1502
531 196
532 1748
533 495
534 2519
535 1629
536 2158
537 1578
538 1588
539 915
540 204
541 2678
542 2026
543 479
544 733
545 2976
546 2520
547 1632
548 412
549 1138
550 2018
551 1680
552 1001
553 642
554 2346
555 1125
556 758
557 1008
558 153
559 2060
560 2950
561 1733
562 2920
563 2565
564 16
565 854
566 2616
567 1470
568 2856
569 1715
570 1278
571 828
572 620
573 1490
574 2940
575 1065
576 1693
577 445
578 45
579 1666
580 2757
581 2319
582 574
583 1050
584 988
585 1968
586 2957
587 909
588 784
589 793
590 312
591 264
592 2425
593 1517
594 209
595 2889
596 2285
597 2277
598 402
599 1266
600 1602
601 2237
602 323
603 534
604 900
605 2637
606 1322
607 675
608 2960
609 1892
610 1818
611 1838
612 310
613 240
614 1660
615 1353
616 1317
617 1861
618 1294
619 469
620 675
621 464
622 1388
623 335
624 617
625 1977
626 1896
627 2560
628 2984
629 2736
630 747
631 1144
632 2390
633 1067
634 1226
635 1852
636 13
637 2189
638 1140
639 501
640 193
641 256
642 435
643 2353
644 2620
645 683
646 935
647 1454
648 903
649 2948
650 537
651 2447
652 1358
653 1051
654 946
655 1057
656 1284
657 2342
658 475
659 1630
660 446
661 1016
662 1440
663 1419
664 433
665 1743
666 532
667 1955
668 2538
669 721
670 411
671 1819
672 2258
673 60
674 816
675 1142
676 2178
677 695
678 1739
679 267
680 733
681 1905
682 2367
683 1226
684 361
685 291
686 2296
687 1236
688 926
689 2271
690 1950
691 2194
692 2942
693 890
694 435
695 1913
696 42
697 2128
698 2193
699 2492
700 1392
701 1654
702 1066
703 1030
704 2934
705 2919
706 541
707 2720
708 493
709 1644
710 2483
711 312
712 2785
713 975
714 153
715 392
716 1218
717 2130
718 1388
719 181
720 1408
721 760
722 603
723 332
724 1948
725 1942
726 1952
727 1280
728 1779
729 1206
730 572
731 1972
732 2562
733 2328
734 433
735 895
736 1614
737 2442
738 655
739 314
740 69
741 2630
742 72
743 486
744 2375
745 2244
746 200
747 1176
748 2351
749 2247
750 2369
751 2386
752 1418
753 843
754 2247
755 2036
756 2609
757 602
758 1705
759 2388
760 1795
761 2881
762 1211
763 1662
764 122
765 135
766 1220
767 300
768 1146
769 263
770 1346
771 2900
772 1540
773 448
774 2718
775 2630
776 1307
777 1030
778 914
779 421
780 119
781 1941
782 1530
783 1350
784 114
785 27
786 1420
787 2339
788 2475
789 1390
790 2550
791 2777
792 643
793 2841
794 1729
795 1780
796 2281
797 1125
798 2361
799 183
800 2290
801 793
802 2947
803 2449
804 174
805 478
806 21
807 2691
808 1851
809 1221
810 2678
811 1775
812 1817
813 2780
814 1458
815 2417
816 2001
817 2914
818 1552
819 1938
820 949
821 1300
822 1208
823 621
824 72
825 811
826 1143
827 2855
828 1231
829 1640
830 1348
831 706
832 1389
833 1445
834 2319
835 2194
836 122
837 1138
838 392
839 1309
840 2016
841 1197
842 381
843 1815
844 937
845 2869
846 2171
847 1589
848 582
849 2724
850 2060
851 2577
852 1095
853 2175
854 879
855 309
856 2948
857 576
858 1198
859 2051
860 1101
861 316
862 314
863 1807
864 2432
865 322
866 2022
867 1039
868 1023
869 1651
870 501
871 2749
872 687
873 601
874 2121
875 713
876 1590
877 1140
878 410
879 2635

