778 94
0 124
1 1960
2 821
3 730
4 1710
5 2136
6 2217
7 2667
8 663
9 1118
10 977
11 2584
12 1451
13 1207
14 2635
15 1056
16 707
17 1922
18 1476
19 1468
20 2779
21 1768
22 1004
23 256
24 2491
25 2111
26 642
27 264
28 2561
29 143
30 383
31 2038
32 2529
33 1998
34 2516
35 83
36 516
37 1443
38 1490
39 2777
40 257
41 1055
42 2623
43 2205
44 2440
45 2050
46 1385
47 1448
48 172
49 2420
50 394
51 415
52 2851
53 2215
54 2755
55 1203
56 2930
57 414
58 1230
59 1277
60 752
61 1090
62 36
63 2846
64 2583
65 1983
66 2465
67 1076
68 891
69 2629
70 901
71 835
72 90
73 406
74 2792
75 156
76 687
77 1073
78 2081
79 864
80 25
81 505
82 1588
83 2967
84 1092
85 1626
86 1745
87 574
88 103
89 2053
90 1716
91 265
92 2480
93 1911
94 2862
95 368
96 1768
97 524
98 1054
99 1589
100 622
101 668
102 1611
103 2919
104 1166
105 2448
106 2082
107 625
108 2533
109 234
110 309
111 2903
112 450
113 692
114 1463
115 1287
116 1078
117 956
118 807
119 2817
120 2534
121 1264
122 1990
123 2755
124 848
125 1025
126 1464
127 802
128 1809
129 487
130 2381
131 117
132 547
133 1486
134 2385
135 640
136 2600
137 2916
138 165
139 1335
140 1689
141 2701
142 2585
143 2172
144 483
145 1264
146 1233
147 1614
148 1238
149 755
150 1180
151 704
152 1610
153 2813
154 163
155 1582
156 1257
157 689
158 1156
159 1997
160 1166
161 2961
162 409
163 1277
164 1886
165 1567
166 2790
167 213
168 319
169 135
170 468
171 1830
172 1109
173 1978
174 1086
175 2478
176 2526
177 45
178 1241
179 435
180 2694
181 1967
182 262
183 2891
184 643
185 2343
186 1489
187 1917
188 1533
189 474
190 2881
191 2520
192 1715
193 2182
194 1044
195 40
196 2380
197 2734
198 924
199 1653
200 2779
201 2987
202 875
203 1
204 2456
205 2418
206 2993
207 2066
208 2326
209 251
210 1495
211 2016
212 1394
213 1406
214 1573
215 2082
216 311
217 806
218 2672
219 182
220 2893
221 1262
222 1474
223 2336
224 1717
225 1390
226 2138
227 1195
228 1963
229 2867
230 2106
231 1541
232 848
233 2508
234 2661
235 2736
236 1365
237 256
238 692
239 1154
240 2260
241 1913
242 1219
243 637
244 2191
245 1968
246 1563
247 188
248 512
249 2596
250 2918
251 18
252 132
253 2796
254 2930
255 2928
256 923
257 2616
258 2339
259 1427
260 2463
261 2406
262 1135
263 73
264 1848
265 1761
266 666
267 965
268 1961
269 356
270 767
271 2699
272 564
273 2839
274 993
275 694
276 599
277 2172
278 2910
279 971
280 1044
281 369
282 1570
283 2465
284 2192
285 1885
286 548
287 482
288 727
289 2729
290 1520
291 1281
292 2768
293 626
294 1828
295 683
296 1644
297 516
298 846
299 1451
300 2595
301 2317
302 1787
303 159
304 1286
305 1589
306 1692
307 2078
308 1794
309 858
310 575
311 2644
312 2856
313 2674
314 1484
315 1062
316 537
317 198
318 2324
319 1755
320 1134
321 165
322 2477
323 1135
324 181
325 1839
326 1805
327 2996
328 1303
329 941
330 2503
331 1903
332 2761
333 2064
334 2403
335 417
336 867
337 1022
338 2273
339 2123
340 500
341 161
342 857
343 2774
344 492
345 37
346 1308
347 2113
348 1161
349 620
350 2195
351 1634
352 971
353 2750
354 1229
355 1001
356 1985
357 2708
358 1806
359 710
360 2502
361 1020
362 1372
363 2854
364 2011
365 1466
366 2115
367 2126
368 2355
369 1342
370 2126
371 1768
372 2404
373 2558
374 2957
375 1021
376 1972
377 824
378 2047
379 1536
380 1387
381 2992
382 102
383 2953
384 595
385 5
386 1231
387 1774
388 1783
389 2332
390 891
391 2476
392 701
393 1136
394 2224
395 1409
396 2295
397 2351
398 2719
399 1430
400 1717
401 2742
402 601
403 1417
404 1087
405 2977
406 618
407 2427
408 1051
409 615
410 285
411 1227
412 2431
413 611
414 2052
415 2794
416 1052
417 2727
418 1436
419 1031
420 2918
421 586
422 121
423 1368
424 2729
425 223
426 2653
427 1525
428 2399
429 2962
430 618
431 1358
432 1972
433 1879
434 1941
435 2030
436 1470
437 970
438 2984
439 189
440 1878
441 1957
442 2554
443 1172
444 1585
445 1119
446 383
447 179
448 2664
449 883
450 750
451 1852
452 2809
453 2393
454 1848
455 1717
456 20
457 2729
458 2920
459 232
460 2300
461 1631
462 843
463 2180
464 1924
465 702
466 2969
467 407
468 286
469 2748
470 2068
471 872
472 667
473 1314
474 442
475 2902
476 1941
477 1957
478 192
479 2674
480 922
481 957
482 2847
483 387
484 1772
485 787
486 963
487 1211
488 1651
489 295
490 1540
491 1576
492 649
493 2031
494 60
495 1866
496 2663
497 2398
498 313
499 949
500 1783
501 2466
502 308
503 806
504 1348
505 1904
506 583
507 1725
508 2037
509 2857
510 2606
511 2653
512 1234
513 367
514 64
515 297
516 785
517 1293
518 946
519 924
520 2199
521 564
522 1336
523 1780
524 2537
525 972
526 1299
527 18
528 233
529 1262
530 548
531 1459
532 2494
533 1641
534 635
535 385
536 969
537 2588
538 78
539 1165
540 2854
541 1473
542 979
543 494
544 1061
545 176
546 828
547 1577
548 2515
549 1899
550 108
551 390
552 2026
553 2469
554 950
555 198
556 1859
557 382
558 398
559 138
560 2242
561 1633
562 234
563 2255
564 611
565 1228
566 2501
567 2073
568 2925
569 2451
570 1126
571 1339
572 2743
573 140
574 928
575 2281
576 1555
577 1836
578 1755
579 1731
580 301
581 15
582 2562
583 1852
584 547
585 2097
586 2088
587 1955
588 1225
589 2148
590 1467
591 364
592 509
593 1608
594 1821
595 782
596 65
597 266
598 1308
599 139
600 1899
601 758
602 1354
603 433
604 2664
605 2551
606 2222
607 1202
608 1421
609 548
610 2879
611 980
612 2706
613 79
614 636
615 2433
616 1724
617 217
618 2414
619 1740
620 1850
621 497
622 2187
623 548
624 1636
625 1170
626 1814
627 1792
628 2095
629 1458
630 2295
631 397
632 830
633 2971
634 1202
635 965
636 2951
637 2432
638 933
639 925
640 2276
641 144
642 590
643 2300
644 2692
645 1767
646 2399
647 571
648 2848
649 807
650 2451
651 1274
652 2919
653 2726
654 2586
655 2344
656 2211
657 2075
658 2324
659 2092
660 173
661 2373
662 1171
663 70
664 1888
665 573
666 288
667 2582
668 2644
669 2
670 8
671 2113
672 2126
673 288
674 653
675 209
676 232
677 172
678 2570
679 132
680 912
681 455
682 2107
683 1912
684 2562
685 200
686 1567
687 2435
688 1823
689 2804
690 1377
691 2337
692 1083
693 1252
694 776
695 2988
696 2808
697 2055
698 1905
699 2782
700 1722
701 1318
702 673
703 2931
704 2288
705 2295
706 2283
707 1002
708 709
709 2217
710 802
711 2907
712 2910
713 1073
714 302
715 1768
716 1295
717 2650
718 1623
719 2851
720 1464
721 777
722 360
723 268
724 1027
725 1438
726 1277
727 8
728 2197
729 2689
730 686
731 2023
732 2999
733 678
734 1412
735 2167
736 995
737 2910
738 2314
739 2774
740 1695
741 1379
742 970
743 2572
744 2550
745 1761
746 1497
747 2996
748 2366
749 1772
750 2247
751 2786
752 290
753 1627
754 1387
755 2818
756 2088
757 2237
758 365
759 2230
760 1820
761 1076
762 569
763 1631
764 2520
765 1549
766 2203
767 1544
768 1125
769 2006
770 312
771 685
772 2390
773 2223
774 1535
775 1021
776 2130
777 651

