112 57
0 2922
1 2171
2 1810
3 1461
4 1193
5 1423
6 1873
7 696
8 2996
9 2788
10 1531
11 1050
12 1751
13 2958
14 2262
15 1366
16 675
17 2910
18 1362
19 2948
20 1474
21 1848
22 2468
23 2357
24 1550
25 246
26 1060
27 2412
28 2826
29 1177
30 2320
31 1488
32 2329
33 982
34 1082
35 2479
36 554
37 1302
38 1905
39 2359
40 797
41 1130
42 1820
43 458
44 2427
45 2812
46 1453
47 2183
48 1051
49 797
50 392
51 112
52 1799
53 1162
54 177
55 1679
56 67
57 1752
58 2749
59 2680
60 1553
61 2483
62 2466
63 574
64 1040
65 684
66 2663
67 793
68 1963
69 1196
70 2833
71 2709
72 57
73 2850
74 242
75 1255
76 2927
77 1027
78 1625
79 673
80 986
81 2327
82 537
83 709
84 1525
85 1915
86 1163
87 2171
88 2280
89 882
90 548
91 956
92 510
93 1197
94 1951
95 274
96 1733
97 2010
98 1218
99 1358
100 2449
101 2151
102 1000
103 1009
104 609
105 1446
106 2629
107 677
108 2089
109 1037
110 787
111 440

