620 23
0 711
1 2026
2 498
3 2806
4 1411
5 3000
6 95
7 105
8 2720
9 1242
10 266
11 695
12 2611
13 316
14 2606
15 22
16 1642
17 631
18 2949
19 1952
20 2787
21 18
22 1471
23 2443
24 180
25 707
26 1056
27 265
28 1988
29 1774
30 2967
31 1542
32 855
33 463
34 334
35 1054
36 1004
37 1625
38 1563
39 1858
40 1934
41 1245
42 2102
43 2067
44 1026
45 963
46 2792
47 594
48 2415
49 2567
50 2577
51 1191
52 555
53 108
54 1150
55 1529
56 1398
57 1305
58 2682
59 1064
60 113
61 732
62 2095
63 747
64 671
65 2252
66 695
67 1004
68 2108
69 2312
70 189
71 419
72 2864
73 1430
74 2440
75 2178
76 1156
77 574
78 1971
79 2499
80 404
81 1625
82 1672
83 2625
84 2105
85 220
86 1638
87 1053
88 2235
89 388
90 1445
91 370
92 1093
93 2160
94 2667
95 1796
96 2944
97 2052
98 2021
99 336
100 2617
101 2491
102 2396
103 1955
104 1938
105 90
106 2886
107 1406
108 239
109 930
110 1825
111 1186
112 2472
113 2210
114 1283
115 488
116 866
117 2439
118 1703
119 224
120 362
121 2892
122 2823
123 167
124 909
125 2192
126 1448
127 417
128 2222
129 1850
130 2944
131 463
132 1783
133 1957
134 2158
135 2848
136 534
137 1516
138 1713
139 1783
140 750
141 691
142 2826
143 243
144 120
145 1837
146 1789
147 997
148 429
149 739
150 1625
151 2924
152 1659
153 1515
154 340
155 716
156 1051
157 403
158 2688
159 370
160 833
161 2198
162 2609
163 299
164 1939
165 1005
166 557
167 1157
168 669
169 1549
170 1655
171 823
172 1211
173 2315
174 1859
175 1906
176 631
177 729
178 2921
179 2803
180 1229
181 2626
182 2108
183 1030
184 2991
185 1949
186 110
187 2243
188 1735
189 2010
190 2830
191 928
192 883
193 662
194 1706
195 1336
196 947
197 2742
198 1918
199 2348
200 493
201 67
202 2520
203 1475
204 1660
205 749
206 1151
207 1262
208 2872
209 1953
210 2531
211 431
212 2992
213 2722
214 46
215 1591
216 2317
217 667
218 2669
219 2806
220 2713
221 2803
222 1196
223 394
224 1535
225 665
226 2479
227 1453
228 2935
229 1809
230 2968
231 2328
232 1140
233 2203
234 558
235 2288
236 1079
237 2131
238 1244
239 2495
240 655
241 1207
242 45
243 1742
244 1411
245 111
246 2050
247 1908
248 628
249 2461
250 2716
251 2414
252 386
253 2817
254 1523
255 2663
256 2979
257 504
258 2502
259 1702
260 2889
261 1119
262 2271
263 1735
264 1296
265 691
266 2678
267 379
268 343
269 996
270 2725
271 2014
272 169
273 2929
274 2105
275 402
276 2348
277 885
278 1649
279 651
280 1666
281 2322
282 2150
283 1636
284 1757
285 2266
286 854
287 1826
288 2614
289 1988
290 123
291 1119
292 1499
293 1934
294 879
295 2143
296 170
297 638
298 2206
299 1248
300 2122
301 369
302 1687
303 953
304 206
305 2814
306 1647
307 563
308 803
309 2025
310 665
311 869
312 1151
313 718
314 2896
315 225
316 483
317 2424
318 33
319 2122
320 1167
321 2306
322 2268
323 2699
324 388
325 346
326 472
327 2778
328 2174
329 75
330 73
331 324
332 224
333 169
334 1914
335 66
336 167
337 1503
338 848
339 1111
340 2825
341 2041
342 1341
343 1398
344 1769
345 1152
346 2034
347 1848
348 200
349 582
350 2379
351 1796
352 854
353 1344
354 1218
355 418
356 2380
357 2933
358 2313
359 2766
360 282
361 2837
362 1580
363 1060
364 1409
365 772
366 2380
367 897
368 1930
369 652
370 2870
371 176
372 2103
373 2689
374 1117
375 1348
376 1656
377 2148
378 2250
379 2217
380 1825
381 42
382 2231
383 2716
384 662
385 1745
386 2978
387 2608
388 1621
389 2318
390 385
391 450
392 688
393 2570
394 2679
395 2815
396 2607
397 401
398 204
399 1232
400 461
401 2740
402 740
403 997
404 1134
405 279
406 216
407 94
408 685
409 1870
410 2900
411 2173
412 80
413 1476
414 2818
415 1418
416 689
417 1025
418 1286
419 2074
420 1586
421 1512
422 2140
423 594
424 1476
425 1289
426 749
427 665
428 2371
429 670
430 2346
431 699
432 2314
433 829
434 877
435 1383
436 1142
437 1628
438 2390
439 2569
440 2295
441 1183
442 893
443 1876
444 2166
445 322
446 1850
447 1891
448 663
449 2342
450 1057
451 2380
452 450
453 69
454 1155
455 2459
456 2653
457 428
458 2002
459 41
460 149
461 1056
462 2753
463 996
464 1528
465 914
466 2859
467 2912
468 1600
469 1401
470 467
471 782
472 224
473 377
474 2199
475 741
476 303
477 2961
478 2145
479 1093
480 2131
481 2897
482 1056
483 2532
484 325
485 1774
486 2816
487 2175
488 2652
489 2393
490 235
491 1274
492 1531
493 1193
494 962
495 404
496 1262
497 1669
498 934
499 242
500 621
501 665
502 1923
503 2500
504 2896
505 1211
506 2773
507 1329
508 2265
509 402
510 4
511 2824
512 311
513 2995
514 1530
515 39
516 1037
517 1933
518 2295
519 2743
520 461
521 2780
522 1880
523 491
524 1104
525 1321
526 2634
527 2244
528 1424
529 890
530 1405
531 2833
532 326
533 101
534 263
535 863
536 1054
537 421
538 66
539 607
540 2625
541 1421
542 1187
543 1526
544 1504
545 1601
546 407
547 1356
548 772
549 2706
550 1148
551 21
552 112
553 1114
554 78
555 2574
556 587
557 1665
558 1538
559 1137
560 2934
561 1584
562 2863
563 260
564 1177
565 1096
566 2565
567 2273
568 2485
569 2904
570 2377
571 662
572 1623
573 1891
574 1492
575 2669
576 932
577 644
578 920
579 2236
580 1200
581 776
582 833
583 228
584 2918
585 1811
586 1201
587 819
588 1371
589 1094
590 2061
591 234
592 2218
593 1810
594 1051
595 183
596 1359
597 380
598 1081
599 2004
600 1126
601 991
602 0
603 2612
604 1432
605 101
606 449
607 146
608 610
609 1621
610 1517
611 633
612 1972
613 2807
614 1766
615 2495
616 1598
617 144
618 783
619 655

