700 68
0 2576
1 745
2 1715
3 725
4 2324
5 1066
6 137
7 834
8 56
9 1132
10 173
11 1755
12 147
13 1947
14 2167
15 509
16 1742
17 834
18 580
19 1388
20 96
21 888
22 2054
23 2996
24 2276
25 2153
26 744
27 534
28 454
29 1285
30 506
31 648
32 137
33 1186
34 731
35 1155
36 2338
37 312
38 1919
39 1349
40 598
41 1060
42 2744
43 2404
44 2675
45 896
46 1061
47 1601
48 1563
49 1091
50 1301
51 554
52 1650
53 412
54 2826
55 1065
56 873
57 1850
58 185
59 2168
60 968
61 735
62 509
63 2408
64 1335
65 2821
66 1491
67 392
68 1893
69 468
70 401
71 1349
72 111
73 2219
74 2763
75 1623
76 1729
77 1783
78 2188
79 1026
80 2514
81 892
82 1865
83 1112
84 797
85 604
86 1807
87 227
88 501
89 1202
90 1765
91 166
92 1394
93 1351
94 2890
95 1846
96 404
97 1393
98 85
99 2891
100 1760
101 2403
102 405
103 171
104 532
105 270
106 1565
107 299
108 1598
109 2848
110 2158
111 2623
112 575
113 421
114 2515
115 1425
116 2223
117 1018
118 1692
119 2028
120 2161
121 2370
122 691
123 2202
124 2390
125 2680
126 2229
127 377
128 2092
129 2025
130 2535
131 744
132 2216
133 610
134 2931
135 2149
136 1999
137 846
138 2002
139 679
140 2528
141 2925
142 925
143 949
144 27
145 1438
146 2213
147 1220
148 468
149 933
150 1906
151 287
152 2692
153 435
154 250
155 888
156 2982
157 2984
158 952
159 84
160 1688
161 103
162 573
163 2851
164 2446
165 601
166 1487
167 1335
168 2188
169 2524
170 608
171 1746
172 2985
173 1459
174 2878
175 418
176 721
177 2560
178 1796
179 270
180 2815
181 1877
182 1800
183 511
184 2498
185 1539
186 28
187 2988
188 614
189 2356
190 2740
191 2974
192 394
193 2659
194 527
195 2294
196 781
197 188
198 493
199 1909
200 2052
201 1255
202 2726
203 729
204 1800
205 1235
206 218
207 1545
208 2996
209 863
210 1606
211 454
212 993
213 2404
214 1508
215 1510
216 632
217 2058
218 2387
219 1797
220 1577
221 143
222 424
223 1475
224 1785
225 840
226 914
227 460
228 205
229 60
230 985
231 788
232 1026
233 1979
234 388
235 683
236 2331
237 2027
238 1231
239 216
240 2985
241 164
242 2578
243 2127
244 854
245 1158
246 2773
247 1716
248 2693
249 1297
250 243
251 2976
252 2244
253 2918
254 1924
255 1909
256 1660
257 1996
258 2678
259 2623
260 569
261 286
262 35
263 1798
264 1777
265 2291
266 137
267 615
268 2476
269 2967
270 1789
271 1596
272 1425
273 1418
274 1821
275 2446
276 268
277 2687
278 1053
279 402
280 194
281 1600
282 1987
283 2394
284 1894
285 1180
286 1683
287 2674
288 501
289 1693
290 1642
291 201
292 1870
293 284
294 328
295 928
296 637
297 1065
298 901
299 2704
300 1514
301 1289
302 2946
303 2682
304 2355
305 2107
306 2326
307 942
308 266
309 1334
310 2736
311 1865
312 2342
313 723
314 1697
315 1621
316 1843
317 667
318 609
319 1410
320 2014
321 2540
322 2655
323 2543
324 405
325 899
326 709
327 2579
328 1728
329 2042
330 2360
331 275
332 2807
333 588
334 2637
335 1058
336 1090
337 2523
338 1255
339 307
340 2834
341 1521
342 2784
343 2645
344 65
345 2006
346 933
347 2486
348 2502
349 1362
350 1411
351 255
352 2027
353 2635
354 1460
355 49
356 1534
357 1854
358 1826
359 2588
360 980
361 2367
362 2067
363 2667
364 554
365 2418
366 455
367 2413
368 256
369 956
370 1499
371 881
372 1743
373 1460
374 1753
375 1859
376 953
377 572
378 130
379 989
380 264
381 2897
382 824
383 722
384 2256
385 404
386 2450
387 1224
388 2952
389 15
390 1680
391 275
392 598
393 1911
394 1307
395 99
396 1699
397 962
398 1519
399 2315
400 2841
401 949
402 215
403 59
404 2905
405 1317
406 1830
407 1851
408 548
409 316
410 2805
411 1223
412 1231
413 2621
414 2097
415 1573
416 213
417 29
418 2004
419 2055
420 391
421 1768
422 2003
423 1809
424 381
425 1777
426 826
427 1396
428 2831
429 1840
430 1822
431 1415
432 670
433 2456
434 857
435 1873
436 2200
437 2437
438 2741
439 1319
440 1024
441 1164
442 2656
443 2803
444 1084
445 875
446 84
447 2858
448 2431
449 1026
450 2443
451 446
452 519
453 6
454 2180
455 2979
456 580
457 507
458 371
459 2667
460 2487
461 462
462 1168
463 60
464 1394
465 1296
466 2131
467 292
468 457
469 1671
470 2147
471 2107
472 1411
473 869
474 2351
475 1599
476 824
477 1645
478 1153
479 2519
480 2981
481 193
482 471
483 2861
484 2843
485 1373
486 1590
487 2136
488 884
489 737
490 1307
491 2115
492 655
493 390
494 1259
495 2698
496 705
497 1774
498 1312
499 1668
500 2221
501 2981
502 975
503 563
504 502
505 190
506 368
507 2736
508 2970
509 1596
510 2619
511 1977
512 2885
513 457
514 2189
515 2426
516 434
517 2159
518 124
519 2587
520 1928
521 877
522 2597
523 587
524 2638
525 1110
526 1410
527 1162
528 2117
529 709
530 973
531 1607
532 455
533 697
534 1963
535 2356
536 795
537 644
538 223
539 2297
540 2404
541 1298
542 2383
543 1908
544 1006
545 264
546 1645
547 1380
548 2957
549 359
550 254
551 663
552 67
553 2581
554 937
555 153
556 702
557 512
558 2754
559 2204
560 1434
561 1157
562 281
563 261
564 1640
565 1055
566 2628
567 87
568 1754
569 2286
570 2418
571 1458
572 2943
573 909
574 2212
575 774
576 1646
577 66
578 2554
579 1013
580 2246
581 690
582 2748
583 2877
584 1945
585 1356
586 2165
587 2699
588 1324
589 1710
590 657
591 2052
592 2988
593 1981
594 1838
595 1817
596 10
597 1745
598 2690
599 1149
600 2264
601 104
602 2717
603 386
604 861
605 1931
606 2270
607 2174
608 3
609 2202
610 2278
611 1158
612 1898
613 2433
614 507
615 1766
616 1606
617 632
618 2048
619 2811
620 1920
621 2804
622 564
623 570
624 2583
625 2382
626 2120
627 1345
628 2193
629 2281
630 1252
631 2669
632 1499
633 1752
634 598
635 794
636 2097
637 2871
638 1781
639 1670
640 324
641 595
642 1189
643 713
644 363
645 37
646 2196
647 693
648 1990
649 1592
650 2629
651 717
652 2049
653 37
654 2000
655 963
656 2766
657 1254
658 2750
659 2737
660 2092
661 1871
662 2614
663 1204
664 1005
665 439
666 1040
667 2837
668 132
669 248
670 2450
671 2305
672 426
673 2781
674 1272
675 2891
676 1448
677 742
678 1316
679 2650
680 781
681 2480
682 1716
683 1830
684 717
685 2950
686 2564
687 1282
688 1490
689 262
690 2842
691 1274
692 2666
693 2352
694 2629
695 1970
696 2263
697 193
698 2887
699 1221

