876 24
0 709
1 110
2 75
3 2258
4 1059
5 1779
6 992
7 421
8 769
9 1620
10 1535
11 1793
12 2504
13 2387
14 1690
15 2499
16 2908
17 2823
18 2044
19 2299
20 1112
21 2056
22 1422
23 1578
24 203
25 2278
26 66
27 281
28 906
29 2231
30 2440
31 2289
32 533
33 26
34 2033
35 172
36 2866
37 2295
38 2615
39 910
40 1557
41 689
42 1931
43 2432
44 1657
45 1911
46 1291
47 1177
48 2509
49 2967
50 650
51 1971
52 1821
53 284
54 413
55 1402
56 2780
57 1587
58 767
59 1502
60 55
61 155
62 732
63 1532
64 442
65 2021
66 574
67 140
68 2877
69 973
70 2395
71 2861
72 1376
73 818
74 2374
75 754
76 1948
77 1474
78 2896
79 2672
80 1035
81 2120
82 2665
83 1558
84 1845
85 334
86 1146
87 94
88 1621
89 1732
90 1336
91 29
92 91
93 1155
94 751
95 560
96 59
97 998
98 2112
99 472
100 2490
101 302
102 1353
103 2827
104 569
105 125
106 1179
107 1732
108 2497
109 2480
110 285
111 1638
112 2421
113 1659
114 301
115 2016
116 936
117 1480
118 2081
119 980
120 2204
121 918
122 2439
123 2034
124 348
125 1483
126 1290
127 1420
128 2629
129 2287
130 1270
131 2781
132 2679
133 5
134 1231
135 26
136 2890
137 2114
138 464
139 1425
140 1097
141 741
142 268
143 1457
144 2833
145 131
146 1308
147 2078
148 2916
149 1030
150 1888
151 1598
152 1477
153 145
154 2336
155 2986
156 193
157 443
158 76
159 678
160 1902
161 791
162 2136
163 25
164 423
165 1584
166 1796
167 1302
168 2882
169 2707
170 401
171 768
172 2854
173 1401
174 2965
175 2244
176 2691
177 2664
178 2398
179 200
180 2608
181 2020
182 1614
183 1896
184 2503
185 1540
186 1848
187 1310
188 2564
189 790
190 2016
191 1418
192 602
193 1283
194 1074
195 2816
196 2378
197 997
198 301
199 96
200 149
201 2766
202 2566
203 2973
204 1692
205 2313
206 1387
207 1010
208 612
209 2041
210 1070
211 2136
212 2869
213 375
214 2388
215 1844
216 1476
217 43
218 380
219 1266
220 910
221 2014
222 429
223 1016
224 563
225 1029
226 2466
227 2514
228 1187
229 1729
230 2304
231 1067
232 1152
233 2997
234 209
235 322
236 2424
237 879
238 662
239 756
240 1464
241 251
242 1076
243 1555
244 1565
245 2694
246 1394
247 770
248 1438
249 8
250 332
251 981
252 424
253 728
254 2740
255 284
256 3
257 2123
258 481
259 2354
260 112
261 631
262 2649
263 1330
264 241
265 2797
266 873
267 1834
268 911
269 248
270 1373
271 1251
272 367
273 566
274 1574
275 1140
276 1364
277 1311
278 373
279 2033
280 1713
281 2965
282 204
283 2292
284 1502
285 2724
286 2786
287 1489
288 596
289 2499
290 841
291 1967
292 2260
293 2447
294 2960
295 547
296 1638
297 858
298 2358
299 139
300 1122
301 263
302 1175
303 153
304 55
305 157
306 1187
307 506
308 2688
309 2402
310 1540
311 932
312 1701
313 655
314 2456
315 2791
316 2812
317 1300
318 1161
319 2840
320 1163
321 575
322 2211
323 2576
324 1523
325 2005
326 300
327 2763
328 813
329 1626
330 2565
331 2780
332 2888
333 2509
334 27
335 1220
336 2796
337 1221
338 637
339 2848
340 2961
341 1417
342 1162
343 2249
344 1507
345 855
346 1383
347 865
348 1446
349 1589
350 1123
351 1273
352 2727
353 1303
354 2444
355 2451
356 2806
357 542
358 980
359 343
360 960
361 2322
362 790
363 1734
364 2891
365 1526
366 1701
367 1132
368 2854
369 754
370 1077
371 277
372 342
373 2707
374 255
375 192
376 1080
377 884
378 2747
379 2662
380 2385
381 2244
382 392
383 765
384 1253
385 1380
386 1311
387 1170
388 1311
389 1210
390 2992
391 59
392 2732
393 940
394 1150
395 1326
396 1651
397 2417
398 2091
399 2834
400 322
401 1613
402 455
403 1260
404 848
405 784
406 1427
407 2852
408 1307
409 1036
410 2876
411 2200
412 573
413 1365
414 1454
415 329
416 1120
417 1971
418 2513
419 2333
420 621
421 2452
422 2503
423 885
424 2368
425 2793
426 1740
427 2331
428 1264
429 1968
430 497
431 1579
432 2773
433 911
434 2389
435 2282
436 846
437 1458
438 2913
439 68
440 2904
441 1609
442 400
443 1539
444 1439
445 32
446 2983
447 578
448 279
449 1181
450 2277
451 1390
452 1838
453 478
454 1698
455 2885
456 1045
457 2061
458 2989
459 2228
460 721
461 395
462 1254
463 2236
464 1036
465 1342
466 1430
467 770
468 2385
469 2205
470 2025
471 1984
472 1969
473 1924
474 2859
475 1685
476 2575
477 1448
478 1130
479 2414
480 1931
481 549
482 624
483 1513
484 2027
485 889
486 1447
487 2057
488 1138
489 2822
490 2441
491 1906
492 8
493 2897
494 2990
495 695
496 1115
497 1946
498 2978
499 2573
500 1747
501 2986
502 2416
503 2157
504 2345
505 1237
506 2682
507 2887
508 2402
509 1451
510 2513
511 1412
512 846
513 601
514 2261
515 1399
516 2058
517 413
518 1344
519 918
520 433
521 1658
522 1164
523 847
524 1856
525 880
526 2133
527 1095
528 1319
529 173
530 793
531 1543
532 1575
533 677
534 1450
535 860
536 657
537 416
538 416
539 1502
540 1741
541 902
542 306
543 1618
544 2089
545 2521
546 2988
547 1380
548 1812
549 2826
550 1879
551 2016
552 374
553 648
554 906
555 2118
556 981
557 1012
558 354
559 1792
560 2876
561 857
562 1054
563 1649
564 1714
565 484
566 979
567 574
568 2491
569 2888
570 492
571 139
572 2793
573 2697
574 196
575 1661
576 2093
577 2908
578 1875
579 978
580 1960
581 2617
582 2227
583 2432
584 909
585 1292
586 2019
587 85
588 2060
589 972
590 2036
591 678
592 556
593 1486
594 899
595 1742
596 1103
597 432
598 2349
599 989
600 569
601 1050
602 1914
603 2629
604 1678
605 418
606 631
607 578
608 1559
609 1362
610 307
611 887
612 573
613 945
614 1
615 933
616 106
617 930
618 423
619 2605
620 362
621 817
622 1885
623 2311
624 759
625 2677
626 2207
627 39
628 2581
629 1583
630 2593
631 1746
632 1963
633 964
634 2020
635 1675
636 379
637 295
638 2172
639 1107
640 1080
641 1439
642 2520
643 849
644 83
645 2693
646 1812
647 1662
648 640
649 809
650 2718
651 1518
652 2703
653 1798
654 303
655 324
656 2351
657 2056
658 408
659 2620
660 544
661 2293
662 445
663 993
664 201
665 618
666 423
667 209
668 1839
669 821
670 2468
671 1088
672 1528
673 591
674 2837
675 1838
676 1422
677 675
678 1519
679 1761
680 927
681 352
682 914
683 1904
684 149
685 2008
686 2326
687 979
688 748
689 2295
690 1078
691 617
692 239
693 234
694 1654
695 1067
696 2095
697 2208
698 2475
699 809
700 1961
701 557
702 511
703 2575
704 2592
705 2802
706 1418
707 2495
708 968
709 2920
710 1475
711 780
712 2423
713 838
714 222
715 2659
716 2332
717 2322
718 2267
719 2041
720 2562
721 1510
722 752
723 667
724 2157
725 790
726 1415
727 2910
728 517
729 2058
730 2257
731 2776
732 2808
733 2716
734 615
735 1721
736 421
737 134
738 792
739 182
740 908
741 1992
742 1671
743 2618
744 234
745 2063
746 1589
747 2132
748 2930
749 755
750 2003
751 1224
752 2435
753 1951
754 340
755 574
756 981
757 2018
758 99
759 1304
760 1513
761 2243
762 2366
763 770
764 1702
765 1718
766 410
767 1078
768 1689
769 7
770 2048
771 2293
772 1024
773 1285
774 945
775 1772
776 2237
777 336
778 128
779 873
780 2613
781 2867
782 278
783 1810
784 1376
785 874
786 1173
787 1443
788 1017
789 285
790 1229
791 1941
792 829
793 2814
794 555
795 453
796 111
797 1719
798 1950
799 610
800 2849
801 2541
802 1573
803 545
804 2100
805 2097
806 1125
807 876
808 483
809 2029
810 1905
811 1332
812 1525
813 2906
814 2011
815 2412
816 316
817 1839
818 2496
819 585
820 703
821 449
822 1914
823 1184
824 1344
825 1575
826 1806
827 1594
828 879
829 1837
830 2631
831 2151
832 2299
833 652
834 449
835 410
836 337
837 2741
838 57
839 632
840 660
841 2503
842 2893
843 1495
844 1087
845 2000
846 47
847 2647
848 1964
849 2548
850 523
851 260
852 1274
853 1765
854 2930
855 1472
856 84
857 1192
858 2232
859 2600
860 756
861 209
862 38
863 1890
864 1825
865 2228
866 1894
867 1872
868 2860
869 2458
870 1109
871 2010
872 410
873 2560
874 449
875 2219

