967 58
0 74
1 992
2 1502
3 1915
4 2874
5 2923
6 1004
7 1776
8 760
9 2019
10 2560
11 1479
12 2267
13 727
14 40
15 1043
16 2053
17 587
18 1469
19 2705
20 547
21 2910
22 2842
23 2368
24 490
25 1063
26 1891
27 2377
28 1291
29 58
30 1999
31 394
32 2651
33 2186
34 57
35 1385
36 2084
37 425
38 754
39 2784
40 2596
41 2858
42 807
43 1449
44 2070
45 2669
46 2370
47 1907
48 2403
49 1771
50 1568
51 2641
52 1025
53 996
54 1866
55 1055
56 1230
57 545
58 528
59 2252
60 492
61 1887
62 1443
63 1718
64 247
65 2026
66 2404
67 1574
68 2086
69 1084
70 2857
71 193
72 1368
73 802
74 2216
75 2093
76 41
77 646
78 393
79 1628
80 2907
81 632
82 1562
83 1479
84 1637
85 1722
86 2634
87 327
88 723
89 833
90 795
91 557
92 133
93 2592
94 2674
95 1015
96 218
97 2871
98 243
99 1397
100 533
101 817
102 197
103 559
104 882
105 2556
106 5
107 1811
108 1710
109 113
110 528
111 1465
112 2110
113 1898
114 475
115 939
116 893
117 1577
118 959
119 2346
120 286
121 820
122 1269
123 680
124 2194
125 921
126 2981
127 1358
128 2923
129 325
130 1257
131 2253
132 962
133 157
134 1356
135 2188
136 1867
137 1534
138 2344
139 351
140 365
141 2830
142 447
143 634
144 278
145 1149
146 842
147 1569
148 889
149 1020
150 1721
151 390
152 1633
153 176
154 1843
155 1488
156 1408
157 189
158 1665
159 363
160 1253
161 2226
162 1197
163 882
164 2371
165 1138
166 2220
167 1498
168 2640
169 2708
170 2940
171 2733
172 2900
173 1866
174 1826
175 2802
176 2455
177 2637
178 1905
179 794
180 2360
181 668
182 2737
183 1836
184 219
185 1471
186 2549
187 1189
188 1066
189 2505
190 1289
191 2728
192 875
193 1196
194 1159
195 2640
196 723
197 817
198 1917
199 1708
200 757
201 1739
202 235
203 2809
204 1955
205 1299
206 546
207 1205
208 603
209 2912
210 2761
211 95
212 906
213 2315
214 2453
215 1421
216 1060
217 1744
218 2151
219 2820
220 609
221 655
222 883
223 1601
224 1400
225 1915
226 762
227 992
228 2218
229 194
230 1199
231 1971
232 2514
233 1796
234 1894
235 2372
236 204
237 61
238 2763
239 1802
240 1350
241 2775
242 619
243 1789
244 1724
245 501
246 576
247 1603
248 65
249 963
250 1773
251 404
252 1462
253 2861
254 261
255 1969
256 2947
257 2775
258 1152
259 2150
260 348
261 1919
262 1643
263 1702
264 1666
265 1160
266 1956
267 1959
268 2591
269 2660
270 2372
271 1392
272 1070
273 1334
274 1659
275 2561
276 1474
277 1750
278 1406
279 2193
280 2195
281 2566
282 1988
283 2207
284 2153
285 265
286 1988
287 2706
288 964
289 535
290 2092
291 1872
292 2762
293 1991
294 2082
295 1197
296 1658
297 1705
298 577
299 867
300 1381
301 25
302 2760
303 2869
304 994
305 2353
306 2373
307 2702
308 1883
309 854
310 19
311 523
312 1367
313 1472
314 435
315 1772
316 2318
317 1367
318 1708
319 280
320 1836
321 2874
322 338
323 2264
324 816
325 1417
326 1898
327 1952
328 1063
329 1172
330 24
331 1852
332 2580
333 2297
334 2447
335 680
336 1788
337 2190
338 2878
339 2957
340 1442
341 703
342 2498
343 847
344 2599
345 430
346 2207
347 1640
348 54
349 2937
350 1872
351 1912
352 2493
353 2150
354 1452
355 318
356 1915
357 1523
358 933
359 1020
360 2964
361 780
362 2608
363 1870
364 1001
365 977
366 2417
367 2443
368 2396
369 2706
370 1937
371 282
372 2217
373 2783
374 2760
375 1290
376 2244
377 2222
378 2291
379 1674
380 1259
381 2077
382 2808
383 1700
384 420
385 2179
386 139
387 1188
388 410
389 1555
390 1637
391 1407
392 904
393 121
394 1447
395 41
396 2486
397 2465
398 445
399 2886
400 274
401 762
402 2734
403 409
404 1440
405 565
406 1329
407 1279
408 323
409 1394
410 2588
411 1862
412 2420
413 1295
414 2644
415 1741
416 2327
417 1759
418 1517
419 2860
420 2077
421 1218
422 580
423 1451
424 1832
425 194
426 687
427 542
428 2836
429 2895
430 247
431 775
432 1869
433 2186
434 600
435 641
436 933
437 446
438 2132
439 1825
440 5
441 292
442 2365
443 645
444 139
445 1368
446 1498
447 1861
448 2437
449 1175
450 2967
451 1926
452 1576
453 1759
454 1932
455 2351
456 826
457 1581
458 1850
459 2482
460 1256
461 509
462 1691
463 1846
464 2659
465 912
466 1686
467 1250
468 923
469 1405
470 779
471 2890
472 1458
473 2177
474 1944
475 1391
476 1038
477 2160
478 2220
479 662
480 2273
481 132
482 1461
483 717
484 1406
485 900
486 1920
487 353
488 691
489 128
490 496
491 2699
492 554
493 1376
494 857
495 2134
496 2540
497 2340
498 1186
499 1896
500 1888
501 1433
502 2645
503 2217
504 2390
505 123
506 501
507 2497
508 257
509 2657
510 1929
511 627
512 1134
513 2505
514 869
515 857
516 2120
517 2337
518 1116
519 2005
520 1166
521 2845
522 2037
523 2358
524 2655
525 223
526 164
527 2946
528 2977
529 82
530 1185
531 2505
532 1894
533 351
534 2827
535 778
536 334
537 906
538 1796
539 301
540 155
541 1947
542 944
543 1942
544 298
545 129
546 2546
547 2344
548 1833
549 259
550 412
551 2367
552 2223
553 243
554 2984
555 2238
556 2259
557 2603
558 2625
559 634
560 2046
561 2018
562 1450
563 1898
564 1789
565 2010
566 2491
567 1561
568 950
569 1679
570 132
571 2804
572 368
573 2889
574 1869
575 900
576 354
577 1448
578 71
579 326
580 2028
581 2460
582 2180
583 369
584 1080
585 2560
586 1988
587 268
588 179
589 1142
590 2800
591 1551
592 461
593 481
594 1539
595 2775
596 170
597 824
598 127
599 2946
600 2906
601 1470
602 1359
603 2558
604 1283
605 1382
606 2388
607 985
608 331
609 1006
610 1566
611 1467
612 1155
613 2072
614 1436
615 2268
616 341
617 2326
618 2843
619 2387
620 2086
621 21
622 1491
623 234
624 1302
625 871
626 2600
627 1345
628 1527
629 1992
630 706
631 2499
632 1196
633 1430
634 174
635 1121
636 1860
637 443
638 1088
639 1206
640 2380
641 828
642 2869
643 1396
644 263
645 899
646 2871
647 785
648 576
649 1134
650 1685
651 2590
652 2377
653 1058
654 859
655 1262
656 967
657 1842
658 2019
659 770
660 1992
661 2575
662 1250
663 2621
664 1530
665 1726
666 787
667 1143
668 2626
669 903
670 2105
671 1261
672 106
673 757
674 3
675 2295
676 1592
677 2100
678 2341
679 1772
680 2884
681 1724
682 1825
683 1722
684 467
685 1645
686 2613
687 937
688 1006
689 1337
690 848
691 904
692 1766
693 31
694 539
695 2163
696 640
697 1461
698 1484
699 2097
700 1632
701 678
702 773
703 222
704 510
705 1832
706 396
707 2111
708 403
709 210
710 2326
711 1742
712 435
713 361
714 1518
715 273
716 1934
717 40
718 549
719 362
720 2959
721 1721
722 1744
723 1534
724 848
725 1976
726 2480
727 1059
728 1907
729 1616
730 378
731 38
732 860
733 1859
734 168
735 932
736 2488
737 807
738 2567
739 1095
740 1243
741 316
742 1792
743 2658
744 1025
745 2116
746 835
747 2158
748 374
749 2932
750 1647
751 2894
752 2269
753 881
754 760
755 439
756 1223
757 2676
758 2770
759 918
760 2763
761 2596
762 1312
763 1571
764 2100
765 2240
766 2170
767 1497
768 2696
769 2925
770 1543
771 624
772 161
773 1101
774 1305
775 2610
776 2448
777 1994
778 2367
779 109
780 1541
781 589
782 2005
783 474
784 222
785 1075
786 254
787 1560
788 879
789 260
790 2547
791 803
792 420
793 182
794 2224
795 2752
796 177
797 881
798 357
799 1223
800 366
801 1701
802 1173
803 2364
804 2924
805 2816
806 741
807 2953
808 2312
809 871
810 1726
811 691
812 2541
813 1798
814 2429
815 1541
816 77
817 1235
818 567
819 1608
820 2314
821 2480
822 1864
823 1129
824 345
825 560
826 2704
827 692
828 2169
829 455
830 2065
831 733
832 1556
833 2124
834 966
835 2306
836 1008
837 1679
838 179
839 2364
840 617
841 2326
842 1402
843 1638
844 217
845 2867
846 477
847 488
848 1226
849 1667
850 698
851 1246
852 2505
853 101
854 1029
855 1094
856 611
857 2016
858 2518
859 2975
860 1622
861 840
862 1829
863 384
864 1780
865 2651
866 1843
867 2247
868 478
869 1139
870 1067
871 1856
872 2564
873 1537
874 2993
875 645
876 1226
877 928
878 974
879 1203
880 1216
881 2858
882 1660
883 1849
884 652
885 2035
886 642
887 386
888 562
889 1590
890 474
891 2529
892 2971
893 1411
894 1946
895 1526
896 1180
897 2736
898 1336
899 891
900 2738
901 312
902 2774
903 2693
904 2097
905 1192
906 2789
907 920
908 205
909 263
910 55
911 222
912 681
913 2539
914 2141
915 2365
916 2965
917 2816
918 1608
919 1147
920 808
921 2067
922 2702
923 1354
924 2281
925 1889
926 236
927 1980
928 512
929 1754
930 59
931 965
932 1262
933 2127
934 1348
935 745
936 1041
937 1733
938 1465
939 1532
940 657
941 1407
942 2004
943 2003
944 163
945 2228
946 2922
947 291
948 2618
949 1706
950 1612
951 133
952 2207
953 2607
954 1181
955 1844
956 1292
957 2609
958 295
959 2403
960 2063
961 2498
962 782
963 2290
964 212
965 2482
966 1545

