638 75
0 1539
1 1193
2 2019
3 2264
4 415
5 1619
6 1926
7 769
8 1291
9 2617
10 2725
11 2826
12 1497
13 1189
14 2798
15 2430
16 1019
17 774
18 2287
19 1427
20 1768
21 2524
22 2943
23 1241
24 921
25 2584
26 2885
27 1375
28 450
29 1264
30 277
31 172
32 1664
33 210
34 1353
35 1979
36 450
37 168
38 1912
39 416
40 342
41 1752
42 2154
43 2308
44 2844
45 1290
46 2766
47 1149
48 2547
49 503
50 2110
51 2175
52 709
53 2896
54 1701
55 643
56 2590
57 736
58 1583
59 658
60 1763
61 1908
62 761
63 1343
64 353
65 2074
66 2320
67 55
68 1076
69 1553
70 1967
71 2957
72 2000
73 1417
74 2194
75 2215
76 1192
77 701
78 2417
79 1836
80 1799
81 1945
82 1782
83 1806
84 1940
85 1290
86 1574
87 719
88 2828
89 865
90 606
91 2493
92 1877
93 146
94 1690
95 2487
96 2572
97 2699
98 2716
99 2156
100 2906
101 545
102 2920
103 1109
104 1029
105 1753
106 2596
107 1278
108 1505
109 1770
110 985
111 282
112 942
113 199
114 1195
115 1388
116 2439
117 165
118 1810
119 2497
120 1091
121 364
122 2304
123 2058
124 1183
125 2739
126 1637
127 2505
128 2275
129 2789
130 770
131 1112
132 1638
133 2586
134 658
135 636
136 836
137 2981
138 2364
139 400
140 2440
141 2660
142 1922
143 2473
144 1370
145 2319
146 1139
147 1733
148 1341
149 2436
150 632
151 1508
152 967
153 1824
154 228
155 1514
156 393
157 2380
158 665
159 1969
160 171
161 440
162 914
163 698
164 257
165 1108
166 2392
167 1047
168 582
169 1104
170 1941
171 788
172 1953
173 1195
174 1046
175 583
176 466
177 1276
178 1167
179 209
180 648
181 2487
182 2917
183 911
184 2543
185 2290
186 754
187 931
188 2277
189 1985
190 2382
191 2071
192 2048
193 659
194 991
195 1
196 2395
197 1995
198 1000
199 2855
200 2890
201 1028
202 1202
203 1393
204 753
205 2988
206 1454
207 2406
208 453
209 160
210 1854
211 2926
212 1750
213 2733
214 1288
215 1540
216 1164
217 88
218 2069
219 472
220 2454
221 2187
222 2136
223 2870
224 619
225 2337
226 950
227 1643
228 1719
229 1498
230 649
231 1189
232 1472
233 853
234 1100
235 105
236 1027
237 1146
238 1618
239 143
240 2592
241 71
242 2586
243 1528
244 2871
245 2380
246 2239
247 2974
248 1217
249 503
250 685
251 2053
252 2746
253 769
254 2671
255 1246
256 1365
257 350
258 1103
259 1273
260 1234
261 640
262 25
263 548
264 1447
265 686
266 1318
267 922
268 2581
269 2610
270 333
271 1217
272 866
273 440
274 1437
275 1291
276 1064
277 447
278 2405
279 2174
280 2725
281 1729
282 1187
283 454
284 898
285 150
286 902
287 1165
288 1697
289 1248
290 2591
291 2254
292 1875
293 1158
294 1126
295 2087
296 898
297 944
298 2213
299 2359
300 1748
301 2960
302 1109
303 2578
304 2555
305 2274
306 589
307 1761
308 1915
309 253
310 236
311 1443
312 1836
313 2447
314 999
315 1378
316 381
317 938
318 746
319 2634
320 1063
321 2463
322 2261
323 244
324 651
325 2634
326 2650
327 23
328 56
329 2216
330 691
331 874
332 264
333 1180
334 1067
335 261
336 2397
337 2946
338 1228
339 277
340 1992
341 1741
342 1410
343 324
344 86
345 1985
346 1762
347 111
348 2157
349 758
350 1690
351 1266
352 1294
353 2532
354 2449
355 1183
356 685
357 1840
358 552
359 122
360 1683
361 2142
362 1290
363 2572
364 883
365 2151
366 1451
367 2398
368 626
369 979
370 1320
371 2299
372 806
373 1682
374 1669
375 201
376 2278
377 1209
378 2137
379 2536
380 2261
381 1021
382 2165
383 810
384 1735
385 1659
386 1100
387 1297
388 224
389 375
390 1947
391 362
392 1644
393 2449
394 2986
395 472
396 2050
397 804
398 1344
399 2028
400 2884
401 2121
402 1737
403 1213
404 284
405 1657
406 2223
407 1981
408 1111
409 1027
410 124
411 1775
412 1300
413 2257
414 1387
415 1990
416 1146
417 2926
418 1676
419 345
420 245
421 1401
422 1681
423 603
424 1484
425 527
426 490
427 1135
428 638
429 1355
430 823
431 2507
432 2349
433 889
434 320
435 1389
436 480
437 832
438 1407
439 922
440 291
441 1951
442 1517
443 2032
444 55
445 2530
446 2197
447 1616
448 878
449 2876
450 793
451 2100
452 2064
453 1990
454 1843
455 1563
456 2879
457 2483
458 164
459 2468
460 2733
461 2799
462 50
463 276
464 1068
465 1765
466 235
467 2307
468 2458
469 895
470 1279
471 1699
472 921
473 304
474 1865
475 1070
476 1304
477 2614
478 2536
479 1734
480 557
481 2684
482 1696
483 2050
484 2514
485 1750
486 1463
487 1023
488 1085
489 87
490 2844
491 1553
492 2045
493 2992
494 732
495 852
496 437
497 1111
498 2349
499 1087
500 2979
501 735
502 299
503 656
504 2178
505 1479
506 307
507 1299
508 1141
509 378
510 1352
511 260
512 616
513 1956
514 54
515 131
516 497
517 1711
518 952
519 2294
520 1794
521 2118
522 541
523 883
524 2849
525 2190
526 2274
527 916
528 2066
529 2247
530 1960
531 1750
532 1372
533 1863
534 163
535 215
536 1357
537 2948
538 2876
539 1000
540 1450
541 1933
542 1549
543 1366
544 2299
545 1577
546 1505
547 2774
548 939
549 2620
550 666
551 2007
552 1614
553 889
554 1687
555 798
556 2559
557 795
558 2756
559 1109
560 2922
561 1147
562 1453
563 2634
564 1446
565 138
566 1682
567 1421
568 344
569 1447
570 1151
571 2181
572 1305
573 662
574 1833
575 2638
576 1527
577 2085
578 283
579 1796
580 1159
581 1472
582 1537
583 2942
584 802
585 1546
586 1671
587 213
588 195
589 2764
590 2643
591 2725
592 2173
593 1744
594 2587
595 469
596 1890
597 2113
598 2679
599 3
600 469
601 661
602 29
603 2367
604 400
605 1623
606 805
607 1077
608 2809
609 2628
610 2117
611 1742
612 1810
613 2426
614 2436
615 2126
616 2466
617 1569
618 581
619 372
620 2719
621 421
622 2339
623 1801
624 196
625 2930
626 824
627 2047
628 668
629 310
630 1999
631 1354
632 2376
633 1865
634 2810
635 2639
636 915
637 1966

