362 99
0 400
1 1595
2 181
3 994
4 1671
5 1998
6 786
7 1047
8 1024
9 2040
10 2807
11 1503
12 2387
13 2241
14 1196
15 2492
16 1860
17 2173
18 1515
19 1414
20 1768
21 1276
22 253
23 1955
24 2049
25 2337
26 1606
27 547
28 2303
29 1589
30 940
31 557
32 1221
33 2799
34 2641
35 873
36 1219
37 1577
38 523
39 1977
40 2042
41 768
42 1511
43 2202
44 799
45 1723
46 675
47 2468
48 675
49 1953
50 2220
51 1485
52 2764
53 873
54 776
55 868
56 852
57 1501
58 798
59 2253
60 229
61 875
62 2343
63 2418
64 460
65 709
66 163
67 2264
68 2703
69 2124
70 571
71 2937
72 2119
73 2547
74 1486
75 1296
76 2807
77 366
78 2807
79 319
80 2763
81 1159
82 2770
83 1667
84 2014
85 1568
86 1514
87 2547
88 291
89 1237
90 2914
91 744
92 2288
93 812
94 2550
95 1028
96 1174
97 754
98 336
99 520
100 525
101 2248
102 656
103 2872
104 2324
105 1745
106 2674
107 1366
108 854
109 600
110 2337
111 588
112 1025
113 299
114 1158
115 1582
116 1810
117 2215
118 1198
119 2493
120 409
121 2169
122 2173
123 1085
124 1801
125 2018
126 1496
127 464
128 1713
129 1432
130 47
131 1492
132 127
133 770
134 1295
135 878
136 2953
137 43
138 2927
139 1595
140 2936
141 929
142 2044
143 2027
144 345
145 630
146 1994
147 2669
148 1885
149 1760
150 2783
151 1640
152 2413
153 2134
154 619
155 237
156 2658
157 893
158 1556
159 304
160 2316
161 198
162 1830
163 128
164 362
165 2689
166 2592
167 94
168 572
169 502
170 2716
171 2351
172 1421
173 170
174 1520
175 1360
176 677
177 4
178 224
179 367
180 2649
181 1715
182 2203
183 931
184 820
185 269
186 1902
187 939
188 1496
189 1120
190 1393
191 457
192 2721
193 1733
194 1375
195 342
196 2298
197 681
198 1209
199 2358
200 2210
201 2814
202 856
203 1393
204 1273
205 2847
206 2077
207 1737
208 2768
209 1067
210 1659
211 1678
212 600
213 1665
214 2341
215 1087
216 1324
217 1053
218 2628
219 1755
220 1448
221 390
222 189
223 545
224 1302
225 2073
226 866
227 1361
228 1412
229 684
230 368
231 1735
232 2328
233 574
234 2339
235 2956
236 1040
237 730
238 2343
239 2085
240 498
241 1760
242 456
243 526
244 2688
245 560
246 1597
247 672
248 1800
249 2673
250 1903
251 1945
252 2245
253 1975
254 220
255 247
256 863
257 1044
258 709
259 775
260 2933
261 465
262 1005
263 1023
264 2460
265 762
266 1855
267 1978
268 1550
269 2711
270 2586
271 781
272 1648
273 113
274 95
275 1720
276 2610
277 2845
278 693
279 1619
280 543
281 157
282 521
283 2187
284 1069
285 2682
286 2860
287 1279
288 2921
289 1580
290 1830
291 2208
292 2303
293 1109
294 65
295 476
296 1345
297 2911
298 2500
299 618
300 788
301 108
302 1856
303 620
304 864
305 350
306 148
307 2954
308 1829
309 2957
310 1957
311 1994
312 967
313 294
314 1067
315 297
316 385
317 0
318 904
319 1304
320 2335
321 146
322 1961
323 2126
324 1326
325 196
326 2311
327 352
328 1338
329 1608
330 655
331 193
332 2625
333 501
334 2107
335 2503
336 487
337 1127
338 2762
339 2490
340 909
341 364
342 60
343 1227
344 1100
345 1206
346 2811
347 1024
348 131
349 386
350 495
351 2076
352 552
353 1711
354 1549
355 2600
356 1896
357 2403
358 1963
359 278
360 1716
361 855

