611 40
0 1497
1 538
2 694
3 1238
4 667
5 2459
6 2114
7 1357
8 2040
9 2837
10 2715
11 202
12 608
13 1879
14 882
15 340
16 379
17 2964
18 1218
19 929
20 2941
21 209
22 656
23 2663
24 2596
25 152
26 1522
27 2636
28 1515
29 972
30 574
31 1611
32 1512
33 2393
34 1399
35 1738
36 986
37 2124
38 2365
39 1848
40 629
41 978
42 1350
43 1020
44 1785
45 1886
46 964
47 2430
48 3000
49 210
50 830
51 1660
52 871
53 1708
54 667
55 1557
56 492
57 1458
58 2237
59 2195
60 1037
61 593
62 322
63 1154
64 1962
65 277
66 837
67 2761
68 2877
69 2876
70 2352
71 1701
72 2310
73 863
74 2797
75 2415
76 2667
77 262
78 2993
79 764
80 2147
81 1398
82 1728
83 439
84 1002
85 53
86 491
87 1817
88 2163
89 77
90 1206
91 1356
92 102
93 829
94 2707
95 23
96 1193
97 935
98 2038
99 1514
100 2456
101 2141
102 477
103 2420
104 1651
105 1589
106 2683
107 1846
108 1605
109 1334
110 328
111 578
112 424
113 2724
114 1225
115 693
116 342
117 2011
118 1535
119 2230
120 1250
121 2547
122 2739
123 1504
124 282
125 70
126 1930
127 1404
128 133
129 2048
130 853
131 961
132 1154
133 2503
134 1563
135 2885
136 1047
137 902
138 251
139 2785
140 522
141 813
142 2936
143 1344
144 1114
145 2700
146 923
147 2908
148 1052
149 1131
150 1807
151 599
152 1234
153 1982
154 2385
155 1698
156 2741
157 2269
158 1263
159 1819
160 83
161 2170
162 815
163 2965
164 2475
165 567
166 105
167 1620
168 1441
169 1759
170 375
171 349
172 1999
173 96
174 2402
175 1452
176 2024
177 1175
178 2386
179 85
180 939
181 1075
182 845
183 2263
184 56
185 1668
186 1015
187 771
188 2288
189 2965
190 2601
191 2857
192 2940
193 2531
194 2070
195 996
196 399
197 2414
198 2820
199 480
200 2372
201 2663
202 1794
203 1290
204 33
205 1122
206 2955
207 2351
208 1322
209 2661
210 2733
211 1992
212 2998
213 2111
214 2005
215 2749
216 436
217 62
218 209
219 1862
220 2235
221 171
222 761
223 413
224 2748
225 264
226 2050
227 352
228 1756
229 2292
230 2245
231 2604
232 260
233 471
234 2112
235 664
236 555
237 815
238 2966
239 2332
240 1598
241 1687
242 1003
243 636
244 1608
245 695
246 1960
247 1852
248 2237
249 5
250 1852
251 2699
252 311
253 507
254 2258
255 1288
256 2630
257 365
258 1006
259 2062
260 783
261 2749
262 242
263 2597
264 646
265 730
266 1174
267 841
268 1164
269 1791
270 576
271 2802
272 2601
273 913
274 1304
275 1787
276 2155
277 2061
278 2468
279 2884
280 2909
281 1232
282 326
283 1512
284 808
285 252
286 764
287 1585
288 2002
289 2329
290 2265
291 1634
292 2444
293 1505
294 2875
295 290
296 1302
297 2166
298 830
299 362
300 846
301 429
302 2386
303 414
304 1037
305 909
306 1769
307 284
308 213
309 1864
310 833
311 2975
312 1216
313 2631
314 952
315 2230
316 464
317 1676
318 2909
319 1665
320 2152
321 1955
322 2913
323 1030
324 2989
325 385
326 2966
327 2667
328 219
329 368
330 1230
331 1011
332 1646
333 650
334 2365
335 243
336 144
337 1752
338 824
339 2614
340 1656
341 1290
342 2219
343 2864
344 142
345 1404
346 681
347 2407
348 941
349 947
350 1604
351 167
352 125
353 842
354 1159
355 1186
356 1226
357 949
358 743
359 773
360 2005
361 2937
362 642
363 397
364 287
365 521
366 2648
367 245
368 87
369 1665
370 969
371 1083
372 1623
373 233
374 564
375 2934
376 679
377 2419
378 586
379 2758
380 1121
381 819
382 1401
383 2835
384 2958
385 2177
386 475
387 404
388 1926
389 1551
390 1487
391 328
392 2237
393 2353
394 2727
395 2421
396 2764
397 1266
398 2449
399 1968
400 977
401 1959
402 2201
403 1395
404 2950
405 182
406 1625
407 2963
408 2596
409 144
410 1699
411 2090
412 2184
413 208
414 1140
415 2387
416 2836
417 1397
418 1256
419 1875
420 256
421 2694
422 601
423 1298
424 284
425 846
426 1376
427 1818
428 2694
429 2176
430 1478
431 2401
432 2744
433 2438
434 1917
435 683
436 2976
437 1896
438 772
439 2172
440 425
441 2134
442 2172
443 1075
444 2640
445 1636
446 1145
447 2682
448 550
449 1505
450 730
451 1024
452 794
453 667
454 2625
455 743
456 1406
457 2915
458 1323
459 1890
460 1224
461 590
462 1562
463 844
464 2501
465 457
466 2747
467 2766
468 2155
469 1924
470 1197
471 1269
472 2355
473 1983
474 465
475 2423
476 960
477 430
478 1201
479 1969
480 2902
481 1895
482 414
483 96
484 1709
485 1230
486 1232
487 789
488 544
489 261
490 2677
491 2342
492 2685
493 1099
494 2552
495 2507
496 228
497 900
498 2483
499 553
500 1201
501 504
502 61
503 2091
504 2309
505 822
506 2632
507 2707
508 909
509 2273
510 2601
511 1976
512 1342
513 6
514 1284
515 37
516 45
517 577
518 735
519 978
520 718
521 2429
522 2787
523 2036
524 1281
525 1386
526 1125
527 2463
528 1651
529 840
530 618
531 319
532 552
533 2622
534 1798
535 2851
536 2079
537 1153
538 889
539 2556
540 2239
541 2940
542 69
543 1506
544 210
545 2502
546 1058
547 1029
548 593
549 225
550 2675
551 2005
552 2498
553 2804
554 2323
555 846
556 2623
557 1322
558 1043
559 124
560 2368
561 2522
562 2956
563 1233
564 941
565 2322
566 1991
567 2957
568 1304
569 2368
570 406
571 2541
572 890
573 442
574 115
575 1599
576 906
577 202
578 187
579 913
580 1716
581 910
582 2284
583 1480
584 1581
585 1229
586 66
587 1257
588 1873
589 933
590 576
591 950
592 2641
593 450
594 880
595 585
596 737
597 1714
598 2360
599 1525
600 1746
601 336
602 578
603 1028
604 78
605 378
606 2599
607 2710
608 1887
609 1498
610 1199

