520 24
0 1421
1 1010
2 2219
3 1863
4 1964
5 641
6 1166
7 173
8 2584
9 2294
10 2892
11 942
12 2370
13 1008
14 688
15 2024
16 2407
17 675
18 2744
19 1255
20 1950
21 1295
22 660
23 1069
24 1669
25 1455
26 1277
27 2601
28 2914
29 1008
30 1057
31 1910
32 534
33 2118
34 2249
35 302
36 1437
37 2730
38 2329
39 1439
40 579
41 720
42 768
43 394
44 1084
45 2915
46 1653
47 1772
48 1806
49 1389
50 2689
51 862
52 766
53 2329
54 2436
55 285
56 204
57 2478
58 610
59 1894
60 2326
61 36
62 1691
63 1082
64 1117
65 2863
66 1959
67 647
68 1438
69 1027
70 1719
71 2230
72 2097
73 1096
74 665
75 1050
76 387
77 2349
78 2591
79 1367
80 2731
81 239
82 2241
83 2969
84 1062
85 2639
86 165
87 65
88 2073
89 163
90 1918
91 2110
92 2618
93 1291
94 1806
95 2516
96 2447
97 269
98 2390
99 2341
100 387
101 2674
102 2241
103 1596
104 602
105 699
106 2324
107 2922
108 1585
109 770
110 1367
111 1741
112 33
113 1404
114 1698
115 1594
116 2566
117 555
118 2022
119 2422
120 1887
121 1024
122 1340
123 584
124 2287
125 1797
126 998
127 552
128 1352
129 1207
130 297
131 329
132 2271
133 2092
134 1250
135 430
136 2988
137 374
138 169
139 2721
140 253
141 2432
142 498
143 1390
144 1798
145 71
146 2703
147 2242
148 2424
149 2069
150 1278
151 247
152 2437
153 1396
154 37
155 2979
156 290
157 2439
158 1303
159 11
160 2612
161 2535
162 1426
163 1481
164 2341
165 2689
166 837
167 1303
168 266
169 281
170 1337
171 983
172 822
173 729
174 1983
175 1023
176 1806
177 1577
178 1162
179 442
180 740
181 2620
182 823
183 46
184 164
185 1814
186 1652
187 867
188 546
189 2129
190 2042
191 2911
192 2123
193 1541
194 1944
195 2112
196 2204
197 777
198 2611
199 2579
200 1788
201 598
202 164
203 2546
204 1633
205 467
206 365
207 746
208 2664
209 663
210 329
211 1510
212 2016
213 946
214 1733
215 1224
216 2505
217 2067
218 2962
219 2515
220 2208
221 2504
222 2247
223 2296
224 1852
225 2792
226 429
227 187
228 1499
229 2367
230 591
231 1836
232 2218
233 1401
234 2616
235 2476
236 2042
237 2243
238 497
239 1979
240 1961
241 76
242 1514
243 646
244 2506
245 2796
246 113
247 2659
248 2076
249 646
250 2492
251 2131
252 831
253 1668
254 256
255 1867
256 929
257 2194
258 2668
259 1421
260 2791
261 299
262 219
263 544
264 692
265 1870
266 2005
267 2237
268 1707
269 201
270 12
271 868
272 1764
273 849
274 2175
275 1762
276 2558
277 648
278 1370
279 1440
280 952
281 1106
282 1117
283 1355
284 207
285 2674
286 898
287 2236
288 1850
289 917
290 2870
291 2754
292 1566
293 1088
294 2308
295 2161
296 2987
297 2400
298 2502
299 1575
300 2054
301 1333
302 1547
303 237
304 2629
305 359
306 2614
307 2404
308 1355
309 2962
310 2968
311 564
312 2782
313 2276
314 1972
315 41
316 907
317 93
318 2669
319 134
320 661
321 2738
322 2313
323 1729
324 1601
325 2454
326 323
327 2201
328 486
329 914
330 258
331 48
332 2209
333 826
334 1120
335 1513
336 2421
337 2865
338 418
339 1998
340 1535
341 2282
342 714
343 2991
344 562
345 1830
346 2376
347 2348
348 2129
349 1384
350 2891
351 1777
352 694
353 433
354 631
355 1996
356 2203
357 2203
358 784
359 2056
360 1795
361 1056
362 292
363 1008
364 225
365 2147
366 2044
367 19
368 2045
369 297
370 2599
371 2689
372 831
373 1565
374 1056
375 1729
376 908
377 119
378 230
379 59
380 94
381 2508
382 2877
383 1139
384 1285
385 169
386 2325
387 1748
388 464
389 427
390 753
391 2354
392 2260
393 2825
394 1581
395 878
396 2541
397 2050
398 2658
399 1518
400 1200
401 1515
402 2141
403 1719
404 1062
405 2359
406 1770
407 2127
408 2964
409 1586
410 385
411 2281
412 2456
413 1729
414 2063
415 225
416 1170
417 2267
418 2214
419 846
420 706
421 518
422 492
423 721
424 1770
425 2682
426 1710
427 127
428 208
429 1580
430 2726
431 1810
432 1239
433 2651
434 2738
435 2477
436 1834
437 2049
438 2111
439 2858
440 2296
441 1077
442 379
443 852
444 2509
445 2740
446 2296
447 1807
448 44
449 1314
450 8
451 2661
452 2703
453 737
454 1002
455 339
456 1951
457 1616
458 758
459 2780
460 1637
461 602
462 1594
463 929
464 2427
465 23
466 1192
467 2489
468 946
469 2044
470 2474
471 323
472 228
473 2206
474 2900
475 2038
476 466
477 1863
478 409
479 2991
480 2734
481 1048
482 1197
483 2678
484 2552
485 1737
486 2512
487 2454
488 2721
489 1808
490 2066
491 783
492 844
493 359
494 509
495 1802
496 601
497 2477
498 1077
499 2186
500 1821
501 407
502 1574
503 14
504 688
505 2902
506 2717
507 2462
508 2346
509 1578
510 845
511 1138
512 2409
513 1890
514 1279
515 2349
516 2303
517 2736
518 2116
519 402

