384 35
0 172
1 2751
2 1045
3 43
4 2356
5 837
6 2828
7 469
8 2407
9 1482
10 558
11 2405
12 991
13 1982
14 1390
15 1059
16 1696
17 112
18 2067
19 1340
20 1344
21 30
22 946
23 1806
24 838
25 1994
26 756
27 1610
28 2431
29 2115
30 1336
31 1943
32 2435
33 2960
34 2016
35 2235
36 832
37 1834
38 2301
39 287
40 2330
41 1561
42 553
43 1092
44 2898
45 857
46 1155
47 1817
48 2000
49 1788
50 2177
51 1682
52 512
53 1030
54 803
55 610
56 2239
57 1158
58 2820
59 2598
60 2480
61 734
62 391
63 289
64 617
65 146
66 883
67 703
68 1795
69 156
70 68
71 1895
72 2132
73 2214
74 2355
75 1596
76 1468
77 1342
78 2194
79 1665
80 2932
81 258
82 2672
83 2923
84 508
85 1276
86 590
87 682
88 2115
89 579
90 2662
91 2888
92 513
93 165
94 2421
95 1169
96 941
97 2091
98 1990
99 1733
100 694
101 991
102 1031
103 76
104 2277
105 1119
106 2895
107 968
108 2377
109 267
110 460
111 276
112 2109
113 2187
114 214
115 2987
116 116
117 240
118 103
119 843
120 1151
121 137
122 680
123 352
124 1050
125 2516
126 2602
127 2403
128 1775
129 1275
130 507
131 1947
132 2502
133 794
134 641
135 2159
136 57
137 312
138 513
139 60
140 2250
141 2575
142 2006
143 1230
144 1622
145 1174
146 2844
147 2524
148 850
149 698
150 479
151 214
152 686
153 67
154 2600
155 1670
156 1660
157 67
158 694
159 2009
160 908
161 2044
162 2453
163 1512
164 2161
165 727
166 2721
167 412
168 2817
169 888
170 1017
171 1934
172 2800
173 686
174 17
175 26
176 2981
177 1465
178 1423
179 2126
180 1020
181 1677
182 1108
183 1951
184 280
185 7
186 2830
187 1156
188 83
189 2510
190 1158
191 1387
192 596
193 1885
194 20
195 2837
196 2824
197 282
198 2049
199 1772
200 1911
201 490
202 1977
203 1460
204 2363
205 1010
206 1016
207 189
208 2432
209 1409
210 1732
211 1023
212 557
213 812
214 2589
215 2589
216 287
217 580
218 2334
219 2948
220 1448
221 1096
222 718
223 2184
224 1805
225 291
226 1785
227 1196
228 1349
229 2009
230 2047
231 1673
232 2657
233 351
234 1448
235 128
236 283
237 1867
238 2327
239 1932
240 1080
241 2537
242 2426
243 2612
244 2094
245 161
246 2228
247 1876
248 787
249 1757
250 2868
251 2237
252 1699
253 2640
254 2688
255 1347
256 1400
257 2322
258 1735
259 1278
260 1169
261 792
262 1191
263 2539
264 2935
265 926
266 2406
267 1765
268 128
269 703
270 641
271 2870
272 2625
273 248
274 950
275 2634
276 849
277 1592
278 1611
279 223
280 2230
281 234
282 2781
283 1666
284 1119
285 2360
286 480
287 2318
288 901
289 1629
290 1783
291 694
292 1443
293 1267
294 291
295 417
296 1156
297 379
298 1575
299 2743
300 2487
301 258
302 934
303 2714
304 293
305 1700
306 1459
307 2086
308 840
309 1311
310 1877
311 1487
312 2519
313 1297
314 2466
315 261
316 2138
317 1555
318 162
319 358
320 830
321 1943
322 2532
323 813
324 2519
325 218
326 236
327 2145
328 172
329 2084
330 516
331 2570
332 1429
333 1429
334 1267
335 741
336 2939
337 94
338 126
339 1438
340 2232
341 2828
342 2054
343 383
344 1171
345 1795
346 33
347 1936
348 2404
349 2092
350 2644
351 1064
352 918
353 2811
354 892
355 1358
356 2219
357 2358
358 1701
359 2910
360 1712
361 1302
362 2896
363 1920
364 2407
365 2496
366 2047
367 1958
368 1137
369 1466
370 383
371 928
372 2097
373 2079
374 678
375 1666
376 2787
377 2424
378 968
379 2490
380 1067
381 635
382 1248
383 797

