788 9
0 345
1 1947
2 327
3 711
4 755
5 1314
6 2727
7 776
8 1172
9 1864
10 729
11 2516
12 2065
13 2706
14 278
15 1728
16 1596
17 1933
18 1482
19 2420
20 350
21 2154
22 2531
23 2652
24 2366
25 1699
26 2408
27 633
28 1714
29 2798
30 57
31 1984
32 16
33 482
34 636
35 720
36 436
37 974
38 771
39 493
40 1282
41 1692
42 1400
43 2975
44 2901
45 2343
46 2274
47 835
48 2601
49 1845
50 1000
51 2266
52 137
53 2912
54 392
55 1667
56 581
57 1020
58 2210
59 2517
60 1206
61 1993
62 355
63 395
64 1365
65 788
66 777
67 1252
68 2728
69 1626
70 2798
71 2612
72 71
73 1595
74 2230
75 2764
76 1118
77 1606
78 501
79 2056
80 1574
81 2646
82 166
83 466
84 676
85 2299
86 1761
87 904
88 1368
89 117
90 598
91 532
92 2055
93 458
94 2490
95 1951
96 1143
97 2512
98 1411
99 2940
100 2997
101 895
102 1583
103 2176
104 1158
105 989
106 1067
107 2290
108 612
109 2572
110 1121
111 2186
112 2624
113 562
114 2429
115 812
116 1044
117 1557
118 2285
119 1233
120 2079
121 478
122 73
123 360
124 1011
125 49
126 1143
127 271
128 1188
129 1728
130 1493
131 926
132 1167
133 478
134 598
135 2200
136 2350
137 2972
138 1266
139 194
140 1773
141 2063
142 2531
143 1603
144 1856
145 600
146 1279
147 510
148 2702
149 47
150 1928
151 427
152 2136
153 926
154 438
155 709
156 403
157 487
158 2338
159 882
160 1869
161 1088
162 2343
163 144
164 1185
165 81
166 1635
167 603
168 1497
169 1594
170 1047
171 2577
172 2900
173 1542
174 2034
175 298
176 919
177 988
178 1841
179 1220
180 1756
181 2910
182 1488
183 2644
184 1454
185 225
186 1542
187 16
188 1590
189 1212
190 796
191 681
192 1354
193 1043
194 1844
195 1261
196 2996
197 667
198 1840
199 2408
200 2456
201 1177
202 1585
203 1987
204 2008
205 754
206 622
207 534
208 1937
209 1239
210 295
211 1065
212 612
213 1179
214 1020
215 824
216 2387
217 466
218 164
219 2291
220 1373
221 2695
222 2800
223 2909
224 1465
225 466
226 2198
227 2668
228 450
229 489
230 2234
231 2449
232 48
233 1246
234 2117
235 996
236 777
237 2278
238 298
239 90
240 2563
241 737
242 2212
243 2118
244 2635
245 1826
246 100
247 116
248 667
249 2064
250 2340
251 2601
252 1601
253 2406
254 405
255 2407
256 444
257 2704
258 2793
259 2645
260 323
261 508
262 364
263 579
264 2270
265 284
266 1110
267 990
268 3000
269 1738
270 1307
271 1482
272 1499
273 1217
274 1392
275 621
276 626
277 2511
278 288
279 384
280 752
281 200
282 2347
283 931
284 1706
285 500
286 2352
287 951
288 2612
289 1419
290 2085
291 1109
292 2421
293 1967
294 1575
295 2969
296 2254
297 1999
298 215
299 1787
300 1745
301 2955
302 1881
303 1663
304 1611
305 1033
306 897
307 1363
308 2143
309 286
310 1092
311 813
312 1416
313 2961
314 1151
315 1877
316 800
317 2974
318 2765
319 1610
320 2417
321 2899
322 2174
323 845
324 1618
325 717
326 951
327 626
328 2796
329 2864
330 2166
331 1026
332 672
333 822
334 2142
335 1315
336 1108
337 1325
338 2633
339 2073
340 1216
341 112
342 2366
343 1550
344 375
345 1113
346 8
347 2254
348 1554
349 2140
350 503
351 3000
352 1354
353 2931
354 38
355 1254
356 38
357 108
358 9
359 40
360 1458
361 114
362 2902
363 73
364 246
365 457
366 2812
367 2964
368 1590
369 1828
370 2665
371 697
372 569
373 611
374 2718
375 2238
376 402
377 1485
378 1181
379 2510
380 722
381 1093
382 2220
383 2438
384 1759
385 2997
386 545
387 2396
388 2358
389 855
390 2227
391 2247
392 1276
393 59
394 730
395 2085
396 1821
397 2521
398 1633
399 2953
400 2922
401 1172
402 2216
403 2045
404 395
405 1485
406 1017
407 1187
408 626
409 1368
410 2124
411 1085
412 779
413 837
414 2688
415 1454
416 2546
417 348
418 1539
419 111
420 2904
421 2841
422 1224
423 2459
424 942
425 2047
426 2391
427 1379
428 1807
429 2196
430 733
431 1176
432 496
433 165
434 1922
435 763
436 17
437 2237
438 1519
439 970
440 353
441 1276
442 659
443 530
444 1114
445 480
446 108
447 700
448 1670
449 1873
450 22
451 1026
452 2440
453 1239
454 1048
455 418
456 2031
457 1618
458 949
459 436
460 1443
461 1577
462 112
463 2542
464 2199
465 558
466 2992
467 536
468 2388
469 874
470 2817
471 1850
472 2264
473 1139
474 707
475 1637
476 97
477 261
478 462
479 444
480 2837
481 2811
482 2679
483 2419
484 1552
485 2332
486 1814
487 956
488 2633
489 18
490 845
491 1713
492 1088
493 1201
494 194
495 313
496 879
497 2506
498 1118
499 2132
500 1519
501 2485
502 740
503 2111
504 1451
505 2561
506 932
507 640
508 1220
509 772
510 1685
511 2058
512 568
513 671
514 2284
515 2887
516 2665
517 1512
518 2705
519 830
520 1270
521 2830
522 2583
523 746
524 1926
525 2885
526 691
527 466
528 2667
529 255
530 2087
531 1483
532 617
533 2039
534 1191
535 893
536 2060
537 208
538 937
539 2323
540 2039
541 778
542 1986
543 1526
544 1569
545 1567
546 2523
547 1548
548 2768
549 2788
550 65
551 2803
552 2648
553 287
554 233
555 156
556 2594
557 1052
558 1239
559 2273
560 957
561 171
562 1273
563 2572
564 142
565 842
566 2624
567 2950
568 1358
569 697
570 1712
571 1830
572 37
573 1986
574 2436
575 579
576 1229
577 2388
578 2684
579 1656
580 2267
581 2508
582 1478
583 2315
584 902
585 2711
586 1749
587 2429
588 1769
589 2077
590 202
591 2114
592 1467
593 1979
594 1827
595 1578
596 274
597 1183
598 62
599 1343
600 616
601 329
602 2632
603 2040
604 769
605 2215
606 1778
607 2211
608 2623
609 199
610 2277
611 389
612 2435
613 885
614 1040
615 418
616 1957
617 1543
618 1172
619 2808
620 1316
621 299
622 765
623 2310
624 2204
625 1673
626 1927
627 2911
628 2074
629 2617
630 933
631 2061
632 1219
633 670
634 1458
635 1130
636 2178
637 390
638 2991
639 2039
640 2491
641 661
642 2451
643 1847
644 2463
645 2780
646 130
647 2234
648 1898
649 2193
650 2542
651 1273
652 660
653 315
654 1264
655 1444
656 578
657 989
658 2930
659 2506
660 32
661 61
662 2541
663 1236
664 2310
665 2312
666 1763
667 2581
668 366
669 840
670 1586
671 2997
672 681
673 2368
674 1012
675 2333
676 883
677 700
678 1644
679 403
680 1265
681 1117
682 607
683 2036
684 2571
685 583
686 440
687 1414
688 875
689 1376
690 2089
691 144
692 798
693 2181
694 642
695 2433
696 1945
697 180
698 2960
699 1752
700 437
701 1566
702 2842
703 571
704 988
705 1423
706 242
707 2231
708 2684
709 931
710 1102
711 2387
712 1452
713 2051
714 43
715 1457
716 792
717 2854
718 950
719 2267
720 2820
721 1436
722 633
723 1841
724 498
725 1045
726 1124
727 1894
728 2951
729 1996
730 724
731 1042
732 652
733 1452
734 1991
735 302
736 1035
737 2
738 2674
739 2216
740 763
741 1
742 1369
743 1267
744 2156
745 1059
746 1654
747 2562
748 2912
749 1361
750 2630
751 2441
752 2298
753 1877
754 2298
755 140
756 2908
757 384
758 1829
759 521
760 1304
761 1435
762 1615
763 636
764 2637
765 278
766 2129
767 1697
768 2324
769 338
770 1275
771 2726
772 1914
773 1094
774 582
775 2682
776 491
777 138
778 527
779 2186
780 894
781 778
782 615
783 776
784 1373
785 2120
786 449
787 1262

