247 63
0 925
1 65
2 574
3 2398
4 617
5 466
6 1365
7 1352
8 1244
9 1205
10 1870
11 1145
12 1178
13 483
14 1079
15 1604
16 42
17 1334
18 1169
19 212
20 1854
21 2730
22 1393
23 2364
24 1310
25 2422
26 1410
27 1938
28 2719
29 2818
30 2180
31 2773
32 1248
33 1089
34 772
35 274
36 1130
37 2979
38 2089
39 2033
40 2431
41 831
42 1322
43 861
44 2037
45 683
46 2191
47 2521
48 145
49 297
50 2857
51 656
52 2211
53 2027
54 2922
55 2243
56 458
57 199
58 401
59 938
60 1489
61 2625
62 757
63 2695
64 1646
65 2257
66 372
67 716
68 2471
69 1568
70 1612
71 2498
72 1019
73 2677
74 760
75 857
76 54
77 473
78 245
79 1179
80 1465
81 1606
82 2402
83 1310
84 636
85 2533
86 1587
87 1526
88 251
89 1252
90 581
91 823
92 663
93 1684
94 2190
95 1035
96 1828
97 261
98 971
99 2548
100 1598
101 2145
102 860
103 2526
104 716
105 2818
106 1210
107 1300
108 1502
109 333
110 829
111 420
112 1216
113 1032
114 2389
115 910
116 2333
117 622
118 2134
119 84
120 649
121 2173
122 18
123 266
124 558
125 2670
126 1012
127 1229
128 1837
129 718
130 2181
131 2568
132 1209
133 2559
134 2581
135 1897
136 1066
137 929
138 377
139 2228
140 532
141 1740
142 2267
143 614
144 341
145 417
146 915
147 2776
148 2243
149 353
150 2771
151 1164
152 689
153 1612
154 2617
155 481
156 2250
157 409
158 1638
159 2569
160 755
161 995
162 2992
163 1197
164 1963
165 1463
166 2043
167 2343
168 721
169 1393
170 2537
171 1816
172 2267
173 955
174 1665
175 1166
176 1570
177 1403
178 258
179 1535
180 2042
181 1775
182 1516
183 1866
184 1960
185 2460
186 84
187 2992
188 1130
189 1755
190 1199
191 347
192 1572
193 2307
194 343
195 2968
196 740
197 2106
198 729
199 1916
200 61
201 599
202 1202
203 794
204 448
205 738
206 849
207 2164
208 2135
209 2770
210 1987
211 2996
212 2694
213 1698
214 1073
215 2320
216 1820
217 1404
218 2139
219 2348
220 1932
221 555
222 1461
223 274
224 951
225 2141
226 2609
227 1892
228 432
229 1688
230 1600
231 1822
232 2567
233 2110
234 840
235 1741
236 276
237 2333
238 292
239 2857
240 2766
241 2673
242 2012
243 1163
244 2024
245 2154
246 890

