500 84
0 1285
1 1706
2 1884
3 1336
4 2650
5 2058
6 837
7 2560
8 1867
9 113
10 1224
11 993
12 2330
13 1609
14 1032
15 2423
16 1930
17 2216
18 2739
19 750
20 575
21 2798
22 2331
23 2091
24 1881
25 684
26 33
27 2627
28 2611
29 2629
30 566
31 2957
32 845
33 193
34 411
35 660
36 935
37 779
38 1855
39 2058
40 325
41 1463
42 2529
43 2873
44 826
45 2242
46 815
47 2849
48 123
49 847
50 746
51 2344
52 208
53 2497
54 2944
55 201
56 323
57 481
58 2066
59 734
60 2837
61 1950
62 279
63 1089
64 264
65 1849
66 2673
67 1007
68 816
69 1583
70 1419
71 1544
72 2700
73 2499
74 933
75 474
76 372
77 1073
78 1928
79 247
80 18
81 1636
82 752
83 1054
84 1298
85 1557
86 2914
87 265
88 1155
89 2996
90 6
91 1586
92 244
93 729
94 698
95 2391
96 1411
97 1510
98 521
99 2847
100 1310
101 2568
102 888
103 444
104 2711
105 747
106 1033
107 244
108 2798
109 2251
110 1503
111 2064
112 2238
113 877
114 2644
115 958
116 1727
117 1109
118 1573
119 415
120 2044
121 2518
122 478
123 147
124 1102
125 1373
126 2100
127 429
128 2605
129 2103
130 648
131 2495
132 1212
133 1653
134 1878
135 929
136 211
137 2877
138 875
139 2164
140 26
141 2527
142 1385
143 2409
144 1144
145 1487
146 1183
147 80
148 2805
149 1218
150 580
151 508
152 1258
153 689
154 2810
155 1744
156 1331
157 2120
158 26
159 674
160 684
161 2438
162 269
163 146
164 2514
165 798
166 1243
167 2849
168 2213
169 873
170 256
171 1302
172 1094
173 1631
174 1448
175 2746
176 964
177 22
178 2573
179 615
180 1400
181 2854
182 2057
183 1744
184 1610
185 516
186 1509
187 2092
188 769
189 999
190 2675
191 714
192 1714
193 2703
194 1798
195 812
196 1743
197 1941
198 556
199 1223
200 908
201 2428
202 947
203 1567
204 2140
205 2713
206 1172
207 2987
208 2820
209 911
210 261
211 405
212 2607
213 2801
214 1624
215 1376
216 1412
217 1704
218 1704
219 1869
220 2344
221 459
222 1631
223 45
224 88
225 1718
226 159
227 2107
228 1312
229 2707
230 1203
231 2083
232 1414
233 1386
234 481
235 1331
236 649
237 2616
238 1019
239 2028
240 1537
241 2312
242 410
243 2078
244 928
245 2551
246 971
247 2353
248 706
249 1830
250 660
251 96
252 785
253 1228
254 1726
255 1251
256 881
257 2825
258 139
259 926
260 2008
261 297
262 737
263 111
264 886
265 1219
266 572
267 435
268 1492
269 291
270 2105
271 1607
272 173
273 2357
274 1410
275 1760
276 2469
277 2107
278 2849
279 2718
280 2735
281 2767
282 2830
283 2814
284 2266
285 296
286 1321
287 1443
288 2236
289 930
290 1475
291 641
292 2840
293 1664
294 1949
295 1374
296 1367
297 442
298 323
299 2569
300 2249
301 916
302 885
303 49
304 728
305 1411
306 1809
307 2920
308 90
309 443
310 115
311 1865
312 2724
313 513
314 169
315 1683
316 1587
317 206
318 2117
319 2727
320 2378
321 1228
322 477
323 1557
324 1784
325 2374
326 330
327 96
328 938
329 1899
330 2504
331 2402
332 2658
333 2240
334 2887
335 1590
336 1256
337 500
338 2204
339 2624
340 1337
341 1868
342 2516
343 268
344 1545
345 2134
346 470
347 2948
348 1989
349 2714
350 1712
351 457
352 1414
353 2654
354 469
355 2507
356 1366
357 2118
358 1627
359 902
360 1597
361 2856
362 2712
363 45
364 2622
365 2114
366 2372
367 2990
368 2489
369 968
370 795
371 208
372 2019
373 1674
374 24
375 2779
376 2398
377 937
378 2055
379 658
380 1325
381 1227
382 709
383 697
384 2395
385 360
386 992
387 1617
388 1289
389 835
390 2735
391 41
392 885
393 2704
394 653
395 18
396 849
397 1970
398 698
399 1577
400 2379
401 2109
402 2860
403 522
404 123
405 2657
406 2756
407 542
408 1516
409 877
410 2043
411 2442
412 1322
413 442
414 953
415 1450
416 1408
417 515
418 1152
419 876
420 324
421 1183
422 2940
423 2076
424 443
425 1555
426 2998
427 785
428 2450
429 2718
430 826
431 1483
432 2146
433 1770
434 2078
435 1901
436 330
437 865
438 1474
439 2177
440 2495
441 2766
442 1113
443 372
444 486
445 62
446 1627
447 2731
448 1137
449 590
450 2030
451 769
452 822
453 2906
454 1025
455 1514
456 2219
457 1890
458 1616
459 2372
460 473
461 68
462 2829
463 2911
464 2390
465 1974
466 1277
467 2331
468 1256
469 2936
470 1921
471 1491
472 2485
473 1020
474 2837
475 2188
476 1574
477 1919
478 1826
479 54
480 654
481 200
482 246
483 2038
484 1342
485 1174
486 716
487 2143
488 2177
489 467
490 1679
491 990
492 2144
493 901
494 2301
495 1549
496 2969
497 1495
498 1690
499 2474

