408 0
0 2042
1 2780
2 511
3 256
4 2538
5 2640
6 2870
7 1447
8 2921
9 1347
10 2422
11 2937
12 464
13 239
14 421
15 289
16 1270
17 1280
18 1728
19 2332
20 348
21 1920
22 630
23 2581
24 1449
25 476
26 1946
27 1980
28 1294
29 1227
30 1215
31 1165
32 1869
33 2908
34 1368
35 660
36 591
37 1574
38 1073
39 1988
40 265
41 3
42 2879
43 1856
44 2642
45 1653
46 560
47 2325
48 2781
49 2209
50 28
51 2780
52 249
53 1757
54 239
55 683
56 2098
57 1838
58 1346
59 1635
60 1872
61 791
62 2059
63 2674
64 2194
65 686
66 1368
67 1139
68 1008
69 327
70 1590
71 2055
72 1691
73 673
74 1133
75 2157
76 41
77 2382
78 565
79 889
80 2738
81 1465
82 2318
83 1982
84 2297
85 2165
86 1002
87 201
88 537
89 2428
90 1372
91 1826
92 76
93 1933
94 2710
95 1437
96 369
97 2418
98 1908
99 955
100 989
101 231
102 588
103 2665
104 1702
105 1140
106 755
107 1457
108 516
109 2251
110 2842
111 2115
112 1392
113 1982
114 2627
115 1767
116 411
117 1001
118 371
119 879
120 1517
121 2573
122 223
123 2610
124 1748
125 396
126 2201
127 2810
128 1234
129 1393
130 241
131 2078
132 664
133 1392
134 2751
135 1402
136 1712
137 699
138 540
139 16
140 93
141 370
142 1114
143 449
144 2566
145 1872
146 1753
147 683
148 1600
149 2527
150 2811
151 2223
152 1169
153 1055
154 2967
155 2065
156 1405
157 940
158 1259
159 344
160 1613
161 871
162 1920
163 2941
164 1022
165 571
166 2572
167 949
168 2029
169 894
170 2693
171 1131
172 342
173 2702
174 1142
175 1737
176 1126
177 2293
178 1346
179 183
180 1866
181 894
182 2378
183 1134
184 930
185 1136
186 508
187 219
188 987
189 2561
190 984
191 81
192 74
193 932
194 667
195 123
196 1675
197 1292
198 2722
199 667
200 436
201 1282
202 1966
203 1137
204 2373
205 2195
206 1894
207 1064
208 2846
209 2102
210 749
211 2681
212 382
213 825
214 1807
215 1516
216 1831
217 1033
218 1299
219 1030
220 760
221 2254
222 2373
223 2441
224 29
225 1773
226 2154
227 549
228 552
229 22
230 1620
231 1747
232 1561
233 2028
234 753
235 2033
236 2406
237 2610
238 1727
239 292
240 1296
241 1224
242 1666
243 158
244 2616
245 572
246 1057
247 763
248 37
249 2410
250 1031
251 381
252 762
253 2146
254 1388
255 132
256 533
257 1407
258 585
259 678
260 1176
261 2987
262 816
263 126
264 252
265 2504
266 473
267 1357
268 1688
269 43
270 2888
271 2547
272 1986
273 646
274 2868
275 1052
276 2094
277 731
278 2702
279 2223
280 1142
281 2955
282 2416
283 34
284 317
285 475
286 2172
287 912
288 2389
289 1861
290 2377
291 942
292 334
293 2158
294 1616
295 529
296 213
297 227
298 1837
299 1860
300 2015
301 665
302 2066
303 1624
304 2439
305 1158
306 1369
307 728
308 1113
309 2123
310 562
311 452
312 2219
313 1889
314 291
315 1064
316 960
317 2609
318 930
319 2516
320 722
321 976
322 2730
323 2626
324 1941
325 1627
326 835
327 2867
328 555
329 55
330 1108
331 2796
332 1535
333 455
334 2506
335 1641
336 1815
337 2993
338 2119
339 998
340 129
341 1629
342 2988
343 773
344 528
345 112
346 784
347 1913
348 53
349 1326
350 2173
351 2252
352 552
353 739
354 1228
355 2874
356 2053
357 1021
358 747
359 374
360 2150
361 2926
362 659
363 480
364 2027
365 218
366 2151
367 2859
368 2974
369 1410
370 1380
371 2001
372 1669
373 2634
374 1746
375 1093
376 2246
377 2261
378 949
379 486
380 1976
381 2340
382 1637
383 2957
384 2105
385 651
386 642
387 702
388 2437
389 1772
390 687
391 2300
392 1743
393 2710
394 546
395 688
396 2756
397 1578
398 366
399 2845
400 2690
401 2781
402 2197
403 2142
404 1460
405 1972
406 1987
407 2327

