270 16
0 2900
1 859
2 228
3 2194
4 486
5 882
6 607
7 2052
8 2095
9 1898
10 1865
11 497
12 2567
13 2386
14 1804
15 1426
16 1729
17 2854
18 2079
19 2618
20 458
21 161
22 2926
23 364
24 401
25 967
26 1446
27 735
28 836
29 2721
30 2897
31 794
32 1176
33 1097
34 1683
35 2441
36 3000
37 1377
38 2156
39 2479
40 145
41 845
42 233
43 710
44 2423
45 2423
46 2704
47 2467
48 982
49 1981
50 615
51 1991
52 2737
53 680
54 1359
55 2876
56 1658
57 1686
58 2326
59 176
60 2077
61 2597
62 1287
63 1822
64 1796
65 433
66 2102
67 279
68 319
69 2117
70 631
71 2600
72 1648
73 1880
74 1654
75 280
76 2228
77 2960
78 748
79 1052
80 729
81 2716
82 2066
83 2505
84 2944
85 1589
86 2978
87 2458
88 437
89 2810
90 678
91 1781
92 1453
93 2814
94 2486
95 2879
96 149
97 1979
98 1872
99 1351
100 2680
101 2480
102 1753
103 2911
104 2904
105 2728
106 977
107 2656
108 1841
109 1689
110 1098
111 1369
112 1914
113 2966
114 1006
115 394
116 974
117 2636
118 597
119 1934
120 2534
121 2547
122 2571
123 1848
124 2726
125 2375
126 575
127 1877
128 2307
129 1193
130 182
131 1079
132 2631
133 1063
134 8
135 1243
136 2969
137 2674
138 1428
139 427
140 1976
141 2295
142 706
143 206
144 2314
145 2417
146 2041
147 2765
148 476
149 2952
150 2002
151 1446
152 1794
153 1922
154 1638
155 1300
156 360
157 1828
158 1344
159 417
160 2449
161 451
162 231
163 84
164 1492
165 2709
166 2096
167 1560
168 2258
169 358
170 855
171 266
172 1938
173 797
174 1010
175 295
176 1196
177 1495
178 461
179 2702
180 382
181 1395
182 2643
183 2302
184 48
185 1016
186 486
187 445
188 425
189 2015
190 992
191 93
192 604
193 935
194 1560
195 2799
196 172
197 619
198 1808
199 54
200 400
201 2075
202 2448
203 2788
204 1472
205 1865
206 2696
207 2496
208 2801
209 1746
210 2644
211 1812
212 1923
213 2521
214 612
215 2351
216 1518
217 912
218 2118
219 800
220 1789
221 735
222 1763
223 1448
224 575
225 1670
226 1467
227 2260
228 2198
229 1186
230 399
231 1136
232 2350
233 152
234 2943
235 1945
236 1332
237 75
238 2770
239 1722
240 199
241 2786
242 1517
243 1963
244 2439
245 810
246 1033
247 323
248 2264
249 2620
250 2587
251 2579
252 2416
253 326
254 2128
255 1950
256 2453
257 2706
258 600
259 2141
260 2814
261 47
262 1005
263 1202
264 337
265 2830
266 86
267 67
268 1430
269 1138

