492 43
0 1871
1 1596
2 2414
3 2081
4 1562
5 2361
6 438
7 1499
8 2137
9 853
10 2580
11 1839
12 843
13 1106
14 2424
15 1176
16 1249
17 1040
18 2931
19 1680
20 954
21 231
22 1219
23 629
24 2343
25 2240
26 1085
27 2456
28 1099
29 1288
30 1251
31 692
32 658
33 1742
34 1585
35 1061
36 2112
37 299
38 459
39 1672
40 1975
41 521
42 1703
43 359
44 992
45 2878
46 1150
47 1956
48 1665
49 692
50 2644
51 832
52 794
53 1729
54 2565
55 1332
56 1920
57 1356
58 2161
59 2832
60 1218
61 379
62 905
63 2776
64 2415
65 1912
66 419
67 1911
68 1565
69 2679
70 2168
71 1299
72 1062
73 2977
74 541
75 2928
76 466
77 1512
78 2490
79 1183
80 541
81 1806
82 2460
83 2180
84 48
85 2966
86 152
87 260
88 263
89 1020
90 1601
91 2242
92 2402
93 1902
94 299
95 1852
96 2965
97 2923
98 1413
99 520
100 2048
101 2239
102 2512
103 259
104 2584
105 2432
106 1143
107 787
108 2356
109 2834
110 63
111 168
112 1507
113 1006
114 1618
115 224
116 2413
117 873
118 1234
119 1211
120 2124
121 2568
122 2088
123 367
124 1240
125 1672
126 2454
127 2551
128 1677
129 2454
130 1928
131 1411
132 1970
133 1526
134 2203
135 658
136 2846
137 2089
138 1142
139 1266
140 580
141 2972
142 720
143 1075
144 876
145 1692
146 2473
147 352
148 202
149 866
150 2058
151 128
152 2930
153 809
154 2627
155 2412
156 351
157 2860
158 1809
159 2659
160 1245
161 1258
162 385
163 551
164 2622
165 2631
166 1296
167 2314
168 1353
169 1578
170 2253
171 614
172 233
173 2986
174 2023
175 1141
176 2579
177 31
178 1476
179 1913
180 1867
181 2107
182 1067
183 1178
184 308
185 1546
186 681
187 1461
188 1034
189 692
190 2532
191 1423
192 2161
193 2323
194 14
195 2640
196 685
197 563
198 984
199 5
200 2026
201 2085
202 2577
203 1
204 2162
205 1497
206 487
207 1545
208 2812
209 2939
210 1969
211 2641
212 1995
213 2679
214 167
215 2183
216 1744
217 1545
218 1710
219 2834
220 1509
221 1681
222 2834
223 2742
224 2861
225 2343
226 2500
227 2842
228 26
229 2296
230 1072
231 602
232 2685
233 1126
234 2500
235 2821
236 720
237 126
238 270
239 2623
240 683
241 2135
242 2553
243 58
244 1788
245 9
246 2616
247 590
248 1512
249 690
250 2631
251 1018
252 1458
253 2382
254 1259
255 2106
256 2135
257 2102
258 622
259 250
260 508
261 1908
262 681
263 2601
264 305
265 1621
266 200
267 1180
268 2760
269 1615
270 2764
271 2099
272 1324
273 1862
274 2163
275 771
276 1327
277 2137
278 701
279 2348
280 149
281 625
282 2581
283 1638
284 892
285 812
286 2666
287 2691
288 820
289 2639
290 2078
291 1212
292 2255
293 2624
294 1161
295 59
296 1137
297 54
298 1139
299 625
300 2235
301 1688
302 2666
303 636
304 1874
305 2436
306 5
307 177
308 75
309 2990
310 2469
311 2706
312 2609
313 2210
314 2665
315 953
316 2452
317 2337
318 1412
319 550
320 708
321 1621
322 739
323 2252
324 1109
325 1284
326 2317
327 1925
328 563
329 2070
330 1797
331 2272
332 1810
333 818
334 1652
335 2120
336 2037
337 22
338 1037
339 1092
340 2079
341 321
342 491
343 2166
344 2900
345 541
346 91
347 863
348 1693
349 2800
350 1175
351 389
352 2513
353 1383
354 1861
355 2397
356 2520
357 2308
358 1775
359 348
360 1755
361 1918
362 490
363 661
364 846
365 1745
366 93
367 2917
368 2865
369 2348
370 984
371 986
372 1409
373 2160
374 1673
375 1758
376 250
377 810
378 892
379 292
380 125
381 2618
382 1407
383 1732
384 125
385 1128
386 475
387 1207
388 2325
389 519
390 2240
391 2937
392 1059
393 2701
394 421
395 703
396 1750
397 332
398 198
399 2173
400 1489
401 346
402 2263
403 460
404 2968
405 1331
406 2355
407 2901
408 1530
409 522
410 1341
411 316
412 1849
413 2045
414 1531
415 1688
416 554
417 693
418 2629
419 47
420 2228
421 1311
422 858
423 1889
424 2006
425 2837
426 1262
427 683
428 1776
429 2488
430 2218
431 1194
432 1400
433 2441
434 39
435 2994
436 2589
437 811
438 2639
439 37
440 2447
441 1598
442 827
443 1750
444 615
445 1995
446 1359
447 972
448 2658
449 1681
450 2841
451 397
452 1323
453 1795
454 410
455 1410
456 242
457 530
458 2524
459 162
460 375
461 1787
462 2594
463 1406
464 750
465 594
466 1890
467 954
468 79
469 2484
470 597
471 1066
472 201
473 1481
474 1100
475 386
476 547
477 1389
478 1488
479 1039
480 1884
481 2411
482 2720
483 715
484 2209
485 78
486 2869
487 1024
488 737
489 823
490 2432
491 537

