341 87
0 1987
1 190
2 1650
3 1449
4 2140
5 781
6 1158
7 100
8 592
9 1617
10 742
11 2636
12 342
13 341
14 1224
15 422
16 255
17 2603
18 2171
19 2106
20 1009
21 2880
22 1251
23 1418
24 1535
25 108
26 2218
27 421
28 2292
29 225
30 1430
31 869
32 2114
33 259
34 2910
35 2265
36 2933
37 2393
38 1829
39 1423
40 1646
41 2675
42 1847
43 2039
44 1335
45 2883
46 2568
47 1872
48 2206
49 1728
50 1606
51 1202
52 259
53 2929
54 2240
55 2316
56 940
57 2126
58 567
59 194
60 920
61 1090
62 2721
63 737
64 483
65 1207
66 1574
67 2880
68 101
69 248
70 2044
71 740
72 1623
73 2334
74 2458
75 201
76 1686
77 2452
78 709
79 614
80 2130
81 796
82 2712
83 1506
84 667
85 1910
86 192
87 154
88 2456
89 1614
90 2802
91 2464
92 2101
93 2967
94 1811
95 720
96 2762
97 1615
98 560
99 2721
100 973
101 1980
102 945
103 2431
104 229
105 2395
106 559
107 2872
108 739
109 1399
110 811
111 29
112 2773
113 2105
114 686
115 2168
116 707
117 2395
118 476
119 1060
120 1330
121 594
122 2890
123 362
124 1348
125 2861
126 712
127 1800
128 703
129 891
130 2330
131 128
132 2916
133 289
134 233
135 2534
136 176
137 2408
138 1715
139 321
140 2295
141 1580
142 2389
143 2172
144 2572
145 1716
146 2156
147 2718
148 2792
149 1636
150 1245
151 2824
152 2006
153 1159
154 2090
155 787
156 456
157 1863
158 673
159 2969
160 992
161 2834
162 1229
163 1920
164 570
165 1607
166 2365
167 1742
168 160
169 2638
170 1023
171 601
172 2778
173 769
174 33
175 215
176 2744
177 1749
178 291
179 941
180 1470
181 1238
182 2470
183 543
184 1536
185 244
186 907
187 1689
188 1214
189 2627
190 2192
191 2062
192 1034
193 1445
194 1157
195 1262
196 2007
197 1016
198 1112
199 279
200 2246
201 1096
202 718
203 797
204 603
205 1576
206 2971
207 758
208 2131
209 2278
210 598
211 688
212 1248
213 1035
214 325
215 2309
216 15
217 710
218 828
219 1032
220 2848
221 2400
222 1946
223 897
224 1990
225 1373
226 298
227 1562
228 74
229 32
230 1422
231 1400
232 1145
233 214
234 2903
235 308
236 2463
237 1622
238 1078
239 2902
240 2295
241 144
242 2696
243 382
244 1191
245 442
246 2269
247 749
248 633
249 1752
250 2464
251 1144
252 1269
253 2679
254 2894
255 1668
256 879
257 2526
258 795
259 2552
260 1015
261 1332
262 408
263 1870
264 362
265 619
266 2693
267 1035
268 1260
269 192
270 60
271 563
272 2343
273 974
274 2841
275 1566
276 1853
277 604
278 460
279 1260
280 2971
281 1880
282 2457
283 1217
284 2112
285 755
286 912
287 2115
288 2007
289 971
290 2519
291 1735
292 2490
293 2108
294 2821
295 816
296 424
297 529
298 2130
299 1752
300 2955
301 2800
302 2550
303 2960
304 1393
305 783
306 2156
307 1715
308 218
309 2715
310 1908
311 759
312 1255
313 1066
314 2980
315 1295
316 583
317 1247
318 1254
319 973
320 980
321 1305
322 2380
323 358
324 1922
325 1367
326 144
327 267
328 729
329 146
330 2969
331 2318
332 402
333 384
334 18
335 1457
336 1425
337 2084
338 1062
339 2682
340 1134

