745 86
0 1133
1 541
2 631
3 2745
4 1654
5 603
6 2953
7 854
8 2811
9 2548
10 1624
11 250
12 505
13 1580
14 492
15 1267
16 2153
17 2088
18 1427
19 2285
20 1743
21 2260
22 1748
23 2359
24 2577
25 1898
26 2021
27 213
28 602
29 2714
30 504
31 2397
32 2006
33 1814
34 2822
35 623
36 265
37 1913
38 2861
39 2862
40 1241
41 1343
42 265
43 1429
44 240
45 1565
46 2714
47 891
48 245
49 2428
50 870
51 595
52 592
53 11
54 814
55 748
56 2506
57 481
58 690
59 615
60 726
61 206
62 2904
63 1691
64 1723
65 2135
66 1681
67 1762
68 1803
69 2107
70 2250
71 1452
72 1699
73 1606
74 1327
75 1640
76 1070
77 634
78 2447
79 1680
80 2305
81 1054
82 670
83 1176
84 2093
85 1870
86 5
87 421
88 2185
89 2087
90 948
91 427
92 2886
93 201
94 579
95 2817
96 2790
97 1952
98 953
99 2725
100 2289
101 2189
102 456
103 1455
104 655
105 54
106 1981
107 101
108 2961
109 1987
110 1278
111 1010
112 1490
113 790
114 1254
115 764
116 1581
117 1881
118 1286
119 38
120 968
121 1255
122 388
123 2839
124 670
125 2919
126 2378
127 928
128 2776
129 1531
130 118
131 678
132 1884
133 2675
134 2582
135 2676
136 1723
137 1528
138 1844
139 1874
140 2323
141 2909
142 589
143 1231
144 2337
145 2288
146 2159
147 2759
148 287
149 1145
150 1058
151 1245
152 391
153 887
154 797
155 2790
156 834
157 213
158 2705
159 2708
160 454
161 822
162 2125
163 2025
164 22
165 1464
166 464
167 1013
168 1629
169 2067
170 405
171 2665
172 880
173 2971
174 1716
175 2894
176 2654
177 795
178 2757
179 834
180 2754
181 1063
182 1911
183 282
184 1083
185 1063
186 2531
187 438
188 1428
189 1240
190 2680
191 1705
192 2399
193 2845
194 2660
195 88
196 523
197 2984
198 1391
199 1744
200 1140
201 2786
202 2395
203 976
204 241
205 596
206 1390
207 1702
208 1422
209 2643
210 1978
211 406
212 2589
213 2057
214 233
215 1452
216 1739
217 1599
218 956
219 2800
220 2592
221 846
222 135
223 244
224 1183
225 2058
226 1466
227 2036
228 1612
229 1878
230 840
231 251
232 1156
233 1863
234 2460
235 438
236 2158
237 1939
238 2408
239 538
240 2053
241 2105
242 2677
243 2432
244 89
245 2469
246 2481
247 2537
248 1291
249 2251
250 1134
251 2968
252 2849
253 181
254 1410
255 2276
256 2953
257 2379
258 2405
259 1762
260 1310
261 1452
262 1392
263 11
264 2719
265 2206
266 2821
267 1124
268 1833
269 2984
270 154
271 2191
272 95
273 1300
274 2209
275 2778
276 2242
277 1316
278 190
279 2287
280 649
281 504
282 2646
283 684
284 840
285 1422
286 1547
287 2109
288 2008
289 1181
290 2273
291 1252
292 794
293 986
294 797
295 1446
296 561
297 1985
298 2397
299 1825
300 30
301 1369
302 2052
303 699
304 2524
305 1709
306 1975
307 2609
308 2657
309 1197
310 2597
311 21
312 1849
313 2605
314 2597
315 404
316 2147
317 1660
318 438
319 698
320 221
321 1229
322 2989
323 539
324 2319
325 1157
326 2254
327 432
328 2842
329 1634
330 2135
331 704
332 1999
333 985
334 31
335 1436
336 1634
337 2548
338 1281
339 319
340 2466
341 1021
342 591
343 719
344 1653
345 2488
346 1641
347 1775
348 50
349 1093
350 846
351 2045
352 2829
353 1059
354 1007
355 961
356 1734
357 1135
358 1274
359 677
360 2444
361 578
362 1539
363 2562
364 2890
365 553
366 146
367 643
368 1600
369 708
370 256
371 703
372 1540
373 1727
374 2304
375 945
376 2271
377 1284
378 2600
379 2876
380 2951
381 791
382 2651
383 57
384 1492
385 2848
386 2058
387 2
388 341
389 854
390 953
391 1529
392 1805
393 2759
394 2955
395 1967
396 1989
397 1423
398 1646
399 1845
400 1102
401 2598
402 1662
403 418
404 93
405 2222
406 291
407 281
408 823
409 1555
410 2636
411 1464
412 738
413 2108
414 971
415 1
416 1977
417 1122
418 978
419 2006
420 336
421 1199
422 2505
423 1768
424 163
425 185
426 1369
427 1150
428 2526
429 1217
430 2906
431 2634
432 1143
433 463
434 278
435 924
436 1606
437 1075
438 1936
439 1427
440 1946
441 1521
442 800
443 836
444 2273
445 1758
446 1041
447 456
448 1881
449 1182
450 1155
451 2179
452 1887
453 1838
454 1158
455 2823
456 1512
457 1335
458 1125
459 1682
460 2757
461 2147
462 1869
463 2088
464 39
465 307
466 131
467 1962
468 736
469 1510
470 784
471 2643
472 1738
473 615
474 1421
475 2602
476 2651
477 2287
478 332
479 2540
480 1305
481 1347
482 2648
483 1341
484 261
485 2031
486 1533
487 243
488 1649
489 2951
490 961
491 2447
492 2965
493 2138
494 370
495 2573
496 900
497 389
498 188
499 2867
500 2579
501 888
502 435
503 1721
504 929
505 1813
506 1806
507 962
508 1767
509 1615
510 2695
511 1913
512 715
513 335
514 2532
515 2940
516 345
517 901
518 823
519 1703
520 1752
521 2035
522 92
523 1184
524 1033
525 2931
526 1990
527 550
528 816
529 680
530 2338
531 1420
532 2381
533 1270
534 1676
535 2375
536 2674
537 2943
538 419
539 64
540 1517
541 1410
542 617
543 502
544 1228
545 1195
546 1900
547 2038
548 1786
549 1618
550 2749
551 920
552 608
553 630
554 1628
555 2354
556 689
557 1111
558 660
559 292
560 1638
561 586
562 2457
563 930
564 2539
565 1964
566 224
567 1234
568 1180
569 1221
570 1159
571 189
572 2329
573 385
574 1215
575 1438
576 2769
577 2049
578 1995
579 2635
580 1632
581 60
582 2303
583 705
584 1157
585 2851
586 302
587 1893
588 966
589 1236
590 225
591 2910
592 2679
593 714
594 1083
595 1335
596 1860
597 507
598 175
599 2674
600 1231
601 114
602 2011
603 14
604 1305
605 1457
606 2796
607 2598
608 2633
609 1626
610 509
611 1521
612 1517
613 1731
614 2031
615 150
616 1613
617 2265
618 2206
619 1630
620 352
621 1956
622 2297
623 174
624 1487
625 1291
626 1653
627 2998
628 1127
629 2052
630 1164
631 1911
632 861
633 2559
634 883
635 2904
636 1116
637 494
638 1824
639 1731
640 573
641 2153
642 1795
643 2144
644 555
645 1147
646 53
647 385
648 756
649 2206
650 1143
651 1481
652 2285
653 386
654 1018
655 1448
656 621
657 256
658 206
659 2959
660 1016
661 532
662 2861
663 1695
664 2253
665 2036
666 851
667 2439
668 2338
669 2052
670 2049
671 11
672 1892
673 2715
674 363
675 1348
676 751
677 2762
678 665
679 2277
680 2949
681 2370
682 2937
683 437
684 617
685 2010
686 1169
687 0
688 2141
689 1466
690 1922
691 1086
692 239
693 1587
694 578
695 469
696 1631
697 78
698 426
699 206
700 133
701 2420
702 1321
703 2468
704 2021
705 2684
706 2471
707 2047
708 1498
709 1583
710 2659
711 996
712 2783
713 2189
714 1803
715 2554
716 755
717 2841
718 2151
719 1934
720 2775
721 473
722 724
723 79
724 1756
725 2438
726 1829
727 591
728 1780
729 1165
730 2189
731 1179
732 2320
733 808
734 2832
735 277
736 839
737 2977
738 2806
739 1030
740 429
741 2023
742 47
743 1267
744 2096

