368 0
0 963
1 2333
2 2550
3 2187
4 1888
5 40
6 636
7 1355
8 2362
9 2678
10 2735
11 2105
12 588
13 1633
14 2946
15 1385
16 1741
17 460
18 2628
19 2919
20 1505
21 300
22 1892
23 860
24 463
25 2979
26 2872
27 2235
28 2968
29 727
30 996
31 160
32 2856
33 2739
34 37
35 1557
36 2430
37 1230
38 281
39 1950
40 1996
41 195
42 992
43 1844
44 625
45 2861
46 1851
47 2017
48 226
49 1810
50 101
51 2479
52 1905
53 2493
54 1570
55 426
56 2938
57 1763
58 1799
59 629
60 1840
61 1406
62 2326
63 2800
64 1567
65 2298
66 489
67 2331
68 397
69 2066
70 1739
71 2604
72 2160
73 2655
74 1421
75 903
76 2925
77 2706
78 2827
79 26
80 2861
81 1141
82 146
83 2706
84 631
85 81
86 467
87 2971
88 1076
89 370
90 595
91 2884
92 2
93 1094
94 2515
95 1524
96 1458
97 2290
98 1423
99 284
100 2023
101 225
102 2435
103 2606
104 2260
105 2349
106 1850
107 1266
108 1095
109 2336
110 2214
111 162
112 1687
113 1742
114 2402
115 1662
116 2571
117 2298
118 2239
119 1394
120 1074
121 22
122 0
123 2849
124 2217
125 1861
126 1390
127 1237
128 2567
129 2248
130 2261
131 2800
132 2685
133 897
134 940
135 533
136 2350
137 323
138 825
139 297
140 2934
141 2311
142 232
143 330
144 927
145 2256
146 1296
147 1420
148 2461
149 1792
150 1245
151 988
152 2007
153 2783
154 2250
155 1641
156 310
157 2640
158 177
159 1126
160 2872
161 2325
162 2525
163 458
164 945
165 1685
166 1064
167 255
168 2218
169 404
170 18
171 1585
172 1279
173 329
174 915
175 1816
176 984
177 1012
178 129
179 2419
180 2082
181 2209
182 1531
183 2639
184 2618
185 1487
186 946
187 2562
188 2922
189 1074
190 582
191 1942
192 447
193 323
194 2548
195 252
196 2868
197 1071
198 172
199 2871
200 513
201 1663
202 707
203 2536
204 2045
205 985
206 2529
207 2333
208 1177
209 2854
210 2835
211 424
212 230
213 2239
214 731
215 2560
216 2681
217 2570
218 2727
219 928
220 451
221 990
222 2543
223 2797
224 1531
225 677
226 1674
227 1020
228 2494
229 1822
230 2452
231 2964
232 2083
233 1767
234 484
235 1719
236 375
237 560
238 1035
239 1058
240 1619
241 2098
242 608
243 2947
244 1814
245 1004
246 1885
247 1015
248 1429
249 1761
250 2851
251 1172
252 90
253 1029
254 1351
255 2826
256 1587
257 812
258 2571
259 1256
260 2097
261 2927
262 476
263 475
264 1379
265 2467
266 1560
267 1
268 899
269 1904
270 2496
271 1292
272 869
273 2012
274 1633
275 699
276 1972
277 2269
278 1976
279 2384
280 885
281 549
282 2770
283 804
284 823
285 2858
286 676
287 1057
288 1462
289 519
290 543
291 1464
292 990
293 515
294 2048
295 656
296 1163
297 2698
298 273
299 932
300 2716
301 777
302 1472
303 740
304 2598
305 2189
306 774
307 329
308 2435
309 2977
310 450
311 2308
312 2131
313 1419
314 832
315 1128
316 1108
317 583
318 1536
319 545
320 2854
321 1621
322 1182
323 2195
324 863
325 2413
326 1762
327 1426
328 2117
329 1315
330 1506
331 2171
332 1614
333 855
334 1469
335 794
336 1623
337 2419
338 104
339 2331
340 168
341 1732
342 2178
343 346
344 1981
345 1118
346 2085
347 929
348 1861
349 1653
350 1904
351 304
352 2681
353 1815
354 144
355 1474
356 2494
357 2717
358 1447
359 853
360 1504
361 2437
362 502
363 191
364 1152
365 2521
366 1302
367 1949

