796 94
0 2750
1 2754
2 1943
3 813
4 2183
5 2557
6 2883
7 1194
8 228
9 163
10 1378
11 1189
12 1019
13 293
14 2882
15 92
16 1165
17 454
18 292
19 2625
20 1204
21 1950
22 2247
23 763
24 1326
25 2364
26 2797
27 930
28 2464
29 1714
30 792
31 721
32 292
33 1088
34 1204
35 2956
36 2487
37 755
38 288
39 1697
40 304
41 1659
42 2203
43 2725
44 1229
45 2242
46 1992
47 2757
48 1277
49 1655
50 476
51 2612
52 1623
53 713
54 1618
55 2627
56 928
57 156
58 2652
59 2993
60 2781
61 123
62 2669
63 724
64 2816
65 914
66 1701
67 2665
68 521
69 2898
70 2197
71 1347
72 1633
73 78
74 2777
75 942
76 2624
77 775
78 809
79 2271
80 2399
81 1584
82 2873
83 774
84 2356
85 1294
86 1671
87 1944
88 2897
89 1475
90 1610
91 543
92 1452
93 1530
94 1881
95 632
96 1651
97 2517
98 2582
99 1807
100 118
101 1852
102 587
103 2563
104 723
105 1947
106 593
107 776
108 1172
109 2864
110 1712
111 1443
112 2451
113 472
114 35
115 744
116 1534
117 2331
118 1591
119 154
120 2329
121 7
122 1662
123 185
124 950
125 961
126 2644
127 534
128 1205
129 428
130 1966
131 889
132 1856
133 642
134 2261
135 1308
136 1072
137 2844
138 2484
139 1734
140 197
141 1977
142 1066
143 50
144 460
145 1243
146 2778
147 28
148 1648
149 2974
150 1009
151 1619
152 275
153 2450
154 1792
155 468
156 2321
157 1527
158 1423
159 1159
160 1503
161 232
162 2744
163 1541
164 124
165 1874
166 709
167 2426
168 1915
169 429
170 1378
171 1579
172 1472
173 1480
174 2397
175 1448
176 2048
177 2937
178 208
179 1820
180 259
181 2446
182 2594
183 1120
184 2424
185 2895
186 330
187 332
188 119
189 1735
190 1477
191 1396
192 1938
193 2483
194 2662
195 1026
196 1248
197 2264
198 2648
199 60
200 222
201 1049
202 974
203 706
204 479
205 1180
206 1097
207 2291
208 2576
209 2664
210 1115
211 1574
212 802
213 2330
214 2900
215 2187
216 1542
217 1165
218 1661
219 1596
220 1773
221 2793
222 1032
223 1931
224 453
225 515
226 1267
227 391
228 2050
229 2767
230 1410
231 2307
232 1945
233 167
234 1166
235 2858
236 1249
237 1650
238 547
239 2379
240 509
241 786
242 1736
243 1018
244 2459
245 1387
246 1331
247 1843
248 1395
249 638
250 1992
251 1233
252 2936
253 445
254 253
255 1393
256 1146
257 2534
258 583
259 1009
260 2157
261 2828
262 2851
263 428
264 1108
265 2671
266 2640
267 72
268 1110
269 508
270 2727
271 1258
272 2790
273 1315
274 1959
275 1637
276 546
277 2368
278 2488
279 285
280 2072
281 2804
282 1382
283 1232
284 1628
285 1746
286 805
287 1739
288 2694
289 2519
290 2209
291 1748
292 2850
293 1068
294 71
295 686
296 2567
297 2686
298 2498
299 1303
300 2594
301 1531
302 2048
303 517
304 1205
305 2207
306 1217
307 586
308 1175
309 2865
310 2132
311 402
312 2127
313 2959
314 1823
315 622
316 2165
317 397
318 1594
319 51
320 2431
321 2088
322 930
323 2594
324 1464
325 2966
326 494
327 443
328 415
329 676
330 2339
331 2583
332 70
333 584
334 1040
335 1348
336 1334
337 1196
338 2737
339 2855
340 373
341 1354
342 1826
343 1160
344 1554
345 146
346 266
347 1887
348 2074
349 438
350 2225
351 768
352 896
353 386
354 657
355 2160
356 720
357 342
358 2501
359 918
360 373
361 1649
362 1822
363 2768
364 2805
365 299
366 2663
367 1452
368 2964
369 702
370 2480
371 1668
372 45
373 1020
374 453
375 2753
376 810
377 134
378 1904
379 1920
380 39
381 1134
382 784
383 2990
384 1495
385 2276
386 611
387 130
388 2010
389 2987
390 2440
391 589
392 2689
393 65
394 817
395 2010
396 933
397 1243
398 571
399 2388
400 1631
401 1219
402 358
403 1243
404 2652
405 1477
406 2443
407 997
408 2531
409 520
410 327
411 1998
412 1620
413 251
414 2169
415 32
416 1938
417 398
418 2379
419 49
420 53
421 2110
422 562
423 654
424 1927
425 2575
426 1746
427 1531
428 2930
429 1218
430 2090
431 2059
432 60
433 1557
434 487
435 1012
436 166
437 155
438 1861
439 2567
440 1697
441 2422
442 1249
443 1319
444 2558
445 2061
446 143
447 201
448 1132
449 2965
450 188
451 2200
452 419
453 1681
454 2849
455 944
456 378
457 2435
458 545
459 780
460 614
461 2255
462 108
463 1959
464 2712
465 119
466 1984
467 2915
468 472
469 1755
470 2290
471 1495
472 998
473 1490
474 1449
475 2828
476 657
477 2609
478 2059
479 605
480 1657
481 1855
482 1231
483 1188
484 1884
485 204
486 818
487 2408
488 260
489 2206
490 2794
491 2294
492 2097
493 489
494 504
495 2623
496 408
497 585
498 824
499 2002
500 984
501 797
502 649
503 1106
504 1329
505 1268
506 1291
507 320
508 80
509 731
510 486
511 671
512 1492
513 1401
514 731
515 1070
516 2426
517 2580
518 960
519 198
520 2954
521 1690
522 569
523 2985
524 2899
525 331
526 2352
527 2303
528 1710
529 2300
530 2918
531 1538
532 2064
533 591
534 232
535 1549
536 1594
537 906
538 276
539 1161
540 1049
541 2335
542 1091
543 2427
544 2490
545 2683
546 2447
547 861
548 2085
549 2712
550 224
551 2026
552 267
553 427
554 2517
555 2694
556 2090
557 1859
558 2890
559 236
560 191
561 1890
562 1828
563 1453
564 2268
565 431
566 2121
567 2295
568 1545
569 372
570 232
571 819
572 1376
573 1727
574 621
575 1042
576 2379
577 70
578 2237
579 336
580 2329
581 1805
582 2820
583 1871
584 967
585 1747
586 1983
587 945
588 763
589 1654
590 922
591 1020
592 487
593 264
594 1534
595 600
596 1825
597 2840
598 42
599 2410
600 1010
601 1724
602 2718
603 1043
604 1964
605 984
606 359
607 1710
608 1408
609 2974
610 2270
611 1056
612 2294
613 1937
614 156
615 2791
616 1206
617 546
618 2763
619 1689
620 2168
621 1082
622 2605
623 1524
624 1687
625 217
626 2817
627 2172
628 1572
629 1251
630 2888
631 628
632 275
633 1332
634 1392
635 2895
636 1979
637 203
638 1780
639 2144
640 956
641 2090
642 441
643 2148
644 2189
645 1464
646 2334
647 1825
648 734
649 2584
650 2030
651 401
652 1494
653 49
654 2644
655 220
656 2540
657 740
658 2716
659 1761
660 267
661 2738
662 1455
663 2366
664 1941
665 707
666 2580
667 680
668 1517
669 2283
670 697
671 704
672 1706
673 868
674 1870
675 2751
676 2489
677 837
678 1084
679 1506
680 1915
681 2391
682 1735
683 1414
684 55
685 1597
686 1630
687 828
688 1801
689 1611
690 1222
691 680
692 1147
693 2990
694 120
695 1705
696 2303
697 660
698 1787
699 2626
700 2020
701 2066
702 943
703 1950
704 1837
705 2675
706 21
707 2817
708 594
709 303
710 237
711 1641
712 2115
713 1203
714 2489
715 2080
716 1942
717 2290
718 797
719 781
720 854
721 1123
722 2947
723 2079
724 2985
725 2991
726 523
727 2462
728 2718
729 2123
730 350
731 480
732 100
733 2747
734 946
735 2787
736 1878
737 1019
738 65
739 2260
740 2973
741 199
742 1634
743 1525
744 2040
745 1020
746 2849
747 521
748 2648
749 2258
750 1923
751 14
752 759
753 335
754 2494
755 2236
756 1869
757 2091
758 569
759 541
760 915
761 792
762 1003
763 2798
764 116
765 2852
766 2132
767 639
768 5
769 132
770 2157
771 2461
772 1126
773 2101
774 1168
775 1127
776 2591
777 921
778 1716
779 1481
780 2692
781 1821
782 2552
783 1616
784 240
785 1284
786 1677
787 1297
788 724
789 2710
790 1820
791 53
792 1714
793 1522
794 2732
795 1683

