485 59
0 1991
1 523
2 2939
3 1359
4 2361
5 2468
6 2459
7 2215
8 2116
9 2971
10 1979
11 1729
12 2844
13 2558
14 1810
15 2602
16 2057
17 2090
18 1800
19 711
20 2619
21 2186
22 2357
23 865
24 443
25 2224
26 559
27 22
28 1020
29 1192
30 2875
31 1141
32 941
33 328
34 1208
35 2134
36 1024
37 1505
38 2539
39 206
40 588
41 1098
42 2100
43 2473
44 565
45 2340
46 1187
47 1936
48 1094
49 849
50 888
51 2055
52 460
53 2296
54 1438
55 606
56 1685
57 2541
58 1280
59 1075
60 410
61 1162
62 2862
63 2174
64 1535
65 2821
66 133
67 2681
68 108
69 583
70 2864
71 2140
72 1878
73 1094
74 2542
75 2778
76 1825
77 2758
78 1446
79 2823
80 1511
81 1885
82 1219
83 1959
84 1075
85 1477
86 909
87 2798
88 2636
89 489
90 207
91 1805
92 494
93 1985
94 818
95 860
96 2985
97 877
98 1719
99 2038
100 1411
101 944
102 2792
103 2082
104 2432
105 1705
106 897
107 1938
108 380
109 2479
110 1633
111 2462
112 1064
113 1456
114 1904
115 115
116 2294
117 520
118 1210
119 1610
120 460
121 2590
122 974
123 1240
124 1868
125 970
126 2312
127 351
128 478
129 612
130 108
131 2497
132 1472
133 1696
134 689
135 494
136 844
137 402
138 895
139 153
140 1905
141 1989
142 1121
143 1388
144 2354
145 291
146 1600
147 838
148 34
149 859
150 2107
151 596
152 2964
153 1521
154 2939
155 238
156 675
157 2015
158 2107
159 801
160 2821
161 1225
162 1744
163 160
164 504
165 2761
166 1833
167 1733
168 1733
169 2498
170 953
171 2734
172 1994
173 588
174 2788
175 804
176 1091
177 14
178 2287
179 1678
180 295
181 340
182 514
183 117
184 1757
185 109
186 1194
187 2325
188 2914
189 2650
190 2492
191 1960
192 102
193 1246
194 2677
195 180
196 798
197 96
198 1038
199 1198
200 730
201 54
202 2000
203 2764
204 1847
205 1524
206 1865
207 2944
208 2846
209 1836
210 1885
211 883
212 712
213 1198
214 2791
215 2088
216 146
217 1833
218 1539
219 127
220 571
221 2900
222 2166
223 2547
224 1178
225 1428
226 2575
227 144
228 900
229 992
230 919
231 1026
232 680
233 2874
234 1477
235 1571
236 1488
237 2538
238 92
239 987
240 471
241 1456
242 1258
243 641
244 2097
245 31
246 2379
247 186
248 1643
249 2427
250 2830
251 1437
252 1312
253 1081
254 212
255 2424
256 1475
257 826
258 253
259 1055
260 1505
261 2823
262 24
263 943
264 1013
265 2542
266 1209
267 1464
268 460
269 1142
270 1358
271 1637
272 919
273 1456
274 1803
275 1707
276 2194
277 2927
278 488
279 926
280 29
281 1200
282 2884
283 2141
284 683
285 1543
286 691
287 2584
288 671
289 89
290 842
291 1506
292 941
293 1667
294 1376
295 875
296 1519
297 2977
298 740
299 517
300 672
301 691
302 2171
303 1438
304 1938
305 2456
306 245
307 492
308 755
309 1049
310 2109
311 1166
312 854
313 1763
314 2755
315 860
316 1897
317 1290
318 2609
319 2341
320 1166
321 1088
322 57
323 1941
324 680
325 241
326 1949
327 2217
328 2852
329 1978
330 1508
331 854
332 2003
333 50
334 1305
335 1533
336 1640
337 419
338 2579
339 694
340 689
341 1845
342 2775
343 372
344 526
345 1394
346 2103
347 1808
348 726
349 1836
350 148
351 2964
352 2612
353 2556
354 2113
355 1254
356 2851
357 2255
358 1084
359 2422
360 396
361 27
362 1364
363 1051
364 2484
365 270
366 779
367 549
368 1399
369 627
370 1875
371 241
372 661
373 1173
374 1866
375 2116
376 2227
377 19
378 1657
379 2730
380 1567
381 928
382 1578
383 1562
384 2652
385 2927
386 234
387 2983
388 396
389 2884
390 834
391 1324
392 2981
393 1448
394 2999
395 2292
396 197
397 1317
398 227
399 1922
400 567
401 477
402 1403
403 2967
404 1349
405 1126
406 1587
407 1128
408 2389
409 1039
410 1515
411 27
412 2464
413 216
414 2848
415 783
416 2663
417 1448
418 261
419 572
420 1551
421 537
422 425
423 2506
424 983
425 1843
426 2973
427 1614
428 1546
429 1839
430 809
431 2732
432 2731
433 2721
434 2313
435 669
436 1377
437 1042
438 758
439 571
440 2962
441 1363
442 591
443 550
444 2472
445 599
446 2343
447 1089
448 665
449 1168
450 234
451 2578
452 2415
453 2008
454 2928
455 1009
456 2166
457 2225
458 2377
459 2426
460 2417
461 2108
462 1409
463 608
464 2826
465 2452
466 2446
467 1198
468 1310
469 2035
470 658
471 1003
472 1235
473 1720
474 2184
475 2595
476 1016
477 786
478 85
479 1094
480 2993
481 1227
482 2771
483 519
484 63

