908 4
0 1601
1 2681
2 205
3 1286
4 2768
5 2194
6 901
7 1489
8 1721
9 2584
10 1901
11 476
12 722
13 305
14 1090
15 118
16 2984
17 2059
18 741
19 925
20 1930
21 2973
22 276
23 68
24 2440
25 2228
26 2092
27 818
28 2716
29 1922
30 596
31 1830
32 730
33 932
34 792
35 254
36 101
37 1008
38 636
39 1023
40 44
41 2111
42 74
43 352
44 1591
45 2017
46 1518
47 2911
48 2956
49 2445
50 2487
51 1955
52 1606
53 2689
54 2797
55 917
56 2882
57 330
58 2835
59 887
60 2014
61 2639
62 1325
63 758
64 1230
65 1514
66 1307
67 1273
68 943
69 11
70 2011
71 999
72 2825
73 1574
74 409
75 646
76 1144
77 475
78 127
79 2445
80 617
81 1938
82 308
83 1489
84 153
85 823
86 1831
87 2571
88 1296
89 1403
90 535
91 2797
92 762
93 1962
94 2660
95 242
96 2447
97 2707
98 1806
99 1182
100 68
101 221
102 1248
103 2100
104 1581
105 698
106 2527
107 2611
108 1527
109 2811
110 2651
111 2103
112 1806
113 1385
114 858
115 2110
116 1976
117 712
118 2322
119 2208
120 916
121 2958
122 1851
123 707
124 2725
125 1729
126 2845
127 342
128 789
129 1273
130 86
131 287
132 2179
133 1889
134 2470
135 246
136 2567
137 53
138 891
139 1502
140 2203
141 2137
142 1365
143 1074
144 182
145 2465
146 1479
147 904
148 2695
149 382
150 2322
151 379
152 656
153 65
154 540
155 2210
156 2473
157 2449
158 1012
159 598
160 640
161 2079
162 1515
163 2391
164 2549
165 383
166 1577
167 586
168 2881
169 172
170 2888
171 567
172 1578
173 1066
174 1577
175 1619
176 1468
177 471
178 271
179 586
180 690
181 1848
182 1219
183 955
184 910
185 200
186 2289
187 2748
188 2327
189 321
190 482
191 978
192 1775
193 1991
194 134
195 2281
196 1396
197 702
198 1678
199 1107
200 1927
201 1453
202 431
203 2617
204 555
205 2165
206 636
207 441
208 1863
209 933
210 1176
211 1006
212 2375
213 2990
214 2038
215 512
216 279
217 2066
218 2576
219 149
220 2975
221 2798
222 2994
223 765
224 2322
225 24
226 621
227 1293
228 2066
229 2784
230 2879
231 2145
232 680
233 1896
234 221
235 621
236 15
237 321
238 1864
239 2515
240 1027
241 403
242 2376
243 187
244 1864
245 1243
246 1267
247 2718
248 1930
249 1023
250 2052
251 2619
252 524
253 1566
254 2463
255 2286
256 35
257 2460
258 228
259 2030
260 2276
261 500
262 1576
263 1799
264 163
265 995
266 2421
267 2551
268 1023
269 451
270 2452
271 1646
272 466
273 2294
274 202
275 515
276 303
277 1499
278 2961
279 1777
280 2173
281 1420
282 1690
283 514
284 1199
285 1885
286 2276
287 2407
288 162
289 831
290 1991
291 299
292 1055
293 2013
294 1273
295 843
296 2700
297 1729
298 1299
299 2662
300 2958
301 121
302 1455
303 1347
304 509
305 31
306 334
307 2026
308 451
309 1912
310 2958
311 2068
312 1335
313 1325
314 1384
315 475
316 150
317 2140
318 2121
319 178
320 2737
321 2928
322 641
323 1782
324 2603
325 1126
326 2258
327 2826
328 79
329 407
330 1801
331 1481
332 1961
333 840
334 2282
335 2338
336 199
337 2488
338 0
339 162
340 2700
341 2031
342 2613
343 2261
344 734
345 1530
346 13
347 1204
348 1519
349 1100
350 741
351 1654
352 1167
353 2202
354 2590
355 1086
356 2134
357 2758
358 2122
359 2909
360 2950
361 115
362 2687
363 2048
364 2345
365 1512
366 242
367 1992
368 2369
369 2767
370 590
371 2115
372 1639
373 1544
374 1621
375 1967
376 1501
377 2411
378 1483
379 2099
380 1356
381 1059
382 896
383 2467
384 1783
385 2069
386 662
387 2852
388 376
389 368
390 2897
391 1828
392 167
393 1499
394 2159
395 826
396 524
397 2231
398 1301
399 103
400 1706
401 202
402 904
403 1826
404 1105
405 2574
406 1126
407 615
408 2982
409 2006
410 2117
411 689
412 997
413 443
414 681
415 951
416 2263
417 491
418 1343
419 2444
420 925
421 289
422 176
423 1400
424 2827
425 1286
426 374
427 78
428 444
429 2298
430 798
431 527
432 364
433 369
434 2354
435 2083
436 2550
437 1102
438 852
439 1610
440 2103
441 2171
442 1517
443 809
444 2326
445 1083
446 1482
447 524
448 565
449 1994
450 2004
451 568
452 1122
453 975
454 2178
455 686
456 2888
457 910
458 2167
459 679
460 1478
461 423
462 530
463 242
464 2029
465 2405
466 1901
467 1287
468 1525
469 2266
470 77
471 2161
472 977
473 1542
474 1325
475 2715
476 625
477 487
478 2310
479 1895
480 1190
481 965
482 573
483 2848
484 2918
485 1945
486 819
487 1147
488 1145
489 156
490 2185
491 795
492 1756
493 1900
494 2234
495 268
496 1559
497 2667
498 349
499 898
500 312
501 2820
502 1267
503 2848
504 670
505 52
506 113
507 1985
508 385
509 2256
510 15
511 540
512 2777
513 274
514 2608
515 1976
516 338
517 1636
518 2920
519 1022
520 1819
521 539
522 1021
523 2559
524 2365
525 1919
526 1260
527 1822
528 1834
529 1928
530 1584
531 606
532 1670
533 2823
534 2349
535 2051
536 530
537 693
538 1004
539 2929
540 1009
541 1538
542 943
543 1160
544 1218
545 515
546 1776
547 45
548 1235
549 1847
550 224
551 608
552 349
553 2158
554 2177
555 2131
556 1607
557 1000
558 1234
559 439
560 1182
561 98
562 1472
563 2293
564 450
565 1211
566 1340
567 1265
568 1990
569 2911
570 2314
571 1980
572 2106
573 2812
574 2313
575 2548
576 33
577 2453
578 1156
579 2872
580 2830
581 938
582 1983
583 245
584 1644
585 1354
586 2843
587 100
588 472
589 2280
590 2701
591 1150
592 1837
593 109
594 506
595 1638
596 474
597 1685
598 2580
599 1358
600 489
601 2978
602 1820
603 2547
604 1532
605 2519
606 1785
607 2777
608 2479
609 2447
610 228
611 1127
612 2300
613 2869
614 334
615 1874
616 686
617 642
618 1193
619 381
620 1894
621 2863
622 1504
623 2799
624 488
625 602
626 1000
627 808
628 1135
629 82
630 1042
631 157
632 2301
633 680
634 2387
635 1219
636 1204
637 2443
638 805
639 2010
640 1344
641 484
642 2436
643 1097
644 2695
645 2983
646 1899
647 543
648 1006
649 2990
650 2979
651 2609
652 951
653 1711
654 505
655 1024
656 1114
657 2790
658 1052
659 2538
660 1653
661 2345
662 1035
663 1576
664 2443
665 100
666 1149
667 1133
668 821
669 935
670 2573
671 2276
672 1292
673 855
674 1062
675 1919
676 1781
677 598
678 2316
679 382
680 1144
681 2378
682 95
683 2388
684 2508
685 207
686 734
687 1468
688 1741
689 781
690 124
691 333
692 504
693 1949
694 2189
695 664
696 1504
697 2391
698 74
699 154
700 2489
701 2365
702 659
703 2583
704 285
705 1561
706 2311
707 431
708 2729
709 2375
710 1024
711 2670
712 2857
713 1696
714 2577
715 396
716 588
717 1417
718 720
719 1598
720 242
721 490
722 1108
723 98
724 279
725 1275
726 1009
727 744
728 278
729 2592
730 2926
731 1718
732 2275
733 337
734 2168
735 1827
736 593
737 87
738 678
739 416
740 2055
741 2376
742 2501
743 2917
744 1216
745 585
746 2100
747 2031
748 179
749 1969
750 621
751 1764
752 1178
753 1789
754 2062
755 2546
756 1577
757 2282
758 660
759 2435
760 795
761 2044
762 466
763 475
764 394
765 1931
766 666
767 1068
768 1079
769 848
770 672
771 967
772 1626
773 2716
774 2212
775 847
776 2059
777 923
778 501
779 564
780 17
781 1034
782 1673
783 418
784 2618
785 1348
786 338
787 800
788 2000
789 1318
790 2570
791 351
792 374
793 1635
794 437
795 1272
796 737
797 1166
798 1570
799 1058
800 562
801 2972
802 2600
803 2461
804 1060
805 1754
806 2271
807 1304
808 122
809 2113
810 974
811 2989
812 1448
813 669
814 66
815 1019
816 1003
817 2535
818 2062
819 299
820 1229
821 1121
822 2257
823 2015
824 2047
825 1271
826 2401
827 1223
828 762
829 424
830 2937
831 1559
832 2817
833 2391
834 2235
835 1861
836 1351
837 1698
838 471
839 1391
840 53
841 651
842 464
843 1831
844 972
845 37
846 455
847 1505
848 401
849 2030
850 2897
851 289
852 2486
853 1274
854 2995
855 1096
856 1041
857 1578
858 605
859 808
860 785
861 930
862 1315
863 1432
864 2427
865 334
866 2471
867 2584
868 259
869 296
870 2256
871 708
872 2110
873 211
874 1971
875 412
876 1768
877 2275
878 549
879 2761
880 2144
881 1886
882 1932
883 1821
884 996
885 2477
886 895
887 868
888 165
889 1512
890 1450
891 1010
892 835
893 1513
894 1685
895 2424
896 2983
897 1112
898 1977
899 902
900 219
901 910
902 1494
903 176
904 800
905 815
906 2396
907 2754

