814 29
0 1060
1 1446
2 817
3 1588
4 1197
5 1007
6 2071
7 991
8 137
9 1609
10 265
11 1512
12 215
13 282
14 1282
15 1712
16 1899
17 2200
18 2168
19 2627
20 2323
21 1411
22 550
23 1826
24 2141
25 2485
26 2917
27 2618
28 1639
29 1107
30 428
31 2470
32 2130
33 1521
34 2908
35 172
36 2280
37 1900
38 2828
39 1645
40 140
41 2270
42 790
43 403
44 194
45 2721
46 2500
47 1539
48 1306
49 672
50 15
51 1869
52 1963
53 2057
54 82
55 1899
56 663
57 28
58 2986
59 1525
60 910
61 1387
62 1458
63 361
64 2173
65 2238
66 2858
67 686
68 284
69 669
70 1318
71 1311
72 1227
73 1829
74 439
75 890
76 184
77 1678
78 1253
79 40
80 873
81 1793
82 2790
83 901
84 2224
85 78
86 1599
87 1375
88 2609
89 1837
90 2087
91 2540
92 2515
93 1091
94 1523
95 1671
96 776
97 1128
98 1017
99 840
100 1746
101 699
102 99
103 84
104 1844
105 71
106 2803
107 2826
108 2896
109 1926
110 1276
111 2079
112 1856
113 2765
114 1714
115 2337
116 320
117 1691
118 453
119 2126
120 838
121 2868
122 555
123 2023
124 1751
125 217
126 1943
127 1935
128 1643
129 2949
130 523
131 1281
132 968
133 596
134 2237
135 1641
136 752
137 812
138 737
139 618
140 1497
141 1735
142 1471
143 2806
144 1606
145 829
146 2672
147 1197
148 2128
149 918
150 2664
151 2038
152 472
153 70
154 2098
155 1448
156 280
157 1599
158 2320
159 1069
160 2517
161 2942
162 359
163 2321
164 2878
165 485
166 992
167 1556
168 2350
169 1892
170 1829
171 1523
172 1285
173 1710
174 577
175 1308
176 2287
177 2411
178 2687
179 794
180 1791
181 385
182 636
183 570
184 1872
185 853
186 629
187 2780
188 134
189 850
190 1158
191 2803
192 1678
193 1357
194 800
195 2236
196 385
197 1894
198 1744
199 1963
200 1136
201 395
202 1092
203 1475
204 1943
205 657
206 682
207 1690
208 1155
209 1191
210 194
211 800
212 1969
213 1446
214 971
215 658
216 1629
217 848
218 849
219 2691
220 2660
221 902
222 1790
223 2852
224 23
225 1044
226 678
227 2318
228 1855
229 2776
230 1316
231 2652
232 1560
233 1241
234 1073
235 1807
236 2373
237 773
238 890
239 1007
240 1200
241 28
242 1273
243 1561
244 2952
245 1769
246 2135
247 2681
248 2152
249 2015
250 1830
251 2568
252 267
253 1649
254 434
255 1223
256 1042
257 130
258 2318
259 2168
260 2920
261 982
262 135
263 449
264 521
265 482
266 281
267 2917
268 569
269 2731
270 310
271 1691
272 620
273 479
274 944
275 2276
276 1336
277 2877
278 1810
279 2187
280 1037
281 2052
282 2091
283 2938
284 1725
285 1666
286 2450
287 1712
288 1592
289 500
290 2449
291 1835
292 1282
293 2336
294 839
295 2575
296 2928
297 1314
298 1667
299 323
300 1873
301 1946
302 2625
303 118
304 2272
305 2238
306 2686
307 464
308 2507
309 2054
310 1233
311 116
312 2251
313 1521
314 1181
315 165
316 1342
317 2652
318 277
319 954
320 382
321 2510
322 1716
323 1397
324 663
325 2591
326 517
327 762
328 1703
329 1089
330 1418
331 2518
332 1221
333 825
334 1560
335 403
336 2084
337 919
338 276
339 2521
340 2802
341 840
342 2337
343 2308
344 874
345 2817
346 2886
347 76
348 630
349 163
350 1906
351 2799
352 2838
353 2680
354 1455
355 1956
356 958
357 2280
358 2923
359 1835
360 321
361 2223
362 1761
363 2853
364 27
365 179
366 327
367 2023
368 423
369 2137
370 1694
371 2010
372 1602
373 1811
374 905
375 835
376 2425
377 306
378 931
379 340
380 1597
381 1139
382 1820
383 482
384 1182
385 2810
386 996
387 2371
388 389
389 2360
390 2268
391 1068
392 2113
393 452
394 2775
395 1826
396 1532
397 18
398 920
399 655
400 701
401 1568
402 1300
403 71
404 2339
405 778
406 464
407 2569
408 2726
409 414
410 816
411 1531
412 664
413 1366
414 2215
415 2790
416 1655
417 2181
418 501
419 1016
420 1189
421 2728
422 2776
423 998
424 1780
425 2532
426 2394
427 781
428 1631
429 2472
430 2199
431 723
432 2091
433 1267
434 1054
435 416
436 964
437 788
438 1406
439 850
440 2251
441 1182
442 2231
443 301
444 2188
445 410
446 389
447 2417
448 2325
449 1120
450 2991
451 961
452 1982
453 738
454 641
455 2737
456 1652
457 598
458 1168
459 1657
460 1517
461 266
462 2353
463 1761
464 770
465 614
466 2148
467 2109
468 2702
469 982
470 1459
471 0
472 1902
473 1016
474 2048
475 1760
476 2025
477 2584
478 1893
479 1368
480 1890
481 1569
482 306
483 416
484 1579
485 2088
486 1925
487 970
488 64
489 319
490 1078
491 54
492 2548
493 1491
494 23
495 656
496 1557
497 380
498 365
499 1741
500 1161
501 1227
502 2375
503 1120
504 1383
505 486
506 1262
507 2285
508 2805
509 306
510 2778
511 1968
512 89
513 2606
514 2901
515 598
516 342
517 1914
518 361
519 724
520 2646
521 270
522 2848
523 1239
524 1228
525 1128
526 783
527 1562
528 1761
529 1388
530 1398
531 1904
532 1419
533 987
534 2102
535 784
536 234
537 2599
538 2216
539 685
540 2604
541 2839
542 1975
543 1867
544 2771
545 2689
546 1281
547 774
548 2883
549 1429
550 2568
551 1162
552 937
553 2595
554 959
555 759
556 1975
557 1041
558 2854
559 1832
560 35
561 1730
562 717
563 2741
564 542
565 2106
566 928
567 248
568 352
569 2290
570 2056
571 2625
572 2746
573 2822
574 1425
575 623
576 1428
577 2807
578 1715
579 2039
580 1044
581 1499
582 1831
583 510
584 540
585 1104
586 1632
587 1522
588 2130
589 110
590 403
591 452
592 1456
593 852
594 96
595 863
596 1552
597 514
598 135
599 2007
600 209
601 1424
602 1195
603 2607
604 1535
605 1055
606 2958
607 1656
608 750
609 904
610 2126
611 242
612 2864
613 2725
614 1092
615 149
616 844
617 538
618 2735
619 2826
620 836
621 1545
622 2564
623 672
624 2644
625 788
626 327
627 2016
628 1960
629 281
630 1621
631 1337
632 2209
633 46
634 71
635 1469
636 1198
637 894
638 2478
639 1459
640 233
641 589
642 2115
643 2029
644 2216
645 1060
646 2179
647 1725
648 2326
649 1330
650 2399
651 2619
652 2630
653 1474
654 2534
655 1907
656 2920
657 2629
658 757
659 1178
660 898
661 2710
662 1461
663 2848
664 1881
665 2057
666 606
667 563
668 269
669 1500
670 686
671 1549
672 1170
673 1939
674 1876
675 2923
676 2145
677 2743
678 2558
679 2083
680 2583
681 961
682 1048
683 1678
684 1674
685 2973
686 828
687 1854
688 2134
689 2058
690 2911
691 912
692 2469
693 1442
694 1015
695 2616
696 2022
697 240
698 2827
699 920
700 742
701 997
702 1748
703 777
704 2503
705 1319
706 640
707 547
708 1122
709 1001
710 306
711 1966
712 2994
713 186
714 2909
715 2031
716 747
717 274
718 1540
719 1753
720 2
721 2036
722 2076
723 2264
724 173
725 2123
726 2673
727 1230
728 1663
729 1427
730 200
731 2909
732 1742
733 2432
734 69
735 1557
736 1140
737 2113
738 1414
739 496
740 1775
741 977
742 2699
743 144
744 2008
745 1037
746 2100
747 894
748 1600
749 582
750 1154
751 2094
752 49
753 545
754 2651
755 2877
756 61
757 1423
758 733
759 781
760 1148
761 209
762 1046
763 2717
764 225
765 213
766 2372
767 839
768 329
769 2945
770 1845
771 1907
772 1930
773 1772
774 490
775 2248
776 1790
777 2321
778 1850
779 1029
780 727
781 952
782 2206
783 2443
784 1320
785 1823
786 866
787 1412
788 112
789 1335
790 787
791 1773
792 2762
793 949
794 2764
795 2382
796 2450
797 772
798 414
799 1445
800 2035
801 788
802 2152
803 2484
804 1927
805 2018
806 653
807 602
808 729
809 600
810 1814
811 693
812 2620
813 135

