874 28
0 408
1 1796
2 1538
3 988
4 857
5 2363
6 1161
7 2894
8 105
9 2841
10 1950
11 1896
12 1011
13 255
14 1227
15 30
16 2212
17 969
18 2550
19 1404
20 1878
21 438
22 1883
23 1290
24 2984
25 1888
26 2463
27 1598
28 1181
29 2657
30 156
31 426
32 1309
33 136
34 1422
35 2079
36 551
37 913
38 201
39 376
40 94
41 667
42 593
43 1223
44 370
45 2002
46 385
47 925
48 1129
49 1134
50 1761
51 2178
52 1153
53 850
54 1104
55 1131
56 2390
57 158
58 1059
59 1737
60 32
61 2228
62 653
63 2231
64 17
65 2609
66 379
67 2829
68 2543
69 2438
70 1657
71 576
72 1708
73 654
74 951
75 624
76 1019
77 2655
78 2049
79 978
80 607
81 789
82 25
83 236
84 603
85 2816
86 2687
87 2202
88 746
89 1065
90 1666
91 2836
92 1396
93 798
94 2650
95 1952
96 1326
97 1691
98 2979
99 794
100 2179
101 353
102 2757
103 2546
104 597
105 2859
106 1627
107 2578
108 2317
109 173
110 407
111 346
112 2683
113 798
114 1628
115 1615
116 38
117 1519
118 752
119 1594
120 151
121 789
122 2184
123 143
124 520
125 1139
126 2989
127 1720
128 2134
129 900
130 2890
131 2182
132 1268
133 1998
134 1904
135 236
136 2182
137 249
138 117
139 736
140 849
141 2704
142 2184
143 1570
144 644
145 722
146 222
147 771
148 1151
149 2655
150 2836
151 2618
152 1856
153 1483
154 1773
155 1013
156 2150
157 58
158 163
159 1348
160 2329
161 418
162 899
163 2982
164 13
165 2420
166 342
167 1676
168 1066
169 2073
170 1767
171 2032
172 267
173 2032
174 928
175 2078
176 10
177 863
178 1274
179 2731
180 620
181 926
182 462
183 1684
184 2729
185 1009
186 1040
187 1618
188 2052
189 1082
190 2310
191 1077
192 768
193 2357
194 792
195 2839
196 2662
197 1102
198 612
199 726
200 932
201 2179
202 1410
203 1127
204 427
205 236
206 2955
207 114
208 225
209 204
210 1997
211 2077
212 344
213 365
214 1607
215 379
216 2731
217 1445
218 1615
219 2854
220 173
221 1430
222 655
223 63
224 2440
225 386
226 2947
227 301
228 488
229 810
230 1728
231 518
232 1999
233 1380
234 1778
235 1753
236 1495
237 2105
238 2854
239 2222
240 1864
241 1567
242 387
243 1988
244 2150
245 1440
246 0
247 1295
248 309
249 2021
250 1738
251 2963
252 2260
253 1492
254 2264
255 1843
256 2441
257 791
258 2223
259 2858
260 135
261 515
262 2077
263 2676
264 1861
265 2305
266 1232
267 981
268 554
269 2213
270 1882
271 1882
272 2128
273 2202
274 2461
275 296
276 2855
277 435
278 1349
279 541
280 2500
281 112
282 1009
283 1650
284 2658
285 2435
286 486
287 1035
288 2756
289 132
290 307
291 2281
292 1285
293 1495
294 1133
295 2012
296 2611
297 1425
298 2109
299 1809
300 306
301 641
302 2509
303 1079
304 2892
305 749
306 921
307 1490
308 832
309 702
310 1746
311 2707
312 2790
313 1322
314 326
315 1193
316 1722
317 393
318 2628
319 1277
320 1907
321 638
322 2810
323 1570
324 2023
325 746
326 101
327 2107
328 2101
329 1328
330 1989
331 1350
332 1456
333 1922
334 640
335 1054
336 419
337 2068
338 2327
339 2566
340 136
341 1648
342 600
343 273
344 110
345 1660
346 1847
347 740
348 1010
349 2393
350 2610
351 205
352 2893
353 1145
354 1642
355 2005
356 2576
357 829
358 1402
359 1044
360 933
361 716
362 466
363 966
364 93
365 2238
366 867
367 1874
368 1346
369 574
370 1300
371 2599
372 2384
373 494
374 1269
375 1666
376 2189
377 1250
378 2700
379 2639
380 589
381 2188
382 1619
383 2168
384 2341
385 39
386 2306
387 114
388 2582
389 124
390 2872
391 270
392 1837
393 3000
394 1211
395 2687
396 2772
397 425
398 1457
399 2347
400 2880
401 490
402 2884
403 2232
404 2229
405 1291
406 2825
407 2297
408 2444
409 103
410 1388
411 1916
412 123
413 1344
414 972
415 671
416 1075
417 421
418 10
419 1022
420 2932
421 1057
422 2053
423 1368
424 1624
425 2704
426 208
427 1443
428 1105
429 148
430 611
431 642
432 2948
433 1220
434 792
435 1426
436 2280
437 541
438 18
439 1652
440 2692
441 475
442 1605
443 2098
444 831
445 2412
446 1041
447 60
448 423
449 587
450 568
451 2603
452 208
453 2062
454 2866
455 1552
456 2057
457 1937
458 2562
459 2953
460 1095
461 2394
462 2348
463 1925
464 34
465 2028
466 2639
467 394
468 1633
469 1798
470 213
471 683
472 214
473 1739
474 487
475 2077
476 2800
477 278
478 1018
479 88
480 1644
481 327
482 1293
483 950
484 975
485 452
486 2432
487 1420
488 2384
489 1432
490 2233
491 903
492 425
493 418
494 1822
495 1103
496 649
497 2700
498 2206
499 2578
500 1160
501 633
502 2124
503 2087
504 2393
505 2675
506 1477
507 258
508 1153
509 2941
510 1413
511 457
512 337
513 2085
514 2852
515 2748
516 258
517 2579
518 508
519 2482
520 1432
521 1429
522 526
523 2330
524 2355
525 2469
526 1622
527 294
528 2229
529 2532
530 1252
531 166
532 2260
533 2342
534 2429
535 1863
536 1976
537 190
538 133
539 1940
540 1670
541 464
542 1602
543 1419
544 1915
545 1929
546 2855
547 812
548 2929
549 1000
550 158
551 1051
552 1957
553 2190
554 143
555 650
556 1665
557 1763
558 325
559 1153
560 63
561 681
562 1869
563 2784
564 2930
565 302
566 184
567 2619
568 1911
569 1963
570 169
571 676
572 2338
573 128
574 1448
575 2739
576 1115
577 1401
578 2187
579 2591
580 637
581 2897
582 1947
583 1770
584 2685
585 2241
586 2503
587 828
588 2892
589 1113
590 2985
591 1290
592 2264
593 327
594 2903
595 417
596 443
597 2463
598 2864
599 2574
600 2135
601 1181
602 1131
603 2143
604 1896
605 1867
606 608
607 1527
608 900
609 2994
610 515
611 27
612 1570
613 370
614 1557
615 2915
616 1476
617 577
618 2861
619 760
620 1319
621 2886
622 2090
623 2744
624 807
625 1609
626 1664
627 1929
628 2805
629 1832
630 1161
631 328
632 2884
633 2193
634 1390
635 2724
636 1434
637 22
638 2997
639 728
640 141
641 548
642 749
643 1971
644 1444
645 2425
646 2354
647 1767
648 2641
649 1676
650 1842
651 615
652 2550
653 2413
654 2606
655 1311
656 2367
657 2012
658 2991
659 2052
660 2746
661 2561
662 2518
663 1558
664 1772
665 78
666 1000
667 2771
668 2993
669 2383
670 338
671 2700
672 2329
673 402
674 2993
675 1201
676 2726
677 1208
678 1912
679 2254
680 2380
681 1856
682 2544
683 2965
684 1822
685 2295
686 864
687 976
688 92
689 1861
690 870
691 2003
692 1049
693 1816
694 1646
695 1927
696 728
697 2133
698 2656
699 1590
700 1951
701 2914
702 838
703 2661
704 557
705 951
706 706
707 1858
708 1771
709 2566
710 305
711 1306
712 2272
713 903
714 713
715 2317
716 1554
717 846
718 137
719 132
720 2708
721 970
722 422
723 1889
724 2777
725 942
726 1080
727 550
728 2360
729 6
730 2991
731 1290
732 1177
733 20
734 647
735 1806
736 1834
737 616
738 1778
739 257
740 1073
741 773
742 630
743 2315
744 289
745 100
746 1255
747 1721
748 2862
749 1810
750 3000
751 334
752 2658
753 2914
754 2393
755 1545
756 1388
757 2081
758 1894
759 2588
760 1926
761 1979
762 1436
763 775
764 589
765 1659
766 2936
767 1217
768 2142
769 890
770 234
771 2209
772 246
773 1940
774 13
775 2707
776 24
777 610
778 1887
779 2229
780 2925
781 2387
782 1402
783 1189
784 394
785 2734
786 1998
787 1225
788 763
789 1625
790 948
791 2941
792 2718
793 2428
794 2636
795 1047
796 1574
797 2375
798 1680
799 1191
800 1960
801 1065
802 1610
803 2816
804 1672
805 2159
806 274
807 2864
808 1901
809 306
810 2677
811 2565
812 500
813 1732
814 2329
815 2687
816 615
817 1998
818 1225
819 2274
820 883
821 158
822 930
823 1119
824 538
825 2271
826 1105
827 1183
828 2580
829 393
830 2519
831 1264
832 687
833 400
834 1561
835 1999
836 331
837 888
838 875
839 2629
840 2085
841 581
842 773
843 707
844 1480
845 336
846 1773
847 787
848 1342
849 110
850 2123
851 373
852 2928
853 2803
854 2931
855 545
856 218
857 1094
858 1943
859 2822
860 447
861 2810
862 800
863 1039
864 44
865 1490
866 2947
867 1556
868 2495
869 2743
870 1458
871 2058
872 2433
873 1792

