912 87
0 7
1 1274
2 677
3 2409
4 2613
5 1883
6 632
7 2631
8 2033
9 827
10 1196
11 744
12 1380
13 1871
14 270
15 1277
16 1620
17 2013
18 2268
19 2258
20 1588
21 1637
22 2136
23 116
24 1770
25 274
26 980
27 285
28 1260
29 201
30 2905
31 1001
32 34
33 293
34 1046
35 9
36 1183
37 281
38 1674
39 2632
40 2322
41 2460
42 2030
43 2024
44 2726
45 2097
46 2969
47 1553
48 2425
49 2183
50 2978
51 1051
52 588
53 1541
54 1826
55 2981
56 1096
57 1427
58 1841
59 1165
60 1635
61 1609
62 2193
63 1106
64 845
65 1144
66 1952
67 1379
68 1811
69 636
70 2715
71 2512
72 2965
73 1214
74 2427
75 2925
76 2961
77 766
78 1825
79 814
80 1142
81 2644
82 905
83 17
84 713
85 2633
86 1490
87 1097
88 657
89 2773
90 442
91 526
92 438
93 866
94 906
95 2902
96 1629
97 754
98 35
99 2013
100 2602
101 391
102 1602
103 2542
104 1050
105 355
106 1043
107 2614
108 519
109 440
110 847
111 2063
112 1616
113 2973
114 17
115 2043
116 2766
117 715
118 1527
119 815
120 2004
121 2997
122 284
123 2656
124 1049
125 78
126 9
127 1560
128 697
129 2356
130 2012
131 1904
132 706
133 1803
134 2983
135 741
136 2778
137 2175
138 515
139 2051
140 2090
141 1173
142 635
143 2436
144 1801
145 2070
146 373
147 1388
148 1522
149 20
150 1372
151 1028
152 2957
153 1125
154 2360
155 1279
156 2958
157 2112
158 347
159 1808
160 625
161 267
162 2481
163 748
164 1597
165 1720
166 453
167 2423
168 1698
169 1261
170 2197
171 2790
172 246
173 2787
174 1705
175 712
176 2904
177 2418
178 494
179 2538
180 1453
181 1462
182 436
183 2744
184 1141
185 1772
186 1262
187 2639
188 2345
189 2281
190 805
191 1144
192 2249
193 719
194 171
195 1666
196 2762
197 1167
198 1957
199 1795
200 1614
201 2277
202 999
203 2589
204 1631
205 1984
206 1533
207 1814
208 2369
209 808
210 2428
211 1253
212 1920
213 2186
214 800
215 2393
216 322
217 352
218 1834
219 1548
220 237
221 1486
222 1582
223 1885
224 2910
225 2698
226 1974
227 538
228 2309
229 1836
230 1509
231 1944
232 2862
233 933
234 1712
235 963
236 833
237 2589
238 1151
239 1226
240 1910
241 1298
242 490
243 462
244 1206
245 2047
246 1220
247 320
248 2080
249 2842
250 2326
251 1686
252 1586
253 2271
254 1044
255 2310
256 2275
257 29
258 2728
259 2964
260 2209
261 2903
262 2858
263 220
264 1846
265 2315
266 1122
267 364
268 2394
269 1140
270 656
271 745
272 434
273 775
274 532
275 2427
276 1244
277 769
278 231
279 2206
280 2362
281 1563
282 1806
283 830
284 1022
285 407
286 926
287 942
288 351
289 1471
290 2897
291 2572
292 2073
293 1733
294 2734
295 309
296 310
297 1451
298 391
299 1086
300 2775
301 230
302 412
303 751
304 2360
305 922
306 1404
307 1589
308 161
309 2126
310 118
311 650
312 136
313 2015
314 948
315 2611
316 2990
317 2896
318 632
319 152
320 690
321 1492
322 1752
323 187
324 1610
325 2400
326 1737
327 2860
328 2933
329 400
330 162
331 598
332 2558
333 2736
334 1447
335 2652
336 2570
337 2534
338 1041
339 885
340 1453
341 1229
342 1672
343 2472
344 2638
345 305
346 1147
347 1537
348 1496
349 2861
350 1596
351 1636
352 294
353 2173
354 672
355 1614
356 2695
357 1207
358 621
359 2098
360 2837
361 2564
362 2241
363 483
364 1894
365 854
366 1524
367 2897
368 2484
369 1296
370 214
371 997
372 2304
373 2662
374 290
375 1794
376 2324
377 737
378 2731
379 1246
380 865
381 297
382 1332
383 2826
384 2161
385 2417
386 1441
387 410
388 2535
389 212
390 2266
391 942
392 2814
393 1014
394 1272
395 2437
396 1680
397 2823
398 1638
399 162
400 334
401 469
402 1998
403 1663
404 2542
405 2014
406 893
407 1148
408 145
409 177
410 171
411 340
412 835
413 228
414 2443
415 2506
416 1863
417 2507
418 2013
419 2051
420 1514
421 1249
422 2100
423 1284
424 2467
425 1718
426 1583
427 467
428 399
429 867
430 33
431 979
432 2735
433 440
434 808
435 477
436 2506
437 1694
438 150
439 151
440 774
441 354
442 229
443 520
444 1428
445 2684
446 83
447 880
448 998
449 2538
450 2343
451 2563
452 2068
453 106
454 2271
455 1722
456 2834
457 1733
458 2644
459 1829
460 1680
461 2868
462 2744
463 1602
464 55
465 1545
466 2758
467 2642
468 2035
469 2403
470 1585
471 1077
472 547
473 407
474 826
475 1347
476 2344
477 512
478 2638
479 1313
480 2467
481 2702
482 391
483 2947
484 1753
485 1493
486 1437
487 1234
488 1419
489 1783
490 2902
491 2515
492 614
493 1927
494 1684
495 2701
496 2312
497 848
498 861
499 7
500 871
501 2763
502 57
503 2053
504 2074
505 2027
506 900
507 1130
508 1607
509 1289
510 301
511 1912
512 1892
513 2089
514 1664
515 2474
516 2040
517 2963
518 1336
519 393
520 1596
521 2085
522 748
523 2987
524 1347
525 964
526 2848
527 1727
528 2244
529 1223
530 2764
531 1921
532 283
533 2157
534 2223
535 1451
536 2784
537 2624
538 1836
539 898
540 1179
541 1753
542 2114
543 1054
544 2009
545 318
546 2035
547 1068
548 2137
549 2584
550 1682
551 690
552 2972
553 2643
554 622
555 2516
556 2417
557 718
558 2461
559 1857
560 37
561 2497
562 7
563 2090
564 2812
565 2815
566 2220
567 2736
568 1382
569 29
570 2877
571 1165
572 2270
573 81
574 703
575 2397
576 2363
577 1499
578 558
579 1091
580 1760
581 2770
582 160
583 1915
584 2979
585 1628
586 1171
587 1628
588 2876
589 2970
590 2349
591 2783
592 545
593 1274
594 2473
595 2902
596 1950
597 737
598 1793
599 622
600 1475
601 2250
602 2422
603 1065
604 2889
605 986
606 2202
607 318
608 823
609 221
610 231
611 1801
612 1264
613 2214
614 1238
615 1913
616 543
617 495
618 1468
619 1032
620 2432
621 258
622 1914
623 2297
624 40
625 1327
626 193
627 2785
628 564
629 794
630 2729
631 1775
632 260
633 1904
634 410
635 556
636 2105
637 2876
638 878
639 2560
640 2499
641 307
642 1105
643 1546
644 1749
645 1720
646 2714
647 2229
648 1932
649 894
650 136
651 783
652 1008
653 2667
654 2821
655 2053
656 2429
657 2785
658 77
659 1397
660 2558
661 2017
662 2414
663 2514
664 2041
665 1418
666 529
667 2627
668 1585
669 563
670 2419
671 2410
672 2239
673 312
674 2732
675 1129
676 2486
677 746
678 2700
679 2050
680 1562
681 1399
682 741
683 2
684 2690
685 2615
686 1281
687 1084
688 701
689 2163
690 709
691 2233
692 1673
693 255
694 1359
695 630
696 976
697 1930
698 1897
699 2601
700 399
701 567
702 162
703 1978
704 1778
705 1202
706 1564
707 1770
708 1136
709 1051
710 102
711 2319
712 1932
713 1372
714 1056
715 2075
716 1832
717 2431
718 2448
719 2180
720 90
721 1800
722 1013
723 1487
724 1304
725 585
726 1544
727 1026
728 124
729 2296
730 1207
731 289
732 1759
733 1021
734 2925
735 1568
736 1050
737 2395
738 2138
739 622
740 1538
741 2184
742 1993
743 1416
744 1126
745 1787
746 858
747 771
748 2085
749 2589
750 1718
751 2739
752 2583
753 2521
754 1000
755 1955
756 594
757 2114
758 1434
759 1293
760 60
761 499
762 2233
763 480
764 1911
765 1566
766 2573
767 2190
768 1004
769 1715
770 450
771 754
772 1796
773 491
774 981
775 2373
776 2365
777 1236
778 2279
779 2771
780 346
781 2657
782 1043
783 1572
784 2208
785 1201
786 1994
787 896
788 1415
789 1820
790 1951
791 1031
792 1334
793 2401
794 2575
795 715
796 2453
797 2434
798 447
799 2578
800 1764
801 455
802 2671
803 2253
804 2984
805 1643
806 2217
807 1493
808 2146
809 2759
810 637
811 1912
812 1259
813 1663
814 2115
815 1874
816 968
817 1274
818 1851
819 2874
820 2750
821 2450
822 132
823 2822
824 2074
825 1401
826 1964
827 1709
828 2168
829 1085
830 1782
831 2528
832 440
833 2906
834 1258
835 8
836 2576
837 2277
838 763
839 161
840 1823
841 2585
842 123
843 1292
844 2999
845 1472
846 2540
847 2935
848 1943
849 2904
850 1805
851 1396
852 1988
853 2663
854 734
855 2729
856 1513
857 2816
858 1154
859 1239
860 100
861 375
862 1927
863 2817
864 2140
865 60
866 2226
867 412
868 957
869 2650
870 2209
871 1284
872 1639
873 1472
874 1712
875 2512
876 1930
877 2551
878 2138
879 1873
880 370
881 2514
882 781
883 2634
884 2859
885 5
886 2754
887 740
888 597
889 1607
890 905
891 2922
892 20
893 58
894 1047
895 1327
896 1420
897 1314
898 2025
899 1611
900 826
901 844
902 2525
903 2515
904 2906
905 1553
906 2004
907 2673
908 207
909 2323
910 2667
911 2544

