813 16
0 198
1 1467
2 1462
3 895
4 830
5 101
6 2686
7 2220
8 2680
9 485
10 1343
11 2842
12 1730
13 342
14 1597
15 880
16 591
17 70
18 1528
19 2951
20 2431
21 1037
22 2094
23 1689
24 2846
25 1061
26 2816
27 593
28 1014
29 2821
30 1750
31 1328
32 1894
33 224
34 463
35 3000
36 1291
37 873
38 1161
39 589
40 2903
41 1921
42 438
43 2777
44 1403
45 1623
46 206
47 2673
48 1283
49 2110
50 2337
51 180
52 977
53 1691
54 537
55 1416
56 2583
57 568
58 1070
59 886
60 1594
61 2894
62 1406
63 1149
64 2038
65 2203
66 2349
67 496
68 422
69 1184
70 640
71 2629
72 1163
73 214
74 1736
75 2972
76 329
77 1977
78 1474
79 821
80 1646
81 2752
82 1025
83 566
84 1078
85 594
86 1741
87 980
88 24
89 1222
90 1443
91 711
92 76
93 2441
94 1395
95 2753
96 2339
97 2595
98 31
99 2447
100 1293
101 2459
102 1908
103 1879
104 1868
105 197
106 2256
107 929
108 670
109 2476
110 2705
111 1806
112 199
113 1251
114 271
115 1469
116 1332
117 1515
118 1048
119 103
120 710
121 563
122 949
123 820
124 1582
125 1032
126 2523
127 1857
128 1193
129 403
130 898
131 2455
132 1019
133 1660
134 859
135 1003
136 121
137 755
138 2857
139 333
140 1337
141 709
142 1855
143 213
144 265
145 305
146 358
147 1819
148 2906
149 2964
150 2003
151 2763
152 1390
153 218
154 2226
155 465
156 771
157 899
158 76
159 1183
160 1956
161 1707
162 132
163 2814
164 823
165 1114
166 717
167 620
168 357
169 2015
170 1727
171 1298
172 1444
173 1433
174 450
175 645
176 604
177 2805
178 1973
179 1840
180 1773
181 232
182 211
183 2007
184 1679
185 814
186 586
187 1063
188 1071
189 381
190 1765
191 1434
192 2670
193 1946
194 1196
195 2739
196 850
197 2334
198 2375
199 711
200 791
201 1440
202 1452
203 2973
204 442
205 2421
206 1536
207 1348
208 401
209 1359
210 1688
211 2875
212 5
213 1772
214 980
215 1801
216 243
217 1837
218 991
219 200
220 1461
221 1414
222 2049
223 2013
224 2139
225 2437
226 81
227 2741
228 1175
229 976
230 1770
231 1256
232 814
233 1273
234 1832
235 2303
236 1370
237 1859
238 574
239 646
240 339
241 745
242 1400
243 2921
244 21
245 2354
246 2083
247 2688
248 1256
249 898
250 736
251 86
252 2424
253 1790
254 1981
255 2597
256 2839
257 1457
258 1427
259 2403
260 1920
261 985
262 2384
263 2051
264 2074
265 2478
266 2187
267 679
268 1311
269 2139
270 2778
271 1178
272 574
273 2450
274 860
275 2095
276 1423
277 2091
278 2945
279 2520
280 2542
281 1836
282 335
283 1399
284 782
285 82
286 698
287 819
288 1687
289 1504
290 2917
291 912
292 1400
293 1094
294 2701
295 2232
296 2905
297 1061
298 2902
299 355
300 2583
301 51
302 988
303 2865
304 1451
305 2969
306 2422
307 2201
308 2503
309 857
310 2237
311 2664
312 195
313 121
314 2857
315 2027
316 2967
317 555
318 2967
319 1565
320 822
321 2990
322 2257
323 1396
324 2629
325 1672
326 1495
327 718
328 2998
329 1593
330 21
331 469
332 1034
333 1268
334 555
335 703
336 150
337 1512
338 818
339 2527
340 2043
341 393
342 643
343 926
344 1674
345 2162
346 519
347 383
348 37
349 915
350 1808
351 2059
352 192
353 1859
354 1330
355 213
356 1363
357 2970
358 742
359 108
360 150
361 1613
362 2994
363 2760
364 2988
365 1130
366 2013
367 837
368 416
369 388
370 2894
371 2065
372 1163
373 2251
374 737
375 1812
376 2149
377 315
378 1728
379 1479
380 2238
381 1796
382 1018
383 1408
384 1363
385 430
386 2519
387 1033
388 1367
389 803
390 1445
391 1276
392 1382
393 2937
394 621
395 2868
396 1822
397 2964
398 1399
399 1240
400 2040
401 2506
402 2700
403 29
404 805
405 994
406 2922
407 1458
408 1473
409 1349
410 970
411 1870
412 516
413 2393
414 2517
415 1905
416 940
417 1414
418 306
419 1239
420 182
421 1452
422 1022
423 2951
424 2597
425 2970
426 151
427 2460
428 1233
429 2834
430 2755
431 2227
432 464
433 961
434 1602
435 1797
436 760
437 2377
438 1725
439 1595
440 1424
441 2908
442 641
443 2612
444 1630
445 2968
446 2186
447 34
448 1475
449 2637
450 1883
451 1417
452 1691
453 153
454 1006
455 1210
456 1425
457 600
458 586
459 2615
460 750
461 492
462 508
463 355
464 1422
465 1027
466 1175
467 2796
468 1749
469 2666
470 1660
471 875
472 2767
473 931
474 697
475 412
476 2829
477 2919
478 1137
479 1583
480 1978
481 1048
482 612
483 1363
484 2207
485 2933
486 1725
487 872
488 648
489 2819
490 2879
491 1327
492 2071
493 2152
494 687
495 257
496 1376
497 1787
498 2395
499 2099
500 2470
501 1432
502 1391
503 654
504 2640
505 681
506 1832
507 1703
508 2063
509 2067
510 1001
511 994
512 1723
513 255
514 773
515 2747
516 1013
517 1595
518 2945
519 2814
520 1737
521 495
522 289
523 1173
524 1106
525 861
526 1542
527 191
528 2214
529 1683
530 1776
531 991
532 2495
533 1497
534 317
535 1479
536 2575
537 206
538 2315
539 2557
540 218
541 2604
542 367
543 683
544 706
545 984
546 2317
547 284
548 1183
549 1483
550 976
551 1685
552 2312
553 1149
554 912
555 1666
556 1030
557 306
558 2554
559 2579
560 2988
561 992
562 926
563 2032
564 2050
565 357
566 928
567 2416
568 1180
569 1285
570 2780
571 2922
572 1899
573 985
574 934
575 1593
576 596
577 1456
578 2675
579 283
580 2706
581 1309
582 348
583 2060
584 2053
585 487
586 1190
587 2786
588 972
589 993
590 2084
591 1442
592 416
593 2851
594 227
595 595
596 2672
597 1288
598 2861
599 2110
600 2385
601 473
602 1574
603 1287
604 2380
605 2451
606 262
607 510
608 743
609 1166
610 2204
611 2482
612 737
613 225
614 195
615 2754
616 1837
617 1014
618 646
619 2439
620 1671
621 2940
622 1754
623 685
624 789
625 117
626 117
627 340
628 232
629 2509
630 2427
631 631
632 161
633 1412
634 933
635 2389
636 2047
637 1973
638 2949
639 2896
640 1273
641 335
642 644
643 777
644 391
645 1799
646 2380
647 1416
648 761
649 906
650 1062
651 2654
652 367
653 77
654 2541
655 1537
656 25
657 338
658 344
659 2249
660 666
661 2221
662 1118
663 1893
664 84
665 1830
666 1681
667 2337
668 2281
669 1737
670 1439
671 2508
672 97
673 2584
674 138
675 1719
676 1913
677 244
678 230
679 1309
680 1687
681 2859
682 1159
683 1942
684 211
685 2958
686 1239
687 1013
688 2241
689 1260
690 1971
691 966
692 1960
693 2858
694 401
695 2839
696 1067
697 1171
698 106
699 274
700 346
701 552
702 1900
703 1814
704 843
705 1476
706 1600
707 2045
708 2040
709 794
710 1233
711 1482
712 2178
713 677
714 1980
715 2633
716 764
717 387
718 478
719 2292
720 2035
721 2605
722 934
723 723
724 1958
725 91
726 1823
727 1988
728 691
729 2234
730 1721
731 573
732 1122
733 2646
734 2863
735 2248
736 2334
737 2146
738 703
739 2641
740 2104
741 2069
742 1825
743 1902
744 2378
745 61
746 1737
747 1645
748 1932
749 1295
750 2552
751 1232
752 982
753 131
754 957
755 48
756 2439
757 2802
758 1458
759 1522
760 1609
761 2282
762 2220
763 2444
764 2338
765 1434
766 1809
767 2452
768 1371
769 1351
770 132
771 2628
772 2648
773 728
774 2729
775 796
776 638
777 61
778 539
779 1815
780 1251
781 2559
782 1518
783 882
784 2640
785 347
786 702
787 91
788 758
789 1245
790 2321
791 2713
792 999
793 2808
794 2089
795 913
796 737
797 1039
798 723
799 2071
800 2846
801 1099
802 962
803 255
804 340
805 2212
806 572
807 2899
808 270
809 1954
810 2361
811 1978
812 374

