360 72
0 1418
1 1786
2 1188
3 425
4 1990
5 2714
6 2999
7 1446
8 1291
9 165
10 815
11 536
12 2672
13 2180
14 1724
15 195
16 794
17 495
18 521
19 2850
20 194
21 1455
22 2336
23 2611
24 2665
25 2764
26 1431
27 145
28 1258
29 894
30 2402
31 710
32 2738
33 2282
34 2756
35 1063
36 1894
37 1955
38 1279
39 664
40 2026
41 1021
42 1034
43 531
44 2010
45 2622
46 146
47 2639
48 2433
49 672
50 2297
51 2114
52 1601
53 922
54 2937
55 2693
56 2780
57 2980
58 1949
59 235
60 2488
61 202
62 2439
63 1073
64 1280
65 744
66 1726
67 1707
68 2334
69 1148
70 1315
71 2431
72 121
73 1518
74 1696
75 745
76 1842
77 1191
78 1977
79 1964
80 411
81 2850
82 2445
83 579
84 1239
85 385
86 2958
87 1902
88 1886
89 2305
90 2420
91 130
92 1451
93 2054
94 2016
95 2197
96 2261
97 1325
98 1419
99 2413
100 2008
101 2759
102 928
103 2720
104 2273
105 345
106 2201
107 493
108 1437
109 365
110 1272
111 1467
112 922
113 1348
114 2668
115 2727
116 416
117 163
118 1998
119 168
120 808
121 1990
122 381
123 2842
124 1488
125 1713
126 1430
127 1479
128 1894
129 1826
130 1211
131 2898
132 696
133 1227
134 1008
135 473
136 2878
137 14
138 1898
139 738
140 926
141 1506
142 1583
143 2397
144 114
145 1398
146 1295
147 2483
148 1823
149 885
150 2935
151 1386
152 1796
153 1155
154 581
155 2055
156 2541
157 800
158 2445
159 117
160 1726
161 230
162 197
163 56
164 2826
165 2986
166 154
167 62
168 1937
169 784
170 1118
171 1585
172 996
173 1314
174 2756
175 1025
176 2847
177 435
178 2080
179 2732
180 2072
181 1522
182 1269
183 2105
184 1218
185 1644
186 2806
187 307
188 2420
189 1779
190 1198
191 2692
192 494
193 2619
194 1996
195 602
196 877
197 1036
198 204
199 1514
200 612
201 1669
202 1410
203 521
204 2330
205 1981
206 1190
207 1841
208 882
209 1779
210 2452
211 159
212 2263
213 2975
214 6
215 2839
216 2650
217 2442
218 219
219 1050
220 1594
221 2825
222 2215
223 2129
224 518
225 2296
226 794
227 1506
228 2548
229 2284
230 189
231 1068
232 2226
233 1994
234 2718
235 2820
236 1005
237 248
238 2364
239 2045
240 790
241 2551
242 2864
243 1630
244 2553
245 2811
246 1029
247 2681
248 1556
249 1102
250 2579
251 2562
252 877
253 1654
254 542
255 2330
256 202
257 1970
258 2919
259 1605
260 1729
261 942
262 1625
263 1963
264 2250
265 228
266 2568
267 1810
268 2095
269 2449
270 2209
271 2770
272 1622
273 1432
274 415
275 236
276 1665
277 517
278 304
279 1227
280 43
281 407
282 1221
283 2883
284 838
285 1698
286 1414
287 239
288 2587
289 1100
290 450
291 3000
292 2711
293 1765
294 2391
295 2778
296 2226
297 2476
298 1562
299 762
300 1829
301 1122
302 289
303 2114
304 2401
305 839
306 348
307 839
308 181
309 2009
310 2405
311 243
312 62
313 2328
314 1307
315 1152
316 2536
317 1008
318 1767
319 1227
320 511
321 1468
322 631
323 1549
324 2034
325 2913
326 2797
327 1596
328 2367
329 2668
330 1313
331 960
332 403
333 2417
334 2893
335 569
336 1091
337 384
338 1173
339 2760
340 639
341 2631
342 1439
343 892
344 1072
345 734
346 703
347 2076
348 1725
349 1733
350 157
351 1218
352 1493
353 637
354 1589
355 1462
356 2321
357 2046
358 670
359 1461

