242 4
0 2958
1 2882
2 2710
3 2141
4 2456
5 2423
6 352
7 2532
8 2568
9 644
10 2260
11 2999
12 1846
13 8
14 2463
15 579
16 2462
17 722
18 2711
19 595
20 1759
21 2431
22 996
23 2705
24 2716
25 2121
26 2536
27 2950
28 1291
29 1085
30 568
31 1034
32 159
33 61
34 2386
35 2147
36 727
37 2381
38 1923
39 2876
40 79
41 685
42 2010
43 2352
44 2391
45 241
46 471
47 18
48 1876
49 2277
50 1255
51 808
52 1170
53 2466
54 567
55 1852
56 2439
57 411
58 1476
59 123
60 2252
61 1764
62 1367
63 1397
64 589
65 920
66 640
67 720
68 1892
69 1693
70 1426
71 1708
72 2740
73 1730
74 1240
75 1030
76 1401
77 1370
78 361
79 2311
80 1771
81 1225
82 2015
83 347
84 1114
85 2135
86 1611
87 2227
88 2521
89 1688
90 253
91 1024
92 1641
93 1975
94 2113
95 2754
96 1297
97 1015
98 265
99 1271
100 1654
101 220
102 2873
103 2261
104 248
105 78
106 1453
107 292
108 1899
109 1416
110 2851
111 2250
112 2476
113 760
114 363
115 842
116 88
117 1925
118 2811
119 505
120 2857
121 2398
122 2910
123 1443
124 2
125 536
126 111
127 137
128 2417
129 1631
130 997
131 125
132 767
133 2657
134 1336
135 1477
136 658
137 2182
138 220
139 1913
140 279
141 41
142 183
143 2274
144 2898
145 1084
146 963
147 619
148 872
149 713
150 2416
151 1745
152 674
153 700
154 2005
155 2114
156 2817
157 1626
158 2328
159 2541
160 2153
161 1989
162 1084
163 295
164 278
165 276
166 2135
167 963
168 605
169 2546
170 669
171 735
172 935
173 793
174 1459
175 341
176 2706
177 2145
178 2452
179 2981
180 1176
181 363
182 2128
183 1648
184 2385
185 657
186 684
187 322
188 15
189 1856
190 193
191 1358
192 2042
193 2299
194 82
195 1852
196 282
197 2362
198 2331
199 2275
200 225
201 357
202 2403
203 571
204 1316
205 710
206 1426
207 298
208 2400
209 117
210 2576
211 1576
212 1184
213 2604
214 2120
215 389
216 279
217 1909
218 445
219 865
220 2
221 2927
222 1191
223 1653
224 119
225 1674
226 2014
227 1897
228 1811
229 760
230 568
231 917
232 2661
233 78
234 1436
235 2511
236 1933
237 2513
238 1353
239 328
240 2025
241 1287

