436 27
0 996
1 1316
2 898
3 577
4 1943
5 2449
6 1273
7 460
8 472
9 1000
10 1717
11 2381
12 1513
13 282
14 229
15 814
16 312
17 1123
18 1738
19 1831
20 120
21 1720
22 2158
23 634
24 1692
25 2097
26 2028
27 2870
28 218
29 926
30 2791
31 2436
32 2026
33 1852
34 2023
35 1592
36 1359
37 267
38 2770
39 2301
40 589
41 2310
42 2888
43 995
44 1080
45 1031
46 1854
47 1275
48 2417
49 1481
50 641
51 1394
52 777
53 1791
54 1912
55 117
56 566
57 424
58 2222
59 1729
60 833
61 77
62 2433
63 1131
64 2945
65 1868
66 646
67 343
68 2282
69 592
70 1076
71 2475
72 149
73 2379
74 2202
75 2626
76 2646
77 2273
78 5
79 2776
80 2715
81 1406
82 1619
83 1676
84 1
85 866
86 547
87 1715
88 2631
89 1140
90 109
91 1443
92 340
93 961
94 2018
95 194
96 758
97 729
98 220
99 1581
100 1501
101 1124
102 1734
103 2049
104 1601
105 2456
106 2114
107 2179
108 1435
109 806
110 2854
111 2170
112 1016
113 393
114 756
115 2445
116 2683
117 2551
118 2031
119 489
120 2802
121 530
122 941
123 117
124 1853
125 1699
126 727
127 1464
128 2324
129 2746
130 2458
131 1938
132 1936
133 2565
134 2024
135 146
136 2982
137 42
138 2256
139 1583
140 679
141 1646
142 1705
143 2707
144 1464
145 44
146 594
147 2849
148 1396
149 1440
150 2006
151 2096
152 2611
153 1105
154 2146
155 2207
156 1270
157 1289
158 516
159 700
160 1520
161 13
162 1538
163 788
164 1362
165 2223
166 1245
167 2114
168 975
169 549
170 1749
171 922
172 1337
173 2971
174 1288
175 2657
176 2055
177 1990
178 2150
179 2371
180 123
181 1903
182 1269
183 1004
184 1399
185 1027
186 2451
187 243
188 1007
189 417
190 533
191 3000
192 1250
193 739
194 2924
195 1573
196 1096
197 175
198 2424
199 488
200 83
201 847
202 2413
203 2460
204 863
205 1516
206 1955
207 230
208 2754
209 112
210 1531
211 304
212 258
213 2893
214 1183
215 2255
216 1022
217 1616
218 229
219 2847
220 2389
221 348
222 1222
223 2042
224 353
225 2148
226 728
227 727
228 1173
229 805
230 1292
231 853
232 2403
233 219
234 2172
235 1777
236 687
237 2735
238 212
239 1544
240 1250
241 1288
242 1795
243 1770
244 2238
245 2121
246 709
247 475
248 222
249 2890
250 536
251 855
252 2220
253 723
254 398
255 826
256 204
257 1352
258 2914
259 2781
260 130
261 2995
262 2392
263 820
264 112
265 870
266 1249
267 762
268 2645
269 312
270 462
271 587
272 2292
273 2743
274 1589
275 817
276 1440
277 244
278 2840
279 551
280 386
281 2885
282 1289
283 2666
284 2801
285 913
286 277
287 1401
288 484
289 1514
290 2252
291 2605
292 844
293 637
294 1719
295 2086
296 975
297 2797
298 521
299 1488
300 1079
301 1862
302 2533
303 2677
304 2646
305 471
306 661
307 2202
308 2758
309 838
310 477
311 1773
312 616
313 823
314 1745
315 1482
316 1044
317 241
318 2858
319 620
320 1901
321 2547
322 1845
323 2380
324 2395
325 827
326 1404
327 1181
328 2277
329 212
330 1788
331 2988
332 963
333 1420
334 2105
335 2482
336 2005
337 469
338 305
339 1392
340 1557
341 815
342 1065
343 2098
344 1789
345 1909
346 603
347 488
348 374
349 1678
350 1445
351 1039
352 19
353 962
354 429
355 2999
356 2872
357 818
358 823
359 2401
360 880
361 296
362 1590
363 566
364 1992
365 767
366 1829
367 2452
368 1516
369 622
370 294
371 1971
372 2620
373 2823
374 1603
375 1695
376 2634
377 2802
378 2834
379 1145
380 23
381 2001
382 885
383 773
384 1266
385 1069
386 2995
387 1486
388 149
389 1663
390 1394
391 2534
392 436
393 360
394 35
395 2855
396 942
397 44
398 1537
399 2076
400 1205
401 2506
402 2377
403 2293
404 1589
405 2312
406 142
407 1098
408 1418
409 2055
410 663
411 553
412 1952
413 2609
414 487
415 2828
416 1176
417 2804
418 676
419 2696
420 1432
421 1187
422 2333
423 107
424 2667
425 806
426 1076
427 1099
428 2554
429 1225
430 1660
431 437
432 2211
433 1789
434 1788
435 2386

