659 59
0 151
1 1873
2 2979
3 2377
4 2241
5 1012
6 750
7 65
8 1846
9 2266
10 1716
11 1084
12 1851
13 638
14 2329
15 1681
16 545
17 2612
18 2788
19 2178
20 1593
21 1492
22 145
23 448
24 517
25 314
26 1908
27 1010
28 705
29 2965
30 577
31 1213
32 52
33 592
34 2254
35 1585
36 706
37 1663
38 1650
39 181
40 303
41 542
42 928
43 2488
44 2475
45 1269
46 761
47 956
48 129
49 2715
50 2181
51 2583
52 2160
53 2896
54 473
55 2421
56 693
57 1453
58 1627
59 1344
60 2954
61 2147
62 2548
63 496
64 1915
65 259
66 1209
67 1259
68 2400
69 777
70 741
71 2863
72 59
73 43
74 2594
75 1458
76 1785
77 2556
78 2576
79 1928
80 1620
81 106
82 1209
83 1734
84 101
85 2617
86 736
87 997
88 2660
89 1456
90 1144
91 502
92 667
93 1068
94 2892
95 455
96 76
97 2992
98 1495
99 2931
100 2470
101 543
102 2174
103 1298
104 2406
105 1604
106 1948
107 726
108 426
109 1417
110 2005
111 2833
112 727
113 860
114 882
115 1523
116 2277
117 2840
118 2398
119 35
120 1014
121 1136
122 734
123 1006
124 1224
125 2916
126 183
127 2303
128 2619
129 2618
130 844
131 311
132 2999
133 2989
134 2893
135 807
136 981
137 310
138 2723
139 288
140 484
141 346
142 2703
143 2108
144 422
145 1381
146 1801
147 820
148 80
149 565
150 215
151 2611
152 279
153 2538
154 2061
155 1750
156 435
157 488
158 1317
159 2380
160 2685
161 76
162 368
163 2270
164 1529
165 2977
166 2663
167 2571
168 2708
169 1880
170 1067
171 2195
172 1289
173 479
174 1532
175 162
176 1885
177 247
178 2775
179 1038
180 2434
181 2264
182 1130
183 2406
184 2773
185 1333
186 2823
187 2709
188 318
189 2936
190 1099
191 2494
192 569
193 2633
194 2042
195 2543
196 1768
197 92
198 1337
199 507
200 2108
201 877
202 1698
203 2620
204 1354
205 150
206 2253
207 527
208 2310
209 2789
210 1028
211 139
212 135
213 1224
214 1507
215 1578
216 529
217 2970
218 820
219 2389
220 1012
221 2686
222 2874
223 1155
224 1740
225 2445
226 1816
227 1949
228 123
229 1291
230 881
231 1099
232 2537
233 1796
234 1262
235 2310
236 2447
237 605
238 822
239 2566
240 514
241 1087
242 2276
243 1625
244 976
245 2593
246 846
247 168
248 2728
249 900
250 1370
251 482
252 1412
253 793
254 2868
255 1168
256 2055
257 2859
258 987
259 2431
260 147
261 2378
262 1559
263 2390
264 2065
265 842
266 462
267 1247
268 529
269 699
270 454
271 908
272 1341
273 782
274 1904
275 137
276 2207
277 33
278 6
279 1790
280 704
281 1153
282 2479
283 2900
284 2588
285 2695
286 852
287 388
288 1103
289 1526
290 2767
291 194
292 1018
293 1608
294 2308
295 1782
296 2283
297 1866
298 1842
299 1983
300 1735
301 1255
302 1453
303 1625
304 2939
305 1131
306 1606
307 1995
308 1079
309 1385
310 1583
311 2482
312 1847
313 2197
314 729
315 1376
316 2504
317 779
318 2839
319 2539
320 2659
321 2406
322 125
323 914
324 2120
325 871
326 2997
327 1964
328 2303
329 785
330 2091
331 2344
332 2549
333 2281
334 654
335 2081
336 725
337 2437
338 2753
339 2488
340 1033
341 507
342 1596
343 339
344 122
345 1932
346 686
347 384
348 222
349 2668
350 627
351 690
352 577
353 1649
354 2918
355 1121
356 1049
357 1070
358 2038
359 1405
360 2003
361 1103
362 65
363 789
364 1248
365 704
366 1183
367 421
368 735
369 1644
370 543
371 2918
372 1187
373 2810
374 2011
375 2432
376 1346
377 1462
378 1455
379 415
380 2606
381 1417
382 393
383 1099
384 865
385 2320
386 1914
387 2530
388 1476
389 2579
390 1330
391 607
392 2571
393 1281
394 2776
395 2462
396 2151
397 2160
398 1381
399 535
400 2189
401 1968
402 2341
403 766
404 2284
405 623
406 1649
407 1809
408 2370
409 2967
410 2318
411 2632
412 1853
413 864
414 488
415 1344
416 232
417 1444
418 243
419 2941
420 2873
421 34
422 651
423 2670
424 1015
425 1874
426 202
427 707
428 1129
429 2262
430 1184
431 69
432 244
433 180
434 947
435 2626
436 2447
437 982
438 2081
439 2466
440 2248
441 2197
442 552
443 2919
444 998
445 2787
446 2556
447 2261
448 2283
449 983
450 2875
451 2648
452 749
453 2556
454 1149
455 1066
456 2158
457 2887
458 597
459 1381
460 1512
461 1229
462 250
463 2937
464 2511
465 1138
466 2804
467 978
468 1880
469 977
470 1010
471 2790
472 2326
473 1033
474 826
475 985
476 2601
477 1767
478 2405
479 2166
480 642
481 2257
482 1506
483 2170
484 495
485 2581
486 2645
487 1784
488 2585
489 997
490 450
491 340
492 318
493 192
494 800
495 2806
496 1556
497 1935
498 1015
499 24
500 2197
501 1405
502 944
503 310
504 1554
505 2729
506 1017
507 1744
508 983
509 737
510 876
511 261
512 2750
513 969
514 2030
515 943
516 157
517 1113
518 1278
519 1819
520 2056
521 2215
522 2587
523 2786
524 21
525 1252
526 738
527 888
528 525
529 1806
530 1323
531 1910
532 1444
533 1513
534 2655
535 1277
536 2113
537 2331
538 1064
539 164
540 305
541 1729
542 914
543 2218
544 846
545 630
546 1001
547 1145
548 2551
549 790
550 912
551 1569
552 2660
553 223
554 453
555 81
556 2562
557 259
558 1582
559 527
560 2346
561 1259
562 2762
563 2704
564 1949
565 532
566 1971
567 2742
568 2505
569 135
570 2923
571 436
572 873
573 2043
574 325
575 394
576 2242
577 1433
578 1801
579 1973
580 383
581 1297
582 2931
583 997
584 1182
585 401
586 1684
587 1979
588 1744
589 317
590 629
591 2905
592 2643
593 2922
594 1559
595 1577
596 4
597 2783
598 2307
599 767
600 925
601 1233
602 2345
603 582
604 104
605 854
606 1236
607 1992
608 2120
609 2932
610 2371
611 1305
612 463
613 1646
614 2683
615 1932
616 588
617 608
618 282
619 2317
620 1951
621 1711
622 1443
623 2685
624 2402
625 2900
626 28
627 2054
628 259
629 739
630 1278
631 1966
632 1549
633 2652
634 1538
635 516
636 1935
637 1690
638 2613
639 1411
640 2026
641 1365
642 319
643 431
644 451
645 2133
646 2259
647 415
648 1733
649 630
650 112
651 453
652 2979
653 2834
654 589
655 2629
656 1653
657 1308
658 1148

