859 92
0 812
1 2679
2 1824
3 498
4 1299
5 906
6 2081
7 1232
8 67
9 838
10 1408
11 1795
12 2009
13 2700
14 1507
15 1309
16 2035
17 2293
18 2026
19 2833
20 2749
21 682
22 805
23 2069
24 553
25 1055
26 927
27 645
28 1242
29 989
30 448
31 2215
32 2538
33 1559
34 1315
35 2370
36 389
37 2250
38 504
39 359
40 874
41 1798
42 284
43 1309
44 1864
45 2032
46 519
47 1475
48 2807
49 2000
50 1365
51 2258
52 2274
53 1706
54 1155
55 1755
56 1038
57 2367
58 1608
59 1525
60 594
61 1700
62 180
63 2316
64 1689
65 853
66 15
67 1969
68 554
69 1810
70 198
71 558
72 562
73 1670
74 1670
75 1297
76 2613
77 1367
78 2458
79 2713
80 1284
81 1623
82 220
83 2099
84 2976
85 221
86 2724
87 665
88 2452
89 1851
90 2891
91 261
92 1436
93 1703
94 1820
95 1966
96 1234
97 390
98 628
99 1908
100 1865
101 187
102 2308
103 693
104 1586
105 1295
106 1694
107 524
108 2863
109 435
110 2693
111 1506
112 2745
113 1580
114 1604
115 54
116 679
117 1991
118 2882
119 866
120 318
121 510
122 1193
123 2013
124 2734
125 1310
126 2210
127 93
128 1837
129 397
130 269
131 2788
132 951
133 1717
134 2433
135 887
136 1075
137 1938
138 2421
139 634
140 893
141 2406
142 721
143 2056
144 1594
145 1320
146 2978
147 392
148 384
149 249
150 1270
151 3
152 849
153 2860
154 2198
155 1256
156 2424
157 280
158 2344
159 1835
160 468
161 1484
162 2757
163 295
164 738
165 110
166 2307
167 1098
168 1997
169 75
170 52
171 245
172 2868
173 2807
174 329
175 773
176 1856
177 2680
178 1660
179 1992
180 477
181 1806
182 2209
183 101
184 484
185 921
186 2693
187 1235
188 2314
189 88
190 2160
191 2731
192 2903
193 109
194 518
195 171
196 780
197 2109
198 2693
199 2172
200 317
201 1664
202 1340
203 2424
204 250
205 2446
206 1532
207 1736
208 1851
209 133
210 1258
211 2644
212 1930
213 2878
214 347
215 110
216 565
217 1129
218 2284
219 612
220 858
221 170
222 255
223 2182
224 1997
225 2233
226 746
227 256
228 2056
229 2744
230 1337
231 142
232 2794
233 1811
234 1958
235 92
236 2692
237 1540
238 766
239 2248
240 2269
241 608
242 2010
243 2036
244 1481
245 1682
246 1225
247 1263
248 2893
249 1942
250 831
251 1749
252 1903
253 2927
254 143
255 989
256 2217
257 2488
258 2492
259 2134
260 2018
261 2111
262 2731
263 79
264 1122
265 128
266 2205
267 333
268 1524
269 491
270 678
271 2986
272 2312
273 1644
274 2364
275 2982
276 2293
277 319
278 426
279 255
280 1548
281 2916
282 1696
283 147
284 1525
285 1843
286 1215
287 2652
288 412
289 2697
290 572
291 194
292 1302
293 673
294 482
295 1685
296 2629
297 2606
298 1993
299 2451
300 2362
301 2099
302 1672
303 182
304 1268
305 2113
306 4
307 1576
308 2572
309 309
310 2883
311 2379
312 2541
313 2686
314 1691
315 1676
316 1189
317 1260
318 2632
319 2664
320 61
321 114
322 2926
323 781
324 298
325 1615
326 733
327 1714
328 789
329 1542
330 2345
331 624
332 557
333 1788
334 1111
335 2789
336 2814
337 2955
338 1419
339 2611
340 1971
341 1659
342 718
343 2970
344 1208
345 1510
346 1077
347 480
348 244
349 359
350 2282
351 794
352 2632
353 2323
354 1023
355 2587
356 1854
357 2277
358 1707
359 1689
360 1439
361 208
362 2725
363 2433
364 837
365 2127
366 2600
367 235
368 1127
369 1879
370 552
371 673
372 1887
373 268
374 2329
375 2651
376 2346
377 1917
378 1195
379 2189
380 2974
381 687
382 2232
383 167
384 972
385 130
386 1201
387 1291
388 1961
389 968
390 1714
391 2833
392 2010
393 1781
394 2825
395 1709
396 896
397 1765
398 2442
399 2385
400 1505
401 1249
402 1133
403 2017
404 2478
405 358
406 2964
407 638
408 244
409 327
410 1286
411 770
412 2650
413 557
414 442
415 980
416 917
417 763
418 2912
419 1258
420 788
421 1330
422 2713
423 1615
424 2996
425 1738
426 683
427 744
428 1794
429 2493
430 693
431 2423
432 2994
433 2269
434 624
435 1697
436 2632
437 2593
438 2931
439 340
440 1982
441 2234
442 1233
443 2871
444 1409
445 1663
446 170
447 1080
448 1481
449 48
450 1720
451 2810
452 2374
453 2307
454 2579
455 904
456 809
457 419
458 2010
459 1743
460 2490
461 2326
462 107
463 1289
464 1766
465 1535
466 1652
467 2421
468 136
469 1686
470 1175
471 1508
472 1579
473 2561
474 48
475 1256
476 1263
477 1491
478 827
479 819
480 1050
481 299
482 324
483 2253
484 2808
485 587
486 2944
487 2569
488 57
489 146
490 441
491 1774
492 1080
493 1126
494 798
495 1996
496 485
497 2034
498 415
499 316
500 2972
501 2915
502 1812
503 2251
504 2006
505 2473
506 1918
507 1878
508 50
509 662
510 2302
511 2377
512 2482
513 1905
514 2186
515 1705
516 1092
517 365
518 1191
519 1295
520 841
521 385
522 851
523 1962
524 781
525 1044
526 2534
527 589
528 621
529 122
530 241
531 345
532 1237
533 1956
534 281
535 2506
536 1501
537 1302
538 562
539 2199
540 2349
541 2963
542 2625
543 2707
544 1523
545 2296
546 2204
547 1985
548 2810
549 1961
550 2475
551 2639
552 8
553 34
554 1498
555 2672
556 565
557 1366
558 1815
559 1539
560 343
561 1433
562 1541
563 1133
564 2010
565 1589
566 516
567 1497
568 555
569 1373
570 927
571 678
572 2577
573 1551
574 2042
575 1143
576 2471
577 2616
578 2275
579 1160
580 2283
581 2653
582 2152
583 1172
584 2716
585 2984
586 431
587 1403
588 360
589 1178
590 2365
591 942
592 1138
593 1703
594 1339
595 2687
596 778
597 1800
598 1274
599 20
600 2851
601 1342
602 2441
603 2538
604 952
605 1168
606 2682
607 784
608 2127
609 904
610 1996
611 451
612 722
613 2618
614 1016
615 448
616 1190
617 641
618 1740
619 2800
620 1973
621 2117
622 2080
623 5
624 2542
625 1845
626 1896
627 2624
628 1014
629 1347
630 436
631 1881
632 2481
633 642
634 693
635 98
636 226
637 2228
638 1698
639 644
640 671
641 1986
642 1747
643 2040
644 1912
645 313
646 1776
647 1844
648 316
649 1790
650 2733
651 1685
652 1131
653 1555
654 1478
655 40
656 563
657 420
658 194
659 940
660 2070
661 281
662 815
663 1015
664 1202
665 2793
666 2995
667 1345
668 1604
669 1837
670 2336
671 2183
672 916
673 1285
674 1729
675 1701
676 2941
677 389
678 365
679 1310
680 372
681 1791
682 2001
683 129
684 853
685 2659
686 95
687 1705
688 2367
689 935
690 1079
691 2069
692 2193
693 2382
694 2586
695 1836
696 1030
697 412
698 1072
699 2432
700 336
701 440
702 928
703 2464
704 630
705 965
706 2740
707 2782
708 535
709 461
710 2515
711 396
712 1516
713 912
714 1528
715 518
716 1605
717 1712
718 2479
719 2057
720 91
721 2747
722 1908
723 2067
724 599
725 756
726 1895
727 735
728 1230
729 1606
730 1533
731 2489
732 864
733 2153
734 843
735 798
736 346
737 826
738 1225
739 2386
740 2488
741 913
742 219
743 892
744 2548
745 2102
746 868
747 671
748 1590
749 136
750 476
751 495
752 2603
753 1899
754 1050
755 1365
756 2521
757 285
758 2180
759 733
760 937
761 1167
762 1931
763 83
764 2114
765 2083
766 2831
767 902
768 2738
769 1847
770 1409
771 2437
772 808
773 1786
774 2340
775 1542
776 644
777 666
778 267
779 1129
780 562
781 2137
782 2417
783 1503
784 919
785 1167
786 1440
787 1296
788 1986
789 1120
790 1953
791 1764
792 1969
793 2314
794 1881
795 1148
796 11
797 2760
798 1431
799 2485
800 27
801 2414
802 1434
803 1889
804 1796
805 32
806 1982
807 442
808 2641
809 1165
810 1976
811 2270
812 759
813 410
814 436
815 196
816 785
817 2964
818 990
819 2043
820 1907
821 2499
822 1515
823 1989
824 2073
825 748
826 145
827 1450
828 235
829 404
830 2420
831 1035
832 1822
833 414
834 1945
835 221
836 2014
837 1659
838 1450
839 1123
840 808
841 2109
842 2114
843 2832
844 1690
845 1231
846 2023
847 199
848 2571
849 2273
850 1104
851 1489
852 1470
853 1547
854 2218
855 2012
856 964
857 257
858 238

