307 3
0 2095
1 1719
2 1562
3 2239
4 379
5 678
6 2302
7 782
8 1668
9 1348
10 2139
11 2991
12 1512
13 2606
14 269
15 2954
16 901
17 797
18 528
19 1409
20 771
21 2752
22 1388
23 2042
24 358
25 1095
26 77
27 2107
28 665
29 2734
30 1116
31 1327
32 572
33 1048
34 1722
35 2542
36 60
37 299
38 1873
39 1682
40 1870
41 852
42 684
43 101
44 1246
45 1632
46 578
47 2048
48 2277
49 976
50 1307
51 585
52 702
53 1135
54 1648
55 55
56 1255
57 180
58 109
59 1187
60 2589
61 2380
62 360
63 2483
64 858
65 721
66 282
67 268
68 129
69 1660
70 1730
71 608
72 651
73 2381
74 973
75 2432
76 2215
77 1135
78 2094
79 703
80 2876
81 304
82 1500
83 2102
84 2948
85 287
86 1375
87 1659
88 2838
89 2340
90 33
91 325
92 2081
93 2159
94 2080
95 2527
96 2476
97 1025
98 2704
99 47
100 594
101 2779
102 953
103 141
104 2389
105 1501
106 2202
107 2072
108 782
109 2703
110 2029
111 885
112 2943
113 2944
114 2710
115 1956
116 2058
117 878
118 644
119 2602
120 529
121 2152
122 2986
123 1321
124 2772
125 69
126 2665
127 1000
128 2587
129 2678
130 1714
131 2586
132 1749
133 2894
134 854
135 1005
136 2857
137 2112
138 2811
139 550
140 2503
141 861
142 2561
143 966
144 1945
145 1985
146 2725
147 676
148 673
149 1233
150 1782
151 2546
152 2111
153 1396
154 93
155 2212
156 96
157 2293
158 1467
159 566
160 1879
161 1348
162 329
163 1314
164 682
165 1138
166 1555
167 1850
168 2418
169 2628
170 315
171 2601
172 651
173 2583
174 2840
175 1349
176 786
177 631
178 1983
179 2280
180 576
181 879
182 679
183 1262
184 2103
185 412
186 2635
187 893
188 954
189 936
190 1269
191 704
192 2452
193 670
194 845
195 412
196 2981
197 86
198 2020
199 867
200 2691
201 1814
202 1041
203 921
204 1409
205 1111
206 1767
207 600
208 824
209 2218
210 142
211 1020
212 179
213 1387
214 1972
215 1333
216 334
217 2671
218 304
219 2353
220 775
221 496
222 1745
223 609
224 17
225 1171
226 2555
227 2663
228 1463
229 619
230 997
231 1915
232 2886
233 90
234 1406
235 2322
236 1240
237 1058
238 1021
239 30
240 2147
241 599
242 2367
243 2109
244 2474
245 1453
246 825
247 1495
248 530
249 1205
250 2931
251 1097
252 1078
253 304
254 2234
255 2596
256 182
257 1399
258 1070
259 1490
260 507
261 403
262 196
263 1532
264 2508
265 2863
266 1549
267 2463
268 1820
269 869
270 467
271 2445
272 936
273 66
274 2816
275 788
276 2735
277 936
278 817
279 2260
280 487
281 2787
282 2270
283 793
284 2936
285 2883
286 1376
287 1190
288 2880
289 108
290 148
291 1941
292 1474
293 1057
294 2967
295 860
296 954
297 917
298 1066
299 1865
300 2126
301 1396
302 2055
303 898
304 274
305 903
306 2364

