180 14
0 893
1 1274
2 2394
3 1556
4 134
5 1083
6 908
7 2816
8 1765
9 2098
10 263
11 1979
12 851
13 1774
14 384
15 1939
16 429
17 830
18 2660
19 797
20 1681
21 701
22 694
23 2765
24 201
25 559
26 329
27 1822
28 2528
29 1090
30 1511
31 1176
32 879
33 2766
34 1547
35 76
36 956
37 1698
38 2102
39 2170
40 539
41 479
42 1643
43 93
44 872
45 596
46 1003
47 1873
48 1680
49 2397
50 290
51 321
52 2439
53 2756
54 597
55 2741
56 1802
57 917
58 673
59 1148
60 1135
61 825
62 1418
63 1997
64 1381
65 2308
66 53
67 2414
68 763
69 2849
70 2762
71 8
72 932
73 2548
74 2735
75 1011
76 101
77 178
78 289
79 748
80 2134
81 1159
82 2595
83 1472
84 2544
85 1415
86 2765
87 736
88 1587
89 2320
90 2355
91 978
92 1293
93 1898
94 1910
95 1841
96 2885
97 1120
98 622
99 1169
100 1713
101 580
102 1112
103 2352
104 2501
105 1220
106 61
107 1525
108 2545
109 2249
110 1086
111 1546
112 2545
113 134
114 2460
115 1225
116 1662
117 979
118 607
119 806
120 841
121 2971
122 34
123 2703
124 2663
125 2447
126 2461
127 2617
128 2661
129 1814
130 1457
131 2275
132 2816
133 2159
134 287
135 1746
136 82
137 407
138 382
139 2021
140 1850
141 1062
142 1649
143 2373
144 1163
145 309
146 68
147 350
148 1652
149 2321
150 677
151 2066
152 803
153 2881
154 170
155 862
156 1758
157 50
158 605
159 1411
160 2829
161 418
162 366
163 662
164 2756
165 2530
166 1240
167 1802
168 360
169 2332
170 405
171 2903
172 1981
173 1509
174 1686
175 1055
176 630
177 419
178 2955
179 2056

