178 91
0 2228
1 950
2 1516
3 344
4 1520
5 2820
6 526
7 2013
8 2143
9 1772
10 1032
11 2300
12 709
13 912
14 298
15 1783
16 2400
17 961
18 2342
19 188
20 2737
21 1244
22 1951
23 2943
24 2684
25 1615
26 1943
27 836
28 399
29 375
30 993
31 1495
32 364
33 992
34 185
35 2692
36 2991
37 2510
38 1474
39 1844
40 2288
41 2063
42 1963
43 680
44 808
45 1424
46 1135
47 2805
48 2057
49 836
50 2535
51 496
52 322
53 2961
54 2648
55 1066
56 272
57 6
58 1809
59 1842
60 2192
61 1650
62 1374
63 1562
64 2806
65 2052
66 1966
67 1627
68 2232
69 1587
70 979
71 108
72 1123
73 1918
74 136
75 2864
76 2819
77 508
78 244
79 2120
80 2826
81 2523
82 1436
83 2530
84 1405
85 407
86 2794
87 757
88 2860
89 2342
90 2867
91 469
92 2258
93 168
94 2831
95 2979
96 232
97 2157
98 1516
99 1277
100 2839
101 2709
102 1503
103 2681
104 278
105 223
106 487
107 2851
108 981
109 1148
110 1449
111 608
112 1418
113 984
114 258
115 665
116 2838
117 510
118 1598
119 624
120 1991
121 358
122 1188
123 1137
124 687
125 753
126 867
127 170
128 1662
129 919
130 309
131 2381
132 703
133 689
134 2163
135 757
136 1836
137 2042
138 149
139 295
140 429
141 459
142 2832
143 1062
144 1324
145 436
146 39
147 122
148 2241
149 563
150 1694
151 1653
152 2821
153 1165
154 803
155 1787
156 1490
157 689
158 2781
159 2886
160 1242
161 1556
162 2153
163 2420
164 2765
165 1704
166 1349
167 872
168 2668
169 1051
170 2407
171 1115
172 1387
173 1182
174 1534
175 294
176 1807
177 2256

