283 37
0 1269
1 1625
2 173
3 850
4 783
5 6
6 2872
7 2462
8 1222
9 2433
10 883
11 1772
12 276
13 2737
14 1888
15 1504
16 992
17 2788
18 2225
19 2436
20 2936
21 2540
22 1128
23 2910
24 467
25 2348
26 2210
27 1123
28 2835
29 1975
30 120
31 1553
32 473
33 1901
34 2063
35 75
36 2689
37 1832
38 64
39 2050
40 2148
41 2667
42 2809
43 2548
44 2460
45 2407
46 620
47 1227
48 2830
49 2984
50 556
51 726
52 102
53 2562
54 1862
55 1746
56 2855
57 1896
58 430
59 1723
60 1836
61 1844
62 611
63 2534
64 1384
65 2813
66 1424
67 390
68 496
69 1502
70 1402
71 1862
72 2631
73 762
74 2065
75 1657
76 695
77 2088
78 1177
79 262
80 2893
81 186
82 2069
83 2631
84 130
85 522
86 2217
87 1124
88 2445
89 163
90 212
91 2646
92 1337
93 148
94 315
95 1660
96 1816
97 1654
98 1740
99 1993
100 736
101 1102
102 965
103 2681
104 2676
105 506
106 2196
107 2671
108 2961
109 1893
110 2403
111 144
112 2779
113 984
114 2656
115 670
116 2606
117 1340
118 473
119 1192
120 980
121 327
122 1183
123 1570
124 797
125 1297
126 545
127 1800
128 2578
129 2520
130 1736
131 1000
132 2761
133 2794
134 2559
135 2085
136 388
137 60
138 166
139 48
140 1901
141 932
142 2332
143 1250
144 1974
145 1624
146 2353
147 1636
148 733
149 2162
150 756
151 2657
152 1765
153 2658
154 578
155 537
156 705
157 904
158 1759
159 548
160 1773
161 2055
162 905
163 659
164 1472
165 2756
166 2064
167 2315
168 382
169 1438
170 228
171 1903
172 1833
173 521
174 884
175 491
176 821
177 2871
178 239
179 2587
180 2477
181 2946
182 2045
183 2931
184 1193
185 1889
186 236
187 277
188 1715
189 2183
190 1816
191 2330
192 2351
193 1609
194 2786
195 2246
196 43
197 2825
198 2815
199 1149
200 2195
201 270
202 2825
203 2488
204 2341
205 1224
206 1890
207 2830
208 1411
209 1605
210 2494
211 2452
212 2347
213 1689
214 2076
215 1623
216 2837
217 1078
218 2702
219 2643
220 1846
221 4
222 1632
223 1253
224 653
225 1953
226 1357
227 1574
228 1426
229 2993
230 1005
231 368
232 404
233 2399
234 1407
235 1342
236 2171
237 2654
238 525
239 2558
240 2757
241 2062
242 2559
243 1454
244 1818
245 594
246 1276
247 493
248 2180
249 2737
250 1804
251 1314
252 2937
253 355
254 1270
255 562
256 195
257 896
258 499
259 2116
260 990
261 408
262 191
263 2372
264 2961
265 821
266 297
267 146
268 470
269 1896
270 2873
271 843
272 377
273 868
274 2473
275 2067
276 2920
277 924
278 1307
279 1645
280 2772
281 2329
282 1164

