689 86
0 2861
1 2277
2 1607
3 2412
4 172
5 2956
6 2323
7 2227
8 86
9 2996
10 2163
11 2159
12 2277
13 1108
14 2899
15 1201
16 2516
17 320
18 2582
19 768
20 449
21 2349
22 2316
23 2532
24 56
25 298
26 591
27 2949
28 1790
29 560
30 2976
31 1040
32 2535
33 2099
34 1624
35 693
36 2818
37 529
38 1441
39 76
40 2026
41 464
42 2129
43 2480
44 1664
45 1262
46 1154
47 166
48 599
49 1550
50 1379
51 323
52 1016
53 1640
54 1275
55 1094
56 1285
57 2430
58 2951
59 785
60 1405
61 2378
62 234
63 2257
64 2732
65 2652
66 1225
67 457
68 36
69 1420
70 1156
71 2820
72 1230
73 1663
74 2689
75 435
76 2437
77 677
78 2841
79 764
80 2734
81 2197
82 2578
83 359
84 16
85 2649
86 2265
87 584
88 1905
89 1289
90 384
91 336
92 2123
93 1020
94 2410
95 2319
96 1832
97 168
98 92
99 1329
100 1146
101 1452
102 290
103 2735
104 647
105 2979
106 441
107 25
108 2166
109 2252
110 896
111 1954
112 2172
113 1701
114 12
115 250
116 571
117 2435
118 1290
119 1131
120 1911
121 1095
122 1364
123 1331
124 591
125 489
126 521
127 1312
128 2476
129 2723
130 1634
131 2617
132 658
133 2601
134 876
135 2589
136 2759
137 2570
138 1123
139 773
140 1240
141 1963
142 1814
143 1214
144 67
145 1587
146 630
147 1922
148 1071
149 444
150 2496
151 1763
152 306
153 938
154 1463
155 1062
156 913
157 1970
158 1733
159 2290
160 1564
161 36
162 2172
163 1959
164 305
165 395
166 1650
167 1527
168 2933
169 2878
170 1659
171 726
172 2732
173 1811
174 316
175 1180
176 1993
177 1567
178 728
179 2223
180 2964
181 1655
182 73
183 1123
184 1307
185 2744
186 1998
187 1137
188 2695
189 54
190 2982
191 1880
192 2508
193 2598
194 2594
195 2102
196 2840
197 706
198 2050
199 2755
200 2217
201 996
202 1047
203 2723
204 1460
205 2415
206 2823
207 365
208 1165
209 941
210 872
211 2977
212 1137
213 907
214 2736
215 1056
216 2318
217 2967
218 1273
219 791
220 2661
221 1235
222 1572
223 1363
224 1519
225 1851
226 1376
227 809
228 1028
229 2397
230 367
231 1555
232 666
233 2231
234 816
235 2273
236 2012
237 38
238 1484
239 2024
240 330
241 1609
242 703
243 444
244 2603
245 1782
246 2335
247 1954
248 1437
249 1394
250 1107
251 2187
252 1151
253 127
254 2893
255 787
256 2540
257 1908
258 1901
259 219
260 2905
261 2270
262 2706
263 2701
264 817
265 845
266 434
267 79
268 477
269 114
270 1249
271 2181
272 2337
273 2031
274 1686
275 247
276 351
277 330
278 1141
279 2434
280 1070
281 1472
282 2550
283 730
284 1220
285 908
286 2185
287 1597
288 260
289 73
290 2735
291 525
292 1231
293 968
294 1294
295 1755
296 2797
297 639
298 1793
299 430
300 2981
301 2583
302 1863
303 1618
304 1207
305 2672
306 1923
307 1194
308 724
309 1494
310 1466
311 740
312 1646
313 539
314 2858
315 1529
316 1644
317 1816
318 2322
319 2746
320 1210
321 2424
322 520
323 1104
324 1395
325 2142
326 2032
327 411
328 362
329 1354
330 1761
331 1060
332 788
333 322
334 2687
335 1920
336 1389
337 1627
338 2982
339 2050
340 520
341 1824
342 721
343 1816
344 2307
345 1755
346 850
347 2575
348 964
349 820
350 1915
351 756
352 2456
353 2259
354 2441
355 2554
356 1575
357 2918
358 833
359 360
360 2683
361 1493
362 1686
363 2795
364 664
365 2561
366 2695
367 2922
368 2376
369 1239
370 1939
371 1190
372 1461
373 276
374 2994
375 1420
376 1811
377 1994
378 56
379 161
380 2470
381 1821
382 1887
383 1241
384 969
385 1530
386 1853
387 2877
388 1634
389 1630
390 1698
391 628
392 1797
393 516
394 1508
395 922
396 2479
397 1968
398 1129
399 1497
400 2464
401 943
402 1636
403 1747
404 168
405 19
406 1218
407 680
408 1613
409 622
410 2906
411 1266
412 1563
413 1228
414 1336
415 260
416 2018
417 2779
418 1686
419 620
420 2015
421 1527
422 596
423 1830
424 813
425 1114
426 2979
427 1893
428 2432
429 2235
430 598
431 2833
432 709
433 796
434 44
435 1348
436 1271
437 1494
438 1916
439 2399
440 170
441 1504
442 2919
443 2841
444 1734
445 1779
446 696
447 2852
448 727
449 79
450 2338
451 1555
452 1880
453 2926
454 468
455 768
456 1542
457 2580
458 1488
459 2833
460 900
461 2814
462 2238
463 164
464 2990
465 1150
466 1367
467 579
468 1319
469 2975
470 1654
471 1206
472 604
473 739
474 2641
475 1408
476 2171
477 2529
478 2253
479 275
480 1060
481 125
482 2887
483 2577
484 2586
485 1454
486 401
487 1262
488 923
489 1336
490 1492
491 2481
492 2899
493 2251
494 1511
495 2481
496 1980
497 2542
498 953
499 2916
500 808
501 613
502 1371
503 2814
504 875
505 2757
506 2953
507 1657
508 1277
509 492
510 829
511 2507
512 696
513 2213
514 1400
515 2456
516 2602
517 1583
518 1203
519 2836
520 1853
521 647
522 1630
523 1592
524 357
525 2933
526 665
527 509
528 2598
529 831
530 1662
531 403
532 224
533 2190
534 147
535 2642
536 1430
537 2326
538 2133
539 1866
540 363
541 1210
542 622
543 2927
544 2477
545 1839
546 1114
547 545
548 2766
549 1035
550 1265
551 2535
552 2438
553 1160
554 946
555 1042
556 1955
557 2907
558 2498
559 2417
560 2161
561 2001
562 669
563 1530
564 322
565 1347
566 198
567 1591
568 1165
569 230
570 2721
571 2160
572 911
573 1634
574 72
575 2654
576 1385
577 2697
578 216
579 11
580 1374
581 1441
582 2247
583 1560
584 1485
585 2508
586 541
587 428
588 258
589 1423
590 1436
591 250
592 945
593 892
594 856
595 634
596 577
597 1726
598 461
599 1069
600 1636
601 26
602 78
603 1885
604 2822
605 1648
606 998
607 2804
608 718
609 1466
610 2053
611 1816
612 2967
613 1781
614 1670
615 2473
616 727
617 1135
618 957
619 1392
620 897
621 1881
622 1226
623 105
624 1014
625 1651
626 2106
627 76
628 1381
629 708
630 2584
631 179
632 2790
633 489
634 1838
635 2176
636 2290
637 968
638 1797
639 2077
640 273
641 1797
642 1324
643 1885
644 1159
645 2244
646 1080
647 1612
648 1036
649 2796
650 1478
651 2341
652 1837
653 926
654 2545
655 1347
656 348
657 2613
658 2190
659 2672
660 2879
661 463
662 1565
663 666
664 185
665 557
666 361
667 889
668 2413
669 910
670 2084
671 340
672 568
673 583
674 2905
675 2810
676 1699
677 1465
678 782
679 743
680 2140
681 1709
682 1954
683 710
684 821
685 2541
686 2281
687 1860
688 828

