637 50
0 1679
1 2374
2 2515
3 2844
4 262
5 1425
6 78
7 2214
8 113
9 1297
10 597
11 1111
12 1238
13 2358
14 1292
15 2169
16 2229
17 1743
18 1996
19 2842
20 2382
21 1577
22 237
23 435
24 1884
25 1620
26 229
27 959
28 1515
29 856
30 1178
31 2082
32 2279
33 1294
34 1060
35 1309
36 82
37 1941
38 2096
39 659
40 511
41 948
42 1250
43 1512
44 2954
45 86
46 2462
47 1971
48 1925
49 1992
50 939
51 1727
52 2251
53 1805
54 2010
55 1029
56 139
57 1280
58 2239
59 2820
60 484
61 1467
62 1530
63 2471
64 1021
65 2769
66 1403
67 921
68 1384
69 1856
70 2442
71 1616
72 192
73 1939
74 1229
75 1900
76 2672
77 2499
78 2332
79 2967
80 1417
81 620
82 947
83 4
84 1799
85 552
86 1249
87 2685
88 87
89 898
90 844
91 2049
92 1526
93 2127
94 1479
95 142
96 547
97 1560
98 2665
99 1339
100 936
101 1670
102 117
103 975
104 1378
105 2962
106 1135
107 1571
108 1273
109 2700
110 2360
111 2313
112 2193
113 2062
114 1425
115 2662
116 2137
117 920
118 461
119 78
120 713
121 2857
122 1768
123 118
124 2457
125 381
126 2450
127 1940
128 2394
129 139
130 1483
131 1307
132 2785
133 2651
134 1561
135 2222
136 1073
137 2077
138 813
139 1727
140 25
141 1651
142 1152
143 1548
144 2914
145 2276
146 2468
147 1337
148 1364
149 520
150 1703
151 168
152 2861
153 1504
154 62
155 997
156 1036
157 1195
158 269
159 1902
160 2644
161 1111
162 2090
163 331
164 150
165 2574
166 2305
167 2706
168 1034
169 681
170 2075
171 1919
172 2449
173 888
174 2443
175 1322
176 962
177 529
178 1372
179 706
180 2285
181 854
182 190
183 594
184 2518
185 646
186 621
187 1390
188 1289
189 2273
190 1346
191 1416
192 2615
193 234
194 2946
195 1338
196 1950
197 2101
198 178
199 892
200 1270
201 2427
202 2571
203 2994
204 1993
205 2536
206 1811
207 2508
208 1039
209 1304
210 245
211 1471
212 1352
213 1051
214 1518
215 953
216 848
217 2908
218 2620
219 682
220 1095
221 248
222 1225
223 2918
224 204
225 2614
226 1478
227 2330
228 1146
229 2760
230 2954
231 973
232 1112
233 549
234 1500
235 2363
236 1820
237 1495
238 1293
239 779
240 2131
241 1724
242 1967
243 807
244 908
245 183
246 2356
247 788
248 1908
249 1257
250 2954
251 1257
252 270
253 2650
254 1353
255 2940
256 1393
257 2746
258 1828
259 562
260 2350
261 1227
262 1128
263 1055
264 1356
265 1055
266 2219
267 1151
268 1844
269 548
270 2582
271 2464
272 850
273 889
274 2392
275 816
276 946
277 757
278 1559
279 1080
280 565
281 1975
282 2958
283 2745
284 2980
285 2108
286 1028
287 1179
288 436
289 1410
290 860
291 164
292 592
293 2718
294 1058
295 2336
296 2400
297 1519
298 1047
299 1820
300 901
301 1567
302 1516
303 2245
304 11
305 522
306 2432
307 2597
308 1635
309 1125
310 2577
311 302
312 1488
313 2146
314 58
315 1594
316 2393
317 2358
318 500
319 2924
320 460
321 2160
322 756
323 1523
324 2556
325 1636
326 2853
327 2268
328 16
329 1986
330 2503
331 520
332 2309
333 267
334 1314
335 222
336 117
337 1977
338 1158
339 2849
340 1969
341 688
342 1913
343 1821
344 2706
345 1001
346 1165
347 519
348 2868
349 2133
350 2283
351 2048
352 811
353 620
354 8
355 2618
356 2573
357 2703
358 1704
359 1687
360 906
361 2553
362 2784
363 2683
364 1535
365 1986
366 1716
367 982
368 1995
369 232
370 969
371 2178
372 29
373 1195
374 2024
375 2302
376 1880
377 1614
378 1793
379 2217
380 756
381 1528
382 333
383 2478
384 540
385 1769
386 452
387 375
388 2693
389 418
390 2407
391 1395
392 2450
393 1527
394 1191
395 823
396 800
397 719
398 2597
399 2874
400 1432
401 1577
402 682
403 1911
404 830
405 746
406 671
407 1537
408 1546
409 1238
410 76
411 2787
412 295
413 2987
414 466
415 1983
416 2956
417 565
418 2942
419 1922
420 441
421 487
422 2203
423 641
424 2995
425 1491
426 1241
427 1451
428 2472
429 1726
430 1422
431 2741
432 2253
433 2477
434 13
435 751
436 1515
437 521
438 1698
439 2655
440 1923
441 995
442 845
443 1440
444 2007
445 1773
446 47
447 161
448 1536
449 1884
450 1608
451 2363
452 737
453 1292
454 2089
455 926
456 1309
457 1378
458 2514
459 1447
460 2106
461 2043
462 1355
463 2788
464 848
465 2231
466 149
467 1931
468 1768
469 834
470 1384
471 1840
472 1278
473 514
474 2846
475 1588
476 2544
477 816
478 2094
479 2457
480 353
481 1835
482 2460
483 2719
484 2363
485 2059
486 2173
487 2988
488 1861
489 757
490 352
491 2268
492 1629
493 767
494 2000
495 1974
496 1501
497 1478
498 228
499 2225
500 1312
501 291
502 1954
503 1755
504 2851
505 2072
506 2976
507 1380
508 489
509 1238
510 2611
511 2759
512 774
513 2978
514 314
515 2376
516 2725
517 2134
518 2415
519 1005
520 1478
521 2280
522 2394
523 2074
524 2239
525 876
526 1349
527 1103
528 555
529 2353
530 1127
531 2896
532 2924
533 721
534 686
535 623
536 1741
537 1025
538 1013
539 2726
540 2905
541 616
542 1543
543 1612
544 1794
545 1397
546 545
547 1925
548 2100
549 2524
550 614
551 55
552 2164
553 2852
554 941
555 2487
556 218
557 1280
558 1413
559 1012
560 2590
561 1446
562 2539
563 1189
564 2192
565 249
566 1417
567 1036
568 1022
569 2693
570 842
571 1152
572 845
573 1202
574 164
575 519
576 2781
577 204
578 61
579 1153
580 2137
581 1482
582 1100
583 1883
584 492
585 109
586 2610
587 2192
588 1954
589 226
590 1192
591 2191
592 1263
593 2575
594 1748
595 772
596 1212
597 37
598 2036
599 2811
600 1639
601 2926
602 2271
603 791
604 576
605 1338
606 2296
607 104
608 2972
609 1041
610 1982
611 1796
612 924
613 1659
614 141
615 1706
616 19
617 2396
618 370
619 2441
620 1947
621 2055
622 2242
623 9
624 2972
625 713
626 1273
627 269
628 2559
629 2041
630 1360
631 2406
632 1603
633 2893
634 11
635 190
636 502

