627 51
0 2294
1 2552
2 2834
3 2752
4 875
5 1443
6 2301
7 1902
8 103
9 2215
10 2671
11 1901
12 2238
13 2215
14 2564
15 1149
16 482
17 503
18 1526
19 2106
20 2671
21 2692
22 2535
23 2502
24 1568
25 1185
26 2977
27 2102
28 1728
29 518
30 1338
31 1485
32 1039
33 1177
34 1976
35 1385
36 1396
37 2315
38 2666
39 438
40 2694
41 2477
42 2767
43 2628
44 1948
45 219
46 2634
47 1253
48 2842
49 2393
50 2851
51 1055
52 1963
53 631
54 120
55 307
56 1853
57 566
58 2174
59 421
60 2510
61 466
62 1789
63 2648
64 1420
65 1267
66 2915
67 1604
68 1445
69 1404
70 2377
71 2230
72 20
73 1752
74 366
75 195
76 1498
77 2023
78 1462
79 531
80 2833
81 828
82 1291
83 1
84 1370
85 2602
86 1987
87 72
88 1806
89 1081
90 2105
91 1196
92 1125
93 201
94 2386
95 1574
96 290
97 1804
98 2202
99 1509
100 2513
101 573
102 2040
103 1356
104 2038
105 2152
106 2699
107 2051
108 60
109 2620
110 1010
111 1678
112 2510
113 1442
114 2705
115 1603
116 902
117 1573
118 404
119 2574
120 681
121 353
122 41
123 2602
124 840
125 874
126 2243
127 1338
128 824
129 1998
130 367
131 1445
132 2898
133 1951
134 457
135 1689
136 1463
137 1346
138 580
139 783
140 410
141 2913
142 557
143 1967
144 1209
145 2918
146 1821
147 422
148 522
149 2643
150 1806
151 2624
152 710
153 783
154 2408
155 2546
156 1486
157 951
158 1353
159 70
160 468
161 1546
162 1534
163 1822
164 17
165 24
166 119
167 2877
168 1668
169 2080
170 1383
171 356
172 1233
173 2532
174 2425
175 2497
176 177
177 2138
178 1665
179 77
180 923
181 2332
182 2335
183 1074
184 737
185 2669
186 2304
187 2319
188 914
189 1378
190 476
191 732
192 678
193 381
194 75
195 1090
196 1898
197 2724
198 584
199 52
200 537
201 849
202 2365
203 1254
204 2487
205 2918
206 942
207 2019
208 1874
209 2418
210 2440
211 390
212 593
213 534
214 599
215 2105
216 1565
217 2104
218 1427
219 1328
220 1897
221 658
222 2197
223 1669
224 107
225 1794
226 1953
227 1580
228 2829
229 1892
230 1398
231 2189
232 855
233 1187
234 2436
235 1004
236 2997
237 1136
238 660
239 979
240 2518
241 1372
242 2445
243 2826
244 1603
245 82
246 1599
247 2125
248 513
249 1565
250 2939
251 2697
252 1591
253 1092
254 1425
255 2771
256 1594
257 493
258 2670
259 1497
260 1381
261 103
262 383
263 1278
264 2551
265 1517
266 123
267 572
268 2060
269 2707
270 2358
271 185
272 2841
273 2402
274 1972
275 2041
276 2386
277 1039
278 2593
279 441
280 126
281 795
282 1011
283 2714
284 185
285 2207
286 2836
287 1821
288 554
289 246
290 104
291 855
292 1369
293 2940
294 1149
295 92
296 1568
297 1923
298 1393
299 2304
300 104
301 35
302 1140
303 470
304 1142
305 678
306 913
307 2615
308 114
309 1035
310 1379
311 1850
312 1056
313 1782
314 2107
315 510
316 2391
317 1735
318 905
319 2162
320 1644
321 859
322 148
323 2883
324 61
325 2886
326 93
327 2811
328 2740
329 2956
330 1880
331 1233
332 1377
333 262
334 151
335 1629
336 2516
337 2175
338 202
339 176
340 639
341 2143
342 1265
343 1410
344 2471
345 1567
346 2992
347 2281
348 1249
349 316
350 1879
351 1665
352 563
353 102
354 1498
355 1871
356 991
357 1361
358 1631
359 715
360 417
361 1180
362 2253
363 1499
364 1673
365 1008
366 2171
367 807
368 2027
369 138
370 807
371 2023
372 124
373 2776
374 2421
375 1074
376 2070
377 1507
378 2326
379 338
380 1076
381 1285
382 449
383 1717
384 2520
385 76
386 988
387 1281
388 1686
389 2813
390 1151
391 237
392 889
393 2612
394 808
395 2404
396 2445
397 1429
398 1824
399 2737
400 2294
401 445
402 2346
403 52
404 2521
405 2360
406 2359
407 379
408 610
409 1576
410 2534
411 769
412 1888
413 1177
414 1041
415 2135
416 1738
417 2463
418 879
419 1600
420 2323
421 2375
422 2019
423 842
424 1814
425 2650
426 428
427 2326
428 1372
429 743
430 2364
431 1303
432 168
433 1237
434 2402
435 2176
436 206
437 444
438 2387
439 2918
440 2912
441 279
442 321
443 2390
444 120
445 682
446 492
447 2883
448 1790
449 13
450 149
451 612
452 1398
453 339
454 243
455 1
456 2009
457 1614
458 2660
459 1264
460 2326
461 1570
462 96
463 2444
464 2260
465 2701
466 55
467 2727
468 84
469 1754
470 1003
471 1938
472 856
473 144
474 2312
475 2587
476 998
477 335
478 2002
479 2696
480 713
481 1689
482 509
483 970
484 1507
485 1804
486 1651
487 369
488 2564
489 2710
490 2285
491 989
492 2962
493 1513
494 743
495 1077
496 2345
497 929
498 1654
499 18
500 2581
501 1355
502 2299
503 511
504 24
505 2619
506 231
507 2826
508 283
509 2311
510 1994
511 1391
512 779
513 1640
514 663
515 617
516 866
517 612
518 2852
519 1060
520 1946
521 1946
522 2472
523 2307
524 2139
525 1211
526 1281
527 1100
528 1333
529 713
530 2752
531 1380
532 1990
533 765
534 394
535 1085
536 1211
537 52
538 1044
539 1013
540 155
541 1240
542 1440
543 468
544 1357
545 687
546 1526
547 1321
548 140
549 2950
550 223
551 1434
552 812
553 588
554 2915
555 1087
556 2738
557 2848
558 115
559 2268
560 2223
561 139
562 1670
563 2636
564 1705
565 2439
566 2630
567 920
568 2415
569 1494
570 1553
571 2867
572 201
573 1722
574 2155
575 1645
576 593
577 2104
578 134
579 1626
580 906
581 2183
582 642
583 1114
584 1550
585 1820
586 2632
587 1706
588 2972
589 1130
590 1565
591 633
592 2425
593 1009
594 1947
595 2627
596 128
597 963
598 162
599 1750
600 2426
601 594
602 1443
603 1171
604 980
605 1648
606 2250
607 1773
608 384
609 2417
610 421
611 1601
612 1367
613 2598
614 900
615 2753
616 1383
617 1712
618 2518
619 1425
620 164
621 1721
622 2055
623 410
624 1681
625 1148
626 1903

