894 94
0 2268
1 2490
2 2572
3 1280
4 1594
5 1911
6 922
7 1670
8 1187
9 183
10 411
11 88
12 2946
13 235
14 1026
15 2735
16 2403
17 682
18 2749
19 45
20 80
21 705
22 1761
23 573
24 2247
25 2668
26 2012
27 2940
28 2891
29 1762
30 959
31 2252
32 1063
33 717
34 799
35 2029
36 2536
37 1041
38 920
39 1489
40 2138
41 841
42 2667
43 248
44 1754
45 1031
46 2859
47 212
48 2365
49 1362
50 2503
51 486
52 142
53 1107
54 490
55 435
56 2275
57 66
58 126
59 2449
60 2127
61 1333
62 485
63 846
64 2322
65 1628
66 1221
67 1130
68 1713
69 818
70 63
71 346
72 641
73 955
74 1634
75 121
76 534
77 1899
78 2794
79 1160
80 1342
81 1592
82 1018
83 1098
84 1395
85 2932
86 290
87 886
88 645
89 720
90 731
91 1602
92 2549
93 1993
94 1560
95 1799
96 2004
97 2271
98 1144
99 916
100 1577
101 2940
102 2215
103 940
104 1972
105 1840
106 2268
107 2182
108 254
109 2176
110 1748
111 2418
112 302
113 113
114 630
115 351
116 2597
117 380
118 1077
119 149
120 2301
121 1107
122 2708
123 1931
124 1250
125 1619
126 2407
127 2725
128 1132
129 899
130 370
131 2328
132 1069
133 2119
134 2573
135 773
136 587
137 1161
138 2250
139 1718
140 1765
141 2915
142 760
143 2443
144 2987
145 2219
146 2032
147 1254
148 229
149 2035
150 630
151 2277
152 1179
153 2221
154 2566
155 1347
156 406
157 2606
158 213
159 1636
160 16
161 2856
162 666
163 2366
164 2510
165 2602
166 1070
167 1180
168 2844
169 873
170 2371
171 821
172 1839
173 763
174 1393
175 2911
176 2025
177 2188
178 131
179 2916
180 127
181 2997
182 1748
183 985
184 314
185 1066
186 915
187 874
188 2190
189 1411
190 338
191 1540
192 1685
193 2533
194 1838
195 1621
196 1871
197 252
198 267
199 1416
200 212
201 1645
202 1613
203 618
204 2316
205 2078
206 883
207 1032
208 2938
209 2247
210 1171
211 2526
212 1014
213 1377
214 2194
215 2795
216 189
217 2421
218 2943
219 103
220 1342
221 1606
222 2019
223 2922
224 2154
225 2935
226 2305
227 2664
228 2673
229 1119
230 2285
231 312
232 1867
233 1725
234 1550
235 2114
236 1458
237 604
238 1261
239 177
240 91
241 656
242 1553
243 2349
244 2875
245 2233
246 2478
247 859
248 2291
249 2050
250 1066
251 487
252 2734
253 2093
254 2199
255 2241
256 894
257 2382
258 2083
259 1979
260 215
261 1939
262 496
263 294
264 2910
265 1185
266 2838
267 2035
268 2599
269 191
270 1863
271 2664
272 111
273 2104
274 1556
275 1490
276 1651
277 1441
278 1004
279 760
280 643
281 2218
282 1470
283 607
284 206
285 2207
286 2887
287 404
288 2182
289 466
290 10
291 1716
292 2267
293 1312
294 1761
295 632
296 956
297 2456
298 273
299 141
300 768
301 1940
302 2753
303 1086
304 1196
305 941
306 426
307 2005
308 2898
309 2616
310 136
311 2063
312 2678
313 2794
314 1759
315 2460
316 2681
317 2924
318 1140
319 618
320 787
321 40
322 1666
323 2522
324 1783
325 726
326 888
327 1400
328 1864
329 1902
330 1505
331 927
332 1788
333 527
334 1846
335 889
336 2826
337 2567
338 2010
339 1221
340 2698
341 145
342 2678
343 82
344 764
345 2208
346 821
347 2221
348 635
349 284
350 2046
351 1294
352 2571
353 745
354 2656
355 2402
356 1961
357 1277
358 2320
359 834
360 1177
361 725
362 1998
363 1344
364 2192
365 2579
366 2521
367 36
368 2413
369 2930
370 2104
371 2800
372 2559
373 1371
374 1884
375 2968
376 2907
377 1479
378 1336
379 1252
380 2921
381 542
382 2550
383 2618
384 1862
385 358
386 2416
387 477
388 1176
389 1199
390 2927
391 1745
392 828
393 600
394 2371
395 582
396 1375
397 2426
398 1573
399 1371
400 677
401 939
402 1056
403 2640
404 2202
405 1267
406 378
407 2964
408 268
409 1045
410 2835
411 391
412 1980
413 48
414 599
415 2563
416 2157
417 1352
418 1941
419 1611
420 385
421 213
422 1107
423 1753
424 1663
425 2240
426 1813
427 2367
428 1668
429 2920
430 936
431 1316
432 2614
433 1188
434 1421
435 1726
436 771
437 398
438 2630
439 205
440 830
441 2558
442 1981
443 245
444 1380
445 1693
446 1847
447 2139
448 2098
449 30
450 1981
451 2626
452 2107
453 1787
454 1983
455 285
456 1812
457 2525
458 2594
459 1573
460 19
461 2560
462 2127
463 1176
464 1193
465 2077
466 2376
467 2297
468 1959
469 2862
470 1134
471 540
472 2644
473 94
474 1948
475 2475
476 1207
477 2912
478 1918
479 1502
480 1592
481 1106
482 2200
483 1875
484 2763
485 1810
486 1365
487 1657
488 667
489 2133
490 2593
491 1176
492 2154
493 1285
494 2634
495 991
496 291
497 518
498 1623
499 2912
500 2390
501 1043
502 441
503 1857
504 1858
505 4
506 1006
507 2468
508 2201
509 1039
510 1803
511 2809
512 2404
513 2044
514 1757
515 2098
516 73
517 1896
518 999
519 2023
520 861
521 2173
522 2495
523 2975
524 2949
525 1564
526 1272
527 2272
528 2465
529 2962
530 2379
531 1087
532 1008
533 2455
534 1261
535 323
536 2103
537 288
538 2707
539 1010
540 2652
541 1277
542 2142
543 2284
544 1365
545 1529
546 140
547 2230
548 1708
549 1056
550 2629
551 959
552 116
553 1829
554 1270
555 2739
556 329
557 1819
558 815
559 1313
560 262
561 1755
562 2213
563 76
564 2657
565 347
566 2232
567 2078
568 2545
569 2064
570 735
571 327
572 539
573 203
574 955
575 2939
576 1439
577 868
578 431
579 1369
580 261
581 1901
582 1319
583 584
584 2940
585 585
586 2777
587 1840
588 2324
589 1888
590 2097
591 630
592 2480
593 1915
594 44
595 2315
596 2481
597 725
598 1737
599 21
600 1114
601 1580
602 3
603 1000
604 838
605 2857
606 1437
607 2960
608 263
609 2191
610 2064
611 2829
612 118
613 2830
614 1328
615 2242
616 1153
617 2528
618 2794
619 1376
620 2992
621 1003
622 1376
623 1459
624 2548
625 679
626 1699
627 438
628 2047
629 657
630 1064
631 990
632 2564
633 1371
634 2892
635 2486
636 148
637 648
638 382
639 653
640 816
641 1280
642 1719
643 609
644 274
645 1098
646 341
647 1819
648 1493
649 476
650 1997
651 636
652 835
653 2444
654 964
655 2805
656 1477
657 2368
658 222
659 2356
660 2540
661 348
662 901
663 2227
664 1233
665 636
666 1815
667 839
668 2000
669 2768
670 1359
671 1024
672 2929
673 1956
674 685
675 1269
676 2593
677 57
678 1828
679 1345
680 1249
681 2042
682 1474
683 2740
684 278
685 13
686 620
687 1333
688 194
689 1004
690 2885
691 1767
692 1441
693 1869
694 1157
695 767
696 2379
697 1537
698 2062
699 255
700 2862
701 1388
702 2750
703 1078
704 697
705 383
706 2234
707 1509
708 2142
709 2243
710 2288
711 1495
712 2984
713 2606
714 784
715 761
716 2190
717 19
718 229
719 2593
720 2359
721 2519
722 2138
723 2760
724 2367
725 1611
726 2215
727 2198
728 2017
729 2402
730 1964
731 2591
732 1
733 1282
734 656
735 984
736 393
737 830
738 1754
739 1865
740 1875
741 472
742 974
743 1071
744 2821
745 2370
746 568
747 2838
748 2573
749 2921
750 2442
751 879
752 1714
753 901
754 696
755 918
756 2036
757 1257
758 2961
759 186
760 1544
761 1970
762 1803
763 1880
764 2248
765 988
766 2765
767 1514
768 2246
769 2123
770 737
771 990
772 1221
773 1021
774 2202
775 2822
776 1110
777 2616
778 1311
779 1947
780 1020
781 1658
782 1626
783 440
784 2251
785 653
786 1755
787 2650
788 159
789 2354
790 197
791 2518
792 1038
793 683
794 1598
795 637
796 2045
797 2855
798 2329
799 564
800 1272
801 2010
802 741
803 918
804 2272
805 1720
806 605
807 1439
808 2092
809 55
810 113
811 1238
812 2079
813 832
814 1376
815 793
816 539
817 1558
818 2678
819 1233
820 62
821 10
822 329
823 1751
824 884
825 1227
826 784
827 2072
828 1426
829 1922
830 1930
831 1334
832 2172
833 2548
834 1016
835 2953
836 102
837 865
838 1944
839 2474
840 2345
841 818
842 2475
843 68
844 1826
845 1008
846 1367
847 1734
848 1734
849 868
850 1968
851 2274
852 1919
853 497
854 240
855 2929
856 1250
857 2818
858 626
859 393
860 2049
861 2387
862 1491
863 2480
864 917
865 771
866 1046
867 1222
868 2986
869 2021
870 630
871 2948
872 693
873 2485
874 639
875 1504
876 549
877 2757
878 2451
879 762
880 1287
881 1211
882 2279
883 309
884 1048
885 328
886 1730
887 1476
888 596
889 856
890 408
891 1542
892 2566
893 1952

