612 87
0 1343
1 2562
2 1737
3 1404
4 89
5 683
6 2037
7 1467
8 409
9 1577
10 1219
11 635
12 2481
13 2945
14 2938
15 1508
16 747
17 2811
18 1991
19 1248
20 67
21 409
22 1996
23 1558
24 710
25 1808
26 2957
27 2235
28 2054
29 1934
30 2225
31 2723
32 914
33 2312
34 704
35 2306
36 945
37 784
38 1429
39 2332
40 666
41 1459
42 1744
43 1390
44 2619
45 846
46 719
47 2185
48 1336
49 1064
50 934
51 26
52 1456
53 1028
54 2731
55 181
56 1263
57 2230
58 231
59 2915
60 1872
61 1877
62 2653
63 301
64 671
65 1856
66 2957
67 994
68 2348
69 522
70 202
71 1429
72 1527
73 782
74 2134
75 598
76 1340
77 735
78 473
79 565
80 2628
81 2813
82 2704
83 734
84 2958
85 1240
86 1067
87 936
88 2043
89 472
90 1608
91 416
92 2176
93 1542
94 571
95 1018
96 685
97 681
98 652
99 2586
100 1388
101 2461
102 496
103 2628
104 27
105 224
106 591
107 1934
108 1206
109 1708
110 2477
111 2093
112 1676
113 1808
114 1653
115 1034
116 1874
117 2500
118 2220
119 463
120 2890
121 153
122 1328
123 2071
124 2177
125 1173
126 1147
127 1786
128 758
129 15
130 859
131 880
132 712
133 2037
134 944
135 1773
136 2564
137 74
138 963
139 2008
140 2749
141 2438
142 2682
143 1460
144 2645
145 1998
146 2492
147 2480
148 2387
149 1204
150 1424
151 1597
152 2685
153 19
154 1988
155 1376
156 229
157 2908
158 2186
159 1555
160 2766
161 247
162 829
163 1561
164 1847
165 2628
166 1549
167 2411
168 2894
169 1361
170 2627
171 2917
172 1500
173 2700
174 693
175 1124
176 2937
177 1690
178 2823
179 325
180 2784
181 1293
182 2657
183 2436
184 1621
185 1705
186 1724
187 461
188 802
189 702
190 2818
191 682
192 2256
193 639
194 1774
195 2536
196 743
197 623
198 1259
199 2334
200 2582
201 1353
202 527
203 2779
204 30
205 1177
206 354
207 1579
208 2214
209 2044
210 2160
211 2807
212 539
213 1753
214 2193
215 178
216 279
217 1164
218 325
219 1306
220 2391
221 1881
222 1843
223 2214
224 1003
225 256
226 1361
227 53
228 2778
229 2286
230 1729
231 1563
232 2106
233 1888
234 1349
235 372
236 893
237 2433
238 2877
239 2441
240 803
241 512
242 1402
243 2586
244 2736
245 2502
246 2416
247 1010
248 774
249 151
250 976
251 2385
252 2802
253 1206
254 404
255 2882
256 2607
257 448
258 1472
259 2270
260 1785
261 2230
262 1082
263 286
264 2730
265 366
266 2117
267 2592
268 2586
269 1863
270 2312
271 1279
272 2711
273 1534
274 1849
275 1208
276 513
277 1540
278 2871
279 134
280 2568
281 612
282 549
283 252
284 2016
285 570
286 1343
287 1796
288 270
289 1019
290 13
291 2091
292 582
293 380
294 2080
295 590
296 1595
297 923
298 1118
299 2830
300 1394
301 662
302 827
303 1138
304 1517
305 2964
306 94
307 1457
308 1972
309 1163
310 545
311 2974
312 726
313 866
314 1860
315 121
316 1880
317 1491
318 1686
319 66
320 2225
321 2206
322 2402
323 2175
324 805
325 154
326 1966
327 2574
328 2428
329 2685
330 217
331 2429
332 287
333 1357
334 832
335 143
336 2466
337 2541
338 1370
339 2833
340 1823
341 313
342 1992
343 726
344 2079
345 1086
346 2241
347 324
348 1700
349 2480
350 270
351 930
352 1314
353 1188
354 1509
355 2394
356 2702
357 1331
358 1097
359 2314
360 1171
361 2550
362 1685
363 1511
364 960
365 244
366 1459
367 798
368 984
369 1766
370 303
371 2341
372 877
373 52
374 1712
375 2772
376 816
377 1932
378 2101
379 1711
380 2709
381 871
382 2050
383 1426
384 2032
385 2863
386 1693
387 2621
388 238
389 1595
390 531
391 10
392 2620
393 995
394 1210
395 1920
396 2472
397 1004
398 1675
399 282
400 1051
401 2172
402 1698
403 2392
404 221
405 619
406 1905
407 676
408 1503
409 1598
410 2104
411 2551
412 2681
413 2116
414 110
415 2176
416 2846
417 841
418 195
419 166
420 2104
421 75
422 2613
423 1029
424 824
425 1111
426 1360
427 2840
428 135
429 704
430 1626
431 1991
432 2820
433 1782
434 2183
435 595
436 1112
437 79
438 1916
439 2646
440 557
441 623
442 712
443 1865
444 2753
445 854
446 1881
447 2072
448 1946
449 1491
450 1186
451 269
452 162
453 1315
454 2106
455 287
456 106
457 1476
458 1898
459 1163
460 2863
461 2988
462 2745
463 2656
464 269
465 2348
466 883
467 1478
468 32
469 1133
470 276
471 1792
472 1083
473 1452
474 2350
475 2058
476 2462
477 2484
478 963
479 2959
480 467
481 1409
482 1528
483 688
484 2355
485 394
486 245
487 675
488 315
489 968
490 836
491 545
492 553
493 1169
494 1585
495 1841
496 2362
497 1787
498 954
499 2099
500 211
501 937
502 2913
503 1148
504 1314
505 114
506 1872
507 1087
508 2681
509 575
510 633
511 1648
512 2304
513 1112
514 624
515 2796
516 2833
517 1045
518 376
519 1792
520 1928
521 1639
522 2416
523 1574
524 287
525 2654
526 2128
527 891
528 1600
529 166
530 836
531 2163
532 1147
533 2269
534 2471
535 1596
536 2347
537 94
538 757
539 2447
540 957
541 523
542 1649
543 505
544 24
545 2971
546 2979
547 1446
548 2395
549 524
550 706
551 505
552 2087
553 2905
554 1548
555 2231
556 1071
557 2542
558 721
559 1047
560 403
561 135
562 2416
563 282
564 1122
565 820
566 343
567 415
568 2274
569 1847
570 1185
571 91
572 1301
573 1242
574 1676
575 833
576 1176
577 2944
578 1935
579 917
580 2208
581 2236
582 2928
583 415
584 1047
585 2196
586 470
587 2774
588 1852
589 1136
590 851
591 2841
592 314
593 804
594 584
595 676
596 759
597 1090
598 1234
599 329
600 1532
601 897
602 2683
603 2998
604 288
605 99
606 2223
607 1461
608 2905
609 1506
610 2386
611 2599

