74 68
0 1361
1 939
2 1624
3 87
4 554
5 618
6 2001
7 2525
8 2283
9 2553
10 1575
11 383
12 59
13 1429
14 2624
15 865
16 1831
17 634
18 808
19 1563
20 2496
21 95
22 2775
23 1152
24 2679
25 2905
26 131
27 923
28 1229
29 111
30 1510
31 2601
32 85
33 349
34 284
35 1732
36 872
37 2661
38 372
39 1700
40 845
41 995
42 2706
43 872
44 956
45 1499
46 1377
47 2840
48 2510
49 2273
50 2491
51 1864
52 175
53 718
54 197
55 1298
56 644
57 1443
58 2364
59 1319
60 2966
61 1
62 882
63 99
64 2662
65 403
66 2624
67 1970
68 1849
69 2870
70 1483
71 691
72 1987
73 71

