356 52
0 1065
1 784
2 424
3 615
4 379
5 1351
6 977
7 1368
8 2445
9 783
10 2067
11 1871
12 1043
13 1626
14 2225
15 1447
16 1950
17 1134
18 1014
19 912
20 49
21 524
22 1416
23 254
24 1152
25 729
26 1658
27 534
28 2092
29 2364
30 1320
31 1795
32 2639
33 823
34 1267
35 512
36 2266
37 531
38 645
39 884
40 500
41 1305
42 18
43 1946
44 1339
45 1203
46 626
47 1281
48 2802
49 2418
50 545
51 20
52 1880
53 2076
54 1106
55 2133
56 789
57 1097
58 1109
59 2958
60 286
61 922
62 2722
63 2369
64 383
65 2673
66 2622
67 1045
68 852
69 48
70 1255
71 922
72 1657
73 2907
74 1944
75 1885
76 467
77 1310
78 1183
79 239
80 1081
81 1982
82 1854
83 723
84 2684
85 907
86 2672
87 2855
88 2927
89 2195
90 1159
91 725
92 126
93 810
94 361
95 2051
96 2572
97 1475
98 22
99 382
100 927
101 1008
102 1907
103 765
104 489
105 477
106 2507
107 1696
108 2842
109 514
110 1425
111 1280
112 356
113 737
114 349
115 139
116 280
117 2659
118 1231
119 905
120 2909
121 1516
122 783
123 1962
124 1836
125 91
126 543
127 292
128 1540
129 542
130 1328
131 1551
132 1185
133 1891
134 1805
135 1939
136 14
137 2367
138 1226
139 926
140 937
141 1879
142 2541
143 611
144 115
145 1954
146 1173
147 1055
148 1900
149 1338
150 1751
151 282
152 7
153 2983
154 875
155 286
156 2884
157 1572
158 2957
159 583
160 2468
161 2120
162 15
163 2250
164 2776
165 1804
166 453
167 2796
168 412
169 712
170 916
171 1934
172 443
173 149
174 2137
175 681
176 1598
177 539
178 2431
179 985
180 1150
181 48
182 2655
183 700
184 2667
185 1927
186 570
187 2650
188 477
189 27
190 1538
191 1260
192 1124
193 533
194 1816
195 44
196 613
197 1442
198 2987
199 1973
200 2544
201 1538
202 852
203 2833
204 1386
205 1838
206 1145
207 1107
208 1800
209 2218
210 956
211 543
212 803
213 2050
214 1712
215 2655
216 1009
217 1916
218 2778
219 560
220 114
221 1507
222 2180
223 2120
224 2921
225 835
226 770
227 1897
228 2572
229 30
230 2239
231 339
232 2105
233 830
234 1
235 2520
236 74
237 2982
238 372
239 2356
240 2156
241 347
242 907
243 1838
244 2238
245 1593
246 911
247 1177
248 297
249 1660
250 2278
251 1812
252 2401
253 1335
254 1722
255 185
256 2239
257 347
258 1219
259 2973
260 118
261 580
262 308
263 479
264 731
265 1167
266 175
267 2789
268 1202
269 2939
270 838
271 1567
272 2212
273 1472
274 1314
275 1436
276 2721
277 931
278 384
279 1367
280 270
281 512
282 473
283 1156
284 2022
285 515
286 1629
287 2781
288 2936
289 1079
290 885
291 2954
292 2912
293 2903
294 1714
295 2829
296 197
297 2780
298 1299
299 1850
300 2856
301 2176
302 971
303 952
304 173
305 650
306 1234
307 712
308 1836
309 2180
310 1612
311 2327
312 977
313 420
314 1040
315 580
316 2158
317 2304
318 2458
319 2267
320 1054
321 1882
322 1593
323 684
324 475
325 701
326 1139
327 2189
328 2607
329 1385
330 2931
331 1018
332 1538
333 462
334 2484
335 1278
336 1483
337 564
338 2327
339 1210
340 1507
341 2191
342 439
343 1970
344 2903
345 418
346 1205
347 2943
348 1392
349 2952
350 1288
351 345
352 1508
353 810
354 409
355 2737

