315 51
0 1964
1 2491
2 2868
3 2638
4 1292
5 136
6 1816
7 1989
8 1388
9 1773
10 2452
11 1135
12 70
13 1389
14 571
15 1072
16 1635
17 1438
18 2054
19 2614
20 1309
21 2607
22 2306
23 2591
24 1692
25 611
26 1792
27 2228
28 902
29 2683
30 716
31 386
32 262
33 1867
34 2655
35 1637
36 2991
37 2928
38 908
39 1953
40 1079
41 1456
42 1960
43 228
44 1022
45 2737
46 479
47 575
48 1675
49 1468
50 1606
51 2344
52 1449
53 2064
54 366
55 1822
56 861
57 1690
58 401
59 125
60 2999
61 986
62 133
63 989
64 1523
65 123
66 465
67 1832
68 1593
69 1534
70 1037
71 1457
72 2092
73 292
74 546
75 1593
76 2058
77 256
78 2446
79 643
80 2763
81 2373
82 573
83 207
84 2919
85 1414
86 2018
87 2464
88 959
89 1424
90 2431
91 1679
92 2069
93 246
94 1063
95 1466
96 2723
97 95
98 1784
99 2457
100 122
101 458
102 1096
103 1566
104 1124
105 2487
106 2913
107 1890
108 1809
109 2108
110 221
111 1572
112 1668
113 1043
114 2765
115 1264
116 1335
117 870
118 662
119 1409
120 217
121 45
122 2539
123 344
124 2360
125 372
126 1123
127 1060
128 2039
129 166
130 2007
131 2759
132 2274
133 1831
134 17
135 1754
136 1239
137 1540
138 2343
139 1935
140 2879
141 2126
142 1048
143 1212
144 951
145 1579
146 1850
147 522
148 468
149 188
150 2008
151 1091
152 1908
153 2443
154 702
155 118
156 59
157 2097
158 2071
159 2946
160 2050
161 1443
162 1303
163 183
164 1471
165 124
166 686
167 1354
168 2296
169 569
170 816
171 1177
172 1696
173 712
174 2556
175 1893
176 554
177 494
178 2154
179 2181
180 38
181 46
182 2685
183 2853
184 1521
185 2029
186 61
187 2621
188 1364
189 1586
190 1134
191 2627
192 288
193 358
194 2245
195 2606
196 2379
197 2629
198 1773
199 531
200 844
201 671
202 684
203 789
204 271
205 1611
206 589
207 1661
208 2048
209 2658
210 2418
211 2541
212 1273
213 495
214 1323
215 1029
216 1213
217 935
218 472
219 1206
220 2206
221 18
222 2435
223 2983
224 2047
225 2813
226 2607
227 1017
228 2495
229 896
230 2760
231 1010
232 1836
233 2125
234 960
235 2698
236 661
237 2289
238 2403
239 2140
240 2841
241 1747
242 1705
243 2541
244 820
245 2793
246 809
247 973
248 1235
249 1082
250 2857
251 208
252 2029
253 1589
254 701
255 111
256 1058
257 54
258 326
259 1602
260 2876
261 894
262 2014
263 304
264 1806
265 935
266 2356
267 1943
268 282
269 606
270 938
271 1057
272 2317
273 1460
274 2589
275 2501
276 2375
277 2103
278 458
279 1568
280 2303
281 639
282 1501
283 206
284 2719
285 185
286 1136
287 2481
288 708
289 736
290 363
291 2168
292 2558
293 1736
294 1805
295 2182
296 576
297 2904
298 576
299 1290
300 2484
301 430
302 2149
303 1774
304 2741
305 2199
306 1891
307 828
308 1203
309 6
310 2108
311 2753
312 2045
313 281
314 1233

