497 56
0 665
1 2782
2 325
3 2029
4 2360
5 670
6 735
7 1414
8 2846
9 2561
10 103
11 1979
12 1749
13 116
14 2652
15 1574
16 658
17 1293
18 16
19 985
20 1811
21 2373
22 866
23 1054
24 1735
25 2143
26 293
27 320
28 2830
29 393
30 2704
31 500
32 301
33 671
34 2187
35 647
36 2956
37 2995
38 1950
39 2230
40 187
41 739
42 1424
43 2267
44 2147
45 924
46 2050
47 2548
48 2552
49 2827
50 2299
51 898
52 1463
53 2017
54 2599
55 2176
56 621
57 2305
58 153
59 1241
60 1924
61 2100
62 1853
63 2163
64 927
65 1668
66 532
67 265
68 1786
69 1650
70 442
71 1984
72 1364
73 1809
74 927
75 1293
76 2400
77 2073
78 2852
79 691
80 1155
81 824
82 2467
83 976
84 2610
85 606
86 2894
87 1586
88 116
89 2362
90 1415
91 1107
92 2853
93 2842
94 642
95 929
96 1320
97 2040
98 1238
99 624
100 208
101 2457
102 795
103 1369
104 2862
105 426
106 1904
107 591
108 1168
109 2710
110 2391
111 1739
112 611
113 1847
114 1114
115 2709
116 1825
117 1671
118 20
119 592
120 2862
121 2864
122 62
123 1943
124 823
125 2167
126 422
127 1839
128 116
129 1254
130 660
131 636
132 2616
133 637
134 2049
135 854
136 1660
137 358
138 2929
139 1861
140 2267
141 489
142 283
143 992
144 1733
145 348
146 304
147 1352
148 861
149 1964
150 2188
151 1857
152 668
153 463
154 1285
155 1389
156 2330
157 2547
158 1770
159 1331
160 1732
161 2949
162 2373
163 2823
164 332
165 2923
166 2073
167 520
168 2685
169 2840
170 193
171 1252
172 2131
173 2909
174 2997
175 2295
176 886
177 1657
178 353
179 2783
180 907
181 1641
182 186
183 1739
184 2551
185 2364
186 491
187 1047
188 1271
189 1393
190 2871
191 1563
192 2832
193 132
194 869
195 2881
196 2701
197 884
198 2631
199 2243
200 1433
201 2937
202 2782
203 1819
204 2787
205 1808
206 2606
207 1924
208 2997
209 757
210 2190
211 2727
212 197
213 1466
214 1859
215 1104
216 1070
217 2477
218 2557
219 966
220 1275
221 1283
222 2973
223 2498
224 1343
225 1766
226 864
227 2730
228 217
229 1802
230 1338
231 2928
232 2263
233 2612
234 76
235 1046
236 618
237 588
238 2703
239 1786
240 268
241 1609
242 495
243 522
244 990
245 2101
246 1628
247 954
248 306
249 753
250 651
251 1303
252 1484
253 1994
254 1843
255 604
256 2893
257 2064
258 376
259 960
260 58
261 2623
262 1655
263 2090
264 1122
265 2087
266 121
267 2413
268 277
269 625
270 654
271 2383
272 627
273 1905
274 785
275 2152
276 2842
277 1491
278 2129
279 241
280 2696
281 1046
282 753
283 1763
284 1278
285 1511
286 2300
287 1982
288 1577
289 678
290 2078
291 2616
292 1794
293 2285
294 2240
295 1994
296 478
297 2009
298 2976
299 1024
300 1439
301 364
302 238
303 2642
304 63
305 663
306 2125
307 155
308 1308
309 823
310 1310
311 2671
312 2568
313 57
314 2124
315 1159
316 2316
317 2942
318 2650
319 761
320 417
321 2393
322 698
323 2108
324 91
325 2902
326 1980
327 1290
328 2246
329 1493
330 771
331 921
332 150
333 2863
334 1518
335 2426
336 852
337 1385
338 835
339 2559
340 132
341 441
342 2384
343 492
344 2140
345 2471
346 519
347 1816
348 1439
349 2208
350 1993
351 567
352 847
353 656
354 1053
355 2858
356 357
357 2508
358 1463
359 2246
360 407
361 657
362 2988
363 2128
364 813
365 1188
366 2318
367 2344
368 188
369 1453
370 621
371 361
372 1849
373 1703
374 755
375 1549
376 1366
377 186
378 363
379 542
380 2175
381 247
382 547
383 2519
384 1212
385 2917
386 1874
387 2547
388 2814
389 2333
390 2811
391 827
392 1213
393 790
394 669
395 1596
396 2894
397 698
398 2201
399 1231
400 2135
401 2073
402 453
403 1752
404 1152
405 1074
406 742
407 479
408 1107
409 1790
410 1646
411 1125
412 114
413 489
414 1924
415 1183
416 1992
417 1924
418 2578
419 184
420 2151
421 2365
422 2764
423 1797
424 2514
425 2415
426 1435
427 2041
428 32
429 1671
430 2045
431 423
432 1710
433 980
434 1869
435 1452
436 46
437 1251
438 1299
439 2552
440 72
441 2357
442 2667
443 2636
444 2873
445 299
446 2404
447 1400
448 728
449 137
450 1819
451 1903
452 2546
453 1564
454 1510
455 1710
456 1198
457 2628
458 2465
459 1142
460 2538
461 1071
462 687
463 2811
464 2327
465 1554
466 1011
467 1516
468 885
469 2441
470 837
471 2614
472 42
473 1966
474 49
475 1161
476 570
477 1034
478 2181
479 2187
480 2367
481 2726
482 1572
483 2528
484 2891
485 1100
486 2384
487 1512
488 1981
489 2139
490 1489
491 1859
492 2258
493 1006
494 2632
495 584
496 2427

