165 26
0 890
1 930
2 420
3 402
4 492
5 2310
6 994
7 2211
8 398
9 1644
10 1148
11 2187
12 145
13 2865
14 1231
15 2641
16 329
17 2913
18 2051
19 1348
20 2373
21 2922
22 455
23 451
24 2873
25 64
26 1467
27 1503
28 937
29 51
30 2912
31 1534
32 1848
33 1804
34 2096
35 1490
36 2462
37 1460
38 937
39 632
40 214
41 2410
42 2429
43 2102
44 2292
45 932
46 2352
47 2798
48 653
49 1445
50 1797
51 2892
52 1509
53 1496
54 639
55 1965
56 1187
57 545
58 745
59 2644
60 2431
61 650
62 1513
63 1739
64 1101
65 2774
66 290
67 453
68 1698
69 2410
70 617
71 1817
72 1540
73 2146
74 1650
75 1936
76 218
77 2165
78 698
79 1315
80 2754
81 652
82 358
83 1241
84 2588
85 1267
86 2885
87 2598
88 892
89 43
90 2960
91 2876
92 1334
93 2701
94 195
95 2391
96 802
97 2077
98 1230
99 1685
100 2584
101 443
102 1511
103 2706
104 499
105 127
106 193
107 1418
108 1221
109 1176
110 480
111 1383
112 2956
113 2124
114 1100
115 2701
116 472
117 2350
118 138
119 4
120 392
121 2646
122 1779
123 2821
124 2064
125 965
126 476
127 1762
128 946
129 281
130 1524
131 1450
132 2670
133 618
134 755
135 394
136 2646
137 2910
138 1410
139 1906
140 1269
141 2801
142 2953
143 2239
144 2235
145 1084
146 1261
147 2895
148 2936
149 1791
150 2193
151 2811
152 2599
153 635
154 448
155 2698
156 2268
157 748
158 149
159 984
160 109
161 1532
162 1422
163 804
164 2291

