311 94
0 2411
1 1978
2 1988
3 2784
4 2168
5 2750
6 68
7 2491
8 1594
9 2939
10 2825
11 2699
12 866
13 799
14 1761
15 2261
16 2019
17 1754
18 1378
19 2565
20 2060
21 2650
22 261
23 321
24 2439
25 2304
26 1605
27 2922
28 543
29 2599
30 1750
31 2959
32 2941
33 1307
34 940
35 1268
36 928
37 2873
38 1722
39 2943
40 806
41 2772
42 1659
43 2492
44 100
45 2307
46 1703
47 924
48 802
49 1344
50 11
51 2072
52 2812
53 1558
54 1267
55 681
56 2541
57 326
58 645
59 2156
60 246
61 893
62 2686
63 1292
64 2332
65 2105
66 297
67 594
68 2783
69 287
70 820
71 196
72 2047
73 652
74 1454
75 1507
76 1970
77 68
78 584
79 258
80 2684
81 258
82 2850
83 1490
84 381
85 2211
86 2924
87 869
88 2057
89 99
90 751
91 658
92 1755
93 20
94 1892
95 1318
96 1283
97 409
98 151
99 950
100 555
101 2508
102 365
103 917
104 23
105 614
106 1503
107 1809
108 1483
109 2119
110 2042
111 2760
112 943
113 1101
114 808
115 1712
116 1269
117 1302
118 266
119 2226
120 1234
121 2251
122 2117
123 507
124 725
125 1919
126 2612
127 269
128 2676
129 856
130 1658
131 2510
132 917
133 2549
134 1626
135 1256
136 2239
137 1312
138 1394
139 2029
140 2652
141 2728
142 744
143 606
144 2661
145 43
146 2992
147 2152
148 1331
149 542
150 652
151 2822
152 401
153 1161
154 1451
155 315
156 710
157 418
158 1987
159 1315
160 2594
161 1657
162 448
163 2142
164 1870
165 2795
166 2748
167 198
168 708
169 1228
170 2648
171 200
172 833
173 509
174 1117
175 505
176 2598
177 1962
178 2352
179 199
180 2192
181 1301
182 1662
183 2975
184 1942
185 314
186 170
187 295
188 2576
189 1874
190 26
191 1867
192 2022
193 2526
194 356
195 658
196 1555
197 2084
198 2926
199 1778
200 864
201 541
202 444
203 1337
204 1614
205 774
206 541
207 2119
208 2312
209 233
210 1939
211 2681
212 2516
213 2450
214 2675
215 649
216 2065
217 2238
218 2681
219 1619
220 2920
221 2611
222 484
223 66
224 65
225 1204
226 1406
227 453
228 1396
229 1032
230 1276
231 387
232 1543
233 2174
234 1375
235 2566
236 922
237 1579
238 2907
239 2887
240 916
241 1588
242 224
243 2030
244 669
245 2118
246 410
247 2076
248 1309
249 2835
250 232
251 1614
252 1464
253 118
254 1495
255 1995
256 2713
257 1360
258 2009
259 2349
260 490
261 2615
262 853
263 1212
264 338
265 1815
266 1473
267 470
268 824
269 1733
270 24
271 1692
272 1570
273 2289
274 1870
275 1008
276 2796
277 1760
278 980
279 2496
280 1451
281 384
282 1668
283 2335
284 210
285 2806
286 1689
287 304
288 2094
289 2778
290 300
291 1945
292 2653
293 685
294 2158
295 1312
296 46
297 813
298 2080
299 2884
300 1164
301 2785
302 789
303 1419
304 763
305 855
306 2094
307 1203
308 955
309 1241
310 2147

