772 66
0 44
1 1001
2 1261
3 2411
4 276
5 91
6 2124
7 652
8 2357
9 1264
10 1894
11 1937
12 549
13 169
14 51
15 177
16 1186
17 1145
18 1159
19 1939
20 417
21 265
22 2319
23 2263
24 1702
25 2908
26 1399
27 1105
28 94
29 1053
30 1795
31 2696
32 1956
33 2468
34 1237
35 1866
36 2503
37 1804
38 1133
39 2101
40 1299
41 833
42 15
43 1527
44 2553
45 1189
46 1502
47 927
48 1293
49 2508
50 1435
51 162
52 1750
53 1428
54 802
55 800
56 2765
57 1319
58 1627
59 1833
60 775
61 2331
62 2524
63 1470
64 2688
65 954
66 2173
67 1187
68 2597
69 2447
70 2314
71 1973
72 2550
73 788
74 2260
75 1844
76 253
77 63
78 2679
79 1884
80 2590
81 2754
82 315
83 1166
84 338
85 1831
86 302
87 528
88 1016
89 1141
90 1363
91 977
92 799
93 325
94 1989
95 1377
96 1826
97 2828
98 1780
99 529
100 224
101 1883
102 1041
103 1792
104 1955
105 1565
106 1090
107 688
108 1675
109 2579
110 1192
111 1306
112 1008
113 1608
114 1152
115 197
116 2863
117 1684
118 1802
119 2293
120 2040
121 591
122 2171
123 157
124 321
125 1124
126 2734
127 1570
128 869
129 1373
130 251
131 227
132 263
133 2003
134 334
135 300
136 935
137 2816
138 123
139 796
140 369
141 1214
142 2570
143 444
144 1130
145 2192
146 215
147 997
148 2539
149 2999
150 145
151 2411
152 2582
153 2417
154 366
155 1642
156 2481
157 1104
158 2593
159 949
160 2784
161 996
162 1193
163 1614
164 2839
165 2409
166 1077
167 2168
168 1161
169 982
170 878
171 1930
172 2167
173 1850
174 2573
175 2561
176 703
177 154
178 1825
179 2293
180 2750
181 1034
182 2485
183 2541
184 1009
185 2231
186 1075
187 2720
188 4
189 367
190 2448
191 2892
192 549
193 1832
194 560
195 750
196 2716
197 2202
198 179
199 1447
200 503
201 1167
202 633
203 1657
204 250
205 1150
206 2385
207 1005
208 243
209 2129
210 283
211 2324
212 1058
213 2881
214 2510
215 1355
216 1450
217 1248
218 1490
219 1055
220 1177
221 575
222 1904
223 1122
224 1605
225 946
226 2517
227 1394
228 643
229 2655
230 668
231 1714
232 259
233 493
234 2423
235 1169
236 2171
237 868
238 370
239 2569
240 1584
241 1439
242 1495
243 2293
244 2528
245 2250
246 1400
247 1706
248 956
249 2876
250 166
251 2961
252 20
253 1417
254 2612
255 822
256 1302
257 861
258 373
259 2436
260 2598
261 424
262 2054
263 2578
264 1662
265 2589
266 2008
267 2606
268 1006
269 1424
270 2308
271 61
272 1313
273 200
274 2041
275 2046
276 878
277 697
278 2140
279 2705
280 2381
281 1351
282 1605
283 1063
284 1044
285 1293
286 934
287 1686
288 1063
289 438
290 2930
291 2744
292 1905
293 2311
294 1760
295 983
296 46
297 973
298 722
299 766
300 2386
301 1837
302 1573
303 157
304 2183
305 1829
306 2939
307 1789
308 2520
309 2416
310 2487
311 1702
312 2108
313 2012
314 354
315 2242
316 862
317 2466
318 1321
319 2649
320 84
321 1499
322 186
323 2962
324 197
325 1218
326 2517
327 866
328 2630
329 998
330 2662
331 2049
332 162
333 632
334 2409
335 1840
336 2539
337 1239
338 1119
339 1150
340 1962
341 1238
342 2248
343 1614
344 288
345 2762
346 1422
347 2540
348 655
349 1867
350 1641
351 13
352 1079
353 181
354 2680
355 654
356 1928
357 2622
358 2121
359 776
360 2670
361 523
362 636
363 321
364 1211
365 286
366 90
367 192
368 1471
369 385
370 1735
371 1521
372 270
373 1930
374 755
375 1749
376 695
377 692
378 2910
379 1808
380 2557
381 1909
382 2907
383 2257
384 1915
385 64
386 996
387 2223
388 891
389 2279
390 444
391 973
392 701
393 1089
394 2626
395 1721
396 908
397 1409
398 1703
399 1551
400 2717
401 1885
402 2471
403 1985
404 2045
405 2398
406 1551
407 2372
408 721
409 655
410 2196
411 1569
412 2646
413 553
414 2588
415 569
416 863
417 1369
418 1006
419 2344
420 966
421 426
422 1617
423 1293
424 1245
425 1374
426 1619
427 1035
428 2769
429 920
430 2146
431 1719
432 67
433 48
434 789
435 79
436 2508
437 584
438 945
439 903
440 197
441 2440
442 803
443 805
444 2363
445 18
446 2462
447 2332
448 729
449 2667
450 1441
451 1079
452 1772
453 2780
454 1062
455 701
456 2799
457 1044
458 1957
459 1709
460 319
461 1288
462 2884
463 1500
464 447
465 863
466 860
467 1952
468 1077
469 2866
470 139
471 2850
472 2376
473 1405
474 1427
475 1926
476 2699
477 2098
478 1967
479 2526
480 2343
481 593
482 1743
483 1146
484 1393
485 151
486 1717
487 155
488 1364
489 1103
490 1728
491 1502
492 2093
493 809
494 1279
495 1082
496 1072
497 1002
498 1729
499 1118
500 2337
501 1145
502 511
503 2244
504 1368
505 2285
506 2514
507 2473
508 266
509 1845
510 2823
511 1192
512 1267
513 1941
514 980
515 408
516 2975
517 1987
518 362
519 2570
520 1066
521 2548
522 2838
523 2743
524 2645
525 1899
526 520
527 1644
528 570
529 1313
530 1500
531 2292
532 1057
533 381
534 1022
535 1732
536 2879
537 2571
538 2622
539 498
540 1069
541 2440
542 2688
543 2471
544 2872
545 1983
546 489
547 2818
548 2683
549 2085
550 2672
551 477
552 2661
553 1088
554 1916
555 2659
556 2107
557 874
558 946
559 201
560 1162
561 1593
562 100
563 1221
564 1391
565 1102
566 745
567 1888
568 216
569 1261
570 2991
571 1294
572 450
573 2078
574 1194
575 1900
576 473
577 1952
578 194
579 2456
580 1206
581 1423
582 2318
583 985
584 1751
585 2673
586 1160
587 340
588 1644
589 2467
590 1475
591 516
592 1481
593 1978
594 88
595 829
596 1871
597 2401
598 408
599 1701
600 99
601 3
602 2380
603 1756
604 1595
605 194
606 1588
607 2136
608 1885
609 2730
610 913
611 1930
612 159
613 267
614 2522
615 1810
616 2733
617 1992
618 693
619 286
620 2630
621 1913
622 1258
623 2930
624 2238
625 2712
626 453
627 2140
628 2500
629 1731
630 181
631 1943
632 897
633 1428
634 1938
635 1364
636 2553
637 1740
638 1055
639 977
640 933
641 876
642 2919
643 795
644 447
645 1484
646 1095
647 1607
648 2740
649 2702
650 884
651 270
652 2500
653 2293
654 2387
655 954
656 2259
657 2022
658 1847
659 396
660 1558
661 2497
662 2305
663 43
664 2194
665 2825
666 1587
667 2673
668 437
669 1965
670 1189
671 2070
672 183
673 1677
674 380
675 892
676 839
677 1551
678 1636
679 2314
680 1714
681 347
682 2592
683 1696
684 757
685 1988
686 2883
687 2041
688 500
689 2634
690 2541
691 1899
692 2251
693 1313
694 1354
695 1224
696 2936
697 1274
698 2258
699 1580
700 887
701 42
702 521
703 1827
704 1716
705 869
706 2268
707 1469
708 2905
709 1749
710 2952
711 2218
712 2040
713 1522
714 1639
715 2240
716 1294
717 563
718 1007
719 359
720 147
721 2471
722 149
723 883
724 473
725 1873
726 1439
727 2706
728 886
729 1726
730 881
731 73
732 2310
733 2906
734 2330
735 2582
736 2330
737 508
738 2922
739 226
740 1010
741 96
742 475
743 183
744 319
745 1152
746 565
747 2515
748 2198
749 1913
750 1
751 1280
752 459
753 466
754 722
755 1094
756 1031
757 1751
758 437
759 1538
760 1947
761 826
762 1909
763 2584
764 2505
765 256
766 2045
767 2933
768 2119
769 2673
770 858
771 2108

