69 22
0 2930
1 803
2 2408
3 2867
4 120
5 800
6 94
7 2000
8 540
9 1084
10 1616
11 2119
12 65
13 2950
14 2931
15 1811
16 2208
17 11
18 762
19 2170
20 341
21 2227
22 114
23 1364
24 1520
25 676
26 1643
27 564
28 51
29 1610
30 290
31 2363
32 49
33 1495
34 871
35 1950
36 1129
37 1053
38 577
39 1814
40 1140
41 2027
42 557
43 660
44 1617
45 2026
46 934
47 1994
48 767
49 2605
50 1163
51 508
52 2584
53 2042
54 1964
55 2661
56 983
57 1932
58 2334
59 263
60 897
61 575
62 1900
63 1730
64 393
65 1669
66 337
67 2594
68 2365

