859 25
0 230
1 2584
2 349
3 1505
4 2757
5 703
6 2837
7 1681
8 696
9 2792
10 2155
11 1583
12 605
13 2952
14 173
15 226
16 988
17 256
18 2823
19 2137
20 2285
21 1933
22 2794
23 1742
24 1817
25 268
26 2721
27 422
28 2193
29 398
30 218
31 2830
32 224
33 1750
34 2867
35 2921
36 880
37 518
38 2784
39 1149
40 1295
41 2074
42 741
43 2968
44 2107
45 1965
46 1784
47 1853
48 651
49 1842
50 708
51 1539
52 1462
53 1515
54 1997
55 666
56 326
57 1483
58 230
59 2011
60 1569
61 2827
62 1678
63 1431
64 834
65 164
66 2723
67 782
68 2136
69 1788
70 1535
71 469
72 910
73 1164
74 1140
75 1347
76 1716
77 2960
78 403
79 2944
80 432
81 333
82 1759
83 1313
84 413
85 180
86 201
87 2232
88 676
89 2776
90 2725
91 1643
92 445
93 1636
94 1258
95 2907
96 2753
97 1389
98 1758
99 1988
100 308
101 2843
102 419
103 2919
104 520
105 2461
106 2728
107 2507
108 1732
109 2669
110 875
111 1132
112 716
113 554
114 2698
115 525
116 2831
117 2051
118 2264
119 1899
120 508
121 1655
122 981
123 715
124 1730
125 1356
126 1449
127 1330
128 1840
129 1536
130 487
131 1638
132 1133
133 2387
134 2718
135 2923
136 112
137 7
138 186
139 2705
140 2949
141 1793
142 1718
143 32
144 890
145 2095
146 1766
147 424
148 2585
149 2960
150 2743
151 2381
152 1898
153 399
154 675
155 1374
156 1432
157 2216
158 2363
159 2804
160 2513
161 583
162 1675
163 1073
164 121
165 484
166 801
167 270
168 2285
169 894
170 497
171 690
172 2095
173 1634
174 1065
175 1695
176 2209
177 1352
178 288
179 1875
180 346
181 256
182 1541
183 2523
184 1568
185 2618
186 1298
187 1290
188 2366
189 1545
190 1024
191 2905
192 2746
193 828
194 982
195 2419
196 2889
197 2368
198 2593
199 801
200 184
201 2200
202 617
203 2499
204 143
205 469
206 392
207 30
208 1724
209 2289
210 2679
211 1549
212 2932
213 467
214 2461
215 2049
216 2426
217 889
218 1815
219 1485
220 2559
221 2245
222 799
223 1757
224 843
225 1981
226 85
227 72
228 1459
229 283
230 1649
231 2405
232 78
233 1778
234 1792
235 251
236 15
237 268
238 1752
239 107
240 648
241 413
242 2130
243 1811
244 1895
245 2952
246 2364
247 1773
248 531
249 2489
250 125
251 262
252 614
253 2722
254 2115
255 97
256 2857
257 2673
258 1453
259 1541
260 688
261 2584
262 1923
263 2287
264 262
265 2498
266 1651
267 539
268 592
269 1174
270 2965
271 182
272 2119
273 998
274 1050
275 2377
276 450
277 2691
278 2064
279 1113
280 2644
281 2471
282 732
283 2459
284 2191
285 550
286 2437
287 1078
288 15
289 2840
290 984
291 1931
292 880
293 2846
294 2098
295 1661
296 1220
297 1773
298 1803
299 2618
300 776
301 822
302 2665
303 1242
304 936
305 494
306 755
307 508
308 1439
309 2812
310 688
311 1037
312 1714
313 2246
314 2810
315 1682
316 258
317 31
318 1229
319 1184
320 15
321 1700
322 579
323 4
324 73
325 1162
326 2223
327 2226
328 661
329 83
330 160
331 2098
332 2845
333 613
334 1552
335 365
336 1142
337 1510
338 1758
339 1632
340 1356
341 442
342 2942
343 336
344 888
345 1583
346 1926
347 2663
348 2713
349 528
350 2461
351 183
352 970
353 2778
354 1578
355 899
356 1689
357 2040
358 358
359 337
360 1154
361 1958
362 1117
363 1623
364 2806
365 998
366 2169
367 698
368 812
369 1663
370 597
371 1279
372 72
373 1939
374 2108
375 1548
376 1225
377 1967
378 1505
379 1243
380 2563
381 69
382 1377
383 2622
384 2704
385 1347
386 2341
387 1591
388 2127
389 1437
390 2776
391 232
392 637
393 1499
394 1779
395 1979
396 228
397 2907
398 1518
399 91
400 1305
401 1169
402 1536
403 275
404 69
405 582
406 590
407 2391
408 670
409 2276
410 1179
411 2203
412 827
413 1647
414 687
415 2496
416 2388
417 2452
418 2305
419 2252
420 2525
421 172
422 1951
423 1426
424 1166
425 1797
426 1860
427 1967
428 1275
429 2705
430 2682
431 322
432 2389
433 574
434 1610
435 269
436 1098
437 601
438 867
439 1142
440 2802
441 1120
442 2794
443 829
444 1066
445 1856
446 2628
447 940
448 1406
449 1667
450 2731
451 2600
452 2462
453 2094
454 1090
455 2044
456 2847
457 394
458 2357
459 245
460 2969
461 844
462 1219
463 2596
464 2790
465 1091
466 751
467 2731
468 1610
469 2989
470 865
471 90
472 894
473 683
474 744
475 1431
476 341
477 1353
478 628
479 253
480 1298
481 816
482 1434
483 1967
484 1802
485 12
486 67
487 1494
488 204
489 2158
490 2917
491 1295
492 753
493 1433
494 1858
495 1620
496 2137
497 34
498 1481
499 1032
500 840
501 1637
502 1670
503 1893
504 1942
505 1631
506 963
507 1426
508 2876
509 2821
510 2424
511 1464
512 606
513 238
514 1235
515 702
516 1467
517 1056
518 1356
519 843
520 1053
521 702
522 2505
523 859
524 597
525 992
526 428
527 2173
528 1897
529 1720
530 2830
531 1104
532 1259
533 461
534 585
535 1822
536 2660
537 627
538 1526
539 1174
540 966
541 2458
542 1204
543 1536
544 725
545 2952
546 444
547 2047
548 1361
549 2657
550 1217
551 2412
552 1291
553 2509
554 1651
555 177
556 103
557 1747
558 358
559 2060
560 622
561 2837
562 1110
563 1037
564 1882
565 1240
566 1023
567 1697
568 1950
569 2712
570 1878
571 1591
572 893
573 725
574 439
575 1716
576 2052
577 304
578 1570
579 1542
580 2397
581 2162
582 2295
583 77
584 1892
585 2117
586 2515
587 811
588 1535
589 2919
590 2546
591 1080
592 1044
593 2480
594 1958
595 1362
596 1336
597 751
598 2465
599 1622
600 270
601 540
602 2547
603 881
604 2414
605 2969
606 1649
607 1643
608 2463
609 2544
610 1382
611 1067
612 1721
613 2899
614 2668
615 285
616 900
617 1742
618 2064
619 2635
620 1375
621 223
622 857
623 2661
624 564
625 590
626 2770
627 1181
628 592
629 534
630 692
631 2918
632 1711
633 744
634 2837
635 2360
636 2563
637 2111
638 1446
639 881
640 2032
641 536
642 505
643 2767
644 607
645 1052
646 1231
647 2525
648 743
649 38
650 735
651 2009
652 1836
653 237
654 2071
655 2094
656 748
657 1703
658 1219
659 323
660 50
661 220
662 237
663 1505
664 1454
665 2026
666 1193
667 2839
668 513
669 1932
670 1
671 470
672 955
673 1248
674 325
675 1030
676 1512
677 679
678 2257
679 1402
680 2911
681 2495
682 1345
683 1999
684 18
685 1054
686 331
687 2847
688 970
689 1157
690 543
691 2957
692 1354
693 2
694 1285
695 1304
696 2093
697 645
698 1569
699 2535
700 240
701 622
702 2098
703 573
704 2932
705 2154
706 1195
707 2813
708 1107
709 1863
710 496
711 2396
712 1623
713 1815
714 1260
715 1081
716 2162
717 857
718 2766
719 1840
720 1339
721 17
722 48
723 582
724 1000
725 1664
726 1492
727 360
728 1977
729 65
730 1693
731 1157
732 2841
733 742
734 877
735 2222
736 1655
737 2042
738 2131
739 2849
740 1932
741 1739
742 2986
743 164
744 9
745 866
746 1053
747 1851
748 2770
749 438
750 595
751 203
752 756
753 2965
754 902
755 1256
756 253
757 1505
758 1911
759 742
760 2389
761 2830
762 492
763 1303
764 379
765 1053
766 2622
767 1206
768 1397
769 669
770 2162
771 2174
772 1427
773 306
774 701
775 790
776 2986
777 292
778 989
779 2449
780 180
781 205
782 2862
783 637
784 879
785 2952
786 1670
787 22
788 347
789 1353
790 2971
791 1705
792 2238
793 1127
794 189
795 1503
796 2743
797 2925
798 2246
799 1880
800 1524
801 2906
802 2347
803 1772
804 1083
805 342
806 2042
807 32
808 2485
809 738
810 2933
811 1057
812 537
813 1815
814 96
815 2293
816 158
817 2601
818 1776
819 1292
820 41
821 2595
822 923
823 536
824 148
825 890
826 2402
827 766
828 1880
829 2971
830 1834
831 951
832 896
833 315
834 1702
835 1182
836 1451
837 1773
838 2553
839 1330
840 2054
841 1610
842 1296
843 151
844 2050
845 1834
846 861
847 1705
848 1192
849 1077
850 2633
851 2227
852 2953
853 2134
854 999
855 1539
856 1288
857 2889
858 923

