950 23
0 276
1 2006
2 2295
3 2480
4 206
5 2103
6 1353
7 1591
8 1709
9 2547
10 2338
11 1366
12 2754
13 1118
14 2937
15 1800
16 68
17 1694
18 946
19 2658
20 979
21 2474
22 2716
23 1480
24 1571
25 2115
26 1514
27 2896
28 1524
29 1509
30 1913
31 2734
32 107
33 681
34 1313
35 1372
36 965
37 134
38 1337
39 9
40 2476
41 2596
42 2059
43 1334
44 993
45 1356
46 2628
47 794
48 606
49 1976
50 1841
51 2903
52 1736
53 1713
54 1237
55 1745
56 1456
57 1116
58 1963
59 2159
60 855
61 2475
62 2638
63 533
64 1476
65 1087
66 949
67 2658
68 2017
69 1211
70 2324
71 395
72 584
73 2957
74 354
75 678
76 2151
77 2410
78 1758
79 2723
80 2991
81 2157
82 270
83 2534
84 1994
85 1411
86 2705
87 2759
88 183
89 1561
90 1609
91 2209
92 1851
93 2565
94 2234
95 1702
96 1182
97 2955
98 1410
99 683
100 382
101 1413
102 1254
103 1223
104 1708
105 2464
106 2099
107 2344
108 2226
109 1418
110 1377
111 3000
112 2528
113 2798
114 1613
115 2748
116 1820
117 1988
118 2467
119 1094
120 2454
121 2764
122 2617
123 1783
124 125
125 459
126 2272
127 1651
128 306
129 618
130 1556
131 553
132 1680
133 94
134 1337
135 1518
136 2920
137 699
138 2603
139 356
140 1903
141 1406
142 2138
143 277
144 2142
145 1075
146 1735
147 1419
148 448
149 26
150 1516
151 50
152 2135
153 742
154 450
155 2869
156 2873
157 1764
158 2625
159 370
160 858
161 198
162 2840
163 1852
164 2881
165 295
166 1106
167 1704
168 1497
169 2813
170 2573
171 1633
172 1673
173 2499
174 2132
175 457
176 522
177 1192
178 276
179 2732
180 2473
181 2504
182 2897
183 2276
184 2714
185 753
186 2178
187 1140
188 2252
189 2978
190 106
191 2847
192 1457
193 626
194 975
195 1706
196 549
197 868
198 2594
199 519
200 108
201 2805
202 2811
203 95
204 70
205 1222
206 137
207 1743
208 2819
209 565
210 2009
211 1696
212 1388
213 266
214 2303
215 169
216 1770
217 1028
218 2430
219 576
220 2850
221 718
222 1446
223 2132
224 2585
225 213
226 340
227 314
228 893
229 489
230 1871
231 880
232 1704
233 2574
234 1260
235 1116
236 252
237 2761
238 1650
239 2023
240 1000
241 2772
242 362
243 333
244 2456
245 1603
246 2672
247 1509
248 1043
249 113
250 1773
251 1059
252 1415
253 125
254 1511
255 1116
256 2928
257 2164
258 793
259 1626
260 1410
261 2426
262 312
263 1977
264 340
265 68
266 1017
267 1566
268 1192
269 2422
270 2948
271 947
272 2533
273 1456
274 600
275 136
276 1612
277 136
278 464
279 1083
280 1592
281 2998
282 2021
283 370
284 217
285 2363
286 469
287 2986
288 2414
289 2961
290 2543
291 1734
292 497
293 2326
294 2082
295 848
296 1421
297 1035
298 789
299 1985
300 368
301 646
302 2458
303 1058
304 2753
305 2510
306 2171
307 2608
308 1566
309 1000
310 2532
311 2170
312 515
313 830
314 866
315 101
316 1029
317 1615
318 17
319 1854
320 1145
321 2562
322 789
323 1162
324 678
325 1249
326 971
327 1719
328 2935
329 801
330 2717
331 365
332 1282
333 2382
334 1971
335 1804
336 2870
337 472
338 490
339 437
340 475
341 1352
342 2445
343 2769
344 2371
345 1745
346 2349
347 2814
348 1586
349 236
350 1029
351 244
352 981
353 755
354 710
355 737
356 1830
357 2823
358 994
359 1596
360 2599
361 1854
362 685
363 1067
364 1384
365 1824
366 1689
367 2858
368 793
369 422
370 2078
371 2707
372 2281
373 79
374 1258
375 2556
376 270
377 752
378 2526
379 961
380 1897
381 918
382 2708
383 79
384 782
385 2923
386 1620
387 2147
388 1490
389 1161
390 356
391 2361
392 456
393 2406
394 1501
395 1305
396 1290
397 423
398 651
399 809
400 1285
401 632
402 581
403 789
404 312
405 985
406 2814
407 1841
408 2344
409 536
410 2558
411 2971
412 1792
413 116
414 212
415 696
416 42
417 1858
418 2273
419 1324
420 2540
421 2667
422 1293
423 2762
424 1638
425 123
426 269
427 1618
428 1813
429 919
430 1175
431 2471
432 1540
433 667
434 210
435 1436
436 2557
437 1223
438 2769
439 1770
440 2850
441 2707
442 2830
443 2114
444 221
445 316
446 2426
447 428
448 2586
449 2795
450 2975
451 1683
452 2533
453 82
454 1392
455 1540
456 2420
457 336
458 2059
459 440
460 1930
461 1290
462 1331
463 1303
464 3000
465 1196
466 2430
467 82
468 719
469 680
470 1558
471 1504
472 1108
473 1580
474 2762
475 2149
476 21
477 1193
478 671
479 2332
480 1127
481 2492
482 2123
483 462
484 1972
485 2949
486 1180
487 1679
488 2334
489 1634
490 1487
491 2863
492 963
493 442
494 801
495 740
496 488
497 1861
498 2841
499 486
500 403
501 603
502 1581
503 1335
504 1081
505 620
506 1567
507 1683
508 338
509 732
510 582
511 1932
512 2160
513 1619
514 54
515 919
516 609
517 973
518 1227
519 14
520 201
521 1067
522 1413
523 1082
524 2170
525 1780
526 4
527 180
528 479
529 2196
530 1078
531 2966
532 1135
533 1181
534 2233
535 1254
536 1569
537 254
538 61
539 2761
540 965
541 39
542 387
543 1374
544 1575
545 509
546 2942
547 1290
548 2049
549 379
550 1727
551 629
552 338
553 2713
554 2046
555 2668
556 1834
557 1835
558 2437
559 1915
560 1170
561 187
562 1495
563 1774
564 1110
565 217
566 133
567 2497
568 2538
569 1437
570 939
571 2434
572 1591
573 1479
574 2051
575 2851
576 1294
577 2861
578 440
579 608
580 1651
581 736
582 2627
583 2631
584 1979
585 2580
586 1615
587 1847
588 324
589 455
590 2508
591 1728
592 2886
593 2235
594 38
595 1584
596 2369
597 2527
598 1773
599 2900
600 714
601 2032
602 1099
603 2698
604 1225
605 1306
606 2681
607 1240
608 1275
609 700
610 2690
611 842
612 2655
613 2925
614 345
615 860
616 829
617 320
618 577
619 2171
620 1469
621 1967
622 2800
623 1045
624 1766
625 2329
626 2468
627 1819
628 2534
629 2399
630 1825
631 2999
632 2531
633 945
634 1515
635 2910
636 1720
637 2883
638 2312
639 198
640 391
641 1721
642 2299
643 2649
644 2821
645 270
646 837
647 2791
648 1471
649 2240
650 652
651 477
652 183
653 1382
654 1505
655 2266
656 812
657 2773
658 329
659 1928
660 1008
661 1617
662 740
663 2301
664 1608
665 2034
666 548
667 2236
668 922
669 1400
670 1260
671 1958
672 1962
673 2681
674 102
675 296
676 1954
677 1763
678 2876
679 2207
680 113
681 1243
682 2351
683 1046
684 892
685 1879
686 2094
687 2559
688 438
689 1201
690 664
691 1119
692 1729
693 2073
694 66
695 1455
696 2436
697 1034
698 837
699 1087
700 956
701 2492
702 875
703 2769
704 29
705 1396
706 776
707 897
708 2666
709 1918
710 2128
711 1553
712 276
713 358
714 2919
715 1913
716 2135
717 225
718 2589
719 782
720 2850
721 849
722 2998
723 300
724 1212
725 1870
726 2366
727 850
728 871
729 2728
730 662
731 504
732 2943
733 765
734 643
735 1379
736 1016
737 690
738 1120
739 434
740 1193
741 471
742 1684
743 1959
744 1663
745 2026
746 1075
747 2308
748 46
749 280
750 2627
751 1970
752 523
753 388
754 2297
755 64
756 1708
757 1963
758 309
759 2142
760 888
761 2876
762 1408
763 1639
764 1898
765 871
766 792
767 529
768 2945
769 985
770 614
771 1473
772 1537
773 1968
774 17
775 1386
776 431
777 2595
778 131
779 1480
780 549
781 575
782 2292
783 338
784 2740
785 1773
786 854
787 2265
788 512
789 581
790 1553
791 2657
792 1709
793 2532
794 1328
795 187
796 1270
797 2127
798 1999
799 2336
800 7
801 1984
802 403
803 1131
804 888
805 389
806 1334
807 77
808 2798
809 2196
810 333
811 1019
812 689
813 1578
814 394
815 2313
816 676
817 2498
818 1481
819 986
820 981
821 2453
822 133
823 1192
824 396
825 392
826 458
827 967
828 1178
829 1632
830 563
831 271
832 2732
833 1460
834 313
835 1156
836 1222
837 2712
838 643
839 1487
840 2628
841 209
842 1054
843 2980
844 682
845 1485
846 1475
847 367
848 561
849 2957
850 1588
851 2536
852 2538
853 306
854 2138
855 2675
856 1288
857 2500
858 1615
859 1523
860 1304
861 1510
862 2218
863 2367
864 974
865 2150
866 1242
867 307
868 1349
869 288
870 2805
871 1823
872 1185
873 1214
874 1857
875 2200
876 811
877 1759
878 1716
879 2848
880 201
881 2699
882 1707
883 1465
884 2078
885 1323
886 2825
887 1264
888 1990
889 147
890 1890
891 2599
892 527
893 1649
894 1833
895 1741
896 2657
897 2883
898 2311
899 2608
900 1988
901 2715
902 1923
903 893
904 2195
905 768
906 537
907 3000
908 1957
909 2372
910 490
911 82
912 242
913 803
914 2551
915 1714
916 636
917 597
918 691
919 2608
920 2910
921 1057
922 2422
923 42
924 128
925 2268
926 1436
927 2613
928 149
929 1693
930 551
931 98
932 2951
933 1894
934 714
935 1054
936 2898
937 753
938 1978
939 849
940 2047
941 1517
942 2511
943 164
944 1359
945 935
946 2770
947 1924
948 387
949 2737

