810 81
0 984
1 1973
2 216
3 2824
4 406
5 828
6 520
7 2335
8 918
9 252
10 2257
11 2995
12 640
13 2169
14 2338
15 95
16 783
17 82
18 2750
19 1378
20 2189
21 130
22 1314
23 2350
24 837
25 1661
26 2559
27 2954
28 636
29 1497
30 2965
31 2016
32 1491
33 2197
34 2220
35 2568
36 1845
37 476
38 1810
39 1725
40 1112
41 2529
42 1090
43 2443
44 1822
45 2456
46 596
47 2067
48 1128
49 2495
50 1587
51 769
52 2397
53 431
54 942
55 1776
56 1017
57 1648
58 1946
59 2500
60 350
61 129
62 2077
63 1294
64 2392
65 807
66 1082
67 191
68 2202
69 381
70 2846
71 2678
72 591
73 61
74 1270
75 2490
76 2938
77 2444
78 2229
79 2983
80 1383
81 2373
82 1246
83 2532
84 2549
85 1090
86 2553
87 1911
88 1518
89 1616
90 2332
91 445
92 670
93 2477
94 2144
95 1351
96 1264
97 1378
98 557
99 2047
100 887
101 1573
102 382
103 1744
104 2270
105 1441
106 1322
107 1712
108 16
109 2866
110 2916
111 2471
112 2551
113 452
114 700
115 1504
116 961
117 2415
118 2424
119 995
120 2417
121 2521
122 2323
123 422
124 1642
125 420
126 1472
127 2314
128 2732
129 2716
130 894
131 161
132 910
133 1336
134 2861
135 1842
136 1647
137 2182
138 666
139 1260
140 1190
141 148
142 1671
143 2723
144 2067
145 140
146 2143
147 2765
148 1553
149 2601
150 2093
151 998
152 875
153 848
154 2403
155 2701
156 199
157 2341
158 792
159 1058
160 1021
161 2590
162 1509
163 57
164 348
165 848
166 2929
167 2345
168 291
169 719
170 1433
171 231
172 2974
173 2452
174 1869
175 996
176 2850
177 998
178 1051
179 2897
180 1739
181 2447
182 2265
183 2055
184 1888
185 2997
186 1513
187 1999
188 321
189 1048
190 1790
191 10
192 1775
193 2310
194 2266
195 2671
196 868
197 2693
198 2194
199 562
200 2082
201 2172
202 2339
203 1665
204 307
205 1323
206 1194
207 2668
208 2356
209 2002
210 1196
211 2936
212 57
213 21
214 2300
215 617
216 304
217 2429
218 1930
219 2311
220 729
221 2043
222 1123
223 1262
224 2994
225 2846
226 320
227 1064
228 1203
229 1274
230 162
231 2863
232 355
233 2674
234 1676
235 577
236 1827
237 1995
238 988
239 2576
240 2559
241 191
242 2580
243 283
244 782
245 2586
246 1296
247 1332
248 317
249 1900
250 76
251 1540
252 2471
253 134
254 2447
255 2636
256 872
257 2299
258 2172
259 2013
260 2915
261 891
262 713
263 2016
264 687
265 806
266 882
267 2775
268 1842
269 1744
270 2560
271 199
272 252
273 951
274 1867
275 1243
276 418
277 820
278 2257
279 2070
280 537
281 2359
282 1382
283 1564
284 764
285 2207
286 2019
287 2022
288 2377
289 520
290 824
291 1820
292 1997
293 949
294 1703
295 1530
296 385
297 1092
298 2226
299 2002
300 983
301 2330
302 1509
303 1896
304 1943
305 2390
306 960
307 1018
308 2736
309 1931
310 450
311 2504
312 965
313 715
314 920
315 2671
316 1572
317 15
318 887
319 2783
320 1166
321 479
322 773
323 1663
324 2267
325 1076
326 2162
327 1430
328 1359
329 2974
330 161
331 474
332 2998
333 1245
334 1137
335 107
336 1065
337 2212
338 2513
339 2027
340 776
341 840
342 270
343 2685
344 2849
345 1459
346 2014
347 992
348 102
349 748
350 44
351 130
352 821
353 834
354 2828
355 1501
356 2130
357 303
358 496
359 2837
360 1982
361 2574
362 1773
363 1905
364 107
365 2826
366 1178
367 1530
368 1521
369 2839
370 936
371 1070
372 1232
373 1166
374 2751
375 2040
376 518
377 1825
378 1805
379 275
380 1251
381 384
382 319
383 1945
384 67
385 487
386 1523
387 2691
388 1067
389 2108
390 1335
391 1003
392 1884
393 1346
394 1812
395 1426
396 1475
397 2749
398 1361
399 802
400 1130
401 2989
402 555
403 2283
404 286
405 1240
406 1499
407 860
408 1379
409 207
410 1655
411 2796
412 799
413 1584
414 95
415 1507
416 1191
417 2166
418 2875
419 1879
420 635
421 2349
422 226
423 1583
424 2870
425 1181
426 1382
427 2488
428 2445
429 1227
430 452
431 2531
432 2949
433 1931
434 2217
435 552
436 2558
437 2901
438 2363
439 496
440 873
441 2158
442 2123
443 969
444 180
445 1382
446 325
447 283
448 14
449 1251
450 1983
451 1594
452 456
453 2680
454 1479
455 811
456 1441
457 2528
458 2398
459 228
460 143
461 2600
462 1495
463 2555
464 1834
465 1425
466 1268
467 2622
468 2591
469 1241
470 339
471 1405
472 2487
473 2738
474 2416
475 2497
476 62
477 2564
478 1817
479 911
480 1037
481 1584
482 188
483 21
484 973
485 1013
486 184
487 402
488 2022
489 2005
490 1719
491 2717
492 634
493 1972
494 529
495 2394
496 1958
497 936
498 2657
499 1560
500 2550
501 2402
502 2662
503 755
504 2218
505 736
506 2089
507 2249
508 1554
509 1222
510 1792
511 1093
512 1800
513 2696
514 2851
515 2988
516 2043
517 2466
518 392
519 1183
520 1076
521 1496
522 355
523 1893
524 2518
525 273
526 1554
527 1581
528 2744
529 762
530 910
531 1431
532 2923
533 212
534 1349
535 937
536 2268
537 1791
538 234
539 2088
540 1015
541 257
542 445
543 2891
544 1083
545 1678
546 1518
547 2126
548 2086
549 838
550 2431
551 1548
552 2736
553 1541
554 958
555 2687
556 504
557 759
558 1644
559 319
560 1723
561 1774
562 2413
563 1932
564 2216
565 2276
566 893
567 2731
568 931
569 626
570 2182
571 1274
572 398
573 97
574 2131
575 2422
576 2102
577 2285
578 1578
579 2733
580 962
581 241
582 1960
583 1418
584 278
585 2089
586 2719
587 1289
588 1758
589 2726
590 1260
591 1717
592 1490
593 1137
594 2256
595 229
596 735
597 1478
598 2723
599 79
600 1804
601 1492
602 1968
603 356
604 2184
605 178
606 1877
607 405
608 941
609 1755
610 1636
611 1000
612 2352
613 1150
614 718
615 661
616 1605
617 1954
618 2610
619 2913
620 1819
621 1495
622 2788
623 262
624 387
625 1712
626 46
627 2359
628 701
629 688
630 430
631 2675
632 1832
633 2603
634 429
635 864
636 754
637 1110
638 1000
639 1252
640 2677
641 2798
642 2363
643 135
644 1906
645 623
646 2175
647 2341
648 261
649 753
650 2041
651 589
652 1288
653 1020
654 633
655 135
656 1
657 1916
658 2056
659 1938
660 2738
661 2461
662 663
663 217
664 1941
665 1901
666 481
667 1803
668 1017
669 66
670 711
671 1037
672 2995
673 1353
674 618
675 1705
676 1508
677 6
678 1868
679 367
680 1612
681 1362
682 551
683 1279
684 1028
685 1461
686 890
687 157
688 1382
689 2493
690 1897
691 1180
692 584
693 2752
694 2387
695 655
696 286
697 1865
698 893
699 1618
700 969
701 1887
702 1579
703 2149
704 431
705 837
706 1329
707 390
708 2533
709 963
710 2474
711 2072
712 286
713 882
714 1176
715 2800
716 2113
717 2248
718 720
719 2727
720 1022
721 2918
722 110
723 1805
724 2192
725 2556
726 2911
727 2915
728 1099
729 758
730 1887
731 149
732 2461
733 631
734 2458
735 2101
736 2312
737 1800
738 1441
739 295
740 2419
741 2072
742 2992
743 124
744 41
745 1986
746 2236
747 1788
748 293
749 797
750 148
751 983
752 1596
753 1525
754 167
755 2183
756 1464
757 2857
758 2407
759 971
760 1515
761 2900
762 420
763 432
764 2710
765 302
766 1699
767 2452
768 506
769 2569
770 367
771 727
772 308
773 232
774 1480
775 1003
776 1896
777 672
778 1205
779 2589
780 2726
781 723
782 2025
783 801
784 2091
785 1271
786 1200
787 2245
788 361
789 2199
790 1295
791 1774
792 2625
793 2153
794 860
795 789
796 45
797 2981
798 630
799 1578
800 201
801 1401
802 2234
803 2895
804 1401
805 1724
806 1169
807 2250
808 872
809 1980

