895 89
0 2404
1 1220
2 1432
3 1790
4 917
5 1114
6 1189
7 2250
8 599
9 1030
10 2887
11 2103
12 502
13 2231
14 2265
15 990
16 2464
17 2643
18 2061
19 1388
20 2661
21 1881
22 2212
23 1522
24 1762
25 2893
26 1127
27 123
28 2069
29 43
30 281
31 2747
32 2585
33 1607
34 401
35 569
36 2402
37 1071
38 136
39 1346
40 1788
41 799
42 1903
43 2419
44 1247
45 1337
46 1511
47 2284
48 222
49 1610
50 1558
51 34
52 170
53 1879
54 2810
55 2042
56 2403
57 2236
58 2890
59 1247
60 274
61 918
62 1165
63 469
64 2720
65 1426
66 1936
67 7
68 9
69 2010
70 41
71 2587
72 1517
73 2339
74 1994
75 930
76 1786
77 890
78 1012
79 1282
80 1607
81 594
82 137
83 1575
84 1184
85 216
86 2057
87 1446
88 2884
89 1850
90 2281
91 658
92 1566
93 1139
94 1073
95 1435
96 1518
97 1413
98 343
99 2247
100 198
101 2187
102 1501
103 2023
104 1974
105 206
106 1824
107 2396
108 881
109 280
110 2351
111 1660
112 2749
113 1204
114 1467
115 1655
116 933
117 200
118 2144
119 1128
120 239
121 397
122 1182
123 2655
124 2755
125 1018
126 177
127 1628
128 885
129 905
130 1663
131 1315
132 2993
133 1968
134 2529
135 1365
136 1484
137 116
138 2317
139 807
140 2600
141 2850
142 950
143 953
144 2789
145 2984
146 1237
147 1275
148 1785
149 286
150 476
151 1397
152 672
153 2892
154 2953
155 2681
156 1335
157 978
158 144
159 1613
160 24
161 2588
162 1825
163 158
164 791
165 164
166 2600
167 2853
168 1433
169 470
170 353
171 2011
172 897
173 1312
174 753
175 1306
176 12
177 694
178 385
179 2683
180 1759
181 401
182 2284
183 75
184 2484
185 2926
186 1987
187 2365
188 1881
189 2864
190 503
191 2430
192 753
193 779
194 1500
195 2939
196 2124
197 1216
198 2151
199 1429
200 940
201 2670
202 2042
203 1117
204 1190
205 2012
206 2172
207 1888
208 965
209 2654
210 1342
211 2739
212 312
213 9
214 129
215 2988
216 1038
217 2377
218 587
219 217
220 2992
221 2143
222 2281
223 411
224 1262
225 2488
226 2343
227 2334
228 597
229 2312
230 1139
231 2169
232 2964
233 2039
234 64
235 1767
236 514
237 2081
238 861
239 2893
240 227
241 1986
242 764
243 870
244 2057
245 930
246 373
247 2092
248 786
249 6
250 265
251 167
252 945
253 2141
254 821
255 790
256 2402
257 1313
258 1504
259 1751
260 913
261 1905
262 2568
263 686
264 1147
265 2825
266 2262
267 886
268 1918
269 517
270 2311
271 2871
272 93
273 2275
274 869
275 2167
276 201
277 264
278 1261
279 2330
280 1145
281 2814
282 1421
283 607
284 1877
285 977
286 1249
287 2415
288 2963
289 1415
290 1643
291 1020
292 2027
293 1232
294 2956
295 1311
296 1732
297 2250
298 1545
299 877
300 107
301 948
302 1504
303 1519
304 1457
305 333
306 1790
307 156
308 693
309 1981
310 2378
311 1692
312 2206
313 2549
314 2612
315 2273
316 36
317 2951
318 193
319 1759
320 1290
321 2607
322 2112
323 2688
324 2903
325 777
326 2468
327 1662
328 1676
329 2802
330 3
331 1907
332 1069
333 1774
334 2005
335 1116
336 1065
337 1725
338 988
339 477
340 2264
341 151
342 1832
343 710
344 9
345 550
346 1841
347 1620
348 281
349 2794
350 605
351 1088
352 368
353 2620
354 2847
355 1620
356 1263
357 2441
358 504
359 1350
360 2299
361 1666
362 1733
363 258
364 1146
365 1621
366 1954
367 2609
368 903
369 259
370 1291
371 143
372 0
373 2662
374 719
375 574
376 23
377 1616
378 460
379 993
380 2619
381 2454
382 1659
383 2889
384 453
385 2919
386 10
387 1087
388 325
389 2815
390 214
391 2295
392 967
393 2622
394 677
395 2261
396 2708
397 1839
398 1903
399 1266
400 373
401 286
402 1182
403 90
404 446
405 2710
406 594
407 1821
408 95
409 2949
410 2726
411 1577
412 2216
413 2201
414 207
415 2237
416 569
417 2932
418 1640
419 2614
420 966
421 1620
422 2649
423 908
424 2555
425 209
426 1742
427 549
428 1647
429 2145
430 474
431 2629
432 1834
433 868
434 536
435 1907
436 1299
437 653
438 2045
439 841
440 1685
441 2534
442 1783
443 2644
444 11
445 1974
446 1436
447 2997
448 1227
449 2877
450 1993
451 237
452 1019
453 2554
454 2198
455 2741
456 344
457 2231
458 2057
459 1504
460 1441
461 2492
462 312
463 50
464 308
465 1821
466 787
467 416
468 2946
469 1579
470 1860
471 2690
472 513
473 700
474 2127
475 14
476 137
477 1886
478 686
479 1357
480 579
481 1501
482 2333
483 2529
484 1461
485 2016
486 2188
487 30
488 1513
489 2739
490 2425
491 777
492 1998
493 2779
494 1819
495 2080
496 1757
497 290
498 1281
499 783
500 489
501 2990
502 1796
503 396
504 2948
505 115
506 2322
507 527
508 2358
509 1963
510 2436
511 1177
512 1570
513 1519
514 2513
515 519
516 1491
517 2643
518 1857
519 1828
520 1300
521 1937
522 391
523 923
524 1073
525 1253
526 2093
527 2738
528 969
529 829
530 2907
531 852
532 1116
533 2000
534 2378
535 1399
536 2952
537 2389
538 1313
539 2772
540 1287
541 592
542 891
543 2639
544 2171
545 673
546 1078
547 1927
548 2243
549 1327
550 2460
551 2030
552 1909
553 1023
554 55
555 2664
556 2043
557 2066
558 897
559 2444
560 2525
561 819
562 1916
563 518
564 37
565 1360
566 1236
567 212
568 443
569 2953
570 238
571 1338
572 1244
573 791
574 1241
575 198
576 1541
577 1065
578 1239
579 1556
580 2920
581 2679
582 265
583 2006
584 2773
585 2335
586 2006
587 2719
588 1163
589 348
590 2943
591 1840
592 2544
593 1179
594 2540
595 1839
596 2422
597 991
598 2272
599 1893
600 783
601 1543
602 2356
603 2724
604 820
605 2037
606 2476
607 1134
608 2262
609 2679
610 530
611 1323
612 1930
613 1760
614 2484
615 1189
616 84
617 269
618 2809
619 1186
620 1747
621 1981
622 1025
623 169
624 22
625 2682
626 2450
627 1719
628 666
629 926
630 433
631 288
632 1555
633 2447
634 1042
635 2331
636 2881
637 134
638 953
639 1970
640 1981
641 1891
642 174
643 145
644 2692
645 1877
646 544
647 2700
648 582
649 2596
650 1211
651 1594
652 1739
653 2080
654 2493
655 1669
656 202
657 1742
658 38
659 2614
660 219
661 363
662 1490
663 2391
664 163
665 2665
666 1568
667 727
668 2687
669 86
670 619
671 1306
672 1963
673 1888
674 1751
675 1478
676 2770
677 710
678 909
679 29
680 2939
681 853
682 2438
683 2097
684 624
685 150
686 2629
687 1199
688 1606
689 2718
690 151
691 1230
692 2833
693 631
694 2534
695 2661
696 2939
697 2269
698 2540
699 1964
700 1983
701 1084
702 474
703 2
704 391
705 1593
706 1958
707 1184
708 434
709 2826
710 1082
711 980
712 1402
713 646
714 87
715 840
716 2723
717 751
718 380
719 2248
720 2823
721 273
722 1513
723 1157
724 2796
725 1018
726 1270
727 744
728 2732
729 1354
730 818
731 1216
732 1348
733 2687
734 365
735 1667
736 125
737 2646
738 1998
739 2149
740 2289
741 1050
742 2792
743 383
744 2331
745 2883
746 1673
747 1499
748 359
749 670
750 1647
751 669
752 290
753 947
754 254
755 2748
756 2910
757 20
758 870
759 495
760 1930
761 2342
762 1217
763 31
764 535
765 996
766 595
767 1043
768 2034
769 2388
770 1417
771 662
772 2076
773 2818
774 828
775 1239
776 2597
777 1970
778 2721
779 1135
780 1291
781 143
782 1973
783 1940
784 2985
785 1626
786 890
787 2832
788 1331
789 2079
790 208
791 1479
792 176
793 2330
794 1017
795 1734
796 2872
797 851
798 2822
799 378
800 1377
801 907
802 2354
803 2332
804 1556
805 250
806 894
807 1072
808 872
809 139
810 657
811 748
812 2583
813 2849
814 102
815 250
816 1345
817 766
818 2618
819 591
820 113
821 302
822 2458
823 1582
824 295
825 2393
826 1648
827 1201
828 2462
829 634
830 2880
831 1972
832 983
833 256
834 570
835 1654
836 1611
837 2101
838 163
839 2232
840 463
841 2097
842 43
843 739
844 2054
845 2362
846 1508
847 1871
848 742
849 1520
850 525
851 2945
852 850
853 2828
854 1258
855 2311
856 942
857 2866
858 1846
859 862
860 2946
861 2469
862 1848
863 1038
864 336
865 2497
866 2726
867 2842
868 2475
869 76
870 1529
871 236
872 2139
873 2873
874 2472
875 1473
876 2302
877 1644
878 92
879 2643
880 345
881 1370
882 547
883 996
884 2416
885 1044
886 275
887 1669
888 2845
889 2854
890 1456
891 121
892 162
893 158
894 1099

