321 7
0 2624
1 747
2 1835
3 2277
4 2638
5 2793
6 1455
7 623
8 813
9 544
10 1363
11 1937
12 2981
13 2025
14 2920
15 2229
16 1815
17 2543
18 2268
19 325
20 957
21 1712
22 1472
23 791
24 2077
25 1690
26 2955
27 553
28 111
29 2668
30 1184
31 560
32 1841
33 503
34 1753
35 1387
36 1571
37 1630
38 2404
39 1986
40 1557
41 560
42 2424
43 1858
44 2791
45 1375
46 2500
47 2067
48 1240
49 1692
50 2026
51 2375
52 1062
53 1221
54 1864
55 1508
56 2099
57 2522
58 2233
59 886
60 838
61 2862
62 347
63 1679
64 192
65 592
66 1908
67 2893
68 2551
69 2164
70 1821
71 166
72 798
73 1227
74 184
75 2693
76 2058
77 1320
78 1871
79 2333
80 2125
81 1399
82 2318
83 356
84 479
85 2966
86 989
87 1195
88 1321
89 1771
90 1963
91 1800
92 444
93 1956
94 2668
95 2475
96 2481
97 609
98 1698
99 1305
100 36
101 599
102 1630
103 1309
104 1075
105 2560
106 2249
107 62
108 2196
109 1262
110 801
111 665
112 2578
113 2007
114 772
115 796
116 1138
117 1697
118 2438
119 971
120 1193
121 1838
122 2519
123 1165
124 1099
125 762
126 392
127 2868
128 866
129 2299
130 1729
131 2681
132 2316
133 2051
134 826
135 1286
136 2535
137 2402
138 2843
139 1325
140 1269
141 2798
142 1989
143 2155
144 2438
145 2756
146 2676
147 599
148 1260
149 382
150 534
151 825
152 2221
153 999
154 291
155 2502
156 319
157 278
158 2440
159 1663
160 1174
161 991
162 2794
163 209
164 374
165 162
166 2445
167 1419
168 327
169 1533
170 957
171 1802
172 272
173 176
174 261
175 1842
176 2964
177 182
178 1939
179 1559
180 2271
181 926
182 2615
183 1072
184 436
185 148
186 206
187 964
188 1248
189 692
190 902
191 2320
192 1916
193 2875
194 2487
195 1623
196 701
197 1885
198 105
199 2820
200 33
201 445
202 1299
203 2325
204 479
205 533
206 886
207 777
208 501
209 1387
210 2010
211 2387
212 720
213 391
214 762
215 2423
216 705
217 138
218 2068
219 1631
220 1765
221 1309
222 1745
223 1274
224 257
225 2665
226 1321
227 1815
228 962
229 1089
230 2939
231 161
232 2961
233 2420
234 2538
235 454
236 842
237 2782
238 2484
239 21
240 1950
241 531
242 1367
243 604
244 2949
245 2006
246 2483
247 2041
248 2052
249 150
250 1364
251 192
252 564
253 598
254 2572
255 687
256 1130
257 1989
258 1556
259 1795
260 900
261 2692
262 263
263 888
264 2475
265 1848
266 276
267 2901
268 2235
269 494
270 1912
271 1687
272 1684
273 403
274 2208
275 34
276 1800
277 2925
278 2536
279 155
280 742
281 177
282 2466
283 2257
284 580
285 2357
286 2765
287 2835
288 1771
289 713
290 257
291 431
292 137
293 2729
294 2539
295 2451
296 35
297 2611
298 2638
299 742
300 2812
301 417
302 2739
303 2991
304 1310
305 526
306 297
307 2281
308 73
309 325
310 2210
311 237
312 1539
313 986
314 2292
315 2701
316 2826
317 1336
318 1364
319 2017
320 1754

