723 36
0 332
1 1105
2 208
3 592
4 1616
5 2240
6 2358
7 773
8 1449
9 1670
10 2533
11 2669
12 2763
13 198
14 1382
15 1716
16 179
17 1074
18 2564
19 1068
20 1231
21 2408
22 2205
23 1814
24 2312
25 2830
26 438
27 850
28 2922
29 1954
30 699
31 1
32 1975
33 2491
34 293
35 1496
36 2463
37 1491
38 1559
39 2560
40 2726
41 2690
42 161
43 2297
44 2052
45 1600
46 2234
47 44
48 1449
49 2940
50 441
51 522
52 2360
53 2506
54 272
55 2917
56 2612
57 1186
58 1290
59 718
60 683
61 639
62 2714
63 1824
64 1686
65 2952
66 766
67 1258
68 1924
69 72
70 2491
71 1218
72 1705
73 2774
74 1171
75 1812
76 646
77 533
78 1299
79 2454
80 775
81 2577
82 2098
83 2409
84 950
85 1721
86 2384
87 1820
88 1948
89 1987
90 2007
91 2667
92 1263
93 1764
94 398
95 1580
96 40
97 1173
98 226
99 421
100 1074
101 1927
102 1946
103 1808
104 1443
105 2648
106 1320
107 2192
108 1947
109 2333
110 913
111 964
112 2143
113 2650
114 1126
115 1195
116 1339
117 2967
118 1937
119 1597
120 1922
121 1987
122 2076
123 2031
124 2579
125 2927
126 885
127 1836
128 1577
129 1799
130 32
131 1970
132 1385
133 1191
134 1513
135 2336
136 2829
137 62
138 1791
139 2652
140 854
141 2581
142 1959
143 837
144 2790
145 2440
146 2082
147 1394
148 1394
149 2611
150 1371
151 2522
152 1918
153 1305
154 1301
155 485
156 1878
157 651
158 815
159 2085
160 971
161 2526
162 2196
163 2538
164 2440
165 2637
166 568
167 2075
168 1604
169 2055
170 2510
171 2049
172 2234
173 1993
174 333
175 1820
176 1766
177 2754
178 2025
179 1111
180 2237
181 2997
182 217
183 1876
184 604
185 2573
186 2100
187 2696
188 2399
189 701
190 1752
191 1528
192 875
193 2175
194 1782
195 561
196 85
197 1891
198 1005
199 2186
200 445
201 642
202 2840
203 692
204 1358
205 1228
206 1984
207 138
208 1329
209 441
210 1831
211 1096
212 649
213 2262
214 103
215 700
216 661
217 2257
218 1182
219 2159
220 1225
221 2068
222 1194
223 1917
224 1480
225 1427
226 2015
227 1669
228 555
229 1627
230 970
231 410
232 727
233 1055
234 1880
235 1593
236 1692
237 67
238 2337
239 1948
240 1180
241 1169
242 1674
243 521
244 2729
245 2810
246 2029
247 1738
248 2069
249 2888
250 1484
251 629
252 1101
253 2542
254 728
255 1029
256 1349
257 2521
258 1629
259 976
260 1186
261 1070
262 336
263 366
264 1790
265 1215
266 979
267 2504
268 2306
269 1980
270 689
271 543
272 311
273 1872
274 794
275 1030
276 797
277 674
278 485
279 1947
280 1897
281 677
282 168
283 2006
284 1531
285 207
286 1077
287 1666
288 2470
289 2807
290 2223
291 1996
292 284
293 2629
294 481
295 2822
296 592
297 1576
298 1837
299 2378
300 152
301 2816
302 1202
303 2820
304 941
305 1541
306 2186
307 1498
308 1684
309 384
310 1692
311 1088
312 502
313 1602
314 595
315 66
316 466
317 2783
318 1318
319 1314
320 1504
321 331
322 1270
323 464
324 323
325 1651
326 2906
327 2744
328 1476
329 371
330 2540
331 1372
332 2267
333 281
334 2114
335 1412
336 1126
337 1343
338 1839
339 72
340 714
341 924
342 1527
343 2049
344 2222
345 1027
346 1127
347 1235
348 2415
349 2407
350 2524
351 138
352 2254
353 386
354 1131
355 1523
356 786
357 1472
358 2175
359 2041
360 110
361 2886
362 1935
363 2195
364 495
365 1342
366 172
367 1294
368 2230
369 1872
370 2735
371 2335
372 2086
373 1301
374 1737
375 209
376 984
377 1361
378 1418
379 1838
380 1368
381 2058
382 1886
383 790
384 142
385 2869
386 2948
387 1786
388 1094
389 636
390 290
391 1971
392 2506
393 2494
394 2802
395 665
396 2733
397 562
398 2494
399 2049
400 584
401 2839
402 761
403 859
404 173
405 109
406 1911
407 1979
408 2548
409 408
410 2903
411 717
412 1783
413 357
414 1768
415 756
416 2462
417 1635
418 1125
419 51
420 2293
421 2589
422 761
423 260
424 2431
425 981
426 2993
427 604
428 2573
429 1283
430 1969
431 1288
432 1276
433 1261
434 2299
435 760
436 648
437 2266
438 461
439 798
440 2044
441 2581
442 681
443 1296
444 2000
445 1058
446 2053
447 1342
448 2996
449 598
450 2799
451 1939
452 1353
453 512
454 839
455 2793
456 1176
457 2784
458 2640
459 256
460 933
461 736
462 1060
463 657
464 2528
465 385
466 378
467 2231
468 1423
469 2867
470 1991
471 2756
472 1655
473 2646
474 1997
475 1361
476 2014
477 1432
478 2331
479 460
480 1318
481 915
482 1587
483 1318
484 2612
485 1942
486 445
487 1323
488 1219
489 1380
490 1622
491 2113
492 1357
493 559
494 991
495 1861
496 2281
497 1049
498 2901
499 1462
500 1674
501 161
502 1449
503 1217
504 992
505 780
506 2857
507 1069
508 2889
509 1965
510 2724
511 996
512 1597
513 24
514 2380
515 767
516 727
517 1720
518 764
519 2702
520 883
521 440
522 1196
523 2880
524 2022
525 671
526 1711
527 401
528 2633
529 1894
530 53
531 1542
532 1693
533 1713
534 2803
535 1913
536 1729
537 2069
538 1293
539 1972
540 543
541 1005
542 2612
543 1377
544 1754
545 1675
546 283
547 2043
548 749
549 2695
550 1583
551 903
552 2424
553 44
554 329
555 83
556 480
557 2955
558 2146
559 899
560 1887
561 611
562 1777
563 421
564 448
565 2396
566 1807
567 1114
568 2285
569 2091
570 1593
571 2139
572 2756
573 2149
574 760
575 529
576 1035
577 1317
578 415
579 1764
580 623
581 41
582 1044
583 715
584 1460
585 447
586 149
587 200
588 168
589 193
590 201
591 307
592 1220
593 1612
594 2856
595 1652
596 1491
597 1199
598 2665
599 1959
600 2755
601 2481
602 1202
603 2593
604 2388
605 2832
606 1392
607 2084
608 2244
609 1916
610 2361
611 502
612 1668
613 2649
614 1557
615 2188
616 1092
617 824
618 2690
619 1666
620 1427
621 75
622 1201
623 2683
624 383
625 2096
626 2154
627 853
628 1354
629 2757
630 2611
631 266
632 616
633 2028
634 905
635 1710
636 1574
637 689
638 2144
639 2993
640 159
641 1588
642 8
643 42
644 730
645 1009
646 2331
647 255
648 2973
649 30
650 1256
651 1761
652 2066
653 2734
654 1972
655 2351
656 1595
657 691
658 1365
659 794
660 164
661 1678
662 1864
663 2030
664 396
665 1314
666 1579
667 957
668 1771
669 2433
670 726
671 2251
672 2656
673 200
674 2008
675 2517
676 2734
677 1331
678 1915
679 1413
680 2581
681 875
682 2789
683 2038
684 597
685 862
686 2068
687 1627
688 1141
689 136
690 1372
691 2833
692 1757
693 1591
694 661
695 2052
696 1424
697 230
698 1900
699 2993
700 227
701 2379
702 2780
703 2234
704 1738
705 20
706 2268
707 1528
708 1909
709 2289
710 2271
711 503
712 2286
713 1817
714 810
715 2483
716 321
717 2835
718 2198
719 443
720 2828
721 2515
722 1662

