902 31
0 1521
1 1695
2 2634
3 1513
4 2441
5 2261
6 1403
7 1507
8 1745
9 806
10 15
11 941
12 1433
13 538
14 1239
15 1694
16 711
17 1853
18 1586
19 1571
20 2923
21 62
22 1707
23 1004
24 1376
25 2097
26 2552
27 2066
28 1126
29 2635
30 407
31 1525
32 1938
33 1735
34 284
35 2670
36 822
37 621
38 298
39 1188
40 2567
41 67
42 1884
43 1300
44 965
45 1587
46 100
47 1082
48 2605
49 1654
50 2676
51 2490
52 2633
53 2780
54 2077
55 2135
56 1306
57 1606
58 186
59 417
60 2130
61 363
62 1105
63 1126
64 93
65 1648
66 2068
67 261
68 537
69 694
70 1598
71 2246
72 1906
73 2636
74 2697
75 2663
76 2706
77 1342
78 2335
79 271
80 1001
81 343
82 408
83 1630
84 1654
85 417
86 2984
87 925
88 1009
89 2506
90 185
91 1253
92 2127
93 2040
94 963
95 835
96 428
97 434
98 295
99 2395
100 813
101 6
102 1432
103 244
104 2521
105 40
106 723
107 737
108 1575
109 1241
110 2237
111 1510
112 1069
113 2905
114 2715
115 1990
116 2248
117 2421
118 254
119 2355
120 924
121 1959
122 1657
123 2307
124 1995
125 873
126 2629
127 713
128 1085
129 1417
130 1190
131 2115
132 1784
133 994
134 1070
135 813
136 2191
137 1990
138 1797
139 2682
140 2448
141 239
142 997
143 1886
144 486
145 1282
146 2247
147 636
148 2424
149 2292
150 1509
151 216
152 2956
153 2883
154 2520
155 635
156 2111
157 197
158 819
159 2949
160 2164
161 2123
162 867
163 2577
164 2284
165 892
166 1299
167 996
168 1683
169 1504
170 1922
171 84
172 1333
173 2440
174 2897
175 1382
176 1058
177 2968
178 731
179 2636
180 2148
181 1755
182 589
183 63
184 1133
185 2398
186 1677
187 1026
188 1431
189 2547
190 2273
191 2886
192 821
193 720
194 2608
195 2954
196 2788
197 1018
198 2397
199 1686
200 2700
201 1340
202 573
203 1763
204 2747
205 664
206 1064
207 2250
208 43
209 2623
210 484
211 2396
212 1219
213 1529
214 2795
215 1780
216 1698
217 393
218 1312
219 2593
220 2131
221 698
222 1102
223 786
224 165
225 2623
226 1495
227 2349
228 618
229 1273
230 394
231 1840
232 2630
233 2264
234 558
235 1599
236 261
237 1227
238 2348
239 1113
240 536
241 2835
242 153
243 1778
244 1300
245 1758
246 2045
247 2476
248 935
249 141
250 1456
251 1288
252 1925
253 2599
254 2241
255 2869
256 1148
257 2723
258 1533
259 1963
260 2064
261 1248
262 2426
263 1039
264 1195
265 1123
266 1310
267 1250
268 1921
269 1409
270 2980
271 2785
272 276
273 2402
274 967
275 1890
276 581
277 2304
278 2001
279 1624
280 2500
281 1896
282 1516
283 2753
284 1113
285 1240
286 2526
287 1272
288 1783
289 508
290 979
291 495
292 2453
293 485
294 54
295 2632
296 2332
297 1258
298 1317
299 2665
300 283
301 466
302 1256
303 2427
304 2623
305 2903
306 1192
307 1839
308 2545
309 1094
310 479
311 185
312 1636
313 1978
314 2985
315 2493
316 835
317 2574
318 643
319 2619
320 815
321 837
322 2446
323 1678
324 1642
325 2497
326 601
327 1337
328 507
329 2565
330 171
331 618
332 950
333 56
334 2402
335 2954
336 2238
337 850
338 63
339 275
340 432
341 2340
342 371
343 2143
344 2914
345 828
346 764
347 764
348 1980
349 1887
350 1051
351 2646
352 1610
353 382
354 333
355 1967
356 1951
357 2209
358 695
359 2252
360 733
361 122
362 542
363 629
364 1800
365 1116
366 1607
367 1730
368 2342
369 1559
370 1272
371 2150
372 2447
373 2504
374 1270
375 2533
376 1023
377 1933
378 1031
379 1971
380 1798
381 187
382 2880
383 121
384 1222
385 2653
386 2842
387 1136
388 335
389 1908
390 2360
391 1048
392 562
393 2892
394 541
395 2777
396 881
397 1990
398 1941
399 41
400 2140
401 1396
402 2289
403 553
404 664
405 2483
406 375
407 1313
408 2888
409 1848
410 1790
411 694
412 1264
413 2034
414 540
415 2897
416 1263
417 2065
418 2502
419 1076
420 1096
421 2577
422 1656
423 1433
424 1700
425 2135
426 1672
427 1872
428 731
429 2235
430 2794
431 1908
432 1927
433 1763
434 2312
435 1269
436 1518
437 179
438 2418
439 809
440 1297
441 857
442 2879
443 2463
444 304
445 877
446 1765
447 1658
448 184
449 993
450 790
451 1303
452 707
453 1640
454 21
455 2339
456 2984
457 413
458 2684
459 929
460 1368
461 2055
462 761
463 1069
464 159
465 2
466 1700
467 115
468 1311
469 1604
470 494
471 208
472 1621
473 2821
474 2051
475 567
476 1032
477 2304
478 1741
479 1246
480 1110
481 2277
482 167
483 2036
484 1784
485 1355
486 2829
487 158
488 2220
489 173
490 1620
491 746
492 2810
493 561
494 894
495 1260
496 1338
497 187
498 48
499 832
500 2867
501 525
502 549
503 17
504 92
505 1828
506 1136
507 154
508 208
509 263
510 1086
511 1228
512 465
513 59
514 2493
515 1065
516 237
517 2880
518 1297
519 2189
520 2924
521 353
522 2145
523 480
524 2787
525 2398
526 1272
527 1036
528 990
529 1723
530 576
531 1112
532 1582
533 1612
534 299
535 720
536 1132
537 1148
538 922
539 1196
540 1403
541 884
542 1767
543 670
544 1255
545 1876
546 1240
547 1665
548 650
549 2250
550 1332
551 1054
552 899
553 476
554 1953
555 1199
556 2548
557 361
558 2878
559 718
560 830
561 1875
562 1501
563 382
564 2727
565 891
566 589
567 1059
568 514
569 685
570 986
571 2494
572 1753
573 1230
574 2112
575 1069
576 2726
577 1439
578 1020
579 144
580 1295
581 198
582 1064
583 1805
584 283
585 1877
586 1022
587 2011
588 2674
589 250
590 2432
591 1012
592 1883
593 1369
594 2977
595 220
596 622
597 109
598 2211
599 984
600 544
601 1982
602 2368
603 593
604 1508
605 2735
606 2715
607 825
608 347
609 1405
610 1390
611 549
612 2076
613 826
614 2952
615 1211
616 2158
617 1859
618 34
619 1011
620 2396
621 2629
622 793
623 2019
624 2179
625 1048
626 305
627 2404
628 1660
629 1762
630 859
631 2474
632 288
633 2697
634 2933
635 2065
636 1593
637 2715
638 1542
639 1819
640 728
641 2353
642 1642
643 282
644 63
645 2126
646 410
647 2456
648 1248
649 1892
650 2727
651 481
652 1303
653 219
654 596
655 2816
656 715
657 2698
658 2110
659 1143
660 2328
661 1769
662 599
663 547
664 2024
665 1812
666 2525
667 2379
668 944
669 861
670 1365
671 1653
672 219
673 1713
674 2344
675 1666
676 2634
677 1478
678 2469
679 362
680 2881
681 1519
682 1635
683 2392
684 2851
685 1916
686 2548
687 1862
688 1026
689 1775
690 1465
691 341
692 1487
693 1300
694 1989
695 1567
696 1620
697 2899
698 1223
699 1165
700 1931
701 1418
702 2748
703 2021
704 262
705 1050
706 1473
707 171
708 650
709 894
710 1440
711 2644
712 2542
713 2925
714 491
715 116
716 1388
717 1988
718 1444
719 2377
720 465
721 1536
722 1088
723 747
724 593
725 445
726 2026
727 204
728 2231
729 1769
730 692
731 1804
732 2301
733 1923
734 1993
735 2133
736 1321
737 2811
738 1822
739 260
740 1299
741 630
742 1347
743 2210
744 2875
745 2535
746 2961
747 815
748 251
749 928
750 611
751 785
752 2429
753 990
754 1566
755 1211
756 279
757 2190
758 2470
759 2060
760 2114
761 2357
762 34
763 926
764 524
765 1045
766 1385
767 970
768 1093
769 2443
770 328
771 719
772 128
773 1615
774 2649
775 555
776 2493
777 1963
778 1147
779 2177
780 2259
781 1493
782 2357
783 49
784 828
785 2954
786 1586
787 898
788 2946
789 2580
790 2078
791 998
792 1322
793 1383
794 486
795 224
796 220
797 2410
798 1152
799 1896
800 338
801 216
802 164
803 3
804 929
805 267
806 990
807 2575
808 1037
809 1429
810 1005
811 1460
812 57
813 411
814 1605
815 2974
816 400
817 2165
818 1312
819 2374
820 2416
821 2593
822 1600
823 2930
824 2331
825 1907
826 603
827 1132
828 2447
829 2971
830 916
831 1199
832 71
833 1927
834 221
835 1345
836 1192
837 2651
838 2853
839 1554
840 2770
841 1052
842 721
843 869
844 1528
845 2589
846 498
847 1920
848 2755
849 1604
850 2477
851 2887
852 2678
853 2795
854 2798
855 848
856 1290
857 1096
858 1524
859 2763
860 2916
861 1951
862 509
863 1922
864 2143
865 2873
866 1249
867 88
868 321
869 1183
870 47
871 737
872 24
873 2338
874 534
875 2404
876 1453
877 2601
878 1903
879 2028
880 2833
881 2677
882 625
883 311
884 1393
885 1340
886 2943
887 583
888 1372
889 1174
890 1723
891 2811
892 1285
893 1076
894 1019
895 1257
896 1631
897 2619
898 1946
899 365
900 1090
901 2759

