219 64
0 755
1 2789
2 109
3 491
4 2066
5 2584
6 1446
7 2952
8 893
9 1261
10 1077
11 686
12 2044
13 2574
14 409
15 163
16 1385
17 940
18 407
19 1893
20 2357
21 1982
22 1072
23 1305
24 263
25 2436
26 1721
27 386
28 1292
29 888
30 1762
31 179
32 510
33 1078
34 2655
35 440
36 1788
37 1070
38 2284
39 830
40 1326
41 2947
42 574
43 406
44 939
45 166
46 2013
47 1750
48 1929
49 1865
50 553
51 65
52 542
53 2554
54 1690
55 12
56 2615
57 925
58 106
59 2542
60 1780
61 573
62 1282
63 1003
64 643
65 2350
66 2665
67 1217
68 35
69 2637
70 552
71 2739
72 1834
73 1656
74 874
75 792
76 1219
77 2183
78 70
79 2606
80 1138
81 1826
82 2203
83 1448
84 2613
85 1819
86 1462
87 179
88 2102
89 528
90 2523
91 868
92 1713
93 1164
94 388
95 2914
96 2014
97 2114
98 234
99 2779
100 2143
101 1123
102 1553
103 1755
104 1572
105 2979
106 1075
107 657
108 2900
109 1945
110 403
111 2739
112 1258
113 319
114 148
115 498
116 1451
117 1738
118 74
119 1761
120 2995
121 724
122 2589
123 196
124 2986
125 1948
126 679
127 1000
128 1975
129 2483
130 1080
131 875
132 1513
133 2867
134 841
135 1085
136 1570
137 1820
138 2256
139 541
140 2112
141 2928
142 1027
143 1468
144 1104
145 1876
146 1975
147 616
148 1923
149 2332
150 1695
151 2284
152 1811
153 1112
154 669
155 1948
156 772
157 1014
158 2754
159 1351
160 2505
161 1352
162 1057
163 976
164 2484
165 849
166 2078
167 2396
168 941
169 2016
170 1944
171 1165
172 2923
173 1576
174 2021
175 114
176 2538
177 2055
178 318
179 2979
180 1246
181 2478
182 2141
183 1215
184 1280
185 2702
186 1526
187 2424
188 1753
189 211
190 10
191 1762
192 70
193 1261
194 1685
195 2512
196 2269
197 2941
198 1134
199 2833
200 1738
201 2209
202 2068
203 2622
204 2894
205 2430
206 2563
207 2517
208 2771
209 2425
210 2090
211 1198
212 2753
213 822
214 1126
215 1537
216 2175
217 1878
218 1840

