90 38
0 755
1 1083
2 623
3 2435
4 1195
5 773
6 978
7 1836
8 777
9 494
10 2638
11 1543
12 161
13 2551
14 1647
15 1325
16 2197
17 2912
18 792
19 2344
20 2921
21 2517
22 1746
23 1683
24 299
25 2985
26 556
27 2534
28 1802
29 1274
30 1926
31 16
32 2528
33 2402
34 1533
35 1553
36 1575
37 739
38 2260
39 1715
40 695
41 1161
42 2780
43 113
44 1675
45 1727
46 2672
47 2876
48 858
49 837
50 2576
51 2548
52 840
53 275
54 1332
55 719
56 693
57 2189
58 926
59 1227
60 1547
61 1984
62 2629
63 619
64 2229
65 691
66 1741
67 2890
68 1272
69 2960
70 1816
71 275
72 2724
73 2979
74 2843
75 1328
76 743
77 2602
78 1159
79 172
80 510
81 1303
82 403
83 2312
84 146
85 2424
86 2105
87 2249
88 1821
89 1896

