962 65
0 61
1 2040
2 1860
3 794
4 1531
5 2680
6 1425
7 1021
8 1333
9 2543
10 51
11 52
12 440
13 2130
14 1791
15 393
16 1441
17 2593
18 571
19 2505
20 449
21 1001
22 2949
23 140
24 2761
25 2631
26 7
27 815
28 78
29 2587
30 1154
31 340
32 2040
33 2437
34 2972
35 2215
36 170
37 441
38 1821
39 0
40 2923
41 2239
42 1969
43 1339
44 759
45 140
46 486
47 1948
48 2573
49 2636
50 660
51 2228
52 1148
53 1025
54 1765
55 2187
56 891
57 1721
58 171
59 706
60 2797
61 2944
62 1639
63 984
64 369
65 1033
66 434
67 1454
68 2617
69 2692
70 2659
71 174
72 1212
73 2995
74 2750
75 2654
76 28
77 1692
78 487
79 1839
80 681
81 2081
82 2079
83 2669
84 2108
85 994
86 387
87 1434
88 892
89 1740
90 2316
91 1146
92 2743
93 2903
94 2383
95 609
96 319
97 2790
98 24
99 1092
100 812
101 1502
102 1794
103 1103
104 2075
105 1622
106 1807
107 1851
108 2868
109 2650
110 2700
111 1389
112 669
113 711
114 2374
115 192
116 438
117 1654
118 306
119 1083
120 1185
121 1516
122 2137
123 1811
124 1126
125 1295
126 2689
127 502
128 1288
129 2683
130 1879
131 1119
132 2022
133 2528
134 673
135 1120
136 2279
137 100
138 1729
139 175
140 2560
141 1593
142 2415
143 2667
144 1046
145 1850
146 577
147 222
148 321
149 1692
150 1442
151 2800
152 2858
153 364
154 347
155 1319
156 942
157 1057
158 65
159 556
160 266
161 47
162 1982
163 1657
164 113
165 679
166 2202
167 1757
168 515
169 1925
170 2208
171 2287
172 2855
173 1265
174 2151
175 1726
176 1664
177 2986
178 832
179 1225
180 288
181 1227
182 2047
183 1816
184 242
185 993
186 1430
187 2673
188 917
189 1721
190 482
191 997
192 2536
193 460
194 784
195 883
196 2881
197 1134
198 2373
199 2542
200 214
201 552
202 677
203 1425
204 1215
205 1238
206 235
207 1860
208 239
209 40
210 2512
211 1285
212 1561
213 1812
214 1268
215 2702
216 494
217 923
218 1483
219 551
220 465
221 1304
222 2170
223 2418
224 1856
225 2790
226 550
227 1773
228 2658
229 108
230 2361
231 641
232 2266
233 2114
234 886
235 2749
236 2675
237 1926
238 1549
239 2940
240 244
241 1314
242 2393
243 524
244 1306
245 2722
246 602
247 1379
248 2061
249 703
250 1269
251 1156
252 1307
253 407
254 960
255 636
256 2037
257 216
258 624
259 1485
260 1205
261 420
262 1636
263 2623
264 943
265 2477
266 1243
267 2596
268 2345
269 436
270 1394
271 2481
272 1439
273 1234
274 2644
275 995
276 1033
277 472
278 1952
279 1321
280 1613
281 497
282 2658
283 2375
284 1113
285 256
286 1294
287 1091
288 1414
289 2971
290 1670
291 2931
292 275
293 514
294 2064
295 1091
296 1991
297 1731
298 1054
299 2201
300 1374
301 93
302 555
303 2935
304 1468
305 2270
306 618
307 99
308 599
309 1359
310 1401
311 1467
312 1720
313 372
314 2863
315 2727
316 2771
317 405
318 1591
319 1843
320 2814
321 3000
322 2820
323 730
324 2362
325 807
326 1552
327 2980
328 1152
329 1686
330 1009
331 2693
332 1888
333 1914
334 454
335 499
336 2628
337 1322
338 1798
339 1691
340 1099
341 2475
342 224
343 298
344 1207
345 2501
346 882
347 618
348 2124
349 1368
350 1636
351 2479
352 1494
353 1782
354 981
355 2755
356 1073
357 2235
358 1142
359 1368
360 750
361 1373
362 1079
363 541
364 1479
365 1762
366 2770
367 265
368 1063
369 1471
370 682
371 1271
372 2610
373 2045
374 933
375 2888
376 1091
377 1578
378 845
379 2517
380 1305
381 1985
382 1497
383 1699
384 2090
385 648
386 2446
387 280
388 14
389 2120
390 244
391 1877
392 1956
393 1605
394 1397
395 1593
396 797
397 233
398 2197
399 702
400 2653
401 2712
402 430
403 2071
404 180
405 2417
406 1909
407 2443
408 1894
409 115
410 490
411 159
412 1990
413 2124
414 2062
415 1777
416 923
417 1487
418 2673
419 2038
420 1040
421 1737
422 296
423 1223
424 719
425 1226
426 1638
427 838
428 323
429 1595
430 1548
431 1993
432 841
433 2357
434 2886
435 720
436 1566
437 2506
438 1992
439 57
440 1167
441 315
442 317
443 2466
444 2709
445 937
446 595
447 2596
448 944
449 1293
450 2126
451 780
452 1966
453 293
454 2646
455 570
456 1281
457 1785
458 37
459 222
460 50
461 1511
462 160
463 2982
464 841
465 1881
466 2216
467 2857
468 941
469 1996
470 769
471 116
472 2113
473 1300
474 91
475 2707
476 377
477 1872
478 2306
479 1953
480 2938
481 2862
482 2665
483 2099
484 1408
485 1177
486 2835
487 1961
488 2476
489 531
490 2730
491 727
492 1891
493 1544
494 765
495 194
496 1621
497 544
498 2230
499 2957
500 490
501 1745
502 673
503 655
504 2259
505 1403
506 2180
507 567
508 1599
509 2194
510 2220
511 5
512 644
513 2284
514 507
515 1375
516 914
517 2852
518 340
519 2933
520 2371
521 895
522 1054
523 968
524 320
525 1812
526 1970
527 1314
528 152
529 651
530 2510
531 886
532 1728
533 2010
534 2340
535 1633
536 2960
537 2201
538 1461
539 925
540 2460
541 2721
542 1551
543 595
544 2289
545 388
546 2440
547 2175
548 1743
549 1925
550 2339
551 1403
552 543
553 2304
554 1602
555 930
556 2882
557 972
558 575
559 765
560 467
561 2780
562 2942
563 1080
564 1118
565 663
566 2677
567 1534
568 1104
569 426
570 2298
571 1690
572 1237
573 997
574 1258
575 362
576 2440
577 2568
578 1131
579 694
580 2099
581 2988
582 2976
583 2949
584 2378
585 583
586 1113
587 1557
588 873
589 342
590 2593
591 2200
592 277
593 757
594 428
595 2726
596 2363
597 464
598 337
599 2262
600 1478
601 445
602 568
603 1848
604 334
605 1951
606 747
607 1549
608 1601
609 1000
610 124
611 1938
612 2500
613 159
614 2179
615 548
616 422
617 2463
618 1088
619 406
620 2297
621 154
622 2924
623 776
624 714
625 926
626 2693
627 2024
628 487
629 2057
630 2298
631 2445
632 1878
633 980
634 210
635 2494
636 2387
637 427
638 2961
639 2593
640 1782
641 1212
642 2885
643 2357
644 1978
645 1726
646 2282
647 89
648 1266
649 379
650 1042
651 707
652 1467
653 1785
654 2017
655 949
656 1871
657 1965
658 1745
659 2029
660 2325
661 862
662 587
663 399
664 769
665 2803
666 346
667 420
668 1820
669 1455
670 2084
671 2355
672 1709
673 786
674 847
675 2468
676 1604
677 2513
678 1294
679 374
680 2866
681 1542
682 2901
683 711
684 1921
685 1067
686 191
687 1600
688 1114
689 2093
690 2143
691 2045
692 2722
693 3
694 2047
695 2799
696 368
697 1688
698 587
699 2895
700 355
701 2936
702 832
703 2074
704 2977
705 2685
706 2753
707 2860
708 2297
709 2933
710 2481
711 21
712 2535
713 392
714 1669
715 1518
716 1185
717 587
718 2158
719 813
720 1724
721 417
722 2249
723 2161
724 1657
725 2562
726 2508
727 583
728 1603
729 499
730 1783
731 142
732 2643
733 2681
734 578
735 520
736 1453
737 2615
738 1570
739 129
740 135
741 2202
742 1511
743 285
744 97
745 2232
746 1890
747 2822
748 2529
749 1528
750 2963
751 2053
752 1769
753 907
754 1982
755 42
756 2093
757 462
758 779
759 633
760 958
761 19
762 1094
763 2038
764 2609
765 2549
766 1051
767 101
768 2720
769 602
770 855
771 2211
772 721
773 583
774 2609
775 588
776 1999
777 1407
778 733
779 2979
780 2883
781 968
782 1209
783 1037
784 405
785 793
786 2221
787 2523
788 1825
789 31
790 1414
791 873
792 2830
793 545
794 1425
795 1932
796 484
797 2310
798 104
799 688
800 1355
801 1757
802 2682
803 201
804 1550
805 2385
806 515
807 1902
808 2885
809 1259
810 2833
811 358
812 2401
813 424
814 2280
815 1328
816 663
817 362
818 1528
819 1944
820 576
821 749
822 547
823 13
824 1587
825 2370
826 1173
827 2167
828 845
829 1082
830 1955
831 785
832 2094
833 1347
834 1009
835 2347
836 2344
837 2314
838 2952
839 400
840 984
841 246
842 1302
843 1760
844 395
845 274
846 2721
847 333
848 1283
849 2725
850 832
851 1442
852 1848
853 2849
854 2894
855 2908
856 2840
857 194
858 2938
859 1791
860 455
861 1280
862 1613
863 896
864 2820
865 2874
866 71
867 2978
868 1524
869 1519
870 2818
871 2451
872 863
873 2519
874 1382
875 984
876 1586
877 1141
878 453
879 1355
880 2200
881 343
882 1365
883 2524
884 459
885 2699
886 1630
887 2344
888 2758
889 40
890 1142
891 1877
892 2347
893 2058
894 292
895 2142
896 170
897 2601
898 1440
899 1982
900 1642
901 1029
902 2349
903 2045
904 826
905 2162
906 2656
907 1144
908 1245
909 429
910 674
911 1430
912 1152
913 2254
914 2438
915 2770
916 2487
917 1044
918 1426
919 202
920 1064
921 20
922 2246
923 1708
924 2179
925 1958
926 2983
927 1099
928 847
929 27
930 2614
931 2221
932 131
933 2610
934 2232
935 1572
936 152
937 434
938 2109
939 1733
940 1461
941 2297
942 2873
943 2638
944 89
945 898
946 2586
947 2452
948 561
949 799
950 2669
951 2807
952 1974
953 203
954 1169
955 831
956 1470
957 2014
958 2080
959 1895
960 637
961 1023

