498 77
0 2597
1 500
2 2646
3 1410
4 2940
5 372
6 760
7 2829
8 1077
9 1571
10 303
11 2258
12 2975
13 609
14 2736
15 2656
16 2592
17 1651
18 1697
19 710
20 99
21 1125
22 2301
23 1698
24 1116
25 2700
26 664
27 1344
28 1715
29 741
30 2516
31 1870
32 2068
33 2285
34 298
35 1797
36 2724
37 1802
38 2198
39 2926
40 8
41 2509
42 1507
43 1382
44 1609
45 553
46 533
47 1727
48 137
49 2897
50 722
51 2831
52 674
53 1549
54 2977
55 446
56 22
57 1054
58 1351
59 1478
60 1149
61 442
62 700
63 1842
64 1026
65 1700
66 1841
67 1149
68 234
69 2999
70 2894
71 1041
72 643
73 2059
74 1466
75 957
76 329
77 2594
78 2765
79 1297
80 2149
81 1966
82 2695
83 2351
84 2959
85 2616
86 1081
87 2429
88 2569
89 670
90 1911
91 44
92 1795
93 1437
94 2484
95 1592
96 580
97 2108
98 81
99 622
100 1362
101 2921
102 2410
103 552
104 2005
105 1170
106 1249
107 765
108 2175
109 997
110 2330
111 2208
112 1151
113 2683
114 2549
115 302
116 1290
117 1347
118 1467
119 808
120 2698
121 854
122 790
123 976
124 2725
125 2709
126 867
127 524
128 1890
129 1458
130 2505
131 942
132 1377
133 2893
134 637
135 695
136 201
137 1381
138 1904
139 2796
140 451
141 298
142 188
143 2043
144 2807
145 2497
146 1510
147 1131
148 2415
149 2880
150 1463
151 989
152 165
153 1604
154 2827
155 2952
156 4
157 680
158 339
159 1113
160 929
161 1807
162 430
163 728
164 191
165 1814
166 2941
167 1733
168 2734
169 2618
170 1557
171 1559
172 2985
173 2766
174 2800
175 2972
176 205
177 189
178 1144
179 506
180 176
181 779
182 601
183 2051
184 2588
185 2007
186 2324
187 2658
188 2242
189 23
190 2046
191 489
192 1684
193 2217
194 958
195 1704
196 728
197 2566
198 564
199 1479
200 1093
201 418
202 1231
203 18
204 854
205 808
206 2386
207 538
208 909
209 463
210 849
211 1135
212 1031
213 2195
214 1816
215 303
216 2941
217 257
218 2975
219 2724
220 402
221 1858
222 894
223 643
224 1163
225 2962
226 2
227 1379
228 2748
229 1904
230 2082
231 97
232 1793
233 179
234 2269
235 1325
236 1099
237 799
238 2946
239 1835
240 1578
241 648
242 110
243 1295
244 1266
245 1106
246 1109
247 264
248 2958
249 649
250 2831
251 1360
252 461
253 308
254 298
255 2940
256 1124
257 2158
258 355
259 261
260 963
261 1993
262 2594
263 1552
264 1749
265 2024
266 1388
267 956
268 1567
269 1720
270 1934
271 2924
272 1542
273 293
274 258
275 658
276 1045
277 1614
278 120
279 50
280 2900
281 1922
282 1595
283 803
284 2721
285 2406
286 913
287 1757
288 1175
289 1422
290 1845
291 1521
292 1014
293 1773
294 1112
295 1375
296 2292
297 1221
298 732
299 1923
300 652
301 2493
302 2423
303 532
304 879
305 50
306 2622
307 2441
308 483
309 2976
310 2693
311 232
312 2462
313 571
314 623
315 821
316 1559
317 2104
318 2485
319 34
320 2438
321 2920
322 2760
323 1241
324 2735
325 664
326 2044
327 2979
328 2968
329 1787
330 2571
331 1232
332 2766
333 1207
334 1333
335 2371
336 111
337 1000
338 794
339 1923
340 706
341 1928
342 2851
343 2289
344 1930
345 1425
346 948
347 2284
348 944
349 2497
350 1609
351 2908
352 2503
353 582
354 2483
355 2820
356 2212
357 2122
358 598
359 2133
360 1973
361 274
362 831
363 2375
364 1864
365 1870
366 337
367 785
368 527
369 1414
370 2928
371 1944
372 1479
373 1458
374 1849
375 881
376 2491
377 1939
378 2978
379 880
380 497
381 2223
382 1294
383 2562
384 1323
385 1033
386 404
387 1758
388 985
389 1355
390 581
391 2963
392 1953
393 696
394 746
395 2247
396 2038
397 1384
398 2397
399 231
400 601
401 2058
402 1565
403 2576
404 2227
405 834
406 712
407 2357
408 2381
409 1236
410 447
411 2121
412 326
413 529
414 2633
415 2168
416 340
417 433
418 1264
419 1091
420 1696
421 1937
422 953
423 169
424 1525
425 114
426 1220
427 2843
428 1283
429 1884
430 174
431 1198
432 786
433 2871
434 2978
435 2196
436 2322
437 1208
438 2266
439 573
440 2995
441 993
442 2901
443 2281
444 1680
445 972
446 1637
447 2743
448 1418
449 2542
450 1080
451 1601
452 2978
453 2599
454 2193
455 1990
456 2590
457 2042
458 926
459 2085
460 10
461 942
462 721
463 2332
464 2882
465 2688
466 844
467 2195
468 1563
469 2685
470 521
471 2327
472 363
473 570
474 2660
475 399
476 2467
477 424
478 73
479 1763
480 1633
481 573
482 1883
483 974
484 1536
485 2450
486 1854
487 1106
488 1025
489 2146
490 2595
491 2154
492 1865
493 990
494 639
495 893
496 1691
497 1428

