196 35
0 1679
1 2530
2 2500
3 313
4 1417
5 1652
6 1087
7 1403
8 23
9 484
10 1206
11 116
12 2375
13 1830
14 679
15 2098
16 1253
17 713
18 1124
19 2872
20 573
21 1732
22 1785
23 2927
24 1830
25 2326
26 2617
27 208
28 2309
29 374
30 946
31 118
32 2855
33 1443
34 1480
35 1750
36 1718
37 1489
38 2664
39 1754
40 2255
41 1703
42 2806
43 606
44 2400
45 2392
46 1036
47 2329
48 57
49 1681
50 2868
51 1793
52 1090
53 2227
54 235
55 569
56 2639
57 59
58 1760
59 2385
60 428
61 1968
62 2521
63 965
64 565
65 1100
66 2367
67 2429
68 474
69 2008
70 2887
71 2322
72 299
73 1025
74 752
75 937
76 2310
77 1794
78 1656
79 2404
80 733
81 559
82 1693
83 2905
84 755
85 1169
86 2652
87 1953
88 1044
89 1692
90 2378
91 2759
92 2441
93 88
94 2931
95 447
96 652
97 1094
98 979
99 2333
100 1651
101 2073
102 216
103 1633
104 1340
105 2548
106 1830
107 867
108 1152
109 318
110 620
111 580
112 2497
113 1203
114 1189
115 1480
116 471
117 1191
118 2600
119 1387
120 1611
121 2256
122 1220
123 86
124 2205
125 720
126 2895
127 2059
128 1374
129 115
130 1034
131 2333
132 2980
133 934
134 1814
135 291
136 2889
137 153
138 1685
139 1021
140 2969
141 2604
142 81
143 249
144 2561
145 1374
146 341
147 836
148 2387
149 2844
150 1902
151 507
152 2122
153 1914
154 624
155 337
156 1695
157 2366
158 2018
159 1495
160 844
161 1132
162 2933
163 1733
164 382
165 2669
166 2761
167 956
168 1683
169 2437
170 2065
171 1644
172 762
173 1044
174 1035
175 2964
176 1541
177 1615
178 638
179 84
180 2845
181 2100
182 1830
183 1236
184 2368
185 2686
186 435
187 781
188 2421
189 582
190 156
191 2082
192 383
193 942
194 1580
195 12

