428 27
0 2493
1 2857
2 1183
3 1374
4 1759
5 1981
6 2899
7 2928
8 187
9 1539
10 1802
11 1303
12 2541
13 2625
14 1445
15 2364
16 1857
17 771
18 577
19 2077
20 231
21 1987
22 2381
23 101
24 1010
25 2434
26 1391
27 2858
28 2669
29 817
30 1342
31 901
32 58
33 1970
34 1589
35 1024
36 1164
37 491
38 693
39 1830
40 856
41 486
42 2233
43 1517
44 1088
45 1933
46 1605
47 394
48 1219
49 1948
50 1158
51 2211
52 2134
53 756
54 2066
55 1261
56 2426
57 900
58 1539
59 469
60 393
61 2232
62 1533
63 2666
64 2553
65 1284
66 208
67 1064
68 1110
69 648
70 1025
71 2827
72 1862
73 1660
74 1299
75 2934
76 1553
77 2672
78 2400
79 119
80 1141
81 2221
82 2702
83 1053
84 2579
85 993
86 2889
87 81
88 644
89 750
90 1449
91 382
92 2412
93 2921
94 2014
95 1713
96 1806
97 2838
98 2029
99 2171
100 1290
101 2421
102 2588
103 2343
104 121
105 2009
106 1949
107 520
108 1264
109 1550
110 920
111 965
112 2783
113 2549
114 2528
115 1840
116 2899
117 564
118 1918
119 524
120 1878
121 1424
122 1247
123 269
124 1564
125 2976
126 1238
127 2945
128 1838
129 2492
130 1100
131 2629
132 1027
133 2825
134 2371
135 2314
136 832
137 2373
138 685
139 2005
140 2270
141 1018
142 443
143 1528
144 2086
145 2238
146 493
147 524
148 147
149 1631
150 744
151 896
152 119
153 1178
154 466
155 2469
156 2280
157 1987
158 2288
159 2662
160 2586
161 1824
162 1912
163 575
164 183
165 1833
166 1157
167 1286
168 1320
169 978
170 2978
171 1308
172 1144
173 2178
174 219
175 2380
176 1582
177 198
178 1855
179 1643
180 2776
181 2923
182 1222
183 40
184 250
185 1628
186 965
187 1624
188 2217
189 1684
190 220
191 1677
192 1391
193 2349
194 722
195 2339
196 746
197 228
198 2985
199 1617
200 799
201 2671
202 635
203 767
204 1794
205 497
206 1284
207 2515
208 1252
209 1057
210 729
211 1825
212 2499
213 22
214 1134
215 2089
216 1961
217 462
218 624
219 91
220 229
221 2046
222 769
223 2167
224 2871
225 2963
226 1049
227 241
228 1021
229 2934
230 463
231 2325
232 331
233 675
234 2556
235 1307
236 86
237 2129
238 2982
239 430
240 181
241 733
242 555
243 654
244 72
245 1503
246 1791
247 2802
248 504
249 426
250 1503
251 1182
252 2177
253 1788
254 1249
255 11
256 2725
257 2843
258 942
259 1228
260 2386
261 2346
262 55
263 1554
264 744
265 1965
266 2125
267 392
268 1786
269 806
270 587
271 1714
272 2177
273 938
274 1654
275 771
276 2745
277 654
278 1831
279 1208
280 628
281 2483
282 219
283 1614
284 369
285 617
286 1595
287 2098
288 1762
289 1854
290 29
291 1324
292 1536
293 1868
294 808
295 1362
296 224
297 1358
298 1390
299 349
300 320
301 1071
302 2815
303 717
304 2751
305 4
306 1485
307 2894
308 993
309 1852
310 233
311 2671
312 2320
313 1914
314 2798
315 819
316 2045
317 1212
318 1392
319 2893
320 376
321 1992
322 621
323 1802
324 1088
325 1202
326 1960
327 451
328 2125
329 2371
330 2355
331 2514
332 1619
333 2943
334 407
335 2174
336 1125
337 1354
338 410
339 2632
340 1766
341 1229
342 2112
343 2305
344 896
345 2051
346 1327
347 1216
348 2942
349 1895
350 669
351 1702
352 1014
353 456
354 584
355 479
356 2734
357 948
358 1079
359 1387
360 193
361 1599
362 520
363 647
364 1405
365 299
366 2346
367 83
368 379
369 2352
370 1140
371 799
372 334
373 1942
374 368
375 880
376 999
377 1659
378 1525
379 787
380 2952
381 2560
382 1999
383 1285
384 655
385 2715
386 2406
387 60
388 2441
389 1983
390 749
391 1299
392 1279
393 2995
394 1232
395 2699
396 1613
397 1320
398 1920
399 811
400 1092
401 79
402 2054
403 2187
404 2437
405 2211
406 2847
407 706
408 1909
409 335
410 1578
411 398
412 1641
413 306
414 1073
415 1661
416 2975
417 2905
418 2683
419 2411
420 1267
421 2016
422 2042
423 555
424 2912
425 1502
426 1902
427 504

