838 73
0 524
1 580
2 1163
3 2355
4 1437
5 2396
6 1547
7 1136
8 107
9 1927
10 574
11 367
12 1761
13 2146
14 1832
15 1160
16 2577
17 2041
18 2568
19 1281
20 1556
21 1168
22 1806
23 2645
24 1036
25 37
26 989
27 687
28 1318
29 2992
30 405
31 2475
32 68
33 957
34 789
35 759
36 1357
37 2070
38 1626
39 520
40 2897
41 2183
42 127
43 2597
44 2093
45 761
46 1784
47 1354
48 1382
49 244
50 1554
51 2202
52 649
53 2067
54 1082
55 2830
56 1884
57 1158
58 2751
59 1811
60 374
61 2796
62 2270
63 2764
64 203
65 753
66 1882
67 1045
68 1491
69 2354
70 2741
71 2490
72 2952
73 2295
74 2324
75 2202
76 2755
77 915
78 2289
79 2953
80 1873
81 950
82 1825
83 581
84 417
85 1733
86 334
87 1607
88 2590
89 535
90 502
91 746
92 1675
93 1767
94 1652
95 1319
96 1305
97 2139
98 1798
99 2402
100 495
101 937
102 2294
103 526
104 911
105 900
106 1000
107 101
108 830
109 1792
110 770
111 1811
112 868
113 2921
114 2400
115 2037
116 2793
117 1375
118 871
119 1550
120 1545
121 2682
122 896
123 2530
124 58
125 975
126 262
127 2047
128 719
129 2977
130 1518
131 1550
132 2413
133 2044
134 1301
135 1444
136 2336
137 2056
138 243
139 2256
140 389
141 2145
142 894
143 1566
144 1101
145 2088
146 1572
147 1837
148 970
149 1394
150 1466
151 1466
152 1135
153 2129
154 2881
155 1914
156 533
157 751
158 2218
159 2467
160 736
161 677
162 2168
163 2427
164 1996
165 717
166 614
167 2952
168 911
169 24
170 1304
171 144
172 2738
173 1696
174 94
175 572
176 2074
177 1519
178 2234
179 1686
180 2423
181 88
182 639
183 632
184 664
185 1843
186 1779
187 9
188 1080
189 2078
190 2794
191 1787
192 2682
193 2644
194 2301
195 1604
196 1589
197 1654
198 2174
199 2855
200 2708
201 239
202 2737
203 2398
204 499
205 241
206 2301
207 1894
208 2676
209 1386
210 1627
211 393
212 1170
213 2739
214 1028
215 433
216 2807
217 1367
218 2178
219 16
220 2329
221 1403
222 366
223 1924
224 521
225 2543
226 1034
227 405
228 1276
229 122
230 747
231 1909
232 224
233 619
234 973
235 263
236 186
237 1844
238 749
239 1957
240 832
241 2320
242 133
243 2832
244 1387
245 687
246 1674
247 2751
248 1995
249 2306
250 337
251 1914
252 2675
253 2582
254 286
255 1959
256 2609
257 2863
258 310
259 2089
260 2584
261 2789
262 1128
263 1400
264 2492
265 497
266 1297
267 1258
268 1388
269 651
270 1673
271 2931
272 1296
273 2367
274 1280
275 444
276 2966
277 1760
278 1720
279 537
280 112
281 1815
282 2342
283 2928
284 1341
285 1286
286 203
287 904
288 1437
289 2767
290 2300
291 82
292 593
293 2008
294 1472
295 2114
296 1881
297 439
298 2872
299 1236
300 371
301 1566
302 1506
303 608
304 138
305 1552
306 1619
307 163
308 1907
309 1365
310 2014
311 768
312 1326
313 2509
314 165
315 1441
316 2745
317 117
318 688
319 1449
320 1302
321 1940
322 1389
323 2673
324 526
325 2608
326 1537
327 815
328 1158
329 2773
330 1609
331 657
332 173
333 2090
334 2175
335 1817
336 1249
337 1982
338 2625
339 1641
340 2569
341 653
342 2963
343 1592
344 2008
345 1012
346 224
347 3000
348 1629
349 113
350 1841
351 604
352 2265
353 704
354 2167
355 339
356 97
357 2737
358 1416
359 1683
360 2107
361 1020
362 1576
363 1570
364 911
365 82
366 1613
367 1803
368 2607
369 2786
370 1483
371 1841
372 2625
373 2401
374 730
375 1749
376 1502
377 576
378 1207
379 1518
380 2586
381 1974
382 684
383 315
384 2106
385 1986
386 33
387 1261
388 1354
389 1193
390 550
391 1233
392 2344
393 2723
394 2934
395 971
396 1687
397 79
398 2482
399 2622
400 1630
401 2308
402 2415
403 2235
404 1085
405 327
406 1120
407 1207
408 22
409 2702
410 2727
411 317
412 2349
413 2130
414 2808
415 3
416 1056
417 978
418 752
419 1993
420 853
421 1820
422 2027
423 1902
424 1952
425 1177
426 1665
427 1765
428 1563
429 1925
430 744
431 2199
432 943
433 106
434 1645
435 2587
436 791
437 1805
438 2113
439 2672
440 2344
441 1617
442 1392
443 1889
444 2787
445 1951
446 1470
447 526
448 64
449 1190
450 418
451 1045
452 1263
453 2815
454 770
455 931
456 782
457 737
458 1490
459 49
460 808
461 2838
462 1868
463 335
464 583
465 2799
466 1043
467 567
468 670
469 1455
470 1898
471 2097
472 2221
473 1364
474 1467
475 890
476 2866
477 2675
478 967
479 2363
480 1436
481 1657
482 253
483 1153
484 1665
485 2333
486 770
487 1369
488 187
489 419
490 80
491 1605
492 2677
493 2709
494 374
495 438
496 810
497 897
498 1080
499 1656
500 1425
501 2621
502 135
503 2093
504 425
505 941
506 2875
507 1521
508 1849
509 1730
510 308
511 106
512 938
513 1485
514 2387
515 2667
516 2931
517 1850
518 1627
519 1045
520 1092
521 790
522 1061
523 17
524 1603
525 2265
526 2917
527 977
528 0
529 2799
530 1279
531 2506
532 1516
533 2058
534 2678
535 1214
536 823
537 2750
538 764
539 2154
540 58
541 616
542 1155
543 1838
544 1599
545 2533
546 1214
547 37
548 1618
549 1154
550 1104
551 1075
552 1108
553 1686
554 1227
555 2013
556 1526
557 1913
558 1241
559 2607
560 1257
561 94
562 725
563 2832
564 2169
565 1335
566 1447
567 611
568 1355
569 2966
570 2467
571 1384
572 2212
573 1760
574 1431
575 1243
576 1567
577 2315
578 1213
579 1666
580 1314
581 2684
582 64
583 1844
584 132
585 1536
586 462
587 2509
588 972
589 308
590 2590
591 2543
592 660
593 2698
594 736
595 2016
596 590
597 1518
598 1824
599 2564
600 1643
601 1031
602 2317
603 1769
604 238
605 2798
606 1306
607 2338
608 720
609 1837
610 2566
611 973
612 2208
613 690
614 2897
615 41
616 1017
617 1302
618 1608
619 2956
620 2905
621 813
622 169
623 2064
624 1080
625 1962
626 1070
627 910
628 769
629 1136
630 1766
631 85
632 2761
633 2113
634 1642
635 2166
636 286
637 2691
638 1127
639 1638
640 100
641 2581
642 1008
643 2265
644 745
645 2749
646 2015
647 2135
648 1145
649 1837
650 1828
651 2541
652 564
653 2158
654 1057
655 985
656 774
657 891
658 118
659 1478
660 2319
661 1772
662 2538
663 1007
664 836
665 486
666 1144
667 2236
668 1105
669 2024
670 571
671 1942
672 11
673 1952
674 1232
675 258
676 2991
677 949
678 2951
679 1631
680 2258
681 1979
682 775
683 190
684 863
685 710
686 120
687 2320
688 1278
689 1825
690 233
691 304
692 2002
693 1899
694 2701
695 2045
696 11
697 2013
698 1360
699 1452
700 1047
701 2241
702 2732
703 1819
704 2484
705 1466
706 183
707 2009
708 1060
709 361
710 599
711 1542
712 973
713 466
714 347
715 2352
716 111
717 1109
718 194
719 1260
720 852
721 169
722 152
723 2906
724 42
725 1108
726 1302
727 346
728 2217
729 2009
730 1373
731 269
732 988
733 486
734 2284
735 2271
736 1412
737 1202
738 1349
739 632
740 628
741 2013
742 494
743 1631
744 1449
745 1028
746 2407
747 2364
748 1655
749 860
750 449
751 2731
752 1555
753 2692
754 1993
755 2929
756 1482
757 2736
758 1685
759 2724
760 2883
761 346
762 1899
763 2213
764 2243
765 1174
766 438
767 2056
768 1557
769 1147
770 2991
771 1260
772 2550
773 2309
774 1647
775 1758
776 2793
777 396
778 2957
779 1492
780 1527
781 776
782 275
783 796
784 2430
785 274
786 424
787 939
788 2325
789 1133
790 2572
791 1465
792 2450
793 2696
794 712
795 1772
796 1055
797 2432
798 2250
799 2840
800 182
801 418
802 1552
803 1764
804 220
805 2957
806 2471
807 1481
808 1336
809 1070
810 1315
811 2904
812 570
813 867
814 1000
815 711
816 379
817 2436
818 91
819 1428
820 2653
821 2365
822 2989
823 2440
824 967
825 2997
826 2672
827 291
828 2801
829 1750
830 2115
831 1312
832 510
833 2074
834 594
835 2930
836 518
837 809

