422 73
0 105
1 2225
2 772
3 1147
4 1554
5 1179
6 107
7 196
8 803
9 1830
10 2999
11 701
12 634
13 1663
14 1046
15 849
16 398
17 473
18 1917
19 2118
20 2643
21 1114
22 1890
23 1977
24 2994
25 2991
26 1831
27 2657
28 651
29 2076
30 1544
31 1861
32 1061
33 408
34 1356
35 2493
36 1752
37 2725
38 1693
39 1241
40 319
41 1388
42 2062
43 1345
44 2152
45 1031
46 1325
47 525
48 2893
49 389
50 2167
51 1134
52 2831
53 904
54 395
55 589
56 2984
57 2328
58 1242
59 1317
60 2539
61 842
62 35
63 573
64 1995
65 2348
66 2004
67 1067
68 1764
69 1080
70 2132
71 1074
72 2494
73 2098
74 877
75 2613
76 2984
77 2930
78 1221
79 2098
80 1347
81 521
82 146
83 1017
84 165
85 411
86 2281
87 1143
88 846
89 353
90 2630
91 897
92 2882
93 267
94 2847
95 2944
96 1548
97 2705
98 377
99 1267
100 2995
101 2925
102 2181
103 406
104 364
105 1242
106 1528
107 1016
108 1316
109 1523
110 1095
111 436
112 658
113 514
114 1267
115 143
116 80
117 1387
118 1341
119 2856
120 1776
121 257
122 772
123 611
124 2812
125 1498
126 961
127 2680
128 2480
129 214
130 746
131 258
132 1346
133 2203
134 128
135 2705
136 1406
137 254
138 1035
139 647
140 1054
141 231
142 1478
143 1406
144 997
145 2262
146 2840
147 561
148 1076
149 2403
150 2447
151 1057
152 199
153 166
154 2889
155 1167
156 797
157 1279
158 2360
159 2290
160 1391
161 2823
162 1989
163 340
164 1916
165 716
166 2905
167 1387
168 2667
169 2371
170 1928
171 252
172 1660
173 1294
174 676
175 1742
176 1615
177 2912
178 1452
179 148
180 905
181 1892
182 1148
183 1140
184 1993
185 2760
186 1380
187 1012
188 2392
189 2625
190 2664
191 300
192 1555
193 710
194 2760
195 390
196 2316
197 2768
198 2468
199 2491
200 768
201 1980
202 1491
203 2088
204 177
205 802
206 2760
207 911
208 77
209 1136
210 1133
211 1111
212 320
213 2847
214 2056
215 189
216 538
217 1796
218 418
219 276
220 888
221 1105
222 2900
223 803
224 1733
225 2661
226 2768
227 2057
228 2005
229 335
230 146
231 496
232 2712
233 225
234 1
235 2825
236 2579
237 730
238 2315
239 1626
240 2617
241 1830
242 1426
243 2889
244 13
245 1073
246 2664
247 188
248 439
249 985
250 189
251 2984
252 124
253 2533
254 2926
255 2468
256 1041
257 2891
258 1930
259 607
260 1639
261 1728
262 1643
263 1219
264 2836
265 1551
266 2400
267 2112
268 1800
269 2992
270 1603
271 633
272 1488
273 1260
274 1704
275 235
276 2363
277 1943
278 2576
279 2552
280 97
281 499
282 2246
283 1735
284 2057
285 1146
286 1413
287 796
288 2995
289 2810
290 1671
291 107
292 1663
293 2259
294 858
295 144
296 267
297 706
298 2191
299 1881
300 212
301 2988
302 40
303 2625
304 1868
305 1720
306 1628
307 433
308 2824
309 2180
310 2771
311 1854
312 1586
313 1665
314 2821
315 1873
316 1642
317 665
318 421
319 2746
320 276
321 2128
322 2160
323 2533
324 2198
325 2884
326 1412
327 176
328 215
329 756
330 2112
331 638
332 296
333 2337
334 245
335 2522
336 86
337 585
338 959
339 1708
340 83
341 2581
342 1132
343 973
344 1827
345 1450
346 994
347 1173
348 1083
349 1136
350 738
351 2901
352 16
353 681
354 2725
355 647
356 2610
357 2726
358 46
359 61
360 2153
361 2141
362 1340
363 1790
364 661
365 2589
366 1919
367 1680
368 1003
369 1524
370 2581
371 389
372 931
373 521
374 1990
375 397
376 1370
377 2615
378 146
379 875
380 1893
381 1837
382 132
383 2073
384 2141
385 49
386 1784
387 1012
388 1038
389 319
390 1319
391 598
392 2938
393 1406
394 1284
395 1011
396 389
397 1909
398 2338
399 1778
400 184
401 1992
402 811
403 932
404 2696
405 2515
406 446
407 1568
408 1078
409 157
410 1604
411 1133
412 2893
413 2539
414 1626
415 602
416 2979
417 188
418 2747
419 2279
420 2856
421 2518

