910 4
0 983
1 434
2 1062
3 2599
4 1223
5 249
6 2577
7 500
8 161
9 467
10 1363
11 2554
12 1044
13 668
14 2732
15 1908
16 1353
17 1043
18 1419
19 2176
20 22
21 1211
22 2394
23 467
24 2411
25 2532
26 1214
27 2192
28 2297
29 1439
30 1047
31 1538
32 981
33 1301
34 822
35 1083
36 2071
37 178
38 1018
39 806
40 62
41 2604
42 564
43 1299
44 2600
45 2952
46 2808
47 2283
48 2307
49 1394
50 100
51 1224
52 604
53 2899
54 1041
55 2058
56 1338
57 1774
58 2891
59 677
60 2101
61 282
62 2020
63 2081
64 866
65 140
66 835
67 2993
68 1981
69 615
70 2642
71 518
72 12
73 2283
74 2688
75 2717
76 764
77 1282
78 2858
79 1883
80 2127
81 980
82 757
83 726
84 142
85 2415
86 1232
87 2875
88 1159
89 2527
90 2544
91 1534
92 868
93 1864
94 964
95 2403
96 2794
97 1918
98 2655
99 2755
100 775
101 401
102 2115
103 2401
104 2163
105 1546
106 175
107 187
108 2168
109 1108
110 656
111 672
112 2768
113 1335
114 1601
115 237
116 771
117 2451
118 1387
119 2590
120 2117
121 1222
122 1
123 1151
124 2652
125 493
126 1841
127 585
128 2324
129 592
130 2070
131 1373
132 68
133 1058
134 2589
135 1595
136 821
137 2245
138 1702
139 2493
140 2894
141 1926
142 1645
143 376
144 1057
145 1465
146 1771
147 1887
148 2248
149 2620
150 53
151 374
152 2984
153 733
154 2840
155 883
156 2450
157 2961
158 1808
159 2489
160 2932
161 1764
162 1569
163 2533
164 145
165 2205
166 411
167 1579
168 332
169 71
170 2912
171 1454
172 1187
173 804
174 1106
175 2006
176 2956
177 868
178 268
179 181
180 2306
181 2498
182 1212
183 1271
184 2707
185 2713
186 2712
187 462
188 1052
189 1012
190 596
191 1281
192 2392
193 104
194 1537
195 824
196 1675
197 2903
198 1778
199 2950
200 1566
201 2895
202 2527
203 1612
204 850
205 2893
206 408
207 1484
208 1652
209 619
210 1779
211 1297
212 2515
213 2629
214 1826
215 1566
216 199
217 1196
218 421
219 669
220 2984
221 9
222 2268
223 839
224 2745
225 748
226 342
227 502
228 2882
229 587
230 2816
231 1134
232 2505
233 2147
234 102
235 1728
236 290
237 1754
238 1210
239 1119
240 924
241 1108
242 425
243 240
244 508
245 857
246 947
247 739
248 1464
249 2126
250 2016
251 1406
252 2956
253 742
254 1890
255 2520
256 1453
257 1253
258 1384
259 182
260 1557
261 2478
262 760
263 796
264 184
265 2107
266 2553
267 2504
268 1621
269 1853
270 1901
271 1606
272 2916
273 2075
274 2280
275 2367
276 146
277 1346
278 1593
279 577
280 918
281 511
282 2096
283 320
284 2574
285 1288
286 2873
287 1423
288 559
289 2487
290 2240
291 1368
292 963
293 777
294 1687
295 1228
296 2898
297 1204
298 2255
299 223
300 2204
301 1847
302 2955
303 220
304 477
305 2404
306 2501
307 574
308 1655
309 2931
310 944
311 2077
312 2017
313 1540
314 2771
315 2794
316 2182
317 2071
318 1608
319 1890
320 2154
321 1527
322 674
323 1700
324 917
325 667
326 2308
327 422
328 577
329 1713
330 1589
331 531
332 2584
333 1108
334 301
335 1563
336 502
337 42
338 1961
339 1697
340 2360
341 2301
342 1782
343 2286
344 2577
345 1372
346 1665
347 2023
348 2219
349 2172
350 2328
351 2725
352 1250
353 1935
354 504
355 2213
356 350
357 1532
358 1165
359 208
360 155
361 853
362 1970
363 1256
364 2986
365 1270
366 1853
367 1113
368 549
369 599
370 1546
371 1488
372 2978
373 899
374 1204
375 428
376 2052
377 2015
378 1329
379 921
380 2108
381 1554
382 2738
383 930
384 377
385 293
386 2025
387 569
388 955
389 763
390 2150
391 750
392 1232
393 786
394 1446
395 1949
396 2341
397 2730
398 186
399 1038
400 296
401 2387
402 217
403 1049
404 2897
405 1824
406 1226
407 20
408 657
409 1368
410 1920
411 1295
412 1612
413 2200
414 38
415 54
416 1393
417 1116
418 2664
419 140
420 2449
421 2634
422 1076
423 2639
424 397
425 2142
426 2868
427 475
428 2136
429 664
430 1926
431 1311
432 432
433 167
434 1524
435 2107
436 1332
437 950
438 1660
439 2563
440 576
441 2702
442 280
443 1220
444 1657
445 2113
446 1368
447 1404
448 601
449 77
450 2392
451 904
452 2734
453 1429
454 731
455 2684
456 864
457 105
458 1388
459 830
460 2887
461 495
462 2183
463 1164
464 1911
465 724
466 1939
467 2299
468 937
469 636
470 2232
471 1271
472 2200
473 2642
474 2786
475 2546
476 2702
477 2248
478 795
479 1040
480 1234
481 2552
482 2093
483 97
484 1254
485 509
486 140
487 2013
488 327
489 523
490 364
491 2028
492 1661
493 2725
494 1023
495 1629
496 485
497 2732
498 2204
499 643
500 1582
501 272
502 1749
503 2049
504 538
505 2672
506 321
507 996
508 1973
509 2134
510 1713
511 2788
512 957
513 374
514 2528
515 1868
516 612
517 2253
518 2706
519 1515
520 2044
521 1267
522 2593
523 542
524 2889
525 2781
526 1060
527 1611
528 2842
529 79
530 1238
531 1064
532 2026
533 2945
534 1452
535 1633
536 870
537 2309
538 328
539 1462
540 1005
541 244
542 2687
543 989
544 1303
545 1996
546 2267
547 907
548 1645
549 1362
550 75
551 1958
552 1001
553 696
554 2517
555 1185
556 1840
557 1030
558 2084
559 1136
560 434
561 669
562 158
563 1374
564 350
565 378
566 234
567 1731
568 2441
569 424
570 1461
571 1754
572 477
573 497
574 77
575 1812
576 1986
577 1850
578 2777
579 450
580 2406
581 1584
582 2570
583 1798
584 1252
585 1115
586 415
587 101
588 2190
589 1282
590 1845
591 1192
592 1234
593 1929
594 131
595 555
596 731
597 2407
598 87
599 1646
600 2916
601 2658
602 42
603 512
604 2965
605 2984
606 2147
607 1281
608 673
609 2661
610 134
611 995
612 282
613 662
614 2912
615 2618
616 748
617 539
618 482
619 2497
620 246
621 1005
622 796
623 399
624 2008
625 2051
626 34
627 346
628 1547
629 2623
630 2146
631 1005
632 2187
633 1749
634 2550
635 2089
636 1829
637 338
638 1666
639 1606
640 2135
641 457
642 248
643 74
644 627
645 346
646 1541
647 1391
648 2667
649 877
650 764
651 1397
652 1382
653 1472
654 1147
655 1474
656 540
657 1915
658 2358
659 1346
660 92
661 1307
662 1731
663 250
664 2883
665 777
666 2025
667 2222
668 678
669 1958
670 1906
671 2633
672 1508
673 2402
674 1785
675 1447
676 1544
677 2232
678 2831
679 462
680 83
681 2264
682 1231
683 608
684 2855
685 1042
686 2792
687 1332
688 1978
689 1985
690 2265
691 910
692 220
693 1501
694 2286
695 273
696 973
697 2674
698 353
699 1201
700 1314
701 2372
702 1897
703 1241
704 2797
705 2617
706 2478
707 1266
708 16
709 413
710 765
711 1875
712 2058
713 752
714 1461
715 2041
716 2857
717 2881
718 2083
719 1966
720 2632
721 1266
722 1822
723 2151
724 1581
725 12
726 1532
727 1691
728 695
729 1522
730 2513
731 1018
732 1297
733 805
734 2637
735 776
736 1222
737 2712
738 1647
739 1396
740 954
741 466
742 2973
743 1560
744 207
745 2814
746 777
747 1251
748 2208
749 1198
750 67
751 2835
752 2961
753 2213
754 1370
755 21
756 1862
757 2104
758 1896
759 1502
760 2717
761 2775
762 946
763 866
764 1831
765 2078
766 1642
767 1920
768 984
769 1810
770 2166
771 1700
772 779
773 1848
774 2807
775 2783
776 2941
777 1796
778 477
779 425
780 2482
781 2318
782 2554
783 75
784 2018
785 1222
786 102
787 2200
788 216
789 2445
790 2013
791 2686
792 1731
793 1180
794 2723
795 980
796 2192
797 1743
798 1032
799 800
800 1428
801 1030
802 1267
803 949
804 1859
805 1396
806 1474
807 854
808 119
809 2828
810 2759
811 832
812 2858
813 130
814 1031
815 2875
816 1714
817 450
818 57
819 2047
820 2647
821 2543
822 36
823 1594
824 2162
825 755
826 2214
827 1533
828 730
829 2587
830 1635
831 680
832 64
833 828
834 1853
835 2694
836 1098
837 583
838 1256
839 2590
840 2259
841 1826
842 6
843 2468
844 2652
845 451
846 2906
847 1197
848 657
849 1262
850 250
851 2288
852 1385
853 260
854 261
855 2840
856 193
857 2142
858 1432
859 771
860 1851
861 842
862 2218
863 823
864 1094
865 1524
866 1604
867 2338
868 816
869 1668
870 545
871 1622
872 726
873 284
874 2309
875 1264
876 1911
877 684
878 151
879 30
880 1128
881 344
882 2016
883 757
884 164
885 391
886 330
887 354
888 981
889 851
890 2864
891 1224
892 813
893 891
894 1415
895 2330
896 274
897 2279
898 959
899 2959
900 2451
901 2817
902 294
903 2971
904 2664
905 1708
906 2763
907 981
908 786
909 1430

