128 84
0 1282
1 1557
2 2433
3 291
4 143
5 1657
6 1422
7 2764
8 2721
9 992
10 180
11 1102
12 742
13 1514
14 256
15 412
16 2884
17 2563
18 836
19 899
20 2597
21 1186
22 597
23 36
24 915
25 181
26 1231
27 1131
28 2873
29 554
30 1711
31 271
32 2044
33 2954
34 1504
35 19
36 1861
37 96
38 2688
39 2036
40 1168
41 2881
42 640
43 2088
44 549
45 2880
46 532
47 2814
48 2615
49 1147
50 776
51 2259
52 244
53 2514
54 691
55 1156
56 2690
57 1883
58 668
59 33
60 1221
61 1426
62 1338
63 1066
64 2610
65 2701
66 1131
67 588
68 1828
69 2735
70 2662
71 1039
72 290
73 335
74 715
75 2719
76 695
77 2544
78 1988
79 2037
80 1061
81 2004
82 1017
83 270
84 1081
85 219
86 1771
87 1122
88 148
89 2082
90 1223
91 490
92 1329
93 1223
94 2156
95 687
96 1323
97 1606
98 2350
99 2235
100 2284
101 2611
102 1143
103 2839
104 1521
105 1
106 263
107 807
108 172
109 1629
110 778
111 1638
112 26
113 1688
114 2866
115 2061
116 2977
117 318
118 2694
119 471
120 1806
121 46
122 2305
123 2700
124 540
125 1970
126 2355
127 2876

