586 75
0 2480
1 1151
2 2216
3 942
4 1185
5 1169
6 124
7 1391
8 2810
9 1453
10 720
11 436
12 2974
13 1846
14 708
15 1732
16 997
17 308
18 911
19 1935
20 2241
21 726
22 28
23 1603
24 525
25 2290
26 1152
27 609
28 1720
29 1954
30 2673
31 2423
32 1989
33 717
34 2372
35 1603
36 2514
37 1324
38 203
39 2505
40 1267
41 407
42 2296
43 1182
44 846
45 73
46 2309
47 2741
48 2528
49 785
50 686
51 2611
52 915
53 1891
54 1334
55 1215
56 1373
57 569
58 1247
59 1680
60 574
61 2369
62 1209
63 2035
64 298
65 1897
66 99
67 2504
68 2610
69 1475
70 1881
71 1018
72 480
73 1000
74 482
75 311
76 39
77 2646
78 2064
79 1253
80 2912
81 2347
82 455
83 1100
84 301
85 2205
86 1633
87 2452
88 139
89 1147
90 209
91 642
92 2674
93 732
94 626
95 2810
96 1993
97 728
98 238
99 2383
100 2375
101 761
102 1991
103 2896
104 736
105 2925
106 1911
107 397
108 2538
109 2246
110 1055
111 943
112 1258
113 451
114 1511
115 2118
116 551
117 2163
118 1905
119 696
120 631
121 547
122 2209
123 681
124 46
125 689
126 454
127 1695
128 734
129 665
130 2983
131 2709
132 684
133 2566
134 2099
135 2363
136 34
137 2659
138 395
139 1116
140 290
141 1456
142 1937
143 2526
144 2168
145 871
146 2421
147 1581
148 2788
149 2114
150 1000
151 2311
152 2563
153 2685
154 71
155 838
156 913
157 1245
158 440
159 2090
160 2551
161 2314
162 1258
163 1352
164 1018
165 2875
166 2776
167 1169
168 2150
169 1188
170 915
171 62
172 2536
173 48
174 714
175 2707
176 1988
177 876
178 1364
179 2540
180 1423
181 981
182 2
183 1592
184 1029
185 417
186 2939
187 508
188 1374
189 61
190 2609
191 2880
192 177
193 1496
194 430
195 1010
196 370
197 142
198 848
199 1057
200 2995
201 992
202 1883
203 1536
204 1050
205 174
206 251
207 2497
208 2735
209 1861
210 3
211 1841
212 915
213 2074
214 987
215 2171
216 2754
217 255
218 1933
219 1847
220 1159
221 323
222 412
223 1990
224 353
225 235
226 1424
227 11
228 457
229 2237
230 1686
231 2525
232 53
233 1191
234 846
235 1350
236 1199
237 2563
238 21
239 1427
240 2260
241 1017
242 1536
243 2381
244 1965
245 709
246 1951
247 1207
248 194
249 2847
250 2393
251 2652
252 1479
253 2836
254 1810
255 1400
256 2030
257 2039
258 2159
259 1032
260 2747
261 239
262 2812
263 187
264 8
265 995
266 2064
267 1750
268 359
269 875
270 452
271 566
272 1988
273 1840
274 992
275 1747
276 50
277 2546
278 2978
279 2526
280 1709
281 1277
282 1640
283 1817
284 1712
285 2788
286 1189
287 2864
288 426
289 2076
290 286
291 2553
292 2697
293 1834
294 1079
295 1913
296 1467
297 384
298 2606
299 2217
300 2766
301 590
302 1637
303 1055
304 513
305 1865
306 2429
307 106
308 841
309 2012
310 1255
311 2275
312 775
313 901
314 1053
315 553
316 597
317 1825
318 2588
319 2422
320 2149
321 715
322 2135
323 2683
324 1391
325 580
326 82
327 2101
328 1462
329 1451
330 2156
331 181
332 1647
333 1001
334 1882
335 2298
336 674
337 756
338 2515
339 393
340 681
341 2022
342 972
343 2967
344 1832
345 23
346 1458
347 1526
348 2170
349 1207
350 993
351 445
352 771
353 2005
354 2696
355 927
356 653
357 443
358 1643
359 746
360 2449
361 2145
362 2056
363 2856
364 2592
365 2004
366 823
367 2314
368 1651
369 2037
370 2932
371 2779
372 2451
373 569
374 572
375 691
376 2495
377 507
378 2037
379 1982
380 2059
381 2750
382 178
383 507
384 1649
385 2218
386 2741
387 2647
388 66
389 1713
390 366
391 1393
392 1272
393 84
394 1267
395 1212
396 2739
397 73
398 704
399 998
400 1263
401 70
402 562
403 2978
404 2945
405 1391
406 1020
407 2393
408 1850
409 2331
410 2465
411 145
412 1793
413 1993
414 1697
415 375
416 1748
417 1872
418 824
419 1677
420 2084
421 1474
422 2545
423 175
424 1516
425 1806
426 723
427 1417
428 2993
429 331
430 2234
431 112
432 1175
433 1320
434 2502
435 2821
436 1253
437 2287
438 461
439 102
440 1968
441 607
442 619
443 1788
444 677
445 663
446 1834
447 384
448 2664
449 266
450 1745
451 571
452 179
453 50
454 325
455 228
456 2638
457 1528
458 236
459 2857
460 552
461 157
462 2428
463 2988
464 912
465 764
466 2353
467 2715
468 482
469 2238
470 856
471 1123
472 1091
473 918
474 1965
475 1646
476 2522
477 609
478 2536
479 989
480 1384
481 831
482 2355
483 1048
484 2499
485 740
486 2377
487 898
488 359
489 2650
490 263
491 1012
492 392
493 2579
494 743
495 506
496 66
497 1402
498 2590
499 1787
500 2709
501 2918
502 1907
503 2376
504 226
505 579
506 658
507 1893
508 281
509 2250
510 1729
511 1640
512 2761
513 360
514 2608
515 41
516 601
517 1169
518 1729
519 2074
520 1882
521 621
522 2620
523 2002
524 1221
525 2148
526 614
527 2413
528 920
529 2226
530 188
531 2969
532 2438
533 498
534 1925
535 2615
536 2105
537 1792
538 1292
539 2352
540 877
541 153
542 191
543 858
544 1914
545 833
546 221
547 2841
548 2588
549 2974
550 2651
551 246
552 1034
553 339
554 502
555 692
556 120
557 2433
558 43
559 553
560 400
561 1215
562 2573
563 1493
564 1732
565 2044
566 2378
567 1914
568 174
569 1150
570 2898
571 1546
572 446
573 2328
574 1337
575 709
576 381
577 2207
578 2857
579 853
580 1169
581 182
582 872
583 106
584 759
585 1075

