339 88
0 1426
1 810
2 2800
3 1667
4 512
5 2568
6 96
7 1314
8 199
9 268
10 2321
11 1695
12 788
13 1564
14 2560
15 2422
16 1474
17 151
18 813
19 1499
20 403
21 1792
22 245
23 2183
24 869
25 941
26 1280
27 201
28 1931
29 1901
30 2049
31 1584
32 1569
33 1109
34 428
35 1964
36 2273
37 69
38 2140
39 2280
40 1621
41 2278
42 2477
43 1728
44 1008
45 1599
46 2308
47 1054
48 2705
49 1360
50 2042
51 2779
52 1514
53 2393
54 2405
55 2203
56 2482
57 2059
58 2702
59 2022
60 2920
61 2616
62 42
63 30
64 1011
65 507
66 373
67 1109
68 2673
69 2341
70 2277
71 310
72 555
73 180
74 565
75 1100
76 2758
77 2929
78 671
79 2818
80 2288
81 433
82 1492
83 1545
84 102
85 1067
86 485
87 1930
88 1678
89 535
90 2481
91 1467
92 1527
93 338
94 1424
95 2002
96 1186
97 1668
98 2209
99 2526
100 1809
101 1975
102 171
103 2976
104 724
105 256
106 1744
107 1788
108 423
109 720
110 306
111 242
112 1658
113 1489
114 2296
115 1134
116 1550
117 334
118 2473
119 1054
120 760
121 1174
122 2826
123 2413
124 1980
125 62
126 1692
127 1949
128 1135
129 2252
130 490
131 1695
132 881
133 2362
134 2110
135 1446
136 1896
137 400
138 161
139 2772
140 1716
141 1203
142 1182
143 2100
144 2294
145 717
146 2765
147 2878
148 104
149 1431
150 1190
151 254
152 1595
153 2793
154 196
155 943
156 2212
157 1398
158 828
159 2612
160 462
161 2115
162 414
163 652
164 764
165 227
166 2703
167 1394
168 1089
169 2028
170 223
171 1115
172 998
173 1
174 2306
175 2124
176 962
177 2555
178 1884
179 2304
180 807
181 2568
182 2048
183 439
184 2154
185 1389
186 2582
187 2453
188 644
189 269
190 876
191 241
192 138
193 1059
194 1649
195 1397
196 2759
197 1497
198 393
199 212
200 839
201 795
202 206
203 2257
204 374
205 185
206 610
207 2000
208 2318
209 2528
210 1993
211 2045
212 525
213 1383
214 2421
215 1225
216 2216
217 1712
218 2112
219 859
220 2538
221 2044
222 1767
223 2058
224 2310
225 1012
226 2968
227 927
228 736
229 2843
230 522
231 1901
232 1167
233 1031
234 2751
235 158
236 750
237 2200
238 2955
239 89
240 1537
241 2336
242 399
243 2031
244 901
245 2516
246 2475
247 1970
248 2271
249 2374
250 235
251 1890
252 2702
253 1024
254 140
255 2279
256 872
257 2068
258 1358
259 1879
260 762
261 1889
262 72
263 194
264 1538
265 162
266 1684
267 832
268 1473
269 1210
270 2959
271 1397
272 2082
273 237
274 760
275 1524
276 1646
277 2478
278 1641
279 2576
280 2836
281 2484
282 350
283 2662
284 717
285 1056
286 173
287 2694
288 2689
289 490
290 717
291 243
292 2348
293 2364
294 1713
295 2192
296 789
297 413
298 0
299 2288
300 1945
301 674
302 1958
303 1130
304 2918
305 200
306 2395
307 2617
308 2866
309 1770
310 1122
311 2701
312 1509
313 761
314 1825
315 613
316 1346
317 1516
318 1772
319 210
320 1042
321 1826
322 2481
323 529
324 2873
325 982
326 1785
327 2394
328 2412
329 1436
330 1417
331 2478
332 1083
333 1115
334 1065
335 1054
336 557
337 18
338 145

