754 85
0 466
1 1194
2 1666
3 2778
4 868
5 1015
6 2321
7 510
8 2414
9 558
10 1660
11 2719
12 1649
13 1376
14 1659
15 2916
16 1857
17 2024
18 2978
19 2694
20 377
21 1269
22 2495
23 1356
24 878
25 2983
26 1919
27 300
28 2156
29 722
30 1258
31 940
32 1052
33 660
34 1389
35 1913
36 1644
37 2329
38 2505
39 2849
40 1215
41 721
42 38
43 1304
44 1307
45 2559
46 2130
47 2744
48 1932
49 2638
50 2294
51 1116
52 418
53 2631
54 1213
55 1132
56 2453
57 2059
58 74
59 1721
60 2477
61 147
62 575
63 380
64 2616
65 2810
66 1676
67 2120
68 2415
69 2553
70 591
71 95
72 2204
73 1558
74 1324
75 1158
76 1614
77 2715
78 320
79 497
80 2921
81 2235
82 44
83 2918
84 1725
85 1759
86 2238
87 607
88 118
89 2610
90 800
91 954
92 999
93 2535
94 2119
95 737
96 456
97 313
98 391
99 476
100 96
101 866
102 1102
103 17
104 2820
105 1786
106 1872
107 1636
108 1059
109 2549
110 1583
111 676
112 2145
113 1572
114 1937
115 950
116 1279
117 821
118 1039
119 1484
120 201
121 2830
122 2420
123 1731
124 1818
125 848
126 318
127 1402
128 1078
129 2695
130 2247
131 2330
132 650
133 2330
134 2992
135 1936
136 613
137 886
138 2502
139 572
140 411
141 1266
142 1259
143 491
144 1278
145 2686
146 951
147 693
148 2584
149 1427
150 2142
151 2023
152 1717
153 345
154 944
155 1699
156 840
157 206
158 220
159 2982
160 1321
161 2001
162 2554
163 2304
164 1577
165 1346
166 2246
167 120
168 149
169 1491
170 1305
171 655
172 2280
173 2448
174 444
175 302
176 311
177 2904
178 234
179 1119
180 1371
181 925
182 1450
183 1362
184 101
185 2258
186 663
187 2292
188 189
189 594
190 1837
191 2612
192 2331
193 2712
194 608
195 179
196 1281
197 1456
198 1416
199 1003
200 1744
201 2804
202 2693
203 2843
204 1536
205 2969
206 2492
207 2749
208 1265
209 1732
210 1999
211 1985
212 1283
213 2994
214 2378
215 512
216 1378
217 1866
218 2273
219 1182
220 2198
221 988
222 342
223 2218
224 769
225 518
226 64
227 1911
228 1063
229 85
230 2086
231 1588
232 2114
233 1525
234 699
235 2442
236 769
237 1438
238 858
239 1976
240 478
241 1832
242 317
243 1126
244 2419
245 1233
246 301
247 2315
248 2184
249 1262
250 448
251 309
252 988
253 1476
254 2685
255 1422
256 521
257 2713
258 457
259 2583
260 2051
261 2220
262 880
263 1850
264 2869
265 1688
266 2291
267 1959
268 2965
269 765
270 2498
271 1696
272 2913
273 191
274 814
275 608
276 2068
277 802
278 278
279 20
280 2459
281 590
282 1727
283 1823
284 274
285 363
286 413
287 669
288 164
289 1468
290 286
291 566
292 2511
293 176
294 2099
295 2062
296 622
297 1097
298 2767
299 49
300 1437
301 118
302 2716
303 241
304 431
305 2864
306 1800
307 2890
308 70
309 292
310 621
311 22
312 550
313 290
314 893
315 955
316 600
317 2766
318 238
319 438
320 535
321 1699
322 1373
323 213
324 2488
325 1730
326 325
327 2058
328 644
329 1190
330 2379
331 2912
332 2248
333 2801
334 1059
335 2586
336 1455
337 603
338 697
339 2890
340 1642
341 229
342 305
343 2901
344 1566
345 1463
346 1916
347 1024
348 2592
349 115
350 1808
351 1238
352 206
353 2758
354 1214
355 677
356 445
357 242
358 1861
359 2769
360 2113
361 876
362 303
363 2445
364 2513
365 1761
366 848
367 2991
368 528
369 2912
370 230
371 2640
372 937
373 1596
374 1844
375 572
376 2238
377 874
378 1550
379 522
380 1600
381 1759
382 916
383 322
384 2815
385 2496
386 198
387 1416
388 1145
389 1619
390 1803
391 2837
392 543
393 2385
394 357
395 814
396 2910
397 2643
398 1587
399 2306
400 1929
401 2607
402 2645
403 2493
404 1799
405 425
406 1639
407 1965
408 913
409 2889
410 2251
411 543
412 205
413 1219
414 200
415 751
416 899
417 2562
418 95
419 1291
420 31
421 878
422 2230
423 1534
424 2359
425 416
426 2678
427 1577
428 1938
429 2715
430 1142
431 2063
432 1774
433 2089
434 1835
435 1454
436 751
437 2534
438 110
439 394
440 2464
441 507
442 1743
443 2635
444 2283
445 1657
446 2506
447 1030
448 752
449 649
450 1660
451 2958
452 2256
453 594
454 346
455 66
456 1883
457 2016
458 1616
459 2837
460 1931
461 302
462 894
463 576
464 1693
465 1617
466 2015
467 1761
468 817
469 772
470 1992
471 2898
472 2675
473 1432
474 350
475 234
476 2231
477 2909
478 2554
479 1428
480 722
481 2828
482 2586
483 2116
484 1972
485 909
486 2660
487 140
488 609
489 736
490 1391
491 95
492 2463
493 1145
494 771
495 743
496 1600
497 514
498 263
499 1547
500 1880
501 1237
502 2785
503 1257
504 1311
505 2676
506 2508
507 195
508 674
509 2383
510 2286
511 397
512 434
513 1759
514 1569
515 117
516 1457
517 2784
518 559
519 2193
520 861
521 2790
522 2820
523 2267
524 1867
525 1178
526 2061
527 2818
528 1578
529 1541
530 1024
531 1086
532 502
533 2510
534 734
535 2799
536 811
537 1851
538 2913
539 925
540 2559
541 2444
542 149
543 2829
544 1548
545 1168
546 2753
547 2245
548 1538
549 546
550 1838
551 1010
552 901
553 2501
554 772
555 2055
556 957
557 377
558 328
559 155
560 485
561 2402
562 740
563 1014
564 934
565 110
566 251
567 1125
568 2170
569 1361
570 2741
571 603
572 2506
573 829
574 2873
575 80
576 858
577 454
578 2707
579 390
580 1128
581 493
582 2003
583 2196
584 2757
585 2330
586 2743
587 1717
588 1031
589 230
590 1409
591 2561
592 781
593 2065
594 1636
595 764
596 148
597 2932
598 2280
599 2789
600 2229
601 1195
602 2877
603 2832
604 519
605 2261
606 2713
607 1309
608 1521
609 2380
610 2657
611 618
612 312
613 932
614 1572
615 2805
616 2546
617 2989
618 815
619 1636
620 1168
621 2384
622 723
623 1853
624 1436
625 604
626 2984
627 2385
628 2539
629 2307
630 1795
631 41
632 664
633 2624
634 1947
635 872
636 206
637 82
638 1626
639 972
640 2758
641 661
642 1826
643 2258
644 2209
645 1111
646 2046
647 1270
648 1188
649 566
650 2274
651 1039
652 2279
653 1789
654 1876
655 242
656 842
657 2884
658 1111
659 2702
660 201
661 1081
662 549
663 697
664 215
665 2805
666 15
667 1652
668 2846
669 2321
670 1997
671 154
672 2952
673 2271
674 2490
675 1627
676 2821
677 2962
678 723
679 1184
680 45
681 2250
682 2461
683 1872
684 2756
685 782
686 1921
687 858
688 936
689 475
690 665
691 34
692 1190
693 597
694 480
695 941
696 2830
697 2647
698 1195
699 925
700 2124
701 2707
702 1690
703 1100
704 1290
705 1771
706 995
707 175
708 2412
709 2690
710 2421
711 2751
712 974
713 1549
714 2600
715 2557
716 2006
717 498
718 2090
719 1883
720 952
721 869
722 635
723 2875
724 1945
725 293
726 157
727 980
728 1885
729 2264
730 529
731 840
732 2042
733 193
734 323
735 2461
736 2425
737 2028
738 844
739 635
740 1631
741 2290
742 2606
743 346
744 1586
745 1618
746 2902
747 2996
748 1641
749 1990
750 2392
751 1241
752 2257
753 2207

