514 57
0 2648
1 2527
2 392
3 706
4 2849
5 455
6 1496
7 2133
8 1139
9 136
10 1880
11 2414
12 666
13 397
14 2122
15 1783
16 2873
17 2298
18 225
19 314
20 1631
21 2177
22 2780
23 2113
24 148
25 2909
26 83
27 691
28 524
29 1484
30 2389
31 387
32 1846
33 2905
34 1675
35 1958
36 720
37 1947
38 854
39 2266
40 2957
41 876
42 1787
43 792
44 2124
45 1730
46 2304
47 1219
48 2658
49 71
50 320
51 915
52 843
53 2027
54 2967
55 1851
56 1310
57 2750
58 136
59 2117
60 1256
61 453
62 2717
63 367
64 1149
65 1875
66 2877
67 48
68 1397
69 2983
70 2261
71 259
72 2314
73 1470
74 297
75 1338
76 659
77 2251
78 1784
79 1756
80 2805
81 723
82 2719
83 1242
84 2442
85 1346
86 1808
87 1572
88 2133
89 1838
90 778
91 2521
92 1521
93 2933
94 1668
95 2414
96 573
97 628
98 1874
99 1450
100 993
101 2030
102 2722
103 1179
104 1450
105 2438
106 522
107 1604
108 2786
109 2380
110 1640
111 509
112 1204
113 2732
114 1233
115 58
116 981
117 1830
118 2892
119 2364
120 1488
121 2236
122 828
123 901
124 1918
125 957
126 2108
127 2475
128 2616
129 755
130 1186
131 2109
132 2325
133 2445
134 2250
135 1142
136 254
137 1006
138 1448
139 1126
140 2932
141 2229
142 288
143 2703
144 571
145 503
146 1735
147 1598
148 731
149 308
150 1786
151 1868
152 2811
153 1973
154 730
155 238
156 307
157 1358
158 589
159 2339
160 2083
161 1229
162 2975
163 1959
164 91
165 1172
166 160
167 1626
168 1282
169 2117
170 1561
171 917
172 1823
173 793
174 2893
175 2120
176 630
177 2809
178 2978
179 2323
180 1836
181 854
182 761
183 1693
184 642
185 2490
186 54
187 2029
188 1822
189 1134
190 974
191 1821
192 1230
193 2545
194 1749
195 1835
196 2351
197 2507
198 2553
199 1529
200 1817
201 2325
202 104
203 782
204 2749
205 1153
206 2700
207 2242
208 1967
209 2045
210 638
211 2878
212 2040
213 1449
214 2605
215 502
216 2312
217 1542
218 991
219 6
220 150
221 1584
222 990
223 2832
224 2574
225 226
226 1540
227 1780
228 110
229 718
230 1673
231 1887
232 2380
233 1496
234 124
235 296
236 73
237 1796
238 2088
239 1033
240 2399
241 2908
242 1898
243 503
244 881
245 509
246 2636
247 903
248 358
249 712
250 1193
251 1488
252 703
253 319
254 1845
255 1209
256 2369
257 616
258 2389
259 2267
260 2969
261 1278
262 2698
263 273
264 2413
265 251
266 2146
267 730
268 1993
269 1561
270 825
271 1353
272 617
273 2290
274 488
275 75
276 707
277 930
278 1606
279 2674
280 1793
281 596
282 1395
283 1454
284 2639
285 1884
286 2303
287 1187
288 1970
289 1244
290 1395
291 6
292 1997
293 2767
294 582
295 2604
296 2794
297 1313
298 523
299 1693
300 1746
301 2216
302 1068
303 75
304 642
305 1927
306 634
307 1785
308 1250
309 1377
310 570
311 663
312 2177
313 2308
314 958
315 2462
316 1527
317 1381
318 2522
319 1645
320 1991
321 353
322 2465
323 371
324 1806
325 205
326 1292
327 2266
328 1349
329 1883
330 1258
331 1068
332 1543
333 1668
334 1490
335 2012
336 378
337 2431
338 1797
339 2204
340 631
341 1736
342 990
343 2688
344 1613
345 1660
346 2176
347 212
348 380
349 2730
350 1893
351 2751
352 1406
353 754
354 1635
355 2872
356 1728
357 1513
358 214
359 966
360 1505
361 1935
362 164
363 2380
364 1619
365 2859
366 1387
367 1691
368 1019
369 2069
370 768
371 1787
372 194
373 2264
374 529
375 960
376 2757
377 1068
378 2336
379 2946
380 2433
381 2245
382 2244
383 67
384 344
385 272
386 1133
387 416
388 1603
389 2766
390 1921
391 121
392 1198
393 149
394 2368
395 525
396 2862
397 1390
398 2935
399 1303
400 2877
401 322
402 94
403 682
404 14
405 1595
406 1925
407 1935
408 192
409 2522
410 995
411 2061
412 1355
413 130
414 971
415 266
416 2183
417 2953
418 2387
419 965
420 37
421 2322
422 989
423 1642
424 1899
425 2849
426 991
427 644
428 1308
429 2290
430 60
431 2737
432 2050
433 377
434 159
435 2835
436 2452
437 42
438 780
439 1833
440 2632
441 872
442 999
443 458
444 2609
445 2533
446 1900
447 158
448 1228
449 108
450 2693
451 2343
452 2484
453 2141
454 525
455 544
456 154
457 2914
458 2033
459 127
460 1828
461 1131
462 82
463 1699
464 2327
465 280
466 2181
467 2585
468 236
469 1706
470 474
471 263
472 1471
473 1530
474 152
475 1580
476 11
477 130
478 2910
479 273
480 1896
481 2222
482 1534
483 248
484 164
485 1584
486 2078
487 1973
488 972
489 2055
490 2259
491 2362
492 218
493 2226
494 147
495 13
496 797
497 679
498 2543
499 1530
500 2587
501 849
502 149
503 2945
504 1483
505 88
506 872
507 1252
508 2817
509 2623
510 1022
511 2007
512 2169
513 803

