376 88
0 1924
1 675
2 2679
3 52
4 122
5 1195
6 2253
7 610
8 610
9 2048
10 1428
11 505
12 1638
13 103
14 1120
15 2812
16 1489
17 2777
18 832
19 359
20 818
21 1917
22 1998
23 226
24 120
25 2126
26 1281
27 1550
28 783
29 2843
30 1951
31 2084
32 93
33 2358
34 260
35 488
36 2129
37 1056
38 2934
39 1987
40 2279
41 900
42 1581
43 1378
44 1672
45 292
46 821
47 2258
48 2149
49 56
50 1437
51 2217
52 2219
53 2440
54 2487
55 1374
56 988
57 2485
58 625
59 1993
60 2690
61 1861
62 644
63 780
64 1742
65 433
66 1789
67 306
68 1237
69 633
70 1685
71 977
72 1697
73 2933
74 2408
75 528
76 678
77 671
78 35
79 1614
80 1238
81 2535
82 2485
83 2510
84 2139
85 334
86 2967
87 2762
88 333
89 2540
90 2933
91 643
92 2399
93 1334
94 339
95 713
96 1492
97 415
98 1558
99 1998
100 435
101 250
102 1671
103 2155
104 634
105 275
106 2205
107 1649
108 852
109 1141
110 1650
111 2753
112 527
113 2051
114 257
115 2682
116 1444
117 2686
118 2296
119 2339
120 2581
121 1419
122 260
123 2642
124 2039
125 1283
126 1222
127 1209
128 2530
129 767
130 1401
131 2502
132 731
133 1705
134 2483
135 2903
136 447
137 2269
138 1010
139 1022
140 1264
141 2781
142 412
143 1641
144 2721
145 816
146 2992
147 702
148 2582
149 252
150 740
151 2910
152 1819
153 742
154 665
155 2387
156 1610
157 701
158 1251
159 650
160 793
161 1619
162 2610
163 1342
164 1969
165 352
166 2637
167 904
168 1668
169 1067
170 1467
171 907
172 2450
173 112
174 2675
175 1208
176 1447
177 1072
178 625
179 545
180 876
181 2205
182 1332
183 14
184 1852
185 2536
186 1319
187 184
188 100
189 735
190 1013
191 374
192 1902
193 1280
194 1407
195 1309
196 2783
197 1284
198 542
199 10
200 1325
201 2763
202 2262
203 606
204 69
205 1118
206 78
207 1699
208 2787
209 683
210 2387
211 125
212 117
213 2781
214 1021
215 297
216 2675
217 903
218 719
219 856
220 1450
221 661
222 1136
223 1617
224 1820
225 604
226 2982
227 737
228 1180
229 477
230 419
231 1471
232 2407
233 1071
234 894
235 2356
236 89
237 1614
238 1516
239 1130
240 1867
241 2934
242 361
243 848
244 1278
245 1889
246 1401
247 1393
248 2735
249 218
250 2497
251 1042
252 1404
253 1559
254 2436
255 0
256 762
257 69
258 520
259 1731
260 2056
261 2557
262 1874
263 2663
264 1858
265 1996
266 64
267 1045
268 2022
269 1720
270 2715
271 2410
272 2163
273 987
274 2797
275 39
276 265
277 2953
278 531
279 203
280 2885
281 590
282 422
283 1030
284 1638
285 2352
286 1450
287 1209
288 1848
289 749
290 581
291 893
292 1276
293 1534
294 323
295 343
296 1932
297 2408
298 91
299 2638
300 2933
301 778
302 307
303 1907
304 390
305 813
306 2231
307 911
308 1857
309 1456
310 1088
311 2383
312 2308
313 1187
314 2948
315 1044
316 2291
317 750
318 189
319 2506
320 1804
321 925
322 45
323 65
324 383
325 2563
326 367
327 225
328 99
329 2994
330 1412
331 2782
332 311
333 1035
334 602
335 596
336 630
337 696
338 2710
339 1611
340 1469
341 2483
342 2504
343 1740
344 2920
345 2902
346 2748
347 782
348 1885
349 1800
350 1479
351 1737
352 814
353 1058
354 722
355 2860
356 794
357 1792
358 314
359 1809
360 2727
361 1677
362 221
363 380
364 395
365 2293
366 473
367 2061
368 1073
369 2695
370 1794
371 41
372 2290
373 1162
374 2649
375 2868

