98 1
0 1512
1 722
2 340
3 1394
4 1341
5 1622
6 381
7 1223
8 2050
9 427
10 2819
11 1371
12 2635
13 965
14 1120
15 1384
16 1838
17 2930
18 479
19 1871
20 631
21 1675
22 144
23 221
24 671
25 2243
26 710
27 951
28 374
29 2832
30 721
31 2418
32 58
33 2097
34 889
35 2593
36 1055
37 1288
38 55
39 1789
40 208
41 1580
42 2753
43 273
44 1049
45 961
46 2638
47 1299
48 2803
49 670
50 504
51 2727
52 1355
53 1498
54 2009
55 2110
56 1798
57 2647
58 1067
59 876
60 2873
61 2630
62 351
63 1644
64 25
65 756
66 1996
67 2284
68 1019
69 1219
70 2294
71 2827
72 156
73 1568
74 1780
75 1109
76 1891
77 6
78 127
79 954
80 785
81 1076
82 806
83 2162
84 2513
85 232
86 992
87 2715
88 1423
89 2645
90 185
91 1894
92 2182
93 764
94 1892
95 801
96 590
97 2880

