549 9
0 921
1 2819
2 1676
3 1479
4 315
5 359
6 1296
7 485
8 1399
9 2158
10 1339
11 1202
12 2649
13 1997
14 22
15 1546
16 1465
17 2383
18 1497
19 357
20 436
21 123
22 1085
23 2613
24 1788
25 2739
26 323
27 1252
28 2239
29 413
30 2311
31 1151
32 972
33 1002
34 2646
35 2656
36 2892
37 540
38 975
39 1526
40 776
41 1416
42 1231
43 1260
44 775
45 1926
46 695
47 118
48 1878
49 2107
50 342
51 2226
52 2160
53 2168
54 1319
55 1933
56 1311
57 2232
58 586
59 1031
60 2111
61 2988
62 298
63 2063
64 2418
65 1132
66 1282
67 2036
68 1056
69 2001
70 2810
71 1909
72 1168
73 65
74 998
75 1763
76 2089
77 2707
78 2684
79 1041
80 2653
81 1386
82 1232
83 2364
84 1009
85 1640
86 25
87 1364
88 2910
89 2899
90 1928
91 2325
92 2433
93 410
94 795
95 2745
96 1927
97 431
98 2057
99 1308
100 2308
101 1205
102 2098
103 1908
104 2607
105 2201
106 1627
107 1435
108 1252
109 1711
110 82
111 95
112 2144
113 566
114 2083
115 2842
116 2462
117 2697
118 2098
119 1951
120 1944
121 112
122 280
123 1874
124 2798
125 609
126 897
127 866
128 786
129 212
130 2245
131 1098
132 70
133 1086
134 2773
135 822
136 2211
137 1811
138 859
139 822
140 1468
141 1256
142 1136
143 2693
144 2082
145 284
146 2691
147 1951
148 2630
149 926
150 1796
151 92
152 2630
153 1655
154 2102
155 1935
156 299
157 2305
158 2687
159 512
160 895
161 2906
162 72
163 2542
164 2950
165 184
166 2601
167 2652
168 2271
169 1901
170 2855
171 514
172 1358
173 1022
174 2396
175 283
176 1619
177 907
178 1272
179 333
180 2880
181 983
182 728
183 2868
184 1647
185 1157
186 2999
187 2358
188 1077
189 1628
190 1893
191 895
192 1983
193 2691
194 371
195 2851
196 2876
197 464
198 184
199 1355
200 199
201 458
202 2553
203 1351
204 510
205 2540
206 1095
207 507
208 1760
209 1890
210 624
211 391
212 2396
213 1852
214 1610
215 730
216 2981
217 2855
218 1351
219 1153
220 292
221 347
222 2063
223 2431
224 1526
225 2019
226 2810
227 1216
228 823
229 861
230 2188
231 1395
232 1369
233 2340
234 481
235 2631
236 2385
237 2181
238 411
239 2050
240 1140
241 2221
242 2856
243 1654
244 2711
245 1508
246 2129
247 1729
248 2931
249 918
250 1823
251 2963
252 978
253 1567
254 1159
255 1897
256 168
257 2313
258 797
259 1420
260 748
261 1306
262 311
263 1408
264 2315
265 1973
266 1569
267 2585
268 913
269 1887
270 2825
271 2764
272 2902
273 1908
274 126
275 2118
276 2321
277 1415
278 995
279 815
280 659
281 2054
282 2830
283 2068
284 2413
285 1537
286 2341
287 78
288 1412
289 2037
290 1483
291 1240
292 387
293 1499
294 2081
295 316
296 1122
297 1156
298 1952
299 688
300 1124
301 1412
302 676
303 798
304 207
305 441
306 391
307 385
308 1151
309 2874
310 1650
311 2464
312 274
313 691
314 113
315 591
316 677
317 2111
318 2764
319 2711
320 1561
321 572
322 579
323 750
324 406
325 1427
326 1789
327 1117
328 2421
329 712
330 1760
331 2129
332 347
333 1980
334 2690
335 2513
336 34
337 1080
338 259
339 1963
340 2913
341 2642
342 942
343 812
344 2978
345 2179
346 1966
347 1021
348 867
349 976
350 1096
351 852
352 603
353 1271
354 2384
355 2703
356 979
357 31
358 1612
359 958
360 7
361 732
362 1715
363 1586
364 2048
365 1829
366 567
367 2265
368 124
369 1348
370 2358
371 1643
372 2687
373 205
374 865
375 1471
376 2675
377 1322
378 2129
379 2565
380 2487
381 2717
382 551
383 2021
384 498
385 681
386 977
387 1001
388 1351
389 1840
390 2056
391 1176
392 1913
393 2226
394 2071
395 713
396 40
397 358
398 2354
399 1729
400 2843
401 524
402 1277
403 2328
404 1483
405 2985
406 1700
407 487
408 2520
409 1980
410 1876
411 1541
412 2756
413 2455
414 1217
415 876
416 1748
417 1652
418 1059
419 2568
420 1934
421 668
422 2927
423 2663
424 1021
425 1281
426 1057
427 916
428 1965
429 2343
430 2885
431 1658
432 1358
433 2971
434 1959
435 950
436 1697
437 2152
438 1599
439 1489
440 2930
441 254
442 2169
443 1801
444 2915
445 1191
446 1268
447 1995
448 2824
449 1494
450 776
451 1052
452 121
453 2615
454 219
455 1971
456 2003
457 1403
458 2907
459 332
460 650
461 2004
462 1062
463 2260
464 292
465 1891
466 1536
467 1664
468 1127
469 1298
470 904
471 533
472 2798
473 1055
474 2764
475 418
476 2456
477 2453
478 1501
479 1462
480 317
481 1202
482 1117
483 2828
484 1421
485 2654
486 164
487 74
488 388
489 2341
490 2517
491 795
492 1087
493 2994
494 2232
495 350
496 507
497 434
498 2057
499 238
500 225
501 1657
502 1413
503 2388
504 56
505 13
506 1070
507 1004
508 2702
509 2135
510 2741
511 2922
512 125
513 2948
514 1553
515 497
516 2239
517 78
518 2951
519 2322
520 2714
521 851
522 1998
523 888
524 1990
525 1146
526 126
527 2431
528 1435
529 2360
530 667
531 1104
532 2798
533 931
534 1294
535 2715
536 2321
537 321
538 158
539 901
540 1691
541 1535
542 2152
543 2794
544 1765
545 2568
546 2713
547 1205
548 870

