756 51
0 1991
1 2166
2 2741
3 811
4 2320
5 1504
6 1076
7 2940
8 1324
9 1925
10 2612
11 2663
12 2282
13 1576
14 763
15 1103
16 1370
17 833
18 2937
19 795
20 139
21 2268
22 1382
23 629
24 539
25 1969
26 2381
27 1590
28 1210
29 836
30 2031
31 285
32 171
33 1109
34 4
35 1486
36 2443
37 2394
38 1954
39 2100
40 713
41 2451
42 102
43 928
44 2699
45 2733
46 2063
47 1372
48 1278
49 1507
50 2862
51 1220
52 69
53 1415
54 2637
55 2257
56 515
57 1706
58 2038
59 1626
60 440
61 1810
62 1361
63 2595
64 447
65 2343
66 2967
67 518
68 1146
69 35
70 320
71 2882
72 2605
73 2221
74 2767
75 2242
76 710
77 1867
78 437
79 2859
80 992
81 2860
82 2071
83 1040
84 62
85 2771
86 689
87 2999
88 352
89 2159
90 596
91 2558
92 2669
93 570
94 2982
95 1981
96 2549
97 1300
98 2822
99 1335
100 1523
101 2309
102 313
103 238
104 1783
105 528
106 981
107 1766
108 833
109 2465
110 1844
111 2902
112 1887
113 399
114 601
115 1925
116 199
117 602
118 1604
119 486
120 112
121 608
122 790
123 2454
124 2862
125 1342
126 2344
127 611
128 663
129 1465
130 1898
131 128
132 1135
133 2899
134 1336
135 2982
136 750
137 2158
138 1650
139 1556
140 2276
141 1688
142 749
143 2870
144 572
145 1767
146 1604
147 1230
148 2859
149 2539
150 259
151 2828
152 2384
153 2780
154 365
155 517
156 1425
157 749
158 2458
159 2180
160 34
161 2147
162 1753
163 57
164 2861
165 2226
166 202
167 1345
168 1087
169 187
170 2256
171 730
172 1956
173 2632
174 2632
175 2029
176 1085
177 96
178 1708
179 1974
180 398
181 2205
182 1961
183 1572
184 2110
185 2585
186 1851
187 298
188 2810
189 478
190 794
191 1947
192 1655
193 2603
194 1881
195 2216
196 691
197 242
198 2908
199 1797
200 2043
201 1213
202 1613
203 2903
204 2095
205 1870
206 2943
207 222
208 2046
209 1050
210 1925
211 2272
212 80
213 2073
214 2131
215 1749
216 1479
217 875
218 2381
219 915
220 2626
221 870
222 566
223 2107
224 128
225 910
226 2354
227 537
228 1617
229 2527
230 2093
231 651
232 2716
233 1938
234 934
235 520
236 1464
237 463
238 529
239 1149
240 70
241 557
242 1818
243 571
244 466
245 2700
246 506
247 2746
248 2129
249 669
250 717
251 1951
252 593
253 1666
254 2916
255 594
256 1775
257 2200
258 1798
259 1221
260 892
261 1086
262 1398
263 419
264 2902
265 1492
266 1136
267 1791
268 561
269 659
270 2454
271 1477
272 1894
273 1386
274 1889
275 2535
276 2288
277 2170
278 188
279 1386
280 1041
281 1268
282 2555
283 2534
284 2847
285 2387
286 2741
287 2195
288 2622
289 1875
290 2134
291 1160
292 2506
293 2365
294 2644
295 1006
296 449
297 2569
298 1696
299 2979
300 2697
301 2832
302 1780
303 1087
304 1290
305 2802
306 1721
307 2180
308 2023
309 1911
310 1801
311 2546
312 696
313 92
314 623
315 1655
316 1531
317 155
318 1167
319 2461
320 1628
321 352
322 422
323 2686
324 956
325 2698
326 2790
327 1309
328 2741
329 920
330 1404
331 1937
332 2467
333 2263
334 2915
335 88
336 2885
337 440
338 1169
339 2974
340 31
341 1546
342 1579
343 453
344 1609
345 2386
346 2872
347 1837
348 400
349 517
350 1715
351 821
352 2948
353 973
354 2978
355 388
356 81
357 1717
358 1135
359 2664
360 2840
361 1168
362 1851
363 1403
364 1266
365 334
366 1155
367 2920
368 1287
369 2850
370 2125
371 2838
372 1912
373 2260
374 2892
375 1737
376 973
377 2708
378 1053
379 327
380 771
381 1196
382 602
383 1943
384 695
385 999
386 1834
387 79
388 1227
389 689
390 1546
391 109
392 1996
393 961
394 1282
395 1907
396 2534
397 126
398 2192
399 1539
400 2898
401 987
402 249
403 2135
404 1906
405 855
406 714
407 2552
408 343
409 198
410 2924
411 1983
412 1889
413 145
414 475
415 1875
416 737
417 2557
418 2781
419 2583
420 1901
421 1952
422 1017
423 2142
424 2848
425 1074
426 1595
427 2662
428 1838
429 291
430 1040
431 2111
432 388
433 1255
434 208
435 591
436 2416
437 2544
438 1952
439 2994
440 2048
441 1652
442 172
443 2154
444 2153
445 228
446 2471
447 2780
448 978
449 268
450 1745
451 1556
452 1584
453 726
454 952
455 1207
456 154
457 603
458 1255
459 155
460 1987
461 1888
462 1286
463 725
464 1068
465 1946
466 1147
467 2270
468 1647
469 1066
470 2447
471 2543
472 1674
473 1018
474 1606
475 2061
476 950
477 2341
478 2058
479 571
480 2303
481 826
482 1610
483 224
484 182
485 1512
486 16
487 2747
488 182
489 333
490 785
491 1142
492 1369
493 454
494 2132
495 667
496 2360
497 746
498 883
499 1133
500 1545
501 2280
502 1748
503 2132
504 929
505 2891
506 1894
507 32
508 1628
509 1849
510 2206
511 71
512 2369
513 1375
514 2101
515 2585
516 2704
517 796
518 693
519 2419
520 2372
521 2014
522 1839
523 180
524 1334
525 2764
526 538
527 2078
528 2417
529 1656
530 1809
531 1083
532 2859
533 2390
534 2199
535 1413
536 2005
537 2977
538 1014
539 2504
540 1681
541 1913
542 2057
543 849
544 1675
545 538
546 2425
547 1699
548 1175
549 2282
550 956
551 23
552 24
553 434
554 204
555 961
556 2525
557 1466
558 2619
559 288
560 1885
561 772
562 1267
563 411
564 1855
565 1870
566 2056
567 1194
568 607
569 1336
570 1775
571 845
572 1744
573 1989
574 2676
575 534
576 2886
577 788
578 924
579 2791
580 1508
581 1507
582 2624
583 1409
584 1214
585 2878
586 262
587 207
588 986
589 2628
590 1706
591 668
592 2280
593 1849
594 1164
595 700
596 2500
597 1771
598 2637
599 1604
600 338
601 1071
602 2200
603 2417
604 1363
605 454
606 1474
607 650
608 1272
609 469
610 978
611 341
612 1143
613 2054
614 2285
615 1580
616 541
617 2622
618 2887
619 1300
620 732
621 625
622 2568
623 1642
624 1491
625 2863
626 2523
627 190
628 564
629 1575
630 2435
631 687
632 431
633 1957
634 1301
635 2283
636 2411
637 1620
638 2523
639 2593
640 2237
641 1740
642 2533
643 1972
644 1900
645 2108
646 824
647 762
648 2770
649 1566
650 2064
651 1899
652 947
653 920
654 573
655 358
656 2491
657 1856
658 1935
659 2571
660 2017
661 801
662 2923
663 2329
664 300
665 2627
666 2978
667 2329
668 1242
669 1168
670 905
671 928
672 396
673 2773
674 34
675 140
676 151
677 762
678 2677
679 995
680 1534
681 2188
682 592
683 2965
684 2719
685 1140
686 372
687 495
688 2081
689 1965
690 655
691 1455
692 457
693 1627
694 2385
695 2998
696 2786
697 787
698 231
699 2312
700 826
701 556
702 2665
703 880
704 2350
705 580
706 1353
707 532
708 788
709 37
710 2715
711 2515
712 1568
713 2242
714 2687
715 2712
716 1860
717 1037
718 288
719 1271
720 2479
721 2092
722 367
723 1775
724 854
725 2258
726 717
727 2043
728 847
729 2202
730 850
731 2166
732 1474
733 2418
734 1540
735 699
736 1563
737 180
738 346
739 573
740 1809
741 655
742 1338
743 2878
744 952
745 1735
746 2587
747 236
748 2735
749 962
750 1033
751 2857
752 551
753 2485
754 741
755 2389

