531 63
0 2041
1 1745
2 509
3 2325
4 698
5 2962
6 1323
7 2118
8 1482
9 2336
10 2223
11 238
12 748
13 2397
14 1552
15 2968
16 426
17 2567
18 1210
19 2356
20 602
21 133
22 2436
23 1333
24 2162
25 619
26 2445
27 1281
28 62
29 2526
30 705
31 1851
32 2894
33 2160
34 917
35 2210
36 95
37 681
38 918
39 679
40 778
41 1160
42 2184
43 2191
44 2316
45 1469
46 1819
47 2171
48 1952
49 1485
50 2704
51 1720
52 1600
53 756
54 2093
55 2295
56 2467
57 255
58 399
59 2112
60 2969
61 237
62 2000
63 1556
64 1382
65 1140
66 84
67 798
68 650
69 179
70 565
71 1114
72 76
73 1141
74 2649
75 2845
76 930
77 2582
78 1718
79 1133
80 899
81 2516
82 2261
83 1560
84 579
85 2098
86 1641
87 2881
88 2187
89 869
90 43
91 814
92 202
93 1575
94 1853
95 1752
96 571
97 298
98 2464
99 1314
100 1758
101 1327
102 2570
103 1063
104 5
105 2118
106 1289
107 627
108 1919
109 2370
110 2146
111 2816
112 1514
113 953
114 148
115 204
116 2715
117 2798
118 2644
119 2521
120 2013
121 1438
122 1434
123 463
124 1367
125 2614
126 1962
127 1761
128 2655
129 1778
130 2058
131 1805
132 1553
133 1763
134 2298
135 2681
136 1868
137 1084
138 1736
139 1319
140 69
141 2206
142 987
143 1261
144 2375
145 280
146 2815
147 1922
148 2112
149 2042
150 943
151 2518
152 1559
153 2360
154 465
155 2963
156 2473
157 801
158 268
159 2175
160 1924
161 1435
162 2456
163 981
164 2754
165 1759
166 2439
167 89
168 34
169 844
170 493
171 1593
172 1415
173 2729
174 2827
175 2175
176 2189
177 2242
178 2852
179 1320
180 671
181 1052
182 2634
183 1002
184 2175
185 2008
186 437
187 2538
188 608
189 1443
190 319
191 1269
192 895
193 607
194 1815
195 42
196 2818
197 1556
198 1025
199 204
200 813
201 2273
202 2414
203 3
204 2102
205 2024
206 622
207 965
208 143
209 521
210 2640
211 2120
212 2011
213 1883
214 772
215 1245
216 697
217 1879
218 1890
219 879
220 1145
221 1720
222 1170
223 2642
224 678
225 960
226 2014
227 1155
228 2163
229 2402
230 2583
231 1698
232 2067
233 1096
234 1637
235 1754
236 2937
237 1131
238 912
239 2755
240 1076
241 620
242 1234
243 333
244 574
245 2573
246 2934
247 2286
248 2999
249 612
250 1969
251 1366
252 177
253 810
254 2205
255 183
256 346
257 283
258 2257
259 416
260 1818
261 2768
262 2430
263 2982
264 2986
265 736
266 584
267 1506
268 2728
269 889
270 746
271 1869
272 194
273 2240
274 2228
275 552
276 1669
277 1453
278 1119
279 1926
280 2735
281 355
282 2598
283 2284
284 2409
285 406
286 1831
287 200
288 1738
289 2836
290 645
291 434
292 1500
293 165
294 1695
295 480
296 1890
297 2837
298 2626
299 76
300 1696
301 446
302 2553
303 2794
304 1882
305 1378
306 907
307 2770
308 1053
309 1177
310 2509
311 996
312 2759
313 2049
314 2892
315 1079
316 1563
317 568
318 1609
319 184
320 128
321 1539
322 1781
323 322
324 788
325 2840
326 2574
327 2594
328 2934
329 1611
330 593
331 1260
332 2949
333 1810
334 2224
335 358
336 2800
337 2283
338 1397
339 1167
340 2052
341 2730
342 1253
343 53
344 1226
345 836
346 567
347 2893
348 1639
349 185
350 59
351 2218
352 48
353 334
354 1661
355 292
356 370
357 2815
358 5
359 1394
360 2415
361 1909
362 2143
363 1874
364 1015
365 1387
366 2529
367 315
368 2717
369 493
370 547
371 1837
372 2482
373 144
374 666
375 1698
376 836
377 976
378 1478
379 2510
380 1130
381 1276
382 1098
383 2019
384 1031
385 2334
386 1956
387 2802
388 1491
389 978
390 1299
391 1065
392 1715
393 1175
394 1066
395 1906
396 1174
397 1522
398 2387
399 1955
400 2272
401 786
402 2502
403 2992
404 2797
405 1698
406 264
407 930
408 738
409 1635
410 1943
411 2288
412 1524
413 2704
414 907
415 1865
416 863
417 2635
418 843
419 2108
420 2037
421 2786
422 188
423 2504
424 2616
425 2836
426 581
427 1396
428 2668
429 2336
430 1429
431 2007
432 1686
433 597
434 2188
435 1090
436 778
437 835
438 2413
439 2434
440 2073
441 2065
442 992
443 674
444 141
445 2950
446 66
447 393
448 1013
449 1794
450 2011
451 97
452 2856
453 2206
454 752
455 1078
456 2370
457 1900
458 2487
459 2067
460 907
461 2406
462 2037
463 2260
464 946
465 1922
466 50
467 2061
468 1308
469 859
470 203
471 595
472 277
473 1656
474 527
475 2720
476 1509
477 1572
478 1152
479 723
480 2991
481 2891
482 961
483 1248
484 1927
485 479
486 51
487 277
488 2947
489 1389
490 2211
491 1824
492 2696
493 579
494 2611
495 2469
496 999
497 2342
498 2605
499 1051
500 763
501 1557
502 1361
503 760
504 1729
505 496
506 106
507 185
508 382
509 2022
510 1158
511 2329
512 1386
513 1498
514 1099
515 91
516 1257
517 844
518 1130
519 426
520 2692
521 639
522 2414
523 1085
524 889
525 1415
526 2697
527 2278
528 914
529 2417
530 1327

