108 63
0 1092
1 2474
2 1521
3 1650
4 2564
5 350
6 508
7 996
8 1813
9 1909
10 1827
11 69
12 2240
13 1174
14 475
15 406
16 677
17 1405
18 354
19 1629
20 1772
21 1861
22 2556
23 1039
24 2617
25 674
26 2031
27 1875
28 2449
29 1090
30 449
31 2759
32 2710
33 809
34 1604
35 801
36 1227
37 1246
38 974
39 1546
40 343
41 905
42 347
43 1624
44 2862
45 2143
46 909
47 2746
48 2342
49 1718
50 501
51 1299
52 1586
53 2420
54 1433
55 2015
56 2760
57 504
58 885
59 2695
60 248
61 2702
62 1637
63 1996
64 1283
65 2064
66 2367
67 121
68 535
69 1767
70 81
71 979
72 2927
73 26
74 654
75 2035
76 2746
77 2196
78 1344
79 1278
80 1368
81 2652
82 2216
83 612
84 2289
85 2686
86 2031
87 2452
88 2343
89 2650
90 1608
91 1244
92 2717
93 835
94 1957
95 1064
96 183
97 2504
98 516
99 2953
100 1586
101 40
102 1700
103 1010
104 1209
105 763
106 2072
107 166

