827 39
0 1944
1 1902
2 1739
3 483
4 1959
5 2748
6 884
7 2264
8 35
9 278
10 985
11 1514
12 730
13 1572
14 73
15 540
16 158
17 420
18 337
19 1432
20 271
21 2151
22 25
23 1078
24 2508
25 1869
26 2685
27 120
28 507
29 518
30 2877
31 2146
32 960
33 419
34 1480
35 367
36 608
37 2899
38 758
39 1153
40 1244
41 2654
42 48
43 2333
44 2559
45 1016
46 1291
47 331
48 504
49 381
50 2052
51 1000
52 1919
53 353
54 1896
55 763
56 1229
57 2772
58 83
59 1383
60 775
61 526
62 2026
63 2964
64 2262
65 153
66 2647
67 1388
68 470
69 1707
70 2495
71 2373
72 222
73 1562
74 281
75 2903
76 1740
77 14
78 2110
79 1897
80 1554
81 240
82 1221
83 2191
84 681
85 2184
86 2291
87 53
88 455
89 1110
90 2080
91 2857
92 2347
93 1388
94 1029
95 1324
96 136
97 2251
98 1803
99 1425
100 207
101 718
102 500
103 1672
104 992
105 1721
106 1412
107 2653
108 1814
109 1729
110 306
111 1101
112 816
113 964
114 413
115 2624
116 1480
117 2868
118 2052
119 582
120 515
121 1537
122 1099
123 1263
124 79
125 1585
126 1281
127 828
128 2672
129 994
130 602
131 2704
132 1897
133 1384
134 2500
135 2768
136 2079
137 837
138 349
139 2993
140 946
141 145
142 1643
143 259
144 790
145 115
146 2582
147 496
148 187
149 504
150 819
151 2520
152 517
153 903
154 2083
155 240
156 2482
157 1096
158 691
159 1845
160 741
161 2193
162 1937
163 2625
164 2037
165 1023
166 2678
167 2871
168 1673
169 1490
170 2414
171 2303
172 1590
173 2648
174 2081
175 1917
176 2956
177 1807
178 2033
179 2487
180 878
181 1427
182 1527
183 357
184 2510
185 1427
186 2597
187 672
188 957
189 1755
190 1950
191 939
192 569
193 2980
194 668
195 1798
196 1850
197 955
198 2334
199 2167
200 2533
201 2950
202 1386
203 2949
204 669
205 2024
206 1446
207 1816
208 1023
209 1602
210 2110
211 1796
212 2547
213 2341
214 528
215 2572
216 2802
217 2646
218 2990
219 1679
220 736
221 977
222 891
223 416
224 1319
225 2449
226 2693
227 1348
228 1374
229 2107
230 1357
231 2379
232 1179
233 749
234 2755
235 1894
236 1
237 1900
238 1434
239 1024
240 2264
241 1776
242 867
243 1172
244 2995
245 1162
246 2464
247 1252
248 821
249 1705
250 2385
251 2797
252 809
253 69
254 2141
255 2273
256 901
257 1928
258 2339
259 1241
260 1111
261 1322
262 975
263 2485
264 1149
265 969
266 1071
267 2870
268 1188
269 311
270 236
271 597
272 1728
273 2542
274 1641
275 1357
276 2401
277 2858
278 2236
279 1090
280 1935
281 492
282 2012
283 883
284 2030
285 1803
286 2431
287 1109
288 1389
289 108
290 403
291 2085
292 2051
293 2472
294 943
295 1431
296 537
297 2341
298 1456
299 370
300 1815
301 454
302 1611
303 638
304 851
305 2102
306 2878
307 1505
308 1508
309 802
310 2207
311 1233
312 774
313 814
314 950
315 2925
316 2149
317 273
318 2097
319 958
320 2523
321 366
322 1625
323 147
324 2932
325 2016
326 1961
327 1957
328 1248
329 225
330 345
331 655
332 740
333 181
334 1939
335 2164
336 1852
337 781
338 500
339 2870
340 114
341 531
342 987
343 1578
344 557
345 2344
346 1664
347 856
348 2704
349 2807
350 1729
351 2637
352 2112
353 1179
354 1693
355 67
356 768
357 1729
358 20
359 41
360 2816
361 844
362 2297
363 242
364 446
365 1862
366 2427
367 2362
368 605
369 1947
370 559
371 260
372 1634
373 382
374 2735
375 2076
376 2582
377 449
378 1653
379 20
380 1607
381 471
382 2022
383 1075
384 2030
385 1678
386 1930
387 659
388 707
389 859
390 2274
391 277
392 2752
393 1334
394 1571
395 2708
396 1611
397 1674
398 2844
399 655
400 1266
401 630
402 59
403 1519
404 556
405 2048
406 334
407 1794
408 1455
409 1773
410 2594
411 1562
412 2764
413 1021
414 1379
415 578
416 1727
417 2233
418 1466
419 1527
420 1726
421 2728
422 131
423 2070
424 2497
425 2955
426 2943
427 2711
428 489
429 2572
430 1641
431 185
432 367
433 223
434 2301
435 579
436 1519
437 2909
438 2321
439 2446
440 1402
441 1080
442 1968
443 1539
444 307
445 2168
446 1813
447 2680
448 1155
449 860
450 841
451 2944
452 935
453 1250
454 1656
455 365
456 1997
457 1229
458 1966
459 669
460 163
461 1501
462 2555
463 507
464 2849
465 2786
466 1395
467 2980
468 2479
469 458
470 1142
471 2331
472 2338
473 1405
474 2738
475 1199
476 1937
477 1790
478 635
479 2535
480 2741
481 2385
482 807
483 243
484 1541
485 1990
486 1908
487 1885
488 1819
489 1117
490 2479
491 1749
492 356
493 1536
494 807
495 331
496 2807
497 476
498 2554
499 2638
500 691
501 109
502 65
503 2304
504 2847
505 1968
506 1734
507 2085
508 1242
509 213
510 2352
511 2421
512 1727
513 1946
514 1504
515 282
516 830
517 2831
518 2137
519 2573
520 998
521 1885
522 1943
523 845
524 2897
525 1052
526 459
527 823
528 2599
529 512
530 2272
531 821
532 2625
533 2740
534 195
535 2248
536 1736
537 2680
538 2953
539 336
540 1175
541 1837
542 1467
543 1531
544 2886
545 2065
546 345
547 1466
548 1224
549 973
550 1089
551 2061
552 1242
553 849
554 1854
555 2929
556 1561
557 2601
558 2752
559 1964
560 305
561 2511
562 2784
563 1017
564 1677
565 2128
566 903
567 456
568 2646
569 1922
570 2005
571 2033
572 1917
573 2325
574 778
575 2169
576 2236
577 159
578 2192
579 1073
580 2362
581 2754
582 167
583 196
584 1179
585 2666
586 966
587 1651
588 1626
589 572
590 2921
591 656
592 1379
593 902
594 41
595 2928
596 418
597 113
598 1052
599 2105
600 1065
601 2393
602 1073
603 2461
604 189
605 2772
606 2944
607 911
608 727
609 1384
610 155
611 2440
612 55
613 1150
614 682
615 2915
616 1231
617 238
618 2392
619 1048
620 2538
621 2029
622 2508
623 1681
624 626
625 1538
626 2630
627 376
628 990
629 126
630 2878
631 1417
632 600
633 2773
634 1951
635 1417
636 1663
637 2554
638 1255
639 1727
640 622
641 1929
642 457
643 546
644 339
645 527
646 2423
647 2213
648 1445
649 2576
650 1265
651 2441
652 1585
653 2541
654 1134
655 58
656 1466
657 1103
658 2149
659 2040
660 2196
661 1750
662 672
663 113
664 2096
665 1792
666 216
667 1842
668 793
669 2880
670 227
671 2866
672 2646
673 1560
674 622
675 708
676 285
677 1390
678 1652
679 992
680 2472
681 1028
682 1166
683 489
684 1303
685 1381
686 2873
687 1316
688 2231
689 551
690 2201
691 2488
692 45
693 827
694 995
695 1793
696 1754
697 195
698 431
699 1764
700 293
701 1245
702 2547
703 1884
704 1033
705 1187
706 2750
707 797
708 1620
709 1961
710 396
711 54
712 855
713 2501
714 2066
715 914
716 128
717 1914
718 2651
719 1684
720 699
721 353
722 1422
723 2071
724 253
725 2394
726 2649
727 208
728 2372
729 2237
730 2352
731 2320
732 235
733 515
734 1658
735 1584
736 1964
737 2081
738 1516
739 1074
740 696
741 605
742 500
743 2020
744 1231
745 1442
746 118
747 1500
748 807
749 700
750 2198
751 175
752 1594
753 243
754 1097
755 1946
756 2675
757 647
758 947
759 2274
760 1338
761 1275
762 1033
763 1049
764 362
765 2688
766 1328
767 2041
768 2213
769 2911
770 1283
771 1502
772 2567
773 105
774 2859
775 178
776 132
777 1173
778 1885
779 2983
780 2143
781 2904
782 1564
783 2800
784 544
785 2976
786 844
787 1451
788 2036
789 2094
790 2762
791 1258
792 2258
793 1985
794 2484
795 263
796 1127
797 2972
798 927
799 2777
800 2425
801 1900
802 2203
803 442
804 2473
805 2841
806 1909
807 831
808 2849
809 228
810 1949
811 2589
812 2333
813 1111
814 649
815 492
816 2643
817 1120
818 653
819 730
820 1854
821 2137
822 1644
823 1891
824 417
825 1766
826 2734

