578 14
0 1968
1 1343
2 1153
3 960
4 1882
5 1217
6 1709
7 1795
8 2433
9 1314
10 1896
11 2546
12 815
13 2050
14 1272
15 1399
16 512
17 2695
18 1425
19 652
20 1075
21 1125
22 827
23 311
24 2964
25 2161
26 790
27 542
28 2009
29 521
30 1930
31 1995
32 312
33 1074
34 625
35 2841
36 714
37 2020
38 1053
39 1368
40 1458
41 2758
42 1600
43 17
44 2673
45 386
46 2914
47 690
48 1718
49 154
50 2621
51 1572
52 2514
53 545
54 1061
55 2143
56 1206
57 1702
58 646
59 1796
60 1003
61 2844
62 854
63 2437
64 1747
65 2440
66 2252
67 37
68 2887
69 1160
70 1729
71 1946
72 2626
73 2398
74 458
75 2231
76 450
77 300
78 860
79 1834
80 609
81 1912
82 2421
83 185
84 599
85 2255
86 318
87 609
88 2321
89 675
90 2497
91 1554
92 849
93 1114
94 1324
95 872
96 2633
97 2594
98 745
99 12
100 498
101 1711
102 362
103 1852
104 2172
105 1218
106 1860
107 2137
108 457
109 25
110 2605
111 1822
112 913
113 1085
114 2679
115 2818
116 2538
117 120
118 1610
119 725
120 1112
121 2780
122 672
123 2819
124 417
125 2772
126 2795
127 2598
128 1511
129 2056
130 1935
131 1808
132 459
133 2050
134 733
135 961
136 2841
137 330
138 965
139 814
140 1712
141 1323
142 995
143 2986
144 751
145 2982
146 2984
147 2118
148 136
149 2628
150 491
151 1790
152 1883
153 231
154 333
155 2262
156 2960
157 256
158 1061
159 2352
160 638
161 582
162 2833
163 2309
164 2650
165 1759
166 2150
167 2476
168 332
169 1687
170 97
171 1500
172 2613
173 1484
174 2822
175 1975
176 1614
177 2710
178 1542
179 2365
180 2764
181 2907
182 1063
183 166
184 1061
185 2182
186 986
187 953
188 1914
189 688
190 631
191 1355
192 2340
193 2390
194 985
195 1371
196 350
197 1713
198 317
199 2743
200 1427
201 1148
202 2797
203 232
204 2956
205 2203
206 2807
207 1803
208 562
209 1609
210 1203
211 2562
212 1507
213 727
214 182
215 1381
216 1279
217 198
218 1461
219 1942
220 1881
221 1184
222 2043
223 1299
224 2519
225 2645
226 517
227 2835
228 945
229 387
230 1039
231 151
232 458
233 1309
234 2851
235 1299
236 189
237 894
238 762
239 431
240 854
241 2607
242 567
243 1360
244 77
245 2860
246 1997
247 413
248 1986
249 2678
250 2194
251 604
252 1914
253 556
254 2603
255 1232
256 2479
257 1544
258 1378
259 676
260 706
261 2287
262 789
263 1801
264 2059
265 2348
266 1404
267 1567
268 656
269 32
270 1782
271 1080
272 16
273 2877
274 1946
275 129
276 42
277 1742
278 2544
279 82
280 505
281 278
282 1888
283 1206
284 2206
285 2336
286 2686
287 2340
288 2387
289 453
290 1616
291 2296
292 1346
293 1623
294 2362
295 508
296 99
297 2875
298 261
299 1952
300 1082
301 51
302 2138
303 511
304 1297
305 1421
306 1237
307 1946
308 1935
309 79
310 2474
311 987
312 1054
313 1647
314 1150
315 1249
316 2981
317 1382
318 2545
319 2207
320 1624
321 2858
322 1688
323 369
324 475
325 495
326 2258
327 2436
328 406
329 1515
330 1941
331 2990
332 2160
333 2526
334 677
335 2611
336 1090
337 666
338 254
339 1322
340 1652
341 1904
342 2580
343 685
344 362
345 1831
346 668
347 586
348 1634
349 2562
350 1563
351 2054
352 607
353 1722
354 211
355 2798
356 2423
357 2631
358 391
359 892
360 2820
361 1488
362 822
363 1067
364 2039
365 2394
366 1040
367 1398
368 2083
369 780
370 771
371 117
372 2425
373 1071
374 2782
375 1021
376 1753
377 1235
378 2819
379 2179
380 2835
381 835
382 1486
383 1379
384 2033
385 1106
386 2482
387 2019
388 1929
389 2957
390 534
391 2717
392 2500
393 526
394 716
395 2686
396 361
397 2409
398 2178
399 894
400 2358
401 1827
402 489
403 2934
404 53
405 185
406 2505
407 2276
408 578
409 597
410 1239
411 1637
412 845
413 764
414 454
415 1248
416 467
417 568
418 952
419 682
420 1927
421 2290
422 811
423 670
424 2430
425 114
426 163
427 759
428 136
429 2873
430 2324
431 2377
432 1728
433 1218
434 2255
435 226
436 2169
437 2533
438 1907
439 2980
440 404
441 1012
442 1909
443 2172
444 2876
445 435
446 594
447 287
448 1157
449 1148
450 2655
451 2342
452 600
453 380
454 2741
455 1049
456 2778
457 2502
458 2498
459 1900
460 618
461 1216
462 169
463 2883
464 1909
465 824
466 2514
467 670
468 620
469 2824
470 2120
471 1636
472 710
473 2846
474 1905
475 883
476 2640
477 603
478 2994
479 463
480 1766
481 1407
482 572
483 2946
484 2109
485 894
486 2282
487 432
488 1914
489 449
490 434
491 2970
492 380
493 2962
494 2074
495 1331
496 2523
497 1447
498 1739
499 2808
500 1957
501 1579
502 790
503 1454
504 386
505 419
506 765
507 800
508 643
509 1760
510 975
511 2050
512 1347
513 328
514 462
515 1636
516 2280
517 2789
518 1472
519 1799
520 30
521 2354
522 1113
523 2319
524 1127
525 1452
526 1988
527 1905
528 1663
529 1312
530 2242
531 1140
532 2079
533 1952
534 2185
535 1778
536 1674
537 1709
538 2576
539 590
540 1627
541 2484
542 890
543 710
544 2331
545 2784
546 1702
547 2907
548 1657
549 373
550 2388
551 1557
552 1331
553 2589
554 286
555 1118
556 2016
557 2481
558 2864
559 64
560 316
561 2851
562 1977
563 1349
564 1592
565 1218
566 1221
567 1724
568 2043
569 1487
570 2720
571 1664
572 2671
573 141
574 212
575 2477
576 2271
577 1078

