679 9
0 120
1 2543
2 2545
3 155
4 388
5 2221
6 791
7 1493
8 240
9 466
10 699
11 1307
12 153
13 350
14 1438
15 2530
16 1416
17 260
18 1232
19 2745
20 1746
21 2613
22 2327
23 327
24 2446
25 2619
26 303
27 459
28 2385
29 158
30 489
31 1887
32 2005
33 311
34 1429
35 320
36 2291
37 1047
38 516
39 710
40 1667
41 2373
42 2590
43 473
44 1917
45 1674
46 682
47 41
48 586
49 912
50 638
51 910
52 2025
53 682
54 1066
55 1589
56 115
57 2991
58 55
59 2042
60 81
61 511
62 2510
63 2872
64 418
65 2285
66 1534
67 2046
68 2862
69 1058
70 40
71 902
72 1203
73 861
74 2430
75 2613
76 1997
77 1156
78 1445
79 1364
80 2232
81 1521
82 78
83 1842
84 2672
85 1650
86 1612
87 1551
88 1319
89 2733
90 2265
91 822
92 1543
93 1843
94 677
95 1733
96 2716
97 2809
98 2683
99 1416
100 299
101 1021
102 2528
103 52
104 1281
105 2338
106 2603
107 1727
108 1835
109 2795
110 2714
111 2705
112 955
113 1604
114 334
115 2124
116 501
117 511
118 2768
119 283
120 1614
121 2189
122 1429
123 787
124 1677
125 2411
126 128
127 1331
128 2802
129 573
130 905
131 2747
132 2369
133 897
134 1130
135 1559
136 2547
137 2879
138 19
139 1509
140 2136
141 1618
142 2162
143 2689
144 1462
145 2188
146 2289
147 1406
148 2503
149 2686
150 564
151 2785
152 867
153 2354
154 421
155 167
156 514
157 1394
158 1971
159 2095
160 1267
161 252
162 622
163 2945
164 213
165 1885
166 2662
167 2043
168 709
169 1747
170 1060
171 1314
172 2378
173 2849
174 791
175 452
176 485
177 2539
178 1336
179 635
180 122
181 166
182 187
183 2911
184 1542
185 300
186 1264
187 1641
188 244
189 2126
190 1859
191 955
192 2775
193 1054
194 2092
195 1169
196 2604
197 558
198 198
199 63
200 109
201 159
202 2756
203 1480
204 2084
205 299
206 2413
207 1717
208 2491
209 2332
210 1844
211 1003
212 2554
213 2832
214 1472
215 2422
216 2059
217 1185
218 1525
219 1198
220 264
221 2063
222 796
223 2934
224 365
225 1940
226 2470
227 1597
228 2310
229 1937
230 123
231 2135
232 440
233 2508
234 543
235 1437
236 387
237 1734
238 2144
239 942
240 255
241 2832
242 1624
243 810
244 2694
245 2498
246 2572
247 2787
248 2671
249 1539
250 752
251 1906
252 644
253 2601
254 122
255 1355
256 2867
257 2170
258 2070
259 443
260 113
261 537
262 1310
263 2629
264 2055
265 2862
266 302
267 824
268 842
269 666
270 2177
271 2612
272 1295
273 375
274 795
275 888
276 763
277 2552
278 319
279 1536
280 2533
281 312
282 389
283 1249
284 1764
285 1982
286 420
287 2838
288 1269
289 2572
290 1158
291 1462
292 1349
293 174
294 654
295 2965
296 2786
297 2928
298 902
299 909
300 1803
301 1291
302 2103
303 2521
304 2966
305 1366
306 2382
307 918
308 1654
309 2457
310 843
311 1745
312 1491
313 204
314 753
315 2254
316 2784
317 1949
318 2940
319 1608
320 2573
321 2883
322 495
323 1548
324 562
325 54
326 27
327 479
328 2985
329 2926
330 579
331 2364
332 1947
333 2103
334 2249
335 1117
336 2971
337 1185
338 1668
339 2599
340 1762
341 797
342 70
343 1690
344 547
345 2319
346 2543
347 2253
348 1637
349 2148
350 1159
351 2962
352 2393
353 2528
354 611
355 350
356 2398
357 685
358 1203
359 2328
360 1743
361 1153
362 1673
363 799
364 2399
365 909
366 2600
367 2968
368 2315
369 476
370 2190
371 1280
372 828
373 777
374 1634
375 259
376 1075
377 683
378 436
379 2217
380 1250
381 1152
382 1348
383 735
384 2524
385 1936
386 2429
387 2447
388 677
389 2506
390 2411
391 1263
392 954
393 1927
394 1647
395 1826
396 516
397 461
398 1306
399 2275
400 1315
401 516
402 911
403 180
404 1093
405 314
406 616
407 2030
408 1552
409 2311
410 846
411 1385
412 386
413 44
414 1811
415 2468
416 1373
417 2013
418 2045
419 53
420 1195
421 1405
422 2297
423 1396
424 2581
425 1800
426 206
427 26
428 2972
429 1237
430 2036
431 2248
432 1534
433 226
434 2816
435 2968
436 59
437 538
438 2858
439 2100
440 2406
441 389
442 2344
443 2037
444 2940
445 2372
446 1162
447 1189
448 1330
449 2852
450 1887
451 606
452 851
453 1610
454 728
455 528
456 1688
457 455
458 2035
459 1676
460 573
461 381
462 1604
463 893
464 1752
465 2717
466 1939
467 1452
468 1540
469 1876
470 668
471 1466
472 918
473 854
474 2352
475 2079
476 1964
477 1596
478 2428
479 1072
480 2295
481 2416
482 551
483 2853
484 2344
485 2863
486 432
487 2775
488 2219
489 660
490 1600
491 1378
492 767
493 225
494 522
495 185
496 2743
497 1895
498 495
499 2875
500 721
501 1927
502 2919
503 2536
504 1566
505 1570
506 1346
507 810
508 2801
509 838
510 2492
511 2998
512 2982
513 1591
514 2003
515 807
516 445
517 1957
518 2494
519 922
520 1356
521 214
522 570
523 292
524 963
525 1703
526 2283
527 2865
528 450
529 887
530 1267
531 1272
532 1338
533 2665
534 1511
535 1440
536 134
537 678
538 1054
539 1128
540 576
541 2075
542 1792
543 1743
544 351
545 2080
546 2383
547 1129
548 441
549 1196
550 2222
551 2510
552 7
553 2337
554 1739
555 706
556 1894
557 1533
558 813
559 1474
560 355
561 56
562 2304
563 776
564 52
565 2524
566 620
567 2850
568 802
569 891
570 1206
571 808
572 469
573 1084
574 1123
575 658
576 1437
577 147
578 1670
579 341
580 1471
581 1734
582 599
583 1076
584 850
585 1096
586 886
587 459
588 1044
589 1957
590 993
591 278
592 3000
593 2708
594 1946
595 1653
596 334
597 2088
598 1752
599 1910
600 757
601 1122
602 1336
603 2921
604 2190
605 299
606 2771
607 2778
608 2500
609 444
610 989
611 2113
612 1768
613 342
614 1482
615 934
616 320
617 1636
618 1885
619 1446
620 362
621 2428
622 2136
623 2583
624 186
625 1206
626 1251
627 2332
628 957
629 2307
630 1585
631 1801
632 200
633 396
634 908
635 997
636 2259
637 2321
638 179
639 2526
640 2518
641 2741
642 1955
643 119
644 249
645 2655
646 379
647 1692
648 2059
649 757
650 2136
651 536
652 1647
653 980
654 1102
655 1968
656 2589
657 592
658 2867
659 2316
660 407
661 46
662 2365
663 826
664 411
665 2276
666 1566
667 623
668 2508
669 2328
670 625
671 253
672 1017
673 2579
674 1132
675 519
676 2701
677 2682
678 319

