996 49
0 1713
1 545
2 1561
3 1930
4 853
5 1751
6 2955
7 604
8 560
9 821
10 749
11 1489
12 2139
13 2163
14 2075
15 2335
16 677
17 95
18 1279
19 980
20 588
21 1194
22 2854
23 474
24 670
25 2725
26 2548
27 1028
28 2408
29 2028
30 1944
31 68
32 1831
33 1131
34 202
35 2051
36 344
37 945
38 1996
39 337
40 932
41 1099
42 2880
43 160
44 666
45 2686
46 1566
47 1283
48 505
49 2162
50 104
51 2012
52 2187
53 1818
54 197
55 2703
56 2138
57 1099
58 1021
59 2094
60 1891
61 1544
62 2364
63 1314
64 903
65 912
66 1979
67 1771
68 673
69 476
70 1893
71 1673
72 619
73 2348
74 2415
75 1275
76 2696
77 2051
78 209
79 932
80 2275
81 1031
82 817
83 2552
84 141
85 741
86 2914
87 2315
88 953
89 1123
90 1317
91 563
92 127
93 2943
94 1438
95 2911
96 1778
97 1629
98 1767
99 1497
100 1659
101 1331
102 280
103 1278
104 164
105 2847
106 949
107 541
108 656
109 754
110 2810
111 2327
112 545
113 2830
114 2102
115 521
116 337
117 1595
118 363
119 2397
120 42
121 1826
122 1764
123 1503
124 1315
125 1313
126 1297
127 1413
128 2980
129 978
130 2669
131 1506
132 1261
133 1227
134 2171
135 1603
136 2305
137 1920
138 2622
139 1062
140 2736
141 11
142 947
143 2692
144 1780
145 2137
146 876
147 2931
148 2388
149 377
150 1187
151 205
152 2255
153 761
154 2227
155 2851
156 367
157 1440
158 30
159 1335
160 1212
161 1257
162 2848
163 2609
164 988
165 1500
166 220
167 1724
168 490
169 707
170 1396
171 2173
172 1811
173 2183
174 2826
175 1914
176 2607
177 802
178 1231
179 2714
180 1486
181 1868
182 186
183 1603
184 275
185 1107
186 53
187 2738
188 386
189 2848
190 1759
191 2993
192 2137
193 802
194 2949
195 1150
196 173
197 579
198 1036
199 1991
200 2437
201 76
202 1775
203 2134
204 2530
205 445
206 938
207 2960
208 2048
209 1836
210 1516
211 2421
212 1095
213 2371
214 2403
215 358
216 1255
217 18
218 728
219 2853
220 2924
221 27
222 2846
223 223
224 163
225 1551
226 2228
227 854
228 253
229 256
230 1105
231 1942
232 945
233 2740
234 2037
235 294
236 2921
237 864
238 2371
239 2634
240 2412
241 1802
242 2875
243 1527
244 229
245 1979
246 1197
247 2324
248 791
249 1421
250 1574
251 1639
252 406
253 69
254 1988
255 815
256 1350
257 745
258 2477
259 3000
260 2545
261 1302
262 984
263 1177
264 2060
265 720
266 2466
267 2317
268 192
269 778
270 2536
271 2017
272 150
273 2592
274 2483
275 427
276 834
277 1245
278 2273
279 1255
280 2786
281 1848
282 1582
283 2717
284 504
285 2096
286 934
287 1520
288 1616
289 1250
290 2449
291 1916
292 705
293 702
294 222
295 627
296 807
297 606
298 406
299 1869
300 993
301 2809
302 1328
303 964
304 883
305 741
306 2624
307 2457
308 1235
309 2664
310 2060
311 1036
312 232
313 1792
314 2326
315 419
316 2162
317 2065
318 2608
319 2509
320 1788
321 948
322 1941
323 2487
324 1572
325 2084
326 328
327 382
328 664
329 1882
330 700
331 1977
332 2063
333 1767
334 2887
335 1914
336 1341
337 632
338 1681
339 2133
340 531
341 2237
342 177
343 39
344 2543
345 2294
346 580
347 5
348 669
349 441
350 2746
351 505
352 1149
353 2753
354 1702
355 1904
356 2289
357 374
358 2524
359 217
360 2717
361 257
362 2194
363 2141
364 2108
365 763
366 1095
367 2363
368 2308
369 33
370 836
371 2287
372 2398
373 636
374 604
375 2849
376 2952
377 1389
378 826
379 1251
380 1573
381 7
382 1858
383 925
384 1364
385 156
386 1411
387 1083
388 1260
389 6
390 1564
391 790
392 603
393 957
394 209
395 213
396 1665
397 188
398 481
399 127
400 578
401 1
402 2256
403 576
404 646
405 660
406 1303
407 2314
408 2720
409 1991
410 683
411 2250
412 2372
413 389
414 767
415 678
416 356
417 1683
418 1799
419 2716
420 1082
421 725
422 1931
423 2794
424 1002
425 1040
426 2880
427 2307
428 1004
429 543
430 2759
431 807
432 2739
433 2559
434 2574
435 1371
436 1577
437 1725
438 2958
439 220
440 1186
441 2718
442 2008
443 1948
444 294
445 1418
446 2267
447 786
448 2728
449 2126
450 2389
451 304
452 997
453 1578
454 2958
455 2400
456 883
457 1389
458 1834
459 2050
460 1847
461 2823
462 905
463 822
464 2548
465 2173
466 2705
467 1371
468 1283
469 2316
470 1193
471 1417
472 2270
473 1557
474 2154
475 1980
476 199
477 199
478 1422
479 1489
480 1374
481 1742
482 1692
483 81
484 140
485 2771
486 2555
487 338
488 1384
489 444
490 2674
491 1300
492 477
493 2459
494 74
495 2610
496 1166
497 1268
498 955
499 2217
500 2915
501 2527
502 1356
503 532
504 1593
505 2018
506 2185
507 2382
508 670
509 1923
510 851
511 634
512 395
513 1681
514 1431
515 494
516 1528
517 117
518 985
519 634
520 2467
521 1075
522 2509
523 1727
524 569
525 1984
526 2999
527 848
528 2130
529 1387
530 2960
531 539
532 2723
533 1850
534 496
535 1764
536 1812
537 1272
538 163
539 106
540 1567
541 331
542 750
543 2016
544 1281
545 2156
546 2549
547 606
548 2345
549 1921
550 899
551 768
552 252
553 277
554 903
555 874
556 1844
557 547
558 2969
559 686
560 1762
561 1239
562 2009
563 421
564 812
565 499
566 1608
567 565
568 916
569 1993
570 2518
571 641
572 487
573 955
574 2104
575 509
576 2522
577 831
578 2569
579 1212
580 1166
581 2912
582 128
583 2962
584 1780
585 738
586 1027
587 2808
588 2642
589 1895
590 2008
591 2422
592 2889
593 1540
594 2693
595 2373
596 1499
597 1915
598 652
599 743
600 384
601 170
602 2810
603 778
604 328
605 1805
606 2216
607 1757
608 1536
609 2207
610 939
611 2400
612 1883
613 1111
614 1388
615 2452
616 886
617 1498
618 2541
619 583
620 938
621 12
622 589
623 1657
624 2623
625 30
626 2658
627 1622
628 1670
629 202
630 2792
631 2493
632 970
633 627
634 1865
635 396
636 228
637 1728
638 1903
639 473
640 2023
641 2834
642 1072
643 1134
644 2735
645 2419
646 1247
647 2531
648 2796
649 2199
650 242
651 1784
652 1039
653 1841
654 1871
655 112
656 1870
657 1936
658 554
659 31
660 2487
661 2348
662 992
663 1579
664 685
665 963
666 1481
667 1977
668 2644
669 2457
670 2196
671 1797
672 1374
673 835
674 394
675 2121
676 136
677 1929
678 1252
679 827
680 2303
681 2915
682 1701
683 1608
684 1255
685 2735
686 1398
687 1606
688 872
689 79
690 2761
691 1286
692 2622
693 901
694 131
695 961
696 2000
697 892
698 499
699 2167
700 2154
701 1171
702 2134
703 117
704 2193
705 1715
706 717
707 1353
708 67
709 807
710 2669
711 345
712 703
713 2341
714 524
715 1781
716 1915
717 939
718 2874
719 1684
720 11
721 233
722 2238
723 2197
724 2221
725 1077
726 18
727 361
728 1622
729 2467
730 2965
731 2193
732 525
733 1677
734 2447
735 2891
736 2350
737 761
738 422
739 939
740 2307
741 2500
742 2822
743 1173
744 1658
745 2404
746 982
747 1334
748 2523
749 1424
750 505
751 662
752 2809
753 2711
754 2520
755 1633
756 2021
757 475
758 2857
759 775
760 196
761 83
762 1534
763 2581
764 1071
765 1144
766 788
767 768
768 2111
769 2808
770 2429
771 354
772 2710
773 1085
774 221
775 2792
776 147
777 2542
778 1536
779 950
780 1306
781 2189
782 1045
783 2823
784 1417
785 1862
786 532
787 1520
788 2460
789 866
790 2405
791 2323
792 515
793 2936
794 1799
795 938
796 893
797 919
798 2453
799 2795
800 2317
801 2282
802 901
803 2698
804 9
805 1829
806 2072
807 2655
808 2325
809 1306
810 2588
811 2049
812 1439
813 2046
814 656
815 2224
816 2014
817 1333
818 2766
819 511
820 632
821 1876
822 1749
823 2207
824 987
825 1176
826 2126
827 2275
828 114
829 457
830 2439
831 2928
832 2282
833 638
834 1372
835 1407
836 2883
837 1356
838 1757
839 905
840 643
841 1015
842 298
843 1209
844 504
845 2672
846 1013
847 2523
848 500
849 1360
850 1866
851 1969
852 6
853 932
854 1701
855 2255
856 2215
857 115
858 1912
859 380
860 1084
861 734
862 2044
863 1678
864 96
865 2082
866 2442
867 2068
868 2445
869 816
870 1784
871 1698
872 1840
873 2643
874 2417
875 2243
876 2062
877 2819
878 2608
879 2260
880 2849
881 347
882 1340
883 2440
884 578
885 313
886 2723
887 2878
888 931
889 936
890 1818
891 420
892 361
893 2524
894 1399
895 2866
896 1761
897 81
898 2311
899 2710
900 558
901 1203
902 1520
903 2824
904 2769
905 623
906 302
907 386
908 1628
909 2451
910 1303
911 2112
912 1003
913 230
914 853
915 917
916 1421
917 91
918 1945
919 1743
920 1540
921 749
922 375
923 49
924 2432
925 2225
926 765
927 2386
928 1098
929 2904
930 1088
931 762
932 337
933 153
934 707
935 2235
936 1844
937 1224
938 1931
939 458
940 182
941 2509
942 339
943 2879
944 2186
945 2054
946 2586
947 1101
948 2587
949 1203
950 648
951 1466
952 2354
953 829
954 1629
955 1593
956 71
957 1311
958 475
959 963
960 2027
961 264
962 2595
963 2472
964 345
965 2461
966 2344
967 2717
968 1522
969 2111
970 549
971 646
972 2938
973 36
974 2498
975 1322
976 1971
977 1745
978 707
979 703
980 287
981 587
982 543
983 1548
984 2244
985 966
986 2802
987 52
988 1664
989 96
990 318
991 2059
992 2782
993 15
994 560
995 1677

