781 55
0 168
1 1609
2 679
3 2570
4 1245
5 942
6 2814
7 2406
8 855
9 657
10 1162
11 2646
12 938
13 2828
14 2439
15 1275
16 2827
17 1359
18 1924
19 1510
20 1578
21 2177
22 282
23 2657
24 2372
25 2045
26 423
27 521
28 2333
29 452
30 657
31 2999
32 2272
33 1062
34 2684
35 1183
36 635
37 694
38 1757
39 1355
40 2040
41 471
42 677
43 1804
44 1689
45 983
46 1780
47 2087
48 2926
49 819
50 2470
51 1217
52 261
53 1380
54 2210
55 41
56 2655
57 1673
58 2777
59 267
60 1187
61 2778
62 457
63 2237
64 121
65 1902
66 2202
67 1754
68 1361
69 2157
70 2482
71 2393
72 915
73 2419
74 308
75 1747
76 371
77 1073
78 2676
79 670
80 351
81 1975
82 41
83 2338
84 2650
85 325
86 350
87 1202
88 1840
89 322
90 2245
91 795
92 2428
93 2501
94 2776
95 7
96 2283
97 2843
98 1640
99 806
100 2207
101 1715
102 2957
103 925
104 1144
105 1381
106 1650
107 1352
108 1257
109 2492
110 180
111 502
112 842
113 981
114 74
115 1080
116 1277
117 797
118 422
119 1694
120 1820
121 853
122 309
123 1809
124 867
125 899
126 1908
127 407
128 212
129 2017
130 1415
131 1227
132 1441
133 1359
134 1667
135 2563
136 2807
137 574
138 2398
139 260
140 370
141 2506
142 2158
143 300
144 1289
145 456
146 2716
147 1125
148 1506
149 732
150 2696
151 968
152 177
153 1574
154 1776
155 2078
156 2082
157 1841
158 2983
159 904
160 1226
161 2631
162 2015
163 2537
164 926
165 1317
166 2262
167 2318
168 1829
169 1395
170 432
171 40
172 453
173 2182
174 137
175 442
176 2060
177 926
178 235
179 991
180 748
181 2436
182 2697
183 271
184 1196
185 2888
186 2657
187 1533
188 614
189 524
190 1722
191 694
192 431
193 1443
194 2791
195 2590
196 539
197 2419
198 1956
199 2204
200 870
201 293
202 744
203 612
204 2501
205 682
206 815
207 2486
208 97
209 2114
210 1940
211 2643
212 1965
213 661
214 2381
215 477
216 314
217 2476
218 1027
219 2659
220 917
221 1238
222 585
223 1204
224 2985
225 2363
226 505
227 959
228 608
229 1477
230 2210
231 270
232 2068
233 2502
234 1292
235 580
236 2970
237 1954
238 79
239 423
240 1747
241 2248
242 633
243 1830
244 1353
245 2348
246 987
247 2028
248 1494
249 2782
250 963
251 783
252 1826
253 2151
254 1865
255 1107
256 849
257 1145
258 465
259 599
260 917
261 2771
262 2908
263 529
264 159
265 1445
266 1792
267 1222
268 1882
269 2108
270 1748
271 1771
272 1536
273 43
274 568
275 1384
276 1387
277 1991
278 240
279 2841
280 2677
281 385
282 2127
283 2814
284 6
285 1460
286 312
287 640
288 815
289 2347
290 1214
291 2374
292 1646
293 1676
294 2254
295 1022
296 766
297 414
298 1714
299 1493
300 1101
301 162
302 2558
303 1548
304 456
305 2323
306 315
307 2073
308 4
309 1458
310 2397
311 484
312 93
313 456
314 2415
315 2632
316 362
317 2663
318 2964
319 886
320 2142
321 551
322 1764
323 550
324 1173
325 2438
326 1333
327 1091
328 2658
329 198
330 184
331 630
332 1862
333 1583
334 874
335 2400
336 2079
337 1214
338 1996
339 2689
340 2689
341 1458
342 312
343 499
344 2468
345 529
346 1523
347 375
348 233
349 2209
350 1749
351 800
352 826
353 1477
354 2415
355 1167
356 1379
357 2781
358 322
359 65
360 1527
361 2468
362 2374
363 1827
364 1414
365 2502
366 2087
367 981
368 2328
369 1068
370 2594
371 661
372 2544
373 1800
374 204
375 2480
376 1543
377 25
378 998
379 479
380 2804
381 1346
382 1771
383 1423
384 1442
385 2601
386 910
387 1901
388 460
389 1523
390 1560
391 1802
392 1761
393 356
394 2092
395 170
396 2779
397 1323
398 357
399 495
400 2265
401 2004
402 837
403 2123
404 1572
405 2693
406 2171
407 2528
408 1347
409 1393
410 1344
411 1404
412 1023
413 2168
414 304
415 407
416 2319
417 1767
418 2670
419 2061
420 1420
421 2625
422 845
423 1547
424 636
425 1082
426 2226
427 2531
428 2519
429 843
430 2300
431 2596
432 634
433 31
434 2828
435 1638
436 135
437 2315
438 2401
439 293
440 497
441 1372
442 1656
443 316
444 2659
445 1090
446 873
447 1562
448 2568
449 208
450 1680
451 70
452 774
453 2740
454 726
455 1207
456 2231
457 922
458 794
459 2113
460 1190
461 2218
462 307
463 334
464 602
465 221
466 1961
467 2753
468 326
469 1720
470 2085
471 1045
472 551
473 477
474 501
475 1610
476 521
477 882
478 1196
479 2071
480 770
481 1711
482 2480
483 1346
484 2308
485 634
486 1107
487 736
488 2478
489 2385
490 1445
491 2811
492 1527
493 2729
494 1624
495 1197
496 2591
497 1331
498 393
499 2228
500 1962
501 778
502 2459
503 177
504 1777
505 43
506 750
507 1421
508 2432
509 2418
510 1207
511 2533
512 444
513 2833
514 528
515 1969
516 1296
517 1532
518 1200
519 1005
520 2681
521 445
522 2937
523 1295
524 695
525 602
526 1413
527 2132
528 1716
529 180
530 2290
531 2896
532 2676
533 2165
534 1595
535 394
536 2569
537 2224
538 1372
539 2959
540 2200
541 2834
542 1105
543 731
544 943
545 1687
546 1312
547 669
548 1474
549 2550
550 1425
551 459
552 2153
553 2258
554 1295
555 2461
556 1632
557 2598
558 974
559 1698
560 1373
561 1514
562 368
563 193
564 945
565 2852
566 1390
567 1346
568 1
569 1838
570 2850
571 2278
572 1884
573 320
574 1395
575 2686
576 1572
577 902
578 100
579 812
580 153
581 402
582 2883
583 77
584 796
585 2420
586 1595
587 2417
588 1500
589 1432
590 1286
591 1121
592 2942
593 640
594 603
595 865
596 2722
597 2171
598 1014
599 1248
600 1751
601 1547
602 1050
603 2824
604 1898
605 2629
606 2502
607 1162
608 49
609 2757
610 1006
611 513
612 2537
613 992
614 2450
615 2127
616 709
617 1255
618 2585
619 1478
620 2967
621 1026
622 2108
623 2911
624 1173
625 1708
626 2726
627 2150
628 606
629 1692
630 2858
631 2109
632 846
633 943
634 574
635 751
636 769
637 2824
638 1898
639 619
640 71
641 921
642 70
643 621
644 11
645 1996
646 2174
647 2390
648 46
649 1932
650 1267
651 2870
652 1590
653 971
654 583
655 2975
656 2997
657 1031
658 1574
659 844
660 1807
661 2305
662 2751
663 1756
664 1269
665 2696
666 1903
667 1535
668 1999
669 814
670 1972
671 2408
672 284
673 1408
674 187
675 1726
676 2318
677 39
678 2404
679 530
680 1415
681 1001
682 2615
683 2325
684 2279
685 573
686 469
687 2251
688 2829
689 2581
690 360
691 2611
692 2061
693 2362
694 861
695 1129
696 2789
697 2247
698 1804
699 1629
700 453
701 1359
702 2853
703 1259
704 499
705 1772
706 2662
707 2285
708 768
709 2861
710 1869
711 2783
712 2888
713 1587
714 1176
715 1932
716 1435
717 849
718 1076
719 1683
720 1177
721 922
722 1122
723 330
724 2290
725 540
726 167
727 115
728 1273
729 406
730 1202
731 972
732 1544
733 877
734 1115
735 302
736 2272
737 1689
738 248
739 2026
740 560
741 1554
742 2870
743 2637
744 534
745 1502
746 498
747 1694
748 2389
749 551
750 922
751 2130
752 2405
753 783
754 1675
755 1019
756 285
757 69
758 2485
759 599
760 358
761 716
762 1248
763 2979
764 1352
765 1943
766 2912
767 2530
768 1599
769 750
770 2923
771 1372
772 2263
773 2850
774 374
775 2136
776 2115
777 474
778 1108
779 1745
780 516

