460 17
0 2598
1 2143
2 1290
3 2613
4 1782
5 1465
6 1499
7 2282
8 1434
9 27
10 2784
11 2598
12 991
13 1519
14 1597
15 2425
16 860
17 2557
18 602
19 1510
20 1731
21 1524
22 2864
23 2735
24 551
25 2896
26 2032
27 2022
28 396
29 2006
30 624
31 2725
32 576
33 1848
34 1226
35 16
36 178
37 2669
38 2144
39 16
40 2041
41 569
42 1337
43 444
44 794
45 752
46 2471
47 578
48 67
49 741
50 2793
51 342
52 228
53 1780
54 143
55 855
56 2104
57 209
58 851
59 1210
60 2879
61 605
62 2625
63 2929
64 46
65 268
66 1652
67 2212
68 481
69 2416
70 611
71 1018
72 643
73 872
74 1381
75 1357
76 2092
77 1081
78 1502
79 2778
80 1384
81 68
82 1629
83 2979
84 150
85 220
86 2197
87 1991
88 1532
89 112
90 1505
91 2054
92 1179
93 2870
94 2778
95 2168
96 1933
97 798
98 1322
99 485
100 1009
101 1921
102 675
103 2178
104 450
105 2815
106 1614
107 2768
108 2976
109 1938
110 2665
111 1717
112 424
113 1971
114 1066
115 1307
116 1417
117 2642
118 2054
119 1948
120 2481
121 1514
122 2248
123 1367
124 809
125 732
126 2129
127 2961
128 1531
129 62
130 2614
131 2762
132 2328
133 1539
134 1267
135 1048
136 990
137 1226
138 1728
139 1521
140 2669
141 1619
142 2295
143 1386
144 129
145 1423
146 585
147 135
148 1059
149 157
150 1025
151 928
152 1200
153 2396
154 2588
155 542
156 2239
157 2564
158 2668
159 1295
160 2953
161 2412
162 1304
163 1581
164 186
165 1626
166 952
167 1991
168 1820
169 2491
170 2499
171 776
172 532
173 979
174 1212
175 466
176 1486
177 965
178 1430
179 1793
180 1669
181 2961
182 136
183 1997
184 1119
185 2726
186 714
187 2343
188 1056
189 1689
190 530
191 2213
192 673
193 2419
194 2609
195 1489
196 1120
197 2702
198 2717
199 1774
200 997
201 2156
202 1063
203 399
204 2862
205 1200
206 1145
207 2397
208 1882
209 3000
210 584
211 2658
212 2864
213 1780
214 1874
215 2494
216 649
217 2537
218 318
219 532
220 2690
221 724
222 2908
223 1259
224 1597
225 2149
226 972
227 830
228 1138
229 1327
230 422
231 46
232 1886
233 1266
234 287
235 1349
236 666
237 1957
238 971
239 2483
240 577
241 904
242 1521
243 308
244 1635
245 704
246 2681
247 1370
248 2920
249 112
250 457
251 370
252 2637
253 853
254 508
255 2503
256 1578
257 823
258 2423
259 1759
260 2181
261 566
262 2078
263 385
264 2246
265 936
266 2083
267 1229
268 730
269 2046
270 1842
271 623
272 1922
273 974
274 2541
275 2686
276 2334
277 2765
278 763
279 45
280 713
281 2006
282 2466
283 1342
284 1979
285 417
286 2595
287 1484
288 2744
289 1192
290 1592
291 2033
292 2558
293 2017
294 1352
295 1850
296 2343
297 1482
298 1996
299 1564
300 2414
301 2547
302 2973
303 621
304 754
305 39
306 2612
307 1059
308 2473
309 1056
310 2197
311 2884
312 2078
313 267
314 830
315 2869
316 2626
317 1124
318 1926
319 2025
320 2612
321 497
322 1753
323 2558
324 1621
325 1051
326 1798
327 1877
328 1251
329 1457
330 1359
331 1859
332 1639
333 1049
334 598
335 2736
336 551
337 1560
338 1924
339 735
340 1566
341 1540
342 1048
343 2775
344 966
345 896
346 1416
347 2690
348 2522
349 2467
350 346
351 1432
352 1813
353 2514
354 1802
355 1672
356 1750
357 111
358 111
359 2646
360 1609
361 64
362 12
363 563
364 2626
365 1384
366 2020
367 811
368 1937
369 106
370 699
371 2972
372 1909
373 318
374 1698
375 1865
376 1098
377 320
378 2910
379 244
380 1832
381 2713
382 1344
383 2449
384 1289
385 2165
386 1836
387 691
388 840
389 2090
390 2155
391 11
392 2579
393 856
394 317
395 1513
396 130
397 2197
398 1815
399 2661
400 210
401 911
402 2485
403 1
404 2065
405 1404
406 1628
407 2165
408 1524
409 2428
410 2772
411 899
412 564
413 903
414 2188
415 2252
416 2724
417 205
418 589
419 826
420 973
421 1782
422 1759
423 2919
424 235
425 1428
426 905
427 2203
428 2000
429 2731
430 2262
431 1225
432 1721
433 2995
434 390
435 1051
436 1780
437 2471
438 1767
439 1291
440 2287
441 817
442 343
443 2760
444 490
445 1372
446 2489
447 351
448 2566
449 2054
450 93
451 2291
452 2143
453 1455
454 2389
455 1993
456 2009
457 2329
458 496
459 1251

