870 30
0 1386
1 2895
2 1926
3 1487
4 1887
5 2499
6 2485
7 2231
8 1641
9 155
10 838
11 2284
12 1961
13 2715
14 1349
15 456
16 2435
17 2092
18 2934
19 2861
20 410
21 1882
22 405
23 2519
24 463
25 1822
26 1771
27 1850
28 1070
29 509
30 2712
31 2738
32 46
33 2954
34 2457
35 2822
36 959
37 2585
38 556
39 1120
40 1689
41 1877
42 2191
43 2522
44 2651
45 2253
46 1011
47 214
48 1992
49 1891
50 1087
51 1149
52 1499
53 1597
54 2807
55 170
56 440
57 1297
58 2461
59 1017
60 1098
61 1816
62 1066
63 1745
64 639
65 796
66 796
67 2386
68 2663
69 1494
70 924
71 2231
72 1504
73 1887
74 129
75 1717
76 1829
77 2746
78 1465
79 2257
80 65
81 2403
82 1895
83 2154
84 2715
85 556
86 2715
87 614
88 992
89 1225
90 2472
91 1469
92 1164
93 649
94 2800
95 2070
96 739
97 1262
98 2710
99 566
100 2277
101 1149
102 2719
103 1578
104 1834
105 464
106 1074
107 1018
108 1427
109 2479
110 2830
111 1495
112 1391
113 1477
114 1904
115 2235
116 2752
117 1621
118 109
119 2563
120 969
121 2799
122 1998
123 2127
124 1781
125 981
126 1112
127 1262
128 2535
129 2586
130 478
131 2011
132 1697
133 2918
134 2151
135 1789
136 26
137 2443
138 2351
139 1436
140 1875
141 360
142 1689
143 182
144 1748
145 2081
146 35
147 2935
148 753
149 2667
150 2889
151 2955
152 2266
153 1827
154 2681
155 992
156 443
157 198
158 2519
159 975
160 642
161 2294
162 853
163 2003
164 1639
165 418
166 246
167 1006
168 2529
169 235
170 1576
171 879
172 1954
173 2126
174 2449
175 2457
176 1321
177 1916
178 1736
179 1406
180 2562
181 1668
182 2907
183 695
184 213
185 1808
186 424
187 246
188 862
189 1462
190 349
191 1582
192 167
193 740
194 1058
195 1858
196 2728
197 409
198 1688
199 490
200 2627
201 917
202 535
203 1018
204 1268
205 520
206 2572
207 30
208 2363
209 1357
210 189
211 239
212 2787
213 2378
214 2713
215 401
216 1027
217 1674
218 412
219 682
220 2586
221 1036
222 173
223 544
224 1146
225 957
226 1642
227 1688
228 2350
229 1333
230 505
231 913
232 2286
233 2455
234 487
235 1858
236 1086
237 2531
238 955
239 1294
240 1156
241 1999
242 2558
243 479
244 1049
245 1964
246 2157
247 550
248 820
249 2167
250 1099
251 1505
252 2448
253 901
254 1561
255 2934
256 2606
257 1178
258 1715
259 847
260 2902
261 771
262 1235
263 1848
264 822
265 903
266 2998
267 313
268 2173
269 2620
270 1466
271 914
272 1647
273 2265
274 80
275 2293
276 914
277 1535
278 2780
279 2576
280 1170
281 1758
282 921
283 44
284 430
285 706
286 446
287 451
288 1837
289 963
290 1344
291 103
292 1819
293 0
294 1591
295 2740
296 76
297 2663
298 2895
299 1624
300 2478
301 2330
302 819
303 1585
304 2851
305 149
306 711
307 2965
308 2801
309 2155
310 2734
311 2799
312 2050
313 2477
314 1793
315 1021
316 1142
317 1638
318 1783
319 2432
320 2267
321 2754
322 511
323 394
324 1800
325 756
326 1650
327 2795
328 1680
329 1372
330 821
331 973
332 1682
333 911
334 1221
335 1133
336 739
337 542
338 561
339 2936
340 2065
341 670
342 2544
343 1483
344 1632
345 1175
346 1537
347 2952
348 752
349 493
350 108
351 306
352 2534
353 864
354 245
355 1936
356 1775
357 2819
358 2222
359 1136
360 462
361 1343
362 671
363 1921
364 1880
365 1864
366 943
367 1331
368 1889
369 2131
370 2025
371 1724
372 2197
373 90
374 2060
375 627
376 1662
377 1852
378 2031
379 2646
380 298
381 928
382 649
383 2630
384 2852
385 1469
386 26
387 2903
388 1847
389 1328
390 997
391 1160
392 2709
393 2287
394 1870
395 216
396 823
397 2717
398 2856
399 2065
400 2809
401 1817
402 2622
403 2802
404 2112
405 337
406 1033
407 2784
408 1022
409 553
410 1495
411 813
412 2622
413 627
414 2192
415 146
416 975
417 470
418 2238
419 32
420 2361
421 2989
422 209
423 2656
424 1123
425 862
426 2193
427 543
428 2993
429 279
430 843
431 153
432 2157
433 16
434 877
435 367
436 857
437 1369
438 1964
439 1576
440 1513
441 2524
442 1187
443 862
444 2550
445 1935
446 14
447 1854
448 303
449 2483
450 2291
451 843
452 1499
453 2595
454 981
455 1652
456 880
457 2673
458 2573
459 1919
460 2807
461 536
462 881
463 2572
464 2096
465 980
466 2790
467 1153
468 2626
469 2341
470 1134
471 2467
472 2468
473 1445
474 491
475 192
476 255
477 2472
478 557
479 114
480 2068
481 49
482 2711
483 2720
484 1904
485 2670
486 688
487 2688
488 895
489 2608
490 114
491 2588
492 1225
493 850
494 99
495 2998
496 212
497 362
498 1266
499 1359
500 1728
501 2715
502 2966
503 1858
504 1885
505 2582
506 2091
507 2214
508 554
509 1272
510 1715
511 953
512 706
513 2612
514 784
515 995
516 601
517 43
518 2085
519 2269
520 2405
521 1820
522 543
523 714
524 1290
525 939
526 1465
527 766
528 74
529 520
530 1809
531 2903
532 2639
533 501
534 2821
535 2311
536 2021
537 1367
538 866
539 1998
540 2902
541 2281
542 278
543 1925
544 684
545 1967
546 1343
547 2901
548 1636
549 807
550 2177
551 1895
552 1047
553 979
554 62
555 1565
556 2467
557 1460
558 890
559 78
560 1890
561 1145
562 1210
563 1387
564 1308
565 958
566 813
567 955
568 330
569 839
570 2328
571 798
572 1310
573 1302
574 2233
575 1433
576 1583
577 981
578 957
579 286
580 2425
581 2979
582 250
583 2386
584 952
585 1419
586 1688
587 1209
588 2866
589 1020
590 1166
591 2728
592 2967
593 1890
594 1344
595 962
596 279
597 2617
598 73
599 1756
600 2668
601 2881
602 879
603 1563
604 243
605 1138
606 1403
607 2892
608 2209
609 971
610 1408
611 362
612 2432
613 300
614 1396
615 1387
616 2538
617 554
618 1412
619 1566
620 2389
621 2487
622 696
623 1960
624 91
625 911
626 382
627 1810
628 1383
629 61
630 2337
631 1025
632 2356
633 307
634 2827
635 2955
636 947
637 1657
638 2106
639 1354
640 201
641 988
642 1742
643 2691
644 2844
645 1261
646 2644
647 2498
648 2543
649 728
650 2990
651 995
652 1362
653 311
654 1569
655 749
656 981
657 1334
658 830
659 1943
660 1451
661 1899
662 2349
663 1882
664 1934
665 641
666 1968
667 1874
668 102
669 1541
670 2034
671 2841
672 2904
673 1330
674 1186
675 682
676 2656
677 2475
678 1784
679 231
680 300
681 1141
682 866
683 1820
684 926
685 2126
686 1321
687 723
688 2824
689 2900
690 2084
691 2961
692 1914
693 479
694 2502
695 2018
696 800
697 617
698 2993
699 2388
700 2194
701 2390
702 1366
703 1430
704 2994
705 2058
706 2794
707 1618
708 801
709 1929
710 322
711 1729
712 1419
713 2277
714 1499
715 615
716 2645
717 334
718 1376
719 994
720 1035
721 2128
722 1349
723 2800
724 1314
725 176
726 847
727 1368
728 2989
729 2323
730 2807
731 1455
732 1404
733 353
734 2235
735 950
736 1246
737 937
738 928
739 346
740 2892
741 2596
742 649
743 2842
744 831
745 1949
746 1991
747 431
748 502
749 980
750 1434
751 1143
752 1257
753 81
754 617
755 742
756 855
757 514
758 1453
759 2118
760 1000
761 2894
762 2270
763 338
764 1801
765 2889
766 2043
767 601
768 2941
769 2186
770 135
771 2711
772 1191
773 1653
774 877
775 26
776 1990
777 1275
778 1312
779 736
780 1204
781 97
782 2592
783 2798
784 2823
785 1673
786 1865
787 506
788 177
789 2385
790 1960
791 965
792 420
793 2557
794 858
795 1824
796 2815
797 2586
798 1864
799 2880
800 260
801 2199
802 687
803 2080
804 2487
805 1383
806 796
807 1989
808 385
809 2286
810 2133
811 2573
812 1237
813 2270
814 1814
815 2265
816 894
817 2481
818 1784
819 241
820 2159
821 2757
822 2738
823 607
824 2013
825 16
826 89
827 2237
828 569
829 1242
830 2690
831 251
832 655
833 2368
834 152
835 1962
836 949
837 446
838 2994
839 1447
840 1323
841 2213
842 52
843 1828
844 1115
845 79
846 1399
847 14
848 2877
849 1001
850 2664
851 1823
852 1018
853 120
854 118
855 1081
856 731
857 2049
858 2078
859 2177
860 2353
861 2310
862 2613
863 2449
864 838
865 1154
866 989
867 1646
868 1336
869 1454

