915 22
0 1335
1 2725
2 503
3 1671
4 1567
5 2234
6 67
7 2889
8 2955
9 2002
10 459
11 2940
12 1818
13 1532
14 2093
15 2403
16 2008
17 2344
18 1029
19 1926
20 1770
21 888
22 2666
23 2456
24 905
25 431
26 835
27 215
28 1288
29 1656
30 623
31 286
32 96
33 2367
34 1960
35 1118
36 151
37 1761
38 1753
39 1093
40 1749
41 2168
42 1842
43 1195
44 1038
45 453
46 325
47 0
48 20
49 1812
50 160
51 1148
52 1977
53 529
54 2648
55 1521
56 1074
57 2006
58 195
59 236
60 2396
61 1795
62 2264
63 1985
64 2096
65 1108
66 2117
67 2074
68 1124
69 396
70 2598
71 1668
72 323
73 2110
74 127
75 1942
76 1943
77 2373
78 1270
79 2195
80 265
81 582
82 1773
83 593
84 2246
85 2347
86 311
87 928
88 1347
89 73
90 807
91 780
92 2895
93 1488
94 80
95 2711
96 594
97 2597
98 1894
99 1276
100 1622
101 393
102 1901
103 423
104 2627
105 2458
106 2225
107 889
108 2666
109 768
110 592
111 2519
112 2975
113 2050
114 716
115 1971
116 925
117 748
118 362
119 2261
120 2109
121 1495
122 2638
123 2278
124 1477
125 1050
126 1920
127 1913
128 1452
129 1308
130 677
131 1887
132 305
133 2452
134 2399
135 2352
136 87
137 2248
138 2008
139 1771
140 1531
141 1706
142 1685
143 1538
144 2769
145 1594
146 286
147 846
148 2388
149 1590
150 1157
151 2837
152 1948
153 2329
154 2680
155 1400
156 615
157 2718
158 1260
159 2109
160 21
161 1643
162 2858
163 1318
164 1489
165 2036
166 2652
167 2029
168 1845
169 2156
170 1796
171 2908
172 2405
173 588
174 2513
175 234
176 224
177 1321
178 2883
179 1901
180 2854
181 2522
182 466
183 2955
184 1327
185 1214
186 2891
187 0
188 508
189 1277
190 758
191 469
192 1405
193 2586
194 628
195 1953
196 2738
197 1702
198 797
199 1617
200 1635
201 2593
202 1264
203 481
204 808
205 279
206 1305
207 1893
208 1802
209 752
210 80
211 1736
212 228
213 1796
214 2739
215 408
216 867
217 1490
218 796
219 2891
220 2710
221 753
222 1064
223 2228
224 2021
225 1971
226 1637
227 2110
228 607
229 2682
230 198
231 267
232 949
233 1049
234 51
235 2263
236 177
237 802
238 2576
239 1245
240 3000
241 105
242 2130
243 1363
244 1649
245 1623
246 270
247 1073
248 2917
249 2413
250 983
251 2344
252 785
253 1186
254 1666
255 884
256 1316
257 1514
258 717
259 9
260 91
261 1175
262 1321
263 147
264 52
265 2547
266 2561
267 2114
268 118
269 959
270 1244
271 462
272 1340
273 2455
274 1226
275 64
276 1096
277 2891
278 1200
279 2632
280 2600
281 1264
282 2786
283 1638
284 2288
285 994
286 2518
287 1918
288 1744
289 2097
290 2970
291 636
292 2698
293 2537
294 1615
295 2759
296 1314
297 893
298 1587
299 2111
300 1432
301 284
302 1349
303 2742
304 1158
305 2266
306 1952
307 1979
308 946
309 2576
310 1577
311 2141
312 2167
313 1142
314 1254
315 958
316 90
317 2286
318 808
319 223
320 2274
321 2763
322 1400
323 1691
324 364
325 1707
326 1284
327 947
328 1024
329 581
330 1164
331 1942
332 1947
333 1388
334 2993
335 400
336 2895
337 2908
338 1027
339 2681
340 266
341 2894
342 1753
343 1774
344 804
345 2313
346 682
347 2667
348 2407
349 1188
350 1890
351 131
352 246
353 2326
354 1210
355 675
356 2120
357 2283
358 1633
359 57
360 1698
361 99
362 2041
363 2356
364 1017
365 395
366 787
367 56
368 949
369 1087
370 2078
371 1544
372 2369
373 324
374 1828
375 1072
376 1800
377 2005
378 291
379 1858
380 1873
381 1661
382 1016
383 1314
384 2655
385 1272
386 2452
387 438
388 2547
389 1173
390 426
391 1124
392 1507
393 558
394 629
395 1081
396 2628
397 1825
398 2197
399 394
400 1233
401 87
402 2309
403 2362
404 2853
405 1440
406 2643
407 732
408 58
409 2220
410 977
411 1590
412 554
413 383
414 1321
415 32
416 1481
417 123
418 785
419 2485
420 621
421 1619
422 2125
423 1742
424 655
425 1866
426 457
427 1150
428 1867
429 961
430 2101
431 2592
432 2327
433 417
434 261
435 2580
436 1250
437 2205
438 2706
439 810
440 2703
441 2342
442 2381
443 2492
444 394
445 2709
446 847
447 2137
448 2554
449 1564
450 2036
451 1676
452 1911
453 432
454 232
455 968
456 2448
457 2076
458 956
459 28
460 188
461 2003
462 2592
463 1871
464 779
465 58
466 569
467 1821
468 2677
469 1658
470 604
471 1386
472 2619
473 2867
474 2115
475 1974
476 72
477 2735
478 40
479 112
480 67
481 1245
482 1591
483 2857
484 914
485 512
486 2133
487 2817
488 960
489 459
490 1291
491 1073
492 2530
493 207
494 988
495 1104
496 1668
497 1991
498 1697
499 1201
500 496
501 739
502 2825
503 1394
504 365
505 643
506 426
507 1667
508 1340
509 661
510 1617
511 776
512 1002
513 33
514 247
515 2353
516 1221
517 1458
518 1233
519 123
520 176
521 2778
522 290
523 2978
524 1574
525 2497
526 2264
527 2554
528 1846
529 2746
530 968
531 779
532 1691
533 1273
534 2302
535 907
536 906
537 73
538 2103
539 2753
540 2204
541 850
542 232
543 1229
544 2847
545 1899
546 1067
547 1913
548 2523
549 527
550 206
551 430
552 864
553 713
554 2456
555 1685
556 2628
557 2323
558 1777
559 1176
560 2525
561 466
562 257
563 857
564 2195
565 2523
566 1602
567 1073
568 202
569 1689
570 1355
571 1619
572 243
573 2344
574 946
575 870
576 1078
577 1840
578 2579
579 2647
580 1267
581 1374
582 1490
583 2839
584 2593
585 237
586 2387
587 1627
588 782
589 608
590 1033
591 876
592 1951
593 1645
594 2464
595 2346
596 818
597 26
598 2576
599 2619
600 1546
601 529
602 826
603 1837
604 2446
605 2888
606 456
607 1502
608 939
609 2633
610 1044
611 749
612 1430
613 1542
614 159
615 1227
616 775
617 2100
618 1801
619 591
620 2686
621 2681
622 2180
623 2766
624 91
625 246
626 1521
627 2887
628 816
629 1086
630 2820
631 2276
632 2048
633 124
634 1475
635 57
636 1537
637 744
638 2087
639 2736
640 110
641 2549
642 1199
643 1762
644 537
645 1669
646 698
647 1768
648 1354
649 2148
650 351
651 2306
652 2647
653 2470
654 515
655 2281
656 556
657 1803
658 2969
659 876
660 2041
661 544
662 561
663 1286
664 2316
665 2415
666 1339
667 435
668 306
669 660
670 1353
671 816
672 2807
673 2530
674 535
675 1165
676 2258
677 2512
678 799
679 1672
680 2481
681 210
682 1421
683 2028
684 518
685 1105
686 2871
687 453
688 602
689 2832
690 2657
691 1010
692 1593
693 1745
694 2398
695 718
696 2987
697 1318
698 2139
699 2072
700 607
701 579
702 2132
703 306
704 1433
705 1470
706 1742
707 482
708 2940
709 1066
710 1021
711 2558
712 508
713 849
714 2502
715 210
716 2697
717 891
718 2521
719 1752
720 1947
721 2322
722 379
723 2796
724 300
725 461
726 1737
727 2318
728 1604
729 846
730 81
731 1818
732 492
733 2923
734 929
735 1417
736 1808
737 45
738 2551
739 413
740 755
741 176
742 2534
743 2060
744 1024
745 1646
746 1897
747 245
748 2105
749 263
750 227
751 4
752 2817
753 141
754 72
755 449
756 2711
757 349
758 495
759 1832
760 1126
761 1423
762 2504
763 1404
764 1280
765 1087
766 2333
767 2421
768 795
769 1061
770 1778
771 2273
772 1426
773 880
774 1731
775 1304
776 1956
777 2611
778 1346
779 2216
780 2078
781 2088
782 176
783 1438
784 2196
785 2092
786 2633
787 2460
788 1604
789 1551
790 223
791 1091
792 852
793 2811
794 1312
795 69
796 361
797 1327
798 2021
799 2098
800 2351
801 162
802 552
803 917
804 1431
805 1427
806 120
807 1700
808 2789
809 732
810 2963
811 285
812 559
813 285
814 2148
815 2307
816 467
817 2434
818 1715
819 1596
820 955
821 576
822 891
823 733
824 1446
825 2142
826 1211
827 1397
828 2963
829 544
830 2860
831 1284
832 1796
833 2289
834 2073
835 2707
836 1801
837 2051
838 2919
839 2462
840 1602
841 2333
842 487
843 2056
844 232
845 2907
846 151
847 1899
848 678
849 806
850 2593
851 599
852 1629
853 1714
854 491
855 823
856 2898
857 2009
858 1808
859 2676
860 2137
861 1465
862 1868
863 227
864 68
865 2483
866 135
867 872
868 1360
869 2472
870 265
871 374
872 2941
873 515
874 2413
875 2808
876 2989
877 1165
878 799
879 551
880 1421
881 1227
882 2097
883 1188
884 145
885 2643
886 2912
887 481
888 1320
889 1932
890 847
891 646
892 274
893 983
894 1000
895 2985
896 861
897 1773
898 611
899 2696
900 547
901 2097
902 505
903 32
904 2890
905 1438
906 198
907 2093
908 223
909 443
910 1381
911 2450
912 2873
913 1897
914 2451

