966 65
0 799
1 2879
2 2407
3 74
4 2703
5 1848
6 22
7 2198
8 1663
9 1498
10 2369
11 1730
12 902
13 191
14 1696
15 2608
16 1665
17 2511
18 2115
19 2513
20 2234
21 76
22 833
23 187
24 63
25 760
26 2408
27 1374
28 2736
29 1731
30 1851
31 1000
32 2008
33 1280
34 716
35 1512
36 160
37 1169
38 2610
39 335
40 938
41 63
42 2851
43 636
44 2939
45 1667
46 756
47 1606
48 341
49 1278
50 220
51 2436
52 390
53 1394
54 837
55 132
56 1617
57 1711
58 2230
59 2695
60 2199
61 1189
62 723
63 865
64 2022
65 1167
66 309
67 1817
68 1579
69 1811
70 1744
71 172
72 1292
73 84
74 1638
75 1432
76 149
77 2997
78 346
79 320
80 406
81 2920
82 2104
83 2497
84 1309
85 2895
86 1220
87 266
88 1751
89 260
90 165
91 2031
92 793
93 2216
94 1752
95 1220
96 1228
97 346
98 2008
99 1518
100 222
101 1331
102 2053
103 1129
104 2972
105 1998
106 1064
107 1488
108 2334
109 1922
110 2133
111 2786
112 1536
113 1014
114 2221
115 1
116 809
117 1803
118 1087
119 1504
120 1468
121 1153
122 2913
123 2154
124 1044
125 1515
126 217
127 2042
128 1690
129 1512
130 2805
131 1911
132 1119
133 2070
134 1414
135 2840
136 1090
137 2761
138 1020
139 2177
140 2816
141 179
142 1621
143 1199
144 2336
145 7
146 1444
147 69
148 1714
149 2440
150 377
151 657
152 135
153 2081
154 1694
155 556
156 2113
157 48
158 2105
159 245
160 2429
161 841
162 225
163 73
164 2016
165 1238
166 1518
167 14
168 2322
169 2039
170 1364
171 541
172 2063
173 393
174 2558
175 34
176 1006
177 1657
178 2237
179 655
180 566
181 645
182 2313
183 1299
184 49
185 2551
186 1128
187 1846
188 331
189 1635
190 934
191 850
192 2019
193 2276
194 284
195 1556
196 1103
197 2233
198 2140
199 1939
200 936
201 2481
202 1467
203 2397
204 815
205 1695
206 266
207 1154
208 1887
209 1673
210 1442
211 970
212 1106
213 60
214 1857
215 1109
216 1468
217 569
218 2151
219 528
220 651
221 2007
222 1078
223 1978
224 1159
225 2564
226 2701
227 840
228 2931
229 240
230 267
231 168
232 430
233 1200
234 221
235 2326
236 2865
237 2554
238 2465
239 462
240 2611
241 2492
242 1861
243 1825
244 2885
245 33
246 128
247 360
248 377
249 923
250 2249
251 1461
252 2103
253 1619
254 1625
255 1817
256 1091
257 2188
258 42
259 45
260 1619
261 924
262 1215
263 1994
264 1168
265 1770
266 708
267 2256
268 1233
269 1568
270 500
271 890
272 785
273 2045
274 1747
275 2958
276 1922
277 1768
278 595
279 2007
280 2624
281 2826
282 2053
283 1981
284 478
285 448
286 2773
287 2854
288 2186
289 738
290 147
291 1688
292 1879
293 604
294 1476
295 996
296 1391
297 1665
298 2640
299 2302
300 2941
301 2283
302 254
303 406
304 2474
305 2533
306 593
307 956
308 119
309 151
310 584
311 89
312 2739
313 2946
314 1522
315 70
316 1209
317 985
318 1940
319 1931
320 2607
321 87
322 2303
323 2420
324 2731
325 759
326 36
327 1301
328 2369
329 2604
330 2348
331 2449
332 462
333 1971
334 1545
335 579
336 1325
337 2604
338 1549
339 2573
340 2718
341 97
342 2609
343 751
344 1726
345 2349
346 833
347 1756
348 1391
349 1006
350 1211
351 80
352 2767
353 1122
354 2716
355 467
356 932
357 900
358 2982
359 2675
360 1146
361 126
362 1868
363 651
364 2208
365 97
366 1590
367 2939
368 331
369 1047
370 2183
371 2004
372 1209
373 1926
374 474
375 290
376 1125
377 1913
378 918
379 1191
380 393
381 682
382 1204
383 2502
384 2816
385 768
386 2537
387 1961
388 2701
389 507
390 1899
391 523
392 2643
393 77
394 2662
395 2814
396 1095
397 378
398 2817
399 1439
400 391
401 2154
402 1336
403 2849
404 394
405 1337
406 1556
407 1891
408 1205
409 2100
410 1591
411 2394
412 799
413 2010
414 2043
415 679
416 2858
417 1692
418 1933
419 1678
420 657
421 834
422 1647
423 1304
424 2016
425 760
426 2983
427 2926
428 850
429 282
430 2488
431 928
432 742
433 1359
434 930
435 1834
436 2397
437 1006
438 2810
439 503
440 1181
441 189
442 417
443 1809
444 686
445 2167
446 2184
447 1971
448 843
449 2217
450 2709
451 2806
452 556
453 676
454 1883
455 2248
456 2266
457 325
458 2063
459 1483
460 1322
461 1281
462 1442
463 2068
464 1510
465 2094
466 2620
467 281
468 2897
469 2009
470 2458
471 795
472 2874
473 901
474 872
475 406
476 2300
477 2314
478 2494
479 281
480 1481
481 2217
482 1175
483 2642
484 2624
485 222
486 1831
487 2746
488 1503
489 1740
490 1282
491 792
492 399
493 3000
494 1618
495 2664
496 2642
497 2579
498 2842
499 1973
500 112
501 100
502 337
503 1106
504 2475
505 316
506 437
507 520
508 2881
509 204
510 2230
511 2599
512 556
513 2699
514 2051
515 1251
516 2361
517 504
518 891
519 1969
520 1805
521 1823
522 1749
523 1902
524 96
525 2665
526 2354
527 1879
528 363
529 1716
530 2635
531 1864
532 1893
533 2163
534 2091
535 2218
536 614
537 58
538 2675
539 2028
540 1304
541 1059
542 2881
543 2067
544 88
545 806
546 1170
547 1223
548 1132
549 2958
550 1062
551 714
552 1215
553 2861
554 2629
555 1121
556 607
557 1096
558 2088
559 2375
560 1227
561 1648
562 2589
563 2317
564 1497
565 2002
566 1576
567 2669
568 1759
569 1643
570 1527
571 1155
572 1810
573 1452
574 116
575 401
576 15
577 753
578 1166
579 2930
580 48
581 2297
582 2533
583 2911
584 1569
585 1661
586 1798
587 1051
588 960
589 2317
590 1051
591 2935
592 2577
593 1163
594 600
595 597
596 2682
597 2605
598 407
599 1882
600 181
601 1487
602 542
603 1832
604 1210
605 1838
606 941
607 1173
608 1410
609 1496
610 2037
611 1075
612 2622
613 1301
614 133
615 494
616 2372
617 2385
618 26
619 559
620 2905
621 1736
622 2362
623 2613
624 2761
625 2782
626 1669
627 2279
628 346
629 1978
630 862
631 1403
632 1217
633 786
634 2153
635 802
636 1907
637 1215
638 1643
639 583
640 2505
641 737
642 1162
643 1566
644 865
645 1488
646 136
647 233
648 630
649 2039
650 2867
651 2820
652 2421
653 1369
654 113
655 1616
656 1376
657 1336
658 414
659 1375
660 1230
661 2103
662 1572
663 2520
664 1957
665 184
666 866
667 2833
668 2153
669 1922
670 2122
671 1870
672 2738
673 2680
674 1002
675 930
676 194
677 71
678 759
679 2933
680 2215
681 1639
682 2752
683 38
684 2391
685 2970
686 536
687 2269
688 2488
689 3
690 1054
691 104
692 1092
693 687
694 1711
695 495
696 1836
697 2817
698 1589
699 903
700 730
701 1427
702 1916
703 113
704 1961
705 691
706 890
707 79
708 2006
709 1688
710 2897
711 2862
712 1233
713 2862
714 1610
715 2887
716 1164
717 1961
718 645
719 783
720 330
721 2791
722 2973
723 891
724 1727
725 2788
726 1314
727 2890
728 876
729 738
730 2745
731 917
732 2844
733 1970
734 640
735 1044
736 991
737 2549
738 2353
739 2136
740 2237
741 1669
742 526
743 819
744 1044
745 2483
746 522
747 1319
748 2208
749 2408
750 1592
751 2011
752 544
753 1181
754 16
755 2010
756 1882
757 341
758 592
759 2477
760 1718
761 275
762 1139
763 2670
764 2551
765 1631
766 1725
767 403
768 887
769 555
770 1558
771 220
772 388
773 287
774 2126
775 330
776 253
777 412
778 612
779 349
780 2222
781 144
782 1392
783 2674
784 1831
785 954
786 187
787 2558
788 343
789 2401
790 2343
791 1852
792 1078
793 2266
794 2102
795 1656
796 935
797 2060
798 981
799 1272
800 592
801 168
802 1627
803 2748
804 1591
805 512
806 2186
807 506
808 1086
809 971
810 417
811 1500
812 580
813 2942
814 2788
815 1026
816 1140
817 1374
818 1591
819 1437
820 2844
821 181
822 1417
823 2180
824 2236
825 1102
826 712
827 2921
828 1755
829 1625
830 180
831 2061
832 2046
833 1166
834 2750
835 2918
836 231
837 1658
838 1206
839 2493
840 628
841 135
842 1457
843 1984
844 645
845 2225
846 2833
847 37
848 1199
849 2982
850 1459
851 227
852 284
853 603
854 1700
855 1951
856 483
857 30
858 1990
859 149
860 2350
861 2770
862 1146
863 2351
864 1541
865 2371
866 2858
867 603
868 564
869 2105
870 1201
871 394
872 541
873 877
874 605
875 1338
876 1279
877 1016
878 988
879 2176
880 1278
881 2040
882 1672
883 2339
884 896
885 1796
886 2997
887 2153
888 1863
889 519
890 2500
891 1625
892 1841
893 1338
894 1643
895 230
896 86
897 1833
898 835
899 500
900 1512
901 858
902 2210
903 2682
904 329
905 2848
906 2996
907 1583
908 2596
909 1033
910 347
911 2452
912 1291
913 955
914 2412
915 1941
916 2349
917 2391
918 2570
919 1728
920 796
921 292
922 2571
923 1555
924 1674
925 1300
926 2882
927 2357
928 2791
929 1624
930 2853
931 2557
932 365
933 1054
934 455
935 685
936 2943
937 615
938 2460
939 1122
940 1066
941 2325
942 2315
943 1749
944 1986
945 2853
946 2304
947 307
948 1489
949 1992
950 616
951 1116
952 1512
953 2203
954 1404
955 160
956 1531
957 1800
958 1462
959 1749
960 1330
961 615
962 1002
963 1181
964 2419
965 1689

