201 0
0 197
1 2935
2 1196
3 2931
4 2070
5 540
6 2286
7 233
8 1390
9 387
10 382
11 1729
12 1628
13 1339
14 1748
15 2055
16 2381
17 2579
18 1206
19 1479
20 1800
21 994
22 1136
23 154
24 584
25 2929
26 411
27 2788
28 2035
29 737
30 2504
31 1772
32 1958
33 2891
34 2291
35 2935
36 2179
37 1600
38 2146
39 2331
40 255
41 2784
42 2916
43 1140
44 2210
45 1647
46 1703
47 1748
48 2642
49 964
50 1870
51 1549
52 2684
53 1414
54 1970
55 2025
56 1946
57 1355
58 2219
59 1070
60 2559
61 659
62 1708
63 595
64 471
65 629
66 1515
67 1423
68 1785
69 2164
70 2434
71 585
72 192
73 461
74 1334
75 2421
76 1618
77 2563
78 1481
79 465
80 2810
81 1969
82 1117
83 2169
84 192
85 463
86 1554
87 2954
88 2157
89 520
90 1283
91 1832
92 184
93 2294
94 1345
95 1211
96 532
97 457
98 1243
99 83
100 2957
101 1590
102 434
103 2857
104 154
105 2836
106 1108
107 2357
108 287
109 2429
110 2124
111 344
112 1979
113 1187
114 2832
115 882
116 2020
117 923
118 2042
119 1991
120 615
121 19
122 264
123 2832
124 1090
125 2997
126 2668
127 927
128 1488
129 585
130 1132
131 2139
132 1797
133 390
134 2789
135 544
136 2067
137 2521
138 1738
139 2787
140 849
141 751
142 373
143 2439
144 2273
145 902
146 867
147 2049
148 937
149 989
150 1841
151 2544
152 2010
153 233
154 2421
155 2754
156 936
157 1236
158 5
159 749
160 103
161 828
162 956
163 1841
164 1157
165 2096
166 1051
167 1657
168 838
169 743
170 2222
171 1687
172 122
173 1660
174 1643
175 2605
176 2122
177 2055
178 1853
179 1823
180 2129
181 143
182 2556
183 2266
184 2823
185 1879
186 717
187 259
188 2574
189 369
190 1591
191 827
192 1071
193 2099
194 716
195 944
196 2519
197 1531
198 462
199 2612
200 2076

