469 62
0 86
1 2197
2 668
3 2698
4 1506
5 1360
6 1946
7 2582
8 74
9 1245
10 580
11 1553
12 1715
13 2151
14 1871
15 2320
16 1368
17 2713
18 5
19 349
20 2178
21 710
22 2574
23 2770
24 700
25 1840
26 2841
27 361
28 771
29 1202
30 1021
31 1701
32 2076
33 2
34 182
35 171
36 2994
37 1911
38 599
39 723
40 107
41 1685
42 2392
43 501
44 1551
45 2137
46 317
47 2170
48 1780
49 1980
50 2331
51 2416
52 2144
53 1765
54 968
55 1631
56 542
57 1765
58 744
59 2221
60 2015
61 1007
62 1289
63 1788
64 1158
65 2162
66 52
67 1913
68 1442
69 2946
70 2031
71 2323
72 1105
73 801
74 1127
75 654
76 2078
77 1528
78 2137
79 2115
80 921
81 1506
82 1638
83 2655
84 247
85 1283
86 396
87 2350
88 1106
89 1282
90 1231
91 1709
92 19
93 824
94 430
95 253
96 875
97 1090
98 2265
99 671
100 634
101 819
102 2693
103 2180
104 805
105 2236
106 2113
107 2539
108 172
109 965
110 2889
111 2079
112 955
113 114
114 1944
115 1879
116 978
117 1146
118 2317
119 457
120 288
121 2074
122 429
123 2019
124 1597
125 1601
126 1406
127 1997
128 1674
129 577
130 399
131 55
132 2692
133 895
134 480
135 1686
136 2422
137 829
138 883
139 894
140 1147
141 1044
142 2428
143 2438
144 2306
145 2555
146 921
147 2360
148 1743
149 1413
150 544
151 2322
152 2100
153 413
154 2576
155 1938
156 1846
157 125
158 1987
159 2138
160 673
161 2063
162 2103
163 2163
164 1790
165 2338
166 2964
167 1612
168 2693
169 1771
170 228
171 1038
172 1754
173 499
174 2815
175 145
176 143
177 2434
178 779
179 387
180 766
181 2756
182 1695
183 662
184 1448
185 2429
186 2471
187 2137
188 1667
189 364
190 586
191 782
192 2721
193 1326
194 2225
195 2812
196 2076
197 2728
198 539
199 2407
200 2657
201 1210
202 1879
203 213
204 1077
205 844
206 331
207 1369
208 1451
209 1576
210 1352
211 2186
212 166
213 2687
214 1106
215 1750
216 1586
217 2859
218 1708
219 358
220 2317
221 1507
222 381
223 2015
224 1371
225 1021
226 1679
227 2301
228 2479
229 2796
230 902
231 1570
232 1608
233 759
234 137
235 1360
236 2492
237 1094
238 581
239 2746
240 2519
241 2322
242 2010
243 168
244 2384
245 2299
246 1052
247 15
248 2410
249 807
250 2030
251 538
252 67
253 1507
254 1301
255 2319
256 836
257 2676
258 1859
259 2492
260 2293
261 2404
262 2790
263 2795
264 715
265 2144
266 1730
267 1860
268 2047
269 1139
270 1526
271 50
272 105
273 1494
274 112
275 785
276 1854
277 1784
278 2121
279 152
280 1669
281 957
282 46
283 1997
284 2473
285 405
286 2280
287 1519
288 2432
289 1868
290 2650
291 2283
292 430
293 1892
294 2142
295 728
296 996
297 2104
298 36
299 297
300 2819
301 1668
302 1742
303 1039
304 2254
305 2696
306 774
307 1712
308 1188
309 1414
310 1054
311 53
312 769
313 603
314 1315
315 204
316 2365
317 513
318 2033
319 972
320 238
321 220
322 749
323 2008
324 1377
325 1326
326 2654
327 2111
328 1961
329 518
330 2106
331 377
332 2589
333 1329
334 2499
335 1212
336 461
337 2589
338 1667
339 2317
340 1554
341 142
342 850
343 1669
344 2242
345 2605
346 655
347 45
348 2460
349 1096
350 576
351 2469
352 231
353 2225
354 2788
355 1886
356 1943
357 2062
358 772
359 1458
360 1667
361 1848
362 754
363 618
364 496
365 1922
366 2311
367 2489
368 899
369 1538
370 2885
371 318
372 247
373 2013
374 926
375 44
376 203
377 2622
378 1646
379 2894
380 1496
381 1101
382 2950
383 1078
384 1883
385 2053
386 89
387 410
388 2732
389 2001
390 1500
391 2050
392 2409
393 1439
394 2210
395 968
396 261
397 2176
398 796
399 444
400 1765
401 1238
402 922
403 1368
404 836
405 1871
406 1979
407 2773
408 813
409 1039
410 2217
411 2124
412 2889
413 746
414 1977
415 931
416 1646
417 1705
418 2288
419 2601
420 721
421 2111
422 1926
423 1969
424 1153
425 809
426 2291
427 2278
428 40
429 140
430 2512
431 2571
432 1902
433 1145
434 1078
435 1428
436 627
437 451
438 644
439 1618
440 2391
441 30
442 2107
443 150
444 2540
445 135
446 2944
447 187
448 2793
449 384
450 2264
451 2345
452 1156
453 2015
454 276
455 23
456 27
457 2847
458 1158
459 584
460 2826
461 459
462 2556
463 972
464 2830
465 2240
466 40
467 2345
468 2056

