425 25
0 1130
1 1875
2 1619
3 1523
4 2811
5 2702
6 335
7 1130
8 339
9 773
10 2358
11 1697
12 2730
13 2206
14 2966
15 2076
16 2707
17 2399
18 1591
19 2177
20 18
21 2899
22 1638
23 973
24 2855
25 458
26 2560
27 645
28 638
29 2030
30 2859
31 2166
32 1410
33 1492
34 1468
35 828
36 2485
37 553
38 2626
39 1248
40 1
41 2080
42 901
43 1989
44 2379
45 2423
46 1631
47 647
48 395
49 1022
50 1211
51 1472
52 376
53 2866
54 490
55 2144
56 1454
57 1095
58 964
59 1692
60 2594
61 2739
62 1559
63 1476
64 205
65 202
66 2320
67 2156
68 712
69 501
70 2489
71 71
72 2108
73 2970
74 1551
75 2161
76 402
77 2797
78 2333
79 2707
80 894
81 2515
82 878
83 1332
84 100
85 1901
86 1934
87 366
88 793
89 1495
90 955
91 2168
92 2171
93 100
94 2305
95 526
96 2270
97 749
98 877
99 956
100 2454
101 2532
102 821
103 1002
104 1911
105 1063
106 1568
107 633
108 702
109 891
110 1225
111 1168
112 1667
113 2736
114 1533
115 492
116 2293
117 672
118 2995
119 419
120 1108
121 642
122 2685
123 1816
124 2035
125 357
126 1490
127 1732
128 1568
129 98
130 2347
131 2038
132 1636
133 596
134 1840
135 1822
136 1781
137 1976
138 678
139 1454
140 1841
141 485
142 2086
143 1663
144 2730
145 1245
146 1344
147 2525
148 1821
149 2094
150 933
151 620
152 1398
153 887
154 738
155 2840
156 2850
157 789
158 294
159 820
160 1867
161 2379
162 1360
163 1971
164 1332
165 1676
166 2058
167 165
168 2791
169 2316
170 865
171 1913
172 2839
173 220
174 2959
175 2738
176 1329
177 1934
178 1281
179 1442
180 2648
181 2768
182 2319
183 467
184 1974
185 1312
186 2714
187 2010
188 61
189 81
190 2276
191 2654
192 703
193 2926
194 1242
195 2368
196 2940
197 2632
198 1062
199 2672
200 2905
201 2401
202 2156
203 2792
204 811
205 2476
206 814
207 2520
208 808
209 2293
210 1610
211 877
212 1453
213 1317
214 1917
215 929
216 2698
217 1219
218 2428
219 2069
220 1640
221 1201
222 833
223 2932
224 316
225 438
226 1177
227 1712
228 2666
229 1421
230 2031
231 732
232 2573
233 2651
234 2384
235 346
236 384
237 32
238 1070
239 725
240 599
241 1488
242 1104
243 1136
244 1693
245 2102
246 2475
247 2669
248 1785
249 34
250 1378
251 253
252 1511
253 1037
254 130
255 2222
256 2590
257 1789
258 2087
259 1334
260 635
261 1640
262 2612
263 1854
264 2301
265 910
266 1876
267 2196
268 34
269 1758
270 1789
271 536
272 837
273 843
274 633
275 2193
276 737
277 997
278 2548
279 2532
280 2809
281 1182
282 2140
283 1518
284 1759
285 934
286 1791
287 2241
288 1535
289 312
290 1050
291 944
292 2483
293 2568
294 2837
295 858
296 1991
297 2928
298 1662
299 1278
300 1261
301 972
302 351
303 2354
304 1639
305 1000
306 662
307 1944
308 2023
309 2162
310 1390
311 504
312 2084
313 2070
314 1317
315 1015
316 2590
317 2188
318 2621
319 415
320 2810
321 2870
322 596
323 1040
324 369
325 1526
326 2685
327 1489
328 776
329 192
330 1062
331 1655
332 1886
333 1509
334 989
335 1045
336 1697
337 989
338 1469
339 2533
340 2606
341 811
342 2810
343 2835
344 2327
345 2394
346 492
347 1215
348 1992
349 2984
350 1328
351 1335
352 2108
353 612
354 1739
355 2377
356 1123
357 1399
358 2442
359 2503
360 2899
361 1325
362 2877
363 2341
364 286
365 1195
366 1358
367 2380
368 2721
369 954
370 2376
371 237
372 2265
373 1418
374 2235
375 1417
376 390
377 1759
378 67
379 1153
380 1497
381 570
382 870
383 443
384 1588
385 2876
386 1805
387 2850
388 1721
389 2912
390 1931
391 445
392 2548
393 2001
394 1944
395 251
396 965
397 1137
398 1022
399 1284
400 873
401 191
402 935
403 2365
404 1389
405 2839
406 1081
407 1667
408 2681
409 1039
410 207
411 1919
412 184
413 1397
414 296
415 1518
416 2231
417 2066
418 815
419 2917
420 2731
421 1770
422 945
423 2288
424 515

