484 34
0 387
1 255
2 2324
3 1127
4 2539
5 1719
6 2168
7 800
8 175
9 2726
10 932
11 1576
12 787
13 2841
14 2731
15 2539
16 1676
17 1826
18 1588
19 30
20 2885
21 1836
22 2620
23 890
24 1202
25 982
26 2091
27 421
28 2304
29 2272
30 2941
31 350
32 959
33 1990
34 2586
35 1097
36 645
37 408
38 1350
39 1518
40 202
41 333
42 1899
43 861
44 1287
45 1708
46 1375
47 1722
48 343
49 779
50 212
51 1059
52 2697
53 36
54 65
55 598
56 2385
57 474
58 2939
59 1801
60 2925
61 1827
62 2996
63 2082
64 2248
65 1736
66 2244
67 2003
68 2189
69 1849
70 1494
71 782
72 533
73 1092
74 1180
75 2243
76 960
77 1848
78 1716
79 1284
80 1775
81 485
82 2171
83 2709
84 2869
85 1244
86 2031
87 2085
88 981
89 2516
90 489
91 1010
92 2129
93 2321
94 1168
95 2776
96 1894
97 2700
98 2475
99 926
100 2905
101 742
102 1110
103 1175
104 2568
105 1464
106 2275
107 1513
108 2078
109 2456
110 855
111 456
112 278
113 17
114 2920
115 1315
116 2442
117 2794
118 2227
119 29
120 61
121 791
122 1574
123 1205
124 2297
125 2512
126 1134
127 679
128 1974
129 55
130 135
131 1866
132 1782
133 2585
134 287
135 3
136 2724
137 2422
138 489
139 1585
140 2544
141 892
142 2809
143 1427
144 1158
145 2739
146 763
147 811
148 2076
149 2186
150 2733
151 1623
152 815
153 1107
154 2153
155 2315
156 2261
157 2158
158 261
159 251
160 276
161 2288
162 1182
163 676
164 1858
165 295
166 1714
167 167
168 2888
169 677
170 108
171 2347
172 1086
173 989
174 372
175 912
176 285
177 330
178 1040
179 132
180 2369
181 2595
182 298
183 872
184 755
185 1374
186 1332
187 1620
188 677
189 1272
190 1
191 2077
192 2760
193 2620
194 1283
195 196
196 642
197 1660
198 1868
199 1804
200 65
201 434
202 1995
203 954
204 935
205 1375
206 193
207 920
208 896
209 2021
210 1050
211 1821
212 1645
213 107
214 2769
215 2965
216 1785
217 1970
218 2246
219 403
220 1010
221 2775
222 1201
223 1223
224 2158
225 2393
226 1478
227 2374
228 558
229 333
230 2248
231 770
232 93
233 2383
234 662
235 1586
236 254
237 2878
238 324
239 1572
240 1481
241 2005
242 2793
243 79
244 2028
245 2562
246 743
247 2021
248 624
249 496
250 350
251 110
252 1930
253 915
254 1104
255 1866
256 1145
257 928
258 627
259 867
260 462
261 422
262 1058
263 1977
264 2408
265 2564
266 694
267 1815
268 574
269 939
270 2576
271 275
272 2356
273 2310
274 2164
275 2289
276 1156
277 253
278 1905
279 1499
280 2356
281 2496
282 1841
283 2468
284 1129
285 929
286 1574
287 1085
288 1341
289 2978
290 953
291 983
292 73
293 2404
294 752
295 2644
296 1758
297 1798
298 198
299 1266
300 1491
301 1507
302 2425
303 1476
304 2997
305 1799
306 1926
307 155
308 1877
309 1716
310 1135
311 2852
312 1341
313 2887
314 557
315 1014
316 650
317 477
318 1226
319 2344
320 696
321 1299
322 859
323 1534
324 2095
325 228
326 2032
327 488
328 386
329 2479
330 253
331 284
332 2224
333 2203
334 2775
335 991
336 1390
337 1784
338 143
339 2101
340 661
341 1100
342 1848
343 2446
344 1802
345 1983
346 2196
347 2973
348 2307
349 2615
350 2945
351 1352
352 2449
353 2825
354 279
355 2067
356 493
357 2358
358 2085
359 97
360 793
361 388
362 648
363 1864
364 2637
365 2764
366 482
367 2938
368 1831
369 1251
370 1930
371 2623
372 1121
373 559
374 480
375 2464
376 2806
377 2903
378 2919
379 1823
380 298
381 1856
382 306
383 220
384 2021
385 847
386 393
387 1864
388 1150
389 2087
390 363
391 2467
392 1002
393 2490
394 2085
395 2362
396 866
397 1755
398 2902
399 2416
400 458
401 873
402 2064
403 1834
404 1691
405 160
406 2526
407 1583
408 2693
409 924
410 1942
411 2067
412 2216
413 2762
414 65
415 1666
416 1260
417 1849
418 2386
419 2628
420 2816
421 1909
422 2330
423 1853
424 31
425 938
426 2416
427 2845
428 2072
429 1375
430 1689
431 2899
432 115
433 2807
434 2377
435 2446
436 249
437 1361
438 1917
439 1384
440 468
441 2869
442 75
443 697
444 2084
445 2718
446 2026
447 1530
448 1378
449 2533
450 2169
451 2852
452 1759
453 866
454 825
455 1235
456 1633
457 280
458 2673
459 2196
460 1827
461 535
462 2798
463 715
464 475
465 2054
466 2875
467 1237
468 1645
469 28
470 2555
471 2354
472 390
473 1980
474 2412
475 2461
476 909
477 524
478 43
479 1259
480 1129
481 1453
482 869
483 823

