803 69
0 2061
1 2421
2 1809
3 1209
4 46
5 727
6 2192
7 2876
8 1090
9 2889
10 1330
11 2201
12 1084
13 2314
14 1586
15 256
16 2169
17 183
18 306
19 2919
20 551
21 2742
22 2430
23 448
24 446
25 1804
26 744
27 211
28 1187
29 1502
30 409
31 687
32 162
33 1381
34 2372
35 2921
36 2251
37 2825
38 1162
39 2419
40 1202
41 399
42 2150
43 1875
44 2252
45 1595
46 2260
47 2565
48 1029
49 1833
50 327
51 1040
52 317
53 1366
54 544
55 2418
56 142
57 2272
58 1461
59 1858
60 1406
61 724
62 2775
63 1603
64 1473
65 648
66 2598
67 1086
68 499
69 2822
70 2366
71 867
72 1180
73 1308
74 76
75 1804
76 1476
77 589
78 1966
79 1025
80 1983
81 1279
82 365
83 636
84 9
85 729
86 702
87 804
88 2586
89 540
90 2607
91 1254
92 1764
93 1182
94 2494
95 1603
96 7
97 626
98 182
99 269
100 2154
101 383
102 1192
103 226
104 746
105 2048
106 475
107 2466
108 918
109 116
110 689
111 998
112 2191
113 266
114 308
115 333
116 1379
117 1387
118 2644
119 1477
120 1549
121 2868
122 2347
123 1538
124 910
125 2463
126 1985
127 2303
128 1145
129 1416
130 2724
131 2475
132 1383
133 2152
134 1409
135 2165
136 73
137 1330
138 1344
139 2274
140 1501
141 277
142 1434
143 416
144 807
145 641
146 560
147 20
148 234
149 1941
150 2382
151 55
152 1557
153 2095
154 2434
155 633
156 1918
157 194
158 1426
159 1662
160 743
161 2557
162 2863
163 1758
164 2812
165 2232
166 802
167 1145
168 2369
169 1009
170 748
171 1687
172 1736
173 54
174 2439
175 2352
176 35
177 330
178 1319
179 870
180 2949
181 2428
182 667
183 211
184 2121
185 2591
186 2162
187 485
188 711
189 1636
190 2729
191 1254
192 831
193 2210
194 2875
195 2237
196 782
197 2512
198 543
199 722
200 2321
201 1274
202 1575
203 1306
204 1945
205 1621
206 1674
207 1064
208 297
209 644
210 189
211 1137
212 2238
213 1286
214 469
215 550
216 2640
217 1626
218 678
219 1435
220 912
221 398
222 2634
223 527
224 979
225 1708
226 2444
227 258
228 1239
229 2613
230 1995
231 721
232 2722
233 274
234 73
235 2371
236 527
237 1736
238 2158
239 2165
240 103
241 1698
242 300
243 2182
244 1691
245 2118
246 2928
247 1475
248 1752
249 294
250 2348
251 2938
252 2648
253 2763
254 1128
255 2769
256 1339
257 276
258 1170
259 1964
260 1005
261 402
262 344
263 2276
264 1662
265 2895
266 870
267 914
268 1798
269 1664
270 982
271 712
272 2144
273 1348
274 1254
275 1448
276 1580
277 2082
278 2430
279 2693
280 266
281 1109
282 1300
283 2345
284 19
285 137
286 1495
287 828
288 1693
289 1873
290 2760
291 1409
292 2347
293 2178
294 2736
295 2526
296 348
297 191
298 2978
299 985
300 2939
301 1067
302 2098
303 2944
304 2447
305 2907
306 1230
307 1306
308 2130
309 2917
310 1898
311 1089
312 1002
313 2017
314 1532
315 1018
316 1504
317 2658
318 1717
319 1729
320 411
321 1316
322 1126
323 536
324 2006
325 1050
326 2964
327 2893
328 1682
329 2307
330 1275
331 933
332 1192
333 628
334 2656
335 1127
336 1716
337 1781
338 2984
339 1158
340 2117
341 474
342 887
343 1889
344 1663
345 428
346 1466
347 1042
348 254
349 754
350 1300
351 1088
352 2840
353 202
354 354
355 1516
356 2481
357 2074
358 2544
359 767
360 1861
361 2046
362 2076
363 2590
364 246
365 607
366 2350
367 2237
368 1508
369 133
370 1132
371 85
372 2170
373 2272
374 920
375 1070
376 1525
377 516
378 1626
379 2048
380 2017
381 2616
382 1995
383 968
384 932
385 129
386 2989
387 1097
388 2332
389 2227
390 2022
391 52
392 2997
393 1528
394 696
395 1872
396 172
397 426
398 1797
399 2218
400 2893
401 2907
402 2894
403 2206
404 535
405 399
406 1194
407 227
408 2609
409 922
410 2697
411 2212
412 2925
413 2842
414 2632
415 240
416 2741
417 1711
418 1891
419 2237
420 2660
421 1846
422 2926
423 1348
424 1561
425 778
426 2178
427 1087
428 2411
429 170
430 2282
431 480
432 369
433 1056
434 2711
435 1730
436 117
437 633
438 1403
439 1504
440 2327
441 1331
442 2052
443 1654
444 1292
445 1283
446 1513
447 2638
448 644
449 2300
450 1766
451 2601
452 1763
453 810
454 2291
455 130
456 577
457 2085
458 2962
459 2036
460 1212
461 1394
462 2035
463 293
464 1182
465 2936
466 2167
467 1107
468 1987
469 1754
470 2533
471 2702
472 2479
473 1791
474 1574
475 1957
476 214
477 346
478 1629
479 1475
480 2002
481 2442
482 1760
483 2889
484 288
485 1798
486 1047
487 424
488 1186
489 1503
490 2886
491 2207
492 649
493 2509
494 1944
495 2636
496 105
497 2090
498 824
499 1120
500 2805
501 1427
502 793
503 2576
504 2611
505 2157
506 129
507 1473
508 313
509 252
510 736
511 1285
512 1852
513 2277
514 988
515 2163
516 524
517 1465
518 2166
519 1115
520 833
521 1394
522 1040
523 985
524 2017
525 1528
526 2114
527 607
528 2956
529 793
530 41
531 1218
532 985
533 1046
534 2738
535 545
536 1953
537 106
538 26
539 2717
540 246
541 98
542 2908
543 2131
544 2304
545 381
546 1769
547 1160
548 912
549 1092
550 189
551 974
552 984
553 1022
554 1064
555 1468
556 690
557 1237
558 715
559 1180
560 250
561 1409
562 403
563 266
564 619
565 719
566 1067
567 910
568 2424
569 1686
570 1555
571 210
572 558
573 1712
574 2583
575 892
576 71
577 1480
578 2443
579 2417
580 2274
581 2825
582 2849
583 524
584 178
585 2808
586 2684
587 757
588 603
589 2506
590 985
591 623
592 1527
593 1470
594 1481
595 1325
596 2756
597 553
598 824
599 1592
600 1562
601 2451
602 2846
603 623
604 1009
605 1855
606 529
607 1001
608 2587
609 381
610 1442
611 2245
612 403
613 672
614 2721
615 1618
616 1140
617 1609
618 73
619 502
620 622
621 2441
622 2183
623 1663
624 775
625 956
626 1536
627 1759
628 2710
629 1555
630 1122
631 1235
632 1549
633 481
634 2882
635 2133
636 1381
637 2397
638 2812
639 249
640 339
641 1966
642 1311
643 2032
644 2124
645 1976
646 1506
647 1635
648 974
649 2437
650 1947
651 517
652 1186
653 2206
654 2032
655 17
656 1732
657 542
658 405
659 707
660 2047
661 1400
662 2215
663 1901
664 635
665 641
666 1133
667 764
668 1958
669 2038
670 2604
671 2019
672 1109
673 581
674 791
675 816
676 2232
677 369
678 1426
679 779
680 491
681 2644
682 414
683 2309
684 988
685 738
686 604
687 1341
688 2110
689 2982
690 1069
691 2957
692 2147
693 1608
694 499
695 255
696 1441
697 687
698 986
699 2939
700 2391
701 882
702 2235
703 644
704 2562
705 1401
706 650
707 63
708 1334
709 2763
710 1684
711 994
712 2016
713 464
714 977
715 1188
716 2568
717 324
718 1250
719 1767
720 1917
721 2237
722 186
723 555
724 222
725 65
726 1982
727 1812
728 479
729 2110
730 688
731 2810
732 72
733 1425
734 955
735 1253
736 1698
737 1854
738 1579
739 442
740 2161
741 877
742 2518
743 2327
744 2392
745 340
746 2439
747 12
748 2734
749 498
750 484
751 2833
752 1755
753 602
754 752
755 1743
756 2949
757 1128
758 1084
759 103
760 155
761 1053
762 400
763 1780
764 344
765 2244
766 1666
767 1633
768 211
769 2291
770 538
771 1691
772 2721
773 2189
774 1719
775 138
776 266
777 1243
778 769
779 1074
780 1599
781 1776
782 989
783 350
784 1403
785 838
786 2563
787 286
788 1354
789 881
790 2902
791 2183
792 2547
793 687
794 728
795 684
796 1708
797 922
798 1847
799 2637
800 1373
801 2699
802 1539

