425 55
0 2123
1 2693
2 1773
3 1797
4 1700
5 1640
6 1410
7 270
8 1154
9 133
10 1837
11 2159
12 600
13 2003
14 1773
15 208
16 872
17 2819
18 1299
19 177
20 805
21 2509
22 158
23 1578
24 2361
25 2091
26 2767
27 2810
28 563
29 1159
30 2310
31 1539
32 2905
33 329
34 1756
35 590
36 1324
37 2505
38 2777
39 1169
40 742
41 2574
42 1218
43 2366
44 2440
45 1714
46 2764
47 1414
48 2389
49 1916
50 2112
51 979
52 1444
53 883
54 959
55 2287
56 675
57 2822
58 2362
59 1008
60 2736
61 991
62 1568
63 997
64 2224
65 138
66 2096
67 381
68 2950
69 2405
70 2308
71 1855
72 191
73 937
74 2288
75 2093
76 1485
77 2558
78 2109
79 390
80 1589
81 942
82 1130
83 24
84 1796
85 2314
86 638
87 627
88 2481
89 226
90 255
91 2406
92 1884
93 2274
94 634
95 665
96 1150
97 502
98 610
99 253
100 2824
101 2398
102 794
103 2873
104 1465
105 1682
106 1016
107 2148
108 2619
109 1532
110 1028
111 90
112 134
113 2210
114 2873
115 462
116 2690
117 760
118 1535
119 472
120 919
121 2949
122 2790
123 2799
124 2774
125 1395
126 604
127 1424
128 128
129 1900
130 1714
131 1642
132 682
133 2712
134 371
135 930
136 2500
137 884
138 1915
139 1321
140 2338
141 133
142 2140
143 1370
144 20
145 2870
146 44
147 771
148 2885
149 1768
150 1391
151 979
152 1231
153 1173
154 302
155 209
156 1289
157 959
158 611
159 2519
160 492
161 1629
162 1847
163 1232
164 1812
165 2205
166 1961
167 1905
168 116
169 1821
170 1188
171 1085
172 1613
173 2630
174 2184
175 2046
176 1943
177 2991
178 311
179 2017
180 1696
181 1386
182 2970
183 430
184 2625
185 1919
186 2292
187 937
188 759
189 1356
190 902
191 732
192 620
193 687
194 2466
195 511
196 2211
197 622
198 1922
199 1645
200 186
201 1280
202 1015
203 1385
204 838
205 1908
206 32
207 1134
208 204
209 1606
210 2246
211 1817
212 2348
213 1846
214 298
215 1267
216 1243
217 1832
218 1174
219 2079
220 1553
221 2333
222 857
223 2550
224 2315
225 2855
226 369
227 1051
228 2963
229 2269
230 710
231 1977
232 2036
233 389
234 1872
235 2820
236 2344
237 1269
238 2601
239 2034
240 2826
241 390
242 2767
243 1973
244 1233
245 204
246 2367
247 660
248 2705
249 2503
250 1900
251 1317
252 183
253 2335
254 1392
255 1093
256 323
257 1188
258 1787
259 2968
260 348
261 257
262 722
263 1187
264 1469
265 274
266 1267
267 601
268 768
269 1179
270 1918
271 2530
272 1688
273 2933
274 1327
275 2290
276 1405
277 103
278 428
279 2436
280 561
281 718
282 2819
283 1556
284 2141
285 2828
286 450
287 2278
288 2456
289 1531
290 1841
291 1879
292 1600
293 1909
294 838
295 65
296 1220
297 1918
298 2392
299 206
300 436
301 305
302 1892
303 1881
304 92
305 782
306 2774
307 1477
308 1792
309 627
310 49
311 427
312 156
313 1540
314 1660
315 1547
316 1972
317 1940
318 2295
319 585
320 140
321 1640
322 1080
323 305
324 1076
325 2762
326 1520
327 210
328 41
329 2527
330 936
331 1668
332 2179
333 1295
334 1242
335 727
336 1709
337 2225
338 40
339 242
340 2587
341 2416
342 2265
343 519
344 815
345 2810
346 1628
347 1521
348 317
349 814
350 915
351 1439
352 1881
353 1143
354 754
355 1435
356 813
357 1987
358 98
359 1272
360 1315
361 2881
362 564
363 696
364 2174
365 756
366 858
367 1628
368 1474
369 2052
370 192
371 2309
372 2655
373 882
374 2635
375 1027
376 1760
377 778
378 2557
379 1347
380 2354
381 561
382 1198
383 457
384 227
385 1872
386 1761
387 1635
388 2226
389 719
390 1501
391 914
392 2404
393 2025
394 1409
395 73
396 2895
397 1847
398 1061
399 2910
400 2154
401 2543
402 826
403 2836
404 1557
405 2663
406 589
407 470
408 1214
409 2660
410 1371
411 745
412 2822
413 418
414 152
415 1104
416 2822
417 2039
418 743
419 1082
420 872
421 1706
422 2940
423 1639
424 243

