597 44
0 172
1 2337
2 1888
3 995
4 2464
5 1321
6 2849
7 562
8 1620
9 223
10 1701
11 2420
12 2968
13 402
14 2946
15 2526
16 306
17 2617
18 889
19 2301
20 1300
21 1482
22 1892
23 1811
24 2196
25 1237
26 769
27 2294
28 305
29 845
30 960
31 1690
32 291
33 2853
34 2582
35 2979
36 2134
37 2333
38 2420
39 1958
40 1622
41 371
42 581
43 446
44 2257
45 2491
46 2819
47 2543
48 47
49 1106
50 265
51 129
52 536
53 333
54 1212
55 2903
56 1099
57 2455
58 1383
59 137
60 448
61 2044
62 694
63 415
64 2904
65 1154
66 2724
67 2451
68 534
69 2062
70 2859
71 2539
72 98
73 1739
74 88
75 503
76 282
77 2995
78 1185
79 2629
80 1842
81 1056
82 2337
83 1803
84 1879
85 221
86 961
87 2766
88 2800
89 1534
90 468
91 580
92 2234
93 1046
94 2119
95 186
96 410
97 221
98 1581
99 1685
100 1878
101 340
102 1444
103 1510
104 1236
105 2489
106 745
107 254
108 74
109 1928
110 1590
111 1580
112 2091
113 1179
114 1651
115 2931
116 23
117 76
118 2365
119 641
120 2902
121 2076
122 1801
123 721
124 615
125 2086
126 1258
127 1936
128 792
129 2478
130 2654
131 5
132 2494
133 1894
134 654
135 526
136 1917
137 1991
138 238
139 1079
140 138
141 752
142 2310
143 1768
144 2452
145 576
146 1205
147 2537
148 929
149 313
150 578
151 2527
152 100
153 2567
154 33
155 1407
156 2427
157 445
158 1161
159 2140
160 1488
161 2543
162 2672
163 1967
164 714
165 1602
166 2269
167 2463
168 377
169 2173
170 144
171 2254
172 746
173 1768
174 1835
175 605
176 2594
177 320
178 1744
179 2025
180 136
181 1217
182 1823
183 1166
184 256
185 2859
186 1288
187 1041
188 660
189 1401
190 211
191 1526
192 990
193 343
194 2364
195 1672
196 1327
197 1193
198 2234
199 2183
200 2251
201 1481
202 1417
203 2938
204 507
205 1532
206 1697
207 1096
208 1701
209 1534
210 2412
211 2103
212 2847
213 1345
214 2731
215 295
216 2164
217 2498
218 1313
219 258
220 2785
221 1909
222 2787
223 861
224 1094
225 646
226 1133
227 2535
228 2240
229 1589
230 20
231 868
232 1133
233 2931
234 2626
235 2617
236 1854
237 1290
238 1508
239 2171
240 1003
241 589
242 559
243 443
244 2703
245 51
246 2530
247 75
248 188
249 2105
250 2266
251 1915
252 1652
253 791
254 2154
255 910
256 964
257 911
258 2337
259 358
260 2304
261 81
262 2969
263 2187
264 820
265 2191
266 859
267 707
268 1655
269 1859
270 2568
271 1692
272 319
273 2614
274 1494
275 632
276 529
277 317
278 443
279 2088
280 2136
281 2846
282 2746
283 1299
284 1710
285 1436
286 1967
287 1677
288 765
289 468
290 1311
291 482
292 697
293 1905
294 1358
295 1527
296 730
297 653
298 2233
299 1610
300 17
301 2035
302 571
303 196
304 1880
305 2720
306 2521
307 851
308 2357
309 1156
310 1053
311 943
312 1694
313 746
314 1243
315 2287
316 2842
317 374
318 852
319 109
320 795
321 2507
322 1196
323 1588
324 463
325 1460
326 1977
327 2719
328 1345
329 381
330 1434
331 1270
332 1775
333 765
334 2076
335 71
336 2898
337 1625
338 1486
339 587
340 279
341 2146
342 147
343 2144
344 352
345 1351
346 1144
347 1900
348 2030
349 2031
350 1306
351 1937
352 1314
353 2703
354 869
355 2929
356 882
357 1176
358 2563
359 885
360 1491
361 9
362 2278
363 574
364 71
365 1045
366 2376
367 275
368 2116
369 2359
370 2611
371 1597
372 1192
373 1993
374 2855
375 722
376 1067
377 2306
378 2013
379 2113
380 2116
381 2213
382 1957
383 1458
384 1486
385 2212
386 2238
387 743
388 929
389 2204
390 841
391 2667
392 2915
393 1245
394 803
395 1476
396 2089
397 510
398 1632
399 455
400 1186
401 55
402 1402
403 1132
404 2421
405 2623
406 1904
407 2980
408 619
409 1642
410 2138
411 2801
412 607
413 2464
414 936
415 1250
416 124
417 963
418 619
419 2497
420 646
421 2238
422 2531
423 1674
424 2464
425 764
426 734
427 393
428 2277
429 2637
430 499
431 795
432 1444
433 80
434 428
435 2679
436 436
437 1946
438 2294
439 2809
440 2422
441 968
442 1691
443 2360
444 363
445 1642
446 2948
447 2937
448 2011
449 2728
450 1345
451 539
452 1105
453 565
454 1428
455 58
456 1946
457 2170
458 2497
459 498
460 2880
461 2812
462 351
463 833
464 149
465 2818
466 2800
467 2649
468 181
469 1377
470 2374
471 2556
472 1777
473 1545
474 2282
475 2018
476 358
477 254
478 2691
479 208
480 2024
481 618
482 1091
483 1106
484 2519
485 448
486 800
487 1387
488 376
489 610
490 193
491 813
492 671
493 2764
494 668
495 897
496 596
497 214
498 458
499 1475
500 975
501 2840
502 2449
503 1919
504 1826
505 2764
506 2415
507 1604
508 2543
509 2581
510 2399
511 1237
512 2002
513 310
514 704
515 2493
516 97
517 1590
518 1708
519 510
520 2165
521 886
522 2648
523 1313
524 223
525 813
526 1199
527 244
528 2899
529 943
530 2783
531 402
532 1592
533 1741
534 2099
535 1517
536 2378
537 2726
538 1030
539 807
540 2653
541 779
542 2018
543 837
544 1900
545 1983
546 1632
547 2398
548 2086
549 2428
550 1858
551 1166
552 2076
553 784
554 1827
555 1827
556 2883
557 1219
558 808
559 262
560 296
561 1488
562 288
563 446
564 1684
565 1407
566 2369
567 2325
568 624
569 2276
570 917
571 1695
572 1008
573 207
574 1211
575 305
576 2606
577 970
578 1359
579 653
580 844
581 1912
582 2435
583 2418
584 167
585 1345
586 2012
587 1727
588 1594
589 2430
590 949
591 1426
592 284
593 547
594 2600
595 501
596 729

