965 34
0 267
1 2071
2 2507
3 1938
4 283
5 716
6 1165
7 2970
8 269
9 662
10 5
11 2352
12 1944
13 578
14 1903
15 150
16 2503
17 246
18 1648
19 2955
20 1491
21 1531
22 258
23 1507
24 83
25 2880
26 647
27 599
28 2014
29 81
30 2281
31 1581
32 1629
33 927
34 1083
35 2553
36 798
37 2562
38 709
39 1275
40 264
41 612
42 1043
43 2277
44 2942
45 676
46 471
47 1316
48 808
49 1676
50 966
51 2752
52 326
53 1210
54 352
55 1373
56 782
57 856
58 2579
59 1060
60 1022
61 2466
62 1402
63 1792
64 1527
65 1985
66 242
67 1129
68 2238
69 139
70 1323
71 1829
72 2964
73 2578
74 1239
75 1891
76 2937
77 1778
78 1414
79 482
80 2191
81 1512
82 2999
83 741
84 2744
85 206
86 1973
87 2804
88 1661
89 446
90 1554
91 844
92 243
93 93
94 1169
95 460
96 2191
97 498
98 988
99 307
100 1773
101 731
102 1803
103 611
104 1952
105 1708
106 1738
107 2939
108 1177
109 1841
110 2485
111 1252
112 984
113 736
114 791
115 2230
116 1835
117 503
118 2962
119 53
120 2125
121 1012
122 45
123 2414
124 2280
125 1573
126 817
127 330
128 1561
129 2701
130 2651
131 2656
132 541
133 2305
134 1282
135 2434
136 2188
137 211
138 2301
139 2936
140 2318
141 2727
142 332
143 1868
144 2730
145 261
146 2930
147 1143
148 107
149 1328
150 615
151 2961
152 1606
153 312
154 263
155 1116
156 2655
157 863
158 1148
159 1058
160 2357
161 1302
162 243
163 2374
164 2642
165 420
166 253
167 488
168 1972
169 2668
170 2478
171 810
172 493
173 574
174 684
175 395
176 941
177 545
178 1399
179 1380
180 2990
181 657
182 658
183 2135
184 2003
185 94
186 1409
187 2207
188 103
189 666
190 1325
191 2482
192 2591
193 662
194 280
195 451
196 1005
197 2689
198 1985
199 722
200 2999
201 1723
202 2429
203 1455
204 2851
205 2398
206 577
207 2046
208 2810
209 232
210 723
211 476
212 652
213 1459
214 1127
215 23
216 2890
217 1272
218 2153
219 513
220 900
221 2994
222 2141
223 2996
224 1361
225 2112
226 2114
227 1194
228 227
229 165
230 436
231 139
232 1057
233 1629
234 1868
235 1445
236 1289
237 839
238 1717
239 2612
240 791
241 2012
242 187
243 2109
244 2790
245 25
246 851
247 1438
248 766
249 1398
250 2796
251 1468
252 57
253 451
254 2419
255 1719
256 256
257 2107
258 584
259 962
260 2214
261 208
262 911
263 1158
264 2204
265 605
266 1213
267 260
268 1494
269 941
270 1808
271 2839
272 280
273 2684
274 1282
275 2784
276 1338
277 2222
278 1374
279 199
280 497
281 906
282 1970
283 1003
284 2421
285 590
286 1566
287 1793
288 258
289 1354
290 533
291 1048
292 849
293 2006
294 1615
295 1120
296 1719
297 1918
298 743
299 2118
300 2296
301 2683
302 1107
303 1793
304 2637
305 1437
306 1466
307 793
308 85
309 835
310 2400
311 592
312 804
313 675
314 1828
315 2518
316 2581
317 1279
318 527
319 613
320 775
321 636
322 1660
323 2076
324 1125
325 1590
326 792
327 800
328 1284
329 2581
330 1977
331 800
332 2808
333 2757
334 1565
335 1199
336 253
337 355
338 1760
339 1090
340 438
341 523
342 1878
343 207
344 1700
345 1090
346 2565
347 2811
348 1985
349 1711
350 2877
351 2394
352 751
353 2187
354 811
355 2135
356 95
357 774
358 2063
359 1758
360 804
361 473
362 2924
363 1383
364 2365
365 1424
366 1909
367 2532
368 1420
369 2576
370 1554
371 1059
372 2331
373 2114
374 2799
375 2302
376 424
377 2177
378 1299
379 2222
380 1520
381 784
382 1398
383 2273
384 2008
385 1947
386 2458
387 2283
388 2683
389 2565
390 473
391 2958
392 2177
393 2549
394 649
395 2528
396 1261
397 750
398 1230
399 1029
400 1605
401 2310
402 1191
403 2353
404 2816
405 597
406 2608
407 1103
408 41
409 239
410 37
411 1300
412 2234
413 861
414 2991
415 1030
416 1891
417 910
418 220
419 236
420 2150
421 1632
422 2633
423 2426
424 2777
425 2333
426 2775
427 2497
428 2723
429 2206
430 2108
431 1096
432 2103
433 149
434 2346
435 2466
436 1322
437 1688
438 23
439 2404
440 1107
441 410
442 1015
443 2138
444 213
445 2984
446 618
447 603
448 2943
449 818
450 80
451 615
452 1307
453 234
454 2266
455 2460
456 272
457 1558
458 406
459 2011
460 1483
461 872
462 1718
463 2554
464 422
465 972
466 1836
467 1320
468 533
469 2396
470 1242
471 2486
472 675
473 237
474 222
475 1199
476 1634
477 1578
478 2394
479 2913
480 477
481 228
482 2913
483 283
484 1391
485 274
486 2716
487 2642
488 1058
489 2626
490 2320
491 581
492 1696
493 1800
494 2830
495 1815
496 578
497 795
498 2098
499 2077
500 133
501 1365
502 1810
503 2071
504 2079
505 2888
506 2995
507 2358
508 766
509 1545
510 2848
511 2955
512 2728
513 167
514 2726
515 1721
516 774
517 1112
518 14
519 1374
520 380
521 2748
522 913
523 2387
524 2955
525 1410
526 439
527 2535
528 1890
529 1745
530 1071
531 526
532 238
533 1722
534 236
535 118
536 986
537 2124
538 885
539 595
540 127
541 1593
542 2634
543 1021
544 277
545 2612
546 363
547 445
548 1166
549 1908
550 1018
551 1558
552 1524
553 2151
554 2129
555 1006
556 2231
557 1046
558 1163
559 2071
560 1331
561 728
562 773
563 2929
564 883
565 2147
566 2111
567 1084
568 708
569 124
570 2947
571 2312
572 59
573 1169
574 2902
575 2121
576 260
577 690
578 1569
579 1369
580 1352
581 897
582 1541
583 536
584 1974
585 1773
586 19
587 102
588 2196
589 2391
590 2703
591 2617
592 610
593 388
594 2891
595 622
596 1166
597 1357
598 1949
599 695
600 2320
601 344
602 1717
603 2661
604 1090
605 1335
606 1872
607 2431
608 2152
609 701
610 2058
611 868
612 718
613 1073
614 2281
615 2341
616 839
617 70
618 804
619 428
620 2502
621 1256
622 309
623 891
624 2452
625 2416
626 1404
627 1552
628 1308
629 2562
630 2910
631 2804
632 2664
633 993
634 1554
635 219
636 2098
637 2360
638 2959
639 1985
640 1258
641 1242
642 1420
643 2192
644 1320
645 1796
646 1307
647 505
648 2675
649 1412
650 606
651 195
652 2563
653 1021
654 2119
655 1775
656 125
657 2546
658 498
659 1973
660 1644
661 671
662 349
663 100
664 687
665 985
666 1474
667 588
668 2384
669 359
670 1433
671 1018
672 1746
673 2604
674 2057
675 1755
676 2871
677 591
678 315
679 1288
680 1743
681 775
682 236
683 2753
684 959
685 1336
686 2616
687 188
688 479
689 735
690 2016
691 2496
692 1766
693 2730
694 2525
695 1670
696 1792
697 1512
698 1349
699 1814
700 520
701 1675
702 2718
703 1061
704 2559
705 546
706 1425
707 474
708 396
709 2566
710 1630
711 766
712 2499
713 2498
714 885
715 1697
716 526
717 690
718 1391
719 2825
720 2136
721 1830
722 2800
723 1870
724 890
725 2683
726 364
727 171
728 2116
729 2016
730 603
731 53
732 984
733 1424
734 1573
735 879
736 76
737 1899
738 2604
739 1250
740 2618
741 1597
742 1822
743 1096
744 2831
745 1684
746 2069
747 383
748 2875
749 1380
750 2316
751 2849
752 2846
753 976
754 1389
755 1753
756 1625
757 2838
758 2715
759 1469
760 2258
761 1826
762 1443
763 1066
764 863
765 2888
766 2619
767 946
768 576
769 2155
770 85
771 664
772 2321
773 2193
774 2057
775 706
776 1979
777 2011
778 1468
779 520
780 702
781 2826
782 2311
783 1680
784 1211
785 1428
786 910
787 1868
788 1962
789 832
790 270
791 2921
792 325
793 1842
794 1676
795 2495
796 1475
797 1092
798 118
799 899
800 52
801 306
802 2962
803 2966
804 721
805 2500
806 2940
807 442
808 2664
809 1291
810 1057
811 443
812 822
813 1657
814 839
815 1694
816 2016
817 514
818 2941
819 935
820 2932
821 1166
822 112
823 1576
824 1353
825 1060
826 2992
827 2050
828 2980
829 2478
830 1142
831 934
832 746
833 2387
834 2273
835 2305
836 556
837 2716
838 611
839 477
840 1108
841 2878
842 2781
843 1975
844 2979
845 546
846 2419
847 2449
848 11
849 1973
850 1229
851 1787
852 766
853 2939
854 2087
855 2224
856 1430
857 232
858 1241
859 612
860 2618
861 1463
862 966
863 856
864 1306
865 294
866 2523
867 1803
868 1834
869 472
870 829
871 159
872 1799
873 2082
874 1809
875 710
876 2787
877 1372
878 748
879 2591
880 1969
881 2070
882 1556
883 708
884 2470
885 2536
886 562
887 2944
888 820
889 999
890 1375
891 702
892 2550
893 1203
894 2288
895 2517
896 464
897 308
898 1761
899 1448
900 2328
901 811
902 1847
903 740
904 2876
905 1107
906 1820
907 1892
908 2929
909 2195
910 1973
911 2503
912 2363
913 274
914 664
915 2897
916 2358
917 1242
918 2352
919 1001
920 220
921 165
922 1491
923 1420
924 1947
925 1538
926 1063
927 1801
928 1398
929 2341
930 2453
931 2030
932 1991
933 2425
934 17
935 853
936 527
937 2186
938 1672
939 2159
940 956
941 141
942 2031
943 1356
944 23
945 92
946 2804
947 2786
948 13
949 2141
950 60
951 1164
952 53
953 677
954 776
955 2247
956 444
957 2063
958 877
959 724
960 1410
961 1492
962 2581
963 962
964 2253

