192 83
0 931
1 1999
2 759
3 530
4 2283
5 1493
6 34
7 2310
8 2808
9 358
10 2377
11 1670
12 511
13 714
14 1834
15 626
16 2861
17 224
18 1048
19 835
20 2690
21 1501
22 896
23 663
24 1365
25 96
26 1357
27 2615
28 1785
29 921
30 2003
31 2803
32 2571
33 2396
34 2791
35 1572
36 2971
37 2826
38 1010
39 2118
40 795
41 1231
42 2173
43 1179
44 1867
45 373
46 274
47 530
48 288
49 1663
50 1050
51 283
52 642
53 571
54 2246
55 2104
56 769
57 1001
58 1241
59 2098
60 411
61 405
62 102
63 2891
64 1165
65 1274
66 1439
67 1087
68 1700
69 1760
70 2622
71 1094
72 2913
73 816
74 1757
75 1654
76 2345
77 436
78 1526
79 2691
80 449
81 2304
82 1901
83 1868
84 1078
85 314
86 2792
87 872
88 2220
89 1963
90 2580
91 857
92 25
93 2349
94 1551
95 395
96 837
97 867
98 410
99 2748
100 1764
101 467
102 2108
103 117
104 100
105 729
106 600
107 2905
108 2202
109 799
110 1614
111 1912
112 2252
113 115
114 2378
115 1672
116 1662
117 1317
118 896
119 2542
120 2581
121 2267
122 2967
123 2973
124 2292
125 1163
126 2968
127 1417
128 1133
129 1526
130 359
131 2689
132 176
133 1690
134 1329
135 406
136 1702
137 1960
138 2387
139 1079
140 1448
141 37
142 387
143 2795
144 609
145 2863
146 244
147 2689
148 2661
149 2610
150 1826
151 2364
152 1353
153 23
154 1298
155 2719
156 1551
157 807
158 1100
159 2330
160 1548
161 1288
162 1584
163 713
164 2630
165 999
166 2254
167 1274
168 2656
169 731
170 1405
171 260
172 621
173 439
174 2614
175 1520
176 2698
177 276
178 57
179 1684
180 21
181 2110
182 1745
183 2538
184 981
185 311
186 2625
187 1613
188 750
189 2464
190 346
191 1683

