948 23
0 2676
1 2802
2 1824
3 1050
4 1174
5 1822
6 2572
7 1954
8 53
9 142
10 1830
11 1262
12 1447
13 1339
14 2406
15 1196
16 2129
17 2930
18 1829
19 1241
20 1097
21 755
22 1941
23 994
24 2327
25 1578
26 2350
27 1522
28 1322
29 1200
30 1229
31 277
32 1498
33 266
34 2017
35 839
36 940
37 2862
38 869
39 2460
40 2785
41 844
42 500
43 2587
44 1789
45 2236
46 1995
47 258
48 699
49 2838
50 2773
51 1515
52 2282
53 1055
54 895
55 2037
56 1478
57 2526
58 2672
59 177
60 1623
61 1955
62 508
63 447
64 788
65 2589
66 890
67 1515
68 1841
69 2020
70 613
71 2231
72 794
73 754
74 297
75 21
76 953
77 2629
78 1361
79 959
80 2707
81 15
82 74
83 441
84 2263
85 1937
86 2306
87 763
88 2815
89 853
90 403
91 2520
92 225
93 117
94 1934
95 1459
96 2734
97 2039
98 2111
99 2658
100 1756
101 2872
102 2498
103 2649
104 515
105 1957
106 2752
107 1207
108 1943
109 1492
110 1616
111 584
112 970
113 2991
114 2490
115 2407
116 1130
117 2094
118 429
119 1029
120 1079
121 586
122 1097
123 2792
124 1085
125 1628
126 2489
127 2954
128 50
129 236
130 1222
131 710
132 2594
133 1718
134 2703
135 921
136 2375
137 94
138 2675
139 1340
140 718
141 1212
142 742
143 1221
144 496
145 1831
146 1005
147 837
148 2964
149 254
150 2668
151 642
152 1307
153 246
154 2847
155 224
156 2439
157 630
158 1023
159 670
160 606
161 241
162 2450
163 2631
164 990
165 874
166 663
167 1871
168 1439
169 971
170 2487
171 1018
172 210
173 1067
174 2024
175 1219
176 1008
177 2623
178 1168
179 81
180 170
181 2590
182 417
183 2223
184 1486
185 1581
186 161
187 1038
188 1247
189 161
190 1227
191 2205
192 495
193 65
194 389
195 2148
196 970
197 1637
198 2837
199 993
200 1135
201 627
202 1384
203 253
204 1546
205 828
206 752
207 820
208 309
209 2313
210 1740
211 1900
212 162
213 669
214 861
215 2563
216 818
217 2200
218 89
219 1868
220 1286
221 479
222 2283
223 908
224 1360
225 951
226 600
227 2037
228 1380
229 2152
230 663
231 228
232 1891
233 769
234 1816
235 559
236 475
237 1206
238 2256
239 1495
240 2933
241 1552
242 596
243 2769
244 764
245 1276
246 2410
247 1178
248 1667
249 2165
250 293
251 2081
252 1353
253 2649
254 444
255 225
256 1135
257 1127
258 539
259 641
260 1155
261 1941
262 1125
263 975
264 2815
265 2574
266 1580
267 1383
268 2238
269 1289
270 749
271 1316
272 844
273 2057
274 2583
275 245
276 915
277 1708
278 1778
279 1736
280 30
281 2061
282 2548
283 1356
284 1273
285 1586
286 983
287 1223
288 2535
289 2248
290 2148
291 2572
292 564
293 1202
294 1669
295 2695
296 1304
297 1680
298 549
299 2880
300 859
301 2510
302 2858
303 189
304 275
305 2495
306 2804
307 2466
308 1840
309 2973
310 366
311 2817
312 1336
313 2745
314 2405
315 1816
316 921
317 2082
318 2145
319 736
320 1375
321 268
322 1333
323 2975
324 2077
325 2235
326 1820
327 1703
328 2814
329 1544
330 470
331 431
332 1204
333 2902
334 433
335 135
336 2290
337 2632
338 469
339 2354
340 2717
341 167
342 282
343 2670
344 1004
345 2653
346 1593
347 886
348 1662
349 1874
350 1157
351 2225
352 1713
353 1435
354 2327
355 1841
356 2634
357 1776
358 1542
359 2574
360 1501
361 1253
362 2453
363 1784
364 1278
365 2036
366 2939
367 1274
368 151
369 1463
370 1768
371 1515
372 1611
373 1780
374 2421
375 1892
376 2913
377 308
378 1384
379 656
380 721
381 1151
382 2697
383 2385
384 2379
385 1720
386 2263
387 1496
388 1536
389 2656
390 317
391 2994
392 287
393 554
394 1860
395 581
396 2838
397 541
398 1814
399 2339
400 1659
401 2354
402 873
403 2942
404 1250
405 870
406 2289
407 2758
408 972
409 2496
410 284
411 1835
412 846
413 990
414 1566
415 449
416 1565
417 88
418 581
419 115
420 1993
421 1084
422 1185
423 2832
424 287
425 2673
426 1096
427 99
428 2130
429 2250
430 951
431 1130
432 697
433 2833
434 1970
435 1065
436 54
437 2891
438 2785
439 2678
440 2516
441 752
442 154
443 2900
444 981
445 937
446 696
447 1238
448 886
449 270
450 2262
451 2215
452 800
453 393
454 1384
455 1936
456 154
457 1841
458 1168
459 1896
460 580
461 1537
462 2074
463 648
464 464
465 2877
466 1813
467 2759
468 81
469 1482
470 2724
471 626
472 445
473 2812
474 608
475 723
476 819
477 1797
478 2363
479 2120
480 2202
481 812
482 2655
483 1482
484 828
485 2871
486 124
487 1618
488 2982
489 989
490 1441
491 1899
492 2889
493 2440
494 1051
495 2832
496 2553
497 895
498 2512
499 1830
500 663
501 2800
502 2855
503 1052
504 1480
505 1837
506 2379
507 2432
508 1373
509 2660
510 1200
511 2620
512 1224
513 2719
514 2563
515 2215
516 1788
517 431
518 416
519 2261
520 1222
521 1477
522 1744
523 1162
524 627
525 883
526 2819
527 1276
528 913
529 1685
530 2641
531 1766
532 1267
533 2346
534 1655
535 2363
536 358
537 1683
538 2493
539 1608
540 377
541 2245
542 988
543 1865
544 2103
545 1217
546 2988
547 1609
548 1913
549 128
550 2885
551 1862
552 1175
553 2553
554 2867
555 1540
556 2840
557 294
558 1893
559 2876
560 1342
561 2164
562 692
563 1472
564 268
565 29
566 1585
567 1634
568 2561
569 19
570 1039
571 2748
572 1276
573 709
574 1766
575 2172
576 1682
577 1455
578 1852
579 1006
580 1277
581 2149
582 698
583 1215
584 2570
585 2072
586 233
587 2277
588 980
589 1231
590 1891
591 2891
592 1217
593 2349
594 1444
595 2200
596 2595
597 2641
598 1153
599 1670
600 229
601 782
602 1681
603 974
604 572
605 1444
606 1345
607 1967
608 881
609 917
610 2922
611 959
612 817
613 2189
614 2826
615 2144
616 1148
617 20
618 331
619 1873
620 2892
621 2731
622 1761
623 1175
624 611
625 1346
626 1099
627 18
628 1372
629 1832
630 879
631 2789
632 2232
633 1429
634 2988
635 2376
636 1400
637 1502
638 2153
639 138
640 95
641 1601
642 2083
643 2819
644 56
645 941
646 1877
647 1898
648 2251
649 661
650 1646
651 950
652 619
653 465
654 2947
655 173
656 2632
657 1032
658 850
659 2982
660 1184
661 2665
662 606
663 2785
664 2670
665 576
666 1913
667 1864
668 2762
669 2927
670 1945
671 2138
672 1510
673 975
674 644
675 1465
676 1215
677 2848
678 685
679 1157
680 2054
681 2310
682 1626
683 172
684 2564
685 1729
686 1250
687 594
688 1301
689 1006
690 1336
691 67
692 2268
693 2476
694 469
695 1668
696 900
697 755
698 490
699 849
700 2456
701 2484
702 1405
703 2574
704 69
705 615
706 2276
707 1410
708 1837
709 852
710 1994
711 1192
712 847
713 2402
714 2977
715 1530
716 92
717 1505
718 1774
719 1744
720 1057
721 1776
722 1050
723 2788
724 2079
725 64
726 997
727 1886
728 2187
729 794
730 1606
731 2308
732 242
733 2984
734 1859
735 1546
736 2295
737 1985
738 586
739 1629
740 2859
741 1816
742 2429
743 575
744 2402
745 2946
746 2556
747 1919
748 2129
749 2432
750 2038
751 2053
752 2346
753 2544
754 1165
755 1112
756 2394
757 2094
758 947
759 1541
760 2832
761 481
762 2640
763 2422
764 1437
765 2459
766 389
767 2366
768 864
769 1748
770 1216
771 1514
772 1101
773 1763
774 1691
775 1138
776 1889
777 1553
778 931
779 2643
780 2561
781 1637
782 2578
783 2465
784 1895
785 1657
786 2340
787 2340
788 2679
789 970
790 138
791 1861
792 2089
793 2022
794 2543
795 685
796 921
797 1752
798 1404
799 2722
800 1339
801 1182
802 809
803 809
804 293
805 2551
806 1603
807 540
808 1734
809 1047
810 1819
811 411
812 57
813 1898
814 2343
815 2800
816 163
817 2943
818 617
819 2270
820 2157
821 2223
822 1177
823 2898
824 755
825 535
826 1732
827 2084
828 587
829 2194
830 119
831 1646
832 743
833 2941
834 2464
835 207
836 540
837 2394
838 1414
839 801
840 2813
841 2193
842 1431
843 2804
844 2076
845 2073
846 2082
847 209
848 1533
849 2229
850 2208
851 2713
852 2892
853 1414
854 2695
855 730
856 1500
857 287
858 426
859 1228
860 2569
861 2487
862 529
863 1959
864 2497
865 2308
866 1745
867 240
868 219
869 1631
870 1373
871 1239
872 942
873 2998
874 435
875 1797
876 1858
877 1182
878 787
879 1216
880 2288
881 1675
882 1808
883 1480
884 2259
885 816
886 2031
887 2610
888 2207
889 2997
890 1558
891 1185
892 1101
893 991
894 2950
895 2973
896 1753
897 2514
898 1360
899 188
900 1583
901 1631
902 1516
903 1225
904 2688
905 305
906 1956
907 282
908 2326
909 1110
910 1875
911 1659
912 36
913 674
914 858
915 425
916 757
917 884
918 2167
919 1181
920 1959
921 6
922 1613
923 2071
924 1043
925 686
926 367
927 325
928 220
929 1136
930 1815
931 2482
932 2251
933 828
934 688
935 507
936 2536
937 594
938 1446
939 704
940 1373
941 140
942 1701
943 2116
944 1236
945 2242
946 1956
947 1754

