971 57
0 2387
1 1039
2 1600
3 2904
4 2438
5 1169
6 2085
7 1540
8 880
9 104
10 2162
11 344
12 556
13 1492
14 2146
15 1537
16 260
17 291
18 2735
19 988
20 238
21 2010
22 601
23 1255
24 1623
25 152
26 741
27 759
28 1103
29 2019
30 2796
31 2108
32 2641
33 875
34 366
35 1141
36 994
37 1916
38 629
39 1367
40 1741
41 435
42 2176
43 11
44 1128
45 2428
46 574
47 83
48 708
49 2744
50 675
51 2581
52 377
53 2041
54 272
55 2749
56 2922
57 1074
58 467
59 803
60 2848
61 952
62 1005
63 2547
64 424
65 1631
66 2792
67 53
68 323
69 2120
70 708
71 582
72 889
73 2887
74 1458
75 125
76 2600
77 2025
78 997
79 2721
80 2199
81 1785
82 2765
83 1724
84 1660
85 2070
86 2353
87 873
88 717
89 2003
90 1296
91 2763
92 1971
93 1234
94 2020
95 1895
96 2746
97 2101
98 1746
99 1688
100 13
101 2522
102 1443
103 2839
104 2208
105 221
106 488
107 2512
108 1446
109 46
110 294
111 276
112 2544
113 77
114 1443
115 2338
116 1240
117 500
118 2725
119 2766
120 1324
121 1715
122 693
123 392
124 796
125 1557
126 467
127 824
128 888
129 585
130 2306
131 596
132 588
133 669
134 219
135 2521
136 1057
137 2455
138 1165
139 1646
140 154
141 286
142 2178
143 1070
144 1384
145 1207
146 126
147 2256
148 372
149 870
150 2110
151 584
152 1368
153 551
154 1509
155 1952
156 2189
157 2408
158 2215
159 2706
160 941
161 1235
162 2997
163 2902
164 2267
165 2855
166 1904
167 146
168 2278
169 862
170 2730
171 137
172 2223
173 1184
174 1941
175 441
176 474
177 1361
178 1937
179 76
180 1250
181 2946
182 1074
183 1927
184 2662
185 898
186 1559
187 322
188 251
189 1747
190 1428
191 1828
192 896
193 220
194 1452
195 2656
196 196
197 2387
198 1328
199 2122
200 1955
201 37
202 892
203 1717
204 2838
205 858
206 1818
207 1900
208 1496
209 2667
210 1375
211 725
212 2164
213 2114
214 1379
215 1940
216 2395
217 1874
218 728
219 2138
220 975
221 2259
222 2252
223 821
224 1728
225 18
226 1348
227 1801
228 2750
229 2863
230 2003
231 1149
232 420
233 2254
234 0
235 1335
236 962
237 2641
238 644
239 1723
240 942
241 50
242 2449
243 2154
244 2049
245 287
246 2708
247 2037
248 1837
249 496
250 920
251 2169
252 205
253 2550
254 1503
255 1485
256 1855
257 355
258 404
259 2476
260 1156
261 1885
262 2805
263 1340
264 2241
265 1363
266 156
267 2429
268 245
269 1007
270 1640
271 162
272 1331
273 2
274 2081
275 1880
276 1070
277 1559
278 2344
279 1190
280 1739
281 2411
282 1839
283 2048
284 891
285 461
286 469
287 2373
288 1042
289 968
290 630
291 53
292 910
293 1797
294 1407
295 2454
296 2853
297 1940
298 2864
299 1129
300 733
301 564
302 934
303 426
304 1971
305 1320
306 1566
307 822
308 309
309 2186
310 394
311 2431
312 2656
313 1982
314 1603
315 2489
316 2691
317 1224
318 1029
319 1741
320 2501
321 2882
322 2415
323 25
324 2951
325 2358
326 1353
327 1227
328 2804
329 745
330 2933
331 1224
332 2030
333 2336
334 2678
335 804
336 2390
337 2010
338 297
339 2402
340 2279
341 253
342 2045
343 1889
344 675
345 169
346 2616
347 2885
348 2122
349 990
350 1158
351 229
352 1365
353 2669
354 2914
355 2992
356 2466
357 1638
358 1864
359 742
360 675
361 2755
362 1297
363 701
364 1605
365 2088
366 299
367 2824
368 1101
369 2437
370 525
371 368
372 1926
373 2572
374 1444
375 2911
376 924
377 65
378 2490
379 497
380 488
381 2365
382 2204
383 181
384 2112
385 1924
386 25
387 21
388 1633
389 1466
390 1641
391 89
392 97
393 1459
394 2861
395 1962
396 79
397 288
398 2465
399 2489
400 474
401 1403
402 1718
403 1181
404 2637
405 1850
406 2521
407 64
408 1532
409 1238
410 1749
411 2987
412 1506
413 492
414 1073
415 1200
416 1090
417 1733
418 2105
419 630
420 1314
421 2810
422 323
423 2289
424 801
425 460
426 906
427 1075
428 248
429 2825
430 906
431 1722
432 1883
433 1824
434 863
435 1384
436 361
437 906
438 599
439 2052
440 503
441 812
442 2887
443 1357
444 310
445 118
446 2201
447 2668
448 1170
449 1469
450 2281
451 2610
452 1649
453 1453
454 956
455 1805
456 1040
457 2283
458 1377
459 2533
460 2529
461 1726
462 2351
463 1738
464 1177
465 2517
466 928
467 2177
468 137
469 374
470 277
471 1666
472 2907
473 444
474 2790
475 2928
476 1945
477 1446
478 835
479 1143
480 349
481 874
482 1293
483 1925
484 2543
485 2933
486 323
487 2077
488 688
489 2599
490 1136
491 2437
492 712
493 66
494 1831
495 869
496 92
497 734
498 2056
499 2424
500 1695
501 2989
502 80
503 686
504 1986
505 2128
506 1121
507 2874
508 2026
509 1749
510 2813
511 674
512 2028
513 2802
514 2763
515 1104
516 1148
517 1808
518 1493
519 221
520 475
521 1324
522 204
523 2947
524 1501
525 2995
526 793
527 509
528 2962
529 2557
530 1196
531 1238
532 2135
533 2033
534 2455
535 2092
536 2531
537 2422
538 436
539 1183
540 2929
541 911
542 2781
543 2461
544 2361
545 2316
546 2314
547 1051
548 1226
549 1684
550 2311
551 1060
552 2087
553 2417
554 1210
555 113
556 2410
557 1376
558 2502
559 170
560 2073
561 2642
562 2905
563 725
564 1018
565 2198
566 229
567 1608
568 1205
569 540
570 2802
571 712
572 1148
573 2958
574 1868
575 764
576 1885
577 2346
578 928
579 550
580 2848
581 2557
582 1645
583 727
584 1224
585 1662
586 1003
587 940
588 2585
589 381
590 1743
591 1105
592 822
593 2144
594 2311
595 481
596 1129
597 2889
598 519
599 36
600 2930
601 1090
602 637
603 959
604 92
605 2388
606 1611
607 2707
608 2133
609 1306
610 246
611 2574
612 354
613 2697
614 1990
615 2787
616 2518
617 2724
618 2761
619 2947
620 2116
621 1893
622 1086
623 1366
624 1755
625 311
626 2062
627 592
628 2648
629 2082
630 2341
631 1328
632 1577
633 1195
634 974
635 773
636 167
637 468
638 1605
639 405
640 943
641 192
642 336
643 1969
644 2924
645 359
646 1877
647 823
648 1675
649 1021
650 2302
651 172
652 2020
653 2898
654 1672
655 67
656 2797
657 1669
658 2290
659 2413
660 2243
661 822
662 757
663 839
664 2985
665 870
666 1153
667 551
668 134
669 2345
670 2747
671 756
672 2522
673 2874
674 1594
675 1314
676 2634
677 1235
678 385
679 708
680 1408
681 19
682 1417
683 1634
684 958
685 2563
686 2208
687 2030
688 2547
689 949
690 788
691 1190
692 727
693 374
694 1860
695 661
696 971
697 1383
698 839
699 143
700 863
701 74
702 1688
703 2076
704 1670
705 1651
706 892
707 100
708 1783
709 2299
710 2360
711 1096
712 519
713 2768
714 1428
715 406
716 2443
717 2684
718 2959
719 1537
720 1509
721 2290
722 565
723 812
724 1137
725 2850
726 1238
727 968
728 1937
729 1888
730 2015
731 1008
732 861
733 1712
734 223
735 380
736 787
737 1757
738 387
739 1534
740 861
741 2976
742 2785
743 207
744 1376
745 1072
746 2325
747 917
748 303
749 2069
750 445
751 348
752 298
753 398
754 2672
755 2271
756 476
757 1620
758 2990
759 201
760 2643
761 2174
762 2511
763 2984
764 1964
765 678
766 174
767 2549
768 521
769 460
770 217
771 2275
772 2360
773 1337
774 1380
775 2645
776 2631
777 1164
778 2852
779 545
780 475
781 2815
782 530
783 2744
784 2534
785 2898
786 1535
787 626
788 228
789 414
790 2315
791 404
792 1202
793 1900
794 2577
795 1907
796 1060
797 428
798 89
799 352
800 1130
801 2798
802 113
803 561
804 685
805 2544
806 1355
807 2420
808 1973
809 284
810 845
811 429
812 1735
813 2276
814 2157
815 1626
816 359
817 2185
818 1206
819 177
820 2024
821 1753
822 2985
823 298
824 441
825 84
826 1454
827 1950
828 627
829 1166
830 738
831 316
832 218
833 348
834 2081
835 1683
836 1706
837 2127
838 2206
839 2518
840 1443
841 2772
842 2297
843 552
844 691
845 1460
846 1683
847 1546
848 2419
849 2102
850 188
851 16
852 2157
853 1129
854 2971
855 1143
856 694
857 944
858 2775
859 741
860 810
861 458
862 1050
863 2817
864 1403
865 1224
866 2532
867 1052
868 2116
869 1074
870 1908
871 1030
872 1806
873 11
874 2847
875 2235
876 2372
877 108
878 2116
879 701
880 2221
881 694
882 1019
883 589
884 300
885 2235
886 748
887 794
888 384
889 2794
890 16
891 1467
892 848
893 1294
894 2040
895 1942
896 2936
897 1526
898 763
899 1712
900 240
901 0
902 1169
903 2694
904 2730
905 260
906 2220
907 1677
908 632
909 1914
910 2944
911 2348
912 2171
913 1305
914 1731
915 447
916 2522
917 460
918 322
919 1147
920 512
921 397
922 2789
923 98
924 692
925 1131
926 2371
927 199
928 1914
929 2248
930 2820
931 2919
932 828
933 1239
934 194
935 837
936 2635
937 2307
938 1689
939 2434
940 1846
941 2692
942 618
943 1525
944 2010
945 26
946 2836
947 867
948 700
949 710
950 1897
951 2555
952 2863
953 577
954 558
955 2238
956 2865
957 2372
958 1001
959 641
960 1488
961 1850
962 1553
963 2216
964 1607
965 2178
966 2823
967 1786
968 1657
969 1610
970 1326

