829 35
0 240
1 2985
2 1595
3 1385
4 1712
5 2902
6 1551
7 1991
8 14
9 149
10 2704
11 2945
12 405
13 132
14 1684
15 2872
16 259
17 1643
18 1530
19 2264
20 2336
21 2817
22 1560
23 2364
24 5
25 902
26 1789
27 740
28 2011
29 533
30 2140
31 2368
32 888
33 1360
34 2448
35 1287
36 600
37 2070
38 1127
39 1174
40 1046
41 1330
42 2593
43 2215
44 2631
45 2847
46 2137
47 584
48 982
49 1154
50 2653
51 1172
52 2008
53 742
54 1895
55 442
56 1178
57 912
58 322
59 1933
60 1943
61 2987
62 1302
63 2445
64 2296
65 1754
66 1465
67 2557
68 2153
69 2850
70 2314
71 417
72 266
73 725
74 351
75 450
76 1093
77 734
78 2937
79 512
80 2370
81 2938
82 1532
83 1657
84 2222
85 458
86 1090
87 1348
88 903
89 2271
90 12
91 2724
92 1167
93 1282
94 2569
95 22
96 1140
97 299
98 1536
99 2663
100 190
101 2881
102 2447
103 1122
104 2181
105 1019
106 2749
107 1042
108 483
109 1869
110 1235
111 419
112 2745
113 1829
114 1137
115 2903
116 1479
117 853
118 922
119 2812
120 1258
121 337
122 1636
123 2041
124 702
125 1193
126 1498
127 1481
128 2589
129 1151
130 1189
131 1962
132 1865
133 239
134 2958
135 779
136 534
137 260
138 1493
139 563
140 2882
141 538
142 2763
143 719
144 2217
145 2100
146 1592
147 2970
148 382
149 703
150 2985
151 1827
152 1600
153 2337
154 831
155 2442
156 1814
157 466
158 981
159 821
160 1500
161 1879
162 1650
163 2345
164 2665
165 244
166 887
167 1536
168 398
169 1519
170 1701
171 2413
172 2912
173 1972
174 71
175 2410
176 535
177 1549
178 1030
179 1202
180 2037
181 2719
182 1893
183 2603
184 2339
185 1405
186 2651
187 1949
188 928
189 2031
190 2469
191 1964
192 505
193 995
194 219
195 153
196 606
197 2546
198 231
199 1793
200 1985
201 178
202 890
203 1674
204 608
205 2389
206 2054
207 2208
208 1410
209 262
210 2285
211 159
212 787
213 910
214 1638
215 1788
216 1686
217 2362
218 2121
219 2158
220 1382
221 1173
222 1788
223 1560
224 1815
225 1953
226 1097
227 1656
228 2077
229 489
230 2294
231 2630
232 2341
233 1709
234 2993
235 1469
236 2174
237 1920
238 2806
239 2647
240 1786
241 1131
242 121
243 1382
244 1715
245 800
246 2232
247 2105
248 2284
249 1175
250 2110
251 2604
252 140
253 231
254 188
255 670
256 2574
257 785
258 1339
259 2760
260 910
261 2542
262 2476
263 1375
264 2283
265 538
266 2622
267 1064
268 2211
269 2809
270 730
271 1507
272 2397
273 2980
274 1033
275 503
276 2659
277 2639
278 2523
279 953
280 791
281 723
282 306
283 89
284 1320
285 2426
286 485
287 1546
288 306
289 1893
290 2999
291 2271
292 966
293 2538
294 159
295 2945
296 1809
297 2910
298 2071
299 2766
300 1368
301 1954
302 2313
303 2064
304 2046
305 2262
306 1859
307 2358
308 1562
309 449
310 1073
311 1203
312 2577
313 1022
314 1958
315 1998
316 2244
317 873
318 67
319 679
320 2838
321 1143
322 492
323 63
324 2913
325 634
326 2012
327 526
328 1851
329 1395
330 124
331 1673
332 2457
333 346
334 55
335 2404
336 2422
337 260
338 126
339 2138
340 1266
341 1559
342 2935
343 411
344 2757
345 1500
346 1203
347 1893
348 787
349 646
350 2714
351 176
352 2696
353 1935
354 106
355 2636
356 2334
357 1244
358 2838
359 995
360 252
361 2505
362 1708
363 1045
364 1821
365 1213
366 1101
367 432
368 219
369 2584
370 2644
371 1365
372 841
373 534
374 1570
375 2105
376 444
377 388
378 1967
379 1238
380 1438
381 1858
382 2450
383 1632
384 2266
385 715
386 1893
387 572
388 2542
389 96
390 71
391 2036
392 2573
393 572
394 584
395 907
396 532
397 2175
398 1634
399 2916
400 446
401 188
402 2107
403 2700
404 1748
405 1907
406 717
407 2367
408 2392
409 496
410 2970
411 422
412 971
413 1062
414 1
415 1951
416 1533
417 2378
418 357
419 2572
420 1854
421 456
422 468
423 1902
424 2793
425 1149
426 240
427 565
428 2299
429 2050
430 153
431 1221
432 651
433 1801
434 2906
435 2418
436 95
437 448
438 422
439 1942
440 28
441 2253
442 2862
443 2173
444 2549
445 1231
446 1654
447 2287
448 2179
449 4
450 1115
451 1861
452 2815
453 898
454 2289
455 2223
456 1751
457 2965
458 1778
459 2088
460 2355
461 2560
462 1698
463 1101
464 17
465 556
466 1573
467 2539
468 2806
469 1773
470 731
471 1199
472 2614
473 612
474 2312
475 2002
476 1842
477 1355
478 1972
479 2840
480 1109
481 2752
482 1933
483 270
484 1967
485 2487
486 1126
487 1972
488 214
489 2162
490 2440
491 1902
492 373
493 2701
494 1016
495 1636
496 2332
497 524
498 1482
499 1067
500 1256
501 1347
502 2409
503 1951
504 127
505 2665
506 1898
507 179
508 1508
509 512
510 1672
511 512
512 2441
513 1000
514 572
515 1724
516 1681
517 1474
518 1576
519 194
520 1388
521 2393
522 2462
523 686
524 2583
525 2144
526 2954
527 1985
528 932
529 2370
530 1424
531 1326
532 993
533 2763
534 2743
535 412
536 2619
537 1819
538 2294
539 2993
540 258
541 2414
542 2684
543 2710
544 2753
545 1282
546 878
547 855
548 993
549 2660
550 563
551 2857
552 317
553 1598
554 1976
555 2323
556 1658
557 1505
558 2366
559 400
560 845
561 1925
562 829
563 2322
564 803
565 1200
566 358
567 1397
568 1465
569 1601
570 29
571 2855
572 1746
573 469
574 2823
575 2295
576 2475
577 709
578 1359
579 145
580 2400
581 674
582 1319
583 2292
584 2481
585 1111
586 2728
587 2274
588 1417
589 245
590 1330
591 10
592 1357
593 2048
594 438
595 118
596 183
597 1795
598 2287
599 521
600 2953
601 2810
602 1938
603 304
604 2644
605 541
606 2478
607 2691
608 1107
609 13
610 856
611 2285
612 1096
613 1250
614 1954
615 307
616 89
617 1055
618 2756
619 45
620 1290
621 1193
622 1990
623 1816
624 2806
625 703
626 563
627 514
628 672
629 2700
630 1970
631 2878
632 1598
633 2349
634 1294
635 2546
636 14
637 2539
638 2195
639 2918
640 1574
641 1099
642 737
643 2826
644 741
645 102
646 1211
647 1780
648 2368
649 2728
650 565
651 2631
652 1000
653 2802
654 1818
655 2620
656 2002
657 2600
658 925
659 943
660 2035
661 1498
662 2341
663 2421
664 280
665 160
666 865
667 840
668 960
669 2158
670 2599
671 429
672 1828
673 1846
674 2793
675 2572
676 2349
677 99
678 1232
679 995
680 1571
681 2528
682 540
683 2692
684 988
685 1507
686 849
687 451
688 197
689 705
690 2487
691 817
692 1140
693 155
694 2952
695 1759
696 695
697 2020
698 2378
699 322
700 440
701 2543
702 2892
703 1650
704 1023
705 552
706 2373
707 2642
708 848
709 1356
710 1211
711 2421
712 1156
713 174
714 1381
715 1294
716 1699
717 1036
718 1022
719 501
720 1014
721 115
722 2119
723 2216
724 1227
725 1518
726 1152
727 1626
728 165
729 1699
730 339
731 729
732 2143
733 2665
734 2762
735 2454
736 41
737 2718
738 2837
739 2326
740 1629
741 1156
742 1796
743 2878
744 409
745 1247
746 20
747 2118
748 1508
749 391
750 2899
751 294
752 2120
753 1097
754 2745
755 2082
756 2411
757 917
758 855
759 1681
760 632
761 123
762 2449
763 535
764 2490
765 1683
766 661
767 1540
768 2518
769 408
770 1490
771 2139
772 166
773 1804
774 2125
775 360
776 795
777 1045
778 2467
779 1603
780 2846
781 1629
782 2211
783 881
784 108
785 1155
786 2776
787 1837
788 791
789 558
790 922
791 2029
792 386
793 2292
794 1409
795 1004
796 1711
797 1984
798 772
799 938
800 2883
801 2795
802 1398
803 1424
804 189
805 334
806 673
807 1412
808 2348
809 2092
810 1191
811 1097
812 254
813 2087
814 972
815 1330
816 374
817 2025
818 1977
819 75
820 1934
821 669
822 2187
823 142
824 1711
825 1836
826 2129
827 977
828 1364

