78 76
0 2552
1 685
2 2786
3 89
4 2615
5 1704
6 1206
7 2118
8 827
9 1001
10 1135
11 938
12 1112
13 2721
14 2993
15 243
16 475
17 121
18 2100
19 951
20 1937
21 1757
22 1442
23 2906
24 2538
25 2300
26 459
27 589
28 917
29 2354
30 2489
31 1891
32 2751
33 2147
34 654
35 2463
36 1465
37 1403
38 903
39 327
40 2208
41 2371
42 2465
43 1325
44 2574
45 931
46 725
47 2900
48 426
49 153
50 1825
51 1194
52 2464
53 1971
54 448
55 2748
56 657
57 1658
58 1989
59 849
60 672
61 2638
62 138
63 1014
64 731
65 2905
66 1947
67 155
68 775
69 1697
70 2219
71 689
72 1038
73 70
74 991
75 2421
76 1591
77 2557

