223 79
0 1467
1 48
2 2494
3 42
4 1760
5 1845
6 2880
7 2048
8 255
9 156
10 1755
11 112
12 1525
13 494
14 1178
15 965
16 2546
17 1010
18 75
19 1740
20 2447
21 2544
22 2945
23 2544
24 1383
25 475
26 1422
27 1638
28 1992
29 1482
30 1732
31 1282
32 740
33 1364
34 1677
35 2930
36 1554
37 1362
38 2743
39 2738
40 1791
41 1983
42 843
43 2643
44 1064
45 1160
46 2610
47 2796
48 1626
49 226
50 1928
51 411
52 92
53 1325
54 1893
55 50
56 563
57 1463
58 1367
59 309
60 2851
61 388
62 4
63 918
64 2104
65 744
66 1254
67 838
68 2000
69 2338
70 421
71 931
72 236
73 67
74 2910
75 191
76 1972
77 2513
78 2852
79 2017
80 2136
81 136
82 2568
83 1736
84 1749
85 196
86 568
87 1752
88 1368
89 847
90 650
91 2802
92 875
93 2318
94 1172
95 1124
96 172
97 1848
98 43
99 1892
100 546
101 2216
102 912
103 410
104 43
105 1750
106 1307
107 992
108 230
109 2100
110 766
111 2153
112 2518
113 220
114 1892
115 1972
116 573
117 2043
118 513
119 2892
120 1299
121 1405
122 340
123 1817
124 828
125 1864
126 1197
127 2290
128 1269
129 2310
130 31
131 1543
132 257
133 86
134 2652
135 317
136 1392
137 1197
138 931
139 1737
140 165
141 301
142 499
143 2892
144 2987
145 2521
146 642
147 505
148 1131
149 1667
150 2941
151 418
152 914
153 555
154 2351
155 151
156 1667
157 1340
158 1649
159 125
160 572
161 2918
162 2296
163 171
164 24
165 1340
166 482
167 1501
168 1764
169 2913
170 420
171 221
172 1613
173 2548
174 1294
175 1863
176 38
177 469
178 587
179 7
180 2915
181 2311
182 1118
183 498
184 1199
185 2313
186 41
187 2982
188 1561
189 263
190 859
191 2849
192 2025
193 1587
194 2044
195 1379
196 2337
197 1338
198 1451
199 1923
200 2496
201 281
202 1612
203 466
204 1685
205 2613
206 837
207 2535
208 1721
209 2628
210 2318
211 1977
212 1605
213 623
214 1631
215 2437
216 1801
217 466
218 883
219 889
220 814
221 781
222 1314

