204 14
0 1845
1 1058
2 1330
3 2424
4 2084
5 2853
6 678
7 1404
8 2849
9 585
10 2948
11 41
12 2702
13 1609
14 990
15 821
16 2460
17 787
18 526
19 1736
20 83
21 670
22 1028
23 758
24 199
25 2673
26 188
27 2342
28 1106
29 1112
30 2847
31 224
32 2450
33 1462
34 2991
35 597
36 1635
37 2805
38 2818
39 27
40 2862
41 315
42 1531
43 1616
44 789
45 2580
46 1218
47 2541
48 1598
49 2215
50 1033
51 2436
52 2153
53 192
54 2565
55 1524
56 2085
57 1404
58 2331
59 504
60 532
61 732
62 1252
63 1825
64 1373
65 1410
66 2937
67 1680
68 2878
69 2207
70 317
71 1216
72 1869
73 2492
74 2071
75 2025
76 1933
77 2195
78 2924
79 528
80 88
81 430
82 1354
83 2424
84 12
85 2204
86 1772
87 951
88 2372
89 1715
90 1980
91 1264
92 448
93 2012
94 1380
95 2413
96 895
97 1042
98 2606
99 2915
100 1818
101 2248
102 887
103 1237
104 2715
105 287
106 2841
107 678
108 124
109 804
110 273
111 358
112 2409
113 2349
114 1033
115 2457
116 44
117 1949
118 362
119 2283
120 1309
121 2545
122 2380
123 2307
124 191
125 2343
126 1776
127 1218
128 46
129 2665
130 1795
131 2878
132 2994
133 271
134 994
135 736
136 2961
137 1657
138 2426
139 469
140 1992
141 2028
142 2150
143 2277
144 197
145 2655
146 1711
147 1558
148 270
149 1811
150 1985
151 93
152 1613
153 1722
154 1915
155 117
156 2252
157 2553
158 1579
159 1403
160 2733
161 1153
162 2956
163 1828
164 2043
165 2066
166 2335
167 360
168 1978
169 1587
170 2409
171 2126
172 2581
173 43
174 1862
175 2741
176 1296
177 1198
178 1490
179 3000
180 2693
181 2894
182 419
183 2458
184 1017
185 1591
186 458
187 1562
188 1292
189 1208
190 223
191 1855
192 1227
193 2186
194 1287
195 1621
196 964
197 16
198 1407
199 256
200 1523
201 497
202 270
203 1961

