206 1
0 819
1 2355
2 1492
3 1171
4 674
5 1041
6 2021
7 1026
8 2272
9 1084
10 203
11 985
12 92
13 2511
14 1858
15 22
16 1439
17 2531
18 2648
19 101
20 1901
21 1262
22 2954
23 2651
24 717
25 1045
26 1322
27 969
28 2123
29 2032
30 1721
31 793
32 210
33 1511
34 693
35 1338
36 392
37 675
38 2742
39 325
40 1971
41 1311
42 1874
43 1590
44 659
45 2503
46 2683
47 2091
48 436
49 2675
50 1024
51 2914
52 897
53 2334
54 781
55 2339
56 86
57 1987
58 461
59 1265
60 1579
61 2075
62 72
63 1814
64 824
65 2892
66 2665
67 2439
68 2191
69 220
70 700
71 1087
72 2823
73 737
74 1669
75 2049
76 913
77 2639
78 2915
79 633
80 1678
81 688
82 2241
83 1649
84 307
85 720
86 1852
87 1167
88 1194
89 110
90 2392
91 64
92 2403
93 2758
94 1543
95 395
96 2593
97 95
98 1515
99 1569
100 1361
101 1515
102 1807
103 1440
104 984
105 2877
106 511
107 568
108 9
109 1025
110 1036
111 1078
112 1036
113 713
114 2027
115 776
116 2248
117 982
118 1171
119 2097
120 1432
121 2089
122 2740
123 1375
124 2463
125 371
126 2125
127 201
128 1926
129 1527
130 1387
131 2649
132 2827
133 624
134 2060
135 1941
136 262
137 1224
138 441
139 2134
140 2111
141 1402
142 2115
143 1498
144 2543
145 1549
146 1400
147 361
148 720
149 619
150 929
151 1610
152 2965
153 382
154 1920
155 1183
156 2718
157 942
158 950
159 1478
160 1623
161 1404
162 2564
163 2952
164 929
165 1193
166 2753
167 1847
168 1066
169 1317
170 1451
171 664
172 122
173 2249
174 1814
175 1136
176 118
177 2518
178 501
179 2015
180 1206
181 441
182 2063
183 1943
184 272
185 525
186 725
187 1099
188 1430
189 2004
190 2971
191 1996
192 2617
193 772
194 1989
195 2373
196 560
197 1972
198 2763
199 2499
200 934
201 2272
202 2349
203 2733
204 2064
205 1735

