598 81
0 129
1 2700
2 1846
3 297
4 1632
5 1269
6 342
7 2296
8 2976
9 1727
10 127
11 1776
12 544
13 378
14 1950
15 1104
16 1052
17 540
18 2542
19 2824
20 1944
21 1391
22 990
23 1487
24 1630
25 1507
26 1207
27 2497
28 1531
29 1772
30 982
31 1283
32 1132
33 1771
34 513
35 2390
36 210
37 416
38 2308
39 2797
40 1533
41 2838
42 1883
43 1204
44 171
45 1778
46 2620
47 350
48 2590
49 2644
50 141
51 2874
52 1560
53 1304
54 2552
55 196
56 2265
57 989
58 537
59 2023
60 855
61 2775
62 2570
63 1737
64 914
65 32
66 91
67 2920
68 2835
69 3
70 717
71 2943
72 176
73 520
74 2421
75 2320
76 2952
77 1528
78 2512
79 2649
80 825
81 1736
82 1558
83 1602
84 2756
85 2892
86 950
87 1229
88 2431
89 94
90 2455
91 1460
92 1930
93 2449
94 1133
95 402
96 2824
97 1617
98 2792
99 1114
100 1611
101 2189
102 1913
103 2153
104 1703
105 106
106 1509
107 1228
108 331
109 1501
110 28
111 1691
112 1358
113 269
114 613
115 2168
116 962
117 786
118 1262
119 1159
120 2384
121 2330
122 1202
123 1905
124 294
125 2142
126 2849
127 400
128 1241
129 2970
130 862
131 17
132 1863
133 2239
134 503
135 2405
136 239
137 874
138 1703
139 384
140 1270
141 2026
142 640
143 68
144 2587
145 2608
146 2132
147 1499
148 1345
149 1393
150 617
151 771
152 1005
153 2861
154 2843
155 2265
156 1791
157 1443
158 262
159 503
160 2810
161 2863
162 2110
163 1969
164 990
165 1482
166 2917
167 95
168 1569
169 0
170 386
171 308
172 574
173 2915
174 2126
175 1836
176 2919
177 2674
178 643
179 2618
180 1317
181 2609
182 2374
183 121
184 2482
185 1387
186 1847
187 2997
188 2711
189 687
190 501
191 577
192 2654
193 1565
194 453
195 1890
196 2688
197 101
198 2467
199 807
200 2159
201 2939
202 1371
203 590
204 2740
205 86
206 2281
207 1647
208 1333
209 2412
210 2142
211 2226
212 592
213 1916
214 2170
215 1060
216 930
217 2478
218 1565
219 2936
220 1497
221 1549
222 2022
223 1304
224 545
225 141
226 256
227 252
228 1705
229 2489
230 2438
231 2367
232 1814
233 1312
234 2565
235 1426
236 457
237 2605
238 1771
239 482
240 2566
241 9
242 352
243 4
244 477
245 199
246 87
247 1794
248 2927
249 1329
250 873
251 1946
252 2577
253 2731
254 461
255 2514
256 381
257 2075
258 2921
259 154
260 1906
261 2797
262 1208
263 768
264 1612
265 2027
266 1302
267 2647
268 1620
269 2322
270 289
271 2568
272 557
273 866
274 1369
275 2277
276 2404
277 167
278 636
279 2084
280 2606
281 2822
282 583
283 847
284 2932
285 1024
286 1445
287 2717
288 385
289 1511
290 1887
291 2055
292 523
293 2327
294 2481
295 1148
296 2966
297 272
298 2782
299 2167
300 2953
301 170
302 1363
303 792
304 713
305 997
306 892
307 1307
308 1697
309 594
310 2661
311 2035
312 593
313 2636
314 448
315 180
316 1226
317 1800
318 1836
319 2816
320 2821
321 2264
322 1700
323 2609
324 1308
325 326
326 2497
327 1670
328 567
329 1044
330 2716
331 1462
332 2939
333 1431
334 1125
335 2174
336 2496
337 1052
338 2282
339 2761
340 673
341 1810
342 1051
343 188
344 1880
345 1557
346 800
347 2130
348 770
349 180
350 215
351 1653
352 64
353 2583
354 2507
355 58
356 2837
357 1743
358 1956
359 665
360 1047
361 879
362 2373
363 2026
364 2909
365 1745
366 2758
367 1759
368 1118
369 1474
370 1081
371 25
372 395
373 1992
374 336
375 2019
376 9
377 2138
378 1810
379 2992
380 1865
381 743
382 32
383 1049
384 2584
385 555
386 2111
387 1039
388 1524
389 2101
390 1525
391 2629
392 142
393 432
394 2377
395 842
396 2596
397 1325
398 1815
399 2778
400 1143
401 658
402 824
403 1020
404 1574
405 987
406 2510
407 2381
408 1862
409 330
410 1923
411 1905
412 2351
413 315
414 829
415 1438
416 941
417 2521
418 243
419 1554
420 1993
421 1112
422 2289
423 1502
424 280
425 1464
426 2447
427 1687
428 383
429 667
430 826
431 1216
432 541
433 1748
434 1071
435 2869
436 2319
437 2940
438 1014
439 1551
440 2884
441 1196
442 2809
443 512
444 297
445 1555
446 965
447 2689
448 856
449 635
450 1196
451 378
452 1696
453 1880
454 582
455 2998
456 1508
457 1306
458 1499
459 72
460 476
461 631
462 1300
463 141
464 1478
465 2964
466 1279
467 1664
468 3000
469 733
470 2540
471 2426
472 197
473 1067
474 30
475 740
476 1411
477 2911
478 1699
479 1252
480 832
481 2291
482 1575
483 1429
484 206
485 157
486 1357
487 2397
488 185
489 2291
490 791
491 2101
492 1577
493 1993
494 413
495 1438
496 974
497 2224
498 2710
499 1909
500 2301
501 1861
502 187
503 2124
504 2224
505 1846
506 2378
507 778
508 150
509 988
510 1401
511 2613
512 941
513 705
514 2301
515 829
516 175
517 1234
518 1234
519 619
520 797
521 2085
522 816
523 2764
524 156
525 1832
526 1465
527 131
528 159
529 394
530 708
531 768
532 60
533 797
534 261
535 2620
536 2530
537 1392
538 2043
539 1783
540 867
541 576
542 498
543 657
544 2904
545 2396
546 1343
547 2980
548 789
549 54
550 278
551 1654
552 56
553 2653
554 1524
555 1961
556 170
557 1563
558 2133
559 1710
560 1560
561 1696
562 1686
563 1230
564 1785
565 2542
566 150
567 947
568 1560
569 2922
570 1509
571 936
572 1448
573 912
574 1251
575 1053
576 1034
577 386
578 204
579 1808
580 2264
581 929
582 2531
583 496
584 1068
585 1306
586 2279
587 2168
588 2790
589 1592
590 2489
591 411
592 1868
593 697
594 2943
595 1975
596 1387
597 1656

