804 24
0 2060
1 824
2 2722
3 563
4 602
5 1356
6 103
7 648
8 457
9 2092
10 1208
11 2342
12 2696
13 2368
14 2955
15 1618
16 1719
17 477
18 2022
19 1500
20 2720
21 710
22 1720
23 786
24 664
25 2405
26 2974
27 624
28 494
29 2314
30 2373
31 2981
32 1838
33 2731
34 1499
35 951
36 848
37 1993
38 239
39 2299
40 268
41 2572
42 2363
43 2028
44 753
45 484
46 1420
47 2659
48 2459
49 2205
50 1883
51 1204
52 1052
53 2432
54 902
55 533
56 233
57 363
58 2471
59 1477
60 619
61 2010
62 589
63 2774
64 2875
65 1111
66 2324
67 323
68 129
69 1172
70 520
71 966
72 522
73 2503
74 1794
75 425
76 1536
77 1258
78 1022
79 1654
80 842
81 281
82 1328
83 1294
84 2041
85 441
86 2012
87 59
88 1366
89 2962
90 1230
91 1568
92 1280
93 2596
94 277
95 1931
96 1781
97 1452
98 1084
99 950
100 834
101 322
102 1311
103 2815
104 641
105 1487
106 2412
107 1286
108 2396
109 189
110 1582
111 2558
112 1446
113 336
114 1631
115 139
116 2443
117 303
118 2803
119 1706
120 2266
121 741
122 1336
123 1574
124 2677
125 2480
126 674
127 1573
128 2734
129 2658
130 1135
131 2819
132 1760
133 551
134 1598
135 1322
136 1900
137 2249
138 2779
139 2592
140 2316
141 2973
142 1875
143 1613
144 1410
145 1034
146 1897
147 1890
148 2271
149 2059
150 681
151 944
152 2221
153 2146
154 27
155 1424
156 1090
157 2976
158 1763
159 2362
160 1863
161 1887
162 2205
163 753
164 216
165 365
166 265
167 1885
168 2618
169 1694
170 1955
171 135
172 1360
173 2968
174 216
175 2040
176 2559
177 1969
178 2015
179 1671
180 319
181 2271
182 2661
183 2993
184 1904
185 978
186 2557
187 1035
188 1940
189 786
190 859
191 2629
192 670
193 2712
194 2930
195 2959
196 749
197 702
198 1710
199 61
200 1779
201 2486
202 1807
203 2395
204 1161
205 2930
206 662
207 2048
208 2503
209 1784
210 1647
211 1959
212 170
213 1268
214 2067
215 1744
216 449
217 1903
218 404
219 76
220 1040
221 1670
222 210
223 1102
224 2254
225 1937
226 1279
227 50
228 585
229 1367
230 1309
231 2465
232 1575
233 2043
234 2804
235 1122
236 1384
237 3000
238 793
239 391
240 517
241 984
242 449
243 2703
244 1112
245 1842
246 1907
247 2602
248 800
249 2383
250 247
251 2499
252 1458
253 2981
254 846
255 2055
256 224
257 935
258 1777
259 601
260 1378
261 2472
262 1491
263 1606
264 2186
265 437
266 624
267 2634
268 1109
269 2883
270 192
271 307
272 1489
273 1594
274 1275
275 1030
276 85
277 1235
278 1847
279 759
280 2328
281 2785
282 2853
283 2135
284 131
285 727
286 513
287 2714
288 2981
289 88
290 1627
291 1804
292 2320
293 965
294 2189
295 2698
296 2812
297 723
298 1681
299 1919
300 1383
301 2886
302 2623
303 1499
304 2985
305 1805
306 594
307 1803
308 2891
309 198
310 1777
311 110
312 2188
313 662
314 1465
315 2416
316 469
317 1679
318 767
319 2035
320 1807
321 2658
322 1183
323 2123
324 693
325 761
326 1596
327 1413
328 2879
329 617
330 2518
331 2596
332 2343
333 717
334 2938
335 156
336 2948
337 514
338 1884
339 354
340 382
341 266
342 2710
343 969
344 1099
345 2436
346 1098
347 445
348 2669
349 1943
350 2413
351 810
352 2095
353 644
354 2757
355 2880
356 2600
357 1082
358 1283
359 1376
360 1443
361 783
362 1903
363 854
364 2912
365 1282
366 2221
367 1359
368 2053
369 871
370 2084
371 2464
372 2537
373 133
374 843
375 1935
376 2426
377 297
378 2703
379 2070
380 1192
381 785
382 253
383 1041
384 1186
385 2493
386 1772
387 127
388 371
389 2874
390 531
391 2274
392 254
393 869
394 2313
395 629
396 16
397 1210
398 2239
399 2608
400 1024
401 638
402 2533
403 1430
404 2918
405 187
406 2356
407 2387
408 1330
409 850
410 2034
411 2967
412 2987
413 2107
414 1513
415 786
416 2142
417 1774
418 1032
419 2612
420 2304
421 284
422 1942
423 2506
424 853
425 2637
426 2721
427 661
428 2507
429 1851
430 2042
431 971
432 2145
433 2580
434 420
435 2673
436 2033
437 2533
438 1221
439 1740
440 1568
441 1592
442 2508
443 2804
444 347
445 1221
446 729
447 1971
448 2342
449 1747
450 759
451 2446
452 2605
453 701
454 2464
455 679
456 1446
457 309
458 92
459 110
460 2152
461 2314
462 710
463 81
464 836
465 557
466 10
467 490
468 458
469 904
470 237
471 781
472 382
473 737
474 1166
475 749
476 1744
477 1038
478 410
479 528
480 2055
481 732
482 1814
483 197
484 1110
485 1652
486 1359
487 2482
488 473
489 135
490 1910
491 1706
492 1486
493 2223
494 1459
495 267
496 1727
497 1172
498 109
499 1091
500 278
501 1708
502 2962
503 119
504 2053
505 1927
506 204
507 2885
508 2646
509 2448
510 1905
511 472
512 462
513 0
514 62
515 124
516 2479
517 2731
518 194
519 1213
520 572
521 1963
522 1691
523 122
524 1950
525 2520
526 2568
527 356
528 2488
529 189
530 1938
531 1612
532 1498
533 2527
534 1689
535 382
536 1414
537 2909
538 2109
539 2964
540 2657
541 2092
542 2867
543 858
544 2492
545 2475
546 1982
547 2942
548 22
549 2465
550 951
551 1528
552 367
553 1694
554 244
555 1289
556 510
557 2589
558 1885
559 2835
560 1828
561 2820
562 580
563 835
564 183
565 1990
566 1364
567 1384
568 2203
569 2134
570 1863
571 2090
572 466
573 1266
574 415
575 1898
576 1289
577 2096
578 68
579 1879
580 1683
581 1083
582 578
583 2650
584 2018
585 260
586 1206
587 2443
588 2900
589 726
590 951
591 167
592 2220
593 672
594 2178
595 854
596 119
597 2693
598 1036
599 1612
600 2383
601 436
602 1590
603 601
604 100
605 2916
606 1701
607 1152
608 300
609 686
610 2425
611 1378
612 2315
613 363
614 206
615 1945
616 2862
617 2482
618 661
619 211
620 1728
621 459
622 119
623 1604
624 671
625 1535
626 2846
627 359
628 1064
629 394
630 1069
631 1939
632 2491
633 2535
634 311
635 1279
636 770
637 1197
638 2339
639 238
640 1347
641 681
642 987
643 2144
644 467
645 404
646 60
647 787
648 1570
649 694
650 2972
651 1637
652 2346
653 1204
654 1076
655 2805
656 126
657 82
658 2602
659 485
660 2119
661 57
662 337
663 2434
664 2319
665 549
666 1182
667 2973
668 1960
669 241
670 2977
671 1850
672 1823
673 2733
674 1956
675 824
676 178
677 2290
678 2765
679 132
680 598
681 721
682 234
683 34
684 1448
685 1724
686 1105
687 794
688 2454
689 2822
690 304
691 1875
692 913
693 2718
694 2752
695 2404
696 2571
697 1628
698 1462
699 2465
700 1990
701 933
702 451
703 287
704 367
705 690
706 1716
707 2019
708 2381
709 1336
710 483
711 2224
712 1810
713 2244
714 250
715 25
716 2243
717 1835
718 830
719 2208
720 1239
721 1709
722 391
723 1273
724 754
725 1471
726 1595
727 1426
728 475
729 1619
730 552
731 1263
732 2367
733 1360
734 1672
735 1116
736 140
737 251
738 1062
739 1077
740 1786
741 515
742 1426
743 1039
744 1892
745 642
746 2279
747 2000
748 2079
749 2823
750 2560
751 1611
752 1778
753 1416
754 1391
755 455
756 218
757 1491
758 2639
759 182
760 1607
761 213
762 463
763 2700
764 755
765 1562
766 2743
767 2304
768 2447
769 615
770 1937
771 171
772 1933
773 504
774 2169
775 2546
776 1480
777 2363
778 2600
779 58
780 2484
781 2467
782 2274
783 549
784 2615
785 952
786 2961
787 1193
788 2235
789 2079
790 440
791 2345
792 1934
793 1654
794 20
795 2629
796 1460
797 645
798 1195
799 1038
800 599
801 1532
802 1794
803 1091

