528 23
0 2991
1 1841
2 2798
3 1221
4 1444
5 2901
6 65
7 1067
8 2476
9 91
10 81
11 2065
12 71
13 1695
14 163
15 632
16 1958
17 771
18 1438
19 417
20 2987
21 1987
22 11
23 287
24 1900
25 2524
26 2904
27 2515
28 2300
29 172
30 832
31 757
32 2472
33 1512
34 1812
35 2840
36 2587
37 2297
38 2647
39 2159
40 2313
41 2446
42 2678
43 2828
44 671
45 1456
46 1338
47 1257
48 252
49 2239
50 2057
51 2149
52 990
53 1170
54 2467
55 1951
56 1427
57 325
58 182
59 2106
60 1234
61 2734
62 1751
63 1737
64 483
65 1920
66 413
67 534
68 741
69 597
70 1968
71 2631
72 1436
73 2760
74 2507
75 822
76 2057
77 1322
78 2956
79 1138
80 1122
81 133
82 215
83 902
84 2799
85 785
86 2468
87 1411
88 2691
89 1818
90 1695
91 2670
92 268
93 1354
94 992
95 2841
96 2305
97 455
98 1252
99 1472
100 169
101 2178
102 1271
103 2358
104 1004
105 5
106 1529
107 1914
108 268
109 2860
110 413
111 1018
112 267
113 1103
114 547
115 60
116 1106
117 1649
118 2024
119 1649
120 2963
121 320
122 2186
123 1180
124 385
125 1212
126 2428
127 2055
128 2839
129 430
130 102
131 2006
132 866
133 2254
134 2680
135 266
136 516
137 1493
138 2735
139 810
140 2844
141 582
142 2646
143 1492
144 2069
145 1498
146 409
147 950
148 899
149 452
150 1964
151 687
152 479
153 2878
154 406
155 1378
156 2890
157 972
158 1391
159 435
160 2277
161 2670
162 1589
163 384
164 396
165 870
166 2559
167 1889
168 1486
169 217
170 1153
171 784
172 2520
173 2950
174 2523
175 1621
176 817
177 2762
178 1251
179 2862
180 1712
181 889
182 1571
183 2991
184 2042
185 2529
186 88
187 946
188 814
189 336
190 543
191 612
192 2487
193 341
194 2811
195 1225
196 2949
197 1179
198 2097
199 1261
200 2243
201 2591
202 2488
203 1297
204 965
205 1090
206 305
207 1891
208 2226
209 1120
210 1452
211 1368
212 2170
213 89
214 584
215 1628
216 1879
217 610
218 700
219 2484
220 1924
221 2302
222 991
223 2827
224 1654
225 980
226 1403
227 362
228 930
229 1914
230 530
231 2421
232 413
233 1626
234 196
235 1968
236 2959
237 1197
238 180
239 1042
240 191
241 431
242 2626
243 1217
244 1284
245 1349
246 1304
247 455
248 2308
249 1587
250 780
251 1635
252 84
253 959
254 1120
255 101
256 2461
257 822
258 970
259 593
260 2803
261 2306
262 1541
263 779
264 106
265 14
266 2500
267 2501
268 2203
269 580
270 1179
271 2564
272 753
273 879
274 381
275 512
276 1498
277 2433
278 2633
279 2215
280 2491
281 1121
282 299
283 1108
284 19
285 83
286 2285
287 1164
288 22
289 250
290 861
291 2998
292 272
293 2868
294 1547
295 501
296 1461
297 849
298 1895
299 116
300 2069
301 1857
302 1083
303 1969
304 2227
305 1435
306 646
307 2727
308 1242
309 1352
310 143
311 144
312 2072
313 1773
314 2508
315 857
316 2593
317 1250
318 2238
319 2609
320 1217
321 2224
322 72
323 834
324 2381
325 2178
326 225
327 1108
328 1693
329 2274
330 54
331 1326
332 1942
333 1385
334 541
335 897
336 889
337 623
338 1966
339 2326
340 1889
341 219
342 477
343 1846
344 2118
345 1027
346 2347
347 358
348 883
349 860
350 2674
351 2137
352 2830
353 2281
354 1695
355 1963
356 1127
357 340
358 2062
359 967
360 3
361 2031
362 452
363 2895
364 1795
365 1138
366 2390
367 11
368 2035
369 1338
370 2204
371 2367
372 2299
373 2704
374 891
375 1787
376 1239
377 431
378 1610
379 1833
380 1286
381 1610
382 849
383 1640
384 1700
385 1530
386 308
387 1747
388 452
389 2821
390 699
391 2705
392 1326
393 1778
394 2203
395 868
396 1341
397 2929
398 2624
399 598
400 2914
401 664
402 944
403 1234
404 1765
405 1990
406 1860
407 1339
408 1078
409 2647
410 65
411 2614
412 1520
413 2394
414 1905
415 1630
416 2368
417 2944
418 2056
419 2035
420 1447
421 1726
422 478
423 1048
424 65
425 1168
426 2549
427 780
428 1947
429 2326
430 1022
431 7
432 1932
433 1402
434 2519
435 1763
436 2716
437 2752
438 1287
439 1181
440 2350
441 2514
442 2740
443 1861
444 1916
445 2148
446 873
447 2012
448 2913
449 1123
450 1391
451 239
452 2612
453 2947
454 2603
455 482
456 1189
457 1878
458 562
459 466
460 959
461 566
462 252
463 1835
464 680
465 2732
466 1895
467 1746
468 1746
469 367
470 1393
471 138
472 2248
473 2828
474 1931
475 1413
476 2646
477 2087
478 17
479 2556
480 1374
481 2533
482 2749
483 764
484 525
485 1536
486 837
487 59
488 2363
489 1647
490 1697
491 2445
492 2922
493 187
494 884
495 2414
496 355
497 529
498 1
499 1556
500 2037
501 2736
502 1669
503 2639
504 2771
505 847
506 1061
507 1078
508 33
509 257
510 2955
511 1471
512 696
513 2722
514 1997
515 1784
516 2195
517 1539
518 2061
519 2985
520 1135
521 2087
522 2312
523 1751
524 1581
525 2104
526 1759
527 1460

