482 56
0 458
1 211
2 2880
3 2157
4 1285
5 2398
6 911
7 224
8 1714
9 187
10 2944
11 1164
12 171
13 2583
14 176
15 290
16 1289
17 2794
18 2451
19 1337
20 1998
21 1621
22 1073
23 2435
24 2874
25 1535
26 2588
27 1221
28 37
29 1725
30 371
31 1639
32 1651
33 1592
34 1806
35 842
36 1361
37 2860
38 1494
39 1645
40 2096
41 1050
42 2091
43 2386
44 2211
45 2538
46 1555
47 374
48 1180
49 1974
50 867
51 1163
52 1580
53 2362
54 2507
55 404
56 2403
57 1757
58 969
59 1658
60 645
61 2120
62 580
63 3000
64 1578
65 2788
66 2133
67 1487
68 2806
69 1148
70 172
71 868
72 916
73 1111
74 1943
75 1820
76 1678
77 1067
78 714
79 276
80 1280
81 1928
82 2536
83 2916
84 1731
85 2363
86 1630
87 205
88 750
89 891
90 892
91 1039
92 1377
93 172
94 718
95 2205
96 1515
97 2625
98 1195
99 60
100 468
101 114
102 453
103 2592
104 1870
105 2423
106 1850
107 2448
108 490
109 195
110 2713
111 40
112 1608
113 772
114 1310
115 1685
116 1548
117 651
118 200
119 1541
120 2786
121 1295
122 2843
123 864
124 479
125 516
126 1715
127 1086
128 2046
129 1836
130 1466
131 1239
132 2460
133 2649
134 323
135 1011
136 2096
137 825
138 1360
139 491
140 157
141 974
142 180
143 2782
144 633
145 557
146 2919
147 1790
148 984
149 30
150 1323
151 1450
152 2420
153 2706
154 2837
155 1219
156 1730
157 728
158 1621
159 2571
160 1764
161 520
162 329
163 2787
164 2825
165 21
166 2757
167 2585
168 843
169 2181
170 2234
171 392
172 2830
173 1183
174 1749
175 1472
176 2737
177 1069
178 367
179 527
180 2715
181 2085
182 344
183 2496
184 1387
185 954
186 861
187 1396
188 783
189 1588
190 620
191 975
192 1699
193 1002
194 2763
195 213
196 2498
197 1506
198 116
199 1736
200 1972
201 513
202 782
203 1454
204 649
205 1475
206 974
207 1482
208 2541
209 1728
210 338
211 2074
212 2957
213 806
214 1954
215 2269
216 1010
217 1276
218 2911
219 977
220 39
221 2917
222 1711
223 150
224 2578
225 2565
226 1321
227 531
228 340
229 34
230 1420
231 325
232 1580
233 1990
234 1881
235 2594
236 1306
237 2211
238 1671
239 171
240 800
241 1732
242 869
243 2888
244 207
245 386
246 1041
247 731
248 712
249 74
250 892
251 877
252 525
253 2759
254 2660
255 1772
256 1333
257 2470
258 230
259 2702
260 1517
261 2136
262 1066
263 518
264 1301
265 2369
266 1969
267 2707
268 2108
269 1652
270 2093
271 2350
272 273
273 623
274 2536
275 985
276 1754
277 872
278 2153
279 2350
280 1916
281 859
282 587
283 1508
284 497
285 2878
286 2361
287 2854
288 611
289 255
290 1364
291 1239
292 320
293 673
294 1356
295 1214
296 1676
297 281
298 1761
299 2167
300 2312
301 847
302 1675
303 2299
304 599
305 1200
306 1712
307 217
308 465
309 1301
310 2842
311 643
312 2202
313 284
314 1154
315 1050
316 865
317 2702
318 591
319 2664
320 2242
321 886
322 1513
323 1679
324 29
325 944
326 2815
327 1909
328 442
329 1229
330 1230
331 1077
332 1810
333 1637
334 1054
335 368
336 2937
337 768
338 2248
339 1971
340 861
341 442
342 1649
343 2836
344 486
345 1703
346 1332
347 417
348 2395
349 643
350 155
351 2641
352 1680
353 1791
354 1429
355 29
356 510
357 2791
358 756
359 2755
360 2874
361 2274
362 595
363 111
364 2849
365 1950
366 641
367 2943
368 2541
369 1235
370 2498
371 2034
372 2160
373 1434
374 2143
375 1572
376 319
377 2017
378 1480
379 2272
380 1657
381 2802
382 2491
383 585
384 1736
385 1884
386 320
387 2131
388 1116
389 496
390 2285
391 2390
392 233
393 229
394 2915
395 13
396 1268
397 670
398 2748
399 284
400 2133
401 2561
402 1934
403 1512
404 1724
405 334
406 2885
407 495
408 1115
409 302
410 2256
411 2751
412 2095
413 941
414 598
415 63
416 2872
417 2592
418 104
419 2565
420 362
421 1650
422 1506
423 2710
424 2628
425 2226
426 2123
427 627
428 2006
429 2812
430 2710
431 649
432 1683
433 2106
434 728
435 1413
436 1571
437 1016
438 2099
439 1512
440 1788
441 2307
442 1621
443 938
444 1384
445 2079
446 692
447 877
448 267
449 1027
450 2746
451 1130
452 2953
453 2710
454 2960
455 2798
456 852
457 1985
458 2916
459 1946
460 2552
461 264
462 341
463 1104
464 1536
465 2654
466 550
467 1015
468 1755
469 1036
470 2439
471 1641
472 573
473 702
474 2877
475 2495
476 1010
477 2091
478 1742
479 2008
480 371
481 2256

