662 16
0 1436
1 324
2 97
3 652
4 2821
5 1504
6 1313
7 554
8 1504
9 1173
10 774
11 1759
12 1565
13 2723
14 271
15 59
16 658
17 2235
18 1764
19 111
20 2122
21 523
22 2172
23 28
24 167
25 1602
26 1600
27 2313
28 757
29 2508
30 1615
31 2029
32 1348
33 1153
34 1930
35 1426
36 1625
37 707
38 2452
39 1354
40 1731
41 880
42 2129
43 909
44 1527
45 443
46 2930
47 2686
48 1978
49 2491
50 300
51 1361
52 1342
53 1765
54 1609
55 298
56 876
57 2049
58 1702
59 1432
60 1208
61 2794
62 1634
63 1649
64 2840
65 228
66 2381
67 2005
68 1311
69 722
70 2292
71 1979
72 476
73 456
74 1106
75 2701
76 1515
77 272
78 778
79 697
80 2690
81 461
82 2321
83 1287
84 902
85 2613
86 1768
87 2120
88 777
89 1044
90 1796
91 1665
92 429
93 700
94 431
95 2802
96 1778
97 2942
98 1312
99 1666
100 806
101 799
102 646
103 522
104 2102
105 393
106 1639
107 369
108 465
109 1160
110 1884
111 2094
112 2203
113 2177
114 698
115 261
116 801
117 380
118 1025
119 2811
120 2986
121 134
122 1674
123 1092
124 1380
125 288
126 15
127 2443
128 2329
129 1480
130 1464
131 962
132 1179
133 1108
134 2448
135 2012
136 1364
137 2591
138 2371
139 1390
140 2040
141 825
142 582
143 1179
144 2624
145 1086
146 351
147 756
148 2040
149 558
150 476
151 781
152 362
153 2822
154 675
155 26
156 1890
157 2229
158 22
159 1611
160 2102
161 2429
162 2681
163 1507
164 2032
165 1947
166 2932
167 2917
168 2212
169 1775
170 1693
171 800
172 1851
173 1515
174 949
175 946
176 640
177 309
178 462
179 1100
180 1816
181 2910
182 1237
183 888
184 124
185 2188
186 2425
187 2257
188 2153
189 2477
190 1944
191 2693
192 149
193 1063
194 854
195 1053
196 184
197 1853
198 3000
199 825
200 2567
201 1972
202 2616
203 853
204 1851
205 427
206 774
207 2407
208 1486
209 1204
210 1467
211 2418
212 1415
213 2188
214 1022
215 452
216 2442
217 315
218 771
219 780
220 2907
221 250
222 2148
223 585
224 2299
225 444
226 2043
227 2669
228 2007
229 2575
230 1786
231 2060
232 912
233 1903
234 1396
235 1954
236 746
237 1245
238 670
239 1067
240 649
241 1355
242 66
243 517
244 1131
245 693
246 2772
247 358
248 1947
249 294
250 475
251 1022
252 1586
253 2197
254 1755
255 1584
256 2221
257 2568
258 1858
259 2416
260 981
261 1734
262 528
263 2932
264 2728
265 877
266 2731
267 1983
268 1270
269 2221
270 2247
271 219
272 334
273 1964
274 2834
275 286
276 1436
277 2351
278 1391
279 2543
280 1568
281 1012
282 2159
283 914
284 2873
285 2898
286 92
287 113
288 776
289 2507
290 379
291 2567
292 1677
293 268
294 1675
295 2761
296 910
297 954
298 2947
299 1936
300 2468
301 1261
302 1525
303 101
304 2076
305 2300
306 1308
307 1735
308 180
309 1549
310 1812
311 1794
312 2939
313 2666
314 1427
315 566
316 2302
317 762
318 231
319 1793
320 249
321 1318
322 2033
323 1992
324 2021
325 2101
326 688
327 953
328 939
329 1446
330 2762
331 1303
332 382
333 670
334 2037
335 370
336 769
337 897
338 1727
339 1514
340 1800
341 819
342 2681
343 1218
344 2100
345 2277
346 807
347 2382
348 2198
349 1344
350 2756
351 103
352 499
353 1569
354 2830
355 892
356 1530
357 2454
358 2056
359 7
360 671
361 1294
362 1667
363 676
364 1199
365 2451
366 1861
367 52
368 1031
369 915
370 896
371 1972
372 1227
373 1280
374 379
375 222
376 459
377 611
378 2418
379 1800
380 190
381 960
382 237
383 524
384 1215
385 2066
386 1177
387 1375
388 2235
389 469
390 55
391 1785
392 1875
393 2313
394 2233
395 2752
396 1044
397 916
398 2726
399 2108
400 819
401 2585
402 2346
403 2349
404 789
405 1340
406 1593
407 1263
408 1683
409 1053
410 2956
411 2579
412 1507
413 1148
414 893
415 1525
416 1041
417 217
418 1204
419 1976
420 2022
421 1184
422 1227
423 407
424 707
425 2092
426 2861
427 1007
428 1706
429 437
430 746
431 838
432 2305
433 1001
434 1845
435 1327
436 730
437 1739
438 2496
439 2255
440 2539
441 2142
442 1280
443 1148
444 2594
445 967
446 2045
447 958
448 2290
449 1817
450 552
451 1328
452 2993
453 586
454 615
455 2523
456 977
457 1673
458 2067
459 2047
460 777
461 2868
462 150
463 2926
464 1061
465 1795
466 1345
467 2970
468 2421
469 2071
470 2830
471 1438
472 1886
473 647
474 168
475 2672
476 2183
477 1927
478 2699
479 702
480 375
481 335
482 64
483 1756
484 921
485 961
486 136
487 1349
488 572
489 620
490 2952
491 2730
492 2166
493 2951
494 1449
495 835
496 2845
497 1078
498 1307
499 2316
500 2934
501 2563
502 1137
503 7
504 24
505 1540
506 822
507 1648
508 2346
509 266
510 1821
511 1900
512 1776
513 890
514 1254
515 791
516 1286
517 1941
518 1538
519 832
520 1366
521 2229
522 316
523 1639
524 777
525 2067
526 2161
527 2542
528 2894
529 2051
530 2692
531 2231
532 79
533 485
534 2522
535 949
536 1019
537 1540
538 1610
539 820
540 1102
541 323
542 413
543 2771
544 674
545 1158
546 2972
547 1195
548 469
549 1427
550 221
551 1864
552 1779
553 1017
554 1965
555 1641
556 312
557 328
558 2465
559 1985
560 2186
561 440
562 1157
563 129
564 2301
565 2496
566 1389
567 470
568 1456
569 136
570 2383
571 1751
572 1245
573 2321
574 2733
575 1967
576 279
577 2760
578 291
579 2469
580 2705
581 1326
582 241
583 2459
584 1012
585 2686
586 1380
587 1969
588 2520
589 964
590 2286
591 156
592 2220
593 2288
594 1789
595 722
596 2818
597 306
598 530
599 2892
600 1976
601 545
602 973
603 1825
604 1222
605 962
606 1433
607 809
608 2696
609 1438
610 746
611 1895
612 1345
613 2328
614 80
615 568
616 195
617 2693
618 2224
619 1080
620 1005
621 2901
622 2216
623 1359
624 829
625 1816
626 964
627 2225
628 1051
629 1136
630 1591
631 1213
632 532
633 4
634 449
635 2577
636 1911
637 2889
638 2181
639 1221
640 1885
641 980
642 1665
643 2142
644 590
645 1323
646 1013
647 116
648 1666
649 1223
650 2144
651 2416
652 895
653 587
654 755
655 339
656 1886
657 2034
658 2847
659 2628
660 1477
661 488

