159 2
0 1884
1 383
2 757
3 2399
4 2284
5 1694
6 1225
7 2662
8 1873
9 545
10 2165
11 520
12 297
13 967
14 1877
15 2187
16 2813
17 861
18 2193
19 2657
20 626
21 97
22 2386
23 1335
24 1674
25 433
26 823
27 2918
28 2044
29 1918
30 1577
31 2716
32 1329
33 283
34 2804
35 1690
36 1386
37 1456
38 2423
39 2736
40 546
41 1307
42 86
43 2513
44 1946
45 1028
46 276
47 749
48 2098
49 564
50 954
51 30
52 1972
53 128
54 1973
55 1530
56 1637
57 156
58 1290
59 2864
60 1874
61 2673
62 2113
63 1217
64 2235
65 1118
66 2240
67 2904
68 1049
69 1509
70 2150
71 1730
72 1836
73 1180
74 2904
75 1796
76 1720
77 358
78 1986
79 65
80 1072
81 639
82 642
83 1444
84 1755
85 1910
86 1326
87 1244
88 1740
89 2541
90 39
91 2454
92 1220
93 1072
94 518
95 1805
96 2274
97 1833
98 921
99 472
100 2112
101 1199
102 2873
103 2156
104 2039
105 1385
106 517
107 1789
108 1269
109 2166
110 930
111 2784
112 1676
113 819
114 480
115 831
116 687
117 2717
118 1695
119 1955
120 1426
121 877
122 1566
123 1322
124 2092
125 2437
126 2439
127 453
128 2689
129 1364
130 1992
131 1789
132 209
133 815
134 2486
135 274
136 18
137 113
138 651
139 1883
140 1398
141 2815
142 1986
143 630
144 2628
145 2847
146 950
147 769
148 500
149 240
150 1078
151 2008
152 2566
153 1108
154 1939
155 51
156 21
157 1574
158 202

