517 40
0 2510
1 1249
2 2722
3 2312
4 2275
5 2368
6 300
7 2374
8 2683
9 218
10 1613
11 811
12 2059
13 2749
14 1442
15 802
16 2433
17 2196
18 385
19 435
20 2155
21 595
22 1702
23 1795
24 2346
25 2919
26 1590
27 1564
28 1842
29 2180
30 1790
31 1966
32 1739
33 2837
34 1794
35 384
36 2000
37 2903
38 1909
39 2018
40 823
41 1600
42 2613
43 2754
44 1610
45 183
46 1453
47 2277
48 1933
49 1102
50 946
51 2666
52 1104
53 2502
54 587
55 460
56 475
57 1892
58 3000
59 2532
60 2254
61 2891
62 486
63 836
64 1574
65 1676
66 1741
67 2168
68 2677
69 1357
70 1003
71 17
72 1184
73 2291
74 1300
75 2740
76 1040
77 126
78 2393
79 2400
80 962
81 1585
82 2364
83 1090
84 867
85 2839
86 1160
87 745
88 1885
89 1472
90 1496
91 967
92 210
93 2367
94 1967
95 599
96 514
97 1280
98 209
99 2504
100 2053
101 1098
102 1015
103 2219
104 2359
105 1119
106 1918
107 521
108 525
109 871
110 2257
111 1165
112 1728
113 1052
114 2026
115 2306
116 1378
117 302
118 2812
119 2278
120 2412
121 2516
122 2124
123 750
124 1649
125 1641
126 120
127 2768
128 751
129 1489
130 363
131 1117
132 2465
133 1232
134 373
135 2136
136 564
137 709
138 2066
139 2736
140 1521
141 2925
142 2506
143 311
144 1626
145 842
146 1238
147 187
148 1684
149 989
150 2407
151 129
152 1755
153 2399
154 1919
155 2388
156 13
157 73
158 2394
159 169
160 1900
161 269
162 1474
163 1581
164 2729
165 876
166 1829
167 493
168 533
169 2232
170 2501
171 1758
172 1490
173 2400
174 2758
175 766
176 72
177 1842
178 2640
179 218
180 1749
181 373
182 1914
183 2765
184 2929
185 678
186 2589
187 2670
188 519
189 563
190 2305
191 2844
192 764
193 657
194 1498
195 2492
196 2377
197 654
198 2158
199 2736
200 1056
201 2698
202 1445
203 726
204 2335
205 760
206 1549
207 2419
208 1759
209 657
210 1288
211 2920
212 324
213 2407
214 2291
215 2206
216 2281
217 1471
218 2003
219 1510
220 2117
221 1258
222 1004
223 2979
224 2729
225 887
226 1591
227 607
228 1022
229 608
230 743
231 772
232 1209
233 2247
234 1060
235 1055
236 1787
237 717
238 535
239 577
240 378
241 838
242 2394
243 1121
244 531
245 856
246 1961
247 1701
248 272
249 2997
250 2087
251 1370
252 774
253 298
254 1653
255 1015
256 2477
257 368
258 1440
259 2792
260 891
261 1325
262 710
263 1635
264 272
265 2507
266 2208
267 701
268 2215
269 1832
270 2275
271 569
272 44
273 888
274 1298
275 2604
276 495
277 1720
278 701
279 160
280 2268
281 2465
282 1211
283 2572
284 2548
285 2195
286 1753
287 604
288 1679
289 1757
290 2133
291 1456
292 51
293 1291
294 2472
295 2012
296 1537
297 2958
298 1401
299 1428
300 1074
301 1312
302 2200
303 1160
304 2151
305 728
306 1560
307 35
308 312
309 2797
310 1198
311 2465
312 189
313 1964
314 1413
315 1823
316 2576
317 967
318 84
319 2485
320 2907
321 2114
322 2104
323 2865
324 886
325 2098
326 2398
327 2033
328 926
329 1769
330 2896
331 644
332 2954
333 1959
334 1736
335 2552
336 2344
337 1608
338 1759
339 842
340 1089
341 107
342 312
343 21
344 1957
345 1977
346 390
347 2218
348 346
349 1214
350 63
351 2264
352 24
353 392
354 482
355 2507
356 441
357 1221
358 379
359 1588
360 1504
361 1535
362 2921
363 333
364 264
365 2720
366 1766
367 2235
368 2971
369 1132
370 2441
371 19
372 644
373 2882
374 82
375 1802
376 2039
377 1716
378 337
379 101
380 354
381 2444
382 2812
383 630
384 2650
385 1577
386 184
387 2627
388 1290
389 776
390 2545
391 2580
392 2878
393 759
394 371
395 2299
396 1858
397 1584
398 1115
399 714
400 429
401 2764
402 1157
403 1617
404 302
405 1187
406 1350
407 2993
408 1577
409 2477
410 721
411 2534
412 2313
413 215
414 936
415 2193
416 2071
417 958
418 2443
419 567
420 1423
421 474
422 40
423 1236
424 2709
425 299
426 2981
427 2980
428 579
429 131
430 2605
431 855
432 2762
433 1056
434 1852
435 429
436 1679
437 2306
438 2965
439 52
440 2146
441 2050
442 901
443 741
444 1125
445 381
446 2629
447 1325
448 1916
449 260
450 2288
451 123
452 89
453 2664
454 489
455 1020
456 1018
457 962
458 1529
459 2725
460 627
461 365
462 961
463 2535
464 1347
465 422
466 2537
467 491
468 696
469 2667
470 479
471 1649
472 1173
473 2000
474 1648
475 1035
476 24
477 2993
478 1232
479 1184
480 234
481 1357
482 2855
483 1586
484 994
485 2633
486 260
487 834
488 1912
489 2952
490 747
491 2457
492 1838
493 2336
494 2815
495 900
496 2243
497 2605
498 1627
499 838
500 2449
501 303
502 158
503 2413
504 2218
505 2600
506 2918
507 802
508 861
509 2964
510 2168
511 1960
512 934
513 1779
514 1832
515 2761
516 2036

