249 88
0 1052
1 1079
2 2318
3 1908
4 1169
5 123
6 1049
7 75
8 1254
9 2797
10 101
11 2330
12 450
13 2826
14 1173
15 2609
16 1720
17 563
18 213
19 1006
20 1263
21 2091
22 2023
23 216
24 757
25 1224
26 611
27 2582
28 2708
29 1234
30 2964
31 1226
32 2053
33 2379
34 106
35 168
36 695
37 2470
38 1527
39 1033
40 2265
41 1041
42 1507
43 1457
44 1820
45 1939
46 1905
47 1659
48 31
49 850
50 410
51 2652
52 962
53 1633
54 1285
55 465
56 4
57 2726
58 232
59 2981
60 319
61 2238
62 1321
63 2828
64 1825
65 1333
66 1819
67 1280
68 609
69 1453
70 1195
71 2208
72 2508
73 161
74 2450
75 2344
76 337
77 2186
78 2339
79 104
80 638
81 1540
82 44
83 2123
84 2545
85 2849
86 2842
87 2433
88 1428
89 1528
90 2858
91 2709
92 1231
93 846
94 2995
95 2450
96 816
97 2677
98 2054
99 2768
100 977
101 2689
102 1178
103 376
104 1684
105 564
106 483
107 1010
108 2193
109 79
110 2391
111 2270
112 437
113 1556
114 1986
115 1820
116 1416
117 2654
118 1325
119 2451
120 2156
121 1864
122 2495
123 188
124 1409
125 775
126 181
127 2679
128 53
129 92
130 1175
131 1393
132 1064
133 648
134 403
135 248
136 1372
137 1658
138 1928
139 2458
140 1223
141 1473
142 739
143 2078
144 418
145 161
146 1132
147 1430
148 2115
149 2824
150 1247
151 2632
152 2944
153 401
154 511
155 2849
156 2825
157 2930
158 1764
159 128
160 1013
161 2761
162 1012
163 792
164 1982
165 203
166 1546
167 1701
168 2286
169 2620
170 597
171 1011
172 444
173 665
174 2342
175 2690
176 957
177 2333
178 2535
179 2721
180 821
181 2359
182 477
183 374
184 1494
185 2714
186 1067
187 1648
188 867
189 1568
190 648
191 848
192 151
193 1604
194 439
195 1081
196 1518
197 615
198 1983
199 1138
200 1232
201 1327
202 522
203 957
204 2381
205 2331
206 2266
207 169
208 2780
209 2358
210 120
211 2270
212 2773
213 2037
214 410
215 2278
216 2413
217 2779
218 97
219 1865
220 1804
221 1279
222 900
223 2019
224 1403
225 1173
226 2509
227 2143
228 2367
229 2496
230 1347
231 798
232 2163
233 1684
234 1220
235 2502
236 1761
237 1477
238 517
239 330
240 2874
241 1172
242 184
243 1072
244 1612
245 2060
246 1815
247 1527
248 186

