81 43
0 1683
1 310
2 2347
3 1207
4 278
5 805
6 214
7 2839
8 2131
9 2100
10 940
11 2468
12 163
13 2545
14 2014
15 555
16 201
17 2664
18 98
19 2636
20 1370
21 752
22 650
23 708
24 94
25 1013
26 1099
27 23
28 1813
29 495
30 23
31 803
32 1926
33 2428
34 1529
35 1713
36 2867
37 1126
38 1114
39 1806
40 1011
41 2991
42 432
43 819
44 2426
45 226
46 865
47 2387
48 539
49 2176
50 2179
51 1995
52 373
53 197
54 2092
55 302
56 405
57 2693
58 405
59 575
60 2868
61 609
62 2127
63 647
64 2320
65 1583
66 1645
67 2395
68 1861
69 2069
70 1952
71 1500
72 596
73 2237
74 1612
75 168
76 1658
77 2899
78 2345
79 2432
80 1402

