929 18
0 142
1 994
2 437
3 780
4 1254
5 1444
6 2240
7 2570
8 1208
9 2675
10 900
11 20
12 1700
13 1519
14 164
15 1083
16 2813
17 1097
18 1527
19 546
20 2494
21 848
22 2442
23 2638
24 2017
25 463
26 1944
27 1987
28 1277
29 925
30 2273
31 2840
32 1757
33 1954
34 517
35 478
36 2688
37 655
38 655
39 1739
40 571
41 2864
42 1311
43 1101
44 690
45 1146
46 1901
47 1094
48 2538
49 2612
50 1823
51 365
52 810
53 2181
54 2631
55 1262
56 2767
57 1681
58 2006
59 1949
60 349
61 2166
62 550
63 1444
64 1916
65 2055
66 1438
67 1544
68 2454
69 2251
70 1427
71 416
72 1622
73 436
74 1441
75 2509
76 1009
77 141
78 2951
79 1690
80 1751
81 2879
82 1688
83 1855
84 2874
85 317
86 33
87 1687
88 864
89 1320
90 2373
91 1885
92 542
93 2538
94 1486
95 830
96 63
97 1922
98 762
99 866
100 432
101 2405
102 1078
103 2419
104 2308
105 136
106 453
107 538
108 391
109 1434
110 2226
111 2566
112 2559
113 2404
114 1669
115 1466
116 1187
117 1613
118 1566
119 2290
120 871
121 1719
122 1414
123 1820
124 40
125 2655
126 2784
127 2200
128 2276
129 1251
130 2100
131 2271
132 327
133 1801
134 1130
135 718
136 1382
137 688
138 1055
139 176
140 2276
141 178
142 1059
143 2040
144 2030
145 1423
146 1473
147 2164
148 2773
149 1463
150 249
151 2214
152 1206
153 521
154 1811
155 460
156 19
157 890
158 927
159 95
160 2763
161 2366
162 1436
163 1188
164 332
165 250
166 2052
167 1004
168 1237
169 2678
170 651
171 402
172 938
173 147
174 44
175 1036
176 2531
177 914
178 775
179 1138
180 741
181 2888
182 821
183 843
184 1352
185 1372
186 2393
187 54
188 354
189 366
190 1963
191 1622
192 611
193 887
194 247
195 1083
196 2795
197 2413
198 1255
199 1457
200 1034
201 509
202 1133
203 878
204 684
205 1008
206 2181
207 467
208 2466
209 2548
210 1090
211 83
212 2244
213 383
214 907
215 1667
216 734
217 2160
218 2307
219 51
220 2691
221 263
222 2318
223 444
224 520
225 93
226 1739
227 821
228 919
229 1043
230 309
231 513
232 1777
233 1894
234 2396
235 2560
236 824
237 911
238 1231
239 2091
240 184
241 483
242 2560
243 1549
244 2789
245 1560
246 63
247 1803
248 940
249 816
250 942
251 1145
252 82
253 1827
254 92
255 1436
256 661
257 1595
258 2329
259 563
260 2533
261 2460
262 2456
263 2097
264 817
265 2504
266 2726
267 2122
268 1773
269 364
270 1668
271 2382
272 595
273 2204
274 692
275 1052
276 2604
277 304
278 2273
279 960
280 997
281 1116
282 2491
283 2910
284 2163
285 2211
286 1303
287 778
288 1310
289 220
290 863
291 4
292 1564
293 2503
294 2157
295 1454
296 2267
297 1925
298 1339
299 2297
300 733
301 2316
302 378
303 1701
304 923
305 1814
306 2300
307 692
308 80
309 834
310 1403
311 2372
312 66
313 1243
314 2169
315 2876
316 27
317 426
318 653
319 2756
320 2269
321 1707
322 265
323 509
324 2854
325 1545
326 2644
327 195
328 2470
329 663
330 2155
331 804
332 616
333 970
334 533
335 433
336 2523
337 2112
338 714
339 1946
340 2298
341 1948
342 2562
343 312
344 2638
345 1067
346 2986
347 901
348 1562
349 1774
350 2373
351 2277
352 756
353 30
354 1129
355 1142
356 2831
357 893
358 1989
359 814
360 2518
361 2798
362 2900
363 711
364 1838
365 2057
366 2067
367 2937
368 1099
369 62
370 305
371 1858
372 524
373 1300
374 2125
375 1023
376 2017
377 2334
378 1097
379 1416
380 1783
381 257
382 2862
383 760
384 1524
385 447
386 354
387 1537
388 2926
389 1237
390 2564
391 956
392 418
393 835
394 845
395 2116
396 2659
397 412
398 768
399 1115
400 628
401 1267
402 67
403 2142
404 315
405 2261
406 2542
407 861
408 837
409 1188
410 33
411 1675
412 302
413 1474
414 1993
415 872
416 847
417 2870
418 494
419 884
420 417
421 458
422 1637
423 1635
424 337
425 1017
426 1414
427 2751
428 173
429 2108
430 2671
431 1792
432 953
433 2998
434 2759
435 68
436 952
437 937
438 122
439 1241
440 1818
441 947
442 964
443 2625
444 1853
445 1558
446 628
447 622
448 1150
449 42
450 2793
451 2057
452 1511
453 368
454 610
455 1938
456 145
457 1950
458 1160
459 1257
460 1977
461 600
462 991
463 2965
464 1233
465 1006
466 2135
467 1762
468 2449
469 830
470 271
471 177
472 2061
473 2139
474 2758
475 1071
476 2067
477 1519
478 1242
479 2401
480 802
481 2232
482 1988
483 108
484 2002
485 465
486 2852
487 395
488 2547
489 2548
490 798
491 1884
492 2791
493 2983
494 978
495 8
496 622
497 897
498 862
499 1708
500 2445
501 2269
502 1121
503 709
504 2134
505 327
506 1493
507 475
508 977
509 220
510 489
511 1712
512 2819
513 162
514 821
515 1459
516 1664
517 2005
518 221
519 1497
520 88
521 940
522 963
523 3
524 1085
525 2280
526 1202
527 2585
528 2182
529 1726
530 448
531 1190
532 621
533 2524
534 1827
535 2720
536 1531
537 2938
538 1254
539 1436
540 903
541 326
542 1950
543 711
544 311
545 963
546 616
547 1029
548 2014
549 1985
550 1051
551 1643
552 2077
553 1554
554 1529
555 276
556 2869
557 1845
558 2305
559 1431
560 2792
561 603
562 2274
563 497
564 1740
565 1180
566 1445
567 1455
568 1122
569 2670
570 2901
571 1918
572 1247
573 155
574 2492
575 836
576 411
577 1419
578 1024
579 1468
580 816
581 2655
582 1583
583 574
584 1785
585 2706
586 2004
587 1931
588 2821
589 2596
590 2407
591 2983
592 407
593 2420
594 2482
595 2543
596 1058
597 276
598 845
599 2657
600 1162
601 1247
602 1341
603 1962
604 1674
605 691
606 1769
607 1082
608 2811
609 1741
610 1467
611 57
612 1108
613 614
614 815
615 792
616 2999
617 238
618 1448
619 1469
620 2282
621 1408
622 1128
623 2639
624 2422
625 1620
626 1693
627 35
628 258
629 1581
630 1213
631 2933
632 905
633 1541
634 997
635 1200
636 1777
637 667
638 2467
639 222
640 2656
641 2139
642 977
643 471
644 914
645 697
646 845
647 904
648 216
649 2306
650 228
651 2784
652 1053
653 2003
654 124
655 1010
656 986
657 433
658 1232
659 728
660 150
661 2764
662 1300
663 1685
664 1783
665 1518
666 1369
667 567
668 1839
669 1005
670 434
671 604
672 2093
673 521
674 2332
675 2713
676 696
677 2848
678 792
679 2726
680 1239
681 1787
682 2893
683 303
684 72
685 2155
686 2249
687 2171
688 1136
689 1588
690 668
691 945
692 2240
693 8
694 2318
695 2807
696 2758
697 227
698 2690
699 20
700 2752
701 1723
702 166
703 149
704 1058
705 996
706 2349
707 747
708 2506
709 666
710 2096
711 2111
712 2144
713 2358
714 1935
715 1511
716 763
717 2824
718 1000
719 2779
720 839
721 1026
722 2354
723 2632
724 812
725 190
726 24
727 578
728 1547
729 2428
730 854
731 1732
732 1810
733 1307
734 1838
735 2182
736 704
737 1753
738 1468
739 2323
740 754
741 2374
742 2076
743 2353
744 1274
745 1336
746 2239
747 1967
748 1666
749 1187
750 2763
751 2433
752 2815
753 2299
754 373
755 401
756 748
757 1635
758 1648
759 1301
760 1755
761 2436
762 2134
763 1052
764 1829
765 2732
766 1749
767 1711
768 107
769 1315
770 2114
771 151
772 378
773 873
774 2213
775 1756
776 558
777 201
778 375
779 337
780 1706
781 2713
782 2705
783 463
784 2768
785 1566
786 1916
787 2919
788 2588
789 1839
790 744
791 524
792 2860
793 1026
794 2892
795 1405
796 1455
797 1425
798 2341
799 1025
800 712
801 234
802 1398
803 2614
804 921
805 2893
806 2473
807 1167
808 2525
809 1741
810 2361
811 1140
812 697
813 1897
814 775
815 2564
816 833
817 2054
818 2885
819 2575
820 38
821 2892
822 306
823 2096
824 1446
825 2171
826 1801
827 368
828 535
829 2299
830 1506
831 2310
832 2918
833 31
834 969
835 2735
836 559
837 1262
838 1207
839 311
840 305
841 2980
842 1899
843 1969
844 1341
845 1514
846 383
847 514
848 1976
849 2687
850 2347
851 1476
852 485
853 2914
854 953
855 1889
856 2427
857 209
858 1154
859 891
860 2044
861 2821
862 230
863 1909
864 2470
865 2937
866 2263
867 1869
868 912
869 1355
870 496
871 2886
872 60
873 359
874 1868
875 984
876 1944
877 2739
878 2693
879 2889
880 2239
881 1654
882 2631
883 2177
884 2086
885 2529
886 1623
887 2534
888 1848
889 1988
890 993
891 1142
892 303
893 1165
894 1445
895 1311
896 264
897 2705
898 1492
899 715
900 1531
901 933
902 697
903 1264
904 1496
905 1592
906 690
907 2518
908 1507
909 314
910 2965
911 1032
912 381
913 2929
914 292
915 2805
916 1653
917 1568
918 1191
919 1089
920 2348
921 765
922 346
923 2987
924 1396
925 2289
926 1384
927 2005
928 263

