872 64
0 2899
1 1553
2 1450
3 552
4 2201
5 1501
6 1190
7 132
8 2312
9 2132
10 647
11 2524
12 1614
13 1141
14 1071
15 1962
16 235
17 886
18 1054
19 2793
20 2475
21 2522
22 2209
23 1596
24 1326
25 1766
26 300
27 1849
28 1989
29 1490
30 2104
31 581
32 1181
33 1044
34 1595
35 476
36 2777
37 2115
38 361
39 920
40 300
41 1923
42 709
43 1675
44 1471
45 2848
46 209
47 1496
48 1524
49 1159
50 1877
51 640
52 893
53 561
54 1316
55 13
56 1065
57 2019
58 97
59 380
60 1595
61 2375
62 585
63 2589
64 589
65 221
66 540
67 1496
68 218
69 143
70 981
71 2905
72 1955
73 23
74 331
75 28
76 2609
77 2123
78 757
79 1087
80 2861
81 1027
82 734
83 2975
84 2346
85 2506
86 667
87 1934
88 619
89 1749
90 2195
91 278
92 590
93 1589
94 49
95 2525
96 477
97 438
98 1779
99 2067
100 2104
101 419
102 827
103 2327
104 1972
105 338
106 2428
107 2528
108 918
109 327
110 546
111 1288
112 1536
113 2961
114 1862
115 167
116 1676
117 468
118 1175
119 2848
120 2086
121 1096
122 516
123 2856
124 1054
125 2626
126 1823
127 2679
128 587
129 2600
130 158
131 1449
132 1965
133 156
134 2218
135 1479
136 810
137 1767
138 61
139 2455
140 1723
141 1967
142 64
143 2453
144 929
145 1591
146 1277
147 1425
148 1959
149 2745
150 694
151 264
152 1158
153 1342
154 924
155 898
156 233
157 1502
158 2990
159 1834
160 1555
161 2444
162 469
163 1924
164 1361
165 2482
166 2627
167 1120
168 2338
169 627
170 1010
171 2232
172 2656
173 363
174 614
175 1801
176 5
177 2733
178 667
179 2414
180 782
181 181
182 1181
183 2441
184 2407
185 2483
186 1221
187 2604
188 164
189 2746
190 1895
191 2213
192 115
193 796
194 1085
195 628
196 1146
197 1264
198 2144
199 1289
200 2311
201 1532
202 2369
203 2531
204 1770
205 501
206 1398
207 874
208 1923
209 2461
210 2735
211 2649
212 1199
213 128
214 809
215 1784
216 1123
217 1150
218 2046
219 1412
220 1820
221 1952
222 159
223 632
224 2339
225 2101
226 1491
227 2235
228 775
229 2739
230 308
231 343
232 253
233 943
234 2555
235 1817
236 2228
237 1180
238 2359
239 8
240 79
241 152
242 855
243 2905
244 166
245 584
246 1268
247 378
248 662
249 2565
250 759
251 2591
252 1394
253 2638
254 1812
255 1083
256 2879
257 2176
258 909
259 1110
260 2517
261 916
262 1442
263 1652
264 2409
265 491
266 823
267 1840
268 2271
269 105
270 1938
271 1943
272 2923
273 2057
274 1410
275 1955
276 1775
277 1440
278 1765
279 1612
280 2906
281 1868
282 2721
283 2129
284 197
285 1117
286 2761
287 256
288 1416
289 920
290 1878
291 1892
292 841
293 957
294 383
295 2365
296 86
297 515
298 1926
299 1007
300 2964
301 152
302 359
303 637
304 1622
305 2346
306 2812
307 2801
308 1065
309 1285
310 1381
311 691
312 2701
313 1391
314 1551
315 2389
316 834
317 1838
318 242
319 2574
320 2853
321 1876
322 2898
323 326
324 2485
325 1664
326 1803
327 2838
328 699
329 1095
330 752
331 1325
332 470
333 22
334 175
335 2929
336 1829
337 739
338 2661
339 850
340 15
341 1772
342 1462
343 2893
344 1129
345 2932
346 1112
347 994
348 505
349 2808
350 2180
351 600
352 371
353 2510
354 2332
355 2301
356 1441
357 1438
358 1966
359 1619
360 1770
361 1634
362 1110
363 1796
364 1288
365 1279
366 176
367 620
368 204
369 2825
370 2270
371 1764
372 1159
373 613
374 2594
375 754
376 670
377 2571
378 2431
379 191
380 2323
381 2663
382 2557
383 1089
384 1531
385 124
386 2113
387 1401
388 2731
389 635
390 1036
391 581
392 2280
393 1923
394 1479
395 2569
396 1604
397 1226
398 2304
399 1551
400 2972
401 769
402 1186
403 52
404 2150
405 1098
406 2415
407 1410
408 113
409 905
410 0
411 978
412 411
413 704
414 1388
415 1577
416 2795
417 987
418 2794
419 952
420 1725
421 1148
422 1039
423 1443
424 1947
425 1297
426 25
427 1261
428 2744
429 1425
430 1024
431 2431
432 2403
433 2606
434 2305
435 501
436 477
437 2777
438 2752
439 1365
440 454
441 1480
442 2941
443 2935
444 2027
445 334
446 619
447 2939
448 98
449 81
450 1612
451 1902
452 2609
453 2562
454 1867
455 420
456 551
457 1486
458 292
459 2807
460 453
461 2906
462 179
463 549
464 576
465 1954
466 2045
467 1695
468 2503
469 2556
470 2014
471 507
472 495
473 1624
474 971
475 424
476 1538
477 368
478 2727
479 1759
480 1370
481 2126
482 910
483 2319
484 413
485 2778
486 2239
487 546
488 748
489 2892
490 1025
491 2361
492 2657
493 2410
494 2178
495 1325
496 331
497 1799
498 597
499 2933
500 818
501 2028
502 1732
503 2677
504 2955
505 366
506 470
507 147
508 1804
509 2058
510 205
511 889
512 2680
513 2599
514 2475
515 149
516 2259
517 950
518 61
519 1484
520 2770
521 207
522 133
523 695
524 2402
525 366
526 2277
527 2830
528 1484
529 1997
530 2961
531 239
532 279
533 1714
534 984
535 404
536 356
537 1171
538 703
539 2044
540 2449
541 750
542 2652
543 466
544 1862
545 2669
546 154
547 2025
548 1966
549 1192
550 1009
551 1994
552 2535
553 1649
554 710
555 716
556 2021
557 503
558 1874
559 2948
560 2616
561 2780
562 1555
563 2961
564 714
565 1705
566 1199
567 2297
568 1654
569 2147
570 2785
571 1565
572 1425
573 2665
574 1266
575 2821
576 133
577 2793
578 2554
579 2669
580 2731
581 299
582 2823
583 1766
584 2704
585 584
586 65
587 2754
588 1301
589 941
590 1604
591 2870
592 2818
593 575
594 2103
595 183
596 2366
597 70
598 2952
599 2393
600 326
601 1178
602 1794
603 2149
604 2494
605 2334
606 675
607 1158
608 848
609 1673
610 2445
611 722
612 2495
613 363
614 2410
615 105
616 711
617 874
618 812
619 414
620 1613
621 361
622 2068
623 2537
624 2
625 684
626 2054
627 1447
628 1168
629 530
630 2289
631 624
632 945
633 2353
634 1779
635 1387
636 1573
637 886
638 1465
639 1473
640 1253
641 147
642 2945
643 230
644 2575
645 2076
646 1992
647 641
648 2536
649 2445
650 1031
651 1498
652 205
653 2847
654 1136
655 1786
656 1742
657 639
658 2337
659 963
660 1208
661 304
662 544
663 1529
664 2653
665 724
666 190
667 2935
668 562
669 907
670 1270
671 998
672 1981
673 945
674 1173
675 236
676 829
677 1241
678 59
679 428
680 1888
681 2101
682 1595
683 2435
684 691
685 2351
686 732
687 2655
688 242
689 361
690 2714
691 907
692 2983
693 2836
694 2077
695 2471
696 877
697 2439
698 2033
699 1700
700 1677
701 1855
702 2711
703 1860
704 2282
705 2473
706 869
707 1572
708 211
709 2405
710 2210
711 1909
712 1720
713 2497
714 1370
715 440
716 1241
717 1638
718 2874
719 21
720 2882
721 131
722 2403
723 1318
724 668
725 2565
726 1974
727 793
728 2371
729 2223
730 1026
731 1365
732 914
733 1588
734 898
735 2525
736 1059
737 615
738 1867
739 887
740 1853
741 1146
742 2345
743 1679
744 2728
745 609
746 2388
747 1203
748 906
749 1463
750 936
751 1934
752 997
753 2722
754 272
755 2237
756 1688
757 906
758 2448
759 2522
760 1411
761 1486
762 1687
763 696
764 1616
765 2589
766 691
767 2159
768 2734
769 2470
770 1585
771 2985
772 2736
773 1253
774 59
775 2279
776 1679
777 921
778 2158
779 994
780 2920
781 2921
782 2082
783 202
784 804
785 2312
786 1159
787 702
788 2466
789 186
790 383
791 143
792 1256
793 1294
794 2972
795 1616
796 583
797 425
798 509
799 1105
800 75
801 520
802 687
803 642
804 1821
805 1135
806 61
807 2524
808 899
809 1556
810 2358
811 2642
812 2883
813 2888
814 564
815 242
816 579
817 831
818 1297
819 2901
820 904
821 59
822 1077
823 604
824 280
825 322
826 1424
827 1219
828 65
829 2244
830 1660
831 609
832 2294
833 1120
834 1548
835 1387
836 1066
837 1732
838 1642
839 2891
840 1133
841 68
842 1153
843 2452
844 513
845 2676
846 1860
847 1297
848 1047
849 2571
850 1394
851 621
852 761
853 836
854 2155
855 2027
856 2400
857 66
858 896
859 1702
860 344
861 1834
862 1328
863 587
864 700
865 2262
866 778
867 2826
868 1953
869 2871
870 2938
871 2869

