599 5
0 1055
1 2284
2 1259
3 1000
4 133
5 281
6 332
7 1986
8 1823
9 304
10 233
11 204
12 1279
13 2598
14 1822
15 1566
16 1640
17 1097
18 398
19 591
20 8
21 518
22 7
23 1760
24 2411
25 2556
26 1360
27 495
28 2935
29 1979
30 327
31 1978
32 107
33 917
34 2319
35 650
36 1014
37 2375
38 996
39 2497
40 2814
41 547
42 1083
43 1262
44 2682
45 1857
46 2907
47 1524
48 894
49 1494
50 2243
51 1246
52 1954
53 1280
54 1633
55 2955
56 2846
57 1037
58 2674
59 1308
60 1638
61 2948
62 1060
63 1941
64 1326
65 1062
66 1625
67 27
68 1095
69 604
70 499
71 769
72 1199
73 2875
74 1727
75 1542
76 99
77 2089
78 1830
79 2681
80 857
81 1986
82 1540
83 577
84 2827
85 2869
86 156
87 763
88 767
89 909
90 134
91 383
92 1813
93 1209
94 1502
95 876
96 2133
97 937
98 1748
99 688
100 1110
101 2637
102 2437
103 132
104 1177
105 1205
106 2049
107 1732
108 856
109 487
110 2943
111 2862
112 1967
113 989
114 2921
115 2458
116 462
117 1467
118 1145
119 2436
120 259
121 2076
122 362
123 1147
124 2153
125 1524
126 25
127 556
128 761
129 1026
130 1866
131 945
132 1121
133 849
134 294
135 590
136 1685
137 854
138 2250
139 2080
140 1169
141 2027
142 1731
143 1602
144 2857
145 966
146 444
147 1340
148 1464
149 242
150 207
151 2167
152 1367
153 2127
154 1111
155 945
156 1234
157 2790
158 899
159 2112
160 1423
161 813
162 1748
163 2261
164 226
165 965
166 465
167 1622
168 1781
169 1626
170 315
171 1443
172 926
173 1285
174 1897
175 2626
176 446
177 2579
178 457
179 2829
180 458
181 2256
182 2955
183 813
184 398
185 1894
186 1970
187 2709
188 2724
189 1443
190 1200
191 1982
192 2430
193 1702
194 2481
195 43
196 384
197 2812
198 1850
199 2140
200 1811
201 901
202 177
203 32
204 1829
205 898
206 1809
207 738
208 1061
209 2207
210 650
211 404
212 517
213 2529
214 1328
215 949
216 2038
217 1061
218 2343
219 2926
220 2714
221 2329
222 133
223 272
224 1880
225 1331
226 2084
227 108
228 721
229 837
230 977
231 1852
232 1565
233 738
234 1384
235 394
236 2351
237 1791
238 1326
239 2322
240 142
241 1109
242 1631
243 492
244 64
245 2536
246 2012
247 1551
248 2533
249 1922
250 2735
251 1143
252 2058
253 1786
254 533
255 1895
256 350
257 609
258 2151
259 2985
260 507
261 2606
262 652
263 1021
264 2378
265 1278
266 1827
267 1323
268 1250
269 1295
270 999
271 669
272 2419
273 1520
274 2617
275 2759
276 1467
277 1299
278 94
279 1325
280 2188
281 204
282 30
283 302
284 2875
285 202
286 401
287 2665
288 2606
289 2389
290 2418
291 2373
292 475
293 2658
294 1269
295 1046
296 1818
297 2059
298 2569
299 495
300 2607
301 784
302 1537
303 1382
304 1354
305 1646
306 200
307 1562
308 2694
309 2
310 1593
311 849
312 2076
313 2228
314 1444
315 2289
316 415
317 2430
318 171
319 1443
320 2088
321 450
322 2061
323 205
324 145
325 1658
326 2510
327 720
328 537
329 1298
330 2416
331 1781
332 1332
333 1763
334 1977
335 2485
336 830
337 1446
338 777
339 2923
340 1085
341 618
342 157
343 1232
344 1370
345 2691
346 2149
347 2070
348 2858
349 2253
350 2752
351 274
352 636
353 1840
354 950
355 966
356 151
357 1218
358 1229
359 440
360 2208
361 1449
362 2489
363 1323
364 67
365 221
366 2335
367 647
368 2667
369 1712
370 2407
371 1239
372 1807
373 2055
374 639
375 660
376 2733
377 1687
378 896
379 2871
380 76
381 1663
382 1210
383 86
384 1615
385 345
386 2471
387 553
388 1854
389 1723
390 2316
391 691
392 1858
393 2272
394 1525
395 277
396 111
397 192
398 2033
399 1920
400 1868
401 790
402 1816
403 29
404 822
405 777
406 1614
407 572
408 558
409 766
410 35
411 1501
412 1599
413 2168
414 1270
415 1214
416 716
417 2713
418 1632
419 908
420 2747
421 2872
422 1685
423 2185
424 881
425 1348
426 2533
427 1250
428 2569
429 1720
430 865
431 2425
432 1829
433 2395
434 1693
435 2672
436 2559
437 2504
438 2619
439 118
440 941
441 1118
442 803
443 1777
444 206
445 435
446 2359
447 2427
448 2497
449 2983
450 1335
451 678
452 694
453 1824
454 2914
455 2001
456 2512
457 366
458 1117
459 123
460 1081
461 666
462 1365
463 1961
464 1468
465 2017
466 1037
467 31
468 855
469 184
470 2084
471 1124
472 1646
473 980
474 1115
475 506
476 2204
477 157
478 868
479 2291
480 2876
481 972
482 1126
483 2123
484 2202
485 2248
486 36
487 1533
488 2585
489 2641
490 2160
491 1479
492 2731
493 2917
494 1548
495 1103
496 2358
497 1327
498 2704
499 2247
500 1582
501 2747
502 454
503 1179
504 864
505 2985
506 178
507 2148
508 1657
509 1930
510 2393
511 2013
512 1162
513 1368
514 223
515 1715
516 2284
517 2218
518 937
519 383
520 286
521 1080
522 1560
523 207
524 1319
525 500
526 1959
527 736
528 1784
529 272
530 82
531 891
532 2730
533 2252
534 1446
535 2654
536 135
537 557
538 2447
539 294
540 322
541 2521
542 304
543 2993
544 2347
545 2210
546 173
547 2361
548 183
549 1410
550 1418
551 912
552 2267
553 2670
554 2920
555 2565
556 2740
557 361
558 2880
559 2330
560 2571
561 209
562 1941
563 1072
564 452
565 2938
566 2343
567 1506
568 2805
569 2117
570 498
571 1749
572 2362
573 1056
574 2751
575 2777
576 2931
577 2848
578 2706
579 690
580 609
581 1370
582 2020
583 2261
584 1879
585 465
586 1121
587 2368
588 1777
589 1937
590 1267
591 2136
592 902
593 17
594 2257
595 2441
596 605
597 1258
598 38

