278 96
0 2762
1 2522
2 455
3 1826
4 2447
5 2880
6 740
7 1313
8 2620
9 352
10 1583
11 1087
12 2266
13 1557
14 2901
15 2477
16 374
17 770
18 1903
19 1603
20 919
21 2455
22 2020
23 1130
24 1911
25 1250
26 1228
27 1644
28 880
29 2415
30 627
31 2889
32 141
33 2908
34 2080
35 839
36 432
37 2461
38 2050
39 2110
40 2107
41 1040
42 1971
43 522
44 2526
45 2647
46 1862
47 1455
48 465
49 1758
50 2568
51 922
52 939
53 1654
54 215
55 645
56 2301
57 2128
58 968
59 2927
60 2540
61 740
62 2187
63 2531
64 455
65 1347
66 1579
67 458
68 945
69 2473
70 1208
71 470
72 1982
73 898
74 2966
75 2844
76 2569
77 197
78 1582
79 728
80 383
81 971
82 2560
83 154
84 1784
85 323
86 797
87 311
88 2235
89 795
90 1427
91 69
92 15
93 2319
94 1098
95 2126
96 1454
97 899
98 1255
99 832
100 2037
101 2363
102 186
103 869
104 2137
105 2622
106 2193
107 1779
108 2419
109 2610
110 2079
111 1614
112 2198
113 1274
114 626
115 2917
116 502
117 1006
118 1583
119 605
120 2410
121 2145
122 2979
123 2419
124 789
125 274
126 2155
127 127
128 1999
129 1999
130 393
131 2364
132 2686
133 2320
134 555
135 178
136 510
137 1936
138 251
139 2987
140 1481
141 2054
142 2248
143 2078
144 78
145 1277
146 2031
147 1301
148 2179
149 741
150 2782
151 293
152 107
153 2321
154 1196
155 466
156 1857
157 1956
158 2293
159 2090
160 1303
161 2639
162 830
163 1215
164 880
165 1119
166 2670
167 2788
168 2337
169 659
170 2396
171 2561
172 1713
173 2990
174 1151
175 1790
176 2807
177 397
178 1399
179 948
180 2741
181 2005
182 1991
183 1396
184 750
185 1826
186 409
187 2665
188 2726
189 1782
190 2750
191 20
192 1370
193 1822
194 1212
195 755
196 2865
197 89
198 195
199 2629
200 1473
201 1246
202 2880
203 2355
204 1674
205 685
206 2173
207 999
208 1055
209 1720
210 1805
211 2311
212 1556
213 1556
214 2179
215 1024
216 1546
217 238
218 1230
219 2001
220 81
221 309
222 1091
223 57
224 2043
225 2774
226 1637
227 2148
228 896
229 2403
230 211
231 2150
232 327
233 2526
234 1676
235 1688
236 551
237 1794
238 2524
239 2784
240 2474
241 2032
242 2590
243 1720
244 2276
245 879
246 731
247 1105
248 1720
249 645
250 345
251 1553
252 2612
253 2478
254 2589
255 828
256 1834
257 2776
258 2589
259 1117
260 607
261 1962
262 1046
263 196
264 671
265 1626
266 745
267 2608
268 745
269 1626
270 1544
271 2190
272 2444
273 596
274 2774
275 1539
276 1070
277 1174

