295 47
0 1841
1 866
2 1840
3 2194
4 1908
5 104
6 779
7 1721
8 20
9 1274
10 1570
11 2378
12 609
13 1997
14 511
15 358
16 2076
17 377
18 1041
19 1845
20 263
21 1217
22 1006
23 777
24 1781
25 2252
26 1167
27 2113
28 2942
29 722
30 1569
31 622
32 270
33 1020
34 665
35 1889
36 1148
37 1753
38 675
39 483
40 1838
41 1674
42 1807
43 1966
44 2530
45 2854
46 1576
47 1466
48 2769
49 1875
50 765
51 676
52 1499
53 1914
54 1375
55 1804
56 17
57 1806
58 2812
59 2133
60 690
61 1891
62 808
63 1549
64 559
65 1285
66 1881
67 1545
68 1267
69 285
70 1365
71 668
72 1434
73 2422
74 896
75 1134
76 2681
77 1783
78 1153
79 881
80 1254
81 2758
82 2075
83 2801
84 2585
85 2810
86 1243
87 1108
88 687
89 1907
90 1170
91 2046
92 1221
93 1449
94 1994
95 1683
96 304
97 2759
98 1306
99 1907
100 281
101 2107
102 231
103 21
104 158
105 842
106 1325
107 917
108 191
109 895
110 414
111 1443
112 1040
113 2369
114 1963
115 1251
116 1883
117 2987
118 1985
119 2183
120 1974
121 1859
122 2184
123 2446
124 1805
125 1757
126 2675
127 1771
128 2073
129 383
130 2983
131 1180
132 563
133 805
134 299
135 2100
136 129
137 632
138 1295
139 994
140 778
141 2904
142 1986
143 2405
144 1193
145 137
146 135
147 497
148 2065
149 1253
150 2409
151 990
152 571
153 2643
154 2055
155 1505
156 1860
157 1042
158 1765
159 335
160 2948
161 2349
162 1226
163 123
164 2356
165 2097
166 715
167 704
168 866
169 627
170 1176
171 528
172 171
173 2634
174 765
175 1186
176 103
177 464
178 523
179 275
180 1865
181 1658
182 1391
183 899
184 2316
185 1114
186 2739
187 41
188 2473
189 2663
190 411
191 1346
192 872
193 150
194 2181
195 249
196 815
197 1095
198 2076
199 1541
200 2041
201 982
202 1719
203 1633
204 2445
205 555
206 1376
207 2117
208 2816
209 2429
210 661
211 2221
212 2452
213 2797
214 1174
215 118
216 1397
217 1967
218 2061
219 556
220 1774
221 1166
222 759
223 937
224 903
225 2550
226 1348
227 868
228 1231
229 2806
230 305
231 25
232 814
233 1882
234 459
235 2628
236 1991
237 899
238 1618
239 1611
240 2761
241 254
242 1942
243 1410
244 1980
245 1215
246 2848
247 2965
248 1708
249 2443
250 1026
251 419
252 633
253 782
254 2256
255 1979
256 616
257 1823
258 1168
259 1331
260 701
261 1894
262 2085
263 2321
264 991
265 2470
266 1021
267 2841
268 751
269 1521
270 2887
271 409
272 1912
273 894
274 70
275 2368
276 1361
277 1951
278 2939
279 181
280 2099
281 1082
282 1459
283 2078
284 436
285 2571
286 2234
287 1033
288 2459
289 2121
290 1685
291 223
292 65
293 2536
294 603

