181 39
0 2925
1 2215
2 1570
3 2776
4 2906
5 1034
6 1293
7 2129
8 2660
9 1515
10 635
11 1591
12 937
13 2379
14 2612
15 205
16 476
17 1436
18 1662
19 659
20 825
21 2507
22 1253
23 1968
24 1699
25 2068
26 8
27 873
28 2961
29 335
30 1817
31 1947
32 2517
33 1396
34 2111
35 1844
36 2926
37 70
38 1893
39 1334
40 2279
41 1659
42 306
43 1361
44 267
45 61
46 1591
47 2705
48 2350
49 1501
50 2120
51 197
52 1664
53 2420
54 189
55 1391
56 1021
57 2422
58 867
59 2473
60 1282
61 1618
62 1642
63 1832
64 2932
65 2854
66 237
67 57
68 1740
69 833
70 1151
71 407
72 2846
73 2365
74 1784
75 1401
76 1698
77 1482
78 1944
79 1688
80 2733
81 2911
82 832
83 1380
84 864
85 1028
86 545
87 1427
88 1445
89 1032
90 2348
91 321
92 1539
93 1556
94 1061
95 1174
96 358
97 2486
98 1842
99 2830
100 1212
101 293
102 549
103 1331
104 1327
105 2501
106 2977
107 2617
108 1453
109 914
110 442
111 1799
112 244
113 2588
114 1065
115 2090
116 2608
117 1030
118 357
119 433
120 2804
121 1865
122 824
123 2478
124 2201
125 2929
126 385
127 2588
128 778
129 537
130 1645
131 1388
132 2036
133 1353
134 360
135 2814
136 1886
137 1368
138 1535
139 2187
140 2946
141 1088
142 1029
143 1262
144 2070
145 892
146 760
147 1753
148 794
149 472
150 1546
151 955
152 968
153 512
154 2392
155 318
156 788
157 2631
158 767
159 198
160 684
161 1157
162 118
163 2644
164 2736
165 246
166 1269
167 2824
168 1938
169 2165
170 2817
171 2889
172 2416
173 2191
174 743
175 1602
176 1115
177 1522
178 74
179 2952
180 91

