872 91
0 2876
1 46
2 2519
3 2689
4 203
5 586
6 2321
7 1400
8 889
9 1249
10 2330
11 2535
12 2700
13 217
14 2587
15 884
16 785
17 13
18 2585
19 650
20 1094
21 184
22 295
23 2264
24 174
25 825
26 2149
27 1178
28 2321
29 948
30 1174
31 1924
32 2973
33 538
34 1078
35 2968
36 460
37 2587
38 1158
39 2176
40 373
41 163
42 2339
43 2941
44 2927
45 1762
46 2502
47 1415
48 2668
49 2920
50 2429
51 796
52 1602
53 2862
54 1718
55 2179
56 2141
57 40
58 1590
59 234
60 746
61 234
62 1059
63 2128
64 514
65 940
66 17
67 1196
68 2285
69 2382
70 34
71 961
72 1079
73 992
74 597
75 2575
76 1024
77 2530
78 15
79 1243
80 621
81 1567
82 2533
83 566
84 1648
85 2091
86 234
87 2455
88 868
89 1870
90 1986
91 622
92 1995
93 1170
94 88
95 2322
96 2188
97 2066
98 1016
99 2369
100 1448
101 101
102 2528
103 337
104 1546
105 976
106 1035
107 259
108 2974
109 2425
110 1052
111 1839
112 1312
113 2847
114 2477
115 1698
116 344
117 263
118 2781
119 255
120 2160
121 2063
122 2616
123 2582
124 2261
125 2995
126 917
127 1471
128 2610
129 2893
130 1430
131 1225
132 2438
133 1431
134 2749
135 1796
136 620
137 1021
138 193
139 1667
140 156
141 2451
142 2231
143 1071
144 908
145 2825
146 167
147 1839
148 2431
149 1708
150 2805
151 2186
152 237
153 920
154 637
155 324
156 2645
157 120
158 2479
159 244
160 1383
161 2511
162 1873
163 1592
164 1486
165 791
166 1827
167 2384
168 2313
169 1881
170 763
171 2909
172 1316
173 826
174 1893
175 2955
176 2643
177 2170
178 974
179 1670
180 1912
181 1702
182 2485
183 2257
184 1102
185 249
186 1682
187 2033
188 2432
189 466
190 1809
191 1578
192 1000
193 2130
194 1845
195 832
196 233
197 2095
198 1830
199 2560
200 2246
201 2124
202 1250
203 2389
204 2625
205 2525
206 1102
207 1897
208 1729
209 966
210 2361
211 1202
212 2718
213 888
214 1390
215 482
216 1070
217 1198
218 1715
219 2462
220 2730
221 578
222 2320
223 2458
224 1968
225 2120
226 1930
227 1272
228 873
229 1175
230 2441
231 1433
232 1043
233 400
234 812
235 783
236 2394
237 2676
238 185
239 132
240 1218
241 2021
242 1370
243 1943
244 1642
245 2654
246 2814
247 831
248 1787
249 2445
250 2883
251 1713
252 2126
253 1956
254 1837
255 59
256 780
257 2039
258 503
259 2988
260 36
261 866
262 1059
263 351
264 2087
265 112
266 189
267 668
268 1818
269 739
270 2410
271 1074
272 1976
273 1839
274 2175
275 1184
276 1642
277 1946
278 349
279 405
280 2840
281 615
282 2909
283 1913
284 460
285 2803
286 957
287 1448
288 2906
289 1668
290 1565
291 472
292 1926
293 2104
294 2618
295 1406
296 1886
297 910
298 2849
299 14
300 1114
301 1552
302 1876
303 2284
304 583
305 2071
306 677
307 1299
308 2144
309 1913
310 197
311 492
312 1089
313 364
314 376
315 651
316 227
317 2663
318 2875
319 821
320 2772
321 404
322 1934
323 454
324 139
325 2189
326 1339
327 2001
328 2097
329 1596
330 424
331 1694
332 1937
333 1700
334 291
335 2079
336 2686
337 1585
338 2645
339 209
340 2345
341 1315
342 1236
343 77
344 1813
345 147
346 1234
347 2394
348 1177
349 1817
350 1684
351 2737
352 1464
353 754
354 1776
355 198
356 319
357 2957
358 294
359 2860
360 1812
361 2924
362 1327
363 1580
364 2405
365 2878
366 2365
367 90
368 726
369 147
370 547
371 964
372 707
373 954
374 1474
375 208
376 2381
377 829
378 1262
379 104
380 2165
381 611
382 1976
383 1208
384 716
385 390
386 2288
387 622
388 600
389 390
390 322
391 467
392 2381
393 684
394 2476
395 304
396 765
397 748
398 906
399 2798
400 662
401 1940
402 1883
403 2994
404 685
405 1773
406 2427
407 1593
408 2019
409 2390
410 2463
411 2837
412 1862
413 405
414 2254
415 1603
416 2263
417 1458
418 1996
419 2134
420 2284
421 1820
422 549
423 869
424 1842
425 1313
426 112
427 905
428 1116
429 1816
430 1374
431 1785
432 968
433 494
434 2843
435 2287
436 2307
437 1128
438 591
439 417
440 672
441 1254
442 2794
443 1865
444 189
445 603
446 627
447 1436
448 1623
449 1699
450 595
451 150
452 1074
453 1582
454 796
455 2177
456 795
457 1927
458 1812
459 2927
460 2499
461 358
462 1720
463 2759
464 424
465 844
466 1061
467 2411
468 2865
469 1051
470 2377
471 2314
472 752
473 2828
474 2275
475 483
476 2464
477 2516
478 2262
479 1780
480 2043
481 898
482 1515
483 935
484 1587
485 267
486 345
487 308
488 188
489 317
490 2973
491 2984
492 1508
493 2187
494 1918
495 2497
496 1275
497 2503
498 1856
499 2645
500 1532
501 411
502 726
503 274
504 1002
505 1417
506 323
507 2349
508 259
509 1200
510 2480
511 2497
512 1406
513 1306
514 2461
515 2556
516 2584
517 2080
518 1071
519 2261
520 1701
521 1484
522 2033
523 968
524 945
525 924
526 1844
527 982
528 981
529 2991
530 622
531 1715
532 1196
533 2997
534 2666
535 695
536 1283
537 152
538 791
539 2249
540 307
541 253
542 1330
543 1598
544 858
545 1326
546 2707
547 529
548 1680
549 2518
550 2204
551 2116
552 2464
553 2010
554 2709
555 997
556 1815
557 1227
558 867
559 397
560 1812
561 1876
562 2650
563 2793
564 1933
565 1421
566 905
567 1588
568 477
569 1816
570 1367
571 2701
572 2343
573 1188
574 1617
575 668
576 1468
577 1261
578 1741
579 75
580 1495
581 1009
582 478
583 1122
584 2429
585 272
586 2580
587 2965
588 2217
589 653
590 2156
591 1222
592 2857
593 1892
594 2377
595 487
596 1694
597 42
598 798
599 2381
600 2887
601 1413
602 2143
603 2945
604 1085
605 902
606 322
607 655
608 2962
609 1760
610 1343
611 1585
612 992
613 2977
614 2166
615 2663
616 1312
617 846
618 1592
619 1319
620 159
621 2661
622 1404
623 2914
624 2746
625 1254
626 747
627 1376
628 2982
629 2898
630 2105
631 1654
632 750
633 1556
634 2176
635 2505
636 1388
637 1611
638 1006
639 1335
640 711
641 2117
642 85
643 2650
644 260
645 2761
646 1117
647 503
648 1596
649 2957
650 1667
651 783
652 870
653 891
654 1253
655 1817
656 870
657 1509
658 215
659 692
660 636
661 294
662 183
663 1094
664 1254
665 1018
666 775
667 780
668 2564
669 1781
670 2817
671 2839
672 1363
673 501
674 1608
675 2842
676 1782
677 1765
678 914
679 1318
680 2764
681 809
682 876
683 2095
684 729
685 1009
686 2444
687 1003
688 1371
689 2941
690 2151
691 2613
692 552
693 1438
694 1902
695 2252
696 2532
697 2299
698 2388
699 586
700 1984
701 2484
702 725
703 2489
704 2159
705 2563
706 1397
707 2990
708 2607
709 979
710 2345
711 193
712 1973
713 1343
714 2461
715 1048
716 1282
717 25
718 2765
719 1549
720 666
721 1519
722 255
723 2643
724 2417
725 1664
726 440
727 925
728 688
729 2519
730 2860
731 480
732 1933
733 1459
734 589
735 356
736 1195
737 570
738 2653
739 401
740 639
741 2769
742 1342
743 2128
744 1966
745 778
746 2736
747 1770
748 2277
749 1738
750 691
751 825
752 2650
753 34
754 1902
755 1248
756 1803
757 1429
758 1564
759 2105
760 417
761 1720
762 1606
763 3
764 2296
765 597
766 668
767 400
768 388
769 2714
770 733
771 113
772 2888
773 1105
774 645
775 930
776 2138
777 998
778 1646
779 318
780 628
781 2977
782 776
783 2888
784 2739
785 2733
786 1258
787 38
788 807
789 2909
790 183
791 2885
792 247
793 578
794 2273
795 988
796 2673
797 562
798 342
799 2967
800 2145
801 1642
802 2399
803 2603
804 793
805 2048
806 2970
807 1234
808 889
809 2930
810 2701
811 175
812 2523
813 1523
814 2809
815 1699
816 1634
817 2124
818 2257
819 2471
820 217
821 2080
822 1253
823 1292
824 2641
825 2923
826 334
827 455
828 127
829 1441
830 1046
831 135
832 2844
833 732
834 2495
835 431
836 2148
837 1908
838 2892
839 1051
840 2307
841 2227
842 567
843 729
844 2950
845 2037
846 1580
847 2825
848 1260
849 1666
850 554
851 629
852 2953
853 2752
854 2123
855 1157
856 2753
857 2399
858 2246
859 396
860 434
861 462
862 2982
863 1219
864 2731
865 612
866 626
867 2134
868 2702
869 2904
870 864
871 2901

