240 95
0 2099
1 663
2 1335
3 2407
4 2703
5 490
6 1437
7 1320
8 1488
9 2692
10 1223
11 2417
12 1979
13 1842
14 880
15 971
16 2336
17 2751
18 580
19 1120
20 2540
21 693
22 825
23 2617
24 941
25 2727
26 653
27 1497
28 1677
29 2348
30 12
31 529
32 1167
33 466
34 537
35 2527
36 1443
37 1111
38 188
39 980
40 76
41 1081
42 380
43 1136
44 2134
45 2
46 2199
47 2841
48 338
49 2443
50 2139
51 1657
52 122
53 1443
54 640
55 2689
56 230
57 2896
58 1929
59 2620
60 961
61 1841
62 1752
63 1466
64 2248
65 574
66 90
67 2416
68 2279
69 686
70 236
71 383
72 116
73 2554
74 2668
75 73
76 2969
77 2122
78 399
79 300
80 365
81 1947
82 2188
83 1577
84 2996
85 1637
86 231
87 774
88 1899
89 2060
90 18
91 683
92 1049
93 1871
94 382
95 1707
96 2022
97 2379
98 2289
99 2127
100 1716
101 2476
102 1112
103 902
104 443
105 960
106 55
107 2304
108 2619
109 2699
110 2122
111 1334
112 2949
113 2466
114 2114
115 166
116 546
117 1367
118 1807
119 370
120 1042
121 2934
122 327
123 1853
124 2055
125 1292
126 595
127 793
128 1717
129 435
130 1199
131 215
132 1620
133 2788
134 2664
135 2456
136 2199
137 142
138 897
139 462
140 968
141 1179
142 1050
143 2097
144 1002
145 2061
146 2865
147 1067
148 1479
149 2019
150 1069
151 320
152 1807
153 2075
154 2018
155 1356
156 2021
157 862
158 163
159 994
160 461
161 1771
162 2095
163 2326
164 2931
165 799
166 1165
167 1604
168 1201
169 2093
170 1519
171 913
172 849
173 2081
174 373
175 36
176 2450
177 380
178 1414
179 2069
180 2108
181 2810
182 578
183 1372
184 1604
185 2652
186 2451
187 2686
188 910
189 2883
190 912
191 432
192 739
193 1597
194 1948
195 982
196 510
197 1770
198 1393
199 1986
200 600
201 2855
202 2554
203 1276
204 156
205 687
206 593
207 134
208 424
209 1006
210 781
211 877
212 2976
213 2805
214 2709
215 2743
216 736
217 1068
218 1403
219 2207
220 868
221 1289
222 91
223 2242
224 774
225 2002
226 1322
227 2144
228 1572
229 91
230 1
231 1025
232 2442
233 1964
234 2305
235 1437
236 2342
237 1570
238 2022
239 2844

