694 33
0 1791
1 1126
2 1762
3 2280
4 2552
5 61
6 2871
7 749
8 1497
9 362
10 1771
11 1078
12 1663
13 546
14 806
15 2485
16 836
17 1854
18 971
19 1960
20 1630
21 2148
22 1884
23 1782
24 2847
25 2318
26 2824
27 969
28 1992
29 1231
30 2802
31 2961
32 1381
33 2907
34 2277
35 258
36 1054
37 225
38 1360
39 877
40 389
41 2290
42 636
43 533
44 2943
45 2598
46 1622
47 151
48 568
49 330
50 74
51 256
52 2067
53 938
54 282
55 1532
56 2554
57 2266
58 1721
59 864
60 1274
61 824
62 823
63 526
64 1905
65 300
66 2843
67 2563
68 1322
69 2313
70 784
71 827
72 1866
73 816
74 2989
75 984
76 1193
77 1310
78 2632
79 1554
80 2614
81 577
82 2004
83 913
84 489
85 1861
86 2072
87 1571
88 2534
89 29
90 1193
91 1012
92 2216
93 125
94 1726
95 2531
96 2427
97 2661
98 1175
99 1887
100 2454
101 432
102 2653
103 2362
104 1202
105 919
106 2679
107 1575
108 2330
109 1575
110 2393
111 1431
112 203
113 2272
114 1955
115 971
116 2807
117 539
118 1407
119 2323
120 2166
121 1055
122 1687
123 2119
124 1386
125 2532
126 1520
127 2290
128 2024
129 29
130 1234
131 600
132 578
133 223
134 1331
135 2015
136 2796
137 61
138 1375
139 1743
140 2991
141 1288
142 564
143 795
144 2386
145 596
146 55
147 636
148 1294
149 1290
150 388
151 764
152 307
153 1181
154 588
155 122
156 1116
157 336
158 1566
159 739
160 2704
161 2780
162 194
163 60
164 1924
165 2332
166 283
167 113
168 779
169 2368
170 2601
171 295
172 238
173 411
174 2051
175 1982
176 708
177 176
178 717
179 1174
180 2137
181 1433
182 946
183 854
184 1977
185 2823
186 1088
187 2546
188 263
189 819
190 1210
191 135
192 1838
193 751
194 2631
195 2645
196 30
197 2764
198 2776
199 2400
200 1699
201 1320
202 1505
203 2304
204 1166
205 12
206 2762
207 755
208 2141
209 960
210 683
211 1890
212 726
213 57
214 1849
215 2962
216 1922
217 931
218 1194
219 2818
220 785
221 1943
222 94
223 207
224 416
225 810
226 628
227 1010
228 2744
229 2372
230 2597
231 492
232 1701
233 2093
234 1193
235 2238
236 1620
237 2609
238 1623
239 1578
240 2958
241 111
242 2554
243 284
244 254
245 444
246 152
247 1995
248 2898
249 1719
250 1482
251 2117
252 1071
253 2411
254 2921
255 2284
256 523
257 1685
258 2733
259 2345
260 1389
261 398
262 2916
263 425
264 275
265 2561
266 1471
267 912
268 1663
269 650
270 2315
271 2898
272 1109
273 1219
274 76
275 2997
276 1282
277 1456
278 970
279 2346
280 1913
281 2112
282 1095
283 2340
284 1053
285 358
286 754
287 173
288 2177
289 163
290 2736
291 695
292 2654
293 650
294 2985
295 1012
296 1021
297 1295
298 62
299 1889
300 1431
301 2575
302 382
303 833
304 395
305 197
306 506
307 1798
308 2024
309 2763
310 571
311 743
312 2151
313 1442
314 1167
315 2621
316 1331
317 1809
318 2182
319 2066
320 2491
321 1590
322 889
323 2778
324 719
325 73
326 2901
327 865
328 1733
329 380
330 2201
331 1257
332 2112
333 106
334 515
335 2586
336 673
337 1747
338 1751
339 2423
340 2902
341 2492
342 1448
343 14
344 363
345 1363
346 102
347 1546
348 1843
349 366
350 2938
351 972
352 1456
353 1615
354 1004
355 858
356 1312
357 1153
358 1055
359 2075
360 714
361 177
362 866
363 653
364 462
365 1605
366 252
367 2810
368 409
369 567
370 1289
371 384
372 2802
373 1646
374 177
375 1871
376 222
377 2960
378 2758
379 1527
380 2329
381 2033
382 1360
383 2866
384 1969
385 1477
386 334
387 232
388 2005
389 858
390 1312
391 65
392 1869
393 1215
394 2383
395 2888
396 2117
397 763
398 2618
399 767
400 1082
401 460
402 2676
403 506
404 2341
405 709
406 1601
407 582
408 1269
409 857
410 33
411 2999
412 431
413 1546
414 1454
415 1128
416 1698
417 108
418 1813
419 1104
420 1385
421 495
422 2644
423 2874
424 1672
425 1419
426 34
427 415
428 456
429 2759
430 2473
431 515
432 1029
433 1616
434 1367
435 1672
436 2809
437 681
438 2797
439 841
440 988
441 14
442 410
443 1473
444 1805
445 2697
446 367
447 1200
448 2693
449 2363
450 2019
451 558
452 2215
453 1958
454 2711
455 797
456 1681
457 1863
458 709
459 1346
460 2140
461 1119
462 30
463 1757
464 359
465 610
466 369
467 2273
468 1297
469 729
470 94
471 2394
472 1602
473 919
474 2075
475 301
476 2919
477 2431
478 2335
479 1254
480 1125
481 1134
482 1621
483 2599
484 2184
485 2854
486 2661
487 2270
488 1069
489 2831
490 2677
491 2669
492 1185
493 2375
494 2584
495 1121
496 2992
497 508
498 240
499 2505
500 2924
501 1808
502 2877
503 2501
504 1411
505 627
506 1650
507 65
508 2964
509 2079
510 661
511 1376
512 1353
513 402
514 2198
515 2630
516 2649
517 1576
518 1908
519 1875
520 2594
521 1439
522 2156
523 411
524 1193
525 1025
526 1815
527 2913
528 2128
529 1968
530 136
531 506
532 1451
533 235
534 2852
535 1781
536 2339
537 2541
538 2400
539 209
540 585
541 1793
542 2178
543 2466
544 421
545 462
546 2217
547 1484
548 1876
549 1761
550 1084
551 2571
552 2233
553 1690
554 368
555 1669
556 1945
557 149
558 1621
559 1123
560 921
561 887
562 2278
563 2759
564 2231
565 2660
566 2639
567 1315
568 1344
569 2231
570 2248
571 186
572 1187
573 1207
574 2569
575 2207
576 225
577 2813
578 1124
579 2798
580 2293
581 377
582 2716
583 1883
584 2599
585 2815
586 2171
587 739
588 1499
589 1544
590 687
591 2603
592 2219
593 1178
594 1662
595 832
596 1274
597 1351
598 1977
599 165
600 2458
601 219
602 2435
603 2421
604 671
605 2215
606 2923
607 1954
608 1474
609 1836
610 2561
611 2638
612 2548
613 558
614 1199
615 347
616 721
617 435
618 1084
619 541
620 1784
621 728
622 1803
623 28
624 2149
625 1349
626 2673
627 1442
628 857
629 53
630 1772
631 2892
632 16
633 856
634 2152
635 1828
636 2315
637 1562
638 2120
639 485
640 2170
641 670
642 127
643 2427
644 543
645 2633
646 2501
647 13
648 2036
649 300
650 2551
651 877
652 2344
653 1084
654 822
655 2633
656 2695
657 2563
658 922
659 1079
660 2421
661 1393
662 1182
663 2669
664 2948
665 229
666 2720
667 506
668 203
669 2006
670 915
671 1644
672 963
673 1390
674 1497
675 2719
676 289
677 2081
678 380
679 361
680 2632
681 2425
682 742
683 701
684 2633
685 465
686 365
687 1915
688 836
689 2864
690 2401
691 2056
692 1682
693 2974

