625 57
0 2833
1 2097
2 2234
3 2644
4 2032
5 1084
6 2206
7 2310
8 1650
9 592
10 1727
11 665
12 821
13 2847
14 438
15 920
16 1914
17 1919
18 1793
19 2714
20 1993
21 2568
22 2463
23 2045
24 308
25 2021
26 242
27 1024
28 2517
29 1729
30 1247
31 1933
32 2549
33 1537
34 1847
35 706
36 2424
37 2555
38 2816
39 2703
40 369
41 2320
42 2550
43 766
44 1604
45 1615
46 1563
47 1486
48 2528
49 1618
50 1471
51 210
52 1551
53 2111
54 304
55 2455
56 2563
57 331
58 2335
59 1139
60 2962
61 983
62 643
63 298
64 1111
65 969
66 2935
67 2970
68 1277
69 2787
70 903
71 2588
72 2748
73 984
74 1976
75 2508
76 2531
77 1881
78 87
79 2000
80 1098
81 1355
82 1340
83 2987
84 2516
85 598
86 698
87 69
88 1612
89 2570
90 2243
91 2912
92 702
93 405
94 1402
95 2222
96 569
97 1179
98 2548
99 2481
100 1167
101 866
102 2865
103 963
104 613
105 92
106 263
107 2187
108 693
109 1960
110 2930
111 2982
112 751
113 252
114 334
115 2197
116 467
117 1615
118 649
119 2216
120 2601
121 93
122 1910
123 1508
124 911
125 721
126 2554
127 1662
128 607
129 1687
130 831
131 150
132 2413
133 244
134 1554
135 976
136 511
137 761
138 1604
139 1784
140 2959
141 1694
142 2108
143 82
144 1762
145 241
146 1219
147 237
148 1524
149 2748
150 2573
151 3
152 2119
153 2946
154 2725
155 2873
156 2625
157 1737
158 341
159 597
160 2601
161 2583
162 2425
163 302
164 694
165 1619
166 768
167 1333
168 242
169 698
170 2320
171 1895
172 129
173 2155
174 2385
175 2138
176 1073
177 560
178 1789
179 998
180 566
181 2428
182 380
183 1920
184 81
185 242
186 106
187 698
188 1111
189 988
190 1455
191 2497
192 1331
193 2078
194 2559
195 1308
196 16
197 2910
198 2672
199 1013
200 1985
201 1696
202 2078
203 2795
204 2997
205 520
206 805
207 1150
208 85
209 2370
210 806
211 956
212 2924
213 249
214 1178
215 1392
216 767
217 1364
218 2322
219 2142
220 1319
221 2364
222 1251
223 2406
224 128
225 1499
226 2628
227 711
228 2130
229 1824
230 893
231 1321
232 297
233 1279
234 1255
235 1209
236 1000
237 1943
238 2117
239 975
240 2342
241 184
242 1806
243 1532
244 2717
245 30
246 791
247 1138
248 1950
249 2766
250 2936
251 2485
252 1603
253 2275
254 2143
255 935
256 2604
257 1590
258 151
259 1179
260 2980
261 886
262 288
263 2519
264 2892
265 984
266 1058
267 1324
268 2949
269 2675
270 1350
271 284
272 2132
273 804
274 654
275 709
276 2484
277 2982
278 502
279 2995
280 1766
281 320
282 2401
283 805
284 91
285 2455
286 684
287 451
288 1202
289 1767
290 1776
291 1812
292 927
293 196
294 867
295 2730
296 700
297 1925
298 347
299 2593
300 1827
301 2172
302 1879
303 1475
304 533
305 1511
306 1369
307 274
308 2910
309 1840
310 2211
311 855
312 941
313 2139
314 1254
315 2498
316 708
317 844
318 215
319 1802
320 2996
321 965
322 2006
323 2099
324 1271
325 2088
326 420
327 1414
328 646
329 1095
330 2942
331 1524
332 1631
333 1937
334 1418
335 365
336 651
337 1887
338 1493
339 779
340 1414
341 2454
342 206
343 1730
344 258
345 2096
346 1372
347 1537
348 422
349 531
350 569
351 2363
352 1018
353 1264
354 2386
355 1590
356 2065
357 1722
358 861
359 2080
360 88
361 1626
362 100
363 880
364 889
365 632
366 1468
367 501
368 32
369 2944
370 2046
371 1085
372 1021
373 853
374 1782
375 623
376 2239
377 841
378 2635
379 444
380 1561
381 1197
382 2730
383 2276
384 745
385 2856
386 1619
387 1474
388 896
389 2302
390 439
391 348
392 2300
393 825
394 2987
395 387
396 2884
397 1692
398 2997
399 2403
400 182
401 8
402 1508
403 2796
404 1986
405 2827
406 408
407 504
408 2367
409 1967
410 34
411 2425
412 1261
413 2789
414 755
415 2841
416 951
417 391
418 181
419 1360
420 1032
421 1026
422 1112
423 706
424 210
425 2860
426 2917
427 1558
428 176
429 2195
430 2830
431 1992
432 1815
433 1758
434 464
435 2981
436 382
437 832
438 914
439 459
440 178
441 321
442 652
443 32
444 588
445 2539
446 571
447 1228
448 1774
449 2607
450 802
451 717
452 1625
453 1646
454 1934
455 1351
456 2940
457 259
458 1738
459 0
460 583
461 2064
462 1118
463 1908
464 1916
465 1146
466 115
467 1662
468 909
469 284
470 1185
471 1551
472 147
473 218
474 2396
475 2793
476 1201
477 1492
478 536
479 2597
480 2914
481 1697
482 2064
483 74
484 229
485 727
486 1301
487 408
488 2108
489 405
490 528
491 2734
492 700
493 424
494 1874
495 2610
496 2622
497 1207
498 2728
499 2523
500 1034
501 280
502 622
503 480
504 1315
505 834
506 1235
507 77
508 2068
509 2123
510 2800
511 1445
512 1643
513 1718
514 1898
515 58
516 1427
517 2704
518 1078
519 2821
520 1324
521 762
522 1920
523 2470
524 1750
525 1369
526 304
527 1036
528 1526
529 1978
530 954
531 166
532 530
533 1817
534 1212
535 1515
536 2079
537 2994
538 2425
539 1067
540 1724
541 2118
542 1183
543 1408
544 228
545 1922
546 75
547 660
548 2657
549 15
550 2720
551 2313
552 1285
553 577
554 1145
555 1298
556 2365
557 1935
558 2756
559 1407
560 1796
561 1927
562 2100
563 2264
564 92
565 1281
566 2280
567 2154
568 2328
569 2582
570 1472
571 2518
572 1346
573 1358
574 962
575 2688
576 1425
577 884
578 2160
579 1388
580 936
581 31
582 879
583 2709
584 1450
585 73
586 877
587 1751
588 1865
589 73
590 488
591 804
592 2324
593 123
594 312
595 1978
596 2094
597 1446
598 2896
599 2921
600 1048
601 2366
602 354
603 2483
604 301
605 2795
606 355
607 2619
608 1818
609 231
610 1676
611 861
612 2780
613 1869
614 1776
615 1945
616 1407
617 460
618 2904
619 119
620 43
621 697
622 2024
623 2736
624 2903

