722 50
0 2302
1 2944
2 465
3 213
4 317
5 490
6 629
7 2202
8 2947
9 2283
10 1683
11 817
12 1571
13 147
14 842
15 2250
16 2137
17 775
18 2216
19 2387
20 2214
21 361
22 327
23 2273
24 360
25 2194
26 1907
27 2043
28 1662
29 82
30 981
31 1024
32 2763
33 444
34 1256
35 1530
36 2097
37 411
38 1853
39 25
40 472
41 1022
42 2925
43 2314
44 1331
45 1948
46 2123
47 1015
48 1628
49 1815
50 964
51 677
52 12
53 214
54 256
55 1089
56 2440
57 715
58 535
59 1012
60 704
61 395
62 2369
63 2121
64 1640
65 2305
66 1423
67 1352
68 20
69 2586
70 2085
71 1002
72 2136
73 2898
74 1411
75 1982
76 1075
77 2427
78 228
79 2704
80 2613
81 183
82 430
83 420
84 2160
85 2468
86 1942
87 928
88 1392
89 477
90 775
91 454
92 2721
93 1356
94 1700
95 908
96 2724
97 1240
98 1859
99 1650
100 1
101 625
102 2388
103 109
104 2014
105 1758
106 1299
107 152
108 2254
109 2377
110 2740
111 1636
112 1294
113 1422
114 2477
115 880
116 819
117 613
118 1812
119 972
120 2917
121 2497
122 1991
123 1122
124 2320
125 2026
126 429
127 1481
128 2178
129 580
130 2153
131 1647
132 2710
133 582
134 2971
135 1693
136 162
137 981
138 169
139 1443
140 1329
141 236
142 959
143 1827
144 604
145 1923
146 171
147 2452
148 447
149 2138
150 0
151 2419
152 557
153 1122
154 2776
155 2956
156 1936
157 2943
158 1127
159 185
160 1194
161 504
162 256
163 1681
164 16
165 1673
166 1069
167 733
168 1239
169 836
170 2540
171 2303
172 1342
173 1121
174 2003
175 101
176 518
177 964
178 1762
179 855
180 2675
181 2523
182 2282
183 2874
184 862
185 2419
186 2850
187 2763
188 2134
189 989
190 2386
191 2863
192 493
193 940
194 2882
195 2482
196 799
197 57
198 547
199 1648
200 954
201 164
202 1258
203 560
204 2031
205 1438
206 1803
207 515
208 1407
209 2674
210 1613
211 2394
212 567
213 2450
214 1991
215 1809
216 1326
217 1557
218 450
219 2280
220 2016
221 597
222 2514
223 1317
224 2270
225 409
226 1797
227 854
228 1076
229 2876
230 2846
231 1795
232 2349
233 1207
234 2964
235 165
236 2929
237 1613
238 997
239 1145
240 2938
241 427
242 192
243 2609
244 1043
245 2034
246 200
247 89
248 2958
249 754
250 2920
251 1669
252 42
253 2829
254 738
255 1387
256 2
257 1837
258 45
259 1543
260 180
261 2434
262 1826
263 1006
264 1450
265 2114
266 1289
267 2403
268 2601
269 2138
270 1178
271 1562
272 838
273 1943
274 2581
275 1081
276 919
277 1879
278 435
279 648
280 1251
281 2821
282 422
283 2224
284 2712
285 2905
286 2325
287 689
288 1715
289 2122
290 1498
291 1476
292 1956
293 1903
294 2124
295 2966
296 466
297 2204
298 129
299 2629
300 605
301 574
302 1700
303 2078
304 2163
305 337
306 2662
307 1159
308 887
309 2221
310 1798
311 1370
312 2409
313 1
314 2779
315 1678
316 1699
317 2831
318 1223
319 2323
320 2082
321 1474
322 2767
323 2507
324 2422
325 46
326 2120
327 774
328 1826
329 2131
330 2011
331 1877
332 1511
333 646
334 114
335 2671
336 452
337 487
338 2441
339 554
340 391
341 2869
342 1488
343 1249
344 2076
345 2904
346 2854
347 883
348 1160
349 499
350 341
351 38
352 2338
353 2354
354 236
355 1882
356 20
357 2735
358 207
359 2181
360 223
361 1671
362 2800
363 2156
364 225
365 2158
366 2288
367 2838
368 2995
369 1072
370 1078
371 1931
372 1053
373 2349
374 2796
375 627
376 178
377 258
378 943
379 1848
380 346
381 2606
382 1507
383 2800
384 1955
385 1487
386 2343
387 2172
388 1730
389 2024
390 264
391 578
392 2767
393 378
394 1045
395 1456
396 1485
397 362
398 2732
399 1248
400 798
401 1043
402 898
403 1879
404 1689
405 2952
406 435
407 2509
408 703
409 729
410 1041
411 400
412 839
413 1019
414 1421
415 2099
416 2679
417 1443
418 2081
419 289
420 1324
421 2378
422 1137
423 2324
424 949
425 623
426 1298
427 1877
428 1512
429 271
430 2791
431 1565
432 602
433 1204
434 537
435 2671
436 2648
437 1742
438 593
439 2200
440 2510
441 252
442 1004
443 488
444 1149
445 764
446 832
447 1951
448 2623
449 1274
450 1058
451 2442
452 267
453 356
454 1144
455 37
456 1646
457 814
458 1160
459 1325
460 425
461 2602
462 1282
463 909
464 528
465 1490
466 1790
467 1374
468 888
469 759
470 604
471 1757
472 1878
473 225
474 2026
475 2397
476 1521
477 1597
478 604
479 113
480 1139
481 37
482 2645
483 1161
484 293
485 370
486 2160
487 1192
488 1570
489 476
490 217
491 1377
492 441
493 1905
494 1810
495 785
496 1325
497 231
498 269
499 690
500 2617
501 462
502 608
503 1134
504 2873
505 398
506 2539
507 313
508 692
509 68
510 482
511 574
512 1391
513 2538
514 691
515 1270
516 1725
517 993
518 752
519 1455
520 2883
521 1776
522 1749
523 2838
524 2194
525 2420
526 717
527 64
528 1166
529 1043
530 2689
531 2755
532 2486
533 1913
534 510
535 2767
536 2700
537 2082
538 982
539 1698
540 2944
541 1972
542 856
543 865
544 572
545 1458
546 774
547 560
548 1610
549 275
550 2770
551 2715
552 2032
553 1196
554 1588
555 2075
556 2250
557 2028
558 1680
559 297
560 1251
561 2158
562 1161
563 1408
564 703
565 2971
566 2828
567 124
568 388
569 1381
570 2578
571 1344
572 2466
573 2007
574 889
575 367
576 1537
577 2208
578 1624
579 1247
580 2799
581 2575
582 2175
583 282
584 1886
585 2375
586 45
587 2107
588 2090
589 2647
590 1174
591 1719
592 595
593 2955
594 2777
595 2195
596 1525
597 321
598 2255
599 1233
600 462
601 2565
602 967
603 967
604 1112
605 1517
606 88
607 193
608 2126
609 2170
610 1919
611 199
612 2137
613 1307
614 2016
615 387
616 599
617 42
618 1779
619 2541
620 451
621 1680
622 1296
623 2043
624 2158
625 977
626 2044
627 114
628 1449
629 2714
630 1623
631 2315
632 438
633 2643
634 1202
635 759
636 661
637 2758
638 2432
639 1422
640 276
641 1107
642 10
643 228
644 2011
645 2054
646 2478
647 882
648 832
649 2229
650 487
651 1327
652 620
653 2047
654 1956
655 1693
656 850
657 167
658 2296
659 2850
660 151
661 561
662 2731
663 1038
664 1052
665 152
666 2030
667 2185
668 1206
669 2782
670 759
671 2981
672 1503
673 2396
674 485
675 1360
676 27
677 1753
678 23
679 1014
680 387
681 2270
682 2387
683 1697
684 837
685 1576
686 990
687 2857
688 2892
689 1960
690 166
691 2532
692 691
693 1426
694 673
695 2425
696 830
697 875
698 1153
699 2563
700 2628
701 2512
702 2293
703 224
704 2185
705 205
706 2294
707 2780
708 178
709 2607
710 2008
711 246
712 210
713 2080
714 577
715 567
716 2590
717 2712
718 610
719 492
720 1208
721 2494

