649 74
0 1447
1 2904
2 1844
3 1597
4 50
5 24
6 158
7 2201
8 1658
9 1554
10 2941
11 2079
12 2954
13 2008
14 2917
15 500
16 1700
17 1946
18 587
19 944
20 500
21 153
22 424
23 2950
24 626
25 1832
26 768
27 1749
28 2818
29 1781
30 312
31 209
32 2089
33 1908
34 140
35 1076
36 1277
37 1000
38 1708
39 2931
40 1152
41 2512
42 2678
43 384
44 1990
45 2857
46 66
47 2639
48 567
49 2312
50 2531
51 2442
52 2922
53 1708
54 1880
55 1786
56 1604
57 2659
58 314
59 155
60 334
61 1180
62 2741
63 274
64 1794
65 2245
66 176
67 72
68 2197
69 2056
70 2509
71 1739
72 2738
73 485
74 2065
75 316
76 2661
77 1760
78 426
79 1709
80 1728
81 1357
82 2529
83 2948
84 2548
85 1250
86 171
87 1973
88 2719
89 705
90 2876
91 1884
92 326
93 1328
94 591
95 2835
96 1710
97 61
98 2414
99 1463
100 1532
101 1318
102 1660
103 1701
104 2216
105 937
106 2279
107 1997
108 2582
109 602
110 2843
111 2273
112 2472
113 1546
114 1508
115 1000
116 893
117 1712
118 546
119 315
120 267
121 301
122 2013
123 959
124 1025
125 1159
126 1596
127 2095
128 1316
129 1547
130 2436
131 235
132 2908
133 1636
134 2844
135 974
136 1470
137 1771
138 1647
139 2753
140 638
141 1052
142 1787
143 2085
144 1672
145 1097
146 2444
147 1269
148 2037
149 1545
150 1956
151 185
152 2098
153 2967
154 2711
155 1549
156 1859
157 204
158 183
159 159
160 775
161 1187
162 2330
163 1862
164 891
165 523
166 2111
167 717
168 849
169 2328
170 623
171 1396
172 811
173 2476
174 1149
175 2107
176 551
177 2422
178 496
179 2680
180 2485
181 774
182 338
183 2895
184 915
185 2350
186 1057
187 0
188 1493
189 1766
190 935
191 440
192 1306
193 1947
194 2706
195 1653
196 2633
197 2709
198 445
199 2872
200 2703
201 1839
202 1967
203 2199
204 2937
205 731
206 1998
207 485
208 2141
209 2231
210 2832
211 1791
212 953
213 1688
214 2849
215 1429
216 1964
217 187
218 570
219 2950
220 2697
221 1585
222 1976
223 386
224 1363
225 1620
226 1137
227 2221
228 1649
229 2472
230 1369
231 2204
232 2327
233 986
234 321
235 103
236 2473
237 2038
238 818
239 1043
240 1393
241 513
242 1739
243 2136
244 1018
245 1949
246 1064
247 2683
248 137
249 937
250 2994
251 1707
252 1836
253 590
254 1311
255 1260
256 2871
257 912
258 2386
259 3
260 2490
261 2461
262 2517
263 1154
264 2700
265 468
266 138
267 1795
268 13
269 893
270 2682
271 773
272 1734
273 2553
274 641
275 700
276 1262
277 105
278 1588
279 569
280 745
281 906
282 322
283 663
284 2521
285 1147
286 1719
287 946
288 1771
289 934
290 2930
291 1083
292 457
293 1489
294 1872
295 1025
296 1539
297 544
298 1125
299 527
300 2715
301 2572
302 2720
303 1474
304 1527
305 1027
306 241
307 462
308 2073
309 827
310 2004
311 2891
312 888
313 106
314 2773
315 1030
316 2376
317 576
318 1016
319 1890
320 2915
321 1435
322 551
323 2050
324 1664
325 472
326 2418
327 1385
328 2054
329 1787
330 2855
331 2671
332 2387
333 2144
334 1656
335 1795
336 2954
337 2341
338 2799
339 1461
340 1403
341 1905
342 873
343 1767
344 460
345 1471
346 575
347 2314
348 2072
349 2601
350 2993
351 982
352 966
353 2779
354 467
355 1029
356 1237
357 2797
358 2133
359 1190
360 2222
361 2174
362 284
363 1563
364 1213
365 512
366 17
367 1835
368 2708
369 340
370 549
371 385
372 301
373 2825
374 560
375 995
376 2764
377 1606
378 1436
379 2864
380 2236
381 1276
382 971
383 305
384 86
385 1619
386 147
387 1091
388 2581
389 2685
390 2258
391 454
392 315
393 1669
394 924
395 2237
396 336
397 2826
398 908
399 1985
400 255
401 1357
402 2320
403 250
404 2135
405 2051
406 587
407 1473
408 2442
409 1973
410 1333
411 2337
412 1062
413 1522
414 87
415 2137
416 2301
417 1994
418 950
419 703
420 2369
421 1429
422 1010
423 860
424 2905
425 843
426 756
427 2351
428 1573
429 1720
430 259
431 548
432 2773
433 617
434 1839
435 1980
436 2115
437 820
438 1716
439 632
440 662
441 2064
442 165
443 1413
444 2622
445 2125
446 2295
447 813
448 2869
449 1575
450 69
451 2447
452 935
453 840
454 1257
455 1831
456 1938
457 657
458 723
459 1502
460 2233
461 1555
462 2218
463 2851
464 130
465 515
466 2718
467 946
468 276
469 2299
470 1000
471 2163
472 1153
473 1563
474 2220
475 1523
476 95
477 1664
478 1038
479 2956
480 118
481 505
482 2605
483 2370
484 2231
485 19
486 1779
487 484
488 880
489 640
490 999
491 2215
492 2061
493 2132
494 2722
495 430
496 1248
497 1308
498 858
499 834
500 685
501 2224
502 1109
503 2875
504 48
505 1834
506 966
507 815
508 887
509 746
510 510
511 2470
512 2824
513 224
514 2399
515 1891
516 1864
517 1732
518 853
519 1464
520 251
521 1397
522 576
523 2627
524 257
525 2256
526 1031
527 1436
528 967
529 770
530 333
531 2241
532 641
533 2790
534 2106
535 2504
536 2033
537 2116
538 345
539 551
540 2841
541 440
542 2108
543 524
544 1097
545 979
546 344
547 1171
548 357
549 460
550 494
551 2601
552 2941
553 595
554 1445
555 10
556 2407
557 204
558 355
559 2769
560 1443
561 2444
562 361
563 185
564 675
565 2337
566 2867
567 996
568 2201
569 2767
570 1210
571 488
572 104
573 1622
574 1750
575 247
576 32
577 827
578 1152
579 1397
580 78
581 1743
582 880
583 1203
584 1642
585 2568
586 173
587 1759
588 2185
589 2814
590 209
591 1122
592 2217
593 2684
594 2713
595 10
596 2846
597 1857
598 20
599 2190
600 1252
601 1873
602 1316
603 1013
604 14
605 2419
606 493
607 1981
608 2996
609 2116
610 345
611 505
612 2967
613 1545
614 61
615 811
616 2252
617 1863
618 1265
619 2461
620 1232
621 220
622 2259
623 574
624 2510
625 2858
626 2844
627 1984
628 106
629 2562
630 2720
631 517
632 2062
633 286
634 768
635 788
636 2466
637 2110
638 2308
639 2040
640 2973
641 1938
642 2202
643 1420
644 37
645 2277
646 2765
647 439
648 10

