695 1
0 703
1 2363
2 567
3 2405
4 704
5 1100
6 321
7 278
8 793
9 1835
10 1921
11 382
12 1543
13 2421
14 102
15 293
16 2549
17 1831
18 2113
19 2292
20 1832
21 986
22 2774
23 280
24 1693
25 1710
26 1668
27 937
28 2607
29 991
30 1310
31 2483
32 2553
33 1779
34 1205
35 1680
36 641
37 2377
38 2757
39 1791
40 888
41 1294
42 1075
43 1871
44 1787
45 443
46 857
47 1180
48 557
49 814
50 477
51 2331
52 820
53 2847
54 539
55 2151
56 1003
57 46
58 2385
59 817
60 2310
61 313
62 2311
63 2842
64 103
65 2232
66 1423
67 645
68 235
69 513
70 1083
71 181
72 2320
73 430
74 2275
75 2276
76 2449
77 2132
78 22
79 2199
80 2663
81 1801
82 1509
83 1168
84 2204
85 2987
86 2584
87 2398
88 1006
89 1374
90 2827
91 2248
92 165
93 1557
94 216
95 1752
96 1082
97 1505
98 1431
99 49
100 1574
101 1031
102 1460
103 270
104 388
105 1326
106 587
107 1352
108 374
109 320
110 329
111 1298
112 296
113 2216
114 376
115 2138
116 2957
117 125
118 114
119 2155
120 2131
121 1477
122 1659
123 172
124 1802
125 2842
126 2917
127 2993
128 855
129 130
130 863
131 2645
132 478
133 199
134 859
135 630
136 2379
137 1167
138 1811
139 2249
140 2330
141 1400
142 409
143 1332
144 645
145 2309
146 1279
147 1278
148 2068
149 2892
150 708
151 2245
152 2545
153 118
154 1232
155 131
156 2678
157 1639
158 733
159 2880
160 352
161 1370
162 1829
163 249
164 2785
165 2819
166 719
167 2061
168 886
169 2598
170 513
171 2508
172 1644
173 2017
174 2800
175 918
176 1003
177 648
178 1318
179 1923
180 2530
181 802
182 2922
183 678
184 833
185 1069
186 419
187 869
188 620
189 290
190 1569
191 2999
192 476
193 2572
194 2175
195 1055
196 2674
197 322
198 502
199 940
200 1277
201 1744
202 1790
203 2087
204 1453
205 911
206 2570
207 1974
208 2022
209 1793
210 734
211 2824
212 1108
213 1818
214 1388
215 801
216 438
217 1588
218 1115
219 875
220 569
221 1480
222 2534
223 2587
224 1275
225 1572
226 1973
227 1673
228 1278
229 2951
230 2630
231 2673
232 2361
233 1091
234 443
235 1172
236 626
237 1790
238 34
239 2698
240 1959
241 1083
242 1102
243 2243
244 424
245 2336
246 512
247 1182
248 333
249 172
250 2808
251 1067
252 1973
253 89
254 1877
255 209
256 155
257 411
258 551
259 576
260 1011
261 604
262 53
263 1483
264 1806
265 2829
266 1656
267 2257
268 2104
269 1571
270 1142
271 2109
272 510
273 1969
274 256
275 2711
276 475
277 64
278 2082
279 1246
280 2785
281 2725
282 830
283 611
284 2533
285 204
286 584
287 890
288 1071
289 2226
290 242
291 1326
292 2554
293 2365
294 2501
295 1180
296 1828
297 2076
298 2205
299 1895
300 2581
301 751
302 2225
303 172
304 1885
305 1013
306 2188
307 23
308 2368
309 184
310 1062
311 2836
312 2805
313 1314
314 177
315 1781
316 152
317 1381
318 1010
319 1177
320 2747
321 2289
322 2558
323 18
324 2215
325 483
326 2937
327 788
328 1466
329 2448
330 2752
331 1786
332 679
333 1440
334 1304
335 2049
336 964
337 1543
338 2716
339 273
340 1643
341 1027
342 2623
343 2249
344 2832
345 2525
346 596
347 1274
348 1131
349 524
350 84
351 949
352 2796
353 2241
354 2241
355 569
356 2576
357 2757
358 584
359 933
360 2455
361 840
362 2155
363 206
364 286
365 1528
366 2445
367 729
368 2095
369 1613
370 447
371 2007
372 2383
373 688
374 2966
375 1043
376 1020
377 1417
378 340
379 1785
380 2779
381 90
382 420
383 2021
384 1017
385 1333
386 1791
387 1352
388 1273
389 1363
390 1893
391 2181
392 1633
393 2956
394 1040
395 929
396 1982
397 1754
398 1662
399 2525
400 2997
401 1559
402 2881
403 2526
404 2476
405 2641
406 2515
407 1698
408 957
409 68
410 160
411 534
412 146
413 2915
414 528
415 2648
416 393
417 1061
418 698
419 2159
420 1965
421 633
422 222
423 1406
424 2149
425 1922
426 52
427 1682
428 1480
429 1795
430 1667
431 255
432 1687
433 2041
434 2110
435 1109
436 2657
437 2029
438 906
439 2529
440 1338
441 29
442 2672
443 113
444 849
445 2631
446 888
447 724
448 2438
449 1933
450 2147
451 1453
452 1039
453 876
454 2591
455 2017
456 2411
457 755
458 1096
459 1192
460 294
461 1995
462 1345
463 2771
464 2747
465 560
466 1776
467 1720
468 718
469 350
470 1911
471 1970
472 430
473 398
474 2922
475 733
476 2640
477 525
478 767
479 514
480 1454
481 1362
482 619
483 1696
484 2171
485 1222
486 773
487 1429
488 1931
489 852
490 2580
491 1114
492 2393
493 1030
494 343
495 1591
496 684
497 884
498 1101
499 2751
500 658
501 2548
502 2869
503 647
504 2668
505 2025
506 1425
507 2654
508 1628
509 2787
510 775
511 6
512 2212
513 2384
514 643
515 2597
516 631
517 1817
518 1871
519 2355
520 440
521 1041
522 504
523 2394
524 91
525 2693
526 869
527 1624
528 1254
529 2368
530 1048
531 1627
532 1375
533 2135
534 593
535 2058
536 339
537 2343
538 2595
539 1225
540 2545
541 189
542 573
543 373
544 108
545 1996
546 377
547 2995
548 1573
549 625
550 905
551 2750
552 1330
553 1519
554 412
555 2202
556 1104
557 2849
558 475
559 2301
560 682
561 2060
562 2461
563 2149
564 2892
565 2131
566 2256
567 608
568 217
569 163
570 1523
571 2215
572 226
573 686
574 2347
575 389
576 217
577 162
578 973
579 1626
580 2899
581 2969
582 1407
583 398
584 216
585 628
586 443
587 822
588 1721
589 2173
590 2267
591 2333
592 2504
593 1030
594 777
595 441
596 2407
597 1969
598 1167
599 2617
600 145
601 2690
602 635
603 1170
604 1284
605 1013
606 2436
607 1700
608 2474
609 500
610 1300
611 1634
612 973
613 702
614 1105
615 1950
616 551
617 2421
618 342
619 737
620 543
621 1921
622 1825
623 1892
624 392
625 132
626 964
627 482
628 1567
629 448
630 2621
631 1349
632 866
633 668
634 2022
635 454
636 1594
637 1541
638 1471
639 69
640 2830
641 2437
642 2048
643 1728
644 141
645 1775
646 1172
647 811
648 2625
649 1902
650 646
651 1752
652 2893
653 524
654 1940
655 1127
656 2219
657 1922
658 1472
659 2096
660 1986
661 645
662 194
663 1949
664 2584
665 563
666 1168
667 1107
668 1354
669 752
670 479
671 2312
672 297
673 1923
674 2618
675 404
676 1304
677 1064
678 2048
679 619
680 801
681 1911
682 580
683 58
684 876
685 2136
686 196
687 79
688 883
689 519
690 1366
691 18
692 2758
693 2370
694 2238

