200 81
0 309
1 2788
2 1692
3 297
4 2567
5 2895
6 2619
7 922
8 811
9 1511
10 113
11 791
12 1565
13 2255
14 452
15 1063
16 1845
17 199
18 2062
19 977
20 157
21 2968
22 1265
23 1069
24 1526
25 1293
26 802
27 598
28 1425
29 2164
30 1297
31 1161
32 1832
33 652
34 2073
35 2274
36 1694
37 2390
38 1306
39 1495
40 2144
41 2625
42 908
43 2465
44 526
45 683
46 1309
47 789
48 2516
49 1104
50 183
51 2369
52 661
53 1926
54 514
55 1168
56 1521
57 2213
58 165
59 1960
60 2324
61 1683
62 1335
63 125
64 1565
65 2820
66 191
67 2685
68 411
69 2590
70 2739
71 1585
72 2763
73 2189
74 2993
75 758
76 1055
77 787
78 1669
79 2487
80 238
81 838
82 483
83 983
84 617
85 487
86 477
87 934
88 2972
89 466
90 681
91 1221
92 2910
93 1169
94 258
95 2231
96 2729
97 610
98 2264
99 1877
100 2320
101 122
102 231
103 2032
104 2165
105 325
106 1492
107 2650
108 2596
109 2330
110 585
111 445
112 2534
113 2318
114 2565
115 1506
116 302
117 2348
118 1567
119 2694
120 920
121 1970
122 432
123 2942
124 1145
125 669
126 156
127 1826
128 1718
129 2873
130 758
131 848
132 2477
133 355
134 397
135 1002
136 1681
137 1279
138 787
139 872
140 242
141 2594
142 2401
143 663
144 441
145 101
146 846
147 587
148 2795
149 314
150 2126
151 1021
152 166
153 2424
154 1013
155 2500
156 357
157 436
158 711
159 1471
160 734
161 1696
162 599
163 2055
164 2074
165 944
166 514
167 203
168 782
169 2585
170 1866
171 1068
172 1593
173 827
174 71
175 2737
176 2069
177 369
178 2318
179 835
180 1267
181 1120
182 1098
183 1115
184 2041
185 185
186 1021
187 2270
188 2801
189 1399
190 2456
191 2675
192 1456
193 1316
194 1693
195 1418
196 1478
197 879
198 1711
199 974

