466 24
0 1326
1 2023
2 2740
3 874
4 1054
5 1812
6 2554
7 2013
8 43
9 2656
10 1815
11 1692
12 317
13 1330
14 2319
15 332
16 2541
17 2215
18 2211
19 2220
20 1443
21 952
22 1247
23 2231
24 789
25 1396
26 1715
27 856
28 1495
29 886
30 630
31 437
32 2746
33 395
34 2743
35 2457
36 1973
37 716
38 2215
39 1466
40 1357
41 469
42 609
43 926
44 2272
45 1912
46 89
47 2216
48 113
49 1247
50 2468
51 797
52 2392
53 381
54 308
55 2172
56 1239
57 1035
58 2853
59 1505
60 2969
61 883
62 1908
63 1807
64 1440
65 810
66 1616
67 815
68 2590
69 0
70 2627
71 2411
72 1378
73 258
74 1540
75 2274
76 563
77 2873
78 1278
79 2250
80 1231
81 1244
82 100
83 2583
84 2321
85 2517
86 115
87 990
88 2361
89 932
90 1353
91 184
92 330
93 804
94 202
95 1912
96 1761
97 2514
98 553
99 1508
100 417
101 760
102 733
103 2270
104 1286
105 95
106 1956
107 878
108 60
109 1764
110 418
111 309
112 574
113 1668
114 1978
115 2716
116 108
117 2467
118 2093
119 1903
120 271
121 1770
122 2268
123 1683
124 1114
125 388
126 1979
127 1383
128 907
129 1156
130 2562
131 594
132 1444
133 1865
134 801
135 569
136 2172
137 270
138 1479
139 323
140 2899
141 570
142 2358
143 1799
144 1643
145 369
146 1018
147 1155
148 1779
149 2888
150 1544
151 411
152 2138
153 1329
154 2031
155 811
156 1310
157 245
158 1616
159 983
160 892
161 671
162 1443
163 948
164 1604
165 2675
166 838
167 1507
168 2532
169 102
170 394
171 1694
172 1471
173 603
174 41
175 1669
176 288
177 1064
178 1914
179 140
180 2586
181 2746
182 64
183 1773
184 1674
185 794
186 815
187 350
188 209
189 1845
190 2385
191 1525
192 76
193 843
194 1172
195 1895
196 2183
197 477
198 1522
199 749
200 29
201 928
202 2202
203 2336
204 1674
205 596
206 2845
207 841
208 2843
209 2528
210 644
211 1460
212 1383
213 343
214 707
215 583
216 2535
217 2298
218 2349
219 877
220 1571
221 1131
222 594
223 2060
224 2202
225 540
226 1807
227 2856
228 2747
229 1398
230 1989
231 2032
232 708
233 1880
234 234
235 942
236 2704
237 2933
238 794
239 557
240 2009
241 98
242 2697
243 2171
244 2974
245 1487
246 91
247 168
248 698
249 2192
250 2043
251 1310
252 1817
253 1021
254 2520
255 378
256 2643
257 2070
258 2516
259 36
260 1783
261 2308
262 655
263 2648
264 2339
265 2121
266 2663
267 761
268 541
269 998
270 2062
271 2529
272 947
273 271
274 1454
275 2120
276 948
277 1232
278 896
279 1187
280 2263
281 1519
282 2745
283 1979
284 2280
285 1743
286 473
287 2238
288 2931
289 943
290 519
291 1533
292 2307
293 2771
294 2097
295 989
296 2851
297 2774
298 2690
299 1981
300 658
301 1158
302 445
303 1719
304 1735
305 2467
306 2075
307 1565
308 751
309 552
310 368
311 1454
312 53
313 253
314 2337
315 1786
316 234
317 957
318 2978
319 795
320 335
321 1260
322 330
323 2341
324 1975
325 23
326 123
327 1991
328 1342
329 2162
330 778
331 2771
332 1291
333 1587
334 162
335 2075
336 718
337 1542
338 2995
339 1928
340 1448
341 1331
342 800
343 1373
344 1080
345 2869
346 2125
347 1065
348 2190
349 353
350 123
351 2082
352 2690
353 323
354 825
355 2221
356 2689
357 496
358 1980
359 2094
360 297
361 960
362 18
363 1345
364 1682
365 522
366 929
367 68
368 93
369 2653
370 2596
371 2415
372 523
373 1176
374 2078
375 824
376 2419
377 679
378 2718
379 2427
380 2652
381 2933
382 673
383 83
384 1493
385 1873
386 2723
387 946
388 2148
389 864
390 1154
391 2266
392 745
393 1429
394 914
395 1465
396 917
397 360
398 353
399 1431
400 2427
401 1492
402 1688
403 2754
404 584
405 1136
406 1188
407 2868
408 595
409 707
410 856
411 2651
412 1723
413 244
414 2803
415 2048
416 2355
417 509
418 493
419 509
420 2614
421 2430
422 1785
423 2705
424 2119
425 2186
426 126
427 2063
428 421
429 2462
430 2234
431 1795
432 1685
433 684
434 2929
435 2797
436 31
437 1147
438 2822
439 1190
440 1170
441 966
442 2438
443 1081
444 2275
445 2566
446 735
447 1035
448 2733
449 2326
450 1263
451 2793
452 1737
453 1399
454 2455
455 2074
456 1315
457 2698
458 431
459 1176
460 969
461 2515
462 58
463 2690
464 2032
465 2664

