793 83
0 1230
1 934
2 2127
3 903
4 1603
5 343
6 771
7 229
8 353
9 445
10 2703
11 77
12 1297
13 2292
14 37
15 1516
16 2855
17 2570
18 2697
19 2289
20 491
21 546
22 103
23 726
24 954
25 1518
26 1124
27 1679
28 2939
29 777
30 2977
31 1136
32 1334
33 1735
34 82
35 63
36 2417
37 2958
38 1364
39 2003
40 2797
41 2244
42 949
43 2335
44 98
45 993
46 92
47 2084
48 1173
49 2515
50 2504
51 1724
52 1864
53 2637
54 1716
55 1519
56 1878
57 2192
58 1739
59 1273
60 1026
61 2143
62 1506
63 2360
64 1472
65 1176
66 1315
67 2898
68 506
69 167
70 2995
71 1921
72 2248
73 375
74 422
75 849
76 1956
77 2962
78 684
79 37
80 2387
81 2551
82 1844
83 198
84 1931
85 993
86 1496
87 682
88 294
89 1939
90 318
91 1765
92 1257
93 2111
94 139
95 2313
96 166
97 195
98 2167
99 2576
100 2024
101 1639
102 1738
103 2885
104 1632
105 2934
106 1207
107 2921
108 2593
109 1680
110 311
111 1034
112 558
113 567
114 2807
115 1181
116 2951
117 2498
118 1522
119 1940
120 2012
121 1666
122 301
123 36
124 1818
125 1636
126 1030
127 1207
128 191
129 585
130 579
131 2762
132 2102
133 1306
134 2833
135 81
136 2393
137 1122
138 166
139 1319
140 1128
141 2156
142 1659
143 906
144 1772
145 2081
146 2496
147 592
148 2841
149 2319
150 397
151 2054
152 327
153 2490
154 2486
155 2034
156 71
157 2510
158 2026
159 262
160 1200
161 1145
162 840
163 1274
164 1319
165 2085
166 2379
167 247
168 2479
169 172
170 723
171 2979
172 1674
173 2452
174 484
175 1916
176 1683
177 2883
178 771
179 1817
180 2747
181 1977
182 9
183 2492
184 2180
185 2944
186 2053
187 1057
188 264
189 2319
190 1252
191 43
192 2421
193 1629
194 1727
195 2577
196 1605
197 1459
198 2148
199 2489
200 2161
201 2879
202 842
203 2952
204 504
205 2505
206 1903
207 1893
208 481
209 1168
210 54
211 2826
212 746
213 2320
214 2549
215 1044
216 1477
217 2310
218 1501
219 466
220 2615
221 2251
222 2553
223 1345
224 565
225 1939
226 694
227 86
228 1070
229 904
230 1612
231 1988
232 2510
233 59
234 2908
235 1464
236 2900
237 2349
238 2862
239 507
240 1498
241 1548
242 2771
243 1003
244 1492
245 2848
246 268
247 2108
248 801
249 1401
250 7
251 2004
252 2326
253 1696
254 2638
255 2488
256 68
257 407
258 1457
259 2432
260 122
261 1715
262 1120
263 971
264 2840
265 74
266 2666
267 2458
268 1141
269 2001
270 754
271 591
272 1004
273 2488
274 1600
275 2506
276 417
277 769
278 273
279 882
280 1749
281 1089
282 1510
283 71
284 304
285 669
286 106
287 2425
288 19
289 190
290 2946
291 2790
292 1601
293 1821
294 1027
295 2800
296 251
297 2777
298 1056
299 2970
300 904
301 1417
302 1905
303 1871
304 2278
305 2616
306 217
307 382
308 2862
309 2283
310 1136
311 2747
312 1565
313 2494
314 430
315 401
316 2356
317 2336
318 1104
319 2042
320 1470
321 940
322 625
323 2530
324 2367
325 2524
326 2929
327 13
328 2883
329 2609
330 1298
331 1202
332 31
333 254
334 1752
335 1820
336 2419
337 1108
338 1594
339 2707
340 456
341 2996
342 2065
343 393
344 2528
345 2551
346 1485
347 2220
348 2475
349 2524
350 83
351 1117
352 2060
353 2868
354 323
355 976
356 2488
357 2809
358 2495
359 2555
360 805
361 1807
362 394
363 2639
364 2031
365 2953
366 973
367 2303
368 2193
369 1691
370 847
371 2558
372 2937
373 280
374 1792
375 550
376 704
377 2147
378 1791
379 1238
380 2313
381 1924
382 967
383 1869
384 1371
385 643
386 1562
387 963
388 2830
389 2531
390 2268
391 82
392 2958
393 589
394 2280
395 123
396 588
397 914
398 1324
399 2464
400 1460
401 847
402 892
403 838
404 1702
405 1620
406 2603
407 918
408 2065
409 1805
410 1366
411 2360
412 228
413 1890
414 30
415 965
416 2169
417 1354
418 1200
419 628
420 2048
421 1018
422 1667
423 2306
424 1012
425 2965
426 2506
427 1892
428 336
429 1591
430 1774
431 535
432 1831
433 1761
434 458
435 1694
436 2893
437 1213
438 1689
439 299
440 1398
441 1600
442 1193
443 439
444 77
445 2295
446 1083
447 1082
448 229
449 1516
450 2128
451 1391
452 1713
453 17
454 1105
455 1773
456 16
457 2024
458 2500
459 188
460 1825
461 1492
462 427
463 1951
464 388
465 1287
466 1503
467 2509
468 2095
469 2500
470 2704
471 821
472 740
473 878
474 1585
475 2711
476 620
477 1698
478 2522
479 1683
480 2170
481 2473
482 2972
483 471
484 2780
485 2851
486 2774
487 1049
488 371
489 1612
490 648
491 1127
492 217
493 402
494 469
495 74
496 338
497 1683
498 988
499 2538
500 2733
501 157
502 1115
503 1870
504 1228
505 73
506 1268
507 2611
508 1206
509 618
510 726
511 620
512 1869
513 932
514 1536
515 2624
516 1049
517 1040
518 258
519 531
520 2311
521 120
522 1879
523 2233
524 1128
525 2207
526 2579
527 1889
528 2795
529 2754
530 698
531 2860
532 934
533 1461
534 2545
535 2471
536 2265
537 1060
538 2761
539 2682
540 2354
541 1504
542 2012
543 1880
544 1974
545 214
546 135
547 2422
548 2926
549 887
550 952
551 2942
552 2206
553 457
554 1261
555 1709
556 2488
557 2973
558 1095
559 1390
560 1234
561 814
562 1447
563 1929
564 438
565 2516
566 2926
567 2682
568 2250
569 559
570 2502
571 1047
572 2410
573 1760
574 183
575 407
576 239
577 655
578 1760
579 2941
580 523
581 1082
582 193
583 195
584 1867
585 2069
586 82
587 2084
588 113
589 1642
590 840
591 790
592 2242
593 1106
594 2887
595 2666
596 1140
597 2501
598 1979
599 2531
600 739
601 1784
602 57
603 2381
604 1095
605 2089
606 682
607 1423
608 2240
609 316
610 1968
611 222
612 2339
613 1059
614 852
615 56
616 2725
617 1628
618 1248
619 1251
620 2005
621 1975
622 2658
623 48
624 1336
625 2366
626 2841
627 931
628 1692
629 869
630 95
631 2763
632 52
633 2879
634 935
635 1656
636 1271
637 584
638 2552
639 2524
640 2001
641 2400
642 1183
643 1809
644 2372
645 336
646 363
647 148
648 1251
649 2930
650 1267
651 2804
652 862
653 1322
654 1975
655 540
656 667
657 487
658 2406
659 2561
660 2465
661 2524
662 1857
663 2502
664 2219
665 1118
666 1635
667 2903
668 2706
669 231
670 858
671 2232
672 1938
673 2324
674 3
675 1135
676 2996
677 2400
678 166
679 2003
680 2676
681 2448
682 2398
683 2738
684 1850
685 2306
686 1182
687 113
688 50
689 11
690 2845
691 2485
692 830
693 2285
694 1040
695 2651
696 1665
697 2541
698 1965
699 2759
700 2694
701 1188
702 1957
703 1668
704 706
705 1150
706 770
707 377
708 2688
709 33
710 2367
711 2990
712 2299
713 1136
714 2368
715 574
716 1636
717 682
718 2910
719 2918
720 406
721 818
722 2812
723 1144
724 1751
725 855
726 2405
727 1826
728 737
729 2320
730 257
731 1144
732 880
733 1552
734 423
735 790
736 787
737 511
738 885
739 423
740 1976
741 2407
742 345
743 1367
744 2534
745 2351
746 767
747 1682
748 2139
749 188
750 247
751 839
752 2262
753 1521
754 2848
755 2263
756 2833
757 263
758 649
759 1340
760 33
761 2513
762 2826
763 956
764 2708
765 98
766 2867
767 1871
768 2562
769 531
770 2532
771 2448
772 1006
773 1253
774 2729
775 39
776 2057
777 1335
778 661
779 2593
780 344
781 2535
782 2549
783 2285
784 1631
785 537
786 2061
787 1704
788 2151
789 2265
790 1383
791 2508
792 396

