796 27
0 1884
1 2238
2 454
3 1314
4 517
5 1867
6 62
7 1570
8 2416
9 2700
10 1014
11 2447
12 668
13 2321
14 2018
15 2889
16 1160
17 2599
18 2801
19 1768
20 1620
21 1352
22 2693
23 2220
24 2585
25 1234
26 2513
27 1600
28 2579
29 452
30 2758
31 2028
32 1850
33 1946
34 2638
35 1223
36 1597
37 2169
38 2277
39 2731
40 424
41 925
42 1193
43 375
44 2223
45 939
46 1974
47 2243
48 2350
49 831
50 2377
51 1913
52 843
53 1033
54 1969
55 1840
56 1623
57 262
58 585
59 706
60 375
61 1110
62 271
63 445
64 64
65 1634
66 2471
67 2506
68 535
69 1860
70 1465
71 2150
72 2397
73 1508
74 1251
75 381
76 1425
77 389
78 1113
79 1448
80 2859
81 838
82 152
83 2508
84 223
85 1766
86 1088
87 2954
88 350
89 2327
90 1721
91 1560
92 1780
93 393
94 2467
95 2245
96 2766
97 11
98 479
99 1336
100 2868
101 1748
102 1337
103 2774
104 1785
105 1672
106 614
107 1016
108 2890
109 1779
110 1910
111 240
112 2130
113 974
114 2672
115 1654
116 561
117 229
118 1732
119 1690
120 2693
121 444
122 1915
123 1128
124 821
125 2925
126 2890
127 162
128 1421
129 2708
130 1905
131 1416
132 1624
133 1984
134 391
135 576
136 442
137 2474
138 448
139 2985
140 238
141 1469
142 2446
143 2729
144 2138
145 1842
146 2464
147 1203
148 734
149 2466
150 1770
151 217
152 1780
153 2774
154 2909
155 1501
156 1029
157 2971
158 1562
159 2675
160 916
161 451
162 2891
163 2851
164 2921
165 1087
166 2149
167 215
168 2767
169 1164
170 1692
171 696
172 2388
173 2039
174 1004
175 1915
176 1476
177 612
178 283
179 2717
180 1378
181 2284
182 2550
183 104
184 1470
185 2408
186 1824
187 96
188 151
189 336
190 1552
191 2887
192 1033
193 1098
194 2541
195 2658
196 2144
197 967
198 2362
199 723
200 956
201 2214
202 621
203 2972
204 1001
205 2765
206 963
207 2523
208 2777
209 496
210 219
211 2846
212 896
213 189
214 1022
215 2043
216 2000
217 1933
218 1491
219 1569
220 1252
221 2827
222 2253
223 2463
224 2224
225 1931
226 1526
227 2567
228 1123
229 1463
230 2151
231 1385
232 1015
233 120
234 2186
235 2119
236 3000
237 1706
238 1855
239 1058
240 1896
241 1577
242 2680
243 917
244 1655
245 1444
246 918
247 2087
248 722
249 1612
250 1983
251 1036
252 22
253 2400
254 495
255 484
256 1938
257 2127
258 1796
259 1477
260 588
261 176
262 280
263 679
264 2998
265 2310
266 570
267 1655
268 76
269 24
270 277
271 655
272 1879
273 1105
274 2661
275 1287
276 1816
277 749
278 185
279 2630
280 479
281 1851
282 925
283 2993
284 2728
285 2336
286 1079
287 2163
288 826
289 2640
290 2125
291 360
292 2556
293 2878
294 1634
295 2375
296 572
297 279
298 1903
299 1001
300 2446
301 340
302 1831
303 121
304 832
305 1589
306 1528
307 2487
308 1270
309 78
310 2853
311 1829
312 683
313 345
314 2018
315 2403
316 684
317 35
318 1857
319 2955
320 1512
321 2749
322 441
323 1281
324 292
325 2353
326 1893
327 1952
328 1357
329 623
330 2360
331 753
332 2615
333 1428
334 1883
335 201
336 2329
337 2929
338 139
339 2638
340 1729
341 1024
342 218
343 2710
344 884
345 459
346 2250
347 1644
348 2840
349 472
350 1739
351 2836
352 2065
353 465
354 1555
355 2645
356 2615
357 1813
358 179
359 376
360 2096
361 175
362 1735
363 2246
364 1445
365 1343
366 2881
367 1882
368 1141
369 2244
370 1111
371 1309
372 33
373 1232
374 2856
375 1490
376 880
377 300
378 707
379 284
380 182
381 2832
382 1750
383 1649
384 1916
385 1008
386 1314
387 755
388 2267
389 173
390 2883
391 1318
392 1241
393 352
394 2093
395 1086
396 1017
397 1761
398 871
399 621
400 224
401 2864
402 564
403 2887
404 1465
405 1587
406 2754
407 346
408 537
409 2920
410 366
411 2665
412 1812
413 836
414 2400
415 1900
416 2121
417 1379
418 961
419 1056
420 1881
421 2872
422 1500
423 560
424 1004
425 1955
426 1351
427 1985
428 1120
429 1827
430 125
431 807
432 2819
433 251
434 2206
435 1507
436 1634
437 2844
438 65
439 548
440 1037
441 2550
442 1336
443 2259
444 1471
445 2622
446 1866
447 473
448 96
449 948
450 2015
451 972
452 2548
453 1743
454 1349
455 2990
456 886
457 2307
458 2864
459 2041
460 665
461 356
462 1339
463 2007
464 406
465 1130
466 721
467 1479
468 473
469 1054
470 1927
471 404
472 2307
473 712
474 2440
475 970
476 2306
477 1840
478 2671
479 861
480 2566
481 336
482 2477
483 1026
484 2570
485 1015
486 1872
487 256
488 1560
489 1160
490 1579
491 754
492 673
493 1219
494 2928
495 1230
496 609
497 506
498 1812
499 1550
500 1637
501 2086
502 1246
503 566
504 1083
505 403
506 4
507 1059
508 616
509 974
510 1986
511 1159
512 2868
513 504
514 1450
515 2787
516 342
517 1449
518 789
519 1700
520 2811
521 112
522 1355
523 2574
524 2998
525 1221
526 2038
527 8
528 1027
529 570
530 889
531 1614
532 2577
533 1478
534 2731
535 967
536 1800
537 925
538 2828
539 1675
540 2452
541 294
542 2710
543 1644
544 1546
545 798
546 2982
547 1854
548 394
549 944
550 2960
551 1882
552 2075
553 2175
554 818
555 2354
556 1461
557 674
558 1531
559 2411
560 1180
561 2634
562 2849
563 1053
564 993
565 2457
566 1564
567 1817
568 1126
569 959
570 713
571 1653
572 2087
573 302
574 1141
575 903
576 694
577 1799
578 167
579 538
580 1774
581 2510
582 912
583 2239
584 904
585 2881
586 2361
587 2392
588 358
589 1009
590 2502
591 1774
592 2767
593 2822
594 2454
595 1087
596 1265
597 1232
598 1674
599 561
600 256
601 950
602 968
603 2978
604 285
605 1004
606 127
607 2407
608 2749
609 502
610 121
611 2171
612 1904
613 507
614 494
615 953
616 1273
617 132
618 2747
619 2464
620 2864
621 2740
622 654
623 2196
624 1486
625 721
626 2981
627 2059
628 1777
629 328
630 463
631 995
632 2181
633 2637
634 2379
635 260
636 891
637 2248
638 1117
639 1375
640 345
641 1176
642 1544
643 488
644 1894
645 2060
646 2047
647 2960
648 2314
649 2137
650 2686
651 6
652 1146
653 2566
654 2524
655 891
656 2705
657 1260
658 237
659 1334
660 2406
661 1605
662 637
663 1988
664 589
665 1076
666 1085
667 778
668 449
669 1438
670 1873
671 2660
672 1573
673 2609
674 125
675 2165
676 1649
677 2777
678 624
679 2588
680 398
681 2875
682 1447
683 762
684 189
685 777
686 1159
687 177
688 249
689 2661
690 2752
691 1372
692 1323
693 2401
694 2574
695 274
696 1804
697 2674
698 272
699 2999
700 1644
701 2140
702 1461
703 837
704 862
705 1784
706 703
707 1490
708 1265
709 419
710 239
711 552
712 817
713 1175
714 2907
715 2740
716 60
717 1367
718 483
719 2677
720 2017
721 2523
722 151
723 682
724 2320
725 664
726 576
727 1164
728 2498
729 749
730 2293
731 86
732 1459
733 2610
734 2336
735 245
736 528
737 910
738 2863
739 838
740 1447
741 884
742 1693
743 2395
744 1408
745 2522
746 1754
747 1506
748 215
749 2846
750 1568
751 346
752 2755
753 2700
754 2927
755 914
756 823
757 2393
758 699
759 2673
760 871
761 2970
762 2753
763 2266
764 352
765 2513
766 466
767 1394
768 2461
769 608
770 1214
771 631
772 907
773 2868
774 1409
775 926
776 2119
777 2036
778 239
779 1324
780 2639
781 1434
782 1716
783 217
784 2505
785 659
786 2395
787 1547
788 2649
789 2441
790 2784
791 479
792 1539
793 755
794 855
795 801

