924 67
0 1835
1 531
2 2107
3 824
4 1283
5 151
6 1389
7 489
8 535
9 729
10 1435
11 1034
12 1444
13 2933
14 452
15 2035
16 855
17 2084
18 2785
19 643
20 1724
21 2670
22 74
23 753
24 738
25 1637
26 1633
27 167
28 1438
29 2498
30 2567
31 2757
32 2939
33 2939
34 730
35 1081
36 1474
37 76
38 1107
39 2651
40 417
41 257
42 143
43 824
44 1412
45 92
46 1172
47 1081
48 277
49 226
50 2463
51 638
52 2986
53 365
54 643
55 1574
56 2392
57 2918
58 95
59 2572
60 1669
61 2494
62 2752
63 2664
64 2985
65 2261
66 2518
67 1365
68 2729
69 1793
70 579
71 1463
72 2074
73 1434
74 955
75 973
76 56
77 425
78 1897
79 27
80 354
81 174
82 1978
83 1398
84 2217
85 549
86 1242
87 966
88 2152
89 1872
90 968
91 738
92 115
93 1521
94 1593
95 729
96 1597
97 192
98 1162
99 2352
100 2712
101 536
102 227
103 729
104 2109
105 2276
106 2619
107 680
108 640
109 2998
110 2761
111 1854
112 258
113 972
114 1407
115 310
116 829
117 198
118 1842
119 2869
120 464
121 929
122 775
123 769
124 1034
125 1479
126 1305
127 2725
128 2170
129 1052
130 1841
131 644
132 687
133 2645
134 119
135 2408
136 1074
137 1254
138 1656
139 1714
140 2886
141 2997
142 264
143 1471
144 2646
145 166
146 2535
147 815
148 1136
149 523
150 2148
151 55
152 2143
153 999
154 491
155 1602
156 672
157 1141
158 2763
159 2384
160 782
161 385
162 133
163 1425
164 599
165 1281
166 2486
167 2027
168 2643
169 1340
170 1149
171 1325
172 1120
173 2726
174 880
175 1923
176 1836
177 2085
178 2285
179 1317
180 983
181 2894
182 2451
183 637
184 1492
185 1330
186 2020
187 2588
188 125
189 1640
190 1424
191 865
192 2247
193 1203
194 1289
195 1330
196 1485
197 2908
198 2617
199 1919
200 2018
201 329
202 1803
203 1975
204 2448
205 1775
206 2333
207 2230
208 557
209 2854
210 1217
211 2866
212 1478
213 2430
214 2639
215 2293
216 1788
217 2485
218 346
219 1266
220 2063
221 622
222 100
223 2848
224 2984
225 949
226 239
227 926
228 989
229 2610
230 2658
231 633
232 926
233 2955
234 108
235 2767
236 2464
237 1565
238 450
239 471
240 2594
241 2606
242 2202
243 592
244 733
245 1562
246 2530
247 2450
248 185
249 2820
250 404
251 1354
252 826
253 2781
254 1418
255 2532
256 1114
257 1032
258 243
259 703
260 2902
261 2254
262 2869
263 2883
264 697
265 875
266 1618
267 75
268 920
269 1817
270 22
271 222
272 817
273 2247
274 2716
275 2119
276 894
277 2116
278 2041
279 119
280 2836
281 907
282 783
283 1060
284 2696
285 1065
286 1722
287 1764
288 395
289 2160
290 171
291 1448
292 1814
293 1639
294 607
295 2707
296 1806
297 1297
298 2947
299 1803
300 2069
301 525
302 2959
303 243
304 2520
305 621
306 1395
307 2184
308 622
309 427
310 1661
311 761
312 1421
313 1431
314 1843
315 2031
316 764
317 713
318 1166
319 2527
320 415
321 1875
322 999
323 32
324 289
325 136
326 128
327 700
328 2645
329 1559
330 2678
331 2763
332 2179
333 2928
334 82
335 359
336 1981
337 2537
338 1032
339 1571
340 572
341 2906
342 301
343 1041
344 1050
345 1809
346 500
347 1656
348 1150
349 2098
350 622
351 2447
352 2139
353 1898
354 865
355 2783
356 2141
357 2932
358 814
359 1452
360 2213
361 1155
362 562
363 2499
364 1881
365 915
366 213
367 2053
368 1886
369 1252
370 831
371 2511
372 2372
373 721
374 1964
375 1345
376 2988
377 361
378 411
379 2563
380 2155
381 2130
382 1764
383 1706
384 1056
385 2550
386 1100
387 1378
388 1586
389 1812
390 1619
391 2666
392 1630
393 1277
394 2011
395 2021
396 1543
397 959
398 2200
399 504
400 1326
401 1124
402 2724
403 913
404 1561
405 2745
406 1869
407 2437
408 1064
409 2519
410 1038
411 1234
412 1370
413 67
414 1962
415 1172
416 2124
417 557
418 300
419 206
420 1604
421 2100
422 1428
423 2172
424 1827
425 1654
426 2956
427 727
428 2546
429 548
430 916
431 2623
432 1541
433 1044
434 1897
435 2487
436 2410
437 1337
438 2864
439 387
440 2127
441 238
442 2531
443 1156
444 1366
445 2230
446 1375
447 2657
448 2716
449 29
450 347
451 486
452 52
453 483
454 2292
455 155
456 2633
457 113
458 504
459 764
460 1956
461 1618
462 2224
463 1698
464 856
465 81
466 1301
467 563
468 375
469 441
470 1535
471 157
472 12
473 135
474 521
475 819
476 2366
477 916
478 824
479 1025
480 2083
481 107
482 1412
483 1139
484 1206
485 1588
486 904
487 2432
488 2810
489 549
490 1925
491 2532
492 330
493 99
494 1062
495 2760
496 1141
497 2399
498 1467
499 1429
500 1954
501 2407
502 63
503 1997
504 1985
505 1880
506 2135
507 1871
508 894
509 2389
510 2116
511 2906
512 588
513 1513
514 2770
515 926
516 2837
517 1530
518 1255
519 2207
520 2754
521 101
522 1603
523 175
524 1854
525 1234
526 230
527 2734
528 462
529 91
530 2336
531 255
532 1029
533 190
534 671
535 294
536 1922
537 265
538 2021
539 1173
540 2280
541 2199
542 2537
543 1830
544 2352
545 2442
546 1409
547 40
548 1957
549 2807
550 2074
551 2903
552 854
553 2551
554 2160
555 1546
556 2425
557 367
558 190
559 41
560 1305
561 720
562 1322
563 1459
564 722
565 600
566 467
567 811
568 1138
569 1660
570 1930
571 2872
572 2533
573 1991
574 229
575 1833
576 1244
577 491
578 2969
579 936
580 840
581 982
582 634
583 1196
584 2389
585 1559
586 1505
587 2158
588 1344
589 1375
590 2950
591 682
592 2670
593 2813
594 169
595 2224
596 1368
597 2520
598 1583
599 1169
600 1969
601 2264
602 341
603 2499
604 259
605 2774
606 320
607 2306
608 2719
609 1025
610 2574
611 145
612 2701
613 2168
614 851
615 2072
616 753
617 769
618 386
619 449
620 2803
621 1482
622 2663
623 2054
624 2809
625 25
626 1108
627 2270
628 2923
629 784
630 1033
631 2039
632 578
633 2026
634 977
635 102
636 844
637 210
638 1542
639 1243
640 2230
641 1039
642 982
643 2294
644 1777
645 1069
646 53
647 1546
648 1999
649 1549
650 500
651 454
652 2689
653 1052
654 2549
655 2949
656 1623
657 915
658 269
659 741
660 288
661 922
662 2824
663 44
664 2795
665 985
666 121
667 2769
668 1016
669 2310
670 1168
671 2645
672 2227
673 743
674 546
675 2730
676 344
677 1284
678 1787
679 676
680 2270
681 2667
682 2922
683 1545
684 108
685 1850
686 1022
687 1224
688 495
689 850
690 1036
691 489
692 1933
693 2551
694 1724
695 2981
696 1910
697 1006
698 2064
699 998
700 785
701 1511
702 892
703 1325
704 172
705 2874
706 2130
707 2860
708 685
709 1133
710 2711
711 1487
712 2097
713 1070
714 812
715 2953
716 1178
717 1576
718 641
719 1835
720 2292
721 1673
722 318
723 2746
724 1678
725 1073
726 1680
727 1607
728 1868
729 826
730 1952
731 1624
732 54
733 898
734 2980
735 1020
736 2836
737 2963
738 1729
739 712
740 1031
741 883
742 145
743 2450
744 474
745 1323
746 818
747 1199
748 2200
749 46
750 2911
751 1077
752 1820
753 541
754 597
755 1447
756 617
757 279
758 229
759 574
760 1613
761 2955
762 749
763 1946
764 1430
765 386
766 2088
767 2572
768 998
769 2391
770 1492
771 2266
772 2651
773 1719
774 2071
775 1163
776 2472
777 1008
778 104
779 22
780 1660
781 2663
782 2640
783 365
784 1953
785 2276
786 1607
787 2715
788 1258
789 979
790 966
791 712
792 2973
793 1413
794 1397
795 1147
796 609
797 2871
798 1635
799 496
800 2123
801 2358
802 1031
803 263
804 2462
805 2857
806 2298
807 431
808 1174
809 1168
810 11
811 2391
812 2673
813 412
814 581
815 2692
816 2379
817 870
818 483
819 2482
820 1983
821 1822
822 1736
823 432
824 2982
825 2949
826 1670
827 1491
828 576
829 1514
830 867
831 1721
832 2213
833 2520
834 2762
835 1753
836 211
837 960
838 2649
839 2755
840 1802
841 694
842 248
843 36
844 306
845 1498
846 1135
847 794
848 398
849 2757
850 1856
851 2060
852 1910
853 2624
854 93
855 1501
856 316
857 442
858 1352
859 1442
860 1740
861 1311
862 2425
863 934
864 1160
865 1561
866 1228
867 1003
868 216
869 1765
870 172
871 1988
872 2253
873 1050
874 1222
875 2696
876 2222
877 233
878 1001
879 1837
880 1450
881 2718
882 1881
883 1527
884 2690
885 2072
886 1423
887 26
888 1058
889 1166
890 1198
891 2329
892 418
893 632
894 2449
895 1084
896 493
897 757
898 2647
899 1128
900 95
901 2061
902 2847
903 173
904 617
905 2232
906 2001
907 1414
908 1222
909 481
910 635
911 2575
912 1892
913 764
914 2342
915 2626
916 1313
917 2623
918 1840
919 982
920 1892
921 2724
922 106
923 1857

