325 26
0 2938
1 2576
2 458
3 1304
4 2914
5 804
6 2704
7 1324
8 615
9 2361
10 206
11 2388
12 1631
13 2275
14 1659
15 1197
16 1822
17 1042
18 1048
19 2619
20 2381
21 1524
22 1499
23 1087
24 2623
25 852
26 1982
27 745
28 2169
29 1871
30 249
31 2984
32 997
33 1705
34 1042
35 37
36 1909
37 1380
38 246
39 417
40 2241
41 1722
42 1337
43 171
44 824
45 581
46 2499
47 1305
48 316
49 2343
50 1568
51 3
52 925
53 497
54 2619
55 2955
56 113
57 1186
58 2997
59 2976
60 2593
61 2432
62 502
63 671
64 758
65 262
66 2678
67 2493
68 1919
69 1691
70 2990
71 2786
72 386
73 107
74 1864
75 377
76 550
77 1854
78 938
79 1663
80 2137
81 1559
82 898
83 2253
84 621
85 1745
86 778
87 1738
88 2985
89 487
90 460
91 1911
92 1175
93 2640
94 1537
95 309
96 1509
97 132
98 126
99 1020
100 822
101 292
102 955
103 2219
104 1656
105 1983
106 1490
107 1469
108 1284
109 2222
110 1463
111 1711
112 2188
113 1900
114 2278
115 89
116 45
117 915
118 667
119 2806
120 1720
121 2106
122 2478
123 1980
124 615
125 1760
126 1906
127 225
128 2612
129 2322
130 2052
131 1055
132 2074
133 1750
134 2015
135 2941
136 2997
137 410
138 2499
139 1559
140 1073
141 1133
142 1320
143 1041
144 27
145 2389
146 212
147 1747
148 2638
149 842
150 1421
151 1701
152 2922
153 416
154 2698
155 1765
156 529
157 888
158 2454
159 2297
160 1399
161 2404
162 289
163 229
164 1801
165 2189
166 2927
167 2424
168 1434
169 251
170 633
171 183
172 55
173 307
174 201
175 94
176 1561
177 2299
178 315
179 1131
180 314
181 2234
182 1304
183 1161
184 1975
185 896
186 1099
187 2882
188 646
189 2934
190 86
191 827
192 801
193 270
194 2804
195 2796
196 579
197 2268
198 56
199 2446
200 2343
201 427
202 1764
203 395
204 505
205 1600
206 2874
207 2119
208 1880
209 2737
210 2111
211 2009
212 2984
213 2176
214 2927
215 1219
216 11
217 1830
218 1753
219 2839
220 2336
221 226
222 2528
223 2798
224 1484
225 1563
226 802
227 2090
228 1342
229 1659
230 475
231 896
232 1718
233 1521
234 2413
235 2279
236 1006
237 207
238 1086
239 110
240 515
241 21
242 1744
243 1201
244 2621
245 2350
246 1602
247 124
248 1074
249 1098
250 210
251 173
252 1358
253 1460
254 2362
255 2082
256 1315
257 267
258 315
259 1898
260 1469
261 991
262 45
263 1728
264 380
265 8
266 905
267 2794
268 1584
269 397
270 2412
271 2003
272 1444
273 189
274 520
275 478
276 2427
277 959
278 2608
279 2632
280 316
281 1957
282 1482
283 1579
284 1527
285 1941
286 906
287 697
288 135
289 264
290 2916
291 880
292 1801
293 2366
294 201
295 2038
296 1270
297 1397
298 2888
299 2294
300 1943
301 1896
302 2692
303 752
304 1494
305 69
306 1400
307 841
308 618
309 791
310 1706
311 2960
312 1030
313 2958
314 1770
315 1293
316 2646
317 1501
318 2378
319 431
320 2767
321 124
322 1780
323 884
324 1113

