322 74
0 1318
1 925
2 1913
3 2535
4 602
5 2283
6 2678
7 2143
8 2689
9 2049
10 1984
11 2275
12 2397
13 967
14 2403
15 353
16 1278
17 455
18 1879
19 2759
20 780
21 2283
22 1785
23 2930
24 791
25 931
26 752
27 1328
28 2637
29 2186
30 866
31 2604
32 1468
33 1352
34 2814
35 359
36 2361
37 326
38 2129
39 1891
40 850
41 2811
42 2433
43 1543
44 985
45 1657
46 2899
47 1626
48 2929
49 2288
50 2174
51 993
52 0
53 2305
54 740
55 1302
56 2232
57 2412
58 409
59 1066
60 115
61 1521
62 1445
63 2038
64 1899
65 2714
66 2014
67 2328
68 1983
69 2144
70 155
71 1375
72 733
73 10
74 1707
75 473
76 2930
77 250
78 269
79 581
80 2246
81 2121
82 2349
83 1800
84 444
85 1697
86 2706
87 453
88 1658
89 857
90 385
91 348
92 529
93 1048
94 75
95 2557
96 1696
97 512
98 2822
99 30
100 2989
101 1594
102 1930
103 540
104 723
105 939
106 2261
107 364
108 235
109 289
110 1260
111 425
112 1587
113 2386
114 2860
115 2767
116 1562
117 2515
118 2759
119 2085
120 1568
121 1191
122 1621
123 1184
124 1384
125 1629
126 2521
127 1748
128 796
129 1678
130 1753
131 1141
132 2604
133 2703
134 2396
135 1098
136 2911
137 198
138 1445
139 1
140 1934
141 89
142 1489
143 858
144 52
145 918
146 1931
147 1395
148 2576
149 2608
150 1232
151 2981
152 2353
153 2672
154 2250
155 2181
156 2400
157 1511
158 519
159 1340
160 1463
161 2799
162 2519
163 2743
164 2153
165 1188
166 144
167 2719
168 831
169 1834
170 2991
171 1145
172 1965
173 275
174 91
175 2843
176 2281
177 2793
178 2529
179 1030
180 1486
181 1351
182 1521
183 939
184 499
185 89
186 2986
187 1558
188 888
189 1489
190 1956
191 120
192 2760
193 1157
194 550
195 2111
196 2157
197 2606
198 2627
199 822
200 975
201 2705
202 2989
203 2725
204 2103
205 2814
206 1253
207 629
208 1520
209 520
210 300
211 657
212 2929
213 2480
214 1139
215 1993
216 2537
217 1059
218 2509
219 2501
220 2284
221 180
222 1308
223 2705
224 1804
225 2560
226 708
227 2365
228 94
229 1430
230 484
231 2540
232 2057
233 2675
234 126
235 1495
236 1631
237 2373
238 2238
239 2172
240 1043
241 2140
242 684
243 2152
244 819
245 225
246 2438
247 916
248 658
249 1254
250 2667
251 65
252 2863
253 294
254 63
255 1544
256 1605
257 2757
258 2742
259 2804
260 2177
261 2677
262 2846
263 2519
264 916
265 1709
266 1210
267 785
268 1104
269 2119
270 1928
271 2919
272 136
273 887
274 779
275 1039
276 2461
277 2091
278 1663
279 2086
280 465
281 2542
282 506
283 1978
284 1355
285 2237
286 1157
287 1800
288 1826
289 1551
290 369
291 865
292 964
293 2017
294 1386
295 2328
296 1274
297 173
298 1748
299 802
300 499
301 1728
302 743
303 707
304 2491
305 812
306 2358
307 2238
308 1360
309 2692
310 1834
311 514
312 2932
313 1040
314 544
315 541
316 982
317 1936
318 1275
319 1607
320 996
321 360

