455 89
0 1982
1 2423
2 2049
3 1684
4 2824
5 534
6 2176
7 2232
8 1067
9 2820
10 2981
11 166
12 2234
13 1590
14 1536
15 1744
16 2566
17 1812
18 391
19 1738
20 648
21 17
22 1658
23 1587
24 1770
25 2170
26 749
27 1484
28 889
29 259
30 2255
31 2415
32 168
33 1809
34 1465
35 2763
36 647
37 711
38 1661
39 783
40 749
41 2388
42 1079
43 2258
44 2557
45 1864
46 2555
47 1834
48 2980
49 777
50 2210
51 1363
52 117
53 2355
54 712
55 1720
56 492
57 1029
58 314
59 1760
60 1840
61 2575
62 996
63 192
64 574
65 1159
66 1566
67 1137
68 2350
69 1274
70 2672
71 1130
72 1129
73 1588
74 2749
75 888
76 1577
77 2317
78 364
79 1037
80 2390
81 479
82 1286
83 757
84 171
85 1547
86 1243
87 1725
88 975
89 2858
90 1039
91 2062
92 2330
93 1117
94 2132
95 663
96 2643
97 786
98 2066
99 776
100 2775
101 257
102 1762
103 1496
104 2127
105 2313
106 913
107 1521
108 943
109 2598
110 471
111 992
112 739
113 2622
114 423
115 2771
116 2546
117 186
118 2027
119 239
120 779
121 2123
122 2636
123 2663
124 2882
125 1051
126 321
127 2334
128 2235
129 844
130 2669
131 1257
132 2330
133 867
134 2067
135 1981
136 447
137 1242
138 2862
139 2532
140 38
141 2719
142 1260
143 2102
144 899
145 1494
146 2167
147 953
148 665
149 1244
150 2723
151 2666
152 864
153 1281
154 2609
155 2059
156 880
157 1157
158 2609
159 2391
160 1076
161 1301
162 434
163 3000
164 851
165 323
166 2558
167 535
168 1555
169 2955
170 2028
171 525
172 154
173 1318
174 727
175 574
176 852
177 719
178 2815
179 1823
180 1227
181 1716
182 1285
183 741
184 338
185 566
186 1019
187 2795
188 1745
189 134
190 1725
191 1319
192 600
193 2813
194 2999
195 126
196 1392
197 697
198 2375
199 2861
200 2054
201 1568
202 1979
203 709
204 599
205 2046
206 2550
207 2092
208 487
209 2888
210 253
211 2046
212 406
213 887
214 1129
215 2920
216 172
217 668
218 2969
219 845
220 1444
221 1634
222 1516
223 295
224 1853
225 522
226 2466
227 1596
228 190
229 2896
230 2186
231 2417
232 554
233 245
234 1574
235 721
236 2505
237 607
238 2899
239 1532
240 1724
241 817
242 1638
243 2655
244 1942
245 1629
246 1153
247 1674
248 116
249 2729
250 1746
251 2898
252 1817
253 1194
254 80
255 1588
256 1925
257 1054
258 62
259 2322
260 2441
261 1453
262 808
263 2046
264 2583
265 777
266 1983
267 1610
268 795
269 2493
270 2513
271 993
272 961
273 2672
274 2781
275 2991
276 1887
277 2229
278 503
279 1314
280 581
281 2934
282 2625
283 2184
284 2681
285 2264
286 2519
287 2253
288 1445
289 1353
290 1711
291 100
292 2619
293 1527
294 1730
295 2790
296 775
297 67
298 381
299 1251
300 950
301 2726
302 1734
303 1756
304 2634
305 1531
306 1719
307 506
308 2988
309 1642
310 935
311 1275
312 2441
313 106
314 2149
315 1632
316 1758
317 68
318 2105
319 2099
320 2408
321 129
322 2739
323 1963
324 2291
325 779
326 2753
327 2583
328 289
329 1511
330 2493
331 2882
332 947
333 286
334 613
335 1368
336 1025
337 2049
338 1507
339 2649
340 735
341 1599
342 1501
343 1070
344 1554
345 1169
346 2160
347 1689
348 1196
349 744
350 65
351 920
352 2394
353 1057
354 1837
355 1443
356 296
357 2433
358 1003
359 1744
360 2130
361 2565
362 2794
363 999
364 1807
365 2385
366 648
367 2142
368 2649
369 1366
370 1287
371 2301
372 2549
373 919
374 1814
375 1797
376 850
377 20
378 2410
379 148
380 2237
381 2965
382 2417
383 338
384 2838
385 2715
386 2237
387 2822
388 1287
389 61
390 1909
391 1894
392 1362
393 2634
394 1074
395 1321
396 2465
397 1424
398 2979
399 1249
400 2248
401 2977
402 821
403 2758
404 1324
405 115
406 852
407 788
408 2785
409 1595
410 637
411 1862
412 2243
413 303
414 956
415 977
416 226
417 2335
418 2897
419 2549
420 573
421 587
422 447
423 2009
424 2233
425 2048
426 2401
427 2192
428 1548
429 1935
430 1501
431 2158
432 2468
433 842
434 2285
435 951
436 1034
437 1522
438 1056
439 2947
440 1200
441 2580
442 1930
443 2694
444 2237
445 489
446 183
447 935
448 2931
449 2533
450 2624
451 210
452 1994
453 2635
454 1952

