328 60
0 684
1 748
2 2982
3 1060
4 2123
5 2846
6 1072
7 1777
8 2910
9 972
10 1929
11 623
12 2811
13 697
14 665
15 225
16 2671
17 1320
18 1754
19 1627
20 2506
21 1883
22 89
23 2648
24 800
25 1528
26 2494
27 1816
28 44
29 127
30 1517
31 1668
32 588
33 1361
34 2505
35 1397
36 1502
37 536
38 783
39 2846
40 1006
41 2832
42 497
43 598
44 1894
45 2928
46 2315
47 1976
48 2535
49 939
50 1596
51 2128
52 136
53 835
54 1456
55 1102
56 194
57 359
58 869
59 2280
60 147
61 1248
62 1779
63 2003
64 2006
65 2202
66 1316
67 1691
68 514
69 2654
70 2282
71 2669
72 639
73 1104
74 928
75 413
76 2595
77 1284
78 776
79 1215
80 1065
81 162
82 1368
83 1661
84 373
85 1327
86 972
87 916
88 2224
89 1704
90 692
91 1288
92 2118
93 2452
94 963
95 1496
96 497
97 952
98 1831
99 1881
100 232
101 2825
102 911
103 2186
104 2424
105 2740
106 2298
107 2691
108 1571
109 643
110 1824
111 951
112 2210
113 2039
114 1911
115 564
116 1752
117 102
118 2751
119 2544
120 181
121 2965
122 2451
123 2402
124 2517
125 1897
126 1612
127 2011
128 261
129 2224
130 495
131 2718
132 596
133 373
134 1372
135 2444
136 1797
137 114
138 481
139 1140
140 1215
141 1256
142 2060
143 2881
144 2764
145 2546
146 2247
147 2484
148 1387
149 2399
150 2098
151 1072
152 2270
153 2212
154 2192
155 2383
156 182
157 2416
158 916
159 866
160 1771
161 21
162 1571
163 2811
164 1571
165 2892
166 525
167 837
168 439
169 803
170 1853
171 2573
172 2127
173 202
174 2699
175 2782
176 599
177 2100
178 1154
179 2301
180 1436
181 2193
182 2725
183 2773
184 2576
185 249
186 746
187 2584
188 2721
189 1878
190 2013
191 364
192 1060
193 1119
194 2472
195 2567
196 2420
197 997
198 1475
199 2155
200 544
201 2043
202 2091
203 1004
204 1341
205 893
206 1883
207 1304
208 617
209 1852
210 2010
211 2381
212 2751
213 924
214 2974
215 77
216 1851
217 216
218 1503
219 2402
220 2935
221 2538
222 1997
223 1108
224 2766
225 1857
226 1483
227 700
228 1791
229 4
230 2929
231 1914
232 1195
233 1902
234 719
235 2300
236 1968
237 1116
238 2283
239 2499
240 737
241 210
242 528
243 2868
244 825
245 2230
246 157
247 1728
248 1585
249 632
250 1617
251 1966
252 780
253 2005
254 1910
255 820
256 1504
257 936
258 2622
259 2340
260 370
261 1825
262 1441
263 2499
264 2114
265 2078
266 69
267 606
268 621
269 1468
270 924
271 1898
272 1583
273 2186
274 2528
275 1529
276 2224
277 413
278 826
279 1748
280 327
281 2931
282 1290
283 1071
284 2249
285 855
286 2911
287 803
288 844
289 1310
290 485
291 2867
292 385
293 1598
294 1042
295 2543
296 2089
297 2358
298 2373
299 2704
300 2724
301 2890
302 144
303 259
304 2317
305 738
306 2438
307 2458
308 3000
309 1196
310 419
311 1921
312 2427
313 2161
314 293
315 1959
316 907
317 207
318 2644
319 2604
320 2109
321 1350
322 1660
323 2794
324 916
325 929
326 712
327 1537

