434 8
0 2137
1 2581
2 1025
3 1951
4 221
5 708
6 2768
7 1091
8 1386
9 1315
10 2005
11 932
12 1747
13 321
14 2234
15 1871
16 1685
17 1323
18 2297
19 1836
20 2212
21 1721
22 2308
23 690
24 304
25 2421
26 2699
27 1141
28 1363
29 24
30 2454
31 2739
32 2313
33 1024
34 1889
35 2444
36 2639
37 391
38 962
39 1438
40 570
41 1358
42 1571
43 686
44 864
45 2558
46 637
47 914
48 1771
49 1915
50 16
51 2027
52 750
53 2522
54 1939
55 2983
56 1906
57 293
58 1141
59 1291
60 2979
61 2019
62 1382
63 923
64 1638
65 1434
66 2520
67 1457
68 631
69 2501
70 2527
71 2024
72 301
73 2839
74 2217
75 754
76 2961
77 759
78 2008
79 1603
80 2560
81 608
82 2646
83 2328
84 1796
85 1486
86 2579
87 2270
88 1409
89 665
90 2223
91 242
92 2840
93 686
94 795
95 1967
96 965
97 141
98 1212
99 2985
100 2683
101 534
102 2860
103 597
104 802
105 500
106 1017
107 1078
108 2359
109 1029
110 340
111 1873
112 310
113 1416
114 24
115 1631
116 1414
117 2297
118 1369
119 1922
120 114
121 1840
122 1191
123 2569
124 1081
125 2999
126 99
127 2146
128 330
129 1559
130 2921
131 1566
132 1013
133 2822
134 1362
135 1781
136 1482
137 1910
138 1294
139 2753
140 751
141 1602
142 2981
143 730
144 622
145 1836
146 397
147 833
148 658
149 878
150 2208
151 2523
152 1023
153 1321
154 2367
155 699
156 362
157 1340
158 2060
159 1969
160 613
161 791
162 15
163 2633
164 513
165 62
166 868
167 501
168 178
169 2300
170 29
171 1240
172 666
173 2861
174 1578
175 2467
176 2312
177 2870
178 2871
179 705
180 1487
181 2971
182 2851
183 1227
184 1873
185 996
186 316
187 2531
188 827
189 2957
190 1994
191 306
192 1407
193 972
194 207
195 2306
196 2735
197 2469
198 1068
199 129
200 656
201 2437
202 1798
203 1238
204 2347
205 610
206 2224
207 95
208 1744
209 2916
210 1563
211 1538
212 1494
213 2062
214 1908
215 96
216 1606
217 307
218 323
219 916
220 2778
221 2940
222 784
223 1793
224 214
225 2464
226 2721
227 1712
228 2006
229 2194
230 640
231 304
232 1439
233 23
234 1028
235 1674
236 23
237 2129
238 2898
239 298
240 2720
241 2231
242 2771
243 2427
244 334
245 2687
246 2537
247 2845
248 2212
249 2462
250 1907
251 2328
252 2704
253 1297
254 1229
255 128
256 2854
257 117
258 1342
259 2138
260 515
261 2896
262 2258
263 2286
264 1340
265 1214
266 818
267 13
268 1045
269 2004
270 2748
271 760
272 2949
273 2997
274 257
275 162
276 1870
277 2184
278 1254
279 844
280 1037
281 2782
282 1679
283 2253
284 2429
285 803
286 259
287 161
288 1677
289 1118
290 1430
291 956
292 1457
293 2166
294 265
295 2876
296 2433
297 927
298 1986
299 2645
300 1303
301 1407
302 2494
303 2330
304 1724
305 2006
306 2458
307 743
308 1062
309 1149
310 1549
311 817
312 650
313 938
314 1063
315 2881
316 199
317 1355
318 2273
319 444
320 1901
321 513
322 1127
323 2886
324 2537
325 1734
326 1529
327 2220
328 2388
329 336
330 656
331 2389
332 1473
333 494
334 1493
335 1264
336 649
337 2461
338 31
339 1567
340 2009
341 2707
342 1204
343 2741
344 2901
345 508
346 2035
347 2605
348 2540
349 2458
350 2593
351 2169
352 1295
353 1058
354 386
355 415
356 877
357 2248
358 1542
359 2743
360 1977
361 444
362 730
363 464
364 1690
365 2368
366 1030
367 1733
368 1211
369 2784
370 2983
371 220
372 1179
373 1559
374 222
375 2221
376 717
377 2408
378 2842
379 1380
380 2592
381 1076
382 1378
383 1752
384 2032
385 2507
386 1111
387 565
388 2341
389 2577
390 966
391 720
392 2759
393 2356
394 2175
395 1056
396 1981
397 2706
398 289
399 1074
400 72
401 2397
402 1763
403 2510
404 1342
405 329
406 563
407 2629
408 2710
409 2349
410 1268
411 987
412 130
413 2701
414 1270
415 1026
416 1174
417 2310
418 2842
419 2252
420 2679
421 2066
422 929
423 638
424 973
425 2542
426 1114
427 184
428 1145
429 191
430 259
431 1126
432 1257
433 2049

