847 26
0 683
1 334
2 1421
3 2284
4 1150
5 61
6 548
7 2281
8 1720
9 2981
10 2349
11 2633
12 847
13 2791
14 1895
15 1011
16 1643
17 2417
18 1004
19 958
20 1955
21 625
22 306
23 1161
24 1652
25 2224
26 60
27 1391
28 2187
29 1332
30 234
31 990
32 1436
33 1682
34 1945
35 805
36 2306
37 920
38 1483
39 2894
40 725
41 811
42 402
43 449
44 1670
45 568
46 1531
47 2387
48 1330
49 2992
50 2897
51 2480
52 1975
53 982
54 325
55 135
56 1674
57 1983
58 1407
59 2341
60 2469
61 1772
62 2594
63 2846
64 1
65 1346
66 1963
67 2407
68 1636
69 60
70 2805
71 1596
72 1925
73 2971
74 2233
75 471
76 2465
77 577
78 2103
79 778
80 2616
81 2814
82 1346
83 2048
84 2597
85 129
86 1238
87 2600
88 1604
89 378
90 1428
91 202
92 1958
93 44
94 750
95 1076
96 1773
97 1446
98 393
99 1119
100 2642
101 1680
102 1800
103 1317
104 2092
105 225
106 725
107 2457
108 962
109 1097
110 1396
111 2114
112 2615
113 332
114 682
115 2058
116 2494
117 87
118 2945
119 1159
120 2159
121 1262
122 2269
123 88
124 2719
125 1577
126 1199
127 1396
128 1257
129 674
130 728
131 1287
132 2524
133 946
134 332
135 22
136 1407
137 1130
138 1333
139 2410
140 2918
141 126
142 2156
143 365
144 90
145 1210
146 957
147 2561
148 716
149 687
150 1921
151 996
152 914
153 2587
154 48
155 2261
156 610
157 1595
158 1208
159 336
160 504
161 671
162 1697
163 1648
164 1655
165 2196
166 1327
167 1795
168 1907
169 345
170 1491
171 2547
172 717
173 2813
174 2884
175 1592
176 57
177 2785
178 2778
179 2160
180 1760
181 1557
182 2505
183 73
184 1982
185 1488
186 560
187 795
188 1006
189 284
190 191
191 1462
192 2647
193 2543
194 1858
195 1731
196 357
197 425
198 684
199 48
200 1586
201 870
202 894
203 493
204 1287
205 1776
206 11
207 189
208 2072
209 825
210 2566
211 2586
212 466
213 1986
214 2142
215 1911
216 2712
217 1258
218 851
219 2295
220 2290
221 1792
222 149
223 2093
224 2912
225 218
226 2364
227 2678
228 1038
229 1987
230 2289
231 2173
232 2550
233 678
234 438
235 1548
236 2448
237 2309
238 1755
239 2080
240 1847
241 2626
242 734
243 688
244 2562
245 975
246 329
247 114
248 2032
249 397
250 255
251 21
252 1480
253 1590
254 638
255 432
256 2199
257 858
258 2369
259 2770
260 1264
261 1133
262 1548
263 2849
264 166
265 1067
266 2013
267 1361
268 919
269 1011
270 168
271 2608
272 2042
273 2905
274 2970
275 2698
276 25
277 746
278 2683
279 2756
280 1346
281 162
282 493
283 1255
284 2411
285 1015
286 452
287 1326
288 282
289 2052
290 1177
291 2736
292 1274
293 2681
294 482
295 1976
296 1019
297 88
298 1683
299 1331
300 2398
301 2961
302 1560
303 529
304 1343
305 2690
306 1412
307 2122
308 2489
309 2427
310 1210
311 345
312 1406
313 2700
314 1861
315 1313
316 430
317 807
318 2946
319 1191
320 1039
321 2528
322 527
323 920
324 527
325 2253
326 180
327 2610
328 2167
329 2399
330 933
331 2165
332 209
333 2830
334 133
335 687
336 1338
337 499
338 1026
339 2991
340 2236
341 365
342 1505
343 664
344 2242
345 1146
346 2547
347 2804
348 2150
349 1691
350 2344
351 1820
352 1256
353 721
354 2405
355 1173
356 978
357 1361
358 47
359 1032
360 1290
361 50
362 1976
363 2122
364 317
365 2585
366 1723
367 1516
368 1249
369 1902
370 541
371 635
372 1547
373 88
374 2925
375 1768
376 942
377 480
378 667
379 101
380 1234
381 1817
382 2302
383 2628
384 987
385 2631
386 2390
387 737
388 555
389 1378
390 1958
391 2330
392 1909
393 2939
394 1409
395 168
396 2623
397 131
398 110
399 1297
400 1903
401 1543
402 2580
403 1604
404 588
405 105
406 1573
407 818
408 87
409 2402
410 659
411 819
412 665
413 1196
414 1762
415 2535
416 2103
417 787
418 1320
419 145
420 2694
421 1233
422 64
423 2367
424 691
425 289
426 195
427 92
428 775
429 1889
430 1147
431 2385
432 2443
433 2274
434 1220
435 2934
436 2815
437 2859
438 636
439 1550
440 1962
441 1370
442 315
443 2722
444 1398
445 2383
446 420
447 1934
448 756
449 2129
450 1925
451 2002
452 2385
453 466
454 2200
455 2274
456 2182
457 2699
458 2873
459 2296
460 496
461 2375
462 2398
463 1987
464 2688
465 2962
466 2124
467 2816
468 2404
469 1762
470 391
471 2445
472 674
473 909
474 1414
475 118
476 501
477 960
478 1084
479 1303
480 2569
481 1038
482 1884
483 1349
484 235
485 2395
486 1374
487 783
488 1666
489 2473
490 1155
491 2257
492 1988
493 1244
494 714
495 1085
496 1221
497 507
498 1524
499 367
500 440
501 2757
502 1740
503 236
504 1848
505 1082
506 2972
507 2136
508 834
509 1121
510 2748
511 1651
512 2780
513 2769
514 431
515 1273
516 233
517 76
518 87
519 2226
520 2393
521 2447
522 504
523 1432
524 777
525 1344
526 898
527 1314
528 1597
529 873
530 2571
531 2279
532 1524
533 948
534 2421
535 2922
536 2470
537 1782
538 1193
539 729
540 551
541 1931
542 2205
543 477
544 649
545 2237
546 1830
547 2739
548 1636
549 889
550 881
551 2132
552 184
553 781
554 359
555 1615
556 90
557 2530
558 1266
559 2246
560 132
561 1931
562 2484
563 2364
564 11
565 2150
566 798
567 2352
568 2742
569 1694
570 2780
571 925
572 413
573 2872
574 586
575 54
576 2541
577 2750
578 1677
579 2057
580 1071
581 1506
582 2454
583 1779
584 229
585 1325
586 752
587 317
588 1407
589 1680
590 889
591 745
592 2184
593 2638
594 1407
595 2947
596 2345
597 56
598 97
599 2709
600 2376
601 314
602 1064
603 2206
604 688
605 1156
606 461
607 1123
608 1244
609 1220
610 2499
611 2601
612 542
613 1335
614 859
615 2141
616 2946
617 2986
618 2398
619 830
620 548
621 1461
622 2523
623 1332
624 1202
625 2936
626 1601
627 2247
628 859
629 2037
630 1472
631 532
632 1602
633 2082
634 1689
635 79
636 2536
637 541
638 1591
639 2942
640 869
641 630
642 1582
643 1791
644 1004
645 899
646 484
647 2399
648 415
649 2335
650 332
651 1806
652 193
653 203
654 1325
655 1223
656 2947
657 2676
658 2295
659 346
660 1847
661 1303
662 767
663 1811
664 1760
665 1001
666 649
667 648
668 560
669 816
670 2133
671 1295
672 2289
673 2288
674 2574
675 2697
676 1876
677 1478
678 1625
679 2022
680 2417
681 991
682 540
683 1384
684 416
685 1604
686 603
687 479
688 2392
689 2974
690 160
691 441
692 1789
693 2194
694 2933
695 776
696 1714
697 2847
698 2212
699 2276
700 2094
701 1258
702 1979
703 901
704 2861
705 1608
706 1654
707 2247
708 2357
709 1180
710 2169
711 1761
712 306
713 1699
714 2263
715 2086
716 2957
717 2150
718 871
719 1831
720 1269
721 2255
722 2492
723 2874
724 81
725 146
726 2947
727 823
728 2578
729 577
730 199
731 686
732 1109
733 931
734 2371
735 989
736 1636
737 1524
738 520
739 232
740 879
741 1968
742 1569
743 1810
744 497
745 676
746 2973
747 2443
748 253
749 2351
750 1590
751 2611
752 1088
753 1419
754 1704
755 574
756 1626
757 2023
758 2237
759 1282
760 453
761 1462
762 2945
763 1802
764 2348
765 2811
766 1617
767 498
768 2187
769 1294
770 1697
771 1600
772 517
773 1224
774 504
775 2251
776 2334
777 2438
778 1118
779 2144
780 1302
781 1911
782 1827
783 2824
784 279
785 2575
786 1563
787 516
788 2858
789 2996
790 304
791 1792
792 2870
793 2530
794 475
795 1831
796 2644
797 560
798 1313
799 1827
800 1153
801 1142
802 2997
803 2730
804 1239
805 1092
806 207
807 97
808 479
809 2522
810 1697
811 2390
812 1798
813 927
814 527
815 2370
816 4
817 80
818 1122
819 775
820 1907
821 892
822 1136
823 2623
824 832
825 2470
826 2678
827 363
828 2335
829 1285
830 1661
831 2610
832 1038
833 2530
834 2566
835 738
836 1739
837 1291
838 1395
839 2886
840 231
841 614
842 2499
843 2378
844 2739
845 2706
846 1189

