985 29
0 2364
1 1974
2 528
3 417
4 1025
5 1818
6 291
7 2208
8 2221
9 2760
10 963
11 2965
12 2715
13 948
14 1372
15 547
16 93
17 2619
18 919
19 1498
20 429
21 724
22 1952
23 1375
24 1707
25 1557
26 56
27 1422
28 2119
29 186
30 2038
31 1530
32 900
33 711
34 2471
35 2088
36 1794
37 454
38 2387
39 360
40 1534
41 2892
42 1708
43 535
44 2833
45 2527
46 1161
47 2222
48 2394
49 2424
50 775
51 810
52 2362
53 1951
54 959
55 1747
56 798
57 1228
58 2994
59 933
60 2749
61 1693
62 374
63 2622
64 656
65 285
66 1543
67 1675
68 1620
69 2729
70 2097
71 1204
72 2463
73 2312
74 2693
75 1216
76 2298
77 1181
78 1368
79 2306
80 339
81 1008
82 2209
83 1562
84 1198
85 1281
86 236
87 838
88 1268
89 1602
90 664
91 2098
92 526
93 1373
94 2618
95 9
96 2026
97 1878
98 418
99 903
100 2799
101 2968
102 1828
103 2268
104 2793
105 2254
106 2989
107 854
108 1400
109 2472
110 556
111 2040
112 1017
113 15
114 1941
115 753
116 930
117 864
118 2939
119 2206
120 2365
121 3
122 2655
123 2642
124 1083
125 864
126 2801
127 2459
128 998
129 1112
130 761
131 841
132 2268
133 1305
134 1385
135 714
136 497
137 3
138 2010
139 36
140 2674
141 2310
142 1534
143 428
144 2574
145 2020
146 1182
147 1399
148 1392
149 399
150 46
151 181
152 2463
153 2104
154 375
155 2081
156 2258
157 472
158 2882
159 1802
160 1822
161 1614
162 36
163 1773
164 2240
165 2448
166 1856
167 2894
168 2960
169 2584
170 2702
171 1752
172 1797
173 1355
174 320
175 1844
176 989
177 174
178 1961
179 1737
180 1020
181 3000
182 2931
183 565
184 844
185 2307
186 1387
187 1769
188 655
189 897
190 2559
191 1897
192 925
193 1380
194 2156
195 1003
196 437
197 1772
198 298
199 152
200 2854
201 1457
202 1016
203 2339
204 1322
205 2432
206 742
207 2861
208 702
209 2494
210 2396
211 1254
212 853
213 154
214 837
215 2871
216 1498
217 2435
218 1109
219 1715
220 589
221 1992
222 2093
223 1367
224 595
225 1712
226 2659
227 920
228 1741
229 453
230 2948
231 2502
232 2439
233 1588
234 302
235 2500
236 266
237 451
238 1851
239 2235
240 352
241 2271
242 996
243 633
244 1245
245 2353
246 2995
247 1330
248 2080
249 2764
250 1351
251 1736
252 535
253 1384
254 642
255 442
256 885
257 2015
258 2036
259 1061
260 2612
261 422
262 2920
263 970
264 1177
265 43
266 1665
267 2949
268 377
269 404
270 420
271 1435
272 40
273 2552
274 249
275 1576
276 926
277 1570
278 237
279 2679
280 2582
281 1587
282 1825
283 726
284 2821
285 1895
286 711
287 382
288 790
289 2804
290 1409
291 303
292 415
293 2905
294 2563
295 2937
296 1829
297 1597
298 2736
299 464
300 2838
301 150
302 114
303 967
304 1270
305 1531
306 2673
307 2353
308 70
309 1244
310 987
311 821
312 1246
313 2609
314 1188
315 2110
316 1497
317 1844
318 471
319 1369
320 2805
321 1646
322 2341
323 1719
324 1554
325 594
326 1190
327 1857
328 995
329 1735
330 2645
331 2921
332 2291
333 1141
334 981
335 2089
336 2406
337 1227
338 1057
339 2938
340 2476
341 1275
342 1037
343 1466
344 1096
345 1913
346 1210
347 72
348 1080
349 1518
350 456
351 2095
352 2822
353 671
354 762
355 2694
356 1476
357 1152
358 2356
359 2855
360 164
361 1886
362 2115
363 684
364 2244
365 542
366 1718
367 173
368 1118
369 206
370 451
371 2016
372 774
373 2712
374 713
375 2327
376 1436
377 2031
378 2997
379 1989
380 818
381 190
382 367
383 1070
384 2543
385 2281
386 2801
387 1542
388 1081
389 2981
390 1874
391 1260
392 1754
393 2187
394 2234
395 2254
396 678
397 534
398 699
399 320
400 302
401 2048
402 879
403 875
404 302
405 956
406 2393
407 428
408 1034
409 2084
410 855
411 1179
412 37
413 1729
414 1610
415 170
416 2550
417 1443
418 1737
419 2535
420 2585
421 2433
422 923
423 2673
424 809
425 503
426 1518
427 1822
428 375
429 1446
430 202
431 2121
432 1055
433 2636
434 1059
435 1897
436 2506
437 488
438 896
439 1752
440 2863
441 587
442 2789
443 761
444 2683
445 1411
446 2170
447 1498
448 2513
449 538
450 2760
451 1707
452 241
453 2277
454 1101
455 2724
456 94
457 1643
458 761
459 2166
460 524
461 541
462 3
463 165
464 2531
465 305
466 666
467 1047
468 2874
469 606
470 1527
471 1149
472 2602
473 2291
474 1885
475 1119
476 1193
477 138
478 1039
479 2226
480 2190
481 888
482 1954
483 218
484 201
485 995
486 1190
487 688
488 1908
489 2064
490 342
491 2818
492 2909
493 1406
494 2081
495 571
496 380
497 750
498 1663
499 868
500 1747
501 1927
502 419
503 650
504 740
505 488
506 729
507 1542
508 614
509 408
510 1443
511 1677
512 2908
513 1316
514 2638
515 2558
516 1402
517 2068
518 2567
519 1917
520 2628
521 1573
522 1490
523 860
524 2743
525 1501
526 2676
527 1260
528 634
529 2809
530 1367
531 1900
532 2405
533 1537
534 1867
535 1741
536 2898
537 1957
538 1961
539 231
540 2317
541 2426
542 2077
543 2949
544 2328
545 1045
546 1331
547 1541
548 2224
549 866
550 1401
551 1435
552 458
553 2700
554 1296
555 335
556 529
557 2400
558 824
559 1307
560 2691
561 323
562 1941
563 1256
564 2867
565 299
566 1541
567 1434
568 2733
569 253
570 1060
571 1265
572 1014
573 699
574 2056
575 1319
576 2260
577 2948
578 2979
579 1372
580 1434
581 880
582 1358
583 2961
584 2915
585 1975
586 659
587 1794
588 1372
589 2799
590 2177
591 2338
592 2024
593 376
594 1036
595 2094
596 877
597 727
598 1018
599 1355
600 1946
601 2443
602 1863
603 800
604 1898
605 2890
606 1138
607 808
608 2550
609 1173
610 329
611 2455
612 2529
613 1833
614 2445
615 1160
616 2900
617 2758
618 1452
619 2634
620 2257
621 871
622 2774
623 1532
624 1818
625 2695
626 1785
627 688
628 2563
629 2452
630 390
631 2796
632 2836
633 1536
634 1343
635 377
636 1312
637 2470
638 1534
639 230
640 2024
641 252
642 642
643 2608
644 226
645 1573
646 445
647 415
648 79
649 1370
650 596
651 1087
652 2092
653 366
654 1253
655 1153
656 1780
657 1106
658 2943
659 63
660 1745
661 981
662 413
663 1806
664 1074
665 999
666 460
667 1342
668 2275
669 1038
670 805
671 1149
672 103
673 2084
674 735
675 1212
676 1274
677 403
678 1575
679 739
680 1290
681 2603
682 2793
683 1753
684 2218
685 2826
686 1066
687 870
688 566
689 1644
690 2035
691 371
692 226
693 2892
694 2567
695 593
696 265
697 419
698 387
699 881
700 81
701 1870
702 2670
703 117
704 2756
705 1667
706 2763
707 1619
708 1588
709 1779
710 711
711 1505
712 2806
713 1862
714 1519
715 882
716 546
717 662
718 1978
719 2286
720 641
721 2827
722 1036
723 67
724 2448
725 106
726 1322
727 1445
728 329
729 314
730 2595
731 1740
732 345
733 1290
734 25
735 1860
736 2691
737 1255
738 1155
739 580
740 1410
741 1973
742 228
743 2255
744 1186
745 198
746 1508
747 2960
748 660
749 1804
750 2898
751 2972
752 1012
753 2651
754 1696
755 1266
756 2901
757 1678
758 2221
759 600
760 833
761 1434
762 1740
763 1062
764 373
765 1665
766 2162
767 639
768 932
769 1966
770 1068
771 939
772 2652
773 715
774 2773
775 1588
776 2883
777 2485
778 2759
779 2006
780 1144
781 631
782 1624
783 1594
784 1287
785 2926
786 259
787 90
788 395
789 2287
790 1048
791 12
792 1581
793 2005
794 1316
795 2986
796 2530
797 1523
798 684
799 2324
800 790
801 1422
802 972
803 2648
804 322
805 2793
806 259
807 2759
808 1188
809 254
810 2070
811 2796
812 2782
813 43
814 166
815 1205
816 579
817 2152
818 577
819 793
820 687
821 1197
822 2421
823 1288
824 2162
825 1251
826 241
827 2584
828 2026
829 2537
830 2251
831 1755
832 212
833 569
834 848
835 1658
836 1012
837 1401
838 2518
839 196
840 2003
841 611
842 344
843 1485
844 1943
845 645
846 1247
847 1448
848 1950
849 1044
850 1932
851 1950
852 1510
853 2718
854 2432
855 2432
856 1201
857 815
858 2200
859 2477
860 1557
861 969
862 355
863 2550
864 399
865 2040
866 1898
867 2505
868 1401
869 1021
870 2260
871 2398
872 1788
873 165
874 2170
875 313
876 417
877 788
878 545
879 1197
880 2546
881 1681
882 2146
883 600
884 438
885 1842
886 1609
887 2546
888 2618
889 2101
890 1469
891 2858
892 468
893 1348
894 1077
895 1617
896 1318
897 2512
898 2576
899 2080
900 2848
901 2845
902 1110
903 95
904 1034
905 124
906 1280
907 472
908 1460
909 781
910 1105
911 202
912 577
913 1765
914 2299
915 548
916 1060
917 269
918 120
919 47
920 2924
921 2203
922 1939
923 1357
924 408
925 272
926 267
927 1598
928 696
929 1572
930 2916
931 1463
932 1027
933 1164
934 2451
935 1188
936 1602
937 776
938 1647
939 1050
940 2071
941 1638
942 1241
943 1779
944 2966
945 352
946 585
947 2818
948 734
949 1197
950 977
951 590
952 2071
953 1384
954 1062
955 2129
956 1701
957 1968
958 1771
959 240
960 2797
961 1926
962 1447
963 450
964 477
965 2102
966 2229
967 1580
968 700
969 2258
970 1500
971 419
972 958
973 292
974 2920
975 2638
976 2445
977 1033
978 954
979 1647
980 2412
981 2157
982 1714
983 1098
984 420

