275 62
0 1116
1 1243
2 2100
3 1880
4 402
5 2552
6 1943
7 62
8 950
9 355
10 1086
11 884
12 719
13 354
14 1610
15 1490
16 1711
17 2716
18 228
19 535
20 1113
21 688
22 1610
23 792
24 1063
25 2506
26 872
27 2912
28 2587
29 2590
30 1859
31 1734
32 155
33 118
34 2013
35 700
36 79
37 2057
38 2916
39 1413
40 417
41 1336
42 1656
43 470
44 610
45 1416
46 1415
47 1871
48 615
49 897
50 2456
51 2422
52 2154
53 926
54 2292
55 2546
56 494
57 2717
58 872
59 1717
60 1618
61 2067
62 193
63 2918
64 880
65 1940
66 1044
67 328
68 286
69 95
70 1074
71 868
72 2895
73 881
74 2765
75 1657
76 2079
77 2546
78 2986
79 1275
80 2324
81 683
82 2554
83 2267
84 92
85 15
86 1765
87 1455
88 1685
89 2942
90 1391
91 1809
92 2804
93 2599
94 194
95 1227
96 1012
97 1242
98 1278
99 356
100 1157
101 1360
102 1226
103 320
104 1609
105 1763
106 1169
107 923
108 380
109 738
110 948
111 2376
112 1604
113 2261
114 1054
115 263
116 1476
117 1831
118 669
119 1392
120 1161
121 1458
122 1540
123 358
124 2671
125 683
126 2743
127 1858
128 1311
129 650
130 1548
131 60
132 288
133 1904
134 549
135 375
136 285
137 1168
138 1682
139 2226
140 1445
141 1440
142 568
143 2138
144 1902
145 705
146 871
147 57
148 489
149 72
150 935
151 129
152 2744
153 1627
154 934
155 2957
156 2958
157 575
158 2436
159 2296
160 1131
161 2815
162 1571
163 263
164 2692
165 2338
166 2668
167 2694
168 1760
169 2768
170 2870
171 2226
172 2504
173 2364
174 1742
175 1847
176 50
177 643
178 2994
179 2929
180 2495
181 818
182 703
183 1651
184 1459
185 2253
186 2804
187 1715
188 336
189 1692
190 119
191 2943
192 1180
193 1241
194 1816
195 1389
196 2349
197 1141
198 1243
199 1643
200 2060
201 2252
202 788
203 1009
204 1411
205 2183
206 428
207 2245
208 242
209 334
210 133
211 2979
212 2782
213 298
214 296
215 1969
216 2576
217 2482
218 343
219 2028
220 2201
221 2651
222 2302
223 1867
224 455
225 2962
226 2816
227 1248
228 1175
229 1089
230 2775
231 1865
232 2033
233 2647
234 922
235 624
236 529
237 1750
238 598
239 626
240 26
241 1423
242 2828
243 2024
244 837
245 2935
246 925
247 2861
248 1711
249 2403
250 982
251 2360
252 2594
253 832
254 1560
255 1643
256 804
257 2713
258 387
259 1634
260 309
261 2843
262 466
263 437
264 2312
265 516
266 2384
267 158
268 30
269 1834
270 816
271 307
272 772
273 581
274 529

