648 47
0 1132
1 2439
2 2373
3 1091
4 248
5 1910
6 2217
7 2947
8 127
9 558
10 169
11 836
12 2500
13 1503
14 2518
15 2705
16 2299
17 758
18 1364
19 612
20 187
21 251
22 538
23 1267
24 2322
25 900
26 2505
27 1940
28 2000
29 2851
30 382
31 2157
32 2147
33 96
34 2197
35 1368
36 1685
37 2061
38 1537
39 928
40 1394
41 2873
42 2130
43 60
44 481
45 1138
46 2799
47 754
48 2599
49 1526
50 439
51 2216
52 347
53 1443
54 623
55 200
56 2345
57 505
58 2848
59 1765
60 321
61 740
62 1362
63 1161
64 904
65 2610
66 1425
67 1392
68 454
69 1338
70 2355
71 463
72 600
73 2296
74 2816
75 1598
76 2626
77 1557
78 2958
79 0
80 727
81 1438
82 1381
83 1587
84 2544
85 2006
86 1687
87 203
88 797
89 1194
90 2177
91 1062
92 1735
93 1661
94 2734
95 71
96 2902
97 93
98 2810
99 2556
100 2973
101 140
102 2492
103 2020
104 1758
105 1016
106 2935
107 1452
108 2517
109 2746
110 2735
111 754
112 2037
113 2191
114 352
115 343
116 1537
117 2035
118 2753
119 769
120 1771
121 2529
122 539
123 346
124 748
125 2640
126 2780
127 2127
128 47
129 1022
130 2194
131 295
132 999
133 2154
134 2778
135 1410
136 2594
137 2528
138 860
139 2720
140 2178
141 2765
142 2617
143 114
144 734
145 2581
146 2566
147 2337
148 1966
149 2215
150 2413
151 2287
152 654
153 1473
154 1029
155 2592
156 2130
157 2043
158 2342
159 1163
160 726
161 2711
162 1362
163 1082
164 1548
165 1510
166 320
167 1739
168 924
169 2927
170 2224
171 217
172 2525
173 33
174 2930
175 401
176 2819
177 2809
178 2399
179 254
180 2374
181 2675
182 1606
183 1635
184 2470
185 910
186 753
187 3
188 2720
189 1955
190 635
191 335
192 2763
193 876
194 2569
195 1898
196 2473
197 754
198 2420
199 673
200 1206
201 35
202 1364
203 94
204 1459
205 530
206 1905
207 2753
208 2389
209 1280
210 1483
211 1018
212 1578
213 1300
214 2854
215 1314
216 836
217 2831
218 2284
219 2818
220 855
221 549
222 920
223 594
224 938
225 2687
226 1676
227 925
228 1239
229 8
230 719
231 2921
232 2989
233 2486
234 1990
235 1428
236 2229
237 1231
238 2995
239 2702
240 2582
241 1215
242 9
243 302
244 569
245 2201
246 60
247 2661
248 2471
249 2413
250 365
251 917
252 2201
253 1581
254 1289
255 652
256 2928
257 1618
258 395
259 180
260 1062
261 1034
262 1259
263 1700
264 1004
265 802
266 703
267 1077
268 872
269 1353
270 1750
271 1970
272 2032
273 1269
274 1639
275 1484
276 1133
277 1756
278 2056
279 483
280 2936
281 2853
282 70
283 1341
284 1585
285 2787
286 119
287 789
288 1321
289 2480
290 2963
291 2984
292 2511
293 2368
294 2172
295 2876
296 191
297 2118
298 28
299 238
300 585
301 1041
302 2064
303 2082
304 2354
305 1055
306 432
307 2915
308 2452
309 2265
310 158
311 1754
312 271
313 223
314 2225
315 2510
316 1614
317 935
318 2060
319 2694
320 595
321 947
322 2042
323 2474
324 1438
325 133
326 2767
327 2594
328 1593
329 1699
330 1338
331 2134
332 1779
333 1547
334 1234
335 1814
336 1748
337 1005
338 1110
339 2876
340 2987
341 455
342 877
343 2170
344 2860
345 345
346 1750
347 2538
348 985
349 2390
350 1793
351 2237
352 631
353 2246
354 2661
355 916
356 2085
357 1841
358 550
359 1051
360 2225
361 2033
362 2025
363 2671
364 1204
365 2087
366 2600
367 789
368 329
369 2958
370 89
371 2547
372 625
373 1282
374 1623
375 1570
376 1476
377 2740
378 1043
379 363
380 2820
381 297
382 797
383 224
384 1006
385 2755
386 2429
387 2959
388 2243
389 1097
390 2255
391 2388
392 615
393 779
394 2938
395 897
396 2233
397 2155
398 2384
399 2917
400 2957
401 2206
402 1858
403 656
404 99
405 1363
406 426
407 1657
408 328
409 1558
410 1252
411 2543
412 2476
413 1868
414 2974
415 859
416 485
417 2506
418 400
419 1459
420 2261
421 90
422 1067
423 2603
424 2890
425 2431
426 496
427 1183
428 630
429 1695
430 1061
431 2884
432 1582
433 2628
434 2751
435 519
436 2615
437 1990
438 462
439 825
440 2829
441 2632
442 2261
443 1571
444 32
445 1227
446 1299
447 2578
448 131
449 2041
450 1587
451 1400
452 590
453 89
454 1611
455 2685
456 1563
457 2316
458 1955
459 283
460 1985
461 1526
462 2934
463 2044
464 814
465 2237
466 2570
467 1062
468 1476
469 628
470 771
471 253
472 2078
473 1860
474 57
475 1332
476 2912
477 2015
478 2667
479 2698
480 514
481 679
482 880
483 571
484 524
485 1096
486 468
487 1627
488 27
489 1276
490 2990
491 2618
492 1094
493 1200
494 390
495 1561
496 913
497 1488
498 1741
499 1951
500 2885
501 530
502 1265
503 1394
504 386
505 1408
506 738
507 895
508 2892
509 2163
510 492
511 1841
512 1520
513 1204
514 1816
515 936
516 2705
517 2283
518 728
519 1738
520 1779
521 153
522 2166
523 778
524 2180
525 2106
526 374
527 2738
528 2210
529 192
530 1426
531 854
532 1537
533 1561
534 518
535 2902
536 594
537 1032
538 2024
539 629
540 2567
541 415
542 892
543 1059
544 1491
545 1133
546 1738
547 1833
548 2394
549 1800
550 223
551 924
552 1330
553 2863
554 1170
555 1600
556 1015
557 244
558 363
559 759
560 1486
561 1875
562 2943
563 1467
564 1807
565 2328
566 707
567 2234
568 2775
569 680
570 2105
571 1623
572 391
573 2180
574 1052
575 75
576 2254
577 1240
578 2865
579 2645
580 2065
581 2506
582 2268
583 27
584 2073
585 2262
586 2313
587 1808
588 175
589 1396
590 211
591 2403
592 2161
593 2049
594 1419
595 350
596 2887
597 1040
598 2924
599 2129
600 800
601 2084
602 2910
603 2798
604 2654
605 2974
606 1435
607 1211
608 1245
609 27
610 2375
611 514
612 2261
613 1963
614 2135
615 2135
616 841
617 1794
618 2880
619 1566
620 2530
621 2025
622 1580
623 770
624 2958
625 965
626 481
627 1338
628 986
629 221
630 365
631 293
632 989
633 1201
634 548
635 1893
636 103
637 2012
638 2518
639 2738
640 599
641 1834
642 2238
643 868
644 366
645 878
646 782
647 2995

