689 56
0 2044
1 2455
2 2041
3 42
4 538
5 1570
6 2626
7 1638
8 2023
9 2605
10 316
11 1855
12 53
13 325
14 2321
15 2838
16 2403
17 1131
18 2893
19 1745
20 1758
21 2748
22 87
23 709
24 2592
25 2932
26 1584
27 1620
28 2156
29 2426
30 1716
31 2701
32 2838
33 94
34 1695
35 4
36 2142
37 1743
38 977
39 2010
40 1472
41 1924
42 1545
43 2643
44 668
45 146
46 2987
47 2315
48 1041
49 2137
50 2553
51 2463
52 2319
53 1306
54 1156
55 191
56 361
57 889
58 1805
59 2619
60 2395
61 2950
62 216
63 10
64 2579
65 2091
66 262
67 2531
68 435
69 81
70 207
71 1163
72 427
73 2381
74 283
75 2468
76 2368
77 2045
78 1364
79 70
80 1800
81 2177
82 2450
83 1389
84 534
85 2676
86 2935
87 2982
88 77
89 2664
90 1221
91 1679
92 2740
93 1392
94 806
95 212
96 2878
97 28
98 1687
99 2776
100 2702
101 2936
102 1204
103 471
104 2696
105 133
106 2191
107 142
108 1805
109 1568
110 203
111 908
112 2095
113 1308
114 440
115 2272
116 1862
117 1592
118 1965
119 1832
120 2272
121 233
122 2548
123 1022
124 1886
125 654
126 924
127 159
128 2717
129 2065
130 2915
131 2152
132 2376
133 2050
134 989
135 2638
136 414
137 2674
138 2279
139 1218
140 600
141 828
142 684
143 1404
144 991
145 235
146 1195
147 929
148 472
149 1794
150 357
151 1884
152 912
153 767
154 1640
155 1537
156 1058
157 1732
158 1644
159 1346
160 162
161 2077
162 1744
163 847
164 2799
165 1274
166 2803
167 2143
168 904
169 441
170 342
171 390
172 2830
173 2369
174 1499
175 2595
176 1355
177 1285
178 39
179 1590
180 53
181 1811
182 1057
183 1607
184 2678
185 1162
186 2903
187 2971
188 1215
189 1655
190 133
191 1074
192 781
193 916
194 1221
195 794
196 2639
197 1844
198 1123
199 1865
200 2711
201 1616
202 2843
203 1378
204 2840
205 484
206 2092
207 2673
208 1391
209 1472
210 2374
211 2025
212 1213
213 2385
214 1795
215 2131
216 629
217 2138
218 2949
219 2290
220 1470
221 2993
222 809
223 157
224 2950
225 276
226 458
227 2023
228 1042
229 1747
230 883
231 1978
232 462
233 1920
234 1490
235 1023
236 474
237 2701
238 544
239 2062
240 2726
241 2095
242 1210
243 648
244 2422
245 99
246 1051
247 2139
248 2780
249 1987
250 2904
251 644
252 545
253 472
254 2422
255 349
256 1612
257 749
258 1612
259 1633
260 2177
261 759
262 1370
263 684
264 2570
265 2063
266 2216
267 1877
268 1617
269 1515
270 1334
271 1481
272 1811
273 2478
274 2155
275 1198
276 1937
277 630
278 1008
279 1121
280 2059
281 1743
282 1167
283 2507
284 2804
285 1025
286 895
287 1976
288 1856
289 14
290 2742
291 2264
292 2672
293 1502
294 2295
295 2647
296 91
297 1291
298 2536
299 2152
300 2776
301 277
302 981
303 325
304 1692
305 140
306 2630
307 2750
308 534
309 1313
310 1561
311 2375
312 1466
313 2770
314 2913
315 2789
316 2101
317 1179
318 2695
319 1139
320 2331
321 1024
322 2770
323 1735
324 757
325 2473
326 273
327 389
328 2112
329 823
330 1999
331 1278
332 1211
333 228
334 697
335 2694
336 1541
337 306
338 2768
339 2834
340 1426
341 2310
342 2205
343 574
344 1613
345 229
346 790
347 1979
348 2738
349 1261
350 2765
351 2612
352 215
353 1925
354 478
355 2776
356 2058
357 635
358 592
359 2836
360 1973
361 441
362 961
363 2365
364 2302
365 2019
366 1769
367 370
368 134
369 1449
370 2493
371 2891
372 2687
373 1134
374 808
375 977
376 1094
377 1329
378 1906
379 1201
380 941
381 2644
382 2533
383 2859
384 1683
385 2105
386 1652
387 871
388 1744
389 1503
390 2969
391 1920
392 2939
393 952
394 342
395 576
396 904
397 595
398 910
399 2124
400 76
401 455
402 797
403 1712
404 1337
405 2351
406 2536
407 1965
408 1203
409 1031
410 2208
411 1023
412 671
413 1542
414 1868
415 2171
416 1463
417 43
418 1604
419 1189
420 2683
421 2511
422 1049
423 1906
424 1227
425 703
426 1500
427 2482
428 2300
429 1890
430 860
431 2609
432 2525
433 2000
434 1288
435 767
436 2326
437 688
438 975
439 1842
440 1703
441 1135
442 415
443 1726
444 2655
445 786
446 672
447 1964
448 217
449 1376
450 2614
451 1782
452 1843
453 215
454 444
455 2010
456 2122
457 1512
458 2760
459 1769
460 2726
461 294
462 1477
463 1099
464 571
465 1195
466 2657
467 32
468 2145
469 1785
470 1375
471 487
472 58
473 747
474 2736
475 2354
476 127
477 1438
478 1551
479 1354
480 2303
481 2268
482 2601
483 2260
484 1023
485 1017
486 1424
487 1393
488 2607
489 1764
490 233
491 1261
492 2114
493 2628
494 74
495 1828
496 1386
497 15
498 683
499 873
500 1238
501 1448
502 834
503 2063
504 910
505 2995
506 1863
507 2803
508 864
509 2388
510 814
511 1157
512 2248
513 2159
514 256
515 1595
516 2443
517 2868
518 1987
519 2521
520 472
521 231
522 509
523 2398
524 1620
525 2940
526 2264
527 2190
528 2144
529 1411
530 429
531 55
532 1717
533 1103
534 2399
535 1497
536 448
537 1714
538 77
539 1384
540 2205
541 993
542 1566
543 103
544 1238
545 2954
546 63
547 1279
548 1413
549 397
550 699
551 1159
552 2520
553 2003
554 450
555 2159
556 2990
557 1861
558 532
559 1890
560 2562
561 2165
562 1616
563 306
564 1369
565 133
566 103
567 2371
568 908
569 1552
570 419
571 1986
572 915
573 95
574 643
575 2024
576 1846
577 702
578 908
579 224
580 1232
581 2473
582 2635
583 1636
584 2536
585 2524
586 486
587 263
588 1045
589 169
590 2123
591 430
592 2829
593 672
594 344
595 1376
596 2023
597 84
598 741
599 2762
600 2530
601 1650
602 1122
603 732
604 487
605 1184
606 1673
607 1215
608 150
609 1673
610 758
611 2522
612 2598
613 2704
614 1305
615 493
616 418
617 2050
618 955
619 360
620 2363
621 1183
622 184
623 2549
624 377
625 2774
626 31
627 2130
628 1701
629 2784
630 669
631 815
632 1868
633 1908
634 437
635 371
636 2464
637 1438
638 1302
639 247
640 2217
641 2045
642 2343
643 2401
644 917
645 1722
646 696
647 1233
648 1207
649 1653
650 2889
651 2225
652 2009
653 406
654 885
655 380
656 841
657 779
658 1932
659 1209
660 311
661 2332
662 907
663 730
664 252
665 1195
666 2920
667 506
668 152
669 640
670 2856
671 1123
672 2259
673 1852
674 1708
675 1884
676 709
677 769
678 754
679 1728
680 1864
681 1728
682 801
683 1239
684 965
685 170
686 769
687 871
688 158

