985 64
0 483
1 475
2 233
3 1653
4 1392
5 251
6 2559
7 1145
8 2518
9 731
10 2824
11 626
12 2598
13 426
14 2090
15 1870
16 1366
17 328
18 285
19 1516
20 1452
21 63
22 2965
23 661
24 1984
25 1582
26 470
27 112
28 1248
29 361
30 1015
31 2299
32 833
33 194
34 128
35 2350
36 2254
37 2719
38 2038
39 1774
40 2231
41 2096
42 869
43 1471
44 1055
45 2878
46 992
47 1468
48 1294
49 507
50 1625
51 1085
52 1308
53 1455
54 658
55 2167
56 1215
57 863
58 404
59 2013
60 2148
61 2007
62 1547
63 2943
64 1717
65 2815
66 2797
67 2993
68 2989
69 528
70 1751
71 237
72 2608
73 1164
74 1054
75 27
76 803
77 1753
78 1935
79 2341
80 2955
81 891
82 450
83 1659
84 1763
85 1892
86 1013
87 1681
88 1787
89 2947
90 2495
91 71
92 358
93 1251
94 2388
95 595
96 2835
97 1311
98 2618
99 292
100 615
101 14
102 2273
103 830
104 1027
105 379
106 33
107 261
108 2153
109 2623
110 2668
111 2680
112 1811
113 2056
114 1960
115 1470
116 1863
117 2947
118 1043
119 1168
120 128
121 991
122 1086
123 1012
124 1321
125 102
126 2274
127 2733
128 446
129 1027
130 1003
131 1626
132 816
133 2204
134 790
135 2197
136 2189
137 1265
138 1189
139 1568
140 1791
141 1786
142 187
143 616
144 2132
145 1098
146 697
147 436
148 1315
149 1872
150 51
151 2256
152 856
153 991
154 942
155 1232
156 2825
157 269
158 2967
159 487
160 912
161 1401
162 2647
163 116
164 1540
165 2813
166 1916
167 1632
168 2473
169 2446
170 214
171 2855
172 21
173 2242
174 2123
175 2983
176 2134
177 2707
178 2347
179 147
180 1163
181 2347
182 622
183 1279
184 1512
185 370
186 2331
187 604
188 540
189 1652
190 1281
191 414
192 1960
193 992
194 191
195 666
196 1284
197 846
198 2720
199 891
200 1586
201 2110
202 2678
203 649
204 996
205 2941
206 1564
207 1560
208 87
209 2824
210 352
211 928
212 1889
213 899
214 2513
215 2184
216 1383
217 1107
218 2149
219 2834
220 2139
221 2520
222 2157
223 2897
224 1362
225 2937
226 1928
227 92
228 1665
229 1774
230 2311
231 1098
232 1855
233 1083
234 135
235 2707
236 2549
237 1881
238 676
239 2102
240 1877
241 2253
242 2533
243 1580
244 2000
245 531
246 2339
247 2802
248 688
249 2004
250 279
251 697
252 738
253 2605
254 336
255 884
256 365
257 2660
258 1273
259 531
260 1691
261 2084
262 163
263 2030
264 1729
265 2721
266 2417
267 2007
268 2820
269 1837
270 2629
271 2560
272 554
273 1114
274 588
275 205
276 613
277 1417
278 1307
279 778
280 2551
281 1361
282 2907
283 1131
284 530
285 116
286 1746
287 270
288 2501
289 1460
290 346
291 630
292 42
293 1772
294 1679
295 1908
296 2103
297 2891
298 1053
299 211
300 1952
301 644
302 1557
303 1776
304 2709
305 1328
306 1551
307 2527
308 315
309 1339
310 1440
311 351
312 2093
313 1039
314 2546
315 2496
316 2036
317 306
318 1498
319 1678
320 1304
321 1421
322 1171
323 52
324 2371
325 1884
326 28
327 1755
328 445
329 1563
330 1241
331 1421
332 1737
333 2270
334 1697
335 1600
336 2847
337 80
338 807
339 2467
340 394
341 203
342 827
343 2404
344 133
345 1404
346 851
347 2155
348 681
349 129
350 1145
351 1170
352 916
353 1110
354 1950
355 1811
356 199
357 40
358 2263
359 237
360 1786
361 1609
362 1003
363 2430
364 1773
365 2153
366 2431
367 2946
368 2621
369 2224
370 936
371 1984
372 2146
373 1424
374 2378
375 1333
376 1033
377 2042
378 1970
379 1957
380 2724
381 2193
382 2483
383 2461
384 2504
385 1637
386 999
387 562
388 226
389 1015
390 2307
391 1215
392 598
393 2858
394 1611
395 2468
396 110
397 1228
398 2642
399 2307
400 1996
401 2026
402 1041
403 1391
404 2878
405 527
406 1689
407 77
408 2491
409 2201
410 1992
411 1279
412 2347
413 2734
414 634
415 1824
416 23
417 996
418 1060
419 807
420 132
421 42
422 1856
423 2867
424 1353
425 2287
426 2782
427 159
428 1255
429 381
430 1553
431 1474
432 213
433 330
434 352
435 2371
436 2382
437 733
438 2547
439 1082
440 769
441 2659
442 867
443 1152
444 2163
445 2863
446 1318
447 2286
448 2080
449 2661
450 140
451 1846
452 2032
453 2311
454 1390
455 2360
456 171
457 135
458 1426
459 386
460 704
461 1771
462 1506
463 1303
464 537
465 1503
466 2618
467 218
468 2070
469 2645
470 82
471 653
472 2064
473 826
474 2875
475 1447
476 327
477 2854
478 2413
479 2036
480 1174
481 1722
482 2804
483 2095
484 953
485 1523
486 405
487 280
488 468
489 1897
490 2920
491 2594
492 2076
493 2445
494 2111
495 90
496 822
497 1277
498 2158
499 628
500 2829
501 1542
502 1689
503 1247
504 1664
505 1577
506 2007
507 1830
508 1853
509 249
510 370
511 1311
512 2869
513 1774
514 2682
515 1997
516 1971
517 2034
518 1746
519 40
520 1327
521 2709
522 1688
523 479
524 524
525 2117
526 958
527 106
528 778
529 2211
530 2752
531 1862
532 30
533 2748
534 329
535 1039
536 1633
537 1667
538 1891
539 2293
540 2835
541 2625
542 733
543 2742
544 323
545 2889
546 116
547 1867
548 1109
549 2645
550 2828
551 955
552 446
553 2160
554 484
555 653
556 2995
557 2851
558 1075
559 2043
560 2855
561 1982
562 1533
563 537
564 1367
565 169
566 2264
567 2526
568 338
569 1771
570 2850
571 974
572 2904
573 1064
574 2149
575 953
576 1969
577 1050
578 2516
579 2099
580 1030
581 1335
582 691
583 2364
584 1783
585 211
586 1580
587 283
588 1339
589 1874
590 2511
591 2736
592 764
593 1634
594 1302
595 210
596 833
597 266
598 1105
599 2760
600 183
601 2055
602 2942
603 1415
604 2220
605 2768
606 109
607 438
608 232
609 2080
610 206
611 1072
612 2549
613 246
614 867
615 543
616 1567
617 2389
618 2459
619 370
620 1058
621 1782
622 1698
623 1672
624 456
625 1337
626 2521
627 1327
628 1486
629 2497
630 1048
631 1212
632 2743
633 113
634 2328
635 1103
636 1743
637 1442
638 1244
639 357
640 800
641 2436
642 1911
643 2063
644 1711
645 2966
646 1745
647 160
648 1895
649 2175
650 2088
651 121
652 1071
653 1135
654 1949
655 2752
656 1747
657 1687
658 1118
659 655
660 1823
661 961
662 912
663 1169
664 2660
665 54
666 1881
667 711
668 2738
669 2443
670 2141
671 2564
672 860
673 2179
674 1637
675 2613
676 2340
677 2157
678 387
679 2415
680 1538
681 1882
682 898
683 399
684 461
685 2302
686 376
687 843
688 1051
689 1430
690 2314
691 2427
692 2999
693 318
694 536
695 1353
696 683
697 541
698 2274
699 1424
700 209
701 2199
702 1604
703 2087
704 1962
705 2208
706 1490
707 1434
708 962
709 2515
710 218
711 246
712 2843
713 1477
714 1249
715 170
716 1556
717 1438
718 2930
719 1687
720 166
721 1139
722 66
723 2232
724 20
725 2318
726 378
727 1613
728 2801
729 917
730 61
731 2346
732 2523
733 69
734 154
735 1273
736 1170
737 1945
738 2
739 175
740 58
741 1353
742 1819
743 2116
744 2581
745 1795
746 2660
747 2595
748 543
749 822
750 102
751 881
752 1572
753 1476
754 1108
755 2533
756 176
757 1772
758 350
759 1684
760 2373
761 2985
762 2223
763 2202
764 709
765 2449
766 553
767 1046
768 2646
769 2562
770 2713
771 1972
772 362
773 2270
774 2708
775 2523
776 1782
777 1639
778 1341
779 608
780 2600
781 971
782 1389
783 2237
784 1976
785 2534
786 2149
787 1690
788 2174
789 478
790 1265
791 2735
792 1355
793 1316
794 331
795 2435
796 1620
797 694
798 2739
799 395
800 1022
801 609
802 1723
803 343
804 744
805 2541
806 2015
807 2337
808 2047
809 1938
810 1226
811 2553
812 2320
813 2074
814 2937
815 507
816 2587
817 1795
818 2921
819 1346
820 1809
821 2540
822 2445
823 259
824 1154
825 1068
826 553
827 815
828 10
829 561
830 1894
831 595
832 2146
833 683
834 356
835 2527
836 1796
837 2742
838 1029
839 2311
840 1253
841 2357
842 1165
843 2232
844 2576
845 2050
846 1806
847 512
848 2806
849 2150
850 461
851 2643
852 2090
853 751
854 2293
855 677
856 1730
857 2727
858 1775
859 893
860 382
861 2993
862 96
863 167
864 557
865 574
866 1663
867 739
868 2259
869 1804
870 2285
871 1139
872 302
873 591
874 2123
875 1065
876 775
877 45
878 1785
879 1128
880 2060
881 689
882 1567
883 437
884 2363
885 1650
886 2049
887 1816
888 2291
889 674
890 2812
891 1333
892 2687
893 120
894 238
895 1887
896 543
897 1763
898 1015
899 269
900 1426
901 304
902 1015
903 1513
904 2687
905 2670
906 2598
907 415
908 1528
909 1321
910 434
911 1413
912 2948
913 650
914 2889
915 598
916 1543
917 2955
918 1984
919 2043
920 354
921 2600
922 2503
923 1458
924 1564
925 2509
926 2845
927 1929
928 609
929 457
930 1530
931 1729
932 2370
933 67
934 338
935 1877
936 2765
937 2489
938 1782
939 1254
940 2149
941 724
942 1766
943 1242
944 1450
945 1426
946 2036
947 2897
948 18
949 1062
950 767
951 604
952 2761
953 341
954 477
955 2956
956 2049
957 1201
958 1760
959 312
960 2932
961 499
962 2255
963 1315
964 2096
965 1896
966 1139
967 2698
968 1464
969 1647
970 905
971 255
972 799
973 1387
974 653
975 1507
976 2988
977 2069
978 2888
979 2633
980 2084
981 855
982 855
983 304
984 1420

