916 15
0 2002
1 2888
2 2707
3 415
4 1191
5 1566
6 1066
7 874
8 2341
9 548
10 1054
11 2789
12 2394
13 2915
14 2642
15 2892
16 945
17 2820
18 1434
19 177
20 3000
21 1824
22 1184
23 1582
24 1556
25 767
26 2836
27 1324
28 476
29 1938
30 1385
31 1550
32 1628
33 74
34 2444
35 671
36 35
37 384
38 1381
39 567
40 396
41 2596
42 1063
43 1141
44 626
45 2774
46 1163
47 768
48 38
49 2250
50 552
51 594
52 1827
53 2930
54 2035
55 690
56 1938
57 464
58 1486
59 165
60 1952
61 40
62 2610
63 414
64 702
65 1871
66 1019
67 893
68 1875
69 1374
70 1302
71 2028
72 982
73 1361
74 764
75 636
76 2419
77 1947
78 472
79 305
80 1979
81 1028
82 428
83 454
84 1902
85 996
86 347
87 1894
88 831
89 2419
90 400
91 11
92 2054
93 1542
94 1954
95 512
96 1072
97 679
98 25
99 780
100 1759
101 416
102 1981
103 2751
104 1117
105 781
106 1520
107 1898
108 1290
109 1662
110 2729
111 1527
112 235
113 2117
114 1665
115 1242
116 2513
117 2701
118 1196
119 2318
120 1914
121 2731
122 2201
123 2977
124 174
125 1485
126 1794
127 2439
128 1724
129 2999
130 1754
131 2318
132 480
133 2586
134 2172
135 1155
136 1772
137 2214
138 722
139 1199
140 1044
141 919
142 2642
143 811
144 1186
145 2577
146 1325
147 651
148 330
149 2582
150 607
151 2480
152 682
153 2638
154 1539
155 1463
156 203
157 836
158 1472
159 402
160 1537
161 1042
162 670
163 1593
164 1197
165 2660
166 1530
167 1563
168 877
169 851
170 1828
171 2589
172 2826
173 1463
174 281
175 2552
176 2742
177 2623
178 2968
179 2089
180 2039
181 1990
182 1834
183 2149
184 997
185 408
186 2323
187 2364
188 1716
189 1108
190 865
191 2251
192 2760
193 2506
194 1721
195 1502
196 2122
197 334
198 1279
199 1443
200 104
201 752
202 2431
203 1666
204 437
205 2850
206 503
207 962
208 2959
209 1462
210 614
211 315
212 1088
213 2876
214 1943
215 1366
216 620
217 2701
218 122
219 1751
220 222
221 2726
222 24
223 991
224 923
225 982
226 80
227 641
228 1314
229 898
230 2410
231 1909
232 419
233 1081
234 1877
235 1850
236 2663
237 1931
238 1275
239 2573
240 1705
241 2453
242 1349
243 842
244 954
245 482
246 2405
247 2562
248 2589
249 884
250 2300
251 1154
252 2549
253 1531
254 2890
255 2237
256 2375
257 2018
258 1235
259 2091
260 6
261 1611
262 545
263 1457
264 241
265 2944
266 877
267 2199
268 78
269 2584
270 116
271 932
272 2845
273 2087
274 2395
275 954
276 2413
277 860
278 1741
279 2998
280 1964
281 2097
282 1913
283 2365
284 1463
285 276
286 2954
287 2621
288 959
289 2011
290 322
291 63
292 444
293 2083
294 1357
295 866
296 2719
297 2313
298 1513
299 2826
300 2104
301 1693
302 2702
303 2288
304 2392
305 780
306 2609
307 2372
308 858
309 28
310 1374
311 1921
312 210
313 1636
314 2780
315 2563
316 2735
317 1767
318 2392
319 778
320 2601
321 7
322 486
323 2090
324 180
325 289
326 190
327 2335
328 1990
329 941
330 1671
331 2207
332 1976
333 717
334 2365
335 312
336 2812
337 1023
338 2952
339 2345
340 119
341 950
342 2606
343 2669
344 667
345 81
346 378
347 854
348 168
349 835
350 1529
351 2444
352 2455
353 1179
354 1395
355 2527
356 570
357 2246
358 766
359 1707
360 2180
361 2866
362 1773
363 2843
364 916
365 1052
366 2117
367 89
368 672
369 2010
370 2086
371 2918
372 1255
373 2956
374 657
375 5
376 2918
377 1139
378 1700
379 767
380 39
381 1666
382 2387
383 677
384 2344
385 2361
386 1955
387 2518
388 58
389 1071
390 1469
391 1619
392 1748
393 1202
394 1802
395 513
396 2271
397 628
398 923
399 2265
400 1076
401 338
402 2053
403 555
404 249
405 2664
406 2512
407 913
408 1848
409 1019
410 1272
411 404
412 2157
413 2443
414 1305
415 276
416 2508
417 1508
418 1727
419 1681
420 2611
421 2730
422 1526
423 1020
424 1503
425 85
426 747
427 791
428 1714
429 2444
430 1707
431 2776
432 485
433 908
434 2375
435 1765
436 1663
437 2086
438 2674
439 1473
440 716
441 2488
442 237
443 713
444 2411
445 155
446 354
447 1805
448 1093
449 2794
450 759
451 518
452 1989
453 2012
454 2575
455 235
456 168
457 2114
458 2694
459 420
460 934
461 76
462 1354
463 2997
464 1441
465 1901
466 453
467 40
468 267
469 1450
470 2000
471 1126
472 2760
473 862
474 2447
475 1453
476 1089
477 314
478 2426
479 383
480 129
481 745
482 546
483 1347
484 994
485 18
486 1910
487 2927
488 2004
489 2956
490 1122
491 1888
492 1426
493 1781
494 755
495 1920
496 980
497 2548
498 470
499 2979
500 1906
501 2681
502 2344
503 972
504 2466
505 622
506 138
507 2410
508 2678
509 543
510 1127
511 2639
512 890
513 2876
514 1516
515 2227
516 1822
517 2277
518 2091
519 2496
520 1957
521 1761
522 1963
523 1395
524 2621
525 1407
526 1382
527 442
528 2955
529 68
530 2637
531 178
532 2686
533 1544
534 637
535 473
536 1217
537 1167
538 2100
539 2165
540 2615
541 1274
542 2417
543 2126
544 2231
545 1621
546 830
547 1589
548 948
549 18
550 1382
551 1839
552 1240
553 2326
554 129
555 2509
556 372
557 1412
558 1402
559 2915
560 2602
561 2587
562 76
563 1974
564 1518
565 674
566 2165
567 1607
568 1891
569 2113
570 79
571 2170
572 225
573 335
574 1104
575 1598
576 68
577 1992
578 1377
579 2798
580 2690
581 387
582 2867
583 2627
584 2895
585 100
586 1629
587 2089
588 583
589 2159
590 693
591 623
592 1648
593 2177
594 1646
595 2094
596 638
597 318
598 483
599 2915
600 589
601 1242
602 2416
603 179
604 541
605 1397
606 846
607 311
608 2136
609 2187
610 698
611 1883
612 613
613 1409
614 944
615 2862
616 232
617 1236
618 1422
619 168
620 1360
621 332
622 2431
623 1533
624 1972
625 1478
626 2140
627 1151
628 1069
629 2865
630 2547
631 1109
632 882
633 2783
634 2492
635 1819
636 1282
637 919
638 2523
639 2900
640 599
641 2113
642 443
643 485
644 259
645 2391
646 2900
647 1294
648 1213
649 1003
650 2720
651 2924
652 1747
653 2916
654 1276
655 2536
656 2821
657 2524
658 1098
659 1728
660 1512
661 2734
662 1124
663 1107
664 1850
665 139
666 778
667 2605
668 1791
669 1165
670 177
671 532
672 342
673 2513
674 949
675 2784
676 1449
677 2312
678 789
679 2125
680 2080
681 1180
682 302
683 1098
684 2936
685 1012
686 1775
687 494
688 2483
689 2712
690 2788
691 807
692 1132
693 1839
694 70
695 539
696 2432
697 2076
698 1754
699 1104
700 1052
701 575
702 2034
703 2200
704 1881
705 805
706 2761
707 1618
708 1972
709 624
710 565
711 1561
712 608
713 903
714 2019
715 2970
716 709
717 2700
718 2095
719 1240
720 1844
721 1488
722 1433
723 1793
724 1106
725 2876
726 817
727 501
728 2386
729 2910
730 1078
731 2795
732 1499
733 146
734 1205
735 133
736 610
737 1794
738 1168
739 2416
740 1966
741 2439
742 1599
743 565
744 1174
745 34
746 1842
747 247
748 769
749 867
750 2439
751 1527
752 1241
753 1422
754 886
755 2627
756 696
757 1417
758 2941
759 2988
760 2089
761 1627
762 1884
763 1631
764 275
765 2500
766 87
767 160
768 50
769 2910
770 188
771 62
772 2206
773 843
774 382
775 1934
776 1503
777 2767
778 180
779 2677
780 1051
781 2591
782 1155
783 116
784 2344
785 1391
786 746
787 745
788 1979
789 1006
790 1391
791 1630
792 1477
793 146
794 1466
795 2986
796 1048
797 2161
798 1171
799 1713
800 380
801 2939
802 1247
803 2061
804 2857
805 2385
806 2352
807 2407
808 2525
809 2451
810 1128
811 2942
812 629
813 2146
814 1719
815 1258
816 1791
817 2420
818 140
819 916
820 1717
821 1855
822 2706
823 2528
824 221
825 2628
826 2245
827 703
828 2681
829 36
830 232
831 1871
832 2019
833 2531
834 2020
835 2481
836 2251
837 2707
838 1795
839 2034
840 1968
841 1847
842 1810
843 841
844 2304
845 2750
846 942
847 1463
848 1231
849 2509
850 1074
851 2746
852 2605
853 2258
854 237
855 232
856 171
857 1750
858 1341
859 73
860 320
861 1598
862 2407
863 1720
864 2634
865 1058
866 2058
867 123
868 1654
869 802
870 485
871 453
872 847
873 2590
874 1887
875 2680
876 789
877 267
878 616
879 2577
880 595
881 589
882 866
883 287
884 2888
885 2876
886 2065
887 1645
888 1392
889 2853
890 2577
891 2655
892 1118
893 428
894 2695
895 918
896 2460
897 1251
898 530
899 1433
900 645
901 1693
902 534
903 2599
904 2914
905 694
906 256
907 228
908 918
909 2991
910 2363
911 2157
912 940
913 420
914 268
915 2580

