149 4
0 753
1 918
2 498
3 586
4 2438
5 1784
6 2700
7 2351
8 2376
9 2446
10 397
11 25
12 2962
13 2569
14 185
15 687
16 709
17 2207
18 1830
19 2809
20 1200
21 1142
22 2963
23 2207
24 737
25 2307
26 783
27 2322
28 2678
29 1380
30 718
31 964
32 2456
33 2825
34 2688
35 729
36 1516
37 2625
38 985
39 1762
40 716
41 117
42 1137
43 2358
44 974
45 452
46 1285
47 2197
48 571
49 1610
50 1170
51 2566
52 1704
53 2281
54 2218
55 51
56 2931
57 71
58 2931
59 1318
60 744
61 1430
62 608
63 923
64 1709
65 26
66 2997
67 2890
68 1585
69 177
70 2422
71 501
72 1222
73 825
74 473
75 2000
76 1898
77 2992
78 1955
79 1741
80 1242
81 1911
82 2769
83 2454
84 1635
85 2150
86 469
87 2658
88 353
89 1258
90 909
91 2850
92 1714
93 2940
94 1580
95 1588
96 1215
97 452
98 756
99 56
100 1663
101 1004
102 1927
103 405
104 891
105 1099
106 1968
107 418
108 1762
109 1298
110 1915
111 66
112 1340
113 402
114 1104
115 2973
116 2923
117 2540
118 2320
119 2277
120 2795
121 2853
122 1333
123 634
124 423
125 237
126 567
127 1108
128 2643
129 1447
130 575
131 402
132 2167
133 1817
134 1769
135 2426
136 1242
137 2013
138 2814
139 1605
140 965
141 587
142 1429
143 2481
144 170
145 1356
146 250
147 1438
148 1213

