279 73
0 2766
1 719
2 1581
3 1217
4 2371
5 61
6 6
7 2045
8 2256
9 2974
10 2159
11 2366
12 1641
13 724
14 765
15 1593
16 1668
17 1280
18 2543
19 1397
20 1695
21 811
22 1073
23 1474
24 2629
25 615
26 2327
27 940
28 1125
29 90
30 1435
31 2385
32 2490
33 716
34 569
35 31
36 2692
37 44
38 902
39 293
40 299
41 2493
42 749
43 1119
44 2909
45 828
46 1792
47 2686
48 2193
49 997
50 1792
51 273
52 2384
53 1734
54 1519
55 2399
56 1303
57 2606
58 2952
59 164
60 845
61 376
62 2258
63 1262
64 2237
65 2488
66 2598
67 700
68 2262
69 563
70 1282
71 256
72 2824
73 1115
74 1717
75 614
76 74
77 590
78 1684
79 2323
80 1867
81 2943
82 397
83 868
84 389
85 219
86 2082
87 55
88 50
89 1420
90 702
91 2899
92 359
93 422
94 227
95 2107
96 1850
97 1126
98 2026
99 2222
100 1733
101 2157
102 549
103 170
104 1003
105 847
106 839
107 1953
108 41
109 2386
110 2745
111 2111
112 1874
113 2664
114 2903
115 442
116 2771
117 550
118 2473
119 598
120 2829
121 2099
122 1160
123 961
124 2905
125 1641
126 1026
127 1509
128 33
129 2370
130 243
131 1750
132 1254
133 279
134 2571
135 1592
136 1202
137 928
138 2594
139 2588
140 1552
141 1813
142 298
143 1171
144 2843
145 1035
146 2799
147 1582
148 2417
149 1547
150 1361
151 406
152 2296
153 2563
154 2718
155 2463
156 2627
157 750
158 856
159 2260
160 1264
161 282
162 2221
163 504
164 1888
165 371
166 2693
167 2632
168 178
169 307
170 1241
171 1421
172 195
173 1920
174 631
175 1976
176 1543
177 1540
178 1369
179 2577
180 2542
181 1685
182 1428
183 1288
184 223
185 445
186 1039
187 457
188 1498
189 1685
190 65
191 1227
192 2488
193 915
194 492
195 1520
196 2154
197 1403
198 1785
199 463
200 1645
201 2287
202 119
203 2937
204 2030
205 2611
206 1457
207 1881
208 1345
209 693
210 328
211 2329
212 2232
213 633
214 1103
215 1472
216 2750
217 737
218 2312
219 2813
220 1431
221 1555
222 1028
223 1404
224 587
225 853
226 1436
227 92
228 369
229 1582
230 1408
231 605
232 1913
233 2516
234 841
235 2551
236 2601
237 2831
238 2942
239 2861
240 2169
241 1247
242 1648
243 1718
244 367
245 1543
246 785
247 741
248 466
249 351
250 1803
251 68
252 2029
253 733
254 1290
255 288
256 1707
257 2729
258 389
259 182
260 577
261 2650
262 672
263 285
264 816
265 2806
266 2045
267 2618
268 1239
269 2599
270 1030
271 2150
272 496
273 127
274 30
275 212
276 736
277 2968
278 2275

