899 27
0 2620
1 1114
2 1770
3 2929
4 2954
5 2654
6 2468
7 2993
8 2367
9 283
10 770
11 2746
12 895
13 1006
14 2701
15 354
16 2516
17 1061
18 1832
19 589
20 2367
21 464
22 904
23 2825
24 1947
25 582
26 1450
27 2736
28 2565
29 681
30 2431
31 1831
32 1868
33 2454
34 2595
35 836
36 1388
37 1230
38 1209
39 2965
40 2129
41 2394
42 2311
43 2704
44 640
45 2631
46 1998
47 1610
48 2383
49 2699
50 1678
51 2185
52 465
53 443
54 1194
55 547
56 1836
57 2564
58 2476
59 2894
60 1557
61 1690
62 1124
63 819
64 1259
65 855
66 197
67 2729
68 1698
69 2903
70 1872
71 2749
72 2064
73 1263
74 2108
75 723
76 687
77 681
78 903
79 2348
80 834
81 2693
82 1998
83 1697
84 2570
85 1879
86 2825
87 2740
88 1816
89 619
90 86
91 1761
92 1867
93 7
94 354
95 1517
96 1707
97 1737
98 2143
99 1314
100 2051
101 2216
102 2931
103 1576
104 1371
105 2322
106 2913
107 1894
108 2680
109 796
110 1712
111 1239
112 1430
113 2004
114 2593
115 366
116 1050
117 181
118 364
119 302
120 2398
121 617
122 970
123 1414
124 690
125 2066
126 1081
127 2591
128 1935
129 1871
130 23
131 1477
132 2081
133 2479
134 1308
135 553
136 2100
137 1202
138 1726
139 359
140 2638
141 2192
142 2541
143 901
144 261
145 2856
146 459
147 455
148 1008
149 2061
150 774
151 618
152 2932
153 429
154 2423
155 2568
156 2214
157 1230
158 1180
159 213
160 2755
161 733
162 491
163 2610
164 2119
165 1250
166 2846
167 1668
168 1923
169 2571
170 1403
171 560
172 1110
173 1223
174 1342
175 603
176 361
177 1413
178 677
179 510
180 2968
181 2383
182 163
183 2857
184 2669
185 2493
186 1879
187 1179
188 1771
189 2432
190 14
191 1338
192 327
193 2005
194 1762
195 2831
196 1250
197 1733
198 510
199 1848
200 1950
201 2609
202 1662
203 2435
204 2952
205 2997
206 1113
207 273
208 1492
209 1452
210 93
211 582
212 462
213 162
214 1443
215 1590
216 2795
217 2616
218 1259
219 1297
220 1943
221 2955
222 1150
223 2786
224 323
225 2388
226 1868
227 1282
228 1644
229 1063
230 471
231 2492
232 790
233 1158
234 2330
235 136
236 1078
237 384
238 1331
239 2662
240 353
241 267
242 1629
243 1389
244 2701
245 768
246 1537
247 1192
248 965
249 2782
250 1034
251 2999
252 690
253 528
254 1893
255 2521
256 2684
257 1014
258 2173
259 634
260 1990
261 2801
262 2411
263 1491
264 2805
265 505
266 1987
267 2977
268 250
269 176
270 128
271 2837
272 2033
273 683
274 1150
275 2751
276 854
277 313
278 169
279 376
280 1755
281 831
282 2170
283 2330
284 2181
285 1375
286 1411
287 1942
288 1420
289 174
290 491
291 2442
292 2957
293 2740
294 1623
295 2541
296 2827
297 1939
298 1124
299 128
300 1976
301 461
302 439
303 1279
304 1750
305 502
306 1788
307 302
308 1914
309 2379
310 1544
311 46
312 1646
313 908
314 1175
315 2862
316 2002
317 111
318 2601
319 887
320 912
321 2392
322 1064
323 1078
324 2106
325 972
326 730
327 1362
328 2900
329 289
330 954
331 2800
332 2075
333 1616
334 354
335 2145
336 530
337 637
338 797
339 1502
340 14
341 2901
342 2396
343 1288
344 2625
345 1557
346 162
347 2654
348 1612
349 2919
350 70
351 2541
352 1688
353 1918
354 2983
355 2005
356 2910
357 284
358 2917
359 605
360 2761
361 2964
362 82
363 1757
364 236
365 1639
366 990
367 1607
368 590
369 2002
370 68
371 2796
372 566
373 1896
374 679
375 894
376 2419
377 2220
378 1973
379 2900
380 1340
381 2917
382 369
383 2539
384 2261
385 1226
386 39
387 1278
388 1110
389 1405
390 1155
391 1692
392 993
393 1538
394 2395
395 2514
396 2050
397 300
398 2359
399 1347
400 2636
401 850
402 1921
403 765
404 2300
405 2459
406 2205
407 2990
408 1267
409 216
410 1597
411 1774
412 604
413 889
414 1535
415 339
416 1968
417 2513
418 406
419 1457
420 1620
421 2830
422 1868
423 2495
424 812
425 1751
426 1866
427 211
428 751
429 544
430 1010
431 2057
432 1899
433 792
434 2237
435 832
436 1695
437 906
438 2566
439 1174
440 2360
441 1533
442 2053
443 763
444 2199
445 1383
446 1377
447 154
448 361
449 2550
450 2421
451 1438
452 1935
453 1712
454 1785
455 2733
456 277
457 1484
458 1661
459 252
460 2682
461 546
462 2303
463 1624
464 1753
465 664
466 2459
467 2468
468 2153
469 1330
470 1675
471 1783
472 1421
473 1409
474 736
475 2665
476 597
477 1760
478 189
479 1122
480 545
481 2430
482 454
483 2715
484 654
485 735
486 2200
487 2288
488 1360
489 1352
490 1329
491 1257
492 2726
493 2924
494 2478
495 2413
496 449
497 1652
498 2671
499 738
500 1264
501 2120
502 1990
503 944
504 2197
505 1033
506 183
507 1812
508 1705
509 2373
510 2187
511 166
512 1500
513 1764
514 139
515 1833
516 165
517 1962
518 304
519 1692
520 512
521 682
522 2499
523 1598
524 2466
525 2348
526 521
527 2841
528 898
529 2669
530 836
531 749
532 506
533 2530
534 1372
535 416
536 211
537 2344
538 558
539 627
540 1507
541 2508
542 2184
543 149
544 2697
545 2176
546 1275
547 2858
548 572
549 1453
550 810
551 1198
552 1322
553 1340
554 446
555 1063
556 724
557 2414
558 1185
559 415
560 2756
561 2222
562 1698
563 2626
564 517
565 2887
566 1462
567 2775
568 2925
569 601
570 446
571 480
572 2588
573 1091
574 2699
575 310
576 1130
577 2840
578 2670
579 1756
580 438
581 1981
582 1307
583 2246
584 113
585 2811
586 2492
587 1507
588 262
589 1725
590 79
591 1555
592 2812
593 2858
594 2614
595 1410
596 802
597 714
598 2692
599 1972
600 1032
601 1435
602 2288
603 2087
604 1723
605 2683
606 860
607 1925
608 1411
609 325
610 2711
611 2513
612 1634
613 2511
614 1515
615 1234
616 2664
617 859
618 2303
619 1236
620 637
621 362
622 345
623 95
624 1761
625 1382
626 2895
627 2293
628 1106
629 1715
630 189
631 1514
632 2961
633 1534
634 2755
635 297
636 2005
637 784
638 904
639 953
640 931
641 382
642 233
643 135
644 2938
645 1120
646 1233
647 2973
648 1364
649 2768
650 1859
651 144
652 1517
653 1437
654 1179
655 885
656 1834
657 89
658 180
659 2365
660 2731
661 2111
662 2463
663 1174
664 505
665 1051
666 787
667 338
668 2085
669 2796
670 2624
671 2152
672 68
673 2951
674 2197
675 121
676 1166
677 2995
678 1619
679 2846
680 73
681 2701
682 804
683 2212
684 2039
685 2173
686 875
687 1514
688 540
689 2898
690 1008
691 766
692 1520
693 2302
694 1098
695 1780
696 398
697 1662
698 1669
699 2116
700 131
701 2767
702 897
703 2420
704 2162
705 206
706 598
707 2092
708 2822
709 2811
710 2477
711 2734
712 487
713 435
714 913
715 2562
716 542
717 805
718 2660
719 566
720 1102
721 465
722 2896
723 1964
724 1949
725 1462
726 2776
727 1865
728 243
729 1648
730 840
731 1373
732 486
733 2015
734 2352
735 14
736 2400
737 2418
738 995
739 445
740 1285
741 88
742 790
743 1734
744 741
745 2525
746 539
747 440
748 171
749 2451
750 1597
751 74
752 779
753 181
754 182
755 1374
756 1641
757 534
758 802
759 1804
760 2046
761 2441
762 48
763 2978
764 1777
765 675
766 1229
767 2858
768 1497
769 2565
770 397
771 1960
772 637
773 1611
774 148
775 2972
776 1083
777 2526
778 1504
779 1097
780 792
781 2020
782 10
783 620
784 355
785 1648
786 1871
787 705
788 1932
789 844
790 1007
791 101
792 2700
793 2850
794 1480
795 1519
796 2900
797 2015
798 738
799 2393
800 973
801 2776
802 1513
803 2917
804 2023
805 2664
806 1635
807 1351
808 2462
809 1380
810 726
811 2533
812 739
813 1938
814 2745
815 1932
816 2582
817 2626
818 2446
819 2428
820 1441
821 1632
822 527
823 269
824 1075
825 164
826 2274
827 261
828 1198
829 1768
830 2918
831 606
832 2649
833 2472
834 2319
835 2452
836 2949
837 1945
838 2209
839 1419
840 720
841 970
842 848
843 1338
844 28
845 1874
846 2405
847 749
848 277
849 491
850 1905
851 1049
852 2775
853 1223
854 1382
855 2412
856 741
857 555
858 1036
859 2673
860 2546
861 814
862 2264
863 930
864 806
865 1456
866 332
867 2142
868 2925
869 700
870 682
871 2930
872 1960
873 1116
874 2051
875 700
876 1214
877 2545
878 1188
879 1964
880 2052
881 2464
882 2643
883 568
884 239
885 2272
886 344
887 2507
888 2973
889 1377
890 2016
891 2780
892 2450
893 15
894 1900
895 2698
896 1138
897 2169
898 537

