446 82
0 2729
1 504
2 2905
3 693
4 731
5 764
6 1510
7 1762
8 2523
9 1436
10 1550
11 2938
12 2264
13 1784
14 2832
15 2394
16 2261
17 254
18 187
19 2352
20 35
21 2169
22 2175
23 175
24 488
25 2324
26 799
27 1981
28 2607
29 62
30 2439
31 1629
32 595
33 969
34 1353
35 728
36 5
37 585
38 2272
39 368
40 1993
41 1389
42 1080
43 888
44 1479
45 67
46 2159
47 2087
48 2051
49 2056
50 906
51 1761
52 2245
53 2698
54 1171
55 1721
56 719
57 1197
58 1565
59 1325
60 652
61 2155
62 943
63 1937
64 1293
65 1357
66 2117
67 205
68 856
69 2072
70 2352
71 2023
72 2696
73 1681
74 2150
75 2958
76 2838
77 2858
78 1933
79 1595
80 271
81 1627
82 1510
83 829
84 791
85 1458
86 1917
87 1062
88 330
89 546
90 1984
91 685
92 2062
93 2767
94 1031
95 2680
96 2171
97 2834
98 2774
99 2921
100 281
101 2171
102 2076
103 2283
104 93
105 482
106 2366
107 2542
108 2218
109 155
110 1337
111 1815
112 2463
113 535
114 1773
115 875
116 1751
117 1468
118 1881
119 1920
120 2637
121 174
122 2428
123 1758
124 1901
125 822
126 1306
127 2106
128 2803
129 1809
130 431
131 264
132 2579
133 1850
134 1188
135 267
136 1047
137 2297
138 826
139 1897
140 2750
141 872
142 634
143 876
144 1579
145 157
146 2717
147 820
148 78
149 918
150 775
151 935
152 54
153 1581
154 2506
155 180
156 1705
157 2810
158 484
159 2557
160 133
161 41
162 238
163 111
164 1394
165 1509
166 887
167 1
168 295
169 2082
170 508
171 138
172 690
173 1671
174 1339
175 155
176 1494
177 1595
178 1749
179 1602
180 856
181 2200
182 440
183 234
184 2433
185 1115
186 1055
187 1000
188 2905
189 1665
190 316
191 1709
192 1087
193 2146
194 1123
195 1367
196 2291
197 2210
198 278
199 1037
200 1027
201 471
202 872
203 2043
204 648
205 2028
206 2483
207 1089
208 2666
209 1650
210 324
211 2626
212 2269
213 1640
214 2391
215 2605
216 2485
217 660
218 2104
219 2079
220 549
221 2804
222 8
223 1181
224 1378
225 1621
226 1996
227 278
228 1667
229 1084
230 2123
231 1329
232 2913
233 838
234 2757
235 2349
236 2280
237 2670
238 1564
239 1961
240 2245
241 1019
242 2915
243 40
244 1693
245 905
246 2085
247 2938
248 462
249 286
250 342
251 697
252 105
253 1445
254 1155
255 526
256 1370
257 2972
258 2033
259 2415
260 1912
261 1621
262 776
263 788
264 1737
265 1567
266 1231
267 2680
268 609
269 1039
270 643
271 683
272 453
273 1168
274 760
275 114
276 313
277 2960
278 1431
279 1222
280 1683
281 673
282 1025
283 1850
284 604
285 1459
286 2654
287 2251
288 1276
289 1284
290 863
291 1730
292 982
293 2683
294 2972
295 2739
296 2986
297 2451
298 951
299 2517
300 2858
301 2711
302 2802
303 2841
304 1813
305 2510
306 1966
307 1771
308 2567
309 1672
310 233
311 1136
312 2079
313 2839
314 1936
315 1442
316 2690
317 2099
318 348
319 523
320 957
321 1328
322 1537
323 2694
324 772
325 2194
326 711
327 1266
328 1292
329 1821
330 2308
331 1419
332 1215
333 215
334 2483
335 2844
336 2026
337 2137
338 2621
339 626
340 1601
341 748
342 941
343 1738
344 2984
345 1489
346 1027
347 49
348 472
349 806
350 1965
351 721
352 550
353 2113
354 993
355 1624
356 303
357 1512
358 2141
359 789
360 1019
361 860
362 1734
363 1433
364 776
365 2256
366 2808
367 2407
368 526
369 2392
370 1803
371 2434
372 2528
373 2200
374 1646
375 1976
376 2571
377 1734
378 482
379 912
380 2179
381 2970
382 2350
383 2190
384 1480
385 1530
386 336
387 1894
388 1717
389 1947
390 685
391 909
392 2616
393 2514
394 942
395 671
396 2077
397 936
398 2879
399 1050
400 1428
401 1200
402 1177
403 2638
404 2579
405 2921
406 1143
407 2384
408 1097
409 784
410 2401
411 1220
412 1487
413 1118
414 2873
415 2064
416 2671
417 33
418 955
419 232
420 841
421 2835
422 918
423 1371
424 997
425 2223
426 2473
427 1108
428 2637
429 2503
430 662
431 2965
432 2043
433 2253
434 1924
435 2428
436 2731
437 2174
438 2237
439 2920
440 413
441 1349
442 744
443 879
444 1826
445 1013

