574 89
0 1200
1 1603
2 2154
3 876
4 922
5 2921
6 2491
7 2052
8 2197
9 2045
10 2881
11 76
12 1796
13 890
14 2859
15 601
16 474
17 1908
18 528
19 1930
20 2524
21 2432
22 2545
23 533
24 1255
25 2996
26 2135
27 2465
28 1011
29 825
30 1524
31 2691
32 920
33 2941
34 387
35 2967
36 321
37 607
38 66
39 336
40 926
41 420
42 2077
43 1975
44 2336
45 1294
46 1656
47 2283
48 2777
49 304
50 589
51 1129
52 529
53 238
54 2105
55 1347
56 1845
57 2970
58 2318
59 2471
60 2801
61 1529
62 2975
63 1351
64 1359
65 2679
66 1686
67 58
68 690
69 939
70 1735
71 1602
72 1168
73 1605
74 2796
75 1894
76 2266
77 2901
78 2169
79 616
80 2980
81 2075
82 480
83 492
84 2502
85 1560
86 493
87 554
88 1117
89 112
90 678
91 187
92 1603
93 2973
94 2799
95 2173
96 948
97 2920
98 1648
99 1969
100 2628
101 2607
102 2171
103 2805
104 266
105 872
106 2629
107 2702
108 2533
109 2099
110 1905
111 2257
112 1711
113 1635
114 2546
115 891
116 1003
117 1611
118 2219
119 2945
120 2289
121 2217
122 104
123 1989
124 1650
125 1546
126 2361
127 2906
128 1792
129 2514
130 685
131 2114
132 2952
133 1818
134 2970
135 2297
136 400
137 937
138 2593
139 894
140 361
141 2797
142 2360
143 2149
144 1860
145 2894
146 1422
147 1184
148 1385
149 1071
150 136
151 131
152 2364
153 1091
154 2048
155 1230
156 1548
157 1255
158 2482
159 2354
160 1621
161 695
162 1891
163 2963
164 2057
165 1692
166 2236
167 2036
168 2437
169 998
170 1496
171 1845
172 300
173 647
174 2082
175 2568
176 450
177 2396
178 1553
179 1531
180 268
181 887
182 1075
183 2640
184 1093
185 1703
186 915
187 69
188 2785
189 2438
190 459
191 1058
192 1399
193 1728
194 2027
195 2298
196 2202
197 1653
198 99
199 785
200 831
201 2049
202 2702
203 199
204 1957
205 2539
206 312
207 215
208 2075
209 1843
210 322
211 2896
212 1852
213 443
214 1984
215 791
216 1550
217 2562
218 2423
219 1255
220 1464
221 2698
222 1758
223 1405
224 1956
225 2331
226 1543
227 2392
228 494
229 959
230 37
231 2435
232 1033
233 2868
234 2688
235 1292
236 2972
237 2452
238 1341
239 2221
240 1577
241 2869
242 268
243 1523
244 1817
245 2578
246 2880
247 1540
248 2540
249 1040
250 2255
251 1204
252 2011
253 267
254 2332
255 818
256 792
257 2628
258 904
259 44
260 63
261 1380
262 101
263 2728
264 2041
265 2475
266 419
267 1137
268 2842
269 838
270 424
271 1321
272 2192
273 334
274 2908
275 2543
276 1071
277 2851
278 728
279 157
280 1126
281 901
282 1090
283 1008
284 2467
285 2102
286 2715
287 1326
288 1088
289 2248
290 1733
291 1828
292 1111
293 1528
294 1063
295 1709
296 480
297 2614
298 2360
299 2122
300 1525
301 59
302 2192
303 362
304 1865
305 562
306 1912
307 70
308 2108
309 2413
310 2631
311 2136
312 1743
313 1359
314 2652
315 2735
316 1675
317 2745
318 2173
319 835
320 1559
321 1933
322 945
323 734
324 2172
325 1774
326 1687
327 780
328 1994
329 188
330 1699
331 2107
332 2106
333 2143
334 2596
335 1538
336 2264
337 2200
338 2820
339 220
340 1043
341 1983
342 2903
343 767
344 1913
345 2502
346 2650
347 2964
348 1038
349 328
350 1699
351 66
352 2532
353 1750
354 2771
355 495
356 2676
357 624
358 1514
359 1824
360 1780
361 1787
362 529
363 2845
364 1767
365 1040
366 2340
367 727
368 1222
369 1750
370 1870
371 239
372 102
373 1450
374 1179
375 2609
376 962
377 2567
378 2919
379 722
380 1965
381 780
382 2778
383 1677
384 1737
385 1243
386 1180
387 2719
388 2851
389 2613
390 2976
391 79
392 376
393 827
394 2134
395 2046
396 1693
397 1855
398 803
399 894
400 1997
401 816
402 177
403 2572
404 1704
405 2320
406 938
407 2154
408 324
409 2432
410 2336
411 866
412 1664
413 2936
414 2443
415 2662
416 2491
417 2382
418 2909
419 617
420 1010
421 719
422 2736
423 1095
424 851
425 2362
426 42
427 1498
428 307
429 2505
430 2887
431 897
432 1873
433 718
434 575
435 2629
436 1025
437 1444
438 2892
439 2117
440 479
441 825
442 2400
443 2172
444 392
445 785
446 2348
447 264
448 1274
449 815
450 1246
451 1049
452 1102
453 864
454 2076
455 26
456 1358
457 59
458 300
459 2789
460 1548
461 1893
462 2134
463 1693
464 101
465 836
466 1429
467 538
468 2826
469 699
470 1216
471 1737
472 1953
473 886
474 708
475 50
476 1373
477 1853
478 1158
479 265
480 140
481 1874
482 847
483 2444
484 2685
485 783
486 2007
487 1235
488 1775
489 1917
490 2603
491 1467
492 1302
493 2018
494 2099
495 2396
496 537
497 874
498 2827
499 1973
500 2542
501 1613
502 634
503 2701
504 751
505 1682
506 34
507 2409
508 428
509 1275
510 2821
511 1949
512 2858
513 2468
514 0
515 350
516 1328
517 961
518 1768
519 1103
520 2570
521 2524
522 2009
523 2931
524 2239
525 2804
526 2935
527 2755
528 291
529 2373
530 1401
531 2172
532 1966
533 2749
534 2248
535 488
536 623
537 1712
538 2087
539 2357
540 410
541 177
542 276
543 888
544 1864
545 2713
546 1898
547 1821
548 57
549 1686
550 2754
551 709
552 1489
553 121
554 922
555 2766
556 260
557 649
558 2652
559 808
560 2809
561 2549
562 2852
563 1431
564 1123
565 2381
566 2928
567 833
568 1333
569 321
570 2051
571 1814
572 503
573 1705

