215 78
0 253
1 1777
2 417
3 1204
4 372
5 108
6 1588
7 2932
8 1778
9 1563
10 2377
11 2169
12 1303
13 1274
14 1638
15 1871
16 321
17 2026
18 1874
19 403
20 569
21 1416
22 854
23 926
24 942
25 2899
26 1236
27 1010
28 2569
29 1715
30 508
31 1523
32 2568
33 2982
34 1652
35 1825
36 1180
37 2668
38 869
39 626
40 1866
41 2890
42 2709
43 1590
44 1474
45 1475
46 2028
47 2398
48 27
49 665
50 2212
51 2371
52 2980
53 2867
54 1070
55 2299
56 878
57 1672
58 2658
59 1054
60 2282
61 886
62 1678
63 1969
64 2419
65 814
66 2645
67 810
68 92
69 972
70 1772
71 174
72 620
73 1679
74 1488
75 742
76 1990
77 2720
78 2977
79 2398
80 367
81 625
82 1946
83 1519
84 2155
85 2651
86 1004
87 2605
88 1087
89 415
90 2561
91 1183
92 2033
93 363
94 238
95 817
96 673
97 1699
98 1190
99 349
100 2466
101 214
102 2406
103 2338
104 784
105 2986
106 602
107 140
108 148
109 229
110 259
111 149
112 2152
113 1499
114 2804
115 123
116 1041
117 885
118 268
119 839
120 2967
121 433
122 2458
123 402
124 2113
125 1382
126 1449
127 404
128 1073
129 2257
130 2006
131 699
132 2362
133 2878
134 356
135 2163
136 2531
137 2395
138 2830
139 1085
140 2631
141 1808
142 2027
143 159
144 2072
145 354
146 175
147 1717
148 2946
149 212
150 2548
151 1482
152 1952
153 2486
154 1994
155 1606
156 2981
157 488
158 1668
159 324
160 2278
161 1214
162 1094
163 1137
164 657
165 1567
166 2670
167 1041
168 791
169 298
170 1135
171 2069
172 2601
173 2469
174 1257
175 2464
176 827
177 352
178 139
179 2796
180 585
181 2133
182 2541
183 1544
184 1714
185 2639
186 1578
187 139
188 1586
189 1353
190 2303
191 2026
192 700
193 1475
194 1420
195 794
196 1382
197 2619
198 412
199 1878
200 2100
201 2404
202 85
203 2667
204 1448
205 2223
206 1515
207 1315
208 462
209 124
210 1893
211 842
212 1049
213 154
214 1701

