763 90
0 1035
1 1163
2 746
3 1088
4 248
5 510
6 1460
7 2114
8 1943
9 2444
10 1122
11 1094
12 842
13 192
14 668
15 1865
16 1455
17 2858
18 2877
19 1275
20 2956
21 1794
22 2207
23 1446
24 1913
25 44
26 1058
27 2559
28 118
29 66
30 724
31 566
32 1231
33 2810
34 2831
35 1593
36 2578
37 1531
38 1931
39 417
40 266
41 560
42 1271
43 877
44 1291
45 171
46 2018
47 562
48 1104
49 192
50 204
51 650
52 2293
53 124
54 1316
55 256
56 1341
57 700
58 200
59 2578
60 893
61 1103
62 132
63 285
64 2757
65 2621
66 1365
67 233
68 1231
69 2311
70 1651
71 1950
72 333
73 2202
74 2384
75 280
76 2584
77 946
78 286
79 1213
80 2586
81 1383
82 2579
83 1940
84 1985
85 111
86 1126
87 2630
88 131
89 1494
90 1532
91 1187
92 2767
93 2025
94 2162
95 2542
96 284
97 745
98 2759
99 1690
100 2985
101 2964
102 923
103 402
104 2884
105 317
106 808
107 2084
108 22
109 2451
110 1457
111 823
112 815
113 653
114 140
115 1719
116 1841
117 448
118 1595
119 1123
120 681
121 2402
122 433
123 1807
124 190
125 446
126 114
127 2575
128 2419
129 2842
130 2670
131 558
132 1902
133 503
134 598
135 1454
136 2770
137 1474
138 153
139 1113
140 1793
141 1238
142 2670
143 1107
144 750
145 2641
146 2766
147 259
148 964
149 1022
150 2752
151 2656
152 509
153 1272
154 2282
155 416
156 2712
157 913
158 2203
159 2860
160 1827
161 1363
162 453
163 2799
164 1231
165 1088
166 599
167 2750
168 2532
169 1427
170 2009
171 1093
172 33
173 321
174 2473
175 1082
176 798
177 1283
178 2582
179 1882
180 665
181 2788
182 2813
183 2410
184 1581
185 64
186 2395
187 2541
188 2002
189 266
190 683
191 2303
192 1458
193 359
194 590
195 1139
196 2535
197 2850
198 2146
199 646
200 2603
201 2052
202 377
203 1212
204 2546
205 777
206 1404
207 2265
208 2741
209 1397
210 2696
211 359
212 189
213 2156
214 680
215 2216
216 156
217 2250
218 1561
219 2223
220 516
221 2961
222 664
223 2595
224 40
225 2872
226 2883
227 275
228 2706
229 413
230 1746
231 824
232 2378
233 2804
234 2901
235 435
236 170
237 2931
238 1739
239 430
240 1393
241 2875
242 1035
243 2260
244 2176
245 1177
246 481
247 749
248 380
249 2745
250 163
251 2965
252 1763
253 538
254 2949
255 1767
256 79
257 1773
258 661
259 861
260 1531
261 1699
262 2294
263 1208
264 2831
265 1874
266 2012
267 341
268 1185
269 2254
270 612
271 558
272 2709
273 1596
274 2289
275 118
276 630
277 1430
278 1084
279 1676
280 2658
281 195
282 527
283 536
284 955
285 364
286 1838
287 779
288 248
289 2290
290 184
291 661
292 1084
293 1703
294 449
295 555
296 792
297 2670
298 2588
299 2879
300 2228
301 1992
302 2186
303 856
304 2415
305 55
306 2501
307 974
308 1250
309 2974
310 2469
311 1773
312 1158
313 959
314 461
315 1461
316 2303
317 2430
318 2598
319 99
320 2513
321 255
322 2331
323 2617
324 425
325 2706
326 438
327 1826
328 669
329 1757
330 2252
331 952
332 113
333 1252
334 2788
335 2387
336 819
337 881
338 2349
339 1950
340 1002
341 88
342 2
343 38
344 1866
345 620
346 1900
347 2869
348 2636
349 1040
350 883
351 2712
352 1088
353 2374
354 1116
355 1611
356 48
357 821
358 248
359 2439
360 2811
361 1781
362 1060
363 2616
364 651
365 348
366 2730
367 1962
368 1850
369 1823
370 1302
371 2820
372 2564
373 495
374 2036
375 345
376 1051
377 2051
378 1733
379 384
380 2953
381 2141
382 2331
383 1078
384 2243
385 2453
386 2404
387 1009
388 973
389 2714
390 2459
391 1812
392 2099
393 2177
394 373
395 2551
396 1552
397 294
398 1468
399 231
400 964
401 1821
402 1540
403 2567
404 2267
405 2906
406 1493
407 2068
408 583
409 2593
410 2952
411 101
412 2768
413 2338
414 2321
415 803
416 430
417 1388
418 371
419 2122
420 730
421 2861
422 2118
423 253
424 2695
425 1009
426 1837
427 2467
428 2122
429 1697
430 2922
431 1858
432 396
433 2463
434 1720
435 1454
436 2352
437 521
438 1741
439 656
440 1021
441 1283
442 2732
443 942
444 1616
445 694
446 1636
447 347
448 1241
449 1013
450 232
451 2559
452 260
453 1861
454 1716
455 862
456 1294
457 1786
458 2615
459 176
460 428
461 108
462 2462
463 2249
464 223
465 329
466 193
467 687
468 1515
469 849
470 1133
471 2178
472 2690
473 220
474 2186
475 910
476 438
477 2879
478 287
479 478
480 527
481 104
482 2358
483 409
484 1785
485 1185
486 2917
487 638
488 1672
489 989
490 2927
491 2353
492 2548
493 1786
494 1046
495 2802
496 2055
497 728
498 1059
499 2517
500 391
501 754
502 1058
503 1813
504 1044
505 2104
506 522
507 2414
508 439
509 919
510 241
511 1649
512 2209
513 516
514 1067
515 353
516 670
517 2291
518 1622
519 592
520 2554
521 1280
522 2582
523 1055
524 1979
525 1176
526 2712
527 357
528 938
529 337
530 2301
531 1997
532 3000
533 1824
534 2558
535 2825
536 1807
537 433
538 1140
539 783
540 2949
541 1411
542 215
543 1114
544 1393
545 2566
546 2879
547 2143
548 658
549 600
550 1839
551 49
552 2908
553 1106
554 1434
555 1730
556 2103
557 504
558 1304
559 2550
560 2103
561 896
562 2321
563 1464
564 2777
565 277
566 2042
567 2926
568 1679
569 2220
570 785
571 2855
572 2903
573 76
574 1662
575 2015
576 1962
577 85
578 251
579 419
580 1032
581 2039
582 2029
583 804
584 199
585 204
586 1075
587 1243
588 1509
589 623
590 325
591 1144
592 87
593 1420
594 1088
595 1009
596 1788
597 1515
598 2686
599 2449
600 2030
601 57
602 1397
603 1274
604 809
605 2003
606 2850
607 2673
608 1567
609 2945
610 40
611 1541
612 2844
613 2883
614 2404
615 1484
616 400
617 1727
618 291
619 219
620 2233
621 1035
622 2087
623 2928
624 1113
625 2090
626 1543
627 574
628 1264
629 2310
630 20
631 1688
632 2550
633 942
634 659
635 84
636 615
637 807
638 2791
639 1162
640 1366
641 42
642 918
643 331
644 876
645 844
646 2345
647 2847
648 1082
649 1150
650 2606
651 2382
652 1899
653 2999
654 2239
655 1748
656 1478
657 16
658 1665
659 2163
660 2743
661 2450
662 358
663 889
664 1968
665 2507
666 2044
667 1132
668 2227
669 278
670 500
671 1599
672 2069
673 1471
674 1305
675 2434
676 1691
677 1551
678 373
679 1058
680 2018
681 289
682 1498
683 2515
684 2350
685 2963
686 561
687 136
688 2847
689 2916
690 44
691 1696
692 495
693 809
694 2325
695 2946
696 194
697 2556
698 848
699 1227
700 569
701 1699
702 2201
703 1052
704 1732
705 2593
706 872
707 1786
708 1713
709 1859
710 1935
711 177
712 2766
713 1005
714 492
715 2601
716 2787
717 2503
718 1589
719 2541
720 1890
721 724
722 2300
723 2808
724 867
725 1701
726 1607
727 992
728 867
729 563
730 753
731 1612
732 983
733 1621
734 1612
735 1067
736 798
737 465
738 2954
739 1516
740 1417
741 659
742 487
743 1406
744 2720
745 2395
746 629
747 2658
748 2864
749 427
750 2770
751 1885
752 943
753 903
754 340
755 2816
756 2541
757 161
758 266
759 93
760 2486
761 1113
762 2668

