595 14
0 1783
1 1471
2 340
3 1187
4 2838
5 2988
6 423
7 1969
8 1809
9 2076
10 2969
11 277
12 2697
13 1175
14 2307
15 175
16 1420
17 1276
18 2388
19 721
20 2318
21 2362
22 2321
23 1215
24 2980
25 948
26 1535
27 2182
28 2285
29 2133
30 1040
31 2973
32 2901
33 557
34 2950
35 408
36 2090
37 1541
38 877
39 2251
40 119
41 2979
42 376
43 718
44 207
45 2823
46 2641
47 379
48 2634
49 2429
50 1835
51 931
52 1452
53 1616
54 2173
55 6
56 1600
57 1929
58 1612
59 1889
60 2210
61 1960
62 1628
63 1699
64 2751
65 70
66 2787
67 412
68 2411
69 2316
70 1766
71 2474
72 2410
73 261
74 230
75 1848
76 2991
77 50
78 2172
79 1409
80 1846
81 512
82 639
83 809
84 62
85 2174
86 322
87 307
88 2748
89 1805
90 2787
91 98
92 1045
93 1472
94 1814
95 1191
96 697
97 417
98 1121
99 2780
100 2988
101 934
102 703
103 2671
104 34
105 876
106 102
107 181
108 514
109 2594
110 2509
111 1101
112 468
113 2642
114 1824
115 2453
116 1938
117 2721
118 1589
119 2076
120 1830
121 1810
122 1260
123 2334
124 1663
125 2448
126 152
127 2655
128 1876
129 1411
130 203
131 1872
132 2731
133 852
134 2069
135 1876
136 1603
137 378
138 832
139 2523
140 2385
141 1488
142 2605
143 326
144 368
145 1060
146 1584
147 2502
148 1930
149 444
150 1351
151 125
152 1054
153 1297
154 2115
155 2453
156 2844
157 1187
158 2294
159 252
160 1694
161 2420
162 2953
163 2757
164 1537
165 505
166 2254
167 478
168 1580
169 2646
170 1999
171 1570
172 2453
173 2675
174 129
175 480
176 648
177 2208
178 1826
179 2737
180 1748
181 832
182 1335
183 1582
184 2086
185 2856
186 356
187 2299
188 2016
189 417
190 2675
191 684
192 2708
193 267
194 1776
195 551
196 980
197 2004
198 2439
199 891
200 1226
201 2304
202 620
203 2128
204 2049
205 1401
206 1205
207 2363
208 399
209 2630
210 2413
211 594
212 2350
213 2442
214 465
215 101
216 2375
217 943
218 425
219 2260
220 1975
221 2059
222 1760
223 1904
224 1169
225 1774
226 743
227 2251
228 645
229 729
230 2247
231 1609
232 679
233 1982
234 2481
235 2413
236 1673
237 649
238 2218
239 1673
240 1861
241 2855
242 1566
243 140
244 1067
245 1020
246 2021
247 2541
248 1460
249 1049
250 2372
251 2151
252 1905
253 1664
254 637
255 2043
256 698
257 1785
258 2429
259 1481
260 405
261 14
262 286
263 429
264 2769
265 2558
266 2923
267 1803
268 1071
269 837
270 2700
271 1346
272 480
273 1219
274 1844
275 243
276 600
277 2814
278 1071
279 586
280 2659
281 2698
282 2230
283 608
284 719
285 2671
286 2873
287 976
288 605
289 122
290 1542
291 769
292 1735
293 1694
294 1946
295 2511
296 276
297 1357
298 1501
299 2196
300 996
301 476
302 1531
303 994
304 1416
305 1342
306 97
307 1142
308 2734
309 1223
310 2478
311 1720
312 164
313 2584
314 2606
315 1837
316 2316
317 1709
318 2945
319 990
320 2431
321 2053
322 545
323 478
324 2574
325 1246
326 896
327 1067
328 2885
329 27
330 2845
331 2695
332 103
333 1635
334 2989
335 2529
336 1519
337 1077
338 867
339 611
340 795
341 939
342 2369
343 902
344 1236
345 2295
346 746
347 2350
348 1860
349 1974
350 2256
351 2322
352 1884
353 1002
354 714
355 1925
356 2334
357 2155
358 585
359 431
360 1638
361 2318
362 1066
363 2369
364 986
365 575
366 691
367 949
368 819
369 2669
370 1056
371 742
372 2178
373 1582
374 859
375 2289
376 2836
377 225
378 878
379 2666
380 1115
381 2086
382 2983
383 208
384 693
385 305
386 2775
387 780
388 2373
389 1658
390 1008
391 2676
392 2082
393 1703
394 703
395 1488
396 1876
397 2421
398 2948
399 1102
400 800
401 526
402 1070
403 401
404 2724
405 2665
406 2496
407 1954
408 2326
409 1037
410 1960
411 1449
412 2476
413 1570
414 971
415 61
416 319
417 240
418 1916
419 1052
420 1857
421 2326
422 972
423 1157
424 1700
425 2674
426 658
427 2897
428 2100
429 958
430 1734
431 752
432 1472
433 1289
434 586
435 2187
436 588
437 2882
438 2243
439 2328
440 1350
441 2733
442 2070
443 1866
444 2861
445 1171
446 469
447 2166
448 794
449 217
450 1782
451 2281
452 2164
453 1989
454 251
455 816
456 1554
457 1082
458 2571
459 1546
460 1009
461 1287
462 846
463 2078
464 105
465 1974
466 922
467 311
468 2731
469 356
470 221
471 1048
472 52
473 758
474 1590
475 106
476 2820
477 389
478 2636
479 507
480 1328
481 1304
482 1092
483 2048
484 825
485 530
486 1057
487 667
488 145
489 1371
490 1443
491 201
492 1501
493 2412
494 1750
495 529
496 2472
497 2859
498 2764
499 1884
500 231
501 2210
502 1113
503 2158
504 2994
505 381
506 122
507 994
508 2911
509 2403
510 1541
511 1923
512 880
513 1569
514 2546
515 811
516 2305
517 2222
518 2791
519 689
520 1215
521 695
522 2506
523 312
524 1329
525 2886
526 2265
527 587
528 1224
529 1201
530 2480
531 435
532 2908
533 701
534 2743
535 947
536 2221
537 66
538 2152
539 2743
540 1529
541 2133
542 503
543 2843
544 502
545 95
546 1956
547 79
548 1182
549 1679
550 410
551 1341
552 549
553 833
554 2696
555 1065
556 1456
557 2684
558 119
559 1867
560 2134
561 2795
562 2036
563 1606
564 2655
565 1911
566 1380
567 2167
568 568
569 666
570 2407
571 2646
572 2332
573 1751
574 684
575 1285
576 258
577 1174
578 1672
579 2325
580 2926
581 735
582 0
583 995
584 2638
585 2356
586 2383
587 944
588 1395
589 2480
590 674
591 1597
592 2533
593 716
594 708

