495 77
0 2335
1 419
2 2851
3 2991
4 1172
5 1143
6 2340
7 260
8 1489
9 232
10 1691
11 2631
12 1196
13 795
14 637
15 2330
16 185
17 1887
18 1245
19 832
20 159
21 372
22 1195
23 1021
24 2762
25 2967
26 1286
27 2575
28 1032
29 1100
30 189
31 493
32 1031
33 1902
34 2086
35 295
36 475
37 146
38 379
39 1867
40 776
41 1654
42 2020
43 2750
44 1514
45 2530
46 2525
47 2341
48 1703
49 2686
50 950
51 224
52 2287
53 239
54 2156
55 2054
56 715
57 1437
58 1466
59 2639
60 1720
61 2749
62 2063
63 2599
64 2887
65 1772
66 1137
67 1489
68 931
69 602
70 1146
71 1731
72 1103
73 769
74 174
75 407
76 564
77 5
78 1283
79 1749
80 2054
81 1725
82 173
83 1659
84 1414
85 1347
86 1981
87 1319
88 1678
89 2454
90 92
91 1508
92 1566
93 889
94 1515
95 1095
96 2958
97 1973
98 573
99 2098
100 1428
101 465
102 423
103 1746
104 75
105 2476
106 2626
107 777
108 1482
109 2069
110 1148
111 2223
112 1406
113 1180
114 306
115 1265
116 1807
117 1062
118 363
119 1850
120 1647
121 396
122 993
123 2842
124 1834
125 1934
126 269
127 1315
128 1981
129 2364
130 173
131 2633
132 2461
133 347
134 1401
135 1127
136 2569
137 161
138 1474
139 2465
140 1285
141 1596
142 2865
143 874
144 1154
145 2724
146 858
147 1434
148 2994
149 1883
150 1384
151 556
152 2574
153 2472
154 2229
155 1282
156 1166
157 299
158 2845
159 286
160 1603
161 1374
162 79
163 34
164 2581
165 2093
166 2110
167 2035
168 2226
169 1531
170 1026
171 661
172 909
173 551
174 1803
175 1994
176 1645
177 2022
178 2310
179 387
180 135
181 1729
182 1963
183 266
184 350
185 2393
186 443
187 1581
188 854
189 2238
190 2964
191 322
192 2849
193 1811
194 2576
195 2737
196 2570
197 1009
198 2705
199 214
200 2249
201 414
202 330
203 41
204 1054
205 865
206 714
207 139
208 608
209 2427
210 978
211 1598
212 129
213 2987
214 610
215 439
216 1066
217 152
218 1872
219 1502
220 2316
221 2161
222 428
223 900
224 1924
225 1862
226 2049
227 533
228 1141
229 2459
230 1960
231 2842
232 2492
233 456
234 2222
235 944
236 1926
237 2263
238 127
239 1674
240 1770
241 2976
242 1411
243 1299
244 626
245 550
246 857
247 2345
248 2411
249 1735
250 2012
251 1868
252 2280
253 1339
254 2443
255 166
256 1414
257 1131
258 1492
259 2977
260 784
261 1313
262 1590
263 1562
264 915
265 1432
266 1309
267 839
268 1749
269 848
270 524
271 2854
272 2323
273 1272
274 1605
275 2265
276 2517
277 1955
278 1182
279 1239
280 2049
281 869
282 592
283 1630
284 2667
285 1373
286 339
287 823
288 25
289 2471
290 1797
291 311
292 1551
293 1547
294 2995
295 2337
296 1271
297 2586
298 2522
299 37
300 2051
301 2222
302 261
303 2281
304 1631
305 2947
306 2137
307 1673
308 1611
309 1200
310 327
311 1333
312 451
313 161
314 2569
315 2270
316 493
317 279
318 2572
319 1640
320 1225
321 2619
322 1249
323 1870
324 1179
325 1857
326 1476
327 1074
328 2377
329 1169
330 1932
331 2747
332 752
333 403
334 2803
335 112
336 1077
337 147
338 1699
339 2435
340 692
341 307
342 2466
343 100
344 1494
345 1235
346 1795
347 1488
348 2607
349 1584
350 129
351 81
352 591
353 1695
354 2351
355 676
356 364
357 641
358 2555
359 2209
360 1903
361 1819
362 2529
363 2926
364 1459
365 2204
366 402
367 23
368 2460
369 1160
370 340
371 1254
372 1084
373 2150
374 812
375 1430
376 2526
377 1164
378 2512
379 767
380 2464
381 195
382 607
383 2130
384 1438
385 1862
386 2647
387 1702
388 900
389 428
390 666
391 64
392 1267
393 2250
394 1364
395 1577
396 2509
397 1327
398 81
399 2446
400 2471
401 2623
402 1677
403 326
404 543
405 65
406 1393
407 1758
408 575
409 456
410 1743
411 1795
412 950
413 2788
414 1923
415 1345
416 1425
417 1189
418 2312
419 1602
420 1692
421 1721
422 1560
423 72
424 1293
425 599
426 2997
427 1103
428 709
429 2353
430 2295
431 1742
432 153
433 2299
434 2879
435 1474
436 2129
437 2902
438 381
439 1611
440 1048
441 978
442 2406
443 2085
444 216
445 2423
446 1166
447 778
448 1688
449 1558
450 1317
451 1874
452 2802
453 2987
454 1824
455 2509
456 799
457 1270
458 682
459 2913
460 2066
461 688
462 1225
463 2097
464 2614
465 86
466 2569
467 2508
468 2916
469 2957
470 192
471 474
472 1629
473 2136
474 2754
475 1087
476 2384
477 2856
478 566
479 180
480 1660
481 1547
482 2182
483 2459
484 1260
485 703
486 1608
487 1263
488 2104
489 2022
490 1047
491 951
492 627
493 563
494 2544

