476 86
0 823
1 2531
2 1454
3 1395
4 2028
5 745
6 2561
7 1286
8 2659
9 1347
10 2275
11 1917
12 1136
13 678
14 2332
15 1569
16 2660
17 1713
18 2831
19 2037
20 2226
21 1983
22 2753
23 2604
24 2658
25 2628
26 2493
27 1784
28 2093
29 2775
30 442
31 2720
32 981
33 1471
34 2533
35 1356
36 2704
37 1175
38 2978
39 1002
40 2601
41 2525
42 634
43 1945
44 2955
45 2074
46 1989
47 2547
48 2543
49 2815
50 861
51 1160
52 2533
53 719
54 2472
55 870
56 1485
57 98
58 857
59 2280
60 1363
61 57
62 565
63 1198
64 2415
65 2271
66 1048
67 474
68 2995
69 1151
70 770
71 2806
72 1391
73 1194
74 2976
75 2101
76 2077
77 2384
78 2009
79 1133
80 2066
81 1822
82 2113
83 1745
84 1892
85 820
86 1286
87 2806
88 1062
89 2075
90 1763
91 1889
92 2010
93 1368
94 269
95 2456
96 2894
97 1565
98 1419
99 904
100 2370
101 1148
102 2495
103 2877
104 867
105 2774
106 2515
107 2718
108 172
109 492
110 296
111 2852
112 1720
113 1503
114 1530
115 1468
116 926
117 916
118 1547
119 568
120 1720
121 1205
122 1970
123 2831
124 1247
125 956
126 2197
127 561
128 1322
129 1274
130 2628
131 2492
132 2430
133 669
134 2302
135 991
136 2015
137 920
138 2231
139 929
140 1021
141 922
142 408
143 1683
144 77
145 2894
146 1280
147 1567
148 514
149 2960
150 1646
151 2531
152 223
153 2500
154 1081
155 2447
156 933
157 425
158 1300
159 1612
160 488
161 1512
162 2427
163 1007
164 526
165 1561
166 1912
167 2656
168 2260
169 2686
170 941
171 287
172 1572
173 2710
174 2073
175 1726
176 1985
177 1921
178 2343
179 1790
180 16
181 184
182 1120
183 1228
184 2730
185 1242
186 2778
187 2825
188 1448
189 1656
190 1636
191 1031
192 852
193 1712
194 2996
195 208
196 2412
197 1735
198 985
199 1265
200 834
201 1763
202 1367
203 2929
204 2495
205 2777
206 2916
207 1858
208 2014
209 1542
210 1101
211 2587
212 2981
213 2351
214 535
215 951
216 999
217 2510
218 1158
219 963
220 2910
221 2837
222 2480
223 2655
224 2754
225 1972
226 1801
227 2849
228 1203
229 280
230 264
231 2116
232 1269
233 571
234 751
235 2743
236 2083
237 2557
238 1008
239 168
240 1509
241 2874
242 2056
243 2576
244 1881
245 1033
246 1429
247 2446
248 2148
249 695
250 2751
251 252
252 968
253 675
254 1601
255 2933
256 1746
257 2920
258 1216
259 2072
260 2008
261 2325
262 1791
263 2704
264 1980
265 959
266 1707
267 1121
268 713
269 1003
270 2359
271 624
272 693
273 653
274 221
275 2439
276 1320
277 2877
278 1006
279 2080
280 1955
281 84
282 2756
283 1518
284 542
285 216
286 1855
287 2992
288 1687
289 1234
290 2482
291 1500
292 1132
293 2308
294 226
295 2946
296 1267
297 2768
298 1157
299 569
300 2095
301 1164
302 826
303 664
304 118
305 25
306 252
307 2289
308 575
309 27
310 1522
311 1953
312 2438
313 1841
314 2482
315 1107
316 553
317 2484
318 2910
319 1625
320 1681
321 435
322 52
323 2369
324 2750
325 1011
326 1101
327 1959
328 111
329 1304
330 2959
331 1243
332 1587
333 2573
334 445
335 1966
336 211
337 2153
338 1310
339 336
340 415
341 376
342 301
343 1198
344 1540
345 977
346 511
347 2355
348 2656
349 1980
350 2006
351 215
352 1271
353 2756
354 2493
355 2885
356 1426
357 115
358 1787
359 1207
360 647
361 789
362 2393
363 1334
364 2311
365 798
366 1068
367 488
368 1901
369 661
370 2444
371 336
372 2476
373 1541
374 2648
375 385
376 2730
377 189
378 1368
379 2377
380 1438
381 2389
382 820
383 2638
384 1444
385 2219
386 2601
387 824
388 1099
389 1695
390 1506
391 150
392 18
393 2177
394 2059
395 1783
396 2129
397 1364
398 836
399 2959
400 508
401 964
402 331
403 750
404 2543
405 1118
406 571
407 2574
408 892
409 1842
410 274
411 2706
412 1788
413 1226
414 96
415 1968
416 2147
417 229
418 1490
419 1329
420 1665
421 2208
422 684
423 2294
424 1340
425 975
426 293
427 1499
428 2133
429 2607
430 40
431 2764
432 1667
433 1067
434 196
435 1611
436 2239
437 2842
438 1085
439 1428
440 2455
441 1889
442 2763
443 538
444 574
445 787
446 1970
447 2681
448 325
449 1129
450 176
451 1496
452 160
453 448
454 1516
455 1772
456 415
457 2389
458 2106
459 1470
460 2180
461 1570
462 1848
463 2912
464 669
465 1719
466 2570
467 2449
468 1680
469 1222
470 2042
471 1146
472 1879
473 1600
474 677
475 849

