677 87
0 2980
1 1093
2 2422
3 369
4 2575
5 2040
6 2831
7 2304
8 934
9 1550
10 94
11 1849
12 2532
13 1560
14 2366
15 2298
16 2348
17 2294
18 2183
19 1905
20 1052
21 1734
22 63
23 94
24 65
25 812
26 986
27 2901
28 2034
29 85
30 448
31 360
32 2239
33 2467
34 2092
35 1460
36 2519
37 685
38 2828
39 2287
40 1998
41 38
42 2528
43 740
44 95
45 1051
46 1209
47 2959
48 2560
49 831
50 832
51 293
52 1655
53 1323
54 1052
55 2564
56 2711
57 472
58 2000
59 939
60 538
61 218
62 105
63 1011
64 1524
65 150
66 1239
67 1303
68 2059
69 470
70 1244
71 2263
72 1185
73 2906
74 503
75 391
76 130
77 430
78 1240
79 1733
80 2088
81 1138
82 1045
83 1566
84 819
85 2899
86 972
87 2438
88 657
89 1811
90 2005
91 1525
92 2177
93 1946
94 2321
95 194
96 1775
97 1240
98 2683
99 162
100 2085
101 2356
102 1104
103 941
104 943
105 1783
106 2153
107 1166
108 2261
109 1564
110 1344
111 1416
112 2575
113 1382
114 2691
115 2516
116 870
117 1105
118 1892
119 2663
120 1493
121 1683
122 258
123 1058
124 2978
125 447
126 1454
127 1056
128 187
129 1072
130 2485
131 1919
132 197
133 1134
134 2380
135 2198
136 2462
137 1614
138 857
139 924
140 2368
141 1672
142 534
143 1126
144 2248
145 351
146 754
147 2599
148 25
149 2269
150 2072
151 486
152 1814
153 1062
154 2151
155 922
156 40
157 30
158 2737
159 1025
160 2644
161 1284
162 2188
163 1001
164 316
165 179
166 1126
167 2056
168 1136
169 833
170 1112
171 2532
172 2000
173 694
174 2286
175 1081
176 629
177 1359
178 2820
179 545
180 2414
181 2331
182 2550
183 1928
184 2851
185 1766
186 904
187 794
188 1630
189 1826
190 1484
191 1321
192 2984
193 1310
194 2571
195 771
196 2421
197 2363
198 801
199 497
200 1728
201 1483
202 475
203 771
204 1864
205 2512
206 2389
207 2555
208 2026
209 2570
210 1991
211 179
212 24
213 545
214 2592
215 2541
216 2224
217 840
218 245
219 949
220 312
221 1409
222 2842
223 2740
224 556
225 2498
226 1626
227 2390
228 127
229 2836
230 1897
231 653
232 2743
233 1683
234 1336
235 2115
236 2181
237 124
238 622
239 2690
240 2599
241 69
242 515
243 149
244 312
245 2371
246 2673
247 2222
248 29
249 1033
250 2495
251 617
252 2205
253 2796
254 1461
255 161
256 1398
257 361
258 2784
259 1903
260 767
261 176
262 1028
263 2511
264 2328
265 2260
266 1660
267 2461
268 2842
269 2115
270 2848
271 569
272 793
273 37
274 2405
275 344
276 2247
277 1088
278 1118
279 843
280 784
281 2515
282 1509
283 1195
284 2983
285 2879
286 2759
287 2462
288 2015
289 542
290 1685
291 366
292 1666
293 41
294 2896
295 553
296 373
297 2241
298 2246
299 1221
300 249
301 499
302 268
303 147
304 2660
305 2634
306 631
307 814
308 1929
309 2412
310 1456
311 2567
312 254
313 726
314 924
315 2715
316 2318
317 1259
318 2570
319 1405
320 102
321 1639
322 2398
323 300
324 577
325 840
326 1246
327 2132
328 2080
329 975
330 2679
331 1306
332 2106
333 2917
334 475
335 2250
336 274
337 1492
338 2687
339 595
340 2188
341 2907
342 450
343 1100
344 1345
345 1874
346 2911
347 1563
348 637
349 887
350 1363
351 1928
352 1217
353 2534
354 2362
355 1264
356 747
357 70
358 2570
359 1626
360 2142
361 2446
362 743
363 2229
364 2887
365 2156
366 1497
367 2126
368 1211
369 1205
370 1486
371 796
372 1530
373 219
374 2504
375 1261
376 839
377 2485
378 196
379 2239
380 2653
381 1657
382 980
383 1845
384 757
385 888
386 1850
387 1711
388 1692
389 2486
390 1013
391 62
392 1316
393 153
394 1126
395 2403
396 2267
397 2676
398 2120
399 120
400 365
401 1707
402 1030
403 690
404 773
405 863
406 2221
407 1965
408 2291
409 1870
410 1154
411 2345
412 1211
413 2584
414 2298
415 1237
416 1337
417 566
418 2825
419 1273
420 653
421 2439
422 2457
423 187
424 2297
425 2958
426 951
427 2391
428 577
429 1598
430 593
431 2868
432 1481
433 887
434 82
435 1461
436 2935
437 2417
438 2470
439 2465
440 2509
441 108
442 1236
443 976
444 729
445 779
446 2933
447 567
448 2975
449 2051
450 1016
451 2344
452 861
453 480
454 786
455 17
456 202
457 1150
458 1043
459 2856
460 708
461 2428
462 1810
463 806
464 2460
465 1717
466 403
467 116
468 2026
469 1438
470 476
471 1113
472 1175
473 965
474 1866
475 1888
476 1492
477 1685
478 976
479 1935
480 1080
481 1206
482 2893
483 838
484 2848
485 771
486 2289
487 477
488 668
489 1145
490 1375
491 962
492 2895
493 1620
494 1255
495 2987
496 1832
497 1142
498 940
499 1144
500 1338
501 513
502 1047
503 2866
504 1866
505 2139
506 754
507 2438
508 2558
509 2700
510 2639
511 2288
512 396
513 2415
514 2987
515 292
516 681
517 721
518 948
519 2542
520 1769
521 2439
522 2589
523 593
524 970
525 1533
526 2627
527 2684
528 116
529 2155
530 1721
531 155
532 1730
533 1040
534 1977
535 2725
536 2251
537 2684
538 547
539 2079
540 1372
541 2891
542 1256
543 1295
544 227
545 1227
546 1207
547 852
548 1988
549 2759
550 95
551 459
552 1846
553 1459
554 1885
555 1776
556 1266
557 279
558 2788
559 1831
560 87
561 1075
562 225
563 111
564 464
565 2079
566 1965
567 2302
568 798
569 1839
570 2810
571 1772
572 2500
573 888
574 804
575 2935
576 120
577 81
578 1167
579 463
580 2621
581 1015
582 1641
583 719
584 1240
585 1629
586 301
587 1944
588 2949
589 2453
590 2216
591 283
592 2628
593 2181
594 2596
595 955
596 714
597 1425
598 1249
599 1090
600 1567
601 2778
602 2536
603 2859
604 1084
605 2156
606 1892
607 739
608 331
609 1759
610 1477
611 2651
612 2905
613 1840
614 1448
615 194
616 859
617 1210
618 665
619 1280
620 564
621 2503
622 2487
623 749
624 1500
625 1607
626 839
627 1054
628 2519
629 514
630 1248
631 1973
632 772
633 1937
634 1041
635 310
636 1588
637 1968
638 1253
639 1108
640 1170
641 1946
642 2880
643 1770
644 1665
645 1263
646 1503
647 2310
648 2162
649 972
650 2364
651 2713
652 831
653 2383
654 2536
655 2979
656 1403
657 223
658 1391
659 1980
660 2420
661 1764
662 521
663 2922
664 417
665 1675
666 1163
667 122
668 1441
669 2560
670 1837
671 1079
672 1238
673 406
674 2020
675 2658
676 2079

