964 30
0 1919
1 118
2 2604
3 2071
4 2284
5 2676
6 1427
7 297
8 2185
9 1269
10 1130
11 358
12 2866
13 4
14 512
15 1250
16 1970
17 1997
18 2623
19 2585
20 1188
21 1535
22 1806
23 2759
24 1824
25 2359
26 1339
27 456
28 1319
29 1951
30 2726
31 107
32 402
33 1607
34 1904
35 742
36 1984
37 1883
38 176
39 2320
40 2878
41 2072
42 2212
43 788
44 1698
45 1360
46 1273
47 2478
48 221
49 460
50 1171
51 277
52 2557
53 75
54 227
55 925
56 433
57 318
58 2078
59 1157
60 2906
61 1967
62 1949
63 2447
64 410
65 1006
66 2222
67 1863
68 648
69 967
70 2120
71 1665
72 2463
73 928
74 1073
75 2151
76 197
77 1433
78 1777
79 2678
80 459
81 1129
82 1234
83 1294
84 2169
85 1122
86 2765
87 201
88 1406
89 1249
90 2481
91 1880
92 397
93 1089
94 1212
95 2059
96 897
97 681
98 1111
99 19
100 2459
101 816
102 214
103 1945
104 20
105 2512
106 1778
107 259
108 1159
109 1298
110 1352
111 1411
112 1235
113 303
114 42
115 2753
116 2046
117 2403
118 2863
119 2804
120 359
121 685
122 1104
123 2462
124 1951
125 2967
126 1202
127 2697
128 2976
129 2437
130 1007
131 1580
132 1642
133 1411
134 1927
135 1896
136 504
137 2649
138 2919
139 1835
140 410
141 721
142 583
143 972
144 735
145 443
146 641
147 964
148 1921
149 1661
150 587
151 31
152 2082
153 2710
154 44
155 708
156 797
157 771
158 2220
159 2976
160 652
161 2643
162 1435
163 97
164 257
165 1200
166 239
167 954
168 2981
169 2350
170 46
171 2793
172 2390
173 2975
174 1286
175 2689
176 1456
177 217
178 1011
179 1840
180 476
181 865
182 2274
183 87
184 121
185 1355
186 519
187 1656
188 2221
189 987
190 2790
191 996
192 2822
193 1079
194 17
195 1433
196 359
197 2302
198 2482
199 1399
200 1411
201 2153
202 944
203 1329
204 1333
205 927
206 2647
207 136
208 2821
209 2156
210 237
211 638
212 1491
213 1607
214 638
215 509
216 99
217 256
218 161
219 657
220 2986
221 2192
222 2613
223 2746
224 40
225 2472
226 429
227 2958
228 478
229 2031
230 2796
231 1147
232 457
233 2263
234 645
235 2919
236 382
237 1245
238 1478
239 2376
240 37
241 729
242 571
243 1999
244 1307
245 423
246 307
247 2471
248 764
249 18
250 511
251 1676
252 2033
253 1460
254 2774
255 2504
256 2102
257 835
258 2825
259 933
260 110
261 2025
262 941
263 2493
264 636
265 2584
266 2430
267 1755
268 2233
269 2432
270 1832
271 2173
272 2425
273 2638
274 2516
275 996
276 2164
277 1647
278 1339
279 2955
280 1612
281 2468
282 1227
283 2867
284 729
285 1209
286 2873
287 1965
288 881
289 1749
290 1607
291 885
292 897
293 1060
294 130
295 833
296 1333
297 1332
298 2520
299 910
300 2545
301 29
302 2513
303 940
304 441
305 1363
306 1919
307 2983
308 1526
309 57
310 148
311 2678
312 963
313 785
314 2613
315 2855
316 2905
317 157
318 2422
319 2606
320 1202
321 100
322 2769
323 223
324 602
325 1835
326 2084
327 2377
328 1943
329 908
330 856
331 1637
332 1864
333 2260
334 575
335 1125
336 771
337 607
338 2886
339 2395
340 1309
341 2673
342 1782
343 2427
344 2098
345 434
346 356
347 492
348 2359
349 1758
350 2069
351 2175
352 1151
353 2915
354 531
355 384
356 610
357 2818
358 2794
359 1889
360 1634
361 818
362 565
363 2812
364 1846
365 442
366 1255
367 2165
368 2450
369 2430
370 1786
371 725
372 1415
373 228
374 936
375 1555
376 1175
377 2309
378 268
379 830
380 577
381 1490
382 733
383 909
384 540
385 1851
386 825
387 161
388 731
389 1718
390 1710
391 1600
392 1522
393 2206
394 1365
395 1244
396 1189
397 280
398 2677
399 32
400 2023
401 2048
402 476
403 2885
404 2774
405 2964
406 2881
407 542
408 2571
409 1290
410 2291
411 2853
412 273
413 2065
414 826
415 596
416 2615
417 2614
418 2064
419 1055
420 1433
421 960
422 28
423 1085
424 1710
425 1588
426 67
427 1551
428 51
429 603
430 2227
431 2796
432 658
433 1113
434 2648
435 2079
436 2287
437 1514
438 463
439 791
440 1641
441 1173
442 878
443 2516
444 247
445 605
446 1455
447 2019
448 2519
449 661
450 2364
451 1729
452 2118
453 1480
454 1194
455 1750
456 1699
457 282
458 2190
459 2429
460 2429
461 792
462 2086
463 1732
464 2194
465 1937
466 2985
467 1548
468 423
469 1519
470 958
471 2233
472 2648
473 1751
474 160
475 2303
476 820
477 980
478 676
479 245
480 924
481 2085
482 1508
483 2417
484 2806
485 612
486 28
487 2013
488 291
489 1910
490 2521
491 2098
492 1861
493 96
494 2271
495 2061
496 2804
497 795
498 1393
499 120
500 818
501 123
502 1089
503 1296
504 2835
505 2527
506 486
507 1567
508 2167
509 2059
510 1418
511 1197
512 1909
513 1352
514 2735
515 2052
516 517
517 2976
518 1681
519 506
520 2931
521 2735
522 1212
523 974
524 1067
525 2910
526 1519
527 2117
528 2180
529 1237
530 391
531 1402
532 2492
533 2536
534 860
535 1597
536 239
537 1997
538 1061
539 937
540 288
541 1656
542 857
543 1044
544 1895
545 808
546 1385
547 973
548 1620
549 1373
550 2257
551 1655
552 1348
553 2599
554 2362
555 26
556 1739
557 2723
558 2284
559 1088
560 1591
561 1302
562 2918
563 1911
564 2519
565 1184
566 2237
567 2556
568 1445
569 711
570 713
571 1716
572 2172
573 501
574 884
575 907
576 1693
577 2649
578 2471
579 857
580 1703
581 48
582 1929
583 1175
584 2644
585 2857
586 1847
587 2976
588 625
589 2852
590 701
591 2275
592 524
593 1127
594 140
595 1985
596 733
597 2307
598 890
599 2487
600 306
601 487
602 2396
603 994
604 165
605 2787
606 2611
607 1297
608 2094
609 813
610 1260
611 12
612 281
613 2199
614 1147
615 1122
616 1831
617 1089
618 2814
619 658
620 2823
621 1574
622 2349
623 2100
624 130
625 2658
626 1041
627 1659
628 2142
629 2194
630 1256
631 2799
632 2464
633 1017
634 404
635 2348
636 2718
637 2513
638 2555
639 633
640 431
641 2955
642 2073
643 277
644 335
645 2857
646 2536
647 1735
648 2495
649 437
650 2717
651 1947
652 2555
653 2464
654 2618
655 1632
656 1184
657 897
658 2637
659 293
660 2362
661 1753
662 2452
663 41
664 320
665 2746
666 694
667 383
668 1743
669 1202
670 1735
671 2451
672 2189
673 1132
674 2001
675 1874
676 1185
677 2493
678 765
679 1318
680 2065
681 529
682 1573
683 896
684 2455
685 2292
686 2597
687 786
688 1959
689 1111
690 2499
691 1192
692 620
693 1354
694 2738
695 1155
696 1194
697 1
698 2018
699 1557
700 2871
701 138
702 2158
703 151
704 2645
705 1916
706 2964
707 1490
708 2075
709 310
710 1196
711 971
712 1992
713 965
714 2450
715 929
716 2350
717 2014
718 2946
719 896
720 741
721 2008
722 1359
723 1942
724 1609
725 1227
726 2188
727 399
728 952
729 256
730 1387
731 475
732 847
733 2833
734 1173
735 784
736 213
737 1614
738 940
739 2337
740 1042
741 1605
742 797
743 1910
744 2812
745 1450
746 1469
747 2731
748 1627
749 2000
750 906
751 1722
752 1177
753 141
754 2402
755 2111
756 1984
757 1685
758 1714
759 944
760 2877
761 2612
762 849
763 2060
764 2703
765 2412
766 1460
767 1898
768 2867
769 877
770 1749
771 488
772 1541
773 2680
774 1151
775 681
776 282
777 2363
778 2847
779 1757
780 1778
781 229
782 892
783 168
784 2890
785 1654
786 1184
787 1061
788 66
789 1593
790 1933
791 518
792 1318
793 2325
794 847
795 356
796 478
797 1645
798 2637
799 556
800 158
801 59
802 1280
803 2244
804 2667
805 917
806 367
807 2328
808 1177
809 1976
810 271
811 171
812 918
813 1924
814 252
815 2634
816 2367
817 721
818 1133
819 292
820 2657
821 585
822 2710
823 1246
824 611
825 2817
826 1785
827 1286
828 711
829 1614
830 935
831 690
832 1814
833 1008
834 2449
835 1211
836 573
837 126
838 2693
839 1690
840 2457
841 264
842 2642
843 1389
844 2584
845 622
846 796
847 1212
848 2114
849 1200
850 2350
851 586
852 2557
853 1644
854 2557
855 1262
856 1905
857 407
858 354
859 2278
860 2678
861 439
862 1035
863 2524
864 1713
865 2558
866 326
867 2266
868 2530
869 1622
870 2816
871 923
872 2144
873 1179
874 899
875 1523
876 2789
877 2750
878 2649
879 2311
880 709
881 2909
882 2090
883 1768
884 751
885 2242
886 1832
887 2000
888 1840
889 1536
890 2061
891 380
892 365
893 412
894 1532
895 1871
896 1916
897 821
898 1613
899 958
900 2389
901 726
902 2309
903 571
904 2268
905 2849
906 594
907 2609
908 1089
909 2913
910 2000
911 1949
912 983
913 2679
914 892
915 1393
916 918
917 2945
918 2726
919 1896
920 545
921 991
922 400
923 2732
924 408
925 2521
926 498
927 811
928 2491
929 715
930 2746
931 2327
932 2654
933 2145
934 2697
935 511
936 800
937 2137
938 181
939 1481
940 571
941 1727
942 2675
943 2850
944 992
945 313
946 2640
947 2636
948 255
949 1537
950 2449
951 165
952 2727
953 1225
954 2290
955 732
956 1346
957 2946
958 2848
959 2731
960 28
961 110
962 2852
963 844

