336 60
0 2557
1 1651
2 294
3 748
4 1442
5 2542
6 2619
7 244
8 991
9 138
10 317
11 503
12 1326
13 1624
14 2570
15 804
16 2376
17 1744
18 1053
19 2691
20 2140
21 2118
22 304
23 1848
24 1444
25 2923
26 205
27 2967
28 2355
29 1152
30 488
31 2567
32 384
33 1711
34 336
35 2518
36 738
37 1395
38 2241
39 2248
40 1457
41 804
42 909
43 590
44 2628
45 486
46 1331
47 174
48 1619
49 115
50 398
51 857
52 1972
53 732
54 331
55 813
56 2050
57 1810
58 1097
59 1865
60 1155
61 558
62 1696
63 2799
64 37
65 1315
66 47
67 1337
68 2278
69 1734
70 1345
71 2913
72 2456
73 712
74 2671
75 376
76 3000
77 736
78 1133
79 2025
80 1457
81 2818
82 411
83 2418
84 1030
85 2700
86 1490
87 364
88 944
89 2370
90 288
91 1851
92 1220
93 2309
94 2570
95 683
96 1142
97 202
98 1026
99 149
100 2463
101 2231
102 2764
103 1411
104 736
105 2792
106 1446
107 8
108 1791
109 21
110 2929
111 2182
112 1949
113 2754
114 2368
115 2726
116 1458
117 1139
118 2582
119 216
120 1924
121 645
122 577
123 1310
124 44
125 1920
126 2039
127 2864
128 712
129 162
130 208
131 2672
132 1908
133 1536
134 2043
135 2947
136 2530
137 784
138 1873
139 2199
140 2402
141 2826
142 1540
143 2674
144 1808
145 277
146 834
147 1988
148 2050
149 2420
150 2730
151 611
152 1619
153 566
154 2733
155 91
156 2409
157 2297
158 1034
159 335
160 484
161 2149
162 1919
163 1805
164 1232
165 2930
166 1658
167 1578
168 821
169 1857
170 2917
171 2235
172 822
173 693
174 282
175 628
176 785
177 1100
178 421
179 1768
180 2626
181 1182
182 609
183 2088
184 247
185 454
186 2549
187 1967
188 2675
189 2809
190 2445
191 2435
192 988
193 48
194 433
195 1921
196 1129
197 2206
198 135
199 2681
200 939
201 2388
202 331
203 172
204 1812
205 2584
206 2717
207 1502
208 1062
209 1574
210 1232
211 2938
212 2513
213 2493
214 1575
215 12
216 1773
217 2843
218 2239
219 1082
220 2284
221 976
222 1154
223 1780
224 879
225 633
226 2562
227 1946
228 686
229 2122
230 2085
231 1773
232 273
233 921
234 131
235 459
236 2014
237 826
238 2966
239 1223
240 155
241 1151
242 494
243 1220
244 2593
245 2243
246 1979
247 2827
248 1178
249 2069
250 420
251 2391
252 2715
253 2844
254 2773
255 241
256 2057
257 1031
258 1782
259 63
260 1809
261 2677
262 277
263 803
264 526
265 1163
266 146
267 1995
268 1805
269 469
270 1270
271 734
272 1665
273 2802
274 337
275 1973
276 142
277 2842
278 2845
279 2461
280 606
281 539
282 1141
283 1203
284 2952
285 2806
286 1931
287 2076
288 89
289 671
290 2459
291 474
292 185
293 1984
294 2116
295 464
296 1331
297 255
298 2134
299 2050
300 2613
301 2364
302 940
303 769
304 2536
305 2811
306 269
307 966
308 2553
309 1340
310 809
311 2741
312 489
313 226
314 765
315 293
316 494
317 2765
318 573
319 1265
320 2554
321 1236
322 2794
323 2364
324 2781
325 539
326 1921
327 1508
328 1494
329 2879
330 1650
331 327
332 372
333 2987
334 2660
335 1408

