143 16
0 2018
1 2619
2 1768
3 1262
4 759
5 2793
6 2602
7 853
8 279
9 1117
10 997
11 2089
12 1269
13 1221
14 1552
15 831
16 1446
17 819
18 1624
19 1213
20 2254
21 2551
22 1336
23 793
24 1261
25 472
26 899
27 676
28 2263
29 2276
30 856
31 152
32 2309
33 1907
34 701
35 2899
36 1032
37 2896
38 1087
39 1775
40 2507
41 272
42 1898
43 1009
44 1865
45 154
46 1893
47 717
48 2788
49 1058
50 67
51 2905
52 1223
53 2309
54 2662
55 2875
56 887
57 757
58 1361
59 1312
60 2597
61 2960
62 2426
63 1845
64 583
65 1262
66 439
67 580
68 2781
69 2592
70 1403
71 2743
72 1750
73 2230
74 2124
75 1294
76 447
77 847
78 1535
79 681
80 2986
81 1551
82 1160
83 1754
84 1393
85 1026
86 2187
87 2932
88 1157
89 2062
90 606
91 531
92 2982
93 817
94 2029
95 918
96 716
97 490
98 2347
99 1589
100 1899
101 100
102 665
103 804
104 218
105 545
106 2663
107 217
108 920
109 1207
110 1454
111 1629
112 653
113 1405
114 1525
115 2698
116 1185
117 1780
118 1492
119 419
120 2260
121 2351
122 360
123 1038
124 438
125 2430
126 691
127 414
128 2168
129 783
130 1227
131 337
132 2606
133 1305
134 2596
135 2556
136 317
137 371
138 2246
139 1348
140 1945
141 1975
142 632

