656 25
0 1166
1 1424
2 2950
3 1765
4 1073
5 2697
6 1037
7 1016
8 1177
9 2414
10 1465
11 695
12 1006
13 1806
14 2842
15 2290
16 493
17 2486
18 1459
19 634
20 2144
21 2382
22 86
23 2168
24 1902
25 384
26 1419
27 1142
28 1168
29 1670
30 200
31 516
32 2276
33 516
34 1926
35 1286
36 2768
37 1198
38 1769
39 2588
40 61
41 1122
42 2567
43 400
44 1415
45 1842
46 439
47 2042
48 2394
49 81
50 1278
51 247
52 727
53 2396
54 243
55 2312
56 2627
57 722
58 2575
59 1769
60 165
61 1357
62 1658
63 2192
64 1398
65 615
66 454
67 1957
68 1631
69 1934
70 2659
71 2111
72 1737
73 196
74 1054
75 1269
76 1455
77 589
78 175
79 840
80 2105
81 1021
82 1233
83 995
84 1500
85 2443
86 2937
87 1098
88 2189
89 1939
90 1771
91 1009
92 1858
93 963
94 639
95 2330
96 1014
97 1106
98 151
99 2076
100 39
101 1311
102 440
103 2043
104 2408
105 307
106 803
107 224
108 1562
109 1860
110 779
111 2491
112 775
113 2390
114 1272
115 362
116 2336
117 2942
118 1961
119 1199
120 2074
121 1037
122 299
123 726
124 402
125 2963
126 310
127 924
128 1836
129 2132
130 757
131 91
132 118
133 731
134 1464
135 2985
136 2167
137 1363
138 2587
139 559
140 2218
141 1959
142 665
143 1011
144 738
145 608
146 2106
147 1605
148 1488
149 279
150 1269
151 1489
152 1352
153 2029
154 2745
155 2949
156 1748
157 2114
158 242
159 239
160 2947
161 1586
162 37
163 1130
164 675
165 1654
166 268
167 1437
168 1970
169 1846
170 1622
171 1890
172 1120
173 2344
174 330
175 1468
176 2312
177 854
178 2268
179 2451
180 868
181 190
182 1774
183 386
184 996
185 2670
186 2217
187 2607
188 2695
189 598
190 965
191 850
192 2128
193 1517
194 1713
195 1988
196 2391
197 156
198 1977
199 2564
200 2353
201 2787
202 1039
203 2570
204 233
205 2429
206 2309
207 1493
208 1395
209 63
210 478
211 1576
212 2557
213 1248
214 2495
215 2331
216 1770
217 2875
218 2438
219 1271
220 1466
221 1949
222 1058
223 684
224 1547
225 383
226 2480
227 941
228 2094
229 259
230 671
231 2859
232 2877
233 696
234 1001
235 571
236 2111
237 2172
238 810
239 1731
240 2870
241 2660
242 1327
243 2901
244 2555
245 1548
246 1527
247 1004
248 1991
249 2774
250 1973
251 1580
252 2575
253 1699
254 11
255 312
256 2484
257 2070
258 568
259 2408
260 1570
261 4
262 1141
263 1545
264 2343
265 2194
266 2126
267 2964
268 704
269 1914
270 902
271 1516
272 1909
273 822
274 2005
275 2740
276 835
277 74
278 9
279 1884
280 979
281 2656
282 250
283 148
284 848
285 1445
286 2886
287 1865
288 743
289 2430
290 2542
291 2150
292 2112
293 2362
294 2229
295 1222
296 391
297 2125
298 1899
299 1227
300 484
301 246
302 1938
303 2327
304 2438
305 1615
306 2721
307 2818
308 2620
309 1650
310 2156
311 1726
312 1205
313 615
314 2282
315 149
316 1241
317 2783
318 2367
319 2151
320 1766
321 2739
322 1879
323 2067
324 1355
325 2466
326 771
327 1087
328 68
329 190
330 2636
331 2134
332 2860
333 671
334 484
335 405
336 434
337 262
338 819
339 2712
340 1790
341 90
342 2205
343 2162
344 1160
345 2747
346 263
347 1234
348 2822
349 2575
350 1128
351 2190
352 1793
353 1104
354 2499
355 450
356 1505
357 632
358 996
359 203
360 2860
361 2281
362 717
363 637
364 969
365 480
366 971
367 59
368 1014
369 2662
370 1442
371 1482
372 377
373 1300
374 68
375 1858
376 1033
377 940
378 2716
379 1423
380 2115
381 77
382 841
383 1047
384 2832
385 804
386 280
387 1998
388 1311
389 374
390 1588
391 1900
392 2924
393 119
394 122
395 1352
396 1061
397 922
398 700
399 1265
400 168
401 2922
402 2097
403 1193
404 227
405 477
406 1046
407 974
408 1018
409 950
410 2088
411 382
412 689
413 1699
414 483
415 1229
416 2153
417 324
418 518
419 2753
420 1465
421 2216
422 1230
423 1797
424 998
425 1397
426 1726
427 1763
428 1374
429 84
430 1262
431 648
432 813
433 2524
434 208
435 1559
436 1211
437 2060
438 2634
439 213
440 2953
441 1707
442 645
443 49
444 1627
445 2276
446 1359
447 294
448 1782
449 1713
450 826
451 244
452 1451
453 530
454 2537
455 10
456 2536
457 2373
458 2843
459 1079
460 1639
461 1864
462 2270
463 444
464 1805
465 1602
466 1121
467 2811
468 1299
469 1753
470 2698
471 1018
472 553
473 2130
474 2958
475 2387
476 787
477 1698
478 1892
479 2864
480 2413
481 1311
482 1900
483 1725
484 2299
485 1934
486 2135
487 1280
488 1500
489 2754
490 336
491 2844
492 1638
493 249
494 1366
495 754
496 2539
497 2482
498 1969
499 2842
500 2644
501 305
502 263
503 1705
504 2932
505 1888
506 2197
507 122
508 1422
509 293
510 1809
511 2935
512 906
513 1999
514 2722
515 1333
516 2552
517 191
518 1433
519 2298
520 364
521 672
522 2833
523 48
524 1785
525 1883
526 16
527 2524
528 1384
529 1034
530 1695
531 2034
532 868
533 1799
534 1865
535 1474
536 2173
537 872
538 1712
539 232
540 153
541 625
542 1953
543 106
544 1815
545 218
546 1594
547 2632
548 560
549 1713
550 493
551 867
552 2399
553 922
554 1884
555 1283
556 929
557 2200
558 594
559 1656
560 276
561 427
562 1437
563 554
564 1953
565 1350
566 415
567 148
568 1633
569 1406
570 1166
571 2895
572 2872
573 1220
574 1164
575 798
576 2950
577 2751
578 1226
579 430
580 70
581 2947
582 1923
583 848
584 64
585 1111
586 926
587 252
588 1309
589 1201
590 259
591 675
592 1565
593 2116
594 938
595 432
596 1764
597 2408
598 798
599 385
600 28
601 1808
602 171
603 1356
604 2780
605 666
606 1682
607 1542
608 766
609 1756
610 1202
611 2262
612 1295
613 2826
614 950
615 2492
616 1992
617 2541
618 908
619 53
620 1612
621 1224
622 353
623 2120
624 1889
625 123
626 728
627 808
628 2556
629 2319
630 469
631 550
632 1388
633 2016
634 2133
635 60
636 2655
637 1969
638 2680
639 603
640 282
641 2897
642 618
643 2430
644 2005
645 2179
646 1620
647 1487
648 2801
649 804
650 38
651 408
652 170
653 1535
654 2612
655 333

