608 21
0 709
1 312
2 1681
3 1659
4 998
5 2063
6 2946
7 216
8 384
9 2535
10 1090
11 301
12 1451
13 1077
14 1376
15 2459
16 907
17 2669
18 1376
19 1883
20 440
21 856
22 994
23 254
24 188
25 2242
26 2342
27 2548
28 532
29 1536
30 794
31 1070
32 1658
33 1991
34 2604
35 294
36 2095
37 2306
38 1732
39 778
40 209
41 2039
42 1234
43 2148
44 165
45 711
46 11
47 2988
48 221
49 476
50 2028
51 1707
52 668
53 1399
54 2836
55 1423
56 247
57 2033
58 16
59 743
60 2801
61 199
62 755
63 2409
64 373
65 553
66 2329
67 2413
68 2185
69 1689
70 7
71 2597
72 1289
73 1955
74 282
75 606
76 2373
77 610
78 2331
79 1980
80 2851
81 47
82 1088
83 2681
84 2905
85 2497
86 1547
87 535
88 83
89 900
90 365
91 1150
92 1730
93 2653
94 807
95 2563
96 947
97 1210
98 908
99 139
100 1768
101 799
102 2873
103 156
104 1186
105 1204
106 650
107 1530
108 752
109 1105
110 2153
111 174
112 2333
113 2896
114 822
115 776
116 2228
117 2533
118 163
119 1944
120 2863
121 733
122 1498
123 1489
124 355
125 2785
126 758
127 1343
128 1628
129 1735
130 2245
131 861
132 1374
133 2803
134 126
135 2717
136 2911
137 2594
138 660
139 978
140 1377
141 605
142 723
143 2526
144 2082
145 1618
146 1761
147 591
148 1537
149 1664
150 2114
151 1419
152 2761
153 278
154 1389
155 2492
156 880
157 176
158 2463
159 1888
160 921
161 2825
162 1032
163 1808
164 1899
165 2148
166 2162
167 1522
168 1637
169 2009
170 1138
171 476
172 1572
173 2026
174 762
175 241
176 424
177 672
178 1086
179 2648
180 2612
181 1493
182 381
183 240
184 292
185 2744
186 510
187 2742
188 2352
189 2562
190 265
191 2653
192 2327
193 966
194 1854
195 2727
196 1046
197 2932
198 2937
199 633
200 2758
201 2286
202 510
203 2588
204 2053
205 400
206 1660
207 2624
208 2925
209 329
210 732
211 272
212 2467
213 2824
214 175
215 2519
216 1340
217 2410
218 1489
219 945
220 1874
221 2233
222 1509
223 379
224 367
225 215
226 366
227 361
228 2625
229 2124
230 308
231 1248
232 2982
233 2917
234 1192
235 118
236 884
237 634
238 1324
239 2459
240 1938
241 522
242 1473
243 2058
244 278
245 718
246 2613
247 2600
248 2024
249 2043
250 346
251 1837
252 2167
253 2815
254 1605
255 179
256 229
257 407
258 1210
259 2395
260 2919
261 1523
262 959
263 1175
264 2102
265 556
266 1119
267 2565
268 591
269 2001
270 2563
271 334
272 1666
273 737
274 257
275 2029
276 2987
277 2702
278 67
279 1175
280 2629
281 189
282 302
283 2176
284 1344
285 893
286 238
287 1247
288 821
289 2738
290 2004
291 988
292 1240
293 482
294 2326
295 2003
296 2874
297 1359
298 2187
299 316
300 469
301 2039
302 2134
303 2689
304 2380
305 2946
306 1728
307 2903
308 2225
309 2972
310 929
311 2373
312 2766
313 2563
314 1186
315 2606
316 2079
317 578
318 2999
319 1734
320 489
321 1103
322 1506
323 1786
324 2944
325 2707
326 2457
327 1236
328 624
329 533
330 2424
331 2088
332 305
333 2805
334 1725
335 695
336 1576
337 1118
338 2673
339 635
340 2329
341 1472
342 2367
343 65
344 355
345 2464
346 219
347 691
348 990
349 1988
350 243
351 2779
352 218
353 2821
354 1944
355 284
356 2098
357 1139
358 1383
359 1798
360 226
361 2011
362 1993
363 2512
364 875
365 2470
366 1564
367 2737
368 736
369 1522
370 2043
371 849
372 271
373 2020
374 1166
375 1817
376 2028
377 2285
378 1415
379 1900
380 1725
381 741
382 1007
383 814
384 987
385 390
386 2990
387 2079
388 2512
389 2533
390 2835
391 1402
392 2028
393 42
394 2218
395 901
396 204
397 947
398 974
399 1505
400 2753
401 878
402 476
403 2397
404 25
405 2973
406 605
407 870
408 629
409 650
410 871
411 936
412 1885
413 2554
414 1652
415 2435
416 1969
417 550
418 2519
419 2793
420 1051
421 2115
422 2049
423 551
424 1684
425 2467
426 1965
427 2070
428 648
429 1100
430 2248
431 1830
432 287
433 2785
434 1682
435 1824
436 936
437 2702
438 1881
439 20
440 1037
441 804
442 1869
443 2870
444 178
445 1963
446 1091
447 711
448 2195
449 2325
450 2832
451 1443
452 1377
453 2865
454 2503
455 746
456 236
457 214
458 2153
459 1428
460 1916
461 65
462 447
463 1971
464 1350
465 1313
466 1158
467 1077
468 371
469 1336
470 2676
471 2705
472 1847
473 2699
474 2781
475 1046
476 2365
477 1112
478 2212
479 1271
480 654
481 2802
482 2625
483 2754
484 719
485 1187
486 2150
487 2854
488 837
489 214
490 1000
491 809
492 1737
493 736
494 2416
495 1467
496 227
497 246
498 985
499 2088
500 2167
501 812
502 1339
503 2621
504 541
505 2235
506 1831
507 1245
508 2558
509 1646
510 1508
511 2628
512 2620
513 2063
514 788
515 1150
516 2707
517 1852
518 2021
519 2699
520 755
521 13
522 1511
523 2530
524 1510
525 1005
526 2409
527 1798
528 593
529 1737
530 156
531 2809
532 523
533 913
534 2602
535 695
536 137
537 189
538 483
539 928
540 1180
541 1209
542 76
543 1372
544 2498
545 1530
546 2053
547 1844
548 2865
549 2065
550 905
551 404
552 2240
553 2301
554 712
555 1177
556 1962
557 2567
558 2165
559 1859
560 1347
561 1571
562 1157
563 13
564 327
565 1155
566 1791
567 281
568 1956
569 710
570 1670
571 2799
572 2465
573 601
574 2890
575 398
576 2351
577 2841
578 2871
579 183
580 827
581 2643
582 575
583 315
584 1679
585 1751
586 1139
587 684
588 2015
589 765
590 1303
591 1008
592 859
593 304
594 158
595 458
596 1804
597 304
598 2576
599 1145
600 1099
601 2094
602 1136
603 2768
604 1227
605 2377
606 1720
607 2713

