810 25
0 1975
1 2308
2 509
3 2447
4 101
5 814
6 2865
7 1573
8 2480
9 159
10 2248
11 959
12 2656
13 1620
14 196
15 1765
16 1766
17 996
18 1759
19 117
20 1452
21 2748
22 1874
23 818
24 2316
25 721
26 983
27 778
28 2555
29 2543
30 2900
31 1329
32 2919
33 2354
34 2950
35 81
36 2813
37 1754
38 44
39 1597
40 2889
41 1010
42 513
43 2776
44 1541
45 1817
46 2510
47 231
48 1581
49 2458
50 82
51 2586
52 1976
53 2330
54 184
55 1660
56 1662
57 1356
58 667
59 2031
60 934
61 630
62 2522
63 417
64 1443
65 654
66 1545
67 1010
68 1138
69 135
70 2692
71 369
72 2584
73 259
74 1545
75 1202
76 2091
77 73
78 2560
79 1649
80 1757
81 94
82 953
83 1872
84 87
85 104
86 1042
87 387
88 1070
89 2060
90 2379
91 791
92 2231
93 319
94 53
95 2562
96 2856
97 654
98 1902
99 545
100 745
101 667
102 296
103 204
104 2677
105 2907
106 2717
107 610
108 1927
109 1434
110 2178
111 1074
112 2060
113 1098
114 1854
115 1272
116 409
117 867
118 426
119 2855
120 2022
121 527
122 75
123 1056
124 1254
125 2416
126 2713
127 1929
128 1188
129 1848
130 49
131 2264
132 427
133 1467
134 299
135 1654
136 116
137 2885
138 694
139 981
140 2745
141 2012
142 2793
143 912
144 2088
145 2512
146 2832
147 1946
148 1323
149 53
150 1775
151 2115
152 728
153 1187
154 2361
155 8
156 2120
157 120
158 1372
159 2827
160 1017
161 2678
162 2648
163 1373
164 2358
165 918
166 1998
167 404
168 2518
169 1092
170 715
171 387
172 585
173 2148
174 1116
175 2769
176 167
177 393
178 1177
179 1109
180 1548
181 934
182 2556
183 572
184 475
185 681
186 2118
187 910
188 2058
189 1878
190 1846
191 792
192 124
193 1471
194 963
195 1543
196 220
197 2583
198 751
199 2946
200 1091
201 257
202 2517
203 224
204 1890
205 1639
206 2802
207 1513
208 2378
209 1669
210 2163
211 2002
212 1382
213 1516
214 1501
215 1710
216 2334
217 1612
218 2281
219 392
220 2443
221 345
222 2197
223 2462
224 1601
225 2333
226 2219
227 2714
228 757
229 1160
230 152
231 1773
232 555
233 665
234 2661
235 1577
236 1114
237 2617
238 1462
239 2338
240 2876
241 2311
242 107
243 1920
244 2685
245 917
246 1114
247 2506
248 1070
249 36
250 23
251 2531
252 2334
253 1840
254 806
255 2739
256 2169
257 175
258 2898
259 179
260 2861
261 2160
262 2227
263 2783
264 531
265 1044
266 2112
267 847
268 1528
269 1162
270 1829
271 2692
272 1967
273 459
274 1501
275 829
276 355
277 2049
278 2222
279 2666
280 1458
281 1983
282 860
283 1283
284 504
285 70
286 1454
287 2643
288 1013
289 2393
290 2921
291 942
292 219
293 2554
294 665
295 2968
296 74
297 667
298 1080
299 345
300 1090
301 1624
302 2389
303 346
304 1676
305 1240
306 2910
307 890
308 134
309 1008
310 2325
311 2346
312 1626
313 553
314 240
315 86
316 981
317 1643
318 2287
319 1458
320 1746
321 1831
322 2802
323 2990
324 1784
325 1824
326 2601
327 2069
328 390
329 2107
330 1094
331 2785
332 346
333 2889
334 2414
335 222
336 2878
337 806
338 2265
339 543
340 107
341 237
342 19
343 881
344 686
345 1013
346 10
347 2680
348 560
349 2783
350 1464
351 2050
352 1117
353 929
354 1858
355 1646
356 1647
357 2420
358 2077
359 2408
360 505
361 991
362 621
363 2523
364 726
365 161
366 1400
367 1907
368 638
369 879
370 2636
371 2274
372 2207
373 1349
374 2386
375 2690
376 164
377 926
378 1045
379 1985
380 2478
381 815
382 2103
383 2560
384 1747
385 1270
386 2095
387 846
388 345
389 1290
390 280
391 2653
392 2113
393 1959
394 2268
395 571
396 2567
397 1219
398 1190
399 988
400 517
401 876
402 1008
403 1148
404 1328
405 2558
406 2142
407 2956
408 1959
409 1559
410 1777
411 1489
412 2508
413 1048
414 2553
415 396
416 2545
417 2791
418 1518
419 1671
420 385
421 2226
422 1265
423 16
424 617
425 1407
426 36
427 2093
428 664
429 2694
430 2055
431 2534
432 393
433 1576
434 1545
435 1463
436 1523
437 1294
438 2701
439 1060
440 343
441 1896
442 1034
443 1247
444 2206
445 2038
446 2239
447 2148
448 298
449 2506
450 2467
451 2550
452 1239
453 387
454 2614
455 1144
456 1876
457 481
458 2080
459 2533
460 1144
461 1670
462 205
463 979
464 1198
465 1045
466 966
467 1797
468 1636
469 1050
470 255
471 2157
472 557
473 539
474 2887
475 793
476 2591
477 1432
478 2035
479 548
480 2685
481 874
482 1318
483 992
484 2117
485 1029
486 1674
487 1097
488 32
489 1393
490 603
491 2912
492 1319
493 2638
494 2473
495 871
496 710
497 2131
498 1296
499 2415
500 2724
501 588
502 983
503 1231
504 438
505 1922
506 2921
507 1244
508 1954
509 2208
510 1742
511 1817
512 872
513 1922
514 1033
515 64
516 803
517 1502
518 2136
519 2551
520 312
521 1825
522 129
523 2676
524 2743
525 743
526 2460
527 465
528 2298
529 1313
530 2969
531 533
532 2945
533 2828
534 1964
535 409
536 1849
537 245
538 1492
539 2159
540 1624
541 1134
542 593
543 1311
544 2720
545 1819
546 1985
547 2697
548 2361
549 1723
550 669
551 441
552 272
553 2888
554 1783
555 130
556 1141
557 2028
558 145
559 647
560 968
561 1090
562 110
563 760
564 411
565 1470
566 13
567 1406
568 1164
569 1011
570 2159
571 1602
572 1983
573 1586
574 1318
575 290
576 2736
577 874
578 336
579 557
580 218
581 246
582 2253
583 2672
584 1445
585 932
586 2703
587 1378
588 708
589 2816
590 2687
591 1006
592 374
593 346
594 1801
595 48
596 2032
597 795
598 1315
599 173
600 375
601 830
602 498
603 1777
604 2656
605 1804
606 2142
607 329
608 1771
609 1272
610 463
611 2572
612 1781
613 2583
614 884
615 2635
616 836
617 2390
618 1972
619 648
620 2230
621 1632
622 1893
623 1948
624 1588
625 556
626 2517
627 1485
628 2134
629 1018
630 957
631 796
632 447
633 500
634 1983
635 543
636 372
637 905
638 2537
639 811
640 432
641 1878
642 2736
643 1417
644 1739
645 1035
646 974
647 2135
648 2240
649 686
650 2391
651 1040
652 782
653 2709
654 2368
655 1496
656 1564
657 1055
658 2185
659 1801
660 1110
661 327
662 1836
663 885
664 885
665 164
666 2089
667 1486
668 719
669 2153
670 2435
671 2753
672 525
673 2601
674 395
675 2525
676 2112
677 154
678 601
679 203
680 510
681 467
682 2536
683 1177
684 385
685 1864
686 418
687 329
688 1559
689 1438
690 710
691 1748
692 699
693 578
694 2863
695 2882
696 2358
697 195
698 122
699 686
700 428
701 1744
702 867
703 2393
704 914
705 1825
706 2887
707 51
708 2135
709 1225
710 1038
711 786
712 2448
713 1516
714 1719
715 1007
716 2399
717 2468
718 2150
719 2401
720 945
721 1695
722 2925
723 943
724 467
725 1868
726 2024
727 2391
728 1942
729 97
730 1950
731 978
732 2170
733 2153
734 1254
735 2672
736 1678
737 2622
738 1898
739 1658
740 2090
741 202
742 1874
743 1655
744 2069
745 2087
746 1360
747 338
748 2782
749 245
750 2689
751 2588
752 1599
753 446
754 2846
755 2844
756 981
757 2160
758 2176
759 1290
760 1402
761 1485
762 2925
763 126
764 436
765 2079
766 455
767 286
768 941
769 505
770 1071
771 2518
772 1685
773 2872
774 631
775 420
776 1867
777 1988
778 1944
779 2124
780 1861
781 2121
782 2143
783 1262
784 888
785 940
786 133
787 977
788 388
789 1060
790 2040
791 1420
792 2512
793 868
794 275
795 2600
796 2059
797 356
798 562
799 1098
800 2579
801 1964
802 2978
803 1256
804 2760
805 2483
806 1280
807 923
808 2309
809 708

