831 99
0 1811
1 2909
2 2495
3 2930
4 2397
5 63
6 2190
7 524
8 1505
9 1293
10 2176
11 533
12 2241
13 110
14 1384
15 2147
16 594
17 2343
18 1299
19 317
20 980
21 1743
22 2098
23 623
24 459
25 1669
26 1374
27 153
28 736
29 392
30 1422
31 2498
32 364
33 1050
34 300
35 1775
36 1250
37 2120
38 1296
39 995
40 61
41 2650
42 1402
43 1564
44 768
45 54
46 1989
47 660
48 1003
49 2617
50 556
51 2504
52 1074
53 1342
54 2969
55 2100
56 1167
57 1756
58 1218
59 1793
60 828
61 231
62 537
63 63
64 1201
65 2890
66 1855
67 1243
68 664
69 2725
70 849
71 2778
72 1972
73 1750
74 875
75 2254
76 464
77 356
78 249
79 1676
80 1811
81 1187
82 726
83 1223
84 1662
85 2675
86 791
87 1341
88 182
89 847
90 2720
91 1178
92 1935
93 916
94 2362
95 223
96 2481
97 53
98 2503
99 2339
100 2628
101 119
102 2466
103 2850
104 2685
105 949
106 1393
107 1734
108 1730
109 1779
110 2289
111 1939
112 2537
113 2908
114 770
115 640
116 1620
117 2020
118 1641
119 2191
120 127
121 1880
122 10
123 2017
124 1148
125 1488
126 388
127 89
128 590
129 54
130 1992
131 219
132 1270
133 2914
134 499
135 2836
136 845
137 2490
138 2612
139 555
140 2740
141 2920
142 251
143 1
144 1146
145 1205
146 2693
147 227
148 1235
149 2762
150 1684
151 1568
152 2015
153 2153
154 155
155 2488
156 1915
157 1780
158 2485
159 1592
160 681
161 1779
162 2908
163 2445
164 606
165 1425
166 1667
167 1660
168 66
169 1369
170 495
171 466
172 1409
173 2018
174 1645
175 1440
176 718
177 208
178 2944
179 2630
180 1279
181 2621
182 1808
183 433
184 290
185 2859
186 2205
187 1427
188 2188
189 263
190 957
191 66
192 2719
193 2739
194 1799
195 279
196 1062
197 2401
198 2733
199 2158
200 2746
201 2332
202 2343
203 2296
204 1281
205 998
206 793
207 1959
208 1736
209 372
210 298
211 1822
212 937
213 444
214 2393
215 985
216 919
217 1797
218 246
219 330
220 639
221 146
222 1993
223 2410
224 2100
225 2032
226 2684
227 1697
228 238
229 700
230 1186
231 2482
232 2010
233 1252
234 2975
235 623
236 803
237 638
238 827
239 36
240 2199
241 2963
242 983
243 1258
244 2318
245 602
246 470
247 1465
248 2179
249 220
250 2865
251 2767
252 2002
253 1990
254 2781
255 1631
256 207
257 2660
258 1889
259 2608
260 2036
261 110
262 2738
263 2998
264 2127
265 1795
266 766
267 2782
268 1756
269 869
270 716
271 2349
272 1391
273 2100
274 2394
275 2095
276 1970
277 2735
278 641
279 1453
280 2453
281 2611
282 41
283 428
284 1682
285 2575
286 103
287 1158
288 2432
289 741
290 471
291 1124
292 1608
293 662
294 1926
295 785
296 1206
297 2435
298 2483
299 80
300 484
301 2470
302 207
303 174
304 1688
305 507
306 1788
307 1089
308 396
309 1598
310 1296
311 1239
312 2857
313 423
314 2883
315 2741
316 2010
317 1816
318 470
319 1105
320 2899
321 67
322 2211
323 1430
324 1501
325 1927
326 151
327 1127
328 519
329 2195
330 1666
331 1303
332 703
333 256
334 53
335 103
336 28
337 2602
338 2216
339 1777
340 1686
341 437
342 1422
343 2105
344 2422
345 2918
346 663
347 2971
348 146
349 1045
350 154
351 2011
352 1653
353 1450
354 1929
355 444
356 1242
357 434
358 1940
359 787
360 408
361 2569
362 2071
363 685
364 1502
365 421
366 2099
367 2936
368 982
369 1284
370 2531
371 1514
372 1745
373 705
374 714
375 1266
376 2090
377 1892
378 1149
379 2375
380 462
381 2250
382 336
383 2110
384 2688
385 2091
386 275
387 1296
388 1826
389 2524
390 2392
391 1394
392 2806
393 1974
394 1547
395 2615
396 2965
397 808
398 2954
399 858
400 2616
401 1339
402 1256
403 334
404 355
405 12
406 1636
407 1720
408 865
409 2343
410 915
411 133
412 2277
413 2030
414 2102
415 756
416 2445
417 2307
418 2686
419 1824
420 1485
421 2145
422 1698
423 407
424 2742
425 105
426 1525
427 198
428 2580
429 2545
430 945
431 768
432 1205
433 2160
434 1037
435 1511
436 2570
437 1988
438 124
439 2240
440 101
441 2531
442 2922
443 802
444 735
445 2159
446 2058
447 100
448 1458
449 2440
450 15
451 1330
452 2338
453 1340
454 1021
455 383
456 2715
457 444
458 63
459 1078
460 811
461 2825
462 1993
463 2576
464 993
465 1807
466 660
467 2971
468 703
469 2274
470 1009
471 165
472 2060
473 1984
474 2586
475 936
476 1170
477 1451
478 1860
479 1264
480 2369
481 443
482 1575
483 602
484 957
485 1875
486 649
487 2187
488 1170
489 1919
490 1650
491 2102
492 549
493 400
494 642
495 1093
496 2130
497 673
498 830
499 1407
500 1280
501 2626
502 36
503 92
504 591
505 2386
506 223
507 1941
508 1583
509 1634
510 1860
511 595
512 1322
513 1501
514 2561
515 1510
516 2150
517 647
518 112
519 1828
520 1734
521 1727
522 1513
523 285
524 1973
525 2515
526 1469
527 2947
528 2596
529 1934
530 784
531 2530
532 2895
533 1650
534 136
535 476
536 2190
537 2561
538 1351
539 2477
540 2188
541 1796
542 2970
543 2590
544 696
545 1640
546 2563
547 666
548 964
549 1358
550 902
551 519
552 43
553 1657
554 2011
555 549
556 1500
557 1540
558 1308
559 1235
560 1250
561 1820
562 159
563 1126
564 395
565 386
566 2656
567 1354
568 1019
569 2380
570 636
571 1853
572 483
573 1527
574 2139
575 333
576 2838
577 899
578 2703
579 572
580 983
581 5
582 1475
583 1477
584 2775
585 601
586 1803
587 824
588 2439
589 1203
590 10
591 244
592 1682
593 2774
594 73
595 1559
596 1590
597 1092
598 360
599 2799
600 2512
601 1467
602 2751
603 358
604 1737
605 2430
606 959
607 2723
608 1735
609 351
610 1441
611 1395
612 490
613 2910
614 307
615 2513
616 2184
617 689
618 939
619 1855
620 802
621 390
622 2216
623 437
624 2612
625 2561
626 1573
627 575
628 914
629 231
630 1534
631 1720
632 13
633 3
634 2708
635 2329
636 57
637 2803
638 2488
639 2495
640 2916
641 508
642 384
643 2220
644 1505
645 2610
646 1205
647 133
648 1785
649 1440
650 868
651 2922
652 780
653 1699
654 1851
655 505
656 182
657 1405
658 779
659 1827
660 996
661 1342
662 2750
663 2657
664 1624
665 2659
666 2412
667 2648
668 1030
669 1659
670 2261
671 330
672 1493
673 1282
674 2247
675 2049
676 624
677 2723
678 1662
679 1134
680 485
681 701
682 2289
683 2001
684 1476
685 1646
686 916
687 2332
688 2409
689 1844
690 2659
691 2733
692 1281
693 291
694 510
695 430
696 21
697 2813
698 2345
699 114
700 1203
701 359
702 876
703 584
704 2841
705 1889
706 1699
707 2029
708 769
709 1622
710 973
711 352
712 2126
713 2510
714 2864
715 1551
716 2820
717 753
718 786
719 1119
720 913
721 1547
722 1743
723 2195
724 2814
725 578
726 1664
727 1114
728 1009
729 663
730 405
731 2985
732 1145
733 986
734 1942
735 208
736 802
737 2681
738 1738
739 2969
740 757
741 2892
742 5
743 2123
744 1869
745 1358
746 2757
747 2850
748 847
749 427
750 1575
751 2515
752 473
753 2550
754 183
755 624
756 408
757 367
758 2952
759 494
760 1682
761 1922
762 1619
763 2095
764 785
765 2269
766 2941
767 2275
768 2690
769 363
770 2976
771 456
772 2398
773 817
774 2934
775 2529
776 2520
777 278
778 2483
779 325
780 274
781 2093
782 197
783 2393
784 1753
785 586
786 1919
787 2798
788 2271
789 2813
790 1972
791 564
792 45
793 2424
794 198
795 240
796 1910
797 192
798 1747
799 2221
800 2780
801 281
802 2813
803 2651
804 1968
805 1560
806 1929
807 2328
808 442
809 2549
810 2165
811 738
812 1266
813 776
814 94
815 2075
816 374
817 2627
818 2172
819 1557
820 180
821 942
822 2758
823 2967
824 259
825 1863
826 1738
827 1893
828 1055
829 2445
830 1924

