129 2
0 1567
1 66
2 14
3 1659
4 568
5 2786
6 1216
7 228
8 149
9 128
10 1102
11 1330
12 842
13 564
14 2755
15 935
16 2269
17 615
18 2263
19 1585
20 2579
21 1137
22 201
23 900
24 137
25 642
26 1650
27 824
28 2382
29 1238
30 1500
31 667
32 1400
33 612
34 1035
35 2011
36 1531
37 974
38 1252
39 2937
40 2615
41 469
42 1284
43 1689
44 2422
45 368
46 1557
47 269
48 1645
49 2393
50 283
51 1472
52 825
53 548
54 263
55 2668
56 1565
57 913
58 326
59 2566
60 1839
61 1055
62 1159
63 1771
64 2776
65 1326
66 1354
67 504
68 2136
69 1524
70 2169
71 1125
72 194
73 1362
74 2175
75 1468
76 1591
77 2522
78 311
79 463
80 1814
81 869
82 2507
83 1676
84 254
85 1264
86 200
87 1294
88 2441
89 1847
90 600
91 2884
92 2273
93 2064
94 471
95 1745
96 2337
97 324
98 2882
99 1044
100 385
101 1919
102 1527
103 2801
104 650
105 891
106 71
107 701
108 274
109 1958
110 2668
111 122
112 1040
113 759
114 2861
115 725
116 2652
117 1667
118 800
119 2748
120 2741
121 2160
122 1157
123 2640
124 1072
125 273
126 512
127 602
128 1020

