419 85
0 46
1 2612
2 536
3 995
4 692
5 1271
6 1720
7 242
8 1105
9 2651
10 2370
11 2505
12 2992
13 2196
14 964
15 418
16 2041
17 2955
18 88
19 2414
20 936
21 758
22 2102
23 1344
24 2188
25 1887
26 1960
27 1501
28 79
29 1218
30 1709
31 2069
32 2010
33 2004
34 516
35 2008
36 1015
37 2316
38 157
39 2865
40 2441
41 1811
42 1117
43 1530
44 457
45 1145
46 989
47 1784
48 1396
49 2353
50 1395
51 1612
52 1350
53 2288
54 2371
55 2442
56 117
57 306
58 886
59 163
60 104
61 2020
62 207
63 1991
64 215
65 888
66 1995
67 2375
68 1224
69 1154
70 145
71 8
72 2406
73 1854
74 2351
75 1968
76 2411
77 2430
78 216
79 1051
80 1326
81 671
82 2397
83 2034
84 417
85 2760
86 713
87 1149
88 2008
89 2317
90 2408
91 198
92 435
93 2474
94 279
95 942
96 1698
97 458
98 2962
99 960
100 2705
101 750
102 359
103 567
104 1644
105 2710
106 2903
107 2271
108 2544
109 199
110 674
111 953
112 2267
113 982
114 2278
115 2877
116 1879
117 2063
118 1671
119 2131
120 2451
121 458
122 542
123 428
124 1152
125 2556
126 1872
127 22
128 2470
129 662
130 234
131 1743
132 1707
133 904
134 59
135 2473
136 792
137 2818
138 664
139 1150
140 1575
141 1334
142 702
143 386
144 2290
145 2885
146 1411
147 845
148 1839
149 2868
150 345
151 1357
152 1774
153 1557
154 672
155 1782
156 474
157 2186
158 278
159 1786
160 1200
161 18
162 2130
163 2047
164 1987
165 1420
166 1128
167 1368
168 2445
169 226
170 503
171 2519
172 1228
173 2032
174 2989
175 1665
176 502
177 1489
178 2480
179 1132
180 1328
181 158
182 2090
183 800
184 2555
185 1273
186 1526
187 2591
188 2700
189 1744
190 1865
191 1226
192 419
193 2562
194 68
195 1136
196 2967
197 2501
198 2340
199 371
200 1964
201 486
202 1401
203 2649
204 1152
205 1134
206 1010
207 1518
208 2578
209 745
210 2182
211 620
212 162
213 2374
214 2332
215 2652
216 789
217 1180
218 2317
219 244
220 2619
221 387
222 2125
223 1968
224 962
225 1981
226 404
227 1673
228 294
229 328
230 2539
231 1960
232 1438
233 1591
234 1282
235 2594
236 1766
237 507
238 246
239 2130
240 356
241 1083
242 2208
243 2742
244 1091
245 1259
246 795
247 1421
248 2242
249 419
250 1172
251 531
252 2888
253 143
254 573
255 166
256 1379
257 1829
258 2618
259 2367
260 2468
261 1712
262 575
263 60
264 2236
265 352
266 1542
267 786
268 248
269 949
270 2801
271 1321
272 129
273 2726
274 2257
275 1163
276 2334
277 549
278 973
279 2253
280 1133
281 1802
282 275
283 1100
284 1136
285 2491
286 1557
287 497
288 161
289 2933
290 804
291 383
292 2001
293 36
294 906
295 1702
296 2159
297 2722
298 2894
299 2315
300 938
301 421
302 2336
303 1357
304 2089
305 490
306 499
307 2929
308 445
309 1436
310 2617
311 2751
312 1059
313 224
314 1413
315 201
316 572
317 2169
318 2117
319 1926
320 1559
321 1828
322 711
323 1094
324 1066
325 1345
326 120
327 2153
328 1966
329 1271
330 761
331 670
332 775
333 180
334 1458
335 1327
336 2381
337 106
338 2661
339 2788
340 2353
341 1778
342 376
343 109
344 426
345 658
346 242
347 1739
348 1408
349 462
350 1251
351 530
352 2081
353 434
354 1236
355 1918
356 2100
357 46
358 738
359 2737
360 2060
361 193
362 2926
363 2863
364 490
365 1226
366 16
367 540
368 363
369 1210
370 1428
371 1663
372 2515
373 612
374 2550
375 1091
376 319
377 2478
378 997
379 1165
380 771
381 2232
382 2770
383 2047
384 716
385 2996
386 2665
387 1351
388 932
389 2802
390 2494
391 1258
392 2658
393 1578
394 2700
395 1042
396 597
397 1559
398 190
399 1204
400 2524
401 1604
402 2251
403 518
404 731
405 1568
406 2865
407 1236
408 1859
409 903
410 2694
411 2757
412 417
413 2342
414 1775
415 2042
416 642
417 1871
418 2736

