236 98
0 2449
1 220
2 1175
3 1703
4 1029
5 897
6 1612
7 2242
8 2847
9 1314
10 630
11 1084
12 1594
13 128
14 1821
15 503
16 471
17 1267
18 2738
19 2023
20 354
21 202
22 970
23 1423
24 1652
25 1864
26 2203
27 1874
28 921
29 536
30 523
31 722
32 1459
33 304
34 1177
35 2554
36 2879
37 845
38 744
39 736
40 1088
41 48
42 1860
43 1367
44 1872
45 2535
46 78
47 2298
48 2565
49 1107
50 2782
51 464
52 488
53 1280
54 1868
55 364
56 2885
57 517
58 1658
59 1485
60 2680
61 1248
62 2894
63 2094
64 2438
65 2585
66 1810
67 1311
68 2773
69 907
70 544
71 1368
72 1450
73 963
74 2992
75 2520
76 2874
77 1332
78 752
79 2348
80 1672
81 1876
82 2010
83 1792
84 2855
85 1760
86 2295
87 1776
88 536
89 2511
90 688
91 1927
92 1917
93 1772
94 1551
95 2097
96 1488
97 629
98 175
99 2254
100 49
101 89
102 2599
103 76
104 921
105 795
106 1402
107 539
108 514
109 1817
110 2159
111 1801
112 1822
113 2764
114 2074
115 39
116 2651
117 2778
118 2635
119 1623
120 1686
121 2200
122 1527
123 1098
124 37
125 2894
126 1946
127 1551
128 1535
129 107
130 426
131 2889
132 1123
133 260
134 1834
135 1999
136 2871
137 1467
138 514
139 347
140 2457
141 2406
142 578
143 99
144 2656
145 1905
146 1543
147 2440
148 106
149 2915
150 2183
151 2607
152 2646
153 1498
154 586
155 1155
156 208
157 1663
158 769
159 2609
160 2919
161 392
162 180
163 1232
164 1615
165 1055
166 1549
167 2460
168 710
169 2723
170 1643
171 1492
172 2266
173 2186
174 792
175 470
176 2839
177 361
178 673
179 784
180 2554
181 612
182 1951
183 1740
184 2932
185 1816
186 129
187 1217
188 2485
189 784
190 2754
191 672
192 1391
193 718
194 566
195 2643
196 2092
197 1968
198 1712
199 512
200 2082
201 1578
202 950
203 1043
204 1404
205 1414
206 1593
207 1797
208 879
209 675
210 608
211 1685
212 577
213 119
214 2402
215 1917
216 115
217 2728
218 2407
219 2642
220 1258
221 380
222 1819
223 2494
224 2970
225 727
226 726
227 831
228 2538
229 954
230 623
231 1405
232 399
233 139
234 2761
235 1753

