243 44
0 2636
1 2654
2 1439
3 80
4 784
5 2260
6 179
7 659
8 1268
9 1402
10 346
11 2302
12 1410
13 1397
14 2908
15 2207
16 230
17 1029
18 1592
19 2027
20 1245
21 2295
22 2670
23 1658
24 954
25 1251
26 1881
27 1140
28 1502
29 1515
30 1167
31 1614
32 578
33 1884
34 1046
35 2268
36 1586
37 1254
38 2030
39 1687
40 971
41 2900
42 2007
43 779
44 1027
45 2648
46 434
47 2253
48 175
49 1417
50 1668
51 1340
52 1498
53 2263
54 1475
55 1319
56 2459
57 1808
58 2766
59 2261
60 1696
61 1621
62 1961
63 637
64 530
65 2519
66 950
67 2992
68 2824
69 618
70 1079
71 923
72 611
73 710
74 59
75 2228
76 2368
77 2533
78 1623
79 89
80 2189
81 118
82 1826
83 2278
84 373
85 2956
86 468
87 1147
88 1889
89 1135
90 1715
91 1922
92 1582
93 730
94 2402
95 1513
96 1395
97 2936
98 1680
99 682
100 666
101 2332
102 2786
103 560
104 1100
105 2432
106 101
107 63
108 2628
109 385
110 1049
111 585
112 851
113 590
114 750
115 2658
116 1343
117 89
118 2603
119 2954
120 2158
121 885
122 1407
123 2797
124 656
125 2939
126 182
127 2200
128 844
129 1303
130 2522
131 2155
132 1608
133 1593
134 2159
135 2573
136 2934
137 1569
138 1559
139 1858
140 2227
141 2650
142 1887
143 2795
144 1248
145 322
146 1007
147 2
148 2817
149 1220
150 615
151 2954
152 958
153 95
154 2927
155 2921
156 686
157 1883
158 1981
159 1062
160 1888
161 2250
162 361
163 1943
164 366
165 2986
166 454
167 2194
168 2646
169 37
170 2813
171 357
172 2963
173 1415
174 1375
175 2886
176 2766
177 284
178 2040
179 2466
180 1574
181 2281
182 2780
183 2346
184 387
185 637
186 992
187 665
188 148
189 2443
190 374
191 1271
192 1575
193 2213
194 2501
195 1126
196 2232
197 2834
198 2423
199 2542
200 1100
201 734
202 2606
203 1657
204 2185
205 2569
206 2400
207 457
208 477
209 2807
210 2814
211 226
212 2463
213 2065
214 1563
215 2084
216 2274
217 2155
218 2718
219 2448
220 725
221 1254
222 1736
223 504
224 2163
225 1682
226 1874
227 482
228 567
229 737
230 2211
231 1569
232 2893
233 1980
234 667
235 1820
236 2063
237 519
238 1484
239 2642
240 361
241 280
242 261

