158 31
0 306
1 2638
2 1173
3 2141
4 1181
5 691
6 2895
7 1034
8 2202
9 881
10 22
11 417
12 168
13 582
14 2495
15 1168
16 1598
17 583
18 1746
19 1475
20 669
21 2477
22 1051
23 1619
24 379
25 7
26 1537
27 684
28 1188
29 731
30 1707
31 1457
32 2121
33 2697
34 458
35 348
36 597
37 181
38 2916
39 20
40 792
41 1636
42 1477
43 661
44 2684
45 1325
46 1606
47 882
48 164
49 1979
50 770
51 2578
52 984
53 2053
54 656
55 1459
56 1147
57 1362
58 779
59 1234
60 541
61 712
62 2255
63 2818
64 864
65 1876
66 2775
67 1253
68 2323
69 1356
70 1596
71 462
72 984
73 1761
74 2256
75 2172
76 299
77 2976
78 838
79 1742
80 2523
81 1990
82 2201
83 1869
84 387
85 1357
86 2777
87 976
88 11
89 1841
90 2534
91 2412
92 1447
93 34
94 263
95 1524
96 334
97 1162
98 1030
99 1021
100 2293
101 1219
102 1232
103 1412
104 1153
105 1977
106 1140
107 1114
108 2469
109 2768
110 2605
111 9
112 599
113 2964
114 505
115 2428
116 1523
117 1587
118 2016
119 1870
120 2935
121 1736
122 859
123 1948
124 1497
125 1481
126 711
127 179
128 1158
129 1744
130 2900
131 1668
132 1487
133 2555
134 1232
135 1221
136 1445
137 2830
138 340
139 2245
140 2957
141 1360
142 1359
143 197
144 157
145 2719
146 2275
147 290
148 2784
149 491
150 1029
151 1608
152 2811
153 465
154 1047
155 2971
156 2237
157 2634

