510 72
0 1963
1 2121
2 343
3 893
4 1937
5 858
6 2061
7 1554
8 2313
9 2711
10 1731
11 1302
12 1838
13 334
14 1026
15 808
16 74
17 2468
18 1881
19 2105
20 1368
21 1922
22 510
23 2188
24 2311
25 2123
26 139
27 114
28 2555
29 2876
30 2895
31 1591
32 1870
33 1913
34 856
35 620
36 2856
37 198
38 1655
39 2829
40 20
41 805
42 1623
43 2654
44 1327
45 1899
46 742
47 2423
48 1529
49 1168
50 339
51 1688
52 1549
53 1965
54 1644
55 151
56 1978
57 1195
58 1422
59 780
60 220
61 2250
62 2423
63 1512
64 2316
65 1576
66 1368
67 2550
68 395
69 977
70 1480
71 1256
72 596
73 589
74 2112
75 273
76 559
77 2413
78 2914
79 680
80 2259
81 877
82 1960
83 2051
84 1368
85 1157
86 574
87 302
88 1745
89 2171
90 2432
91 2765
92 1931
93 1149
94 2844
95 1678
96 971
97 2906
98 1106
99 2974
100 1415
101 613
102 2972
103 2534
104 73
105 486
106 735
107 1334
108 183
109 1445
110 527
111 1959
112 1796
113 2555
114 1756
115 1249
116 2955
117 648
118 259
119 113
120 1597
121 958
122 23
123 28
124 2682
125 1741
126 2787
127 4
128 2234
129 2650
130 2520
131 2705
132 1748
133 408
134 2127
135 2252
136 2031
137 1005
138 1373
139 2635
140 398
141 1145
142 642
143 2732
144 1693
145 518
146 546
147 711
148 2041
149 810
150 220
151 1855
152 1372
153 1834
154 391
155 1844
156 1659
157 269
158 2996
159 2842
160 1420
161 1809
162 2285
163 146
164 1563
165 2054
166 457
167 1175
168 2808
169 1215
170 1999
171 1638
172 657
173 378
174 143
175 2079
176 2255
177 2920
178 459
179 1873
180 2723
181 1261
182 1295
183 1421
184 41
185 334
186 2462
187 1209
188 442
189 628
190 2394
191 2319
192 2777
193 1597
194 700
195 471
196 1197
197 2201
198 811
199 2775
200 1470
201 1050
202 1610
203 1406
204 1430
205 2138
206 2318
207 1585
208 798
209 543
210 711
211 2161
212 2514
213 2938
214 1701
215 104
216 2650
217 272
218 1602
219 2640
220 1231
221 1000
222 2309
223 154
224 2427
225 1154
226 2340
227 1861
228 1993
229 1447
230 2396
231 2171
232 617
233 312
234 2571
235 1440
236 2073
237 444
238 1807
239 2286
240 948
241 2612
242 1620
243 2881
244 150
245 2074
246 732
247 1513
248 1873
249 689
250 1556
251 245
252 831
253 2805
254 4
255 2074
256 2113
257 2738
258 1509
259 2748
260 2665
261 254
262 2318
263 1042
264 361
265 1553
266 2966
267 307
268 1186
269 2159
270 1448
271 664
272 793
273 1722
274 724
275 2898
276 964
277 737
278 2287
279 2658
280 656
281 168
282 2406
283 2057
284 690
285 2139
286 188
287 871
288 2690
289 1127
290 925
291 121
292 1829
293 549
294 2855
295 2523
296 224
297 333
298 1109
299 934
300 1122
301 1694
302 1279
303 2907
304 1957
305 746
306 2703
307 1742
308 2833
309 2518
310 267
311 1022
312 2259
313 1651
314 2596
315 1650
316 1842
317 1797
318 973
319 573
320 871
321 1127
322 506
323 2428
324 1563
325 1937
326 2673
327 1060
328 157
329 1671
330 1446
331 2755
332 1108
333 2311
334 538
335 1705
336 2544
337 890
338 941
339 2032
340 1270
341 1524
342 1661
343 2643
344 2056
345 1528
346 1084
347 2317
348 2176
349 48
350 423
351 37
352 2231
353 2765
354 840
355 2246
356 2482
357 2268
358 1975
359 380
360 2946
361 327
362 2516
363 2997
364 1590
365 1539
366 2531
367 1594
368 2993
369 427
370 2082
371 2712
372 2835
373 1576
374 131
375 676
376 138
377 468
378 2362
379 2416
380 163
381 2152
382 454
383 1088
384 1963
385 1082
386 599
387 2654
388 2479
389 2621
390 2232
391 146
392 1088
393 1066
394 650
395 446
396 1313
397 2371
398 1319
399 1771
400 2053
401 857
402 2920
403 2036
404 203
405 1745
406 2631
407 2898
408 1707
409 2947
410 1137
411 1984
412 1445
413 2278
414 10
415 783
416 1648
417 2355
418 2050
419 2628
420 1846
421 429
422 1184
423 2229
424 1261
425 2866
426 1046
427 1651
428 2136
429 997
430 477
431 1318
432 1902
433 1690
434 1272
435 1266
436 808
437 2851
438 887
439 2387
440 808
441 860
442 910
443 2017
444 935
445 655
446 159
447 1015
448 1538
449 2657
450 1828
451 2382
452 397
453 795
454 464
455 2825
456 568
457 1697
458 855
459 1824
460 553
461 2065
462 10
463 1168
464 2592
465 145
466 2323
467 250
468 1459
469 589
470 2126
471 1007
472 105
473 2205
474 794
475 1288
476 2732
477 2648
478 644
479 1867
480 931
481 2698
482 1302
483 600
484 1200
485 1234
486 2859
487 628
488 1999
489 2101
490 1467
491 2354
492 2415
493 1988
494 2414
495 2458
496 2033
497 2737
498 2936
499 2510
500 70
501 865
502 1104
503 1783
504 1826
505 1365
506 323
507 100
508 1906
509 366

