683 35
0 426
1 1018
2 1263
3 1825
4 2163
5 393
6 1566
7 113
8 2841
9 2898
10 2829
11 903
12 2146
13 2297
14 956
15 2924
16 1931
17 1024
18 616
19 250
20 814
21 1915
22 929
23 2780
24 827
25 434
26 933
27 2778
28 1786
29 240
30 1851
31 1374
32 2070
33 1610
34 2520
35 1512
36 313
37 2749
38 1831
39 2774
40 1107
41 1364
42 235
43 135
44 1124
45 12
46 1272
47 1636
48 277
49 2283
50 625
51 2136
52 2637
53 2193
54 1714
55 719
56 1258
57 1626
58 737
59 1958
60 2114
61 892
62 1295
63 2415
64 801
65 1037
66 2402
67 2454
68 2578
69 2184
70 2230
71 2551
72 178
73 1471
74 378
75 2761
76 2705
77 2534
78 2415
79 2587
80 1723
81 905
82 583
83 2750
84 153
85 2567
86 2789
87 1277
88 2337
89 1698
90 276
91 226
92 706
93 1474
94 1634
95 2886
96 313
97 2808
98 1967
99 2922
100 1331
101 1805
102 2344
103 1369
104 2189
105 1647
106 1902
107 638
108 2645
109 419
110 1488
111 1657
112 1562
113 1354
114 1858
115 617
116 2274
117 60
118 2909
119 2402
120 803
121 288
122 2447
123 538
124 2268
125 284
126 863
127 628
128 2167
129 2965
130 1620
131 2522
132 2578
133 1014
134 419
135 1209
136 965
137 2799
138 2745
139 331
140 562
141 2918
142 2264
143 668
144 2906
145 1653
146 179
147 789
148 2077
149 926
150 836
151 1016
152 2842
153 761
154 1612
155 2377
156 1755
157 2439
158 2392
159 2345
160 2910
161 1710
162 920
163 956
164 2604
165 1860
166 1508
167 1486
168 226
169 1743
170 804
171 2094
172 74
173 529
174 1572
175 741
176 1300
177 2210
178 2859
179 432
180 2126
181 242
182 2198
183 2197
184 1550
185 721
186 2701
187 1561
188 1424
189 1686
190 851
191 2389
192 2606
193 1348
194 1636
195 1240
196 1972
197 2461
198 1894
199 2612
200 2284
201 2758
202 2796
203 1260
204 1471
205 1009
206 2613
207 295
208 58
209 1215
210 1041
211 956
212 783
213 1207
214 2246
215 73
216 2421
217 148
218 614
219 638
220 1718
221 2299
222 2616
223 2679
224 889
225 2848
226 740
227 2962
228 2471
229 2370
230 2554
231 1168
232 160
233 1825
234 2026
235 1021
236 106
237 1564
238 953
239 1241
240 1706
241 912
242 298
243 2913
244 1260
245 2035
246 1642
247 2230
248 2075
249 1590
250 1054
251 2018
252 909
253 379
254 2045
255 2765
256 2177
257 1938
258 2312
259 1484
260 1915
261 1096
262 1938
263 1575
264 2745
265 867
266 1416
267 510
268 481
269 2999
270 2507
271 611
272 2680
273 1000
274 699
275 804
276 1948
277 2780
278 961
279 1625
280 2043
281 2744
282 1599
283 40
284 479
285 2709
286 2738
287 2333
288 716
289 1656
290 1856
291 143
292 742
293 1053
294 451
295 1476
296 2260
297 2798
298 1205
299 1888
300 2291
301 1637
302 2158
303 860
304 659
305 2854
306 932
307 2965
308 1859
309 1008
310 2151
311 1164
312 2571
313 883
314 2455
315 1579
316 1240
317 2300
318 1057
319 1560
320 1542
321 2405
322 1802
323 635
324 15
325 1937
326 2117
327 901
328 1915
329 1066
330 535
331 1921
332 708
333 242
334 1641
335 55
336 1897
337 1494
338 27
339 2787
340 130
341 2822
342 2662
343 535
344 1089
345 1011
346 28
347 801
348 1875
349 2018
350 596
351 816
352 2608
353 810
354 1701
355 143
356 319
357 2353
358 2855
359 107
360 648
361 2100
362 2820
363 397
364 1690
365 2657
366 515
367 108
368 449
369 1506
370 2717
371 2079
372 1618
373 1452
374 2561
375 737
376 1223
377 816
378 821
379 2243
380 47
381 1468
382 86
383 2216
384 2064
385 1490
386 2452
387 465
388 2916
389 2024
390 2484
391 2712
392 858
393 1773
394 1429
395 813
396 316
397 379
398 1518
399 884
400 280
401 1074
402 1504
403 1246
404 1769
405 2309
406 1564
407 1750
408 2815
409 560
410 1244
411 2553
412 1494
413 1285
414 712
415 1466
416 258
417 2782
418 1495
419 1688
420 1979
421 224
422 738
423 403
424 777
425 97
426 1560
427 1925
428 898
429 2552
430 1285
431 358
432 2131
433 2663
434 2627
435 2518
436 1697
437 2381
438 1791
439 601
440 1626
441 1637
442 2764
443 1870
444 198
445 2060
446 1827
447 395
448 545
449 2644
450 1062
451 1858
452 432
453 1704
454 303
455 373
456 2369
457 706
458 2225
459 1450
460 2110
461 2433
462 1149
463 2841
464 210
465 1624
466 309
467 1854
468 188
469 749
470 595
471 146
472 2145
473 76
474 1229
475 2890
476 2484
477 2521
478 175
479 1598
480 1841
481 2037
482 1180
483 2771
484 913
485 1259
486 2567
487 2221
488 1518
489 1404
490 306
491 441
492 1559
493 791
494 1608
495 955
496 1412
497 353
498 97
499 2351
500 404
501 1872
502 164
503 2917
504 992
505 2914
506 1088
507 218
508 629
509 764
510 1158
511 2971
512 2864
513 1132
514 2448
515 612
516 1856
517 1715
518 981
519 2787
520 1230
521 1786
522 272
523 387
524 1569
525 2813
526 2014
527 401
528 2738
529 2096
530 2108
531 2017
532 1079
533 558
534 1494
535 0
536 151
537 2149
538 113
539 399
540 825
541 2873
542 2937
543 2918
544 1676
545 363
546 15
547 104
548 583
549 1651
550 1772
551 2826
552 2572
553 140
554 1972
555 327
556 924
557 2609
558 1112
559 2759
560 915
561 2357
562 218
563 729
564 2992
565 2670
566 631
567 4
568 660
569 36
570 1433
571 231
572 305
573 2642
574 1730
575 1411
576 843
577 859
578 2320
579 1175
580 2387
581 1630
582 431
583 2808
584 98
585 20
586 27
587 116
588 1020
589 48
590 1034
591 767
592 287
593 460
594 214
595 1061
596 1831
597 1118
598 2491
599 2232
600 2323
601 2891
602 715
603 1033
604 255
605 998
606 2807
607 1388
608 1878
609 2065
610 2613
611 2521
612 1106
613 567
614 332
615 693
616 1725
617 2618
618 2560
619 1040
620 1182
621 1855
622 1666
623 1199
624 131
625 891
626 2173
627 2905
628 793
629 2870
630 2431
631 1272
632 371
633 521
634 2637
635 948
636 2189
637 1617
638 2797
639 2720
640 2365
641 2399
642 765
643 377
644 2782
645 1995
646 1304
647 737
648 138
649 847
650 1564
651 2695
652 132
653 1779
654 1170
655 34
656 886
657 59
658 2009
659 1423
660 959
661 2504
662 1055
663 458
664 2936
665 906
666 415
667 2926
668 1365
669 2985
670 388
671 270
672 1665
673 1369
674 959
675 729
676 2804
677 1302
678 2099
679 931
680 86
681 2258
682 821

