373 89
0 2112
1 1981
2 1770
3 1820
4 1048
5 1880
6 1218
7 1218
8 1788
9 102
10 1957
11 1342
12 2334
13 1587
14 1910
15 768
16 105
17 1202
18 2920
19 360
20 272
21 2149
22 2726
23 2592
24 1726
25 2698
26 1459
27 2693
28 1907
29 1606
30 2661
31 1341
32 927
33 510
34 2976
35 1974
36 926
37 705
38 108
39 485
40 2628
41 1334
42 1878
43 2767
44 2708
45 731
46 2069
47 1869
48 1366
49 434
50 2810
51 2223
52 674
53 2873
54 419
55 2559
56 1344
57 2719
58 2577
59 1916
60 329
61 2252
62 261
63 2917
64 1088
65 1708
66 2302
67 2792
68 2953
69 1310
70 585
71 865
72 2549
73 1453
74 864
75 593
76 2186
77 752
78 68
79 315
80 1211
81 573
82 2910
83 1848
84 580
85 924
86 2294
87 1835
88 382
89 189
90 2317
91 2657
92 1540
93 1925
94 1896
95 1533
96 2293
97 1812
98 2807
99 2052
100 1137
101 1990
102 1655
103 2498
104 2378
105 2273
106 780
107 2707
108 872
109 1712
110 1302
111 1203
112 1971
113 2514
114 807
115 1559
116 2400
117 887
118 90
119 992
120 810
121 2226
122 1170
123 143
124 612
125 1275
126 2332
127 589
128 413
129 473
130 681
131 1077
132 732
133 2866
134 1358
135 2530
136 1265
137 2966
138 1499
139 2956
140 322
141 791
142 496
143 2943
144 156
145 830
146 1876
147 1070
148 252
149 2045
150 1167
151 49
152 2591
153 2294
154 1610
155 2797
156 1298
157 1250
158 1077
159 809
160 1810
161 216
162 33
163 1992
164 181
165 2348
166 898
167 236
168 1940
169 585
170 584
171 2257
172 1687
173 2108
174 2008
175 1287
176 516
177 795
178 313
179 558
180 950
181 1887
182 787
183 1064
184 1986
185 2430
186 16
187 1649
188 1735
189 19
190 2458
191 489
192 1149
193 797
194 937
195 1874
196 1525
197 1653
198 1342
199 2918
200 2929
201 439
202 1917
203 2186
204 903
205 2797
206 99
207 1584
208 915
209 582
210 324
211 1522
212 2822
213 266
214 2052
215 2735
216 1280
217 1706
218 985
219 2734
220 520
221 1057
222 314
223 1703
224 1504
225 1124
226 2767
227 1266
228 1004
229 2918
230 1400
231 197
232 1798
233 2156
234 2207
235 2670
236 458
237 2630
238 2512
239 2880
240 2146
241 2817
242 1758
243 2205
244 2587
245 1726
246 1968
247 1698
248 2082
249 2467
250 1699
251 2909
252 2111
253 844
254 1376
255 2989
256 2533
257 959
258 801
259 2909
260 1019
261 309
262 2536
263 2969
264 1897
265 1796
266 2700
267 169
268 553
269 1560
270 2115
271 2664
272 761
273 2423
274 139
275 1967
276 2540
277 2920
278 567
279 914
280 15
281 1258
282 2493
283 2358
284 859
285 1021
286 851
287 1063
288 2747
289 1595
290 20
291 238
292 530
293 915
294 290
295 1194
296 2997
297 1296
298 1889
299 1176
300 1
301 299
302 2304
303 1565
304 307
305 2149
306 244
307 148
308 2930
309 2570
310 977
311 1760
312 927
313 2559
314 1706
315 1056
316 145
317 1265
318 412
319 1256
320 2465
321 2381
322 674
323 2237
324 1183
325 2396
326 683
327 2589
328 367
329 379
330 973
331 1801
332 11
333 7
334 2290
335 710
336 277
337 2870
338 2137
339 2594
340 457
341 2962
342 560
343 2700
344 482
345 636
346 987
347 997
348 1722
349 204
350 2277
351 832
352 2159
353 2694
354 161
355 2628
356 1382
357 2088
358 233
359 798
360 1225
361 2978
362 726
363 1710
364 1023
365 1500
366 1966
367 2507
368 524
369 1108
370 1755
371 208
372 2673

