385 85
0 2974
1 128
2 2549
3 2285
4 317
5 249
6 2082
7 2644
8 1862
9 550
10 2254
11 32
12 947
13 2096
14 2977
15 880
16 266
17 470
18 329
19 838
20 1977
21 839
22 2416
23 1852
24 1687
25 1386
26 2772
27 403
28 1012
29 1712
30 2698
31 1697
32 2648
33 1061
34 1196
35 2647
36 1526
37 1094
38 143
39 2860
40 2766
41 2169
42 1381
43 1699
44 1434
45 2473
46 592
47 1377
48 1620
49 2343
50 2157
51 2346
52 777
53 1328
54 2668
55 2468
56 916
57 293
58 1405
59 2521
60 1099
61 779
62 27
63 33
64 673
65 342
66 1093
67 90
68 377
69 1446
70 320
71 1135
72 866
73 2192
74 2466
75 2614
76 2419
77 2836
78 2812
79 72
80 2267
81 404
82 912
83 2946
84 2146
85 1398
86 1425
87 2210
88 2313
89 2343
90 2895
91 577
92 2570
93 164
94 2047
95 2279
96 28
97 1192
98 2621
99 2873
100 484
101 1720
102 1997
103 2677
104 2161
105 1806
106 2271
107 1586
108 1294
109 1653
110 996
111 1680
112 887
113 822
114 1398
115 2025
116 2251
117 1981
118 274
119 2794
120 2540
121 257
122 845
123 2967
124 1494
125 1324
126 1927
127 2017
128 1931
129 2728
130 193
131 2381
132 1821
133 2844
134 1795
135 2487
136 2709
137 950
138 2473
139 1054
140 660
141 332
142 25
143 2730
144 139
145 2106
146 239
147 416
148 121
149 1380
150 2016
151 1383
152 2046
153 840
154 1820
155 103
156 1752
157 305
158 681
159 1367
160 2663
161 1748
162 1060
163 2945
164 1666
165 1232
166 1034
167 2504
168 941
169 2761
170 876
171 658
172 276
173 1144
174 252
175 1767
176 628
177 2737
178 1258
179 186
180 2521
181 2930
182 1295
183 2547
184 1684
185 1427
186 2523
187 2924
188 2808
189 1525
190 2785
191 654
192 784
193 19
194 2987
195 584
196 1675
197 1627
198 798
199 1118
200 828
201 254
202 1552
203 1415
204 1221
205 2796
206 290
207 1836
208 252
209 1950
210 2721
211 1291
212 2993
213 2443
214 2211
215 983
216 2865
217 1072
218 2457
219 2055
220 1663
221 1958
222 2385
223 1655
224 1307
225 2967
226 1327
227 2877
228 2753
229 1419
230 726
231 397
232 1219
233 2135
234 2955
235 117
236 197
237 2287
238 125
239 1697
240 2459
241 1998
242 2350
243 543
244 28
245 1298
246 2741
247 363
248 2036
249 53
250 2338
251 1303
252 662
253 1103
254 953
255 730
256 2975
257 372
258 748
259 2575
260 1873
261 2981
262 1987
263 2022
264 1764
265 1296
266 1723
267 2744
268 2935
269 1667
270 964
271 1581
272 661
273 2108
274 804
275 2452
276 1245
277 3
278 921
279 467
280 450
281 905
282 1510
283 2338
284 1652
285 2945
286 2947
287 1865
288 2602
289 766
290 1734
291 1527
292 1663
293 60
294 172
295 398
296 1189
297 2879
298 2062
299 1581
300 316
301 920
302 2454
303 749
304 1358
305 493
306 295
307 2748
308 1389
309 1801
310 623
311 1922
312 84
313 499
314 2277
315 2070
316 152
317 1140
318 1864
319 1190
320 2597
321 2509
322 1821
323 137
324 2052
325 2410
326 2422
327 205
328 614
329 633
330 420
331 2620
332 905
333 24
334 782
335 1528
336 1088
337 847
338 1359
339 288
340 1299
341 742
342 65
343 1954
344 589
345 2249
346 2898
347 2322
348 2601
349 1957
350 720
351 24
352 496
353 1815
354 981
355 178
356 2708
357 866
358 2416
359 1357
360 2556
361 593
362 2494
363 1424
364 490
365 151
366 2745
367 1501
368 1468
369 2134
370 1230
371 2473
372 2698
373 1495
374 1842
375 1367
376 1476
377 2574
378 603
379 280
380 531
381 2497
382 229
383 1711
384 503

