254 96
0 1958
1 313
2 1540
3 1969
4 322
5 2143
6 1608
7 1651
8 1812
9 2834
10 2602
11 2658
12 1556
13 2178
14 1489
15 85
16 441
17 432
18 1553
19 469
20 2893
21 209
22 2094
23 2970
24 2261
25 618
26 899
27 1713
28 1098
29 7
30 23
31 39
32 2502
33 1147
34 1185
35 2770
36 1289
37 537
38 266
39 2894
40 1934
41 2508
42 648
43 1766
44 1519
45 1476
46 782
47 1641
48 1958
49 2911
50 1857
51 147
52 2998
53 1737
54 2706
55 1465
56 407
57 2795
58 698
59 2294
60 2513
61 1798
62 2645
63 1349
64 2147
65 413
66 795
67 604
68 2455
69 2697
70 1832
71 2304
72 690
73 38
74 2999
75 2932
76 2373
77 812
78 1233
79 2677
80 750
81 356
82 1890
83 145
84 1580
85 1344
86 2219
87 2591
88 24
89 952
90 2559
91 2590
92 1768
93 2929
94 388
95 3
96 847
97 1068
98 986
99 2702
100 2335
101 2135
102 243
103 573
104 2072
105 770
106 2310
107 1864
108 2597
109 2102
110 164
111 94
112 114
113 533
114 2907
115 996
116 1007
117 334
118 1254
119 1314
120 2524
121 2369
122 692
123 2763
124 1789
125 1732
126 426
127 676
128 1918
129 1462
130 1894
131 1195
132 1930
133 1282
134 2484
135 2519
136 2460
137 1116
138 863
139 1184
140 1801
141 2449
142 2322
143 995
144 558
145 642
146 274
147 2784
148 922
149 239
150 2072
151 2350
152 2982
153 675
154 607
155 2530
156 2111
157 65
158 691
159 2586
160 2677
161 2561
162 1700
163 707
164 1569
165 2918
166 2224
167 1969
168 1193
169 2499
170 783
171 1857
172 2854
173 2028
174 2578
175 1060
176 1728
177 105
178 2568
179 154
180 839
181 2576
182 1585
183 2145
184 717
185 2596
186 1706
187 1861
188 637
189 430
190 2436
191 386
192 1350
193 2244
194 2191
195 132
196 751
197 782
198 277
199 1833
200 1521
201 1352
202 1776
203 647
204 2191
205 972
206 1812
207 2997
208 1832
209 715
210 2473
211 576
212 2829
213 2512
214 2220
215 420
216 2311
217 1388
218 2942
219 2903
220 2170
221 772
222 220
223 914
224 2373
225 2981
226 2419
227 1174
228 1849
229 1767
230 1108
231 1218
232 443
233 555
234 1326
235 1744
236 1779
237 815
238 1360
239 1433
240 913
241 1025
242 2004
243 1686
244 2338
245 2776
246 2273
247 1305
248 1571
249 849
250 2093
251 2380
252 1028
253 122

