199 23
0 2765
1 2410
2 1627
3 2554
4 967
5 2366
6 2392
7 1369
8 1901
9 1359
10 1225
11 1845
12 628
13 2003
14 2587
15 605
16 2679
17 2168
18 851
19 2473
20 2794
21 713
22 690
23 975
24 2126
25 2063
26 1372
27 2068
28 163
29 252
30 605
31 1483
32 892
33 1835
34 546
35 2648
36 1783
37 2836
38 513
39 2074
40 1807
41 733
42 37
43 2436
44 1804
45 762
46 330
47 865
48 2688
49 1491
50 1919
51 468
52 125
53 1413
54 165
55 1828
56 2974
57 2200
58 1673
59 2970
60 909
61 2593
62 887
63 1287
64 1855
65 507
66 2229
67 1055
68 2082
69 141
70 2273
71 2497
72 2804
73 1322
74 214
75 957
76 1323
77 791
78 2081
79 2770
80 1609
81 2971
82 996
83 1438
84 1649
85 743
86 2785
87 1078
88 420
89 2875
90 548
91 1744
92 147
93 843
94 1292
95 245
96 50
97 878
98 2568
99 1237
100 856
101 169
102 2682
103 2636
104 2013
105 2799
106 2465
107 1025
108 11
109 1871
110 873
111 2145
112 1353
113 2814
114 2156
115 890
116 963
117 688
118 61
119 636
120 1061
121 2119
122 2070
123 2468
124 2229
125 577
126 2647
127 530
128 1907
129 265
130 1127
131 1243
132 441
133 2351
134 737
135 2617
136 2067
137 1160
138 2003
139 2187
140 1677
141 1512
142 357
143 2811
144 766
145 273
146 1823
147 2043
148 383
149 568
150 1246
151 959
152 2565
153 2633
154 2390
155 1031
156 1342
157 2695
158 1828
159 1030
160 1363
161 2510
162 2670
163 1795
164 1230
165 1531
166 2149
167 759
168 2802
169 2500
170 782
171 2292
172 2492
173 866
174 1041
175 1217
176 2356
177 106
178 2327
179 2921
180 1029
181 649
182 1441
183 2420
184 553
185 1806
186 283
187 176
188 2442
189 1681
190 2320
191 2337
192 2686
193 2205
194 1372
195 443
196 253
197 1592
198 158

