948 90
0 1298
1 1652
2 2285
3 2074
4 2755
5 252
6 112
7 2190
8 1553
9 113
10 1831
11 2237
12 38
13 1235
14 927
15 1123
16 949
17 2853
18 2221
19 506
20 494
21 770
22 1543
23 1709
24 1850
25 1803
26 973
27 2246
28 602
29 696
30 2068
31 2552
32 775
33 1125
34 1912
35 1583
36 2128
37 622
38 1003
39 2543
40 1856
41 2914
42 269
43 2940
44 1483
45 1393
46 1241
47 1510
48 2496
49 1918
50 2265
51 2262
52 63
53 2209
54 2762
55 581
56 1709
57 2631
58 35
59 2902
60 1280
61 2631
62 380
63 2769
64 1359
65 339
66 689
67 2188
68 486
69 829
70 2071
71 1368
72 2359
73 260
74 487
75 1856
76 994
77 434
78 1255
79 2415
80 174
81 1971
82 715
83 1110
84 157
85 231
86 1148
87 2483
88 45
89 2694
90 2715
91 318
92 2094
93 1287
94 1290
95 1850
96 2874
97 2768
98 269
99 2962
100 1851
101 37
102 2993
103 2391
104 2686
105 2642
106 1357
107 2928
108 1762
109 1979
110 2658
111 2956
112 1655
113 2411
114 1299
115 1151
116 392
117 2848
118 1234
119 2657
120 543
121 2121
122 1498
123 1550
124 1290
125 2225
126 1427
127 1219
128 1683
129 1026
130 1532
131 367
132 2240
133 1469
134 2621
135 2081
136 1847
137 2130
138 602
139 815
140 948
141 607
142 450
143 1576
144 625
145 1138
146 1555
147 1881
148 846
149 1507
150 1726
151 2780
152 2152
153 2320
154 383
155 312
156 1970
157 718
158 2517
159 408
160 38
161 1617
162 2284
163 1167
164 1714
165 1573
166 1156
167 1732
168 2119
169 1685
170 1790
171 1369
172 1738
173 160
174 1082
175 185
176 2407
177 243
178 2194
179 403
180 1774
181 1618
182 2053
183 1593
184 283
185 1814
186 653
187 501
188 1787
189 1669
190 1364
191 2677
192 356
193 694
194 805
195 1989
196 1291
197 815
198 1512
199 2443
200 1953
201 721
202 2078
203 2461
204 76
205 1524
206 2044
207 2464
208 2484
209 1424
210 574
211 2434
212 2422
213 2761
214 2868
215 2330
216 2513
217 2718
218 1772
219 1174
220 637
221 1129
222 650
223 1385
224 587
225 2345
226 1525
227 145
228 2262
229 654
230 2971
231 122
232 1840
233 659
234 1026
235 1866
236 1342
237 731
238 460
239 2313
240 1263
241 648
242 360
243 2996
244 1942
245 612
246 1554
247 594
248 721
249 666
250 2449
251 1041
252 150
253 2920
254 1061
255 221
256 2962
257 1964
258 215
259 466
260 1353
261 1089
262 1086
263 2176
264 445
265 1831
266 1555
267 433
268 823
269 746
270 1187
271 739
272 1648
273 904
274 1781
275 1016
276 1969
277 1494
278 1450
279 2806
280 338
281 1399
282 2375
283 1931
284 2757
285 419
286 1347
287 2601
288 528
289 2992
290 1283
291 2111
292 142
293 1229
294 608
295 2363
296 2767
297 633
298 1051
299 130
300 269
301 2651
302 2776
303 1777
304 1922
305 1845
306 72
307 2726
308 572
309 2399
310 2532
311 1300
312 2039
313 1339
314 451
315 715
316 2701
317 896
318 12
319 278
320 2491
321 1079
322 2431
323 1540
324 692
325 2823
326 711
327 688
328 494
329 2503
330 1831
331 2970
332 1037
333 1307
334 1730
335 2040
336 1231
337 739
338 1783
339 2448
340 2323
341 2743
342 2865
343 130
344 1611
345 1571
346 1016
347 637
348 275
349 1139
350 2943
351 1717
352 1964
353 2069
354 2426
355 624
356 11
357 2260
358 617
359 2742
360 2905
361 891
362 2364
363 2467
364 701
365 575
366 199
367 2692
368 609
369 232
370 691
371 2924
372 1326
373 2178
374 2921
375 2095
376 1900
377 290
378 1841
379 2489
380 507
381 1329
382 731
383 728
384 270
385 877
386 425
387 2056
388 819
389 1192
390 2081
391 1409
392 276
393 2960
394 2856
395 551
396 2605
397 2651
398 618
399 1336
400 1296
401 1968
402 1467
403 2541
404 243
405 105
406 2329
407 886
408 726
409 686
410 2085
411 2591
412 82
413 1019
414 518
415 2973
416 2331
417 2704
418 1956
419 2836
420 2507
421 1843
422 146
423 1581
424 2304
425 1782
426 37
427 2039
428 658
429 1883
430 1463
431 2900
432 2256
433 2260
434 2396
435 2699
436 2308
437 1222
438 2376
439 1954
440 284
441 2991
442 633
443 1657
444 2184
445 958
446 2775
447 1243
448 596
449 1662
450 1568
451 371
452 305
453 2291
454 2113
455 1255
456 2340
457 2493
458 2726
459 2430
460 599
461 1879
462 698
463 2003
464 1313
465 2369
466 1251
467 1275
468 2041
469 1539
470 2207
471 2982
472 2720
473 914
474 1471
475 2553
476 1958
477 1426
478 147
479 812
480 474
481 201
482 1570
483 3000
484 2943
485 1346
486 2765
487 2624
488 935
489 248
490 685
491 799
492 2575
493 123
494 2129
495 2449
496 1421
497 1319
498 1505
499 1028
500 1263
501 1760
502 629
503 784
504 2113
505 2660
506 1
507 1840
508 540
509 716
510 979
511 2661
512 2477
513 1478
514 1893
515 2481
516 2501
517 646
518 1609
519 1366
520 903
521 2268
522 273
523 1231
524 1457
525 207
526 2367
527 2162
528 1404
529 308
530 2295
531 2303
532 240
533 2583
534 793
535 2664
536 2506
537 54
538 15
539 419
540 2234
541 2258
542 809
543 1033
544 747
545 991
546 2727
547 1413
548 2710
549 2811
550 988
551 1394
552 2389
553 2834
554 1017
555 1340
556 1850
557 749
558 582
559 1328
560 2371
561 151
562 2926
563 114
564 1797
565 678
566 2640
567 2793
568 1643
569 526
570 1023
571 2053
572 161
573 2784
574 1653
575 454
576 1052
577 402
578 2942
579 2775
580 2147
581 551
582 2290
583 955
584 835
585 984
586 1228
587 1937
588 505
589 1160
590 564
591 1434
592 2925
593 1727
594 2273
595 1809
596 2821
597 2967
598 2512
599 2200
600 620
601 97
602 1177
603 2511
604 2909
605 381
606 1210
607 2227
608 789
609 1302
610 1414
611 2568
612 218
613 147
614 1160
615 2726
616 2238
617 2318
618 890
619 2772
620 2431
621 2368
622 1560
623 2701
624 983
625 1018
626 448
627 927
628 530
629 2891
630 525
631 2187
632 749
633 229
634 1855
635 717
636 1911
637 244
638 1001
639 1798
640 2890
641 1101
642 2404
643 137
644 326
645 1912
646 611
647 409
648 109
649 2806
650 1255
651 2812
652 2476
653 2341
654 2818
655 870
656 1415
657 1124
658 1563
659 2460
660 630
661 2156
662 2755
663 2245
664 301
665 1950
666 2439
667 2122
668 46
669 1260
670 1724
671 1145
672 2709
673 766
674 1847
675 551
676 2792
677 2154
678 56
679 207
680 2762
681 376
682 2072
683 957
684 2661
685 422
686 1963
687 1112
688 2299
689 2412
690 2637
691 901
692 2779
693 1449
694 2507
695 2541
696 2256
697 1139
698 1541
699 2280
700 430
701 1505
702 2946
703 867
704 2620
705 2594
706 1155
707 1129
708 1790
709 539
710 2091
711 2128
712 678
713 2093
714 2477
715 1175
716 770
717 10
718 1905
719 509
720 1282
721 2037
722 1942
723 2903
724 851
725 1603
726 527
727 2756
728 6
729 2256
730 1484
731 521
732 2496
733 880
734 1434
735 2012
736 3
737 1503
738 2883
739 282
740 2761
741 888
742 2904
743 974
744 555
745 2808
746 939
747 342
748 223
749 1473
750 2314
751 1808
752 1993
753 223
754 871
755 2854
756 2256
757 707
758 983
759 907
760 956
761 2684
762 1356
763 2892
764 2582
765 349
766 504
767 567
768 686
769 1123
770 395
771 2295
772 2296
773 401
774 1951
775 1721
776 181
777 1849
778 1371
779 1548
780 2045
781 2051
782 2824
783 2750
784 2741
785 535
786 717
787 1248
788 2989
789 1526
790 2686
791 874
792 553
793 2172
794 841
795 654
796 1153
797 663
798 1104
799 1071
800 818
801 2353
802 1674
803 443
804 1680
805 2625
806 1410
807 1288
808 1482
809 464
810 1095
811 10
812 2797
813 2185
814 2409
815 364
816 2055
817 2632
818 700
819 855
820 410
821 442
822 1884
823 2425
824 1389
825 1905
826 2742
827 336
828 927
829 1579
830 651
831 2297
832 2628
833 1912
834 71
835 663
836 2559
837 1109
838 293
839 1310
840 2311
841 727
842 1847
843 2122
844 1224
845 1745
846 1823
847 532
848 1182
849 2772
850 1519
851 1118
852 1489
853 1471
854 57
855 892
856 1565
857 976
858 841
859 1256
860 233
861 1384
862 1469
863 1376
864 946
865 285
866 652
867 1307
868 647
869 103
870 1764
871 666
872 1956
873 2416
874 1251
875 1644
876 1602
877 2613
878 1065
879 669
880 144
881 2057
882 1501
883 734
884 98
885 609
886 412
887 1344
888 149
889 879
890 1761
891 2761
892 296
893 2807
894 2130
895 2683
896 2872
897 2313
898 1724
899 1397
900 126
901 700
902 1352
903 1747
904 1478
905 1093
906 46
907 2817
908 1379
909 1742
910 2261
911 595
912 1860
913 568
914 1759
915 2159
916 437
917 2081
918 2469
919 88
920 680
921 2666
922 1578
923 1981
924 427
925 1999
926 562
927 1340
928 933
929 2671
930 490
931 2565
932 2413
933 668
934 2340
935 325
936 601
937 1483
938 248
939 762
940 251
941 2329
942 397
943 2045
944 2769
945 1268
946 2601
947 1367

