103 57
0 177
1 2686
2 1019
3 695
4 1410
5 2794
6 1055
7 1300
8 1253
9 2267
10 2148
11 866
12 1741
13 1391
14 2837
15 324
16 2626
17 72
18 699
19 1321
20 2243
21 977
22 1790
23 1385
24 2351
25 2478
26 1508
27 894
28 1847
29 1566
30 979
31 1267
32 2401
33 2164
34 889
35 2971
36 1135
37 2313
38 1467
39 2321
40 108
41 660
42 865
43 3000
44 1065
45 525
46 360
47 2886
48 2043
49 2174
50 428
51 305
52 1602
53 2604
54 121
55 1759
56 1149
57 40
58 1237
59 1930
60 1256
61 858
62 1977
63 2509
64 1105
65 1271
66 998
67 780
68 746
69 118
70 841
71 457
72 1840
73 980
74 2276
75 2946
76 1142
77 385
78 1459
79 1672
80 70
81 365
82 2195
83 624
84 301
85 2071
86 2098
87 2181
88 1598
89 35
90 1674
91 218
92 143
93 2394
94 677
95 1539
96 2194
97 526
98 1948
99 2419
100 1828
101 2061
102 1893

