398 98
0 1478
1 2322
2 2790
3 2182
4 425
5 1608
6 446
7 341
8 943
9 890
10 2390
11 1695
12 2606
13 426
14 2790
15 1906
16 2022
17 2875
18 771
19 2496
20 274
21 284
22 1992
23 416
24 2086
25 214
26 2268
27 2571
28 2801
29 2631
30 1049
31 97
32 60
33 824
34 2800
35 614
36 1527
37 2361
38 1738
39 2487
40 1984
41 2489
42 1702
43 780
44 1432
45 1381
46 1975
47 2646
48 1114
49 2467
50 1295
51 391
52 2133
53 2921
54 1217
55 652
56 2487
57 183
58 651
59 1695
60 2219
61 1151
62 2686
63 948
64 2415
65 2133
66 2622
67 1361
68 335
69 1240
70 1639
71 330
72 1882
73 1259
74 797
75 299
76 1397
77 1284
78 1888
79 298
80 2930
81 695
82 151
83 645
84 1741
85 1689
86 2205
87 93
88 871
89 32
90 1343
91 2133
92 2390
93 2351
94 542
95 717
96 426
97 866
98 464
99 2979
100 1317
101 1752
102 1199
103 1039
104 1119
105 614
106 441
107 1225
108 2839
109 1928
110 514
111 328
112 1299
113 2247
114 2494
115 1562
116 2901
117 1925
118 2726
119 1729
120 2750
121 2877
122 818
123 2583
124 1727
125 1460
126 2984
127 107
128 944
129 1505
130 1152
131 1087
132 1504
133 408
134 876
135 2516
136 2885
137 248
138 1992
139 2937
140 1002
141 1434
142 483
143 2822
144 2494
145 1026
146 947
147 1144
148 1040
149 1216
150 1284
151 412
152 1280
153 995
154 1846
155 1749
156 2187
157 617
158 1676
159 2228
160 551
161 2283
162 1346
163 1661
164 2192
165 2674
166 1851
167 1556
168 2167
169 204
170 2879
171 1930
172 2057
173 2736
174 1635
175 1123
176 789
177 2423
178 836
179 797
180 256
181 362
182 1862
183 2423
184 2977
185 941
186 1644
187 2062
188 1199
189 2321
190 300
191 2089
192 377
193 2835
194 899
195 1031
196 209
197 829
198 804
199 2923
200 2242
201 1729
202 2776
203 1911
204 2968
205 1990
206 126
207 983
208 1297
209 1480
210 1981
211 220
212 1096
213 2558
214 860
215 1355
216 217
217 2214
218 2076
219 2519
220 2443
221 157
222 432
223 1294
224 202
225 2074
226 384
227 625
228 1957
229 1172
230 2497
231 2083
232 2722
233 2432
234 2204
235 2223
236 1661
237 2788
238 2643
239 745
240 1535
241 2868
242 2599
243 1711
244 1811
245 2153
246 2029
247 631
248 2800
249 1099
250 1420
251 2710
252 789
253 2937
254 449
255 1337
256 2783
257 1924
258 2260
259 657
260 1824
261 712
262 1580
263 510
264 983
265 2724
266 658
267 2902
268 569
269 1379
270 389
271 2787
272 1609
273 2564
274 1873
275 2428
276 2348
277 56
278 470
279 842
280 1322
281 122
282 526
283 1375
284 2954
285 2796
286 2290
287 1903
288 1728
289 436
290 455
291 2508
292 2814
293 1816
294 1270
295 1613
296 470
297 2547
298 555
299 429
300 439
301 1642
302 2446
303 2936
304 2687
305 1368
306 860
307 1250
308 1745
309 469
310 753
311 887
312 1709
313 551
314 2463
315 1627
316 338
317 583
318 1645
319 2303
320 2086
321 2678
322 2758
323 1015
324 71
325 2769
326 1502
327 2211
328 1875
329 839
330 721
331 476
332 1859
333 687
334 1633
335 634
336 1291
337 2334
338 2590
339 2642
340 2415
341 1651
342 524
343 1926
344 634
345 1362
346 1513
347 521
348 90
349 218
350 2281
351 657
352 2287
353 748
354 1547
355 1464
356 331
357 2815
358 2117
359 602
360 2796
361 1174
362 1490
363 2256
364 1783
365 2165
366 373
367 523
368 2618
369 2289
370 921
371 1352
372 1286
373 40
374 2114
375 2708
376 755
377 618
378 1943
379 2225
380 1202
381 1333
382 502
383 1124
384 123
385 94
386 994
387 1665
388 2632
389 2285
390 1838
391 356
392 1111
393 2851
394 318
395 2326
396 2844
397 2773

