194 56
0 358
1 432
2 2920
3 2599
4 1179
5 2343
6 2924
7 2168
8 2368
9 513
10 2434
11 1099
12 533
13 2513
14 1291
15 639
16 1835
17 1823
18 959
19 661
20 2428
21 1884
22 341
23 1587
24 572
25 2692
26 270
27 830
28 2767
29 1984
30 11
31 2871
32 914
33 441
34 1233
35 62
36 155
37 1597
38 2389
39 2345
40 2743
41 1335
42 812
43 1854
44 941
45 447
46 2562
47 1818
48 2788
49 585
50 2142
51 2345
52 1992
53 503
54 2542
55 59
56 2445
57 1929
58 2425
59 698
60 487
61 1056
62 2788
63 732
64 2287
65 2717
66 2680
67 2532
68 2392
69 2272
70 2333
71 1759
72 534
73 2846
74 1479
75 1652
76 2486
77 1712
78 1501
79 1104
80 1034
81 408
82 1585
83 935
84 2671
85 370
86 856
87 2786
88 181
89 1160
90 1544
91 1459
92 2719
93 234
94 365
95 1918
96 787
97 1123
98 1939
99 465
100 1582
101 1349
102 1968
103 87
104 2103
105 1166
106 1794
107 1107
108 749
109 1702
110 1174
111 2374
112 2864
113 2348
114 860
115 978
116 1178
117 2683
118 2074
119 1930
120 1944
121 1616
122 2623
123 228
124 1757
125 1435
126 2789
127 2695
128 325
129 1012
130 1965
131 1673
132 241
133 2693
134 2763
135 433
136 1324
137 1338
138 2266
139 211
140 804
141 2439
142 1084
143 240
144 1490
145 471
146 2396
147 2691
148 1581
149 542
150 777
151 158
152 2482
153 2248
154 2437
155 1579
156 1265
157 1108
158 2626
159 1700
160 1603
161 2853
162 2782
163 1016
164 140
165 104
166 1521
167 433
168 1433
169 731
170 53
171 1045
172 501
173 2343
174 607
175 2183
176 410
177 263
178 2811
179 2728
180 1117
181 1237
182 550
183 2844
184 469
185 2945
186 2618
187 1268
188 1972
189 1106
190 2892
191 865
192 2752
193 1539

