926 90
0 770
1 745
2 2382
3 1830
4 2443
5 2196
6 373
7 1389
8 2989
9 1023
10 1462
11 2810
12 1444
13 390
14 1731
15 534
16 2429
17 971
18 2147
19 1053
20 186
21 1013
22 2685
23 2959
24 938
25 368
26 354
27 1048
28 690
29 950
30 981
31 1338
32 1867
33 1286
34 1038
35 2088
36 1534
37 1257
38 2517
39 2230
40 652
41 608
42 859
43 1807
44 2968
45 1710
46 145
47 451
48 2436
49 416
50 1199
51 2243
52 979
53 2553
54 250
55 1904
56 2095
57 2698
58 1251
59 85
60 1738
61 2486
62 2273
63 2181
64 986
65 2629
66 2089
67 1032
68 1708
69 1327
70 893
71 1687
72 1029
73 2660
74 1021
75 1414
76 1931
77 2951
78 2540
79 1254
80 331
81 2585
82 845
83 2899
84 1344
85 1713
86 1398
87 497
88 2185
89 2985
90 1679
91 2275
92 1235
93 1338
94 1388
95 315
96 1884
97 2837
98 2076
99 632
100 1305
101 1804
102 433
103 1945
104 63
105 2597
106 58
107 1388
108 815
109 516
110 2278
111 1769
112 1497
113 359
114 2086
115 2785
116 2117
117 2410
118 1785
119 2695
120 343
121 1857
122 180
123 1211
124 2440
125 2847
126 371
127 1265
128 230
129 2313
130 587
131 2410
132 462
133 2393
134 2836
135 2328
136 2972
137 2742
138 2190
139 71
140 1537
141 2094
142 2407
143 135
144 554
145 228
146 2857
147 2342
148 2030
149 2610
150 1390
151 2310
152 100
153 193
154 1601
155 1804
156 1828
157 1771
158 598
159 188
160 379
161 1895
162 756
163 977
164 1531
165 1958
166 1172
167 1495
168 28
169 1354
170 2157
171 2793
172 193
173 245
174 1975
175 459
176 670
177 1926
178 316
179 2940
180 1169
181 1149
182 2496
183 2267
184 760
185 232
186 2098
187 325
188 882
189 199
190 1648
191 2102
192 1717
193 2575
194 1245
195 686
196 1430
197 1286
198 1866
199 2206
200 2586
201 1982
202 676
203 2576
204 505
205 753
206 2894
207 2801
208 1810
209 1899
210 2823
211 2416
212 1414
213 1922
214 2318
215 68
216 279
217 320
218 1795
219 2541
220 2315
221 2782
222 1538
223 2393
224 2014
225 2700
226 863
227 2746
228 934
229 1892
230 2210
231 1766
232 1916
233 193
234 1056
235 2759
236 1002
237 108
238 2513
239 2635
240 2547
241 1436
242 1468
243 78
244 2687
245 2619
246 25
247 2123
248 2896
249 1347
250 2315
251 1454
252 1247
253 2952
254 1887
255 2904
256 2423
257 597
258 1964
259 567
260 670
261 310
262 1779
263 1765
264 2165
265 2533
266 791
267 1963
268 473
269 2875
270 1040
271 1270
272 2093
273 2018
274 2294
275 1781
276 581
277 992
278 1704
279 1693
280 1488
281 18
282 124
283 1541
284 2119
285 1884
286 1338
287 2896
288 1341
289 745
290 896
291 757
292 1760
293 2318
294 434
295 2661
296 97
297 318
298 1991
299 1731
300 680
301 2727
302 382
303 2024
304 291
305 2669
306 2466
307 2882
308 291
309 2262
310 2780
311 1033
312 1878
313 1928
314 1005
315 2117
316 2405
317 578
318 211
319 2161
320 552
321 392
322 2065
323 235
324 1699
325 1090
326 1984
327 964
328 720
329 2332
330 2274
331 1148
332 1794
333 1632
334 2171
335 2527
336 2209
337 1601
338 106
339 1350
340 128
341 1343
342 2387
343 1262
344 2247
345 819
346 522
347 1618
348 1727
349 253
350 1493
351 2474
352 1233
353 935
354 877
355 182
356 2471
357 1370
358 1492
359 10
360 96
361 1833
362 732
363 795
364 1900
365 2151
366 2490
367 1600
368 2417
369 1811
370 372
371 276
372 463
373 2905
374 559
375 2247
376 867
377 1014
378 1526
379 1591
380 36
381 2177
382 44
383 2889
384 1409
385 2898
386 2824
387 1235
388 169
389 2667
390 1722
391 1315
392 2738
393 2561
394 2769
395 819
396 643
397 706
398 2052
399 1563
400 1786
401 1168
402 530
403 542
404 1364
405 858
406 457
407 2040
408 866
409 816
410 1693
411 2249
412 422
413 855
414 1988
415 1479
416 2579
417 470
418 2409
419 2108
420 153
421 1477
422 2079
423 2874
424 623
425 1316
426 1725
427 2559
428 1614
429 1903
430 2002
431 1178
432 1686
433 767
434 894
435 388
436 2649
437 967
438 609
439 484
440 485
441 2655
442 925
443 942
444 704
445 2351
446 2533
447 2758
448 2202
449 1600
450 168
451 2841
452 2008
453 1312
454 638
455 457
456 602
457 2907
458 2765
459 2165
460 1001
461 2725
462 818
463 2702
464 2626
465 902
466 1538
467 1539
468 1817
469 1429
470 2833
471 53
472 106
473 2878
474 626
475 2750
476 1882
477 606
478 2443
479 1616
480 391
481 895
482 1229
483 1667
484 730
485 2012
486 872
487 1244
488 1716
489 1632
490 544
491 1672
492 278
493 1662
494 2351
495 76
496 1728
497 716
498 682
499 2797
500 1884
501 2797
502 1787
503 377
504 2039
505 1070
506 836
507 1172
508 2065
509 1507
510 394
511 2511
512 2338
513 1679
514 559
515 989
516 1606
517 1819
518 1648
519 1654
520 1893
521 1447
522 1352
523 2613
524 33
525 1377
526 2914
527 2600
528 2363
529 2391
530 8
531 2727
532 718
533 2758
534 1187
535 1123
536 1264
537 2277
538 2054
539 909
540 2881
541 1216
542 2202
543 490
544 2570
545 1978
546 750
547 1188
548 2785
549 2098
550 413
551 1085
552 204
553 843
554 156
555 183
556 228
557 1663
558 1631
559 2368
560 1787
561 2144
562 91
563 495
564 798
565 1262
566 1795
567 2357
568 2648
569 2340
570 747
571 1788
572 2464
573 398
574 2126
575 1133
576 1968
577 2093
578 1135
579 2366
580 1514
581 2844
582 1045
583 1461
584 920
585 928
586 1299
587 1476
588 840
589 971
590 959
591 1290
592 739
593 1654
594 1222
595 62
596 1333
597 2719
598 1587
599 882
600 1013
601 513
602 1888
603 620
604 1042
605 142
606 716
607 1778
608 2698
609 711
610 2133
611 1957
612 200
613 2469
614 2372
615 1382
616 2948
617 68
618 1133
619 1037
620 1207
621 1658
622 1392
623 812
624 1827
625 2991
626 1034
627 901
628 94
629 1938
630 2615
631 178
632 1003
633 2731
634 589
635 2815
636 1394
637 1030
638 2901
639 331
640 1855
641 2052
642 794
643 1328
644 1911
645 2324
646 552
647 2940
648 1861
649 2611
650 2242
651 121
652 2785
653 459
654 2438
655 159
656 1966
657 529
658 780
659 1823
660 655
661 504
662 1173
663 1434
664 2924
665 1726
666 585
667 2301
668 2336
669 1188
670 2039
671 2970
672 2458
673 1609
674 1723
675 2194
676 1592
677 2960
678 923
679 1184
680 313
681 2470
682 1123
683 1536
684 690
685 972
686 158
687 1487
688 2269
689 2511
690 2611
691 2531
692 295
693 2040
694 826
695 1470
696 593
697 1091
698 471
699 1967
700 1300
701 2221
702 1427
703 964
704 1484
705 2730
706 1708
707 1068
708 2046
709 1527
710 199
711 2396
712 1057
713 2829
714 1028
715 269
716 554
717 2714
718 207
719 1642
720 955
721 94
722 2347
723 2404
724 1764
725 1439
726 243
727 2022
728 584
729 916
730 2027
731 1437
732 2983
733 365
734 1096
735 2354
736 2810
737 1964
738 230
739 326
740 2860
741 365
742 889
743 1789
744 2377
745 2274
746 2026
747 914
748 2902
749 1126
750 2583
751 1027
752 2204
753 2492
754 2965
755 960
756 2400
757 2139
758 1874
759 1066
760 1956
761 599
762 2997
763 1282
764 1867
765 1642
766 273
767 179
768 814
769 2533
770 799
771 1140
772 1146
773 2138
774 1562
775 54
776 600
777 1857
778 866
779 1323
780 1546
781 2994
782 1178
783 2936
784 1360
785 703
786 1217
787 1519
788 1414
789 295
790 2816
791 1354
792 2297
793 44
794 1365
795 2782
796 429
797 28
798 1457
799 585
800 1719
801 2152
802 1753
803 612
804 283
805 2551
806 705
807 1788
808 139
809 1968
810 1720
811 2934
812 2373
813 605
814 1717
815 330
816 1925
817 2081
818 1330
819 1062
820 1235
821 73
822 286
823 2023
824 2439
825 1919
826 2974
827 2914
828 1707
829 2453
830 2585
831 1436
832 1110
833 104
834 1770
835 1534
836 1900
837 2623
838 2563
839 290
840 2532
841 1589
842 90
843 2256
844 2449
845 981
846 767
847 1069
848 1260
849 842
850 2472
851 1349
852 577
853 2640
854 1865
855 2973
856 2699
857 898
858 2823
859 724
860 562
861 2726
862 76
863 1192
864 1784
865 468
866 18
867 793
868 2071
869 1933
870 2130
871 2913
872 1978
873 2401
874 1313
875 2904
876 680
877 1799
878 2678
879 368
880 2896
881 1943
882 264
883 2234
884 831
885 69
886 2113
887 1107
888 634
889 731
890 1518
891 2906
892 2280
893 1342
894 1150
895 2007
896 895
897 1097
898 1283
899 507
900 2249
901 2062
902 987
903 1877
904 131
905 2799
906 449
907 392
908 2575
909 1113
910 1668
911 241
912 1212
913 888
914 2516
915 2463
916 885
917 1759
918 1843
919 1320
920 1321
921 1874
922 1348
923 2247
924 212
925 215

