462 85
0 2477
1 2160
2 2274
3 92
4 961
5 933
6 2387
7 2563
8 1429
9 2033
10 35
11 1229
12 1200
13 2911
14 1490
15 2001
16 2554
17 2198
18 1598
19 196
20 821
21 2294
22 2521
23 72
24 1807
25 27
26 638
27 2595
28 2338
29 115
30 1841
31 475
32 2799
33 1373
34 2971
35 2150
36 1369
37 2424
38 165
39 1946
40 1948
41 1697
42 1865
43 580
44 1842
45 779
46 210
47 2530
48 2440
49 93
50 2320
51 1411
52 621
53 2349
54 2523
55 1036
56 1625
57 858
58 1309
59 1597
60 1136
61 2102
62 2274
63 1806
64 347
65 2175
66 354
67 2671
68 2664
69 698
70 850
71 2483
72 390
73 1552
74 1246
75 2250
76 2472
77 2196
78 2756
79 258
80 2435
81 1612
82 1777
83 1932
84 843
85 2864
86 2168
87 960
88 466
89 1465
90 1084
91 378
92 660
93 123
94 421
95 1378
96 848
97 1996
98 1551
99 42
100 1731
101 1344
102 1292
103 860
104 2035
105 2121
106 1813
107 2560
108 1393
109 2884
110 321
111 1546
112 146
113 1531
114 560
115 32
116 2419
117 1072
118 1957
119 1024
120 2332
121 712
122 2717
123 2312
124 146
125 2380
126 1223
127 233
128 1037
129 1988
130 2733
131 2627
132 1031
133 2393
134 2486
135 1457
136 2145
137 2001
138 894
139 886
140 135
141 1449
142 2276
143 1065
144 2327
145 637
146 1851
147 459
148 545
149 2007
150 2431
151 986
152 489
153 155
154 1696
155 462
156 789
157 2221
158 2346
159 2414
160 366
161 730
162 2177
163 2733
164 2998
165 560
166 2904
167 849
168 1960
169 1963
170 1480
171 2766
172 6
173 2848
174 120
175 1322
176 981
177 962
178 455
179 2287
180 2614
181 640
182 1459
183 2421
184 2367
185 2939
186 1956
187 643
188 466
189 1711
190 377
191 1799
192 1138
193 69
194 2037
195 1028
196 1686
197 181
198 698
199 1608
200 2501
201 2106
202 1431
203 1040
204 2398
205 1344
206 2233
207 1904
208 2810
209 1203
210 479
211 690
212 972
213 1591
214 2045
215 2136
216 2878
217 2756
218 1271
219 2106
220 620
221 2200
222 2053
223 2701
224 2986
225 1424
226 963
227 972
228 1724
229 2092
230 175
231 312
232 1715
233 74
234 1615
235 2616
236 1124
237 2429
238 2138
239 957
240 1412
241 2057
242 778
243 1560
244 2498
245 788
246 2534
247 182
248 2761
249 2710
250 2189
251 434
252 1419
253 1421
254 1605
255 347
256 2960
257 26
258 2239
259 2643
260 229
261 691
262 1221
263 2114
264 2380
265 2570
266 2086
267 1229
268 1945
269 1789
270 1649
271 1422
272 1974
273 194
274 1692
275 2268
276 1185
277 2148
278 902
279 2487
280 2625
281 2696
282 386
283 1755
284 350
285 1494
286 2063
287 519
288 659
289 2308
290 260
291 961
292 58
293 1169
294 1301
295 113
296 347
297 1111
298 174
299 823
300 1629
301 1447
302 625
303 1357
304 2303
305 966
306 2869
307 223
308 2491
309 2615
310 2531
311 708
312 2603
313 2516
314 16
315 541
316 1257
317 1981
318 1574
319 2713
320 580
321 2690
322 2386
323 1452
324 1126
325 1815
326 1840
327 2017
328 826
329 411
330 105
331 1341
332 1516
333 1121
334 1631
335 1891
336 1994
337 2612
338 2899
339 2534
340 2857
341 2063
342 1000
343 1852
344 672
345 365
346 2497
347 1031
348 207
349 332
350 786
351 1060
352 1607
353 1434
354 1666
355 2337
356 2409
357 437
358 2976
359 886
360 1347
361 2423
362 2526
363 2734
364 275
365 1820
366 1672
367 2612
368 2218
369 2814
370 1656
371 742
372 1621
373 2603
374 1177
375 367
376 394
377 632
378 2917
379 1128
380 2150
381 2644
382 1357
383 2346
384 1593
385 2554
386 2912
387 160
388 470
389 1403
390 397
391 530
392 2493
393 1842
394 1431
395 2204
396 2707
397 1226
398 2368
399 1957
400 2900
401 2160
402 2016
403 1588
404 2489
405 2612
406 343
407 888
408 1569
409 172
410 2447
411 2095
412 528
413 1934
414 1906
415 2032
416 1169
417 784
418 168
419 2920
420 658
421 1607
422 67
423 2911
424 1508
425 1566
426 1465
427 0
428 2838
429 832
430 2873
431 1361
432 538
433 1505
434 1624
435 1773
436 2115
437 1010
438 2518
439 380
440 1766
441 870
442 1424
443 460
444 680
445 2326
446 1912
447 453
448 869
449 552
450 856
451 1318
452 145
453 1595
454 2410
455 646
456 26
457 1084
458 149
459 1800
460 2574
461 301

