256 86
0 2418
1 352
2 1171
3 2508
4 364
5 2264
6 2562
7 1192
8 849
9 2697
10 596
11 1870
12 2865
13 2449
14 1338
15 2526
16 1870
17 2780
18 2202
19 1297
20 1268
21 1997
22 835
23 2171
24 1304
25 1149
26 2971
27 144
28 186
29 425
30 625
31 117
32 1984
33 385
34 1936
35 595
36 2275
37 886
38 2366
39 2669
40 2489
41 888
42 1240
43 1920
44 2532
45 784
46 589
47 873
48 219
49 2987
50 2809
51 2013
52 2991
53 2548
54 2269
55 2984
56 2065
57 849
58 437
59 2202
60 84
61 2029
62 2397
63 293
64 1647
65 1231
66 2564
67 2167
68 1112
69 368
70 2320
71 2231
72 658
73 2192
74 1558
75 2741
76 585
77 1330
78 2800
79 2651
80 1778
81 98
82 1881
83 2608
84 1271
85 2184
86 1829
87 952
88 817
89 739
90 920
91 1022
92 1835
93 613
94 4
95 1723
96 395
97 267
98 2649
99 923
100 922
101 332
102 1094
103 490
104 565
105 1036
106 1067
107 2806
108 2448
109 2007
110 1345
111 1486
112 2005
113 624
114 1666
115 477
116 1989
117 345
118 1987
119 674
120 1197
121 496
122 656
123 1820
124 2389
125 2534
126 689
127 1937
128 1337
129 2958
130 1580
131 178
132 833
133 1794
134 2596
135 1928
136 2467
137 1552
138 908
139 386
140 767
141 1123
142 907
143 419
144 393
145 2379
146 1177
147 2483
148 2312
149 889
150 799
151 552
152 2686
153 444
154 391
155 720
156 2184
157 1539
158 1684
159 2431
160 314
161 2719
162 599
163 2424
164 2869
165 45
166 2813
167 1305
168 255
169 2981
170 1452
171 758
172 1916
173 46
174 1157
175 1851
176 2895
177 1671
178 1703
179 2768
180 1972
181 1830
182 304
183 1549
184 2778
185 1159
186 1659
187 2367
188 1739
189 2676
190 1032
191 706
192 910
193 642
194 1687
195 2132
196 1798
197 1623
198 519
199 487
200 866
201 2386
202 1392
203 2736
204 1213
205 2629
206 1362
207 2567
208 1136
209 2369
210 2999
211 583
212 2609
213 1723
214 2746
215 531
216 2580
217 1617
218 2035
219 1097
220 1530
221 2787
222 376
223 2726
224 1277
225 532
226 1364
227 17
228 1048
229 2183
230 2
231 284
232 1167
233 662
234 2521
235 2775
236 2640
237 194
238 1361
239 1887
240 1534
241 910
242 433
243 1227
244 2119
245 561
246 2396
247 2908
248 2674
249 1027
250 1884
251 2293
252 1499
253 1515
254 316
255 1944

