931 80
0 1551
1 1333
2 1119
3 1773
4 2633
5 2412
6 1576
7 2865
8 390
9 166
10 2312
11 160
12 1393
13 839
14 2820
15 914
16 1696
17 1285
18 1715
19 1389
20 2424
21 1431
22 2728
23 2536
24 322
25 477
26 1579
27 1616
28 943
29 2180
30 2299
31 1746
32 1699
33 1919
34 1319
35 1246
36 2647
37 2466
38 532
39 2911
40 55
41 25
42 2726
43 2699
44 1194
45 679
46 2851
47 1112
48 2188
49 2698
50 764
51 2414
52 1865
53 2778
54 375
55 2160
56 1239
57 1661
58 2623
59 308
60 2759
61 2449
62 2146
63 831
64 1772
65 1285
66 577
67 2286
68 2433
69 2582
70 1237
71 2774
72 1724
73 2600
74 2106
75 2567
76 2868
77 1123
78 120
79 1841
80 1563
81 1803
82 1482
83 14
84 1507
85 1581
86 823
87 1429
88 2282
89 955
90 2960
91 2741
92 557
93 1048
94 1284
95 1353
96 1913
97 1456
98 1280
99 2772
100 1327
101 2654
102 1795
103 2621
104 1940
105 2140
106 704
107 1300
108 1998
109 1808
110 2278
111 1997
112 2019
113 2165
114 2314
115 1775
116 2608
117 2462
118 67
119 1389
120 1043
121 156
122 2488
123 2332
124 1626
125 762
126 1234
127 82
128 1536
129 2165
130 1696
131 2374
132 122
133 2201
134 1217
135 2412
136 2793
137 1003
138 2230
139 201
140 595
141 629
142 701
143 226
144 590
145 1018
146 2819
147 2910
148 141
149 1424
150 2603
151 1046
152 627
153 2593
154 2781
155 101
156 1696
157 2260
158 1641
159 814
160 1923
161 501
162 1517
163 1560
164 1024
165 708
166 104
167 2002
168 405
169 1452
170 152
171 521
172 1230
173 1510
174 2716
175 451
176 120
177 2538
178 126
179 498
180 1965
181 317
182 1692
183 1737
184 835
185 1282
186 2526
187 1089
188 375
189 544
190 698
191 2869
192 371
193 2099
194 2684
195 1580
196 2178
197 2794
198 785
199 2825
200 2667
201 985
202 2650
203 2162
204 1082
205 2279
206 2256
207 954
208 2010
209 23
210 2528
211 1867
212 1735
213 185
214 2242
215 2573
216 2115
217 1452
218 2196
219 128
220 975
221 925
222 19
223 2327
224 1121
225 2468
226 2889
227 1894
228 2026
229 1916
230 165
231 1758
232 2556
233 358
234 1161
235 2077
236 988
237 2919
238 1141
239 339
240 891
241 2073
242 2445
243 2955
244 2810
245 2504
246 2861
247 266
248 599
249 1750
250 777
251 2234
252 915
253 772
254 427
255 811
256 1628
257 2529
258 57
259 1963
260 2647
261 794
262 13
263 2333
264 1880
265 1990
266 586
267 2638
268 2678
269 492
270 1621
271 2455
272 1921
273 554
274 1181
275 2332
276 1951
277 2790
278 2108
279 2014
280 2640
281 1254
282 1055
283 2383
284 14
285 2646
286 2046
287 545
288 996
289 2021
290 1046
291 529
292 1129
293 331
294 699
295 2063
296 2709
297 1891
298 2634
299 2018
300 683
301 1303
302 2006
303 2175
304 756
305 1626
306 2399
307 2535
308 2325
309 1184
310 1507
311 2540
312 2816
313 972
314 2891
315 1440
316 1575
317 1443
318 309
319 939
320 2290
321 1077
322 271
323 2212
324 547
325 1778
326 450
327 1868
328 1645
329 2343
330 2819
331 2565
332 2231
333 1499
334 1454
335 1045
336 2015
337 1640
338 976
339 121
340 1430
341 2348
342 2454
343 1824
344 523
345 2515
346 2521
347 829
348 2681
349 1849
350 1635
351 2057
352 2562
353 129
354 2717
355 2456
356 1425
357 1774
358 2465
359 720
360 1063
361 1602
362 78
363 1534
364 435
365 1848
366 1131
367 1559
368 324
369 420
370 2561
371 2489
372 1698
373 270
374 2607
375 1338
376 2623
377 2983
378 1000
379 2300
380 2367
381 2871
382 2323
383 945
384 563
385 1190
386 1166
387 1381
388 1822
389 1428
390 879
391 2411
392 878
393 1408
394 2734
395 154
396 1365
397 662
398 640
399 667
400 182
401 1712
402 2790
403 2272
404 1428
405 2271
406 2809
407 1513
408 1863
409 1989
410 26
411 2484
412 1487
413 808
414 2247
415 2252
416 1045
417 1991
418 1602
419 949
420 44
421 238
422 2006
423 540
424 731
425 1193
426 2025
427 651
428 261
429 2516
430 529
431 1693
432 703
433 835
434 1082
435 2381
436 2353
437 1868
438 1998
439 2414
440 404
441 54
442 1161
443 2697
444 2005
445 1506
446 1814
447 148
448 1184
449 1124
450 1053
451 1486
452 2135
453 1914
454 1254
455 82
456 2147
457 743
458 1590
459 1095
460 732
461 1978
462 2781
463 1631
464 2043
465 130
466 2815
467 589
468 2691
469 735
470 1011
471 2772
472 674
473 2289
474 367
475 1199
476 1943
477 1693
478 2367
479 1786
480 2963
481 2549
482 888
483 2506
484 805
485 1903
486 1758
487 1768
488 1591
489 1493
490 40
491 2780
492 721
493 304
494 2526
495 1897
496 3
497 867
498 2525
499 1780
500 1640
501 463
502 2455
503 2462
504 2750
505 2430
506 35
507 1672
508 1741
509 985
510 2704
511 1513
512 2592
513 2503
514 577
515 2392
516 2223
517 579
518 371
519 1125
520 2847
521 2619
522 873
523 1852
524 611
525 1119
526 1606
527 3
528 1979
529 806
530 955
531 2598
532 2978
533 2465
534 656
535 1168
536 2520
537 1957
538 1499
539 399
540 316
541 1145
542 1991
543 619
544 214
545 1759
546 1773
547 1743
548 1357
549 2910
550 113
551 2114
552 329
553 1122
554 237
555 53
556 2063
557 2908
558 2026
559 1634
560 2743
561 218
562 2102
563 309
564 2360
565 1502
566 2387
567 1381
568 1160
569 1641
570 2994
571 1167
572 2233
573 1768
574 2596
575 637
576 321
577 722
578 1080
579 2524
580 1489
581 2477
582 1824
583 449
584 1695
585 1331
586 2251
587 2471
588 666
589 1635
590 2222
591 1187
592 2139
593 2647
594 62
595 2290
596 2003
597 2096
598 1520
599 2766
600 242
601 2851
602 272
603 736
604 2866
605 849
606 1752
607 1351
608 433
609 555
610 108
611 260
612 1108
613 591
614 1391
615 700
616 1833
617 551
618 241
619 816
620 1914
621 1045
622 1480
623 1188
624 852
625 244
626 2897
627 2539
628 1849
629 309
630 2200
631 472
632 489
633 1994
634 263
635 2443
636 1671
637 2791
638 1207
639 963
640 1093
641 1734
642 2427
643 2653
644 1272
645 299
646 2834
647 2164
648 184
649 749
650 1770
651 164
652 992
653 808
654 1623
655 1671
656 1818
657 869
658 1425
659 826
660 209
661 1831
662 2715
663 1042
664 1932
665 2897
666 2380
667 2891
668 1879
669 173
670 1729
671 1452
672 1008
673 2139
674 2775
675 1298
676 963
677 2251
678 1816
679 2069
680 2705
681 1532
682 2309
683 129
684 2043
685 223
686 2192
687 2793
688 651
689 784
690 875
691 7
692 1122
693 2810
694 1245
695 1675
696 1551
697 621
698 186
699 2942
700 480
701 1836
702 1766
703 753
704 843
705 2544
706 2503
707 1573
708 1968
709 1798
710 2860
711 576
712 1369
713 1877
714 383
715 2372
716 68
717 1732
718 733
719 2840
720 1994
721 789
722 896
723 2070
724 406
725 2348
726 69
727 572
728 1810
729 955
730 2857
731 1390
732 498
733 1349
734 86
735 1495
736 1030
737 420
738 2099
739 2487
740 757
741 879
742 2570
743 1093
744 2144
745 2618
746 1708
747 247
748 880
749 141
750 1695
751 2783
752 1784
753 1286
754 2258
755 230
756 1098
757 108
758 2899
759 2206
760 2035
761 507
762 1004
763 1615
764 857
765 1028
766 2592
767 2258
768 486
769 261
770 2819
771 2943
772 2388
773 2279
774 1808
775 913
776 1791
777 2168
778 1560
779 2864
780 2311
781 1494
782 708
783 636
784 1553
785 2768
786 2279
787 459
788 1620
789 1540
790 1908
791 1815
792 68
793 105
794 2958
795 1124
796 2621
797 568
798 1346
799 2475
800 719
801 1753
802 1188
803 2898
804 1553
805 843
806 2757
807 797
808 1525
809 2218
810 2467
811 1155
812 475
813 620
814 90
815 2855
816 459
817 2766
818 2648
819 632
820 1532
821 893
822 2630
823 2639
824 1290
825 1550
826 227
827 954
828 1526
829 1889
830 1261
831 257
832 273
833 2081
834 775
835 239
836 2387
837 566
838 939
839 812
840 98
841 2332
842 2422
843 1268
844 67
845 1016
846 843
847 199
848 1679
849 2353
850 1605
851 1031
852 2693
853 2619
854 2782
855 182
856 0
857 2864
858 680
859 306
860 583
861 81
862 2093
863 456
864 247
865 1752
866 1479
867 644
868 2992
869 967
870 1349
871 448
872 2533
873 2338
874 1074
875 2743
876 176
877 992
878 1219
879 573
880 1329
881 171
882 1428
883 564
884 1120
885 1454
886 2835
887 1944
888 2000
889 1342
890 2266
891 2293
892 72
893 1448
894 2006
895 2664
896 775
897 1080
898 939
899 2326
900 2749
901 2106
902 2748
903 1919
904 2720
905 1101
906 2026
907 2345
908 861
909 1876
910 1119
911 1602
912 226
913 1226
914 812
915 991
916 1824
917 662
918 2155
919 1639
920 2342
921 268
922 1615
923 1981
924 1775
925 699
926 1612
927 1234
928 2402
929 2020
930 1953

