211 79
0 971
1 764
2 433
3 1495
4 2025
5 206
6 232
7 903
8 2584
9 1923
10 446
11 23
12 132
13 630
14 595
15 613
16 2897
17 2055
18 2601
19 2493
20 2639
21 1432
22 2060
23 54
24 2342
25 2573
26 1033
27 363
28 806
29 2177
30 2949
31 2665
32 1139
33 657
34 2593
35 1729
36 1840
37 885
38 2472
39 2414
40 1780
41 463
42 1438
43 1789
44 2662
45 1191
46 1120
47 1393
48 540
49 1090
50 1247
51 2216
52 2792
53 2362
54 2821
55 1702
56 2053
57 2595
58 2561
59 1409
60 977
61 1024
62 98
63 1121
64 2772
65 1026
66 1718
67 1617
68 501
69 2031
70 821
71 824
72 1256
73 775
74 358
75 1250
76 2743
77 391
78 789
79 20
80 1205
81 861
82 2450
83 2745
84 2787
85 801
86 2052
87 1387
88 431
89 131
90 2662
91 1320
92 439
93 2753
94 1523
95 2054
96 1901
97 530
98 1133
99 2760
100 340
101 1486
102 1119
103 682
104 1051
105 218
106 2947
107 1442
108 967
109 2787
110 1640
111 2583
112 2022
113 1385
114 826
115 454
116 2899
117 529
118 2790
119 1453
120 2066
121 954
122 2126
123 2657
124 2969
125 1215
126 1718
127 175
128 1646
129 5
130 1096
131 246
132 2688
133 715
134 2229
135 202
136 2098
137 88
138 626
139 1379
140 1613
141 2137
142 1895
143 2325
144 2104
145 422
146 1528
147 211
148 1367
149 2378
150 178
151 1840
152 2326
153 1654
154 1066
155 1365
156 970
157 870
158 1921
159 2993
160 1617
161 113
162 1229
163 1848
164 2644
165 2235
166 786
167 2698
168 405
169 172
170 508
171 2642
172 1054
173 1172
174 2338
175 1971
176 2058
177 1289
178 1478
179 2415
180 1025
181 752
182 2701
183 1412
184 1995
185 2063
186 1859
187 275
188 2640
189 2662
190 1360
191 2564
192 359
193 2214
194 1306
195 1400
196 2347
197 1874
198 768
199 1679
200 605
201 1537
202 1965
203 1666
204 26
205 732
206 2595
207 2240
208 1180
209 725
210 1873

