639 6
0 1450
1 260
2 110
3 1584
4 1755
5 1972
6 2185
7 803
8 2143
9 320
10 2331
11 1825
12 857
13 1656
14 475
15 2964
16 2575
17 991
18 1924
19 2014
20 1056
21 746
22 2351
23 2978
24 947
25 364
26 2951
27 679
28 53
29 2566
30 2813
31 1197
32 2608
33 1133
34 2401
35 2303
36 1835
37 2001
38 1697
39 2350
40 530
41 2250
42 1214
43 2347
44 3
45 1461
46 664
47 1002
48 444
49 639
50 1506
51 1372
52 2957
53 1356
54 1074
55 1460
56 1858
57 305
58 146
59 487
60 2526
61 1175
62 2839
63 2317
64 193
65 1699
66 2728
67 1797
68 2150
69 1591
70 493
71 1881
72 539
73 144
74 511
75 2837
76 1437
77 2845
78 1646
79 1880
80 698
81 961
82 922
83 1900
84 2912
85 2109
86 861
87 2394
88 1588
89 1864
90 2494
91 2723
92 1852
93 505
94 1345
95 593
96 2164
97 1795
98 1026
99 1142
100 956
101 192
102 17
103 2930
104 1877
105 84
106 1738
107 1380
108 1066
109 20
110 1625
111 1031
112 1474
113 2572
114 476
115 1457
116 2162
117 512
118 1789
119 2853
120 1778
121 1827
122 18
123 340
124 1442
125 499
126 1074
127 2369
128 2191
129 550
130 2412
131 1031
132 884
133 1463
134 1880
135 2124
136 1739
137 1570
138 792
139 149
140 1187
141 2387
142 2601
143 681
144 836
145 1700
146 1666
147 375
148 2726
149 69
150 1241
151 2777
152 2960
153 1192
154 1598
155 2807
156 1181
157 2082
158 1937
159 965
160 745
161 1899
162 1662
163 313
164 1569
165 185
166 1943
167 409
168 741
169 1990
170 1833
171 2818
172 331
173 1422
174 1078
175 1855
176 1547
177 2185
178 87
179 2158
180 1190
181 2417
182 904
183 795
184 1672
185 1393
186 891
187 621
188 2050
189 2123
190 644
191 2877
192 1018
193 1615
194 1707
195 726
196 1810
197 1282
198 1100
199 874
200 2165
201 1539
202 1105
203 2888
204 1315
205 1295
206 407
207 434
208 1674
209 2879
210 2238
211 1533
212 2805
213 1626
214 2216
215 2951
216 946
217 1837
218 467
219 1865
220 451
221 1239
222 665
223 667
224 979
225 728
226 867
227 434
228 271
229 329
230 1070
231 1030
232 21
233 2545
234 2814
235 1247
236 2640
237 523
238 2386
239 328
240 2192
241 131
242 2529
243 2686
244 201
245 1646
246 1425
247 2551
248 1516
249 605
250 1308
251 538
252 2644
253 952
254 257
255 1599
256 376
257 626
258 1651
259 1631
260 894
261 894
262 2326
263 2705
264 2593
265 966
266 2674
267 2603
268 508
269 30
270 587
271 2989
272 2141
273 1545
274 542
275 2150
276 1630
277 2899
278 1454
279 2655
280 597
281 1362
282 407
283 314
284 1431
285 166
286 231
287 1545
288 1966
289 658
290 926
291 286
292 1640
293 2716
294 1345
295 2684
296 730
297 2960
298 87
299 2172
300 1062
301 2301
302 2114
303 709
304 1224
305 694
306 2697
307 1611
308 2236
309 2755
310 1398
311 2084
312 2721
313 942
314 2156
315 898
316 2812
317 106
318 2345
319 1853
320 1135
321 220
322 1079
323 2068
324 1804
325 2591
326 489
327 712
328 2693
329 1707
330 523
331 1091
332 1951
333 1975
334 367
335 1581
336 2861
337 2615
338 904
339 1412
340 2080
341 1058
342 1631
343 2334
344 1365
345 2302
346 1703
347 2184
348 147
349 344
350 397
351 100
352 2316
353 2911
354 2527
355 1688
356 389
357 1398
358 750
359 2134
360 2767
361 2092
362 752
363 1828
364 2328
365 159
366 831
367 532
368 1976
369 2081
370 2670
371 11
372 2214
373 962
374 486
375 271
376 1911
377 925
378 1098
379 2692
380 1217
381 2615
382 2710
383 2721
384 2087
385 2811
386 647
387 295
388 1488
389 1817
390 256
391 1054
392 2899
393 219
394 2732
395 2162
396 566
397 1062
398 784
399 1464
400 1088
401 1784
402 2000
403 1751
404 1025
405 1270
406 648
407 2162
408 2837
409 598
410 2470
411 1808
412 316
413 1197
414 2189
415 316
416 2093
417 678
418 2412
419 2773
420 1914
421 864
422 2889
423 1124
424 506
425 893
426 245
427 2139
428 2294
429 2372
430 2964
431 1897
432 1291
433 276
434 1848
435 1042
436 1780
437 2969
438 543
439 2141
440 2144
441 990
442 65
443 818
444 1270
445 1792
446 484
447 1798
448 1953
449 285
450 2100
451 1652
452 1478
453 2269
454 2656
455 2638
456 699
457 1828
458 815
459 2876
460 1301
461 2982
462 483
463 2980
464 371
465 1045
466 205
467 1853
468 763
469 1188
470 1291
471 619
472 1626
473 2889
474 315
475 925
476 1145
477 2514
478 654
479 296
480 816
481 2660
482 2261
483 1774
484 301
485 2913
486 2844
487 2380
488 1084
489 202
490 1482
491 86
492 956
493 1807
494 2554
495 2815
496 1993
497 2998
498 2956
499 1456
500 2464
501 2146
502 1514
503 1863
504 2827
505 1816
506 555
507 2730
508 1129
509 2133
510 226
511 2949
512 101
513 2894
514 55
515 2802
516 351
517 2837
518 194
519 504
520 1047
521 97
522 2613
523 2191
524 715
525 1057
526 1524
527 2639
528 1216
529 2067
530 219
531 931
532 1937
533 1141
534 517
535 2714
536 146
537 1538
538 2355
539 880
540 2718
541 1213
542 2069
543 1337
544 2865
545 365
546 855
547 589
548 2909
549 2020
550 420
551 1326
552 2915
553 984
554 2313
555 1190
556 2742
557 2332
558 1936
559 1626
560 1130
561 775
562 399
563 2652
564 2500
565 503
566 540
567 216
568 2167
569 2449
570 2197
571 894
572 1842
573 1703
574 778
575 285
576 371
577 1074
578 1863
579 229
580 1714
581 731
582 2838
583 125
584 1401
585 2952
586 893
587 2409
588 2492
589 1343
590 90
591 1132
592 617
593 153
594 1468
595 2683
596 1753
597 2898
598 714
599 531
600 169
601 2513
602 2542
603 2756
604 810
605 2995
606 313
607 2056
608 2881
609 2404
610 279
611 892
612 568
613 1348
614 2320
615 1735
616 642
617 2585
618 405
619 437
620 1774
621 1438
622 2117
623 1532
624 2230
625 2473
626 1204
627 1487
628 2767
629 1800
630 1040
631 405
632 176
633 456
634 797
635 2813
636 2264
637 2306
638 1529

