495 6
0 2604
1 1314
2 295
3 2657
4 272
5 2111
6 1250
7 2751
8 2945
9 442
10 743
11 2967
12 961
13 2239
14 2665
15 2486
16 1551
17 2433
18 103
19 2966
20 1126
21 1024
22 2548
23 398
24 998
25 379
26 667
27 1302
28 1847
29 2131
30 2008
31 478
32 2620
33 1344
34 1758
35 2840
36 733
37 580
38 2000
39 2806
40 247
41 2273
42 500
43 709
44 927
45 2125
46 1906
47 881
48 1802
49 1577
50 667
51 675
52 378
53 1371
54 2769
55 1122
56 1473
57 1670
58 2566
59 160
60 1017
61 2642
62 1150
63 1067
64 2870
65 1762
66 1499
67 2493
68 2054
69 579
70 2302
71 1179
72 1321
73 1564
74 509
75 2995
76 1754
77 433
78 142
79 2051
80 1373
81 2048
82 2477
83 216
84 194
85 2805
86 1996
87 1188
88 1460
89 2424
90 2570
91 2330
92 2367
93 1852
94 2632
95 2624
96 247
97 1172
98 1430
99 2394
100 795
101 2992
102 2068
103 439
104 1902
105 2507
106 924
107 2525
108 2893
109 2570
110 696
111 361
112 452
113 1630
114 1757
115 186
116 2170
117 2627
118 2517
119 872
120 1886
121 2075
122 1807
123 1475
124 1375
125 2206
126 2072
127 813
128 1978
129 293
130 1973
131 1818
132 1970
133 1165
134 2543
135 2280
136 1377
137 1545
138 974
139 1262
140 805
141 1330
142 1389
143 818
144 1137
145 1465
146 2643
147 713
148 1821
149 369
150 1662
151 2072
152 116
153 2312
154 2555
155 419
156 2352
157 1625
158 1858
159 2233
160 2230
161 2758
162 763
163 1840
164 2226
165 2908
166 1075
167 2226
168 1814
169 942
170 1458
171 2369
172 876
173 197
174 2580
175 1268
176 99
177 745
178 511
179 1615
180 2289
181 1216
182 2532
183 170
184 1912
185 2967
186 2555
187 72
188 1955
189 2449
190 144
191 1632
192 1891
193 953
194 5
195 705
196 1792
197 2826
198 2041
199 2154
200 373
201 2984
202 1401
203 2373
204 2201
205 1062
206 2704
207 2642
208 131
209 2762
210 2875
211 2880
212 2226
213 1454
214 2141
215 1950
216 680
217 2047
218 2821
219 2045
220 2313
221 566
222 2517
223 1430
224 1458
225 1377
226 2406
227 1062
228 403
229 209
230 116
231 242
232 2530
233 1872
234 1756
235 432
236 1794
237 876
238 1550
239 2417
240 604
241 975
242 1833
243 1458
244 585
245 381
246 491
247 2083
248 959
249 877
250 1884
251 2674
252 2792
253 741
254 2960
255 755
256 1985
257 2430
258 216
259 2564
260 2355
261 1988
262 939
263 2572
264 1540
265 546
266 1068
267 282
268 252
269 1001
270 1577
271 2704
272 1636
273 315
274 2486
275 1225
276 1974
277 2625
278 1245
279 2961
280 128
281 2088
282 2371
283 691
284 649
285 2178
286 133
287 1349
288 2727
289 927
290 1408
291 2517
292 254
293 826
294 1935
295 2923
296 1157
297 2761
298 2378
299 1818
300 1603
301 1033
302 1800
303 576
304 2985
305 1565
306 1668
307 664
308 2003
309 514
310 2360
311 173
312 703
313 81
314 209
315 2198
316 182
317 1264
318 607
319 2995
320 2486
321 728
322 912
323 69
324 163
325 1706
326 1164
327 2772
328 2667
329 1386
330 1060
331 2213
332 2527
333 547
334 1146
335 1447
336 2977
337 2667
338 681
339 2067
340 352
341 824
342 1212
343 2449
344 2744
345 231
346 348
347 2415
348 2859
349 2802
350 2983
351 2970
352 2435
353 1936
354 1493
355 2934
356 836
357 2460
358 2277
359 1473
360 1519
361 742
362 339
363 618
364 207
365 2822
366 773
367 1257
368 801
369 1983
370 693
371 1130
372 2551
373 177
374 865
375 1419
376 48
377 370
378 1470
379 238
380 2493
381 13
382 465
383 2067
384 2650
385 2137
386 999
387 2952
388 1447
389 2658
390 472
391 2926
392 304
393 1968
394 1442
395 1894
396 2852
397 2131
398 1186
399 1555
400 311
401 499
402 2233
403 1183
404 1259
405 2961
406 2777
407 537
408 942
409 190
410 229
411 2820
412 1654
413 2773
414 2818
415 2776
416 1277
417 405
418 410
419 1842
420 1585
421 2167
422 520
423 2726
424 456
425 860
426 1018
427 1213
428 2046
429 2445
430 2050
431 2463
432 1252
433 601
434 2691
435 635
436 209
437 1056
438 438
439 1962
440 567
441 1455
442 2867
443 2929
444 1391
445 2521
446 1675
447 868
448 1850
449 1529
450 1240
451 1069
452 2113
453 2649
454 701
455 2882
456 1928
457 1826
458 2673
459 48
460 2936
461 1687
462 627
463 218
464 1578
465 541
466 1962
467 2729
468 1616
469 1897
470 2031
471 1437
472 993
473 1928
474 120
475 2394
476 2939
477 0
478 2316
479 2693
480 2621
481 2878
482 193
483 1467
484 1440
485 2646
486 2956
487 2267
488 2651
489 1984
490 695
491 293
492 1530
493 1659
494 1296

