430 4
0 224
1 1219
2 2073
3 628
4 1986
5 1015
6 1166
7 2202
8 2515
9 235
10 343
11 1417
12 1067
13 198
14 1708
15 2706
16 960
17 1549
18 1897
19 688
20 789
21 1610
22 520
23 2804
24 621
25 2447
26 324
27 2814
28 1971
29 1589
30 191
31 1896
32 325
33 325
34 1375
35 1794
36 2468
37 2083
38 1863
39 12
40 2775
41 1074
42 855
43 808
44 2732
45 1686
46 2899
47 1643
48 1094
49 2081
50 1533
51 307
52 2027
53 2672
54 377
55 2291
56 1915
57 35
58 135
59 460
60 865
61 1781
62 2323
63 2427
64 2098
65 811
66 686
67 2292
68 1144
69 2018
70 1096
71 1767
72 1405
73 1627
74 1782
75 2845
76 2614
77 2967
78 1320
79 2980
80 1996
81 2109
82 2275
83 1491
84 1794
85 11
86 1095
87 2849
88 2144
89 2984
90 1063
91 2043
92 2410
93 2083
94 40
95 2516
96 2612
97 1370
98 2536
99 2928
100 441
101 1206
102 2384
103 2521
104 2111
105 2664
106 2211
107 508
108 568
109 2955
110 1264
111 2173
112 336
113 1265
114 1410
115 1594
116 85
117 164
118 219
119 1811
120 2345
121 2796
122 867
123 1100
124 881
125 2175
126 336
127 718
128 177
129 631
130 2822
131 1651
132 34
133 711
134 2631
135 2062
136 105
137 417
138 2880
139 191
140 931
141 2088
142 2573
143 2587
144 749
145 865
146 2290
147 319
148 1959
149 2576
150 1350
151 1984
152 2352
153 1022
154 193
155 76
156 2635
157 1548
158 667
159 2073
160 509
161 66
162 2280
163 2015
164 2632
165 39
166 169
167 2858
168 794
169 1892
170 555
171 152
172 1390
173 2600
174 548
175 629
176 2787
177 1707
178 449
179 2997
180 1201
181 2269
182 880
183 645
184 588
185 1382
186 392
187 2456
188 2746
189 610
190 1465
191 2078
192 1047
193 1771
194 2497
195 1293
196 1267
197 608
198 1877
199 156
200 1335
201 605
202 2656
203 687
204 2999
205 1553
206 536
207 2674
208 2615
209 524
210 457
211 2507
212 2338
213 1935
214 2269
215 2306
216 1855
217 7
218 2485
219 1993
220 784
221 246
222 2572
223 2586
224 2323
225 940
226 1747
227 2731
228 1922
229 2731
230 2596
231 1509
232 2294
233 977
234 233
235 1600
236 1794
237 2326
238 567
239 36
240 868
241 2060
242 1577
243 2044
244 2799
245 1270
246 1488
247 938
248 788
249 196
250 1601
251 392
252 2969
253 2248
254 267
255 2582
256 456
257 1304
258 584
259 947
260 614
261 843
262 679
263 1733
264 2968
265 305
266 1422
267 1794
268 2635
269 2465
270 345
271 1801
272 596
273 1882
274 2045
275 2008
276 83
277 1836
278 804
279 624
280 2510
281 122
282 1547
283 1655
284 2847
285 1853
286 2638
287 429
288 409
289 1529
290 2427
291 2973
292 130
293 2048
294 1218
295 878
296 1668
297 1737
298 219
299 1561
300 2820
301 2145
302 829
303 2315
304 1309
305 2011
306 244
307 2674
308 1119
309 1198
310 2888
311 1729
312 2402
313 2505
314 1093
315 2596
316 321
317 2354
318 2615
319 1139
320 185
321 1297
322 1555
323 2789
324 1282
325 1062
326 2542
327 1565
328 1237
329 1460
330 2250
331 2623
332 1301
333 575
334 836
335 1774
336 1302
337 149
338 1978
339 1557
340 2639
341 1630
342 1852
343 596
344 1081
345 2453
346 2283
347 2037
348 89
349 428
350 1070
351 2996
352 1284
353 1998
354 2534
355 1179
356 87
357 2170
358 1537
359 479
360 1255
361 1946
362 672
363 1806
364 2349
365 2664
366 70
367 2122
368 469
369 891
370 380
371 923
372 2188
373 1936
374 1359
375 1607
376 2895
377 752
378 2071
379 1664
380 234
381 0
382 2721
383 1775
384 2609
385 134
386 1010
387 1627
388 98
389 162
390 2951
391 1225
392 456
393 1064
394 990
395 1819
396 2368
397 2055
398 1830
399 1546
400 2308
401 1855
402 597
403 2630
404 2430
405 2665
406 1632
407 1141
408 680
409 1580
410 2890
411 757
412 2099
413 1987
414 490
415 2507
416 2640
417 2658
418 1094
419 2352
420 1889
421 2402
422 1950
423 1395
424 1926
425 20
426 2225
427 23
428 1770
429 380

