864 35
0 2092
1 1153
2 2400
3 680
4 1105
5 665
6 841
7 2767
8 2745
9 2233
10 126
11 2116
12 426
13 1568
14 925
15 2732
16 2938
17 884
18 618
19 2308
20 502
21 2369
22 1195
23 1500
24 1814
25 1123
26 917
27 1118
28 1498
29 2900
30 2096
31 2823
32 2844
33 462
34 1166
35 2196
36 2361
37 2059
38 61
39 254
40 2753
41 440
42 1226
43 2070
44 751
45 957
46 783
47 1716
48 924
49 2694
50 1744
51 773
52 782
53 2015
54 777
55 1000
56 2741
57 560
58 2438
59 2692
60 1577
61 2701
62 1713
63 1300
64 49
65 708
66 924
67 295
68 437
69 1486
70 1851
71 2168
72 399
73 2641
74 2133
75 375
76 1019
77 1713
78 2073
79 2782
80 492
81 2218
82 640
83 2624
84 585
85 0
86 2217
87 2184
88 1882
89 86
90 1792
91 1320
92 591
93 2092
94 2961
95 1335
96 154
97 1809
98 1008
99 315
100 1394
101 2745
102 250
103 175
104 1287
105 743
106 2575
107 2345
108 2407
109 1915
110 2495
111 1377
112 750
113 1602
114 2037
115 57
116 2807
117 136
118 1207
119 1152
120 742
121 2791
122 705
123 39
124 1595
125 1096
126 2357
127 1677
128 726
129 2772
130 849
131 2898
132 1439
133 1654
134 2856
135 610
136 2656
137 1247
138 2787
139 2900
140 1620
141 2298
142 228
143 2943
144 697
145 442
146 1538
147 2737
148 502
149 1261
150 2905
151 748
152 1000
153 2460
154 899
155 2663
156 1437
157 1088
158 2711
159 1377
160 1534
161 2057
162 1904
163 1312
164 1777
165 811
166 1588
167 1476
168 2836
169 1972
170 1718
171 95
172 1451
173 1890
174 1494
175 612
176 2504
177 815
178 1469
179 882
180 1230
181 1594
182 294
183 961
184 2006
185 777
186 2423
187 1228
188 517
189 1561
190 1030
191 794
192 2460
193 2417
194 1077
195 2254
196 2705
197 55
198 1287
199 1244
200 2162
201 926
202 2378
203 2539
204 2020
205 2292
206 401
207 334
208 1237
209 1892
210 824
211 2062
212 1169
213 191
214 1252
215 385
216 1874
217 2629
218 124
219 2974
220 2509
221 2465
222 87
223 2931
224 1454
225 1622
226 1811
227 899
228 2895
229 2116
230 2763
231 2302
232 2259
233 730
234 1979
235 590
236 1796
237 2476
238 161
239 2872
240 167
241 2099
242 840
243 2726
244 2428
245 348
246 2266
247 537
248 148
249 2422
250 910
251 1780
252 2451
253 1742
254 2746
255 1201
256 961
257 296
258 1621
259 1613
260 1497
261 1381
262 2381
263 870
264 2079
265 752
266 2728
267 901
268 2719
269 2595
270 1155
271 811
272 1383
273 335
274 2333
275 1318
276 237
277 2796
278 878
279 1420
280 158
281 656
282 2726
283 2571
284 2587
285 2487
286 2979
287 1853
288 2461
289 943
290 1618
291 2842
292 774
293 1391
294 87
295 2980
296 2094
297 2441
298 684
299 2394
300 2722
301 225
302 2220
303 1010
304 1006
305 2290
306 2137
307 358
308 915
309 170
310 1132
311 347
312 2682
313 1828
314 655
315 443
316 94
317 657
318 2582
319 2507
320 1243
321 214
322 1741
323 656
324 993
325 184
326 1061
327 49
328 1842
329 2025
330 2785
331 2652
332 252
333 2968
334 2301
335 1950
336 171
337 2170
338 613
339 2802
340 39
341 943
342 2779
343 1277
344 271
345 1536
346 2927
347 2222
348 14
349 2330
350 1414
351 1715
352 2052
353 2574
354 1195
355 2728
356 39
357 2592
358 2777
359 2681
360 1904
361 2030
362 2245
363 2073
364 453
365 943
366 1083
367 2483
368 607
369 785
370 447
371 756
372 263
373 496
374 1815
375 2590
376 539
377 173
378 2539
379 2202
380 16
381 1445
382 1805
383 1220
384 2732
385 1508
386 2274
387 2005
388 172
389 1300
390 2921
391 2512
392 2212
393 1643
394 1046
395 807
396 1520
397 2611
398 2072
399 2532
400 1325
401 595
402 805
403 2873
404 2302
405 2970
406 2806
407 1764
408 2597
409 1696
410 459
411 2614
412 2368
413 2092
414 1642
415 598
416 2806
417 312
418 2133
419 624
420 34
421 1759
422 563
423 1255
424 747
425 301
426 1173
427 1624
428 1594
429 1194
430 2847
431 1281
432 2093
433 529
434 2715
435 1780
436 1570
437 1197
438 1321
439 2296
440 2530
441 1290
442 1982
443 1154
444 818
445 2216
446 2169
447 2575
448 1456
449 1415
450 1699
451 1241
452 385
453 2812
454 74
455 2304
456 316
457 2286
458 1756
459 2502
460 2105
461 1952
462 2442
463 2565
464 2033
465 2218
466 816
467 2403
468 869
469 1166
470 772
471 1947
472 115
473 1536
474 933
475 1679
476 2384
477 548
478 1348
479 1468
480 2056
481 2481
482 1461
483 580
484 2465
485 607
486 1510
487 950
488 19
489 425
490 862
491 822
492 2366
493 471
494 1309
495 519
496 1363
497 1521
498 2691
499 1723
500 268
501 2740
502 2448
503 888
504 2336
505 2706
506 286
507 162
508 2271
509 287
510 2663
511 2161
512 779
513 1914
514 223
515 1044
516 604
517 1881
518 2437
519 2963
520 1511
521 2244
522 5
523 2765
524 2247
525 1068
526 100
527 1517
528 2951
529 1015
530 1698
531 2337
532 1532
533 375
534 2768
535 1021
536 1045
537 2612
538 1135
539 2422
540 1700
541 561
542 2049
543 2331
544 893
545 2964
546 59
547 81
548 1375
549 2825
550 2613
551 169
552 1121
553 2328
554 1435
555 222
556 1465
557 971
558 792
559 2325
560 676
561 2093
562 1909
563 1113
564 195
565 1790
566 2603
567 2164
568 1574
569 713
570 1072
571 1713
572 2593
573 1135
574 1945
575 2904
576 2086
577 1526
578 623
579 2983
580 1644
581 2931
582 442
583 2156
584 1391
585 764
586 260
587 1306
588 1785
589 2867
590 677
591 578
592 1946
593 1438
594 2730
595 1911
596 1480
597 2993
598 840
599 471
600 2429
601 73
602 2194
603 1126
604 651
605 2968
606 1478
607 2012
608 2272
609 2583
610 536
611 1846
612 1116
613 2696
614 364
615 1915
616 466
617 1443
618 1132
619 1784
620 216
621 495
622 1569
623 423
624 1850
625 2410
626 2584
627 1365
628 1149
629 1820
630 2609
631 1590
632 621
633 2753
634 2930
635 1408
636 2644
637 2222
638 1751
639 2509
640 215
641 1117
642 1393
643 1299
644 556
645 1921
646 2686
647 2809
648 1793
649 1866
650 2422
651 2524
652 1703
653 902
654 2880
655 1441
656 725
657 485
658 472
659 2348
660 569
661 2871
662 516
663 532
664 2871
665 870
666 950
667 978
668 1080
669 2683
670 2737
671 1603
672 1151
673 814
674 514
675 2007
676 1251
677 1702
678 2646
679 2192
680 1122
681 2674
682 760
683 2124
684 1452
685 1931
686 2362
687 2591
688 1790
689 2036
690 861
691 538
692 1166
693 1565
694 1053
695 188
696 582
697 2812
698 368
699 147
700 1454
701 1693
702 2583
703 1363
704 1263
705 1690
706 1815
707 1607
708 775
709 1622
710 696
711 827
712 692
713 697
714 1709
715 2990
716 1212
717 2832
718 2228
719 392
720 247
721 2388
722 67
723 2866
724 653
725 1757
726 1806
727 1576
728 1516
729 2717
730 504
731 1291
732 861
733 943
734 1072
735 1911
736 856
737 2896
738 1988
739 2793
740 471
741 209
742 11
743 332
744 787
745 1446
746 1048
747 802
748 2157
749 2175
750 1057
751 454
752 2549
753 1677
754 2963
755 916
756 574
757 2555
758 1218
759 115
760 1059
761 2919
762 42
763 1204
764 280
765 1207
766 2023
767 344
768 1129
769 2474
770 2966
771 2983
772 487
773 2256
774 1124
775 2077
776 1945
777 2517
778 672
779 627
780 1768
781 2855
782 2425
783 2132
784 529
785 1825
786 1014
787 1660
788 841
789 2659
790 475
791 1741
792 1578
793 1644
794 87
795 177
796 2501
797 1973
798 18
799 2828
800 2146
801 1795
802 52
803 884
804 625
805 1075
806 1344
807 1452
808 10
809 536
810 2950
811 2985
812 2016
813 1010
814 1949
815 1101
816 2887
817 1975
818 2308
819 2361
820 855
821 1617
822 2943
823 1424
824 231
825 1906
826 1593
827 2248
828 469
829 2290
830 2339
831 2938
832 1713
833 1053
834 2674
835 989
836 2702
837 1293
838 1954
839 1777
840 2112
841 2597
842 2331
843 373
844 386
845 1668
846 2885
847 439
848 1541
849 2365
850 2082
851 2569
852 299
853 7
854 861
855 298
856 2056
857 1975
858 2192
859 1461
860 829
861 968
862 2564
863 2670

