674 76
0 1752
1 1933
2 1295
3 69
4 2968
5 2223
6 573
7 1808
8 1449
9 2333
10 2460
11 2450
12 1265
13 2845
14 2074
15 1767
16 544
17 159
18 2443
19 640
20 1783
21 2522
22 597
23 2627
24 1276
25 1258
26 136
27 1937
28 268
29 533
30 1630
31 59
32 1482
33 2043
34 751
35 2517
36 870
37 2359
38 2221
39 2082
40 1717
41 2964
42 892
43 2063
44 1533
45 2205
46 1422
47 499
48 2161
49 2234
50 2781
51 2642
52 2133
53 815
54 70
55 2403
56 2625
57 1883
58 367
59 1917
60 701
61 902
62 2063
63 1193
64 2356
65 1960
66 1718
67 1058
68 2202
69 574
70 542
71 2575
72 2000
73 2421
74 1604
75 2964
76 1444
77 2922
78 1418
79 786
80 1700
81 165
82 1842
83 2315
84 2103
85 2870
86 460
87 1367
88 899
89 407
90 1270
91 2822
92 224
93 1679
94 707
95 533
96 2942
97 2333
98 1195
99 73
100 2715
101 672
102 643
103 34
104 1921
105 2939
106 859
107 1598
108 2100
109 2689
110 1214
111 2089
112 2708
113 2863
114 1935
115 1731
116 1735
117 688
118 361
119 2081
120 1897
121 1370
122 862
123 1281
124 227
125 702
126 449
127 2113
128 453
129 1032
130 1985
131 979
132 122
133 1705
134 1296
135 2588
136 2873
137 2114
138 747
139 1186
140 12
141 2371
142 574
143 594
144 1605
145 409
146 2216
147 1901
148 2609
149 2377
150 2312
151 1680
152 1992
153 873
154 1152
155 2852
156 697
157 2997
158 1354
159 775
160 2226
161 995
162 868
163 24
164 1169
165 1193
166 1764
167 2482
168 2221
169 459
170 2066
171 2441
172 2315
173 1958
174 1611
175 810
176 368
177 1171
178 2592
179 871
180 802
181 2890
182 2120
183 1143
184 900
185 240
186 1182
187 995
188 4
189 124
190 129
191 2724
192 2283
193 2038
194 1051
195 1986
196 2190
197 921
198 2333
199 1951
200 388
201 2115
202 740
203 2866
204 1746
205 2309
206 535
207 2597
208 1562
209 2118
210 466
211 404
212 1858
213 2537
214 1575
215 2691
216 1200
217 2872
218 554
219 447
220 1405
221 2938
222 119
223 2634
224 2965
225 472
226 2166
227 1289
228 1416
229 2034
230 1122
231 1095
232 1921
233 2541
234 1509
235 825
236 104
237 1338
238 893
239 753
240 998
241 187
242 2222
243 2786
244 2397
245 1395
246 1875
247 2416
248 1917
249 1010
250 1839
251 1597
252 1102
253 1042
254 2871
255 2999
256 2489
257 1820
258 652
259 138
260 849
261 1431
262 534
263 38
264 2429
265 1947
266 2860
267 2879
268 2442
269 846
270 1732
271 2310
272 763
273 2434
274 2894
275 706
276 1465
277 1878
278 996
279 1770
280 1334
281 1915
282 2689
283 602
284 662
285 540
286 1187
287 1737
288 2585
289 2397
290 2001
291 2487
292 1645
293 2839
294 1009
295 1070
296 491
297 2806
298 543
299 1992
300 1350
301 289
302 2762
303 1814
304 2005
305 1841
306 1425
307 387
308 576
309 451
310 929
311 2517
312 207
313 78
314 1991
315 2286
316 2534
317 1948
318 2566
319 51
320 534
321 2801
322 2837
323 2259
324 40
325 1154
326 811
327 2210
328 2377
329 2280
330 187
331 609
332 703
333 2248
334 2150
335 797
336 1451
337 110
338 2261
339 1056
340 272
341 1009
342 1517
343 1344
344 1298
345 814
346 1352
347 2096
348 2400
349 2170
350 833
351 1802
352 2194
353 1779
354 1215
355 1348
356 399
357 1638
358 510
359 317
360 478
361 908
362 2071
363 1266
364 1049
365 1383
366 834
367 1339
368 2522
369 1411
370 2768
371 1688
372 2675
373 1799
374 2990
375 772
376 681
377 2824
378 2070
379 2215
380 13
381 1863
382 1567
383 2245
384 339
385 2870
386 2393
387 1641
388 665
389 89
390 496
391 1633
392 1235
393 2581
394 1581
395 565
396 1858
397 1006
398 2758
399 1040
400 575
401 539
402 1825
403 2145
404 1733
405 2844
406 739
407 1956
408 250
409 1089
410 2517
411 2081
412 69
413 1841
414 342
415 2265
416 2513
417 2455
418 984
419 126
420 2245
421 1829
422 1427
423 2698
424 629
425 1317
426 49
427 357
428 550
429 2916
430 1561
431 1325
432 551
433 2089
434 1702
435 472
436 2238
437 2258
438 2740
439 2306
440 1703
441 2431
442 961
443 2879
444 2109
445 2367
446 1201
447 2828
448 1700
449 1613
450 98
451 860
452 2896
453 2290
454 73
455 1665
456 1682
457 1078
458 1986
459 1534
460 509
461 1973
462 371
463 2606
464 1246
465 989
466 1548
467 309
468 1565
469 789
470 2667
471 2023
472 2252
473 1253
474 1376
475 2620
476 915
477 2806
478 2921
479 180
480 200
481 2673
482 2647
483 1704
484 1319
485 2669
486 2703
487 222
488 1231
489 1875
490 750
491 616
492 1594
493 2759
494 2580
495 626
496 1594
497 98
498 517
499 748
500 1015
501 1317
502 2327
503 101
504 2672
505 2626
506 948
507 2051
508 1315
509 12
510 1822
511 110
512 1082
513 2481
514 1906
515 807
516 1416
517 449
518 2073
519 2788
520 1642
521 1047
522 1937
523 2203
524 2813
525 1404
526 2345
527 263
528 109
529 1766
530 1518
531 819
532 1806
533 2988
534 886
535 828
536 1149
537 2409
538 2902
539 2883
540 2743
541 2653
542 622
543 2930
544 2279
545 1149
546 1723
547 280
548 1294
549 2603
550 2501
551 851
552 2429
553 176
554 758
555 1780
556 1632
557 2302
558 10
559 1115
560 1798
561 1128
562 2482
563 2823
564 1209
565 906
566 1602
567 1455
568 501
569 817
570 1685
571 54
572 2637
573 735
574 1219
575 1417
576 1079
577 2273
578 2538
579 2504
580 1300
581 60
582 2789
583 744
584 869
585 700
586 1399
587 2594
588 970
589 1334
590 702
591 1622
592 1482
593 545
594 316
595 1458
596 1991
597 2811
598 1218
599 120
600 1881
601 645
602 574
603 2308
604 1828
605 2023
606 1764
607 1265
608 1317
609 2320
610 2988
611 584
612 1544
613 1722
614 2135
615 1142
616 1612
617 2239
618 890
619 908
620 1288
621 2546
622 2975
623 2787
624 2361
625 2125
626 472
627 781
628 2565
629 2359
630 2531
631 1511
632 937
633 1617
634 46
635 1648
636 1977
637 1508
638 1116
639 1945
640 2144
641 2678
642 1303
643 257
644 2798
645 1270
646 1275
647 1790
648 2069
649 2607
650 828
651 1908
652 188
653 2067
654 2539
655 885
656 438
657 2795
658 1308
659 2873
660 605
661 2186
662 2117
663 293
664 931
665 2810
666 1141
667 2819
668 2795
669 833
670 2703
671 2589
672 71
673 746

