627 22
0 148
1 1643
2 293
3 2227
4 2985
5 2396
6 1448
7 1226
8 2856
9 1948
10 1813
11 47
12 534
13 1034
14 1368
15 1432
16 1414
17 1988
18 1857
19 2113
20 333
21 2337
22 1351
23 1255
24 1637
25 1893
26 395
27 2153
28 2775
29 719
30 989
31 1070
32 132
33 609
34 415
35 173
36 579
37 1371
38 588
39 1397
40 329
41 2329
42 33
43 2676
44 1566
45 2973
46 1515
47 2364
48 2636
49 2357
50 1760
51 1977
52 1431
53 2425
54 2857
55 1541
56 813
57 156
58 1301
59 690
60 2187
61 597
62 2990
63 1880
64 1005
65 2306
66 0
67 158
68 602
69 1533
70 2899
71 1442
72 1368
73 1889
74 2035
75 2360
76 1189
77 506
78 1154
79 537
80 2284
81 899
82 2025
83 2229
84 488
85 344
86 2548
87 2716
88 1260
89 2071
90 2862
91 2158
92 747
93 2703
94 1449
95 1556
96 654
97 2299
98 2057
99 1802
100 1710
101 2572
102 867
103 1208
104 503
105 2638
106 1426
107 1940
108 2445
109 1152
110 1258
111 2786
112 1111
113 1519
114 276
115 369
116 1582
117 159
118 1647
119 2132
120 1602
121 2163
122 2443
123 759
124 1721
125 153
126 1499
127 2380
128 467
129 1455
130 1334
131 1690
132 2763
133 1617
134 877
135 2664
136 2526
137 314
138 1948
139 2995
140 2412
141 532
142 2082
143 2626
144 1067
145 505
146 125
147 41
148 2222
149 2137
150 1868
151 1275
152 2498
153 674
154 2923
155 312
156 1961
157 1534
158 110
159 2063
160 287
161 2073
162 2531
163 2306
164 70
165 2597
166 2389
167 2040
168 916
169 2037
170 1151
171 2641
172 2912
173 1127
174 652
175 1625
176 1579
177 2187
178 962
179 96
180 699
181 2246
182 436
183 1027
184 2823
185 151
186 2552
187 420
188 2548
189 2757
190 1800
191 1973
192 2427
193 484
194 2592
195 164
196 1968
197 1252
198 1788
199 132
200 1375
201 1097
202 51
203 1054
204 645
205 1479
206 2441
207 766
208 780
209 2248
210 1220
211 713
212 262
213 1528
214 761
215 755
216 2000
217 2395
218 962
219 1790
220 1584
221 443
222 946
223 2255
224 442
225 344
226 2190
227 2097
228 1199
229 2952
230 384
231 408
232 419
233 1319
234 996
235 916
236 1134
237 75
238 1269
239 338
240 77
241 419
242 1735
243 1954
244 1872
245 1938
246 855
247 1499
248 2338
249 397
250 330
251 2751
252 2226
253 1511
254 2451
255 1005
256 615
257 2783
258 2891
259 2436
260 2163
261 334
262 1198
263 1129
264 1164
265 1818
266 706
267 34
268 2874
269 2456
270 1905
271 698
272 819
273 488
274 2063
275 2339
276 2629
277 1739
278 1539
279 2326
280 1796
281 391
282 374
283 2273
284 1370
285 350
286 1826
287 25
288 2072
289 2768
290 2123
291 457
292 2175
293 1693
294 779
295 114
296 2424
297 324
298 350
299 2468
300 1939
301 1801
302 2846
303 693
304 1038
305 2033
306 2505
307 925
308 2845
309 90
310 217
311 1788
312 69
313 284
314 307
315 1350
316 356
317 1707
318 1752
319 424
320 1721
321 2330
322 2709
323 2848
324 1454
325 1823
326 1480
327 691
328 2917
329 1690
330 1020
331 1744
332 2257
333 1268
334 2751
335 725
336 2972
337 562
338 648
339 183
340 1311
341 1829
342 2075
343 1615
344 2240
345 2724
346 1717
347 2287
348 94
349 1001
350 2682
351 1854
352 2831
353 1963
354 140
355 1880
356 684
357 852
358 1778
359 655
360 2611
361 2421
362 1373
363 1128
364 1242
365 2643
366 1469
367 1680
368 2441
369 443
370 709
371 2641
372 2765
373 2510
374 1638
375 2343
376 1365
377 2418
378 2668
379 429
380 2472
381 392
382 2621
383 1729
384 812
385 2720
386 2974
387 2294
388 2056
389 2949
390 839
391 1850
392 210
393 2777
394 2529
395 1496
396 2634
397 1449
398 2171
399 798
400 596
401 2138
402 49
403 1227
404 402
405 1756
406 855
407 2997
408 90
409 710
410 1906
411 306
412 177
413 1546
414 1580
415 2216
416 1244
417 2362
418 1602
419 1981
420 1305
421 1879
422 1019
423 1365
424 2837
425 1645
426 1677
427 702
428 2576
429 2600
430 1444
431 585
432 1323
433 1832
434 1346
435 1260
436 2746
437 981
438 871
439 60
440 2322
441 1719
442 1714
443 1143
444 1319
445 2367
446 897
447 2129
448 1092
449 1792
450 2317
451 319
452 298
453 2572
454 1470
455 1716
456 1817
457 1763
458 1219
459 1230
460 2710
461 2067
462 2489
463 1158
464 1873
465 2774
466 2740
467 1631
468 755
469 819
470 483
471 2306
472 1334
473 2250
474 1928
475 999
476 1191
477 2207
478 1625
479 1624
480 2352
481 1967
482 2797
483 2942
484 2789
485 434
486 2179
487 641
488 720
489 2759
490 810
491 2801
492 1496
493 2188
494 1331
495 591
496 1719
497 507
498 1265
499 1251
500 151
501 2906
502 2821
503 2687
504 1365
505 2972
506 2329
507 163
508 1774
509 1556
510 883
511 1200
512 1236
513 1875
514 1695
515 1660
516 991
517 2830
518 811
519 853
520 1224
521 2972
522 1731
523 1189
524 2923
525 1719
526 2440
527 607
528 1918
529 2349
530 2499
531 2912
532 2324
533 12
534 930
535 172
536 1444
537 2012
538 354
539 186
540 1166
541 1228
542 1360
543 2051
544 273
545 2224
546 1621
547 1584
548 548
549 2299
550 2859
551 2847
552 2808
553 2623
554 389
555 537
556 1836
557 2067
558 2488
559 2777
560 1939
561 290
562 2331
563 406
564 2170
565 2213
566 2631
567 977
568 780
569 2036
570 765
571 1034
572 1985
573 2452
574 311
575 614
576 2556
577 2352
578 664
579 1474
580 1312
581 1364
582 837
583 1963
584 52
585 2966
586 365
587 251
588 765
589 2228
590 944
591 2684
592 2896
593 1538
594 2302
595 2766
596 1240
597 642
598 2113
599 2936
600 1386
601 335
602 1993
603 1686
604 1399
605 1971
606 2788
607 1640
608 1742
609 2457
610 311
611 2501
612 2858
613 2843
614 2214
615 2344
616 742
617 2649
618 2853
619 1514
620 1356
621 214
622 1136
623 352
624 2867
625 559
626 2083

