718 13
0 1062
1 916
2 908
3 2357
4 217
5 2226
6 1117
7 1817
8 2623
9 1233
10 1005
11 1523
12 485
13 587
14 835
15 752
16 401
17 1841
18 1013
19 823
20 1151
21 1216
22 887
23 640
24 2742
25 2014
26 2754
27 1127
28 117
29 1320
30 1615
31 1066
32 339
33 2756
34 297
35 2724
36 2705
37 1937
38 2582
39 2536
40 1789
41 783
42 1236
43 140
44 690
45 21
46 2674
47 1267
48 2723
49 2791
50 1761
51 2123
52 265
53 1659
54 2540
55 2352
56 1884
57 2551
58 609
59 2413
60 2748
61 2250
62 788
63 2229
64 274
65 2716
66 17
67 2867
68 2285
69 108
70 2833
71 814
72 168
73 112
74 2228
75 324
76 70
77 2043
78 1763
79 81
80 2889
81 2976
82 48
83 569
84 1450
85 2384
86 1282
87 2862
88 2132
89 1629
90 347
91 2270
92 881
93 2104
94 1886
95 242
96 2481
97 1065
98 1463
99 1752
100 1927
101 1933
102 255
103 587
104 272
105 738
106 703
107 1861
108 2525
109 1739
110 1312
111 2773
112 448
113 712
114 268
115 1002
116 2365
117 2407
118 2116
119 1513
120 666
121 1487
122 1085
123 474
124 1155
125 852
126 2882
127 1403
128 507
129 2619
130 2115
131 1058
132 2029
133 435
134 1792
135 2158
136 2354
137 2424
138 2620
139 2230
140 1439
141 799
142 2191
143 2947
144 817
145 1361
146 2686
147 1809
148 2143
149 2059
150 475
151 2842
152 2762
153 2820
154 2993
155 2362
156 2375
157 2900
158 55
159 1285
160 2229
161 1106
162 629
163 2632
164 1978
165 1534
166 2714
167 1160
168 2158
169 2247
170 1105
171 296
172 1741
173 1109
174 1616
175 2124
176 2563
177 902
178 257
179 1710
180 403
181 2167
182 747
183 2327
184 453
185 1729
186 183
187 628
188 810
189 2200
190 1500
191 2998
192 2936
193 1379
194 329
195 853
196 2703
197 77
198 1855
199 850
200 268
201 1748
202 502
203 2693
204 2982
205 1103
206 911
207 1609
208 2371
209 2760
210 1291
211 2662
212 901
213 2692
214 1735
215 2906
216 2831
217 836
218 2749
219 2499
220 1119
221 244
222 488
223 229
224 1037
225 2582
226 256
227 841
228 895
229 2823
230 2852
231 814
232 2274
233 1529
234 848
235 2398
236 2608
237 2539
238 1233
239 2074
240 2556
241 2525
242 2839
243 1989
244 935
245 1650
246 1750
247 1604
248 2119
249 597
250 1881
251 2282
252 117
253 1475
254 1687
255 1954
256 1213
257 2845
258 626
259 2361
260 1641
261 647
262 2927
263 1026
264 2511
265 1142
266 2610
267 2364
268 1702
269 586
270 1774
271 2991
272 2744
273 169
274 2444
275 1005
276 2724
277 752
278 273
279 1483
280 562
281 43
282 444
283 277
284 1167
285 2452
286 1015
287 1567
288 1254
289 380
290 890
291 1717
292 340
293 1727
294 2118
295 2378
296 2092
297 1813
298 1482
299 1966
300 2323
301 1966
302 94
303 245
304 2060
305 1619
306 1343
307 2671
308 2022
309 1612
310 486
311 83
312 1476
313 657
314 2671
315 294
316 726
317 2901
318 499
319 1281
320 1393
321 1033
322 24
323 2184
324 421
325 2701
326 2734
327 416
328 1587
329 2357
330 224
331 2181
332 158
333 2306
334 2582
335 179
336 2985
337 722
338 2398
339 467
340 1313
341 730
342 1463
343 1653
344 989
345 2387
346 1306
347 2719
348 1918
349 871
350 1216
351 2378
352 2378
353 1349
354 940
355 1116
356 1471
357 1738
358 1717
359 1604
360 28
361 350
362 2784
363 218
364 1443
365 467
366 228
367 2239
368 1811
369 1723
370 2883
371 1313
372 398
373 1931
374 1960
375 227
376 733
377 2099
378 2257
379 2176
380 2054
381 1057
382 120
383 1897
384 1000
385 303
386 2065
387 1703
388 244
389 2368
390 559
391 2956
392 2928
393 1680
394 2832
395 1798
396 1413
397 203
398 1233
399 487
400 2770
401 1635
402 555
403 1267
404 1529
405 2833
406 1565
407 257
408 601
409 2848
410 293
411 1448
412 305
413 84
414 1763
415 1274
416 837
417 927
418 150
419 1918
420 1262
421 2720
422 1791
423 1498
424 10
425 2527
426 154
427 2726
428 2401
429 405
430 1596
431 2674
432 2550
433 457
434 1496
435 1881
436 254
437 1977
438 2047
439 2180
440 1924
441 740
442 203
443 2465
444 378
445 36
446 2392
447 2266
448 2134
449 996
450 734
451 2948
452 2426
453 745
454 456
455 196
456 715
457 2625
458 957
459 604
460 1618
461 1073
462 1393
463 2763
464 2607
465 238
466 748
467 1819
468 123
469 1500
470 432
471 1467
472 168
473 2076
474 1294
475 1462
476 1792
477 349
478 2547
479 149
480 1566
481 2743
482 3000
483 605
484 2901
485 201
486 1134
487 1534
488 1573
489 726
490 667
491 1294
492 1628
493 2321
494 102
495 35
496 584
497 1548
498 134
499 596
500 623
501 2723
502 2613
503 1582
504 2225
505 413
506 162
507 1353
508 11
509 1194
510 26
511 1800
512 2225
513 1026
514 492
515 2017
516 1080
517 2375
518 2872
519 2244
520 2703
521 1235
522 846
523 379
524 716
525 985
526 2405
527 835
528 2686
529 2230
530 2029
531 643
532 2013
533 778
534 2156
535 449
536 1298
537 2792
538 1139
539 360
540 2093
541 2444
542 743
543 996
544 1776
545 2431
546 943
547 1149
548 165
549 2488
550 2730
551 1521
552 2467
553 1328
554 2849
555 1429
556 1594
557 2065
558 2745
559 1370
560 1334
561 448
562 2546
563 1818
564 457
565 1604
566 1507
567 2136
568 581
569 2302
570 762
571 2836
572 743
573 1098
574 62
575 1260
576 96
577 1294
578 2266
579 1984
580 1202
581 381
582 2651
583 2067
584 1193
585 1583
586 1202
587 1946
588 161
589 1166
590 2077
591 1989
592 2221
593 788
594 277
595 2378
596 2331
597 1434
598 975
599 2199
600 414
601 1449
602 2657
603 2634
604 2789
605 2782
606 481
607 2265
608 1581
609 739
610 185
611 408
612 1270
613 1926
614 1306
615 1288
616 2553
617 1379
618 3000
619 2770
620 844
621 288
622 45
623 292
624 2165
625 12
626 5
627 513
628 1920
629 2260
630 1666
631 1856
632 1420
633 1441
634 31
635 633
636 1344
637 1097
638 2043
639 2470
640 1065
641 233
642 2288
643 1208
644 1510
645 2397
646 2056
647 2631
648 38
649 2913
650 1164
651 1186
652 1529
653 389
654 2549
655 1413
656 2250
657 1684
658 1859
659 1892
660 521
661 1555
662 1561
663 1635
664 2912
665 476
666 2588
667 2145
668 939
669 1288
670 2713
671 2469
672 2419
673 2995
674 1745
675 31
676 1840
677 2249
678 2402
679 741
680 1191
681 2330
682 2259
683 1206
684 754
685 422
686 1617
687 1606
688 1548
689 280
690 2077
691 821
692 1225
693 949
694 1684
695 2243
696 1068
697 596
698 2151
699 819
700 683
701 826
702 2681
703 545
704 1721
705 1825
706 1828
707 1752
708 84
709 1744
710 2864
711 1970
712 1441
713 443
714 1340
715 2341
716 1317
717 392

