393 1
0 2406
1 2479
2 2035
3 2375
4 1546
5 2550
6 2399
7 892
8 1670
9 116
10 1832
11 1185
12 101
13 1290
14 2795
15 2549
16 1550
17 336
18 1759
19 681
20 2306
21 2488
22 1059
23 2374
24 1335
25 1605
26 2509
27 1581
28 2614
29 298
30 1783
31 1334
32 367
33 1095
34 1871
35 2863
36 1848
37 1050
38 2533
39 1766
40 1169
41 2450
42 2389
43 2556
44 532
45 702
46 1402
47 2188
48 1955
49 2173
50 2801
51 2701
52 1548
53 1589
54 2730
55 363
56 121
57 2641
58 1300
59 2447
60 949
61 513
62 2826
63 2940
64 1460
65 1435
66 2201
67 1918
68 1173
69 2009
70 1515
71 1885
72 1139
73 2873
74 283
75 2179
76 2693
77 774
78 2748
79 2644
80 2256
81 2684
82 2764
83 1786
84 234
85 620
86 1641
87 196
88 1725
89 1025
90 754
91 2833
92 2273
93 2105
94 199
95 908
96 459
97 1513
98 111
99 2516
100 816
101 2975
102 722
103 933
104 2020
105 1296
106 1739
107 1295
108 1303
109 1396
110 1248
111 2957
112 1142
113 290
114 2102
115 233
116 2492
117 2090
118 1264
119 1665
120 2558
121 841
122 86
123 2583
124 1710
125 795
126 894
127 1065
128 585
129 1987
130 1762
131 2779
132 1926
133 2702
134 1088
135 2230
136 746
137 344
138 1134
139 1616
140 1511
141 2122
142 561
143 2938
144 2460
145 992
146 1789
147 857
148 2693
149 573
150 1020
151 390
152 1061
153 1562
154 2799
155 2679
156 299
157 1493
158 2187
159 1122
160 2862
161 1240
162 1453
163 2142
164 797
165 1386
166 164
167 2123
168 2094
169 2791
170 2800
171 2411
172 2948
173 1335
174 1985
175 1627
176 503
177 244
178 2584
179 1180
180 1723
181 192
182 1352
183 303
184 229
185 2201
186 1010
187 2342
188 1920
189 1952
190 1675
191 651
192 359
193 1782
194 1098
195 314
196 1439
197 880
198 1154
199 885
200 1650
201 1483
202 581
203 2261
204 1858
205 1441
206 65
207 2539
208 2184
209 2523
210 2350
211 482
212 393
213 1106
214 353
215 549
216 916
217 2740
218 1491
219 2826
220 198
221 1080
222 2882
223 1218
224 777
225 1900
226 190
227 170
228 1966
229 1397
230 573
231 525
232 945
233 2447
234 1574
235 1704
236 2217
237 1396
238 2690
239 1720
240 311
241 2919
242 1742
243 2703
244 1772
245 2851
246 637
247 729
248 2215
249 2970
250 1345
251 645
252 2941
253 1888
254 1181
255 1762
256 2151
257 320
258 2306
259 182
260 2844
261 1319
262 1899
263 1186
264 1242
265 985
266 2935
267 1382
268 1975
269 2142
270 2186
271 2504
272 829
273 772
274 1354
275 1433
276 341
277 2588
278 1946
279 2490
280 2369
281 798
282 2817
283 1912
284 958
285 366
286 355
287 1637
288 2699
289 1621
290 1539
291 498
292 1911
293 1148
294 584
295 2599
296 289
297 592
298 683
299 1532
300 1623
301 1622
302 354
303 333
304 2333
305 978
306 1374
307 2608
308 709
309 1780
310 1197
311 1823
312 1205
313 1828
314 882
315 2060
316 847
317 1423
318 826
319 2735
320 835
321 1705
322 290
323 2013
324 777
325 404
326 2910
327 57
328 1017
329 1892
330 1146
331 228
332 2904
333 2190
334 285
335 2348
336 1781
337 0
338 2622
339 1146
340 2012
341 2474
342 2981
343 2472
344 2457
345 1905
346 2427
347 2694
348 2556
349 2161
350 1995
351 1464
352 268
353 2026
354 436
355 2587
356 2586
357 186
358 1035
359 2626
360 2364
361 399
362 109
363 2325
364 1493
365 625
366 413
367 1995
368 666
369 234
370 411
371 1868
372 1459
373 199
374 851
375 1415
376 2652
377 623
378 251
379 142
380 2559
381 1768
382 1657
383 1114
384 1960
385 1646
386 1631
387 2004
388 2790
389 1015
390 2959
391 1703
392 1552

