696 11
0 1090
1 693
2 250
3 1221
4 1157
5 2404
6 1777
7 2335
8 2392
9 775
10 925
11 2832
12 941
13 1707
14 359
15 1557
16 13
17 2044
18 1645
19 2877
20 2231
21 287
22 2750
23 146
24 923
25 2523
26 337
27 1851
28 712
29 1519
30 549
31 2242
32 2064
33 1305
34 2417
35 2740
36 13
37 705
38 1234
39 1497
40 2394
41 2225
42 2968
43 2513
44 1296
45 2625
46 1780
47 1622
48 70
49 2924
50 535
51 1117
52 2748
53 347
54 1123
55 70
56 1807
57 718
58 2758
59 734
60 159
61 2199
62 1220
63 2365
64 286
65 2754
66 2447
67 224
68 14
69 1409
70 394
71 1433
72 191
73 578
74 166
75 145
76 2385
77 2812
78 891
79 400
80 451
81 1422
82 959
83 179
84 2983
85 2582
86 1160
87 1874
88 941
89 1909
90 1746
91 142
92 725
93 309
94 2538
95 763
96 1108
97 1804
98 1442
99 2815
100 1262
101 1028
102 861
103 2810
104 1731
105 212
106 2412
107 1878
108 1117
109 2703
110 829
111 771
112 2819
113 28
114 288
115 1012
116 1835
117 2216
118 2925
119 2426
120 2954
121 1171
122 792
123 240
124 1007
125 1534
126 2784
127 1400
128 1789
129 478
130 2244
131 349
132 1140
133 1525
134 1687
135 1496
136 1793
137 1524
138 2574
139 1952
140 2557
141 632
142 1149
143 748
144 123
145 153
146 187
147 2366
148 1834
149 475
150 362
151 2088
152 1738
153 1799
154 1438
155 2329
156 564
157 1516
158 92
159 1487
160 358
161 872
162 1789
163 1001
164 2789
165 2388
166 2624
167 2262
168 2574
169 1013
170 487
171 2799
172 2320
173 2756
174 1106
175 2487
176 832
177 35
178 2894
179 2198
180 731
181 665
182 1143
183 2849
184 483
185 2508
186 2123
187 2564
188 1151
189 1097
190 2031
191 2912
192 674
193 588
194 1406
195 628
196 628
197 2278
198 928
199 779
200 1258
201 572
202 114
203 1063
204 2156
205 2950
206 112
207 545
208 824
209 2168
210 648
211 303
212 2930
213 1329
214 1251
215 1820
216 57
217 229
218 660
219 68
220 645
221 1812
222 2213
223 1592
224 1747
225 1848
226 1813
227 1336
228 783
229 513
230 2617
231 383
232 2498
233 364
234 2842
235 398
236 211
237 1565
238 384
239 1040
240 2001
241 2151
242 1513
243 2745
244 350
245 1289
246 1707
247 16
248 280
249 1917
250 676
251 2888
252 389
253 2315
254 2611
255 2258
256 2911
257 368
258 2728
259 177
260 2007
261 463
262 1608
263 1910
264 2622
265 190
266 183
267 2867
268 1789
269 1336
270 1269
271 2288
272 1099
273 1156
274 2650
275 1970
276 2777
277 817
278 1820
279 2577
280 1136
281 1287
282 1573
283 18
284 1785
285 5
286 1919
287 2574
288 1540
289 1989
290 718
291 657
292 1083
293 2042
294 2864
295 1960
296 1681
297 2363
298 1346
299 651
300 1985
301 2288
302 1528
303 2819
304 2486
305 2339
306 289
307 1928
308 2610
309 1120
310 1960
311 251
312 464
313 1977
314 2958
315 1887
316 987
317 570
318 2439
319 1006
320 2974
321 1162
322 1556
323 839
324 1399
325 1442
326 2968
327 2419
328 684
329 1322
330 2383
331 2309
332 2750
333 900
334 2063
335 2369
336 1577
337 2079
338 1107
339 2144
340 2467
341 2044
342 445
343 2811
344 2017
345 99
346 2803
347 359
348 422
349 10
350 797
351 403
352 2139
353 2698
354 1255
355 2146
356 1863
357 1542
358 1275
359 2767
360 2274
361 210
362 1474
363 2435
364 333
365 106
366 2386
367 1591
368 568
369 2483
370 2208
371 2744
372 915
373 1128
374 1664
375 2660
376 575
377 2921
378 735
379 1563
380 1743
381 1698
382 492
383 393
384 2757
385 1499
386 2632
387 2258
388 1332
389 739
390 261
391 190
392 2233
393 1333
394 2574
395 53
396 1906
397 2654
398 933
399 1445
400 1554
401 1054
402 2550
403 2394
404 2650
405 2620
406 2331
407 2050
408 2864
409 868
410 364
411 1043
412 1195
413 405
414 990
415 1639
416 1180
417 2050
418 453
419 2081
420 1159
421 727
422 907
423 691
424 2172
425 315
426 243
427 1033
428 275
429 2545
430 2897
431 2531
432 879
433 2969
434 1764
435 27
436 2117
437 2223
438 818
439 92
440 1270
441 2680
442 663
443 2381
444 711
445 1047
446 2068
447 301
448 1350
449 2577
450 85
451 1845
452 2415
453 1277
454 268
455 1483
456 1890
457 2972
458 1812
459 652
460 2120
461 451
462 2038
463 2249
464 782
465 2641
466 141
467 1446
468 1303
469 2481
470 846
471 1573
472 2844
473 533
474 2545
475 1872
476 1840
477 1610
478 260
479 268
480 2843
481 1663
482 1137
483 1778
484 2870
485 2435
486 396
487 1590
488 235
489 1126
490 2158
491 1114
492 1475
493 1706
494 2666
495 1313
496 1023
497 81
498 2125
499 1039
500 1711
501 1198
502 663
503 2574
504 1232
505 1247
506 1805
507 1687
508 115
509 1508
510 2919
511 1503
512 1042
513 2677
514 1815
515 1156
516 188
517 2588
518 2696
519 1991
520 463
521 1287
522 511
523 1928
524 534
525 2968
526 2516
527 181
528 2381
529 737
530 886
531 2660
532 2833
533 159
534 350
535 1336
536 289
537 1026
538 1831
539 1593
540 2250
541 2871
542 812
543 1346
544 2522
545 2060
546 370
547 224
548 1857
549 1913
550 2647
551 80
552 1683
553 2187
554 2635
555 2780
556 168
557 1329
558 2609
559 918
560 2865
561 232
562 1786
563 2587
564 868
565 970
566 1973
567 2676
568 2729
569 2823
570 1122
571 1863
572 268
573 1137
574 1950
575 2098
576 2461
577 688
578 1785
579 899
580 2898
581 221
582 30
583 2168
584 2061
585 2365
586 2086
587 1300
588 983
589 389
590 642
591 652
592 2193
593 889
594 889
595 1026
596 1236
597 2305
598 350
599 1279
600 1038
601 281
602 2786
603 1037
604 2727
605 737
606 2741
607 1980
608 946
609 1279
610 2974
611 1066
612 963
613 2129
614 2641
615 433
616 1411
617 664
618 1241
619 2183
620 1515
621 632
622 976
623 2979
624 2191
625 1790
626 2129
627 1128
628 2169
629 1499
630 1426
631 957
632 2823
633 1153
634 1300
635 2182
636 2423
637 2126
638 1182
639 147
640 565
641 2421
642 844
643 866
644 941
645 310
646 886
647 1674
648 1661
649 1219
650 1433
651 2583
652 676
653 1830
654 2763
655 798
656 170
657 900
658 1348
659 1764
660 2614
661 2794
662 771
663 585
664 1747
665 2868
666 896
667 2308
668 1664
669 2456
670 231
671 648
672 618
673 1377
674 2250
675 2739
676 2866
677 2574
678 2251
679 2541
680 1487
681 926
682 74
683 958
684 2776
685 1479
686 12
687 1717
688 902
689 1291
690 1304
691 2019
692 159
693 669
694 2512
695 1754

