538 44
0 1661
1 2328
2 2805
3 1068
4 1253
5 877
6 2796
7 2821
8 2211
9 376
10 2244
11 2465
12 2197
13 730
14 595
15 1507
16 2895
17 2796
18 279
19 2496
20 2366
21 68
22 2298
23 1962
24 371
25 1736
26 1502
27 2684
28 1028
29 450
30 614
31 624
32 764
33 564
34 2490
35 707
36 2882
37 2554
38 1861
39 2747
40 1226
41 1250
42 1188
43 2944
44 940
45 2268
46 1249
47 646
48 1453
49 2781
50 2284
51 393
52 1687
53 1443
54 1475
55 947
56 1395
57 820
58 2390
59 331
60 391
61 432
62 2696
63 522
64 2216
65 2952
66 1494
67 2202
68 2052
69 33
70 696
71 636
72 2578
73 817
74 2686
75 144
76 1794
77 2805
78 1326
79 528
80 425
81 157
82 2094
83 745
84 878
85 1115
86 630
87 2281
88 2757
89 1928
90 2599
91 1289
92 260
93 329
94 1777
95 1486
96 2279
97 412
98 2947
99 1871
100 1307
101 1704
102 1805
103 1848
104 637
105 1789
106 1355
107 2160
108 1022
109 477
110 2119
111 2858
112 312
113 1228
114 1453
115 2675
116 257
117 2511
118 1532
119 17
120 2387
121 1729
122 819
123 1389
124 343
125 1274
126 638
127 1743
128 2497
129 1599
130 81
131 1501
132 1098
133 2607
134 262
135 1441
136 2796
137 440
138 2151
139 1750
140 1627
141 394
142 1835
143 121
144 2905
145 616
146 1190
147 1996
148 1003
149 492
150 1268
151 2237
152 584
153 2636
154 2673
155 2646
156 822
157 1942
158 1538
159 2639
160 1646
161 965
162 1518
163 1018
164 1094
165 444
166 144
167 2263
168 878
169 2414
170 322
171 678
172 786
173 2255
174 1742
175 1518
176 514
177 88
178 2905
179 994
180 2187
181 543
182 1441
183 1991
184 570
185 2772
186 2588
187 2295
188 2000
189 1248
190 2806
191 2781
192 1215
193 848
194 1940
195 2063
196 1385
197 721
198 2270
199 2170
200 1628
201 2434
202 374
203 1764
204 1357
205 2899
206 661
207 1328
208 255
209 2436
210 537
211 1008
212 921
213 2531
214 806
215 1880
216 508
217 2324
218 391
219 608
220 2884
221 166
222 509
223 972
224 2649
225 304
226 2518
227 1791
228 1708
229 2840
230 2738
231 2204
232 2714
233 399
234 420
235 2855
236 1310
237 1507
238 489
239 507
240 2053
241 134
242 2574
243 2478
244 1062
245 351
246 853
247 657
248 865
249 2651
250 2514
251 1977
252 2722
253 2007
254 578
255 2843
256 448
257 425
258 2231
259 2230
260 1462
261 897
262 2810
263 1772
264 2366
265 2744
266 1101
267 2944
268 1411
269 1142
270 368
271 1741
272 2156
273 1510
274 1035
275 11
276 2047
277 620
278 1305
279 2552
280 1351
281 2934
282 2688
283 656
284 1333
285 2160
286 2225
287 230
288 2331
289 662
290 1871
291 1229
292 802
293 2172
294 2686
295 73
296 1585
297 192
298 54
299 212
300 2951
301 324
302 2433
303 78
304 295
305 1798
306 1770
307 1589
308 2984
309 493
310 61
311 2904
312 896
313 101
314 1861
315 639
316 2577
317 395
318 1196
319 358
320 1180
321 1948
322 2901
323 17
324 1527
325 875
326 2128
327 2995
328 371
329 2239
330 1327
331 1873
332 2358
333 2705
334 1906
335 2541
336 2832
337 380
338 1685
339 1020
340 2966
341 350
342 148
343 1319
344 2676
345 2323
346 1617
347 1272
348 1727
349 260
350 693
351 1314
352 2877
353 127
354 2016
355 2468
356 2792
357 195
358 2668
359 2259
360 862
361 1234
362 81
363 408
364 2974
365 2154
366 2406
367 516
368 1118
369 495
370 2492
371 1107
372 2509
373 519
374 2293
375 1975
376 99
377 2764
378 729
379 2120
380 810
381 1449
382 2950
383 231
384 161
385 712
386 1338
387 959
388 2878
389 2513
390 2309
391 1365
392 2701
393 1540
394 1461
395 1500
396 2463
397 2118
398 1566
399 2227
400 2055
401 232
402 2981
403 1204
404 2947
405 2531
406 595
407 2996
408 2769
409 987
410 2344
411 2392
412 2305
413 1590
414 2063
415 1491
416 1418
417 2721
418 2143
419 1155
420 2587
421 1545
422 542
423 1841
424 1841
425 2503
426 2099
427 2157
428 2573
429 2347
430 290
431 100
432 2279
433 777
434 1624
435 2754
436 292
437 999
438 922
439 1897
440 936
441 719
442 2764
443 548
444 2223
445 2360
446 482
447 74
448 2273
449 1650
450 2930
451 234
452 595
453 2762
454 2509
455 901
456 1338
457 179
458 1134
459 1659
460 173
461 508
462 1902
463 1261
464 253
465 2426
466 79
467 2773
468 1422
469 2885
470 1936
471 1220
472 541
473 2917
474 1862
475 1864
476 1299
477 2743
478 2340
479 1988
480 2488
481 2931
482 1898
483 848
484 973
485 1886
486 2796
487 1070
488 198
489 1565
490 1127
491 804
492 1441
493 387
494 1315
495 709
496 662
497 79
498 992
499 2319
500 192
501 2442
502 862
503 553
504 2064
505 2476
506 2815
507 2459
508 2752
509 2811
510 2340
511 1166
512 1459
513 184
514 1486
515 2758
516 2213
517 675
518 1074
519 1329
520 2088
521 210
522 126
523 812
524 2357
525 1258
526 2705
527 1892
528 1416
529 1382
530 2851
531 226
532 2835
533 1306
534 2915
535 1768
536 1362
537 1519

