928 81
0 795
1 1282
2 509
3 2614
4 8
5 1450
6 55
7 2023
8 1145
9 1046
10 425
11 119
12 1030
13 2756
14 1874
15 410
16 2530
17 2859
18 1768
19 666
20 2787
21 1089
22 1089
23 1257
24 1667
25 2444
26 917
27 1804
28 2892
29 1098
30 1537
31 907
32 596
33 1040
34 2908
35 19
36 475
37 2443
38 893
39 255
40 2871
41 1255
42 1054
43 639
44 1399
45 2689
46 1630
47 832
48 825
49 741
50 157
51 1518
52 2201
53 700
54 240
55 2589
56 777
57 1389
58 801
59 257
60 761
61 1367
62 2340
63 1493
64 1734
65 394
66 1145
67 666
68 172
69 2416
70 1724
71 912
72 2014
73 2500
74 2757
75 1007
76 1050
77 2809
78 1301
79 1049
80 2365
81 826
82 1096
83 1856
84 1306
85 1347
86 439
87 1785
88 1234
89 2063
90 2356
91 1307
92 485
93 2431
94 645
95 2731
96 1614
97 1010
98 2214
99 540
100 2299
101 1765
102 2246
103 24
104 961
105 171
106 76
107 865
108 1609
109 50
110 389
111 1980
112 2380
113 1044
114 431
115 1100
116 897
117 1604
118 865
119 2665
120 1113
121 675
122 213
123 1798
124 1110
125 83
126 466
127 1347
128 2733
129 1064
130 1836
131 7
132 2315
133 2265
134 946
135 1580
136 2354
137 166
138 2346
139 77
140 1749
141 1465
142 1154
143 357
144 770
145 933
146 522
147 2133
148 1312
149 497
150 1208
151 1181
152 1415
153 413
154 1365
155 387
156 174
157 2875
158 802
159 2998
160 2778
161 626
162 2456
163 494
164 2235
165 1116
166 49
167 2548
168 470
169 1026
170 1436
171 1246
172 2639
173 486
174 341
175 1865
176 2964
177 2815
178 1989
179 2592
180 943
181 777
182 1725
183 207
184 2284
185 2986
186 2189
187 591
188 2925
189 2486
190 2610
191 1356
192 1000
193 1006
194 2066
195 2476
196 139
197 1371
198 2139
199 2244
200 2466
201 1482
202 1449
203 394
204 1603
205 1726
206 2448
207 778
208 2545
209 245
210 1560
211 930
212 749
213 2156
214 128
215 2843
216 1823
217 2616
218 2756
219 326
220 2592
221 2244
222 423
223 1496
224 1248
225 1221
226 2589
227 2512
228 1750
229 394
230 150
231 1694
232 2114
233 2945
234 2598
235 1025
236 937
237 1425
238 1404
239 1809
240 2693
241 819
242 2328
243 1175
244 2305
245 282
246 406
247 2228
248 793
249 209
250 1500
251 579
252 2570
253 163
254 892
255 1233
256 620
257 2277
258 2075
259 2185
260 2134
261 1804
262 1657
263 1769
264 2355
265 2877
266 1924
267 2021
268 2745
269 2807
270 1719
271 2258
272 2860
273 2724
274 2485
275 2691
276 1897
277 1709
278 777
279 1397
280 1220
281 2597
282 1736
283 2422
284 1210
285 720
286 1784
287 2960
288 573
289 1314
290 264
291 58
292 1259
293 2633
294 1957
295 1892
296 1509
297 2683
298 810
299 654
300 1107
301 2537
302 2105
303 696
304 116
305 2197
306 2940
307 2059
308 2268
309 1466
310 880
311 1033
312 1159
313 2382
314 1243
315 720
316 2036
317 460
318 953
319 1165
320 850
321 1432
322 2124
323 437
324 246
325 1985
326 717
327 1220
328 2603
329 2809
330 2673
331 725
332 1310
333 1041
334 822
335 2028
336 1604
337 333
338 2376
339 2246
340 398
341 1302
342 607
343 158
344 327
345 2512
346 863
347 1124
348 2653
349 1789
350 974
351 1987
352 93
353 1449
354 2129
355 486
356 1670
357 1091
358 298
359 762
360 280
361 1422
362 2726
363 285
364 2586
365 1482
366 1342
367 833
368 1316
369 929
370 2838
371 301
372 3000
373 2002
374 1090
375 1345
376 1999
377 1571
378 179
379 1279
380 1925
381 308
382 1838
383 821
384 614
385 1564
386 2281
387 1705
388 2055
389 2721
390 2965
391 690
392 1241
393 923
394 169
395 1633
396 639
397 2723
398 1608
399 2091
400 2117
401 2317
402 1542
403 373
404 946
405 1384
406 2607
407 2422
408 2966
409 1057
410 563
411 964
412 1869
413 629
414 347
415 723
416 452
417 1178
418 857
419 2803
420 2393
421 1254
422 1824
423 1607
424 162
425 91
426 288
427 40
428 1540
429 655
430 1815
431 1672
432 708
433 569
434 563
435 1440
436 383
437 2371
438 150
439 2057
440 573
441 2024
442 1998
443 1808
444 419
445 1048
446 2633
447 279
448 2457
449 785
450 16
451 737
452 1353
453 2719
454 9
455 1255
456 2810
457 801
458 2640
459 715
460 991
461 2300
462 2344
463 103
464 2542
465 2932
466 265
467 1285
468 479
469 2547
470 22
471 2563
472 2735
473 162
474 1074
475 575
476 327
477 1526
478 2565
479 1065
480 1130
481 1315
482 2694
483 108
484 2736
485 2970
486 1743
487 563
488 2463
489 2632
490 901
491 1531
492 1994
493 526
494 1152
495 1484
496 1659
497 1303
498 463
499 2674
500 2831
501 125
502 621
503 987
504 1044
505 1287
506 2219
507 2582
508 1128
509 181
510 757
511 2619
512 1267
513 2422
514 274
515 2812
516 1223
517 1937
518 88
519 1201
520 1422
521 178
522 696
523 1944
524 1384
525 714
526 1227
527 1051
528 1167
529 1791
530 823
531 1750
532 1766
533 1181
534 2664
535 2656
536 1122
537 1210
538 1767
539 938
540 827
541 1049
542 2841
543 1707
544 2772
545 2855
546 2319
547 339
548 2145
549 173
550 1862
551 1362
552 234
553 1704
554 2381
555 2174
556 2407
557 245
558 1363
559 2734
560 165
561 451
562 2129
563 2578
564 1183
565 1827
566 2355
567 862
568 1087
569 2486
570 1571
571 2831
572 2462
573 2358
574 1340
575 2206
576 2163
577 312
578 393
579 1385
580 5
581 1879
582 1178
583 479
584 385
585 2626
586 60
587 328
588 1756
589 2544
590 2802
591 1999
592 2637
593 725
594 2345
595 829
596 1945
597 1834
598 2925
599 94
600 717
601 2938
602 2386
603 1269
604 2535
605 2260
606 1909
607 2000
608 1672
609 2657
610 2714
611 98
612 973
613 1324
614 1688
615 774
616 649
617 2095
618 2578
619 1213
620 2807
621 1479
622 2752
623 157
624 1873
625 923
626 1269
627 2163
628 483
629 1245
630 1937
631 1764
632 546
633 2326
634 2808
635 2871
636 234
637 1890
638 1628
639 2186
640 187
641 2341
642 2554
643 576
644 544
645 2272
646 1877
647 2834
648 1500
649 2057
650 2833
651 2675
652 2074
653 1594
654 1645
655 2005
656 2880
657 1729
658 2264
659 2587
660 2096
661 2711
662 2086
663 1485
664 640
665 2797
666 1560
667 2279
668 2819
669 1740
670 2998
671 196
672 688
673 1699
674 1119
675 701
676 2176
677 168
678 1062
679 952
680 2444
681 2443
682 2795
683 2675
684 390
685 461
686 2988
687 856
688 1779
689 770
690 1561
691 347
692 336
693 494
694 532
695 2259
696 1118
697 599
698 1659
699 1066
700 2154
701 1402
702 2768
703 282
704 2952
705 1953
706 1744
707 2487
708 2532
709 1883
710 1487
711 1148
712 623
713 2626
714 503
715 1958
716 1311
717 1718
718 919
719 2374
720 1008
721 25
722 636
723 1262
724 531
725 345
726 1503
727 1352
728 1531
729 622
730 1804
731 13
732 284
733 2828
734 264
735 2411
736 976
737 518
738 1400
739 2895
740 2245
741 121
742 656
743 445
744 83
745 2828
746 2656
747 954
748 1906
749 2249
750 2721
751 233
752 1916
753 1714
754 56
755 2303
756 2359
757 2282
758 2790
759 196
760 53
761 2319
762 2874
763 959
764 1501
765 277
766 1665
767 1341
768 2256
769 1331
770 1274
771 515
772 1118
773 2997
774 281
775 53
776 920
777 1369
778 1146
779 1004
780 886
781 2795
782 1398
783 2916
784 1501
785 1867
786 343
787 1663
788 219
789 2516
790 2511
791 1484
792 948
793 240
794 1058
795 1453
796 339
797 45
798 2906
799 1620
800 541
801 575
802 464
803 1878
804 182
805 1091
806 2773
807 2872
808 137
809 1872
810 2226
811 2361
812 2198
813 2271
814 1002
815 2987
816 2435
817 1586
818 2481
819 603
820 1504
821 2770
822 2346
823 1002
824 2753
825 2246
826 1036
827 2063
828 907
829 1553
830 2668
831 1267
832 1168
833 2188
834 826
835 2046
836 2563
837 2280
838 94
839 173
840 604
841 1434
842 87
843 1139
844 1692
845 2177
846 2647
847 1086
848 289
849 262
850 1957
851 202
852 2530
853 1251
854 2308
855 2680
856 561
857 1973
858 2283
859 1978
860 820
861 232
862 1712
863 2903
864 1773
865 399
866 1955
867 2823
868 2529
869 1396
870 1145
871 1058
872 2470
873 655
874 1950
875 2402
876 1067
877 2593
878 803
879 2738
880 2223
881 1467
882 2094
883 1322
884 1124
885 2289
886 2591
887 1041
888 2801
889 1210
890 1287
891 2211
892 2326
893 642
894 979
895 1011
896 1829
897 1267
898 2159
899 1549
900 2903
901 2981
902 2886
903 1773
904 127
905 1112
906 364
907 671
908 781
909 200
910 2104
911 367
912 560
913 0
914 659
915 2882
916 1690
917 2444
918 597
919 2153
920 168
921 667
922 279
923 2725
924 265
925 1723
926 2469
927 997

