282 15
0 1765
1 2519
2 2876
3 130
4 416
5 2021
6 1600
7 773
8 1728
9 760
10 2894
11 1262
12 876
13 1746
14 2451
15 1981
16 1118
17 2281
18 2626
19 2399
20 2505
21 91
22 2183
23 2089
24 317
25 2070
26 1940
27 1222
28 386
29 315
30 2263
31 883
32 1014
33 1875
34 2133
35 773
36 1988
37 2952
38 291
39 794
40 2643
41 781
42 184
43 2130
44 2408
45 1869
46 29
47 1562
48 6
49 947
50 2307
51 1744
52 2339
53 785
54 103
55 211
56 2583
57 1739
58 2453
59 2448
60 2845
61 2407
62 1098
63 2987
64 2199
65 1082
66 1370
67 548
68 2280
69 2108
70 839
71 2552
72 172
73 312
74 2945
75 451
76 156
77 1217
78 335
79 403
80 2990
81 2415
82 1239
83 1196
84 2867
85 867
86 2088
87 1024
88 1838
89 2799
90 328
91 2640
92 1882
93 1365
94 259
95 811
96 678
97 802
98 583
99 720
100 1652
101 169
102 1202
103 144
104 1933
105 2928
106 311
107 2363
108 1834
109 2210
110 2710
111 1728
112 1230
113 1012
114 2050
115 1047
116 2517
117 2788
118 409
119 1904
120 1860
121 1714
122 496
123 2084
124 1128
125 2726
126 279
127 2334
128 936
129 1311
130 2079
131 2292
132 2461
133 626
134 477
135 759
136 308
137 2375
138 2363
139 1927
140 2062
141 561
142 1039
143 1627
144 247
145 103
146 2911
147 2061
148 863
149 911
150 1979
151 1418
152 2836
153 1426
154 680
155 2998
156 412
157 844
158 672
159 41
160 2072
161 1724
162 534
163 426
164 2034
165 2761
166 1168
167 577
168 64
169 2421
170 2248
171 2278
172 364
173 2000
174 38
175 2572
176 540
177 84
178 1467
179 1733
180 1927
181 109
182 2114
183 895
184 1303
185 1573
186 2688
187 1790
188 2668
189 2431
190 554
191 715
192 2400
193 2997
194 67
195 2319
196 948
197 2025
198 945
199 704
200 1839
201 2181
202 701
203 504
204 1566
205 195
206 213
207 2772
208 1826
209 682
210 2976
211 492
212 1002
213 1800
214 1975
215 782
216 2580
217 698
218 2418
219 2575
220 920
221 2042
222 1482
223 1289
224 1181
225 1448
226 1772
227 487
228 286
229 2833
230 2432
231 1890
232 1603
233 1617
234 1057
235 2319
236 2855
237 1200
238 769
239 719
240 1355
241 64
242 1351
243 277
244 925
245 2669
246 1845
247 2380
248 393
249 2092
250 2419
251 93
252 2627
253 1932
254 1254
255 976
256 1121
257 1471
258 2690
259 1436
260 2657
261 2202
262 364
263 499
264 798
265 883
266 883
267 888
268 1637
269 1617
270 74
271 2093
272 2863
273 2862
274 1413
275 351
276 2131
277 304
278 966
279 1310
280 2697
281 1670

