96 66
0 520
1 1777
2 518
3 1095
4 2927
5 2868
6 1251
7 1136
8 961
9 1826
10 1952
11 423
12 2577
13 59
14 590
15 2449
16 570
17 1914
18 1689
19 1646
20 1921
21 1688
22 1667
23 1904
24 2447
25 2093
26 2393
27 2004
28 869
29 2130
30 2324
31 1776
32 1224
33 1590
34 174
35 2853
36 2539
37 694
38 2328
39 1950
40 2578
41 2831
42 387
43 1861
44 2132
45 948
46 69
47 269
48 298
49 1771
50 355
51 1539
52 1387
53 1845
54 1146
55 2999
56 2059
57 447
58 2376
59 966
60 1015
61 2243
62 1045
63 559
64 2207
65 265
66 1145
67 2282
68 2058
69 1779
70 2112
71 2353
72 640
73 2158
74 186
75 855
76 2739
77 1463
78 2490
79 1847
80 1806
81 88
82 1070
83 1289
84 1298
85 1832
86 475
87 2730
88 576
89 2667
90 1145
91 725
92 1268
93 1848
94 102
95 1858

