968 95
0 1021
1 1776
2 1922
3 1898
4 40
5 2644
6 49
7 797
8 2516
9 1208
10 634
11 504
12 1649
13 1028
14 2722
15 1283
16 1430
17 2415
18 1204
19 1307
20 521
21 1330
22 1586
23 2557
24 2057
25 1729
26 2007
27 1340
28 1470
29 1785
30 738
31 2300
32 1816
33 1094
34 1365
35 808
36 1315
37 1647
38 186
39 144
40 1851
41 946
42 1775
43 1313
44 94
45 544
46 633
47 524
48 559
49 1810
50 147
51 1669
52 380
53 2563
54 1245
55 2582
56 812
57 2959
58 2058
59 355
60 2714
61 508
62 517
63 2745
64 1172
65 943
66 16
67 2615
68 819
69 2504
70 2281
71 2979
72 1149
73 385
74 1273
75 582
76 679
77 324
78 2260
79 777
80 2646
81 2321
82 971
83 566
84 1978
85 2547
86 1609
87 723
88 489
89 609
90 1940
91 1123
92 869
93 1126
94 2920
95 2484
96 1027
97 495
98 468
99 943
100 2516
101 2154
102 2203
103 1492
104 2090
105 2782
106 1400
107 1864
108 2831
109 1031
110 2906
111 1182
112 927
113 2816
114 1025
115 2740
116 2000
117 2297
118 2994
119 167
120 2667
121 1491
122 2574
123 2310
124 2591
125 648
126 256
127 1482
128 713
129 313
130 1675
131 2529
132 368
133 1443
134 2911
135 2551
136 644
137 1274
138 530
139 1239
140 1568
141 2133
142 1539
143 417
144 1095
145 2624
146 2246
147 1023
148 1758
149 1813
150 2380
151 857
152 1770
153 370
154 315
155 1358
156 935
157 192
158 100
159 2602
160 2417
161 2828
162 134
163 2824
164 2087
165 2630
166 248
167 2753
168 2227
169 2757
170 40
171 1122
172 1329
173 536
174 2122
175 964
176 434
177 1802
178 489
179 1784
180 1781
181 48
182 1214
183 1153
184 1785
185 1883
186 2426
187 592
188 1895
189 951
190 2018
191 2044
192 2267
193 7
194 2486
195 2927
196 1394
197 159
198 2907
199 2650
200 1938
201 1375
202 1243
203 2358
204 2656
205 1799
206 484
207 54
208 2826
209 210
210 766
211 1460
212 147
213 85
214 2163
215 1671
216 2115
217 2707
218 286
219 2168
220 2703
221 330
222 1489
223 2255
224 608
225 2262
226 882
227 323
228 2488
229 1481
230 827
231 2773
232 1086
233 2963
234 779
235 2470
236 2384
237 1179
238 2739
239 2023
240 1479
241 1638
242 2000
243 50
244 2875
245 2901
246 698
247 2921
248 1721
249 619
250 1907
251 2344
252 511
253 1496
254 198
255 2196
256 2824
257 2248
258 1341
259 2185
260 1251
261 894
262 160
263 2131
264 718
265 1846
266 1617
267 2168
268 941
269 580
270 8
271 671
272 1101
273 447
274 1017
275 1508
276 2617
277 2252
278 2216
279 2194
280 2083
281 1073
282 2094
283 1479
284 2245
285 2246
286 933
287 2987
288 1118
289 147
290 1166
291 1319
292 1965
293 222
294 949
295 55
296 350
297 190
298 2158
299 989
300 1197
301 709
302 2963
303 466
304 669
305 2984
306 593
307 780
308 419
309 1632
310 232
311 1614
312 2831
313 2766
314 143
315 1987
316 1821
317 806
318 1210
319 2079
320 132
321 1482
322 869
323 1572
324 197
325 22
326 1465
327 444
328 1541
329 2710
330 1205
331 85
332 2088
333 130
334 1935
335 2125
336 2498
337 1494
338 814
339 2044
340 1622
341 2430
342 342
343 738
344 1842
345 19
346 2456
347 2838
348 1172
349 2867
350 503
351 613
352 161
353 7
354 2215
355 606
356 2611
357 1410
358 99
359 2567
360 612
361 2497
362 2793
363 2566
364 825
365 586
366 1680
367 812
368 26
369 1674
370 2459
371 1934
372 1696
373 1639
374 1900
375 1837
376 2542
377 2940
378 1505
379 1177
380 648
381 687
382 1403
383 2088
384 285
385 372
386 2295
387 27
388 2845
389 1638
390 1789
391 2158
392 1073
393 2730
394 1234
395 855
396 2873
397 116
398 2853
399 975
400 407
401 1741
402 2964
403 2044
404 602
405 1625
406 1566
407 1532
408 507
409 1574
410 264
411 2473
412 1854
413 1161
414 2169
415 1929
416 453
417 136
418 2813
419 2137
420 928
421 516
422 1437
423 2577
424 1070
425 2980
426 306
427 282
428 2462
429 2263
430 1446
431 2031
432 2932
433 361
434 2517
435 33
436 1429
437 1312
438 314
439 2751
440 1198
441 1294
442 1662
443 759
444 1
445 2045
446 1664
447 1909
448 2010
449 2219
450 2770
451 1658
452 510
453 2663
454 401
455 1831
456 1134
457 1707
458 2710
459 258
460 1710
461 1282
462 1811
463 918
464 413
465 863
466 1022
467 2267
468 1998
469 164
470 113
471 1404
472 1452
473 1838
474 2089
475 437
476 861
477 1745
478 2611
479 2329
480 1248
481 2927
482 1405
483 2455
484 956
485 1344
486 188
487 2985
488 1469
489 1064
490 1333
491 2231
492 219
493 2276
494 1869
495 2333
496 1470
497 1023
498 979
499 11
500 2124
501 912
502 2956
503 2107
504 560
505 2963
506 973
507 922
508 1688
509 1367
510 1159
511 1894
512 1247
513 584
514 1296
515 1878
516 441
517 546
518 2220
519 355
520 2229
521 2988
522 1456
523 224
524 2857
525 2786
526 81
527 1948
528 1434
529 2637
530 137
531 923
532 2567
533 1941
534 792
535 1045
536 1730
537 344
538 566
539 1214
540 169
541 1971
542 2808
543 2821
544 237
545 1212
546 2615
547 172
548 441
549 1645
550 1082
551 2370
552 701
553 276
554 1698
555 2949
556 1601
557 946
558 1550
559 634
560 1165
561 815
562 933
563 2254
564 2271
565 1573
566 465
567 2182
568 2605
569 23
570 2068
571 943
572 937
573 1608
574 435
575 2421
576 1992
577 351
578 1066
579 530
580 2384
581 2001
582 408
583 211
584 14
585 465
586 1318
587 372
588 806
589 1394
590 706
591 1894
592 44
593 1865
594 2042
595 2452
596 14
597 883
598 524
599 684
600 2614
601 2006
602 2530
603 2008
604 961
605 1191
606 1477
607 322
608 1897
609 2751
610 2736
611 2008
612 2742
613 1076
614 988
615 2040
616 737
617 1705
618 2185
619 567
620 436
621 168
622 1789
623 2437
624 1569
625 1138
626 1040
627 998
628 1986
629 1932
630 1528
631 2850
632 1395
633 1065
634 1429
635 732
636 1573
637 1002
638 2347
639 1478
640 1325
641 2047
642 2282
643 22
644 2666
645 91
646 1729
647 1677
648 2020
649 1645
650 2071
651 2900
652 157
653 1533
654 430
655 125
656 2964
657 673
658 1819
659 1625
660 1902
661 2886
662 1144
663 769
664 384
665 844
666 2982
667 354
668 2333
669 2123
670 2751
671 1972
672 1937
673 638
674 2904
675 2502
676 378
677 264
678 2556
679 1258
680 1302
681 2970
682 2264
683 898
684 1856
685 2405
686 309
687 2521
688 2611
689 1343
690 1828
691 1344
692 74
693 1607
694 947
695 886
696 1833
697 2699
698 807
699 2471
700 922
701 2790
702 2858
703 2547
704 2311
705 2395
706 2794
707 1703
708 1893
709 885
710 766
711 449
712 1292
713 2122
714 284
715 1183
716 2973
717 2716
718 2053
719 663
720 302
721 1909
722 2557
723 2270
724 2968
725 2845
726 270
727 721
728 1803
729 1650
730 1086
731 2366
732 2069
733 880
734 1095
735 1923
736 2684
737 1641
738 2430
739 777
740 159
741 776
742 698
743 232
744 149
745 800
746 720
747 2015
748 1994
749 274
750 1627
751 2291
752 265
753 307
754 2246
755 2079
756 2429
757 2134
758 1885
759 2540
760 1312
761 851
762 1380
763 1747
764 1583
765 2424
766 1818
767 1422
768 1263
769 2301
770 2340
771 891
772 683
773 2364
774 985
775 129
776 1883
777 456
778 1526
779 2142
780 496
781 341
782 2735
783 1338
784 675
785 1541
786 2738
787 1975
788 2598
789 2007
790 645
791 1610
792 1669
793 2270
794 2284
795 1592
796 1910
797 491
798 774
799 2144
800 1978
801 1812
802 1496
803 2288
804 1824
805 1222
806 1284
807 1860
808 1200
809 1251
810 1551
811 1165
812 225
813 1794
814 2739
815 1362
816 1216
817 364
818 1728
819 797
820 126
821 2335
822 2656
823 2172
824 1446
825 2458
826 2877
827 1765
828 985
829 2025
830 622
831 1736
832 2855
833 872
834 261
835 748
836 1875
837 2747
838 455
839 1915
840 1778
841 1518
842 2598
843 601
844 1424
845 979
846 1549
847 1355
848 965
849 2293
850 2583
851 298
852 1405
853 2771
854 1777
855 758
856 2261
857 1043
858 1020
859 1019
860 464
861 1693
862 2770
863 1242
864 910
865 4
866 1868
867 2083
868 210
869 558
870 1604
871 153
872 2150
873 855
874 138
875 1570
876 1534
877 734
878 1260
879 1457
880 1665
881 776
882 2137
883 854
884 1558
885 2690
886 1024
887 2201
888 2817
889 2590
890 256
891 2756
892 2484
893 2161
894 1027
895 924
896 1897
897 2042
898 1807
899 2485
900 813
901 986
902 1951
903 1685
904 351
905 1969
906 2440
907 869
908 2661
909 498
910 2956
911 2322
912 1682
913 689
914 983
915 981
916 2926
917 1823
918 245
919 2197
920 2468
921 45
922 597
923 2966
924 1174
925 631
926 930
927 1168
928 848
929 2084
930 1679
931 2517
932 961
933 497
934 380
935 1869
936 592
937 2550
938 1953
939 516
940 2905
941 2952
942 827
943 2019
944 36
945 2263
946 2614
947 864
948 1867
949 1230
950 2006
951 878
952 185
953 1884
954 2461
955 1302
956 2605
957 901
958 1742
959 974
960 2748
961 890
962 2687
963 1252
964 419
965 1861
966 1484
967 2630

