486 49
0 679
1 1348
2 2635
3 1590
4 586
5 1760
6 1509
7 2072
8 2270
9 1755
10 2574
11 2272
12 1322
13 966
14 2818
15 2607
16 1897
17 87
18 1209
19 1201
20 2935
21 2100
22 2740
23 2247
24 1236
25 1038
26 2312
27 2234
28 40
29 225
30 742
31 1555
32 2894
33 2455
34 852
35 1215
36 1211
37 960
38 232
39 847
40 268
41 647
42 862
43 2447
44 1356
45 126
46 201
47 2764
48 2783
49 2266
50 2283
51 2232
52 1846
53 2075
54 2919
55 2482
56 455
57 2133
58 1641
59 1725
60 733
61 2521
62 1446
63 2864
64 550
65 2803
66 1310
67 2832
68 138
69 437
70 90
71 1940
72 19
73 272
74 1502
75 386
76 1816
77 1522
78 1124
79 1365
80 860
81 2680
82 1521
83 795
84 780
85 1768
86 997
87 2557
88 2873
89 1098
90 524
91 180
92 2397
93 2510
94 1803
95 1047
96 1696
97 2939
98 2344
99 2736
100 1534
101 1567
102 2403
103 2987
104 707
105 77
106 1116
107 2334
108 2827
109 675
110 1235
111 1290
112 1980
113 2382
114 397
115 1070
116 983
117 791
118 2814
119 2225
120 417
121 2530
122 327
123 554
124 1798
125 2639
126 1711
127 591
128 625
129 2277
130 2037
131 1007
132 1410
133 1543
134 2151
135 2507
136 162
137 2258
138 2866
139 807
140 299
141 2966
142 340
143 2347
144 870
145 2930
146 508
147 2723
148 2398
149 1265
150 556
151 150
152 2455
153 753
154 1773
155 1932
156 2474
157 2268
158 2111
159 2441
160 2297
161 1126
162 132
163 2167
164 2713
165 1938
166 568
167 2392
168 670
169 1126
170 1237
171 1006
172 215
173 350
174 1954
175 1307
176 276
177 796
178 6
179 2344
180 2170
181 1735
182 1549
183 145
184 1689
185 1518
186 1907
187 657
188 1305
189 943
190 1952
191 1155
192 2509
193 155
194 915
195 1857
196 1490
197 2386
198 1813
199 2557
200 2534
201 2527
202 1534
203 2308
204 2936
205 2519
206 1599
207 2560
208 817
209 1633
210 2648
211 1672
212 2741
213 1372
214 2357
215 513
216 2359
217 2417
218 2450
219 1745
220 2359
221 1228
222 916
223 1629
224 1571
225 1593
226 2845
227 2460
228 2908
229 1222
230 2795
231 2798
232 2987
233 2331
234 1868
235 1423
236 835
237 1158
238 2893
239 2686
240 1922
241 2731
242 1498
243 1858
244 2906
245 1792
246 1950
247 188
248 1458
249 1100
250 1604
251 2550
252 1556
253 2980
254 1366
255 401
256 148
257 469
258 2949
259 489
260 1795
261 820
262 2065
263 331
264 1446
265 2335
266 20
267 1575
268 1698
269 2593
270 446
271 2223
272 1020
273 1994
274 1396
275 1228
276 378
277 2606
278 2753
279 2388
280 2717
281 1927
282 1919
283 1944
284 2907
285 2100
286 1222
287 1204
288 657
289 2678
290 914
291 2424
292 1556
293 377
294 1185
295 931
296 2198
297 70
298 536
299 2502
300 1844
301 64
302 2126
303 527
304 2793
305 1164
306 2660
307 452
308 12
309 1309
310 1589
311 978
312 461
313 1492
314 2309
315 1901
316 937
317 1650
318 299
319 169
320 674
321 1384
322 686
323 2426
324 1284
325 66
326 884
327 2003
328 277
329 2319
330 106
331 1108
332 699
333 1567
334 975
335 1717
336 90
337 1838
338 1327
339 2801
340 1286
341 2097
342 228
343 1247
344 2681
345 1962
346 1759
347 2915
348 2960
349 2025
350 916
351 671
352 2472
353 2627
354 948
355 1910
356 1444
357 1223
358 2874
359 1330
360 2152
361 2691
362 929
363 510
364 709
365 2023
366 1457
367 352
368 2172
369 2601
370 173
371 2611
372 38
373 1662
374 730
375 2303
376 2214
377 1850
378 2733
379 1218
380 2256
381 2337
382 1315
383 2309
384 2206
385 1482
386 544
387 2730
388 476
389 1459
390 1752
391 1872
392 2079
393 374
394 2078
395 753
396 2893
397 72
398 393
399 12
400 2301
401 2391
402 2962
403 2986
404 720
405 2159
406 142
407 2046
408 216
409 1117
410 2146
411 477
412 2182
413 652
414 2048
415 2267
416 2165
417 538
418 2997
419 1767
420 500
421 103
422 2108
423 105
424 1872
425 1923
426 1553
427 1609
428 141
429 1747
430 2394
431 1146
432 1145
433 1470
434 2865
435 2696
436 574
437 1296
438 948
439 2221
440 804
441 2976
442 1446
443 1964
444 2683
445 1927
446 1958
447 2174
448 2874
449 2729
450 2649
451 861
452 929
453 35
454 2742
455 2378
456 785
457 140
458 2736
459 2732
460 1379
461 1975
462 1752
463 828
464 126
465 1591
466 1538
467 417
468 2255
469 2840
470 1767
471 1273
472 1303
473 2569
474 2252
475 871
476 1000
477 752
478 1943
479 2283
480 2660
481 1302
482 2998
483 2706
484 1067
485 1083

