852 88
0 1800
1 1731
2 2917
3 1259
4 2853
5 2689
6 319
7 2601
8 1328
9 897
10 242
11 961
12 2103
13 297
14 964
15 1464
16 2782
17 1491
18 2257
19 280
20 2287
21 162
22 2808
23 2109
24 1179
25 2206
26 1623
27 1717
28 2600
29 35
30 1536
31 2625
32 1605
33 2197
34 1186
35 271
36 829
37 521
38 2232
39 300
40 2493
41 1083
42 1101
43 1474
44 493
45 1527
46 2294
47 144
48 357
49 1492
50 322
51 1735
52 2720
53 2488
54 1738
55 851
56 1445
57 1185
58 2228
59 501
60 2207
61 1809
62 1928
63 785
64 480
65 1430
66 1729
67 1628
68 1374
69 291
70 253
71 672
72 1354
73 850
74 2152
75 1536
76 1000
77 2823
78 2295
79 1239
80 1702
81 2163
82 868
83 2298
84 403
85 134
86 1329
87 338
88 354
89 2165
90 1232
91 1740
92 24
93 526
94 2388
95 274
96 429
97 1010
98 1099
99 589
100 1782
101 2235
102 624
103 2654
104 1151
105 1049
106 679
107 1939
108 956
109 1430
110 168
111 1116
112 2457
113 1800
114 1602
115 951
116 14
117 1748
118 709
119 1293
120 1325
121 591
122 2804
123 1082
124 2235
125 853
126 1512
127 528
128 2006
129 840
130 1553
131 1359
132 2599
133 1669
134 714
135 690
136 1293
137 2093
138 2956
139 2676
140 836
141 267
142 920
143 2582
144 2220
145 738
146 1311
147 2260
148 2223
149 2523
150 2741
151 127
152 2962
153 2658
154 28
155 975
156 851
157 281
158 2841
159 1828
160 1719
161 1672
162 1211
163 1915
164 2430
165 655
166 2690
167 954
168 336
169 1168
170 137
171 599
172 1846
173 2373
174 2235
175 1837
176 386
177 1727
178 1501
179 1820
180 930
181 1426
182 1154
183 1682
184 1970
185 2931
186 2342
187 1664
188 803
189 194
190 2673
191 480
192 1146
193 2622
194 1719
195 2563
196 2422
197 2188
198 404
199 595
200 2924
201 1768
202 680
203 1033
204 215
205 613
206 1729
207 1450
208 2427
209 2290
210 1507
211 2851
212 460
213 896
214 232
215 1293
216 518
217 2973
218 2930
219 1913
220 2100
221 2838
222 2993
223 2219
224 1859
225 1288
226 199
227 101
228 2659
229 2008
230 526
231 1041
232 2650
233 2251
234 73
235 2251
236 1630
237 81
238 2820
239 620
240 2123
241 1238
242 285
243 2524
244 2774
245 581
246 1110
247 1978
248 1140
249 1647
250 1184
251 1407
252 790
253 1857
254 164
255 823
256 493
257 1271
258 1868
259 2595
260 1286
261 2933
262 1297
263 1297
264 1904
265 477
266 2910
267 2052
268 562
269 908
270 2145
271 455
272 1527
273 315
274 1089
275 2137
276 1449
277 2247
278 1167
279 964
280 1746
281 2461
282 2236
283 2438
284 1431
285 2472
286 2414
287 2613
288 929
289 1434
290 2149
291 1201
292 2830
293 1259
294 2718
295 253
296 802
297 2785
298 1616
299 828
300 22
301 1999
302 1673
303 2413
304 488
305 452
306 1892
307 1328
308 1834
309 662
310 1241
311 1627
312 1463
313 2556
314 483
315 760
316 2556
317 2295
318 2461
319 2588
320 400
321 38
322 990
323 342
324 748
325 899
326 635
327 2971
328 1036
329 1553
330 915
331 356
332 1126
333 1259
334 2157
335 2125
336 1740
337 1722
338 1509
339 871
340 1614
341 2600
342 181
343 2170
344 1120
345 1496
346 1793
347 2443
348 2179
349 1501
350 124
351 2783
352 1492
353 1500
354 175
355 448
356 2188
357 725
358 240
359 1786
360 1713
361 1313
362 615
363 1148
364 1245
365 606
366 176
367 1731
368 2318
369 567
370 1194
371 365
372 2070
373 2538
374 248
375 2999
376 2249
377 274
378 51
379 1661
380 2575
381 1073
382 2433
383 477
384 696
385 2756
386 1325
387 625
388 1448
389 1764
390 1660
391 2893
392 2225
393 1999
394 815
395 1292
396 2395
397 1812
398 1065
399 2001
400 8
401 851
402 2838
403 917
404 389
405 495
406 2760
407 690
408 1266
409 1865
410 723
411 2540
412 1969
413 285
414 2400
415 131
416 1352
417 693
418 2050
419 2716
420 2100
421 7
422 275
423 456
424 2144
425 1101
426 1301
427 1544
428 590
429 2673
430 125
431 671
432 2150
433 433
434 596
435 2751
436 1327
437 2954
438 1049
439 349
440 1624
441 1610
442 2171
443 1861
444 363
445 1642
446 2186
447 1157
448 2934
449 31
450 1721
451 1992
452 2009
453 1685
454 1619
455 598
456 289
457 623
458 2610
459 917
460 2129
461 398
462 564
463 17
464 620
465 1243
466 693
467 1088
468 943
469 1499
470 2494
471 2460
472 281
473 2359
474 1631
475 1297
476 1644
477 50
478 2715
479 1071
480 2514
481 1848
482 1994
483 695
484 2336
485 399
486 1657
487 2052
488 2185
489 1820
490 1519
491 1148
492 907
493 1781
494 329
495 2085
496 574
497 319
498 1346
499 1965
500 1900
501 1850
502 1184
503 1474
504 1789
505 247
506 1396
507 2341
508 1100
509 1219
510 1658
511 1333
512 427
513 685
514 223
515 485
516 2443
517 1055
518 2935
519 2511
520 2041
521 1015
522 2143
523 2553
524 518
525 2309
526 1676
527 335
528 2583
529 1019
530 1069
531 441
532 1025
533 2648
534 1626
535 867
536 919
537 1802
538 1201
539 163
540 159
541 1180
542 736
543 903
544 1245
545 875
546 562
547 449
548 1557
549 912
550 276
551 800
552 1819
553 388
554 1192
555 1887
556 517
557 35
558 721
559 770
560 2385
561 1366
562 1744
563 1463
564 796
565 894
566 837
567 95
568 1322
569 125
570 173
571 2426
572 2648
573 1459
574 132
575 1369
576 2243
577 2903
578 1411
579 727
580 50
581 497
582 349
583 919
584 1018
585 217
586 1508
587 437
588 1805
589 1760
590 1310
591 196
592 2831
593 488
594 1988
595 1721
596 1032
597 606
598 2906
599 308
600 776
601 629
602 210
603 2402
604 1435
605 1797
606 119
607 636
608 462
609 1682
610 122
611 559
612 760
613 158
614 1024
615 1613
616 2290
617 323
618 888
619 2264
620 1640
621 95
622 1312
623 2581
624 2357
625 324
626 1831
627 980
628 1538
629 2824
630 287
631 2234
632 937
633 2479
634 1177
635 2775
636 733
637 2132
638 2789
639 2623
640 480
641 2568
642 489
643 2020
644 2181
645 1681
646 2015
647 595
648 364
649 2744
650 795
651 2230
652 589
653 1165
654 1258
655 1163
656 373
657 1745
658 1742
659 1908
660 571
661 1232
662 1052
663 117
664 2870
665 1098
666 2112
667 1987
668 253
669 371
670 764
671 2119
672 320
673 967
674 1812
675 2046
676 1267
677 801
678 2108
679 1375
680 2712
681 2438
682 2693
683 614
684 2203
685 2645
686 1792
687 1974
688 2662
689 2663
690 226
691 1437
692 1411
693 753
694 1102
695 739
696 659
697 1299
698 1404
699 149
700 2025
701 1196
702 837
703 1965
704 854
705 2675
706 59
707 756
708 1525
709 1739
710 1884
711 1540
712 2152
713 1256
714 2992
715 707
716 203
717 2213
718 2139
719 639
720 109
721 1999
722 1639
723 97
724 2689
725 1876
726 1183
727 2999
728 1332
729 624
730 2011
731 1081
732 312
733 1516
734 2490
735 2836
736 1155
737 582
738 627
739 2161
740 296
741 2289
742 1791
743 915
744 139
745 1750
746 2154
747 1761
748 2031
749 1505
750 764
751 2747
752 2377
753 2085
754 1333
755 2646
756 929
757 2380
758 666
759 940
760 1674
761 878
762 2850
763 2351
764 547
765 2730
766 430
767 2285
768 936
769 1972
770 2761
771 1742
772 2368
773 693
774 1351
775 1176
776 2912
777 1699
778 274
779 1556
780 2896
781 2901
782 1834
783 845
784 1155
785 190
786 2255
787 2954
788 597
789 969
790 494
791 856
792 1095
793 1767
794 2745
795 2245
796 746
797 2147
798 2525
799 180
800 2163
801 2425
802 2410
803 856
804 361
805 2501
806 236
807 430
808 1550
809 2357
810 2784
811 1199
812 809
813 2697
814 1411
815 1065
816 140
817 1032
818 413
819 1680
820 294
821 842
822 748
823 2641
824 331
825 1956
826 1509
827 112
828 2576
829 526
830 1636
831 2268
832 1734
833 2113
834 2184
835 2838
836 929
837 2508
838 2945
839 433
840 2443
841 1057
842 2444
843 2072
844 196
845 907
846 2127
847 1255
848 2895
849 380
850 2504
851 2792

