799 74
0 154
1 506
2 2048
3 2827
4 1711
5 2538
6 7
7 410
8 1698
9 858
10 2337
11 781
12 1570
13 1818
14 2175
15 2448
16 446
17 1754
18 2823
19 902
20 2066
21 1643
22 1063
23 954
24 2583
25 2374
26 1434
27 2533
28 2303
29 1740
30 2177
31 616
32 1232
33 2120
34 2331
35 2801
36 2826
37 1681
38 1403
39 2059
40 2592
41 1015
42 2372
43 2196
44 2865
45 644
46 683
47 1588
48 2981
49 869
50 2489
51 2319
52 1342
53 2763
54 908
55 2059
56 531
57 536
58 1426
59 2719
60 1302
61 1182
62 1364
63 1055
64 524
65 212
66 1553
67 575
68 1695
69 606
70 1962
71 226
72 221
73 2471
74 2643
75 2768
76 283
77 727
78 41
79 2355
80 1530
81 2108
82 586
83 2216
84 452
85 2032
86 905
87 2818
88 1015
89 56
90 170
91 2760
92 1584
93 2333
94 1087
95 1116
96 1025
97 2068
98 1882
99 2571
100 1802
101 1010
102 2978
103 2283
104 2108
105 228
106 2185
107 91
108 1696
109 1279
110 1779
111 43
112 1080
113 1313
114 387
115 145
116 1405
117 34
118 1004
119 1195
120 1321
121 81
122 2336
123 740
124 1644
125 2603
126 290
127 411
128 755
129 1701
130 634
131 149
132 192
133 110
134 181
135 80
136 2971
137 1161
138 1809
139 2922
140 1007
141 1866
142 2875
143 2683
144 2163
145 2709
146 1980
147 1973
148 947
149 2481
150 2323
151 2379
152 735
153 1379
154 609
155 2371
156 2516
157 721
158 1086
159 1808
160 2357
161 1854
162 795
163 1117
164 2149
165 2438
166 1104
167 1178
168 918
169 1974
170 1977
171 1413
172 2266
173 1287
174 1202
175 2647
176 864
177 2379
178 2717
179 1095
180 1944
181 2333
182 1302
183 1622
184 2555
185 2606
186 428
187 100
188 2906
189 1188
190 946
191 1921
192 2369
193 2634
194 369
195 2304
196 2278
197 450
198 2949
199 1272
200 617
201 709
202 215
203 787
204 522
205 678
206 1486
207 106
208 1192
209 755
210 544
211 1689
212 829
213 681
214 1047
215 1290
216 396
217 2321
218 2495
219 600
220 2078
221 1501
222 1279
223 1850
224 1345
225 2879
226 810
227 2366
228 1118
229 1022
230 2277
231 925
232 2524
233 691
234 923
235 1431
236 36
237 2157
238 406
239 117
240 1013
241 646
242 2391
243 508
244 1980
245 1667
246 2964
247 1113
248 334
249 1912
250 2034
251 2812
252 729
253 1563
254 420
255 2963
256 825
257 2401
258 2115
259 261
260 18
261 1160
262 2533
263 2957
264 1577
265 2081
266 769
267 1739
268 2479
269 2105
270 181
271 1326
272 1564
273 2014
274 386
275 218
276 1891
277 1934
278 1808
279 2908
280 1749
281 1620
282 2233
283 1456
284 1236
285 1169
286 2628
287 2756
288 424
289 273
290 1878
291 1370
292 2263
293 56
294 83
295 622
296 1661
297 2646
298 318
299 2304
300 2554
301 1942
302 1400
303 1635
304 2995
305 1249
306 495
307 1781
308 2004
309 587
310 1972
311 1825
312 2133
313 590
314 2962
315 2206
316 11
317 724
318 2649
319 374
320 612
321 2824
322 979
323 718
324 2402
325 473
326 166
327 1681
328 2513
329 1084
330 372
331 2020
332 487
333 2519
334 2811
335 1517
336 2648
337 1575
338 680
339 1277
340 2012
341 2250
342 162
343 1483
344 1503
345 566
346 438
347 2079
348 1157
349 245
350 1960
351 2380
352 2374
353 1654
354 695
355 2395
356 87
357 256
358 1723
359 2125
360 2215
361 2989
362 160
363 2704
364 2651
365 694
366 143
367 880
368 861
369 1735
370 1789
371 2527
372 2409
373 2930
374 1324
375 615
376 1115
377 2304
378 136
379 248
380 2737
381 2502
382 850
383 692
384 2785
385 1130
386 859
387 2468
388 2464
389 2289
390 1897
391 1312
392 1308
393 1428
394 1586
395 2134
396 910
397 40
398 1470
399 2823
400 1194
401 1660
402 2918
403 24
404 2340
405 1358
406 1355
407 668
408 636
409 794
410 457
411 179
412 2865
413 1698
414 394
415 559
416 1228
417 660
418 674
419 64
420 1044
421 2063
422 1402
423 2443
424 1243
425 767
426 813
427 2715
428 2667
429 2682
430 2266
431 316
432 60
433 2710
434 1365
435 2433
436 176
437 1717
438 1729
439 858
440 1871
441 202
442 2307
443 2333
444 780
445 1413
446 1838
447 1626
448 732
449 2531
450 787
451 589
452 1127
453 2192
454 1042
455 1555
456 886
457 762
458 434
459 2123
460 1060
461 581
462 867
463 1084
464 1903
465 1731
466 2740
467 721
468 2619
469 1523
470 2282
471 2135
472 594
473 2493
474 451
475 2446
476 2203
477 2914
478 872
479 1064
480 1578
481 335
482 1222
483 429
484 1537
485 1946
486 1242
487 373
488 2666
489 2209
490 1783
491 2264
492 2541
493 607
494 1760
495 2818
496 1815
497 922
498 2448
499 1249
500 1706
501 932
502 2876
503 2619
504 1537
505 2297
506 2992
507 413
508 2315
509 1976
510 2173
511 2303
512 2632
513 751
514 1931
515 1681
516 1778
517 2935
518 1416
519 2332
520 2170
521 212
522 1713
523 388
524 1418
525 2762
526 1751
527 862
528 1462
529 2224
530 54
531 2581
532 1329
533 1672
534 1095
535 855
536 751
537 1679
538 1914
539 2160
540 794
541 2078
542 983
543 1397
544 1220
545 1279
546 189
547 2988
548 2541
549 1535
550 85
551 2246
552 1167
553 1176
554 1067
555 497
556 2587
557 789
558 2462
559 1994
560 577
561 395
562 1448
563 2782
564 982
565 2101
566 1899
567 2524
568 2057
569 1003
570 24
571 125
572 1320
573 2580
574 486
575 2360
576 1540
577 1667
578 225
579 2981
580 311
581 2619
582 1908
583 1690
584 2248
585 1480
586 562
587 313
588 2677
589 1849
590 2641
591 146
592 512
593 1521
594 2106
595 236
596 551
597 554
598 1169
599 1267
600 2730
601 2130
602 1560
603 1609
604 1849
605 1543
606 95
607 225
608 479
609 1182
610 1057
611 2467
612 2213
613 404
614 332
615 2935
616 2929
617 2248
618 1319
619 2750
620 2832
621 683
622 1077
623 2032
624 1050
625 520
626 2377
627 2475
628 1030
629 2519
630 2369
631 71
632 423
633 2942
634 2752
635 2046
636 269
637 411
638 1137
639 253
640 200
641 1302
642 2814
643 2929
644 1886
645 1499
646 702
647 100
648 263
649 678
650 2874
651 203
652 2353
653 396
654 548
655 948
656 1321
657 1390
658 2763
659 737
660 49
661 2800
662 1921
663 61
664 2384
665 1904
666 1193
667 2931
668 513
669 1485
670 249
671 29
672 1073
673 2922
674 1738
675 1463
676 2715
677 1892
678 1356
679 2874
680 1396
681 2395
682 1967
683 937
684 1045
685 529
686 1577
687 1664
688 2665
689 2844
690 369
691 2882
692 441
693 1026
694 2641
695 588
696 642
697 2821
698 1748
699 2030
700 2891
701 2070
702 1479
703 1574
704 1877
705 2190
706 347
707 2086
708 1495
709 690
710 2791
711 791
712 1746
713 2084
714 1324
715 2403
716 2
717 1133
718 1857
719 2631
720 470
721 1114
722 1837
723 948
724 458
725 241
726 1871
727 2930
728 2866
729 2891
730 234
731 50
732 1719
733 2812
734 312
735 483
736 2840
737 308
738 2556
739 1756
740 1765
741 716
742 1294
743 2144
744 2794
745 274
746 793
747 168
748 2886
749 2377
750 869
751 934
752 1112
753 847
754 2334
755 1040
756 49
757 2529
758 814
759 45
760 1204
761 696
762 1797
763 900
764 1600
765 2776
766 1383
767 1920
768 590
769 2151
770 2401
771 1962
772 832
773 2622
774 1080
775 1238
776 1065
777 249
778 622
779 2610
780 1110
781 2774
782 355
783 2788
784 1988
785 1548
786 560
787 872
788 2134
789 1628
790 564
791 1617
792 1715
793 1284
794 1564
795 1221
796 1700
797 2410
798 718

