629 56
0 1642
1 2631
2 949
3 2746
4 280
5 1810
6 2804
7 2814
8 2768
9 2151
10 181
11 2736
12 731
13 2799
14 2031
15 220
16 789
17 1016
18 2791
19 22
20 2596
21 18
22 801
23 2500
24 2987
25 2729
26 1797
27 1379
28 2924
29 688
30 1570
31 1354
32 1930
33 778
34 2311
35 2661
36 838
37 2041
38 1243
39 633
40 2271
41 605
42 2559
43 1446
44 1824
45 1174
46 277
47 1587
48 2273
49 591
50 978
51 2779
52 1585
53 1156
54 2693
55 577
56 2907
57 86
58 1936
59 1035
60 1101
61 2798
62 1886
63 1830
64 309
65 97
66 2801
67 1701
68 2409
69 1006
70 2980
71 2971
72 840
73 244
74 942
75 1019
76 501
77 228
78 747
79 1954
80 1374
81 960
82 1337
83 2540
84 2340
85 204
86 1048
87 948
88 801
89 160
90 1509
91 2681
92 317
93 2959
94 1092
95 1966
96 1764
97 2539
98 634
99 2485
100 2926
101 424
102 2163
103 2293
104 2776
105 2499
106 2057
107 1718
108 598
109 1746
110 2358
111 97
112 1700
113 2669
114 814
115 1049
116 817
117 2772
118 2013
119 1052
120 2399
121 1493
122 1152
123 2555
124 1917
125 2050
126 141
127 2750
128 1883
129 2551
130 1342
131 1150
132 1779
133 654
134 2575
135 2444
136 2692
137 1885
138 832
139 1193
140 2312
141 232
142 2761
143 1419
144 1900
145 2466
146 2384
147 2787
148 666
149 868
150 396
151 97
152 1284
153 1655
154 1497
155 2961
156 565
157 2130
158 252
159 81
160 975
161 141
162 2616
163 191
164 2804
165 2122
166 2079
167 1559
168 1016
169 2733
170 119
171 2124
172 1529
173 997
174 902
175 2343
176 1303
177 1154
178 1989
179 2686
180 2905
181 1920
182 1088
183 1803
184 1683
185 1427
186 907
187 2499
188 2734
189 1251
190 852
191 675
192 2193
193 1528
194 2768
195 853
196 2992
197 247
198 1360
199 2339
200 1007
201 1659
202 767
203 303
204 1152
205 2014
206 2695
207 2073
208 847
209 1426
210 2385
211 2756
212 1863
213 951
214 140
215 1434
216 2370
217 1445
218 2911
219 1040
220 798
221 238
222 1734
223 1644
224 2310
225 367
226 116
227 2298
228 2102
229 915
230 693
231 1292
232 1280
233 1426
234 2938
235 2860
236 2829
237 2418
238 2429
239 1067
240 1100
241 2560
242 138
243 2794
244 2159
245 1084
246 929
247 2566
248 1771
249 2541
250 558
251 209
252 1657
253 212
254 1809
255 1905
256 197
257 2225
258 1529
259 2417
260 1306
261 1826
262 2586
263 2214
264 1603
265 711
266 2453
267 2679
268 2540
269 717
270 1505
271 562
272 1717
273 197
274 1999
275 2211
276 499
277 2124
278 887
279 109
280 121
281 820
282 2473
283 1902
284 1000
285 111
286 2510
287 1103
288 2460
289 2596
290 381
291 71
292 1110
293 281
294 668
295 1010
296 729
297 2963
298 2087
299 1815
300 1601
301 2951
302 948
303 2571
304 2499
305 1356
306 2050
307 2927
308 1815
309 1185
310 2265
311 2544
312 2719
313 2656
314 685
315 2500
316 1940
317 46
318 791
319 1142
320 1663
321 987
322 165
323 1692
324 2190
325 1659
326 226
327 1969
328 804
329 1345
330 2494
331 1678
332 1645
333 66
334 1432
335 2417
336 2446
337 428
338 19
339 1936
340 1188
341 1313
342 2280
343 2996
344 2282
345 641
346 733
347 2307
348 1327
349 111
350 2461
351 2710
352 1562
353 2809
354 1154
355 2193
356 1311
357 1558
358 2857
359 742
360 61
361 1461
362 1171
363 145
364 840
365 1992
366 1567
367 1847
368 521
369 1780
370 2071
371 1037
372 2059
373 1433
374 1612
375 1735
376 1038
377 1261
378 777
379 1005
380 610
381 2795
382 821
383 1886
384 1353
385 2369
386 1494
387 2160
388 2723
389 310
390 664
391 544
392 2309
393 1586
394 52
395 1876
396 659
397 140
398 692
399 2347
400 2309
401 462
402 267
403 2934
404 2337
405 2044
406 1485
407 2267
408 801
409 1228
410 25
411 910
412 1129
413 42
414 1605
415 1993
416 252
417 1242
418 1832
419 2605
420 1031
421 828
422 1840
423 2141
424 128
425 2268
426 2276
427 1661
428 1916
429 1296
430 1483
431 1832
432 2947
433 1070
434 2827
435 2881
436 2408
437 2806
438 1124
439 849
440 1373
441 2022
442 1752
443 1471
444 1286
445 2994
446 2237
447 794
448 2987
449 2132
450 878
451 1565
452 2803
453 1529
454 2523
455 1234
456 2833
457 2135
458 1029
459 2052
460 2250
461 167
462 528
463 1055
464 1790
465 12
466 1361
467 576
468 309
469 1973
470 264
471 1588
472 3000
473 1699
474 1594
475 2910
476 140
477 361
478 538
479 2697
480 1324
481 187
482 1697
483 1174
484 1391
485 2274
486 1085
487 711
488 1630
489 165
490 1916
491 1030
492 593
493 2131
494 2311
495 441
496 2250
497 2533
498 782
499 2148
500 2203
501 25
502 2046
503 867
504 1150
505 1271
506 2681
507 156
508 2834
509 2290
510 920
511 1385
512 2754
513 2541
514 1550
515 2576
516 188
517 1579
518 2634
519 266
520 2017
521 237
522 1911
523 323
524 2472
525 1141
526 1175
527 1893
528 1455
529 610
530 14
531 2738
532 1549
533 2666
534 1985
535 2928
536 2326
537 575
538 2018
539 1652
540 612
541 2003
542 1668
543 2530
544 87
545 692
546 2796
547 870
548 2116
549 308
550 332
551 1242
552 2103
553 1831
554 239
555 2161
556 2426
557 1933
558 2699
559 139
560 2896
561 2533
562 899
563 581
564 1069
565 724
566 1969
567 2626
568 1158
569 2245
570 443
571 1245
572 2187
573 2507
574 2332
575 1529
576 1293
577 582
578 192
579 391
580 815
581 915
582 1866
583 2354
584 2148
585 690
586 2874
587 1662
588 2596
589 1424
590 1141
591 182
592 553
593 1126
594 1305
595 1341
596 2419
597 771
598 2354
599 486
600 619
601 192
602 2009
603 618
604 517
605 6
606 1799
607 1000
608 2385
609 1022
610 1760
611 715
612 430
613 1711
614 1274
615 1720
616 517
617 2629
618 688
619 60
620 2024
621 2055
622 2846
623 2609
624 1810
625 2378
626 2551
627 1433
628 707

