560 26
0 2598
1 1752
2 2924
3 2477
4 2152
5 70
6 2010
7 2539
8 553
9 2127
10 1493
11 473
12 1647
13 2553
14 854
15 1500
16 307
17 1786
18 2442
19 2680
20 1186
21 2638
22 13
23 80
24 416
25 2430
26 2577
27 886
28 1105
29 2058
30 1245
31 313
32 28
33 2683
34 1710
35 2323
36 1388
37 82
38 2911
39 1789
40 446
41 1042
42 2150
43 436
44 1595
45 476
46 2198
47 2243
48 2599
49 2873
50 2023
51 2032
52 1913
53 1878
54 466
55 170
56 134
57 1918
58 885
59 1500
60 2256
61 575
62 1814
63 1930
64 922
65 867
66 1186
67 931
68 1111
69 1214
70 47
71 911
72 2072
73 2115
74 743
75 2937
76 551
77 1244
78 457
79 1332
80 2389
81 2557
82 2523
83 1485
84 2834
85 2965
86 272
87 680
88 1746
89 2700
90 2061
91 315
92 2139
93 2725
94 2168
95 2511
96 503
97 2884
98 117
99 1705
100 1429
101 2011
102 1123
103 480
104 1564
105 2583
106 1204
107 1396
108 1261
109 1073
110 147
111 1141
112 2232
113 169
114 371
115 396
116 2739
117 62
118 2863
119 1961
120 73
121 2201
122 976
123 1833
124 241
125 151
126 2344
127 2278
128 2293
129 21
130 1540
131 371
132 2970
133 1566
134 43
135 537
136 1609
137 251
138 551
139 64
140 711
141 879
142 1086
143 2317
144 1812
145 2162
146 495
147 2908
148 447
149 2067
150 2420
151 233
152 2649
153 1988
154 1560
155 2507
156 457
157 1505
158 1278
159 1797
160 1905
161 2439
162 478
163 840
164 998
165 2339
166 1382
167 2820
168 1071
169 1961
170 1835
171 1397
172 10
173 382
174 1084
175 2065
176 68
177 2490
178 2458
179 2872
180 2470
181 404
182 790
183 13
184 2650
185 1181
186 2402
187 1724
188 2020
189 643
190 886
191 914
192 126
193 1571
194 1909
195 1656
196 109
197 2772
198 2911
199 2625
200 1869
201 2709
202 2417
203 622
204 954
205 2444
206 567
207 784
208 2064
209 782
210 2221
211 2186
212 2723
213 2645
214 1452
215 2660
216 1033
217 2359
218 2985
219 1330
220 703
221 1642
222 71
223 903
224 64
225 1365
226 70
227 2532
228 2601
229 2142
230 2730
231 839
232 1208
233 1942
234 1905
235 1100
236 2744
237 2648
238 1635
239 2641
240 2348
241 1634
242 2184
243 2465
244 858
245 1777
246 1174
247 1522
248 2590
249 560
250 160
251 2793
252 2772
253 537
254 2364
255 2827
256 2603
257 1232
258 2493
259 144
260 2443
261 1903
262 665
263 30
264 1620
265 978
266 314
267 1973
268 2105
269 2315
270 2489
271 2607
272 1565
273 1342
274 602
275 423
276 1152
277 1359
278 383
279 796
280 2714
281 1839
282 785
283 1481
284 180
285 1828
286 289
287 2301
288 1319
289 376
290 2535
291 1154
292 1699
293 1307
294 1535
295 394
296 923
297 144
298 2507
299 2492
300 1480
301 1375
302 2373
303 1453
304 2210
305 2813
306 2758
307 315
308 97
309 1656
310 2831
311 1823
312 135
313 1364
314 2077
315 2157
316 1154
317 150
318 2566
319 2147
320 297
321 1716
322 2311
323 780
324 724
325 935
326 113
327 2041
328 2471
329 886
330 492
331 2024
332 470
333 2685
334 1268
335 1111
336 695
337 1854
338 2371
339 2279
340 941
341 1724
342 529
343 2870
344 1146
345 2515
346 2996
347 1729
348 2471
349 1364
350 233
351 2606
352 324
353 2370
354 2012
355 1135
356 118
357 700
358 740
359 851
360 2551
361 1285
362 729
363 822
364 2306
365 61
366 12
367 1734
368 2168
369 599
370 760
371 777
372 1895
373 2669
374 17
375 1823
376 2867
377 1166
378 2231
379 234
380 588
381 1940
382 683
383 2424
384 641
385 1056
386 1730
387 1716
388 561
389 408
390 90
391 2707
392 2376
393 2075
394 2826
395 2777
396 2395
397 305
398 2351
399 224
400 1859
401 1895
402 211
403 1541
404 248
405 1495
406 1511
407 2816
408 2840
409 957
410 2516
411 627
412 1216
413 2336
414 296
415 2533
416 2989
417 2029
418 1055
419 2815
420 506
421 1550
422 1235
423 1859
424 556
425 2187
426 701
427 665
428 989
429 2064
430 1026
431 295
432 772
433 1791
434 2393
435 1676
436 775
437 648
438 2039
439 1289
440 700
441 842
442 1872
443 0
444 2807
445 1770
446 1074
447 2718
448 593
449 1989
450 1824
451 568
452 2262
453 2718
454 2328
455 2994
456 2347
457 1980
458 1162
459 2602
460 2806
461 1888
462 1122
463 2979
464 2544
465 1425
466 2087
467 2368
468 715
469 251
470 1197
471 85
472 120
473 60
474 580
475 490
476 2381
477 1970
478 1968
479 374
480 1937
481 1806
482 964
483 1359
484 1819
485 2298
486 2532
487 2571
488 1672
489 2322
490 1153
491 1789
492 384
493 569
494 1
495 675
496 2133
497 798
498 1376
499 895
500 2542
501 2045
502 2799
503 2854
504 2888
505 1950
506 2422
507 1879
508 168
509 297
510 1771
511 791
512 2648
513 1311
514 2446
515 2691
516 1010
517 2598
518 902
519 1384
520 2153
521 1165
522 311
523 1556
524 2532
525 1596
526 2708
527 2828
528 1951
529 1398
530 1862
531 2983
532 1127
533 2083
534 744
535 264
536 945
537 943
538 2321
539 2578
540 357
541 2685
542 683
543 350
544 2210
545 2580
546 1891
547 1193
548 1841
549 880
550 1291
551 592
552 1161
553 2003
554 2393
555 736
556 1341
557 990
558 1514
559 2318

