871 31
0 1086
1 1796
2 1450
3 228
4 1129
5 1624
6 2249
7 1664
8 821
9 2429
10 1319
11 1097
12 73
13 800
14 1413
15 2211
16 478
17 2709
18 783
19 1524
20 1635
21 2771
22 2907
23 2500
24 579
25 1698
26 1555
27 2598
28 91
29 1834
30 1380
31 2713
32 1283
33 1518
34 2839
35 879
36 2196
37 2297
38 2150
39 2214
40 1927
41 781
42 2931
43 1832
44 333
45 1598
46 1127
47 1099
48 79
49 1099
50 1521
51 1203
52 2288
53 2848
54 2346
55 2912
56 6
57 2582
58 959
59 68
60 1361
61 1656
62 786
63 1651
64 1182
65 2985
66 2691
67 2368
68 2379
69 2711
70 1206
71 76
72 924
73 1406
74 2233
75 766
76 882
77 1327
78 1618
79 1025
80 1658
81 1413
82 2651
83 696
84 2126
85 1983
86 419
87 2733
88 650
89 1780
90 2457
91 1358
92 1306
93 2525
94 539
95 1200
96 330
97 2343
98 1072
99 2200
100 1552
101 639
102 1767
103 1256
104 1964
105 1941
106 2850
107 2016
108 2789
109 2303
110 1829
111 1213
112 2665
113 2721
114 1515
115 657
116 104
117 1152
118 2917
119 1790
120 725
121 981
122 1776
123 1489
124 1701
125 1697
126 2983
127 854
128 1259
129 2323
130 2654
131 622
132 1700
133 1514
134 2205
135 2519
136 97
137 384
138 1615
139 1401
140 1548
141 1967
142 1797
143 1258
144 1145
145 920
146 688
147 841
148 1868
149 2934
150 2843
151 763
152 718
153 1360
154 2544
155 2551
156 655
157 613
158 840
159 2311
160 585
161 1918
162 936
163 946
164 2971
165 2066
166 1340
167 2784
168 792
169 2215
170 198
171 2969
172 2380
173 2673
174 2798
175 472
176 809
177 1138
178 1425
179 1707
180 1103
181 2890
182 2285
183 1357
184 2445
185 1578
186 2767
187 678
188 1840
189 1104
190 1700
191 1455
192 996
193 2054
194 1025
195 1846
196 1616
197 403
198 2866
199 2054
200 2828
201 254
202 347
203 529
204 2215
205 2088
206 2505
207 1567
208 2239
209 206
210 1736
211 1615
212 180
213 2046
214 794
215 1615
216 1256
217 40
218 2094
219 377
220 1194
221 2475
222 1993
223 1012
224 2481
225 2834
226 797
227 640
228 2113
229 2571
230 2152
231 1799
232 964
233 1578
234 2891
235 2156
236 178
237 734
238 2265
239 2769
240 528
241 2519
242 1791
243 237
244 2487
245 2231
246 1069
247 2510
248 1691
249 2481
250 1864
251 2735
252 1532
253 2912
254 1937
255 634
256 206
257 414
258 2659
259 123
260 1951
261 712
262 2734
263 1767
264 1968
265 604
266 1686
267 630
268 1755
269 308
270 712
271 717
272 2512
273 1686
274 233
275 2349
276 1368
277 1015
278 2612
279 1106
280 649
281 18
282 2459
283 277
284 2979
285 787
286 885
287 1472
288 1068
289 183
290 1955
291 487
292 1561
293 1777
294 1596
295 1753
296 916
297 793
298 275
299 1652
300 2523
301 1252
302 1384
303 1897
304 222
305 443
306 184
307 814
308 351
309 1208
310 2987
311 2304
312 808
313 2687
314 945
315 368
316 2353
317 1789
318 1579
319 2987
320 2625
321 1710
322 1091
323 1472
324 410
325 1197
326 1079
327 2368
328 1022
329 2171
330 1435
331 950
332 1480
333 546
334 6
335 1996
336 2707
337 1542
338 1035
339 1822
340 1936
341 1119
342 1631
343 172
344 2001
345 2556
346 1859
347 42
348 383
349 2496
350 1715
351 1386
352 1205
353 920
354 859
355 1660
356 2249
357 1710
358 113
359 2800
360 553
361 1073
362 2570
363 2742
364 1674
365 2914
366 2552
367 2607
368 2724
369 1390
370 1265
371 642
372 851
373 2402
374 1720
375 1862
376 1060
377 700
378 2989
379 2148
380 764
381 2190
382 94
383 195
384 263
385 1415
386 871
387 13
388 2010
389 1892
390 2618
391 2548
392 537
393 1162
394 2097
395 889
396 2931
397 2143
398 2620
399 1117
400 58
401 1804
402 1413
403 1320
404 1307
405 221
406 1990
407 1785
408 1001
409 1275
410 423
411 1204
412 2852
413 2875
414 2868
415 2857
416 1094
417 1299
418 517
419 221
420 1704
421 2705
422 134
423 2966
424 1488
425 2233
426 2401
427 596
428 844
429 1238
430 1694
431 1303
432 1553
433 2713
434 1103
435 193
436 1112
437 1346
438 1368
439 1005
440 2535
441 1780
442 2822
443 370
444 873
445 1333
446 1664
447 19
448 896
449 2995
450 717
451 2650
452 839
453 1479
454 1781
455 255
456 2864
457 1213
458 1941
459 1631
460 1235
461 2875
462 1996
463 2201
464 1194
465 482
466 708
467 2722
468 1294
469 1530
470 494
471 368
472 1371
473 1984
474 893
475 1395
476 2785
477 2611
478 1377
479 1513
480 1833
481 2295
482 1071
483 1836
484 1407
485 367
486 960
487 2654
488 2162
489 2687
490 480
491 2187
492 2712
493 865
494 354
495 1289
496 1662
497 1781
498 1711
499 2256
500 1311
501 988
502 2763
503 1797
504 170
505 2134
506 1669
507 1378
508 1355
509 538
510 2588
511 85
512 1886
513 531
514 926
515 1705
516 857
517 1017
518 282
519 613
520 2482
521 996
522 1405
523 2756
524 1051
525 1342
526 2789
527 2274
528 871
529 1844
530 38
531 1990
532 2858
533 1266
534 2500
535 1026
536 2086
537 674
538 526
539 2512
540 1351
541 2762
542 909
543 2085
544 953
545 1267
546 2187
547 504
548 893
549 2754
550 635
551 2778
552 88
553 1403
554 1419
555 1069
556 873
557 2338
558 1162
559 714
560 906
561 1646
562 1612
563 1557
564 1194
565 1552
566 492
567 1334
568 1132
569 1069
570 533
571 2082
572 1787
573 1860
574 65
575 2854
576 2104
577 2606
578 2532
579 1015
580 619
581 2392
582 2389
583 1099
584 718
585 2064
586 274
587 1512
588 1228
589 1129
590 2255
591 169
592 1990
593 584
594 1808
595 667
596 1939
597 1838
598 949
599 231
600 2412
601 2026
602 239
603 2675
604 636
605 656
606 101
607 558
608 2290
609 1784
610 2536
611 1027
612 2190
613 1189
614 1688
615 1261
616 1031
617 1260
618 2333
619 2074
620 2583
621 1588
622 2608
623 2566
624 1550
625 253
626 1505
627 1499
628 1231
629 2871
630 2161
631 1607
632 488
633 2325
634 2585
635 926
636 2379
637 2288
638 1013
639 2705
640 2861
641 379
642 8
643 1279
644 830
645 1633
646 2126
647 2265
648 1277
649 288
650 290
651 1895
652 2513
653 1859
654 877
655 677
656 1154
657 2638
658 78
659 2783
660 2470
661 1437
662 1995
663 1571
664 579
665 614
666 1030
667 1956
668 1469
669 2730
670 991
671 1666
672 1249
673 1014
674 230
675 2554
676 1404
677 401
678 529
679 2050
680 1148
681 123
682 775
683 1352
684 2247
685 2289
686 976
687 2624
688 2893
689 1078
690 1119
691 2647
692 2388
693 688
694 1552
695 2646
696 2231
697 942
698 2234
699 2647
700 738
701 2378
702 1203
703 2939
704 339
705 488
706 165
707 2119
708 2567
709 1747
710 1834
711 1569
712 1884
713 2499
714 2235
715 2623
716 1785
717 1200
718 2218
719 292
720 1215
721 1345
722 2880
723 1351
724 2965
725 2416
726 1941
727 753
728 1776
729 2751
730 803
731 136
732 1993
733 627
734 1746
735 1604
736 1452
737 2925
738 518
739 1763
740 971
741 1181
742 2306
743 2939
744 1854
745 2831
746 2711
747 2073
748 1753
749 1234
750 307
751 1540
752 1220
753 141
754 2769
755 2139
756 660
757 762
758 40
759 919
760 786
761 391
762 1252
763 2911
764 2010
765 442
766 1240
767 2454
768 1395
769 190
770 1402
771 2175
772 2903
773 1957
774 2421
775 1157
776 672
777 924
778 2132
779 2726
780 466
781 1920
782 693
783 2984
784 48
785 681
786 2262
787 116
788 464
789 1342
790 2152
791 2764
792 2993
793 1222
794 2328
795 638
796 119
797 790
798 1173
799 1214
800 2399
801 470
802 1982
803 1931
804 213
805 2959
806 2154
807 539
808 913
809 674
810 1325
811 108
812 2556
813 1216
814 212
815 1599
816 2342
817 737
818 1976
819 1148
820 2633
821 1239
822 1718
823 2116
824 782
825 1438
826 367
827 1825
828 1309
829 1064
830 2137
831 365
832 1135
833 1010
834 2542
835 2754
836 2041
837 519
838 689
839 1209
840 402
841 1753
842 1586
843 1367
844 2300
845 2104
846 591
847 1579
848 1542
849 1829
850 459
851 1350
852 1333
853 1302
854 2064
855 1651
856 942
857 2484
858 278
859 2271
860 151
861 596
862 316
863 1512
864 1081
865 2197
866 1278
867 1844
868 219
869 624
870 130

