233 99
0 1349
1 1865
2 2658
3 2515
4 172
5 407
6 1031
7 1490
8 2299
9 1900
10 663
11 2397
12 1350
13 512
14 1616
15 1656
16 2740
17 468
18 1328
19 2487
20 2675
21 1968
22 2006
23 173
24 773
25 2623
26 139
27 560
28 1906
29 2119
30 385
31 116
32 1269
33 20
34 1475
35 2452
36 1156
37 358
38 1457
39 980
40 514
41 1083
42 1767
43 781
44 1373
45 1778
46 2877
47 2980
48 308
49 787
50 807
51 2975
52 289
53 1418
54 2958
55 689
56 791
57 2307
58 896
59 1417
60 289
61 81
62 2385
63 1976
64 225
65 1602
66 1979
67 938
68 1341
69 2075
70 2107
71 2254
72 1803
73 279
74 2106
75 1727
76 1646
77 330
78 1975
79 879
80 432
81 1149
82 1637
83 1660
84 1323
85 1314
86 2598
87 1324
88 799
89 2939
90 149
91 1950
92 857
93 2358
94 2703
95 2571
96 2664
97 2657
98 886
99 555
100 1472
101 2433
102 2968
103 532
104 1723
105 1059
106 1246
107 2624
108 2440
109 766
110 2540
111 405
112 1309
113 1496
114 459
115 859
116 84
117 2647
118 2002
119 1185
120 2239
121 2420
122 1805
123 1621
124 2740
125 450
126 2750
127 2930
128 660
129 517
130 1589
131 2050
132 1885
133 2702
134 1201
135 2421
136 2559
137 2084
138 1260
139 143
140 2719
141 1570
142 2361
143 7
144 2630
145 577
146 2178
147 90
148 728
149 645
150 1059
151 1877
152 1626
153 2862
154 2859
155 1693
156 572
157 1848
158 1627
159 49
160 2931
161 2751
162 1452
163 1055
164 217
165 610
166 246
167 2041
168 2818
169 2720
170 2517
171 1265
172 1070
173 222
174 501
175 79
176 1603
177 2624
178 2097
179 1369
180 1706
181 2772
182 996
183 1769
184 1074
185 722
186 863
187 456
188 615
189 1216
190 2485
191 1672
192 404
193 398
194 1450
195 2852
196 1318
197 999
198 2734
199 1516
200 455
201 1031
202 1506
203 2097
204 779
205 1551
206 1868
207 1741
208 1423
209 1916
210 1711
211 40
212 2042
213 2795
214 2502
215 1386
216 582
217 2758
218 220
219 352
220 1008
221 2910
222 246
223 458
224 371
225 829
226 311
227 2348
228 1806
229 652
230 2066
231 2328
232 432

