801 99
0 772
1 1653
2 25
3 384
4 2341
5 2497
6 200
7 1268
8 1541
9 2960
10 2100
11 1722
12 732
13 291
14 2524
15 2335
16 2164
17 2069
18 2665
19 1673
20 614
21 614
22 2815
23 1157
24 2095
25 1618
26 2965
27 1479
28 2755
29 273
30 4
31 1805
32 1489
33 627
34 1840
35 2280
36 1907
37 2725
38 531
39 753
40 1375
41 1802
42 1982
43 618
44 1833
45 2081
46 2066
47 2755
48 80
49 2582
50 830
51 336
52 2741
53 1450
54 1844
55 169
56 58
57 1978
58 393
59 2098
60 1616
61 1607
62 2652
63 2876
64 1626
65 2253
66 557
67 381
68 106
69 2788
70 38
71 147
72 2795
73 604
74 1130
75 1990
76 1632
77 1730
78 2254
79 221
80 1591
81 2727
82 1172
83 390
84 942
85 1407
86 67
87 1730
88 461
89 438
90 614
91 387
92 1666
93 985
94 89
95 628
96 1887
97 2406
98 972
99 2148
100 2456
101 2089
102 1509
103 1394
104 1079
105 929
106 1539
107 1549
108 1239
109 1020
110 1590
111 820
112 668
113 1705
114 398
115 1374
116 307
117 2584
118 2632
119 728
120 457
121 2906
122 486
123 1645
124 690
125 2631
126 2704
127 366
128 1635
129 2251
130 1962
131 1939
132 1417
133 1615
134 2753
135 2198
136 252
137 560
138 674
139 700
140 1376
141 1151
142 1363
143 703
144 1613
145 2009
146 2478
147 1284
148 1108
149 2699
150 396
151 2302
152 2936
153 1666
154 1733
155 2237
156 1369
157 2131
158 2507
159 2631
160 1358
161 1780
162 583
163 948
164 105
165 910
166 2977
167 2426
168 674
169 1240
170 978
171 1133
172 702
173 1355
174 139
175 2822
176 1579
177 2397
178 989
179 2250
180 1370
181 1653
182 2634
183 621
184 1707
185 156
186 2623
187 1778
188 37
189 2037
190 1104
191 2366
192 2932
193 769
194 2676
195 2438
196 2263
197 43
198 1392
199 779
200 2875
201 744
202 2768
203 2177
204 2547
205 2963
206 2159
207 164
208 1424
209 934
210 1298
211 1718
212 416
213 118
214 1679
215 1541
216 2604
217 1139
218 436
219 1768
220 1256
221 272
222 1183
223 1169
224 453
225 2343
226 892
227 685
228 1029
229 2720
230 2615
231 107
232 2798
233 1239
234 1542
235 831
236 650
237 1222
238 1166
239 2386
240 1681
241 722
242 2603
243 1636
244 1833
245 1701
246 2368
247 602
248 253
249 1132
250 1799
251 1071
252 1933
253 372
254 520
255 900
256 2715
257 1424
258 1300
259 301
260 386
261 1714
262 1141
263 605
264 40
265 679
266 1050
267 1780
268 192
269 1157
270 2987
271 1223
272 910
273 378
274 2650
275 2614
276 2014
277 1335
278 338
279 2217
280 675
281 2487
282 1730
283 1254
284 186
285 2418
286 845
287 1964
288 50
289 781
290 2033
291 1352
292 2970
293 1351
294 863
295 933
296 2086
297 2404
298 2939
299 1745
300 2228
301 541
302 2570
303 2806
304 277
305 1684
306 866
307 663
308 1895
309 1084
310 149
311 2111
312 1898
313 1349
314 2687
315 650
316 852
317 2332
318 1288
319 1444
320 314
321 2757
322 2528
323 77
324 312
325 2574
326 80
327 891
328 1315
329 1976
330 1586
331 464
332 1586
333 721
334 2704
335 1321
336 1932
337 1462
338 855
339 2929
340 884
341 2861
342 640
343 732
344 2961
345 2486
346 1406
347 669
348 2869
349 2112
350 1009
351 1867
352 1103
353 1373
354 755
355 2354
356 2251
357 2908
358 168
359 1491
360 313
361 2954
362 946
363 1891
364 1861
365 1577
366 2601
367 127
368 1556
369 677
370 2182
371 2703
372 1931
373 812
374 521
375 1498
376 1208
377 143
378 2640
379 2321
380 508
381 1552
382 2635
383 1020
384 2521
385 477
386 1982
387 2416
388 1929
389 2059
390 1105
391 1325
392 2294
393 2756
394 82
395 2797
396 2437
397 2574
398 2829
399 1358
400 190
401 2964
402 689
403 380
404 462
405 787
406 2558
407 1436
408 1664
409 2699
410 1571
411 2700
412 1595
413 1309
414 1886
415 1540
416 2111
417 2963
418 266
419 1967
420 1624
421 260
422 352
423 370
424 2571
425 1071
426 1688
427 1829
428 1730
429 381
430 523
431 2277
432 2859
433 2966
434 316
435 1635
436 1392
437 429
438 1094
439 1766
440 876
441 821
442 1525
443 2560
444 1883
445 296
446 1316
447 1278
448 933
449 1804
450 1861
451 2496
452 84
453 1209
454 2438
455 768
456 1314
457 1528
458 1286
459 1312
460 334
461 795
462 2053
463 1980
464 1912
465 1558
466 1471
467 1890
468 977
469 582
470 2051
471 2489
472 233
473 2156
474 2274
475 535
476 955
477 369
478 2256
479 1528
480 745
481 395
482 660
483 254
484 2862
485 210
486 424
487 1062
488 1083
489 332
490 1139
491 1014
492 1230
493 499
494 1119
495 415
496 1826
497 2063
498 821
499 2155
500 1412
501 1994
502 2366
503 2330
504 1623
505 1971
506 2667
507 542
508 1561
509 2737
510 561
511 1446
512 2612
513 1526
514 622
515 1609
516 2281
517 2280
518 694
519 56
520 541
521 2380
522 407
523 1433
524 906
525 1229
526 159
527 1344
528 1680
529 1298
530 2165
531 936
532 1487
533 2017
534 1304
535 1370
536 1875
537 2042
538 2300
539 1521
540 413
541 82
542 965
543 710
544 1405
545 904
546 1086
547 2311
548 2701
549 658
550 2057
551 598
552 2945
553 2697
554 894
555 782
556 1341
557 54
558 1411
559 2856
560 729
561 1076
562 2503
563 1904
564 2129
565 591
566 2138
567 2711
568 2650
569 964
570 1079
571 1925
572 737
573 141
574 1921
575 1311
576 197
577 1589
578 1976
579 1185
580 1897
581 1444
582 1254
583 2109
584 2763
585 2955
586 1002
587 172
588 410
589 367
590 1742
591 2568
592 821
593 2697
594 377
595 631
596 215
597 137
598 2190
599 1613
600 2147
601 2764
602 1780
603 1021
604 1392
605 2767
606 1786
607 305
608 2657
609 389
610 840
611 1832
612 317
613 116
614 1527
615 1660
616 326
617 2942
618 956
619 731
620 1025
621 1284
622 1094
623 106
624 1834
625 1380
626 90
627 1980
628 2145
629 2677
630 1987
631 2369
632 2042
633 413
634 620
635 2152
636 2416
637 1280
638 87
639 2376
640 810
641 2372
642 2482
643 2556
644 657
645 2127
646 1467
647 41
648 2290
649 2527
650 269
651 266
652 1269
653 1547
654 620
655 2018
656 2204
657 375
658 0
659 1019
660 2078
661 1145
662 2698
663 1445
664 265
665 1446
666 92
667 505
668 1634
669 1046
670 2525
671 373
672 1617
673 399
674 871
675 1123
676 1651
677 2126
678 2847
679 2627
680 1420
681 900
682 679
683 1129
684 2753
685 452
686 2530
687 1321
688 1999
689 2959
690 1994
691 1664
692 130
693 2381
694 2751
695 2313
696 2708
697 2594
698 2812
699 1891
700 2727
701 227
702 2695
703 1889
704 2417
705 2630
706 1058
707 2190
708 1067
709 1413
710 505
711 2579
712 2609
713 2660
714 1299
715 719
716 377
717 2038
718 2683
719 666
720 474
721 30
722 2368
723 2434
724 2891
725 88
726 1051
727 2584
728 1139
729 675
730 1937
731 630
732 2915
733 1300
734 755
735 1255
736 1408
737 2784
738 2892
739 1000
740 2023
741 1104
742 1000
743 1976
744 1243
745 1054
746 109
747 74
748 2067
749 2632
750 2082
751 1573
752 2894
753 2177
754 2437
755 2828
756 1589
757 1854
758 546
759 1257
760 2197
761 1867
762 813
763 1146
764 2691
765 2581
766 1714
767 2984
768 1711
769 1109
770 162
771 998
772 842
773 1847
774 262
775 107
776 2256
777 313
778 2136
779 2512
780 1501
781 1601
782 1817
783 61
784 2672
785 845
786 2449
787 560
788 1734
789 808
790 2441
791 301
792 1002
793 2349
794 1178
795 2446
796 1848
797 2085
798 696
799 1173
800 2834

