651 73
0 3000
1 2393
2 2405
3 2878
4 1691
5 1420
6 1540
7 352
8 1756
9 296
10 1076
11 644
12 1247
13 854
14 2837
15 1127
16 219
17 751
18 295
19 990
20 2134
21 812
22 1988
23 2946
24 2655
25 2309
26 653
27 1237
28 13
29 734
30 2462
31 1871
32 324
33 2939
34 2387
35 569
36 566
37 2723
38 2825
39 483
40 892
41 884
42 601
43 2988
44 1415
45 2196
46 1072
47 424
48 69
49 495
50 2583
51 2014
52 1062
53 680
54 18
55 2637
56 2613
57 1602
58 703
59 2597
60 654
61 274
62 390
63 728
64 2809
65 63
66 1970
67 314
68 2779
69 2971
70 420
71 245
72 2281
73 1382
74 2239
75 2073
76 1458
77 27
78 1663
79 1474
80 2403
81 2357
82 2837
83 1277
84 492
85 1933
86 1115
87 1359
88 2531
89 1905
90 2109
91 821
92 237
93 2053
94 1298
95 2301
96 434
97 509
98 1525
99 2574
100 2005
101 614
102 2787
103 1692
104 258
105 2979
106 2345
107 2528
108 2368
109 1946
110 1310
111 2907
112 2124
113 1239
114 2750
115 1314
116 2108
117 284
118 455
119 1764
120 329
121 1328
122 2704
123 2760
124 996
125 984
126 1115
127 2727
128 2776
129 2647
130 2625
131 1901
132 1890
133 2641
134 34
135 2611
136 620
137 2543
138 513
139 2757
140 1708
141 1330
142 2753
143 1301
144 687
145 232
146 1651
147 2750
148 2225
149 102
150 2472
151 1503
152 1646
153 701
154 2306
155 551
156 2547
157 777
158 376
159 138
160 779
161 2757
162 2733
163 2246
164 1841
165 2385
166 1953
167 119
168 859
169 1028
170 279
171 1308
172 348
173 837
174 32
175 197
176 803
177 2039
178 1320
179 2056
180 1168
181 1729
182 1130
183 2754
184 674
185 1194
186 828
187 1525
188 2263
189 2791
190 229
191 2054
192 1587
193 590
194 2135
195 277
196 367
197 2545
198 1902
199 2656
200 1455
201 26
202 662
203 2647
204 1025
205 909
206 334
207 2968
208 2759
209 1876
210 2432
211 2079
212 1223
213 1506
214 69
215 1553
216 463
217 2044
218 1046
219 804
220 1564
221 185
222 984
223 2570
224 1270
225 2810
226 2886
227 2164
228 420
229 1145
230 2282
231 1669
232 545
233 2446
234 2679
235 2862
236 1237
237 1194
238 2709
239 2807
240 823
241 2653
242 2091
243 411
244 1746
245 605
246 633
247 573
248 848
249 2746
250 1926
251 406
252 1741
253 1698
254 285
255 1584
256 1741
257 1479
258 1652
259 123
260 465
261 2351
262 1026
263 36
264 1988
265 21
266 771
267 2253
268 862
269 1311
270 1899
271 1965
272 162
273 373
274 1408
275 691
276 2542
277 2447
278 206
279 2923
280 1749
281 1451
282 602
283 1550
284 1461
285 492
286 737
287 508
288 1887
289 973
290 1805
291 546
292 2981
293 1943
294 2627
295 189
296 506
297 496
298 793
299 1592
300 1535
301 2240
302 817
303 1689
304 1306
305 1661
306 2205
307 2055
308 2702
309 331
310 806
311 605
312 1225
313 2145
314 1022
315 2045
316 1725
317 251
318 1385
319 2266
320 1934
321 1954
322 526
323 1011
324 647
325 319
326 1584
327 1976
328 1693
329 2873
330 2753
331 1986
332 1702
333 615
334 1068
335 224
336 2308
337 2334
338 2605
339 2053
340 971
341 1476
342 2556
343 1581
344 638
345 2584
346 2072
347 834
348 1882
349 522
350 738
351 514
352 928
353 1203
354 1975
355 424
356 2994
357 1594
358 1441
359 1802
360 1509
361 666
362 163
363 2611
364 817
365 2139
366 1568
367 1817
368 2648
369 1509
370 775
371 67
372 1351
373 1339
374 1015
375 2671
376 406
377 916
378 815
379 2101
380 796
381 1538
382 2919
383 1849
384 104
385 233
386 2266
387 382
388 1524
389 2901
390 618
391 2930
392 1398
393 814
394 2768
395 66
396 1614
397 753
398 2551
399 2560
400 2326
401 1078
402 2294
403 1718
404 569
405 2661
406 1654
407 1047
408 302
409 2075
410 659
411 859
412 1639
413 2566
414 296
415 2943
416 2581
417 30
418 1728
419 102
420 855
421 2670
422 1639
423 2101
424 2266
425 1921
426 360
427 2858
428 1516
429 823
430 2337
431 2056
432 2155
433 184
434 1083
435 2404
436 2174
437 2289
438 1883
439 2043
440 2288
441 902
442 2263
443 2817
444 2926
445 2257
446 1689
447 2902
448 149
449 1516
450 2160
451 2062
452 2909
453 2387
454 2586
455 1942
456 2709
457 1869
458 1690
459 2001
460 302
461 1485
462 2232
463 1157
464 2239
465 486
466 101
467 1952
468 309
469 855
470 665
471 2786
472 593
473 786
474 1749
475 1395
476 1578
477 240
478 2383
479 2652
480 970
481 1779
482 1859
483 786
484 1613
485 522
486 2977
487 664
488 2016
489 595
490 1098
491 2284
492 1625
493 714
494 2148
495 746
496 1207
497 2306
498 2371
499 1640
500 888
501 2062
502 513
503 1177
504 1670
505 60
506 1514
507 426
508 2756
509 2044
510 1245
511 225
512 293
513 391
514 415
515 441
516 2296
517 742
518 1192
519 1637
520 1096
521 1186
522 2388
523 1060
524 2312
525 1543
526 1919
527 232
528 1262
529 1609
530 2330
531 2402
532 1309
533 217
534 2641
535 1706
536 2402
537 978
538 273
539 107
540 1421
541 1012
542 74
543 2752
544 2815
545 456
546 1248
547 1164
548 479
549 2291
550 2695
551 1080
552 1531
553 2025
554 59
555 517
556 2650
557 215
558 784
559 456
560 2431
561 2645
562 2783
563 953
564 1231
565 735
566 1561
567 2208
568 1669
569 1079
570 286
571 352
572 2303
573 1869
574 1973
575 2884
576 1157
577 982
578 6
579 1391
580 1397
581 2391
582 806
583 2556
584 2740
585 240
586 1872
587 2256
588 2361
589 2006
590 660
591 2401
592 244
593 2868
594 1948
595 2535
596 2713
597 2442
598 358
599 189
600 1005
601 2259
602 499
603 1638
604 2687
605 2745
606 2256
607 351
608 2347
609 2998
610 1316
611 1160
612 2196
613 1004
614 1598
615 1516
616 2899
617 1780
618 2208
619 2354
620 1688
621 495
622 223
623 2317
624 147
625 144
626 2963
627 1197
628 100
629 1105
630 2146
631 1785
632 973
633 2954
634 1755
635 2636
636 2229
637 688
638 376
639 2496
640 2800
641 821
642 43
643 1221
644 60
645 1097
646 930
647 2328
648 1738
649 983
650 1942

