187 42
0 2133
1 1260
2 42
3 1903
4 1068
5 2215
6 2544
7 2007
8 198
9 897
10 2329
11 2983
12 2710
13 1647
14 907
15 1639
16 2639
17 2410
18 2489
19 2362
20 2300
21 2022
22 1657
23 171
24 135
25 2883
26 2313
27 343
28 2208
29 991
30 2833
31 1712
32 440
33 2491
34 2765
35 2494
36 2471
37 1547
38 14
39 1126
40 2425
41 2320
42 2194
43 1784
44 1710
45 1567
46 1331
47 2543
48 1545
49 401
50 2845
51 2133
52 1938
53 665
54 2505
55 502
56 549
57 2926
58 855
59 2866
60 454
61 952
62 2087
63 492
64 309
65 225
66 2617
67 1472
68 612
69 2792
70 70
71 316
72 720
73 2798
74 2143
75 2248
76 321
77 1493
78 990
79 2420
80 2400
81 2909
82 1879
83 2735
84 1534
85 1905
86 719
87 2083
88 2868
89 1972
90 488
91 1635
92 759
93 2671
94 1996
95 279
96 2349
97 2644
98 81
99 964
100 2470
101 2190
102 801
103 2114
104 1064
105 25
106 521
107 1386
108 505
109 2392
110 446
111 2825
112 1144
113 327
114 1568
115 673
116 2033
117 2907
118 246
119 403
120 1917
121 1070
122 2254
123 1184
124 1588
125 1709
126 539
127 1283
128 2639
129 2967
130 1236
131 2839
132 779
133 1468
134 1913
135 1344
136 1017
137 282
138 2857
139 802
140 1635
141 244
142 2073
143 1092
144 379
145 630
146 2918
147 278
148 1939
149 2826
150 1068
151 1561
152 2333
153 1076
154 2162
155 2196
156 1449
157 480
158 1803
159 1768
160 729
161 2758
162 1597
163 2780
164 1988
165 2321
166 290
167 1763
168 2476
169 1125
170 570
171 2637
172 1547
173 1437
174 1950
175 2878
176 1213
177 1777
178 2002
179 2428
180 2146
181 1200
182 2467
183 2383
184 2624
185 458
186 1253

