976 41
0 2423
1 894
2 811
3 285
4 584
5 1195
6 2727
7 1349
8 1320
9 921
10 1018
11 1416
12 494
13 900
14 2442
15 1656
16 2555
17 2178
18 2782
19 1838
20 2075
21 1416
22 2610
23 899
24 1134
25 439
26 1068
27 1579
28 2800
29 2666
30 2134
31 2904
32 2558
33 838
34 2256
35 654
36 564
37 717
38 2813
39 450
40 1865
41 1705
42 925
43 797
44 2818
45 940
46 2412
47 2298
48 1954
49 2246
50 1113
51 352
52 901
53 2366
54 1399
55 1778
56 1861
57 1650
58 784
59 1223
60 2726
61 2152
62 1842
63 1666
64 1128
65 629
66 1331
67 2947
68 1379
69 824
70 2593
71 454
72 1720
73 2818
74 1177
75 944
76 438
77 676
78 1627
79 57
80 806
81 691
82 1881
83 127
84 1797
85 2532
86 1684
87 2057
88 629
89 514
90 2301
91 733
92 1706
93 896
94 61
95 2462
96 1969
97 2279
98 2169
99 2960
100 1851
101 2724
102 2550
103 2590
104 1356
105 291
106 777
107 1405
108 2640
109 2167
110 2454
111 2133
112 950
113 2650
114 554
115 616
116 82
117 2090
118 1367
119 1632
120 136
121 1967
122 1931
123 1921
124 2109
125 2058
126 735
127 2412
128 2106
129 2894
130 2403
131 2942
132 1469
133 2743
134 540
135 1040
136 2947
137 1969
138 667
139 2441
140 909
141 1805
142 597
143 1772
144 2621
145 2360
146 119
147 2590
148 2709
149 388
150 244
151 2497
152 1154
153 2381
154 1867
155 1447
156 1520
157 1602
158 1759
159 2938
160 928
161 789
162 2192
163 43
164 1856
165 146
166 362
167 354
168 2780
169 1993
170 584
171 446
172 2153
173 2797
174 614
175 2253
176 986
177 2476
178 1653
179 1429
180 502
181 2818
182 583
183 222
184 1733
185 632
186 473
187 317
188 1026
189 303
190 652
191 371
192 98
193 456
194 404
195 752
196 2955
197 2307
198 446
199 1204
200 2746
201 2964
202 435
203 1931
204 1677
205 2569
206 2471
207 859
208 464
209 531
210 2580
211 919
212 461
213 2784
214 980
215 1904
216 2827
217 44
218 383
219 1417
220 26
221 1022
222 371
223 518
224 2933
225 1699
226 1776
227 1322
228 2291
229 1637
230 1772
231 1293
232 1881
233 374
234 1380
235 35
236 251
237 1725
238 1738
239 2052
240 2157
241 1076
242 158
243 538
244 923
245 2818
246 2975
247 1070
248 1341
249 1317
250 2719
251 2089
252 9
253 121
254 2574
255 2371
256 1068
257 1174
258 1454
259 1524
260 384
261 2215
262 174
263 510
264 1584
265 423
266 331
267 137
268 519
269 352
270 858
271 389
272 2678
273 1042
274 884
275 2706
276 2178
277 1436
278 823
279 2976
280 135
281 1406
282 2947
283 2053
284 1730
285 670
286 1551
287 2620
288 763
289 1651
290 2568
291 1206
292 793
293 848
294 2277
295 2748
296 1644
297 2273
298 1084
299 1757
300 2354
301 1376
302 1380
303 2899
304 2690
305 2419
306 2244
307 2483
308 104
309 2492
310 2180
311 2836
312 2964
313 2765
314 2633
315 2039
316 1706
317 1054
318 2675
319 840
320 1460
321 909
322 1180
323 782
324 544
325 2020
326 2775
327 952
328 939
329 1527
330 2040
331 824
332 39
333 1405
334 2822
335 698
336 1090
337 1267
338 1269
339 2380
340 423
341 1140
342 2312
343 2429
344 218
345 1762
346 2284
347 137
348 139
349 651
350 1572
351 376
352 2682
353 1284
354 1497
355 1901
356 1618
357 2747
358 2436
359 2560
360 654
361 273
362 1827
363 995
364 227
365 700
366 2968
367 676
368 937
369 2379
370 2234
371 2687
372 527
373 1036
374 2105
375 1845
376 2245
377 2506
378 1864
379 2496
380 1258
381 387
382 422
383 1188
384 669
385 741
386 1638
387 207
388 2338
389 2974
390 1637
391 104
392 1355
393 148
394 690
395 2326
396 374
397 1242
398 2052
399 437
400 326
401 214
402 906
403 2106
404 2179
405 2824
406 1862
407 527
408 1836
409 1420
410 2828
411 1158
412 536
413 1447
414 1338
415 19
416 415
417 2583
418 1650
419 1395
420 2274
421 1909
422 1771
423 1589
424 992
425 337
426 2090
427 570
428 1382
429 1564
430 2216
431 2556
432 444
433 865
434 1498
435 1469
436 2705
437 113
438 2417
439 452
440 25
441 181
442 1351
443 1780
444 1705
445 2063
446 1672
447 1629
448 1656
449 2069
450 2788
451 2810
452 2813
453 2774
454 291
455 2086
456 2119
457 1609
458 2207
459 2780
460 1684
461 342
462 1547
463 2754
464 2966
465 1496
466 2501
467 131
468 2063
469 1082
470 2002
471 390
472 1028
473 1712
474 1323
475 1278
476 742
477 1218
478 248
479 759
480 357
481 2985
482 1766
483 689
484 1227
485 1883
486 2694
487 801
488 668
489 1425
490 669
491 1959
492 1955
493 2714
494 158
495 551
496 1370
497 2946
498 194
499 25
500 1043
501 2272
502 2325
503 1213
504 2054
505 205
506 2366
507 1862
508 1866
509 2295
510 666
511 526
512 299
513 2070
514 1501
515 79
516 386
517 908
518 1778
519 102
520 880
521 2643
522 133
523 2329
524 2318
525 874
526 2639
527 2105
528 62
529 2679
530 2408
531 2870
532 646
533 2856
534 2428
535 1005
536 2536
537 1313
538 331
539 1435
540 1007
541 2473
542 1641
543 784
544 1562
545 861
546 1185
547 135
548 988
549 2909
550 2477
551 2841
552 1559
553 744
554 2444
555 1670
556 135
557 352
558 1321
559 2462
560 1102
561 265
562 1959
563 2912
564 2067
565 1029
566 126
567 631
568 1587
569 1168
570 2
571 1485
572 1966
573 228
574 2372
575 2136
576 2170
577 2900
578 2894
579 2191
580 534
581 1929
582 1817
583 1838
584 923
585 2985
586 2079
587 2574
588 2015
589 1372
590 2709
591 2198
592 1199
593 969
594 9
595 635
596 468
597 846
598 66
599 1772
600 2990
601 1331
602 2693
603 2505
604 1999
605 649
606 901
607 2117
608 2620
609 208
610 2838
611 2787
612 108
613 2004
614 2986
615 352
616 1958
617 1983
618 1766
619 1114
620 1749
621 2258
622 118
623 2268
624 881
625 2619
626 1022
627 246
628 591
629 2243
630 2596
631 1993
632 876
633 2239
634 1736
635 21
636 191
637 394
638 261
639 2598
640 1338
641 231
642 2019
643 2258
644 492
645 2788
646 1907
647 2427
648 118
649 847
650 1701
651 1915
652 2419
653 1272
654 2964
655 1930
656 1982
657 595
658 97
659 456
660 532
661 2014
662 1843
663 1740
664 849
665 1860
666 2821
667 2239
668 1996
669 1713
670 1580
671 1751
672 133
673 1027
674 2164
675 1206
676 1856
677 2827
678 921
679 2895
680 2722
681 717
682 1936
683 2324
684 42
685 607
686 1830
687 2486
688 1031
689 685
690 1267
691 2280
692 995
693 2051
694 2900
695 2452
696 259
697 790
698 869
699 191
700 1300
701 373
702 2521
703 847
704 920
705 388
706 1317
707 2280
708 1476
709 221
710 2422
711 1662
712 2865
713 691
714 1061
715 2860
716 2543
717 151
718 294
719 1264
720 2705
721 1249
722 304
723 240
724 1843
725 2937
726 2046
727 649
728 2241
729 1032
730 159
731 634
732 156
733 392
734 2795
735 1234
736 2588
737 2285
738 2878
739 592
740 790
741 307
742 779
743 2118
744 220
745 979
746 1228
747 2947
748 914
749 458
750 593
751 216
752 1422
753 963
754 2285
755 379
756 709
757 381
758 754
759 1841
760 2747
761 1639
762 1750
763 1278
764 2075
765 616
766 613
767 965
768 530
769 1545
770 2721
771 714
772 944
773 169
774 2103
775 1056
776 1891
777 1811
778 1507
779 789
780 329
781 2239
782 2697
783 110
784 334
785 1823
786 5
787 1891
788 2035
789 2079
790 1174
791 2495
792 2555
793 1443
794 1584
795 2712
796 1261
797 1764
798 1315
799 1263
800 994
801 2656
802 2011
803 1922
804 2030
805 1558
806 126
807 2353
808 61
809 373
810 1101
811 2452
812 775
813 966
814 1401
815 2263
816 2694
817 44
818 319
819 2417
820 156
821 1077
822 644
823 2637
824 2025
825 2594
826 1460
827 590
828 392
829 282
830 1607
831 878
832 1237
833 2711
834 1680
835 250
836 1797
837 206
838 1876
839 2001
840 1211
841 1929
842 2988
843 2605
844 1961
845 2797
846 440
847 952
848 2067
849 1340
850 1033
851 1650
852 2131
853 1454
854 2656
855 1376
856 1793
857 322
858 840
859 1949
860 122
861 1981
862 1772
863 2295
864 2254
865 2923
866 2910
867 1202
868 1865
869 988
870 2572
871 203
872 344
873 1434
874 1543
875 467
876 2688
877 647
878 1896
879 2965
880 1537
881 1638
882 1621
883 2350
884 2054
885 2298
886 2945
887 1617
888 2629
889 1403
890 1432
891 1568
892 2148
893 516
894 836
895 391
896 2446
897 1325
898 2158
899 2597
900 66
901 63
902 797
903 1670
904 1504
905 1637
906 1986
907 982
908 907
909 912
910 203
911 1454
912 1737
913 1940
914 1235
915 1400
916 1272
917 2297
918 1543
919 2740
920 1732
921 2428
922 680
923 218
924 999
925 825
926 468
927 1241
928 2357
929 2692
930 1647
931 1142
932 1170
933 712
934 738
935 2923
936 2300
937 1334
938 364
939 1335
940 1592
941 2282
942 1305
943 829
944 107
945 285
946 459
947 2142
948 953
949 1049
950 2820
951 133
952 1361
953 1230
954 925
955 1339
956 3
957 2747
958 1153
959 1001
960 369
961 2968
962 2254
963 264
964 2050
965 726
966 397
967 2648
968 2308
969 369
970 472
971 1036
972 278
973 4
974 2395
975 762

