403 29
0 2650
1 689
2 729
3 163
4 2860
5 2115
6 1281
7 414
8 1987
9 2638
10 1476
11 2317
12 2413
13 491
14 1034
15 2776
16 1579
17 2022
18 600
19 1293
20 1502
21 893
22 1384
23 225
24 1531
25 912
26 2669
27 1300
28 1623
29 1254
30 2564
31 1050
32 2323
33 1292
34 40
35 1660
36 1701
37 1308
38 2549
39 161
40 2279
41 1005
42 1606
43 2392
44 1699
45 107
46 993
47 1312
48 2214
49 279
50 2121
51 1774
52 1561
53 829
54 2398
55 2172
56 2365
57 2453
58 58
59 1386
60 397
61 1788
62 2627
63 736
64 2614
65 2872
66 148
67 1999
68 74
69 2222
70 941
71 1678
72 316
73 339
74 1304
75 921
76 313
77 1206
78 1988
79 925
80 2876
81 54
82 685
83 210
84 507
85 693
86 1311
87 1040
88 1351
89 660
90 771
91 1622
92 552
93 2850
94 804
95 641
96 2850
97 1568
98 913
99 2361
100 1682
101 314
102 2927
103 1719
104 368
105 1331
106 783
107 2319
108 2759
109 2717
110 1320
111 290
112 2390
113 1810
114 1385
115 191
116 1470
117 834
118 1328
119 192
120 1796
121 645
122 2679
123 2320
124 786
125 1072
126 1616
127 1263
128 663
129 320
130 1496
131 2644
132 1454
133 451
134 1010
135 903
136 1664
137 1320
138 2525
139 1691
140 871
141 913
142 2742
143 393
144 1929
145 110
146 2029
147 260
148 2640
149 674
150 1859
151 2122
152 2531
153 109
154 2803
155 2271
156 69
157 5
158 359
159 1347
160 665
161 1157
162 1715
163 1421
164 894
165 1156
166 742
167 1278
168 1098
169 2203
170 2009
171 1462
172 1677
173 651
174 548
175 1114
176 1200
177 2186
178 1012
179 482
180 1784
181 2401
182 900
183 2625
184 999
185 2099
186 1923
187 1127
188 2823
189 2796
190 495
191 1566
192 153
193 1071
194 1042
195 1081
196 797
197 1138
198 1924
199 1695
200 2856
201 2856
202 12
203 2547
204 2892
205 1555
206 1962
207 1249
208 959
209 1639
210 396
211 1612
212 2790
213 2579
214 723
215 702
216 2708
217 206
218 2021
219 160
220 1861
221 1369
222 2014
223 2927
224 1106
225 1715
226 2946
227 7
228 1790
229 1617
230 2830
231 2494
232 106
233 571
234 1364
235 627
236 2567
237 917
238 604
239 1966
240 1502
241 2391
242 71
243 517
244 1530
245 2555
246 2651
247 247
248 13
249 477
250 217
251 256
252 2829
253 2489
254 441
255 1449
256 2252
257 2169
258 201
259 2766
260 1420
261 741
262 2796
263 169
264 1178
265 1162
266 1148
267 371
268 2646
269 1507
270 2481
271 2595
272 535
273 826
274 639
275 1683
276 309
277 2119
278 100
279 495
280 949
281 1183
282 1902
283 218
284 130
285 592
286 832
287 789
288 831
289 2588
290 39
291 1741
292 46
293 2178
294 1792
295 2120
296 919
297 2527
298 801
299 1287
300 1873
301 2331
302 2353
303 2301
304 1962
305 1028
306 2787
307 1371
308 361
309 2849
310 676
311 1266
312 747
313 1732
314 1673
315 2673
316 643
317 1237
318 317
319 1216
320 2291
321 2571
322 144
323 54
324 244
325 2344
326 2535
327 2179
328 981
329 2911
330 1977
331 231
332 2428
333 1565
334 2974
335 2285
336 2079
337 743
338 36
339 2820
340 1915
341 2596
342 1619
343 2898
344 200
345 2135
346 60
347 2371
348 1297
349 2931
350 1118
351 2207
352 206
353 1858
354 1758
355 1170
356 285
357 1567
358 2019
359 2498
360 2507
361 892
362 2729
363 2889
364 2967
365 1202
366 186
367 2824
368 2074
369 1180
370 2268
371 179
372 916
373 498
374 690
375 1898
376 1601
377 2474
378 1774
379 4
380 790
381 2288
382 1824
383 368
384 683
385 1832
386 1554
387 2018
388 2463
389 48
390 862
391 1509
392 1045
393 2491
394 394
395 1238
396 1677
397 2411
398 1749
399 1649
400 2957
401 2434
402 918

