404 22
0 1494
1 1826
2 382
3 446
4 2080
5 727
6 1610
7 766
8 299
9 453
10 2548
11 565
12 2509
13 512
14 366
15 2085
16 2989
17 318
18 2709
19 1286
20 2701
21 221
22 2967
23 1706
24 2947
25 932
26 1755
27 2983
28 1050
29 2805
30 1791
31 2800
32 1309
33 2180
34 1574
35 2649
36 1516
37 1270
38 1734
39 2224
40 2332
41 191
42 1327
43 2095
44 2903
45 972
46 712
47 159
48 2950
49 614
50 2597
51 1163
52 327
53 2762
54 2277
55 354
56 1243
57 593
58 2087
59 1945
60 2297
61 110
62 2026
63 2808
64 2135
65 1071
66 1571
67 1798
68 2023
69 2749
70 1483
71 387
72 1880
73 351
74 1816
75 297
76 1928
77 1146
78 1488
79 2049
80 2226
81 2435
82 2810
83 213
84 2198
85 2575
86 736
87 1173
88 507
89 1942
90 958
91 2826
92 1169
93 940
94 2667
95 120
96 25
97 610
98 1225
99 2635
100 425
101 1455
102 1149
103 1095
104 1879
105 9
106 623
107 1810
108 109
109 2292
110 1987
111 890
112 1014
113 1418
114 1826
115 1715
116 69
117 1064
118 1231
119 1046
120 2537
121 870
122 62
123 1650
124 1339
125 1664
126 185
127 1767
128 2621
129 188
130 1241
131 303
132 2465
133 477
134 50
135 464
136 2943
137 1718
138 449
139 41
140 136
141 2261
142 49
143 1091
144 2825
145 2968
146 2689
147 1281
148 2208
149 2676
150 815
151 791
152 1657
153 279
154 2921
155 2626
156 149
157 183
158 1179
159 1997
160 2242
161 1368
162 745
163 1940
164 1751
165 193
166 951
167 315
168 795
169 2956
170 1477
171 2678
172 2809
173 2929
174 1529
175 1131
176 2969
177 2831
178 1427
179 1696
180 1743
181 1528
182 2978
183 2211
184 839
185 640
186 1737
187 976
188 312
189 2674
190 792
191 663
192 1557
193 900
194 1026
195 2868
196 306
197 2217
198 2648
199 1704
200 2771
201 1763
202 146
203 298
204 2768
205 1526
206 2892
207 1689
208 161
209 1193
210 1645
211 740
212 1927
213 34
214 2728
215 2976
216 1624
217 2332
218 2437
219 64
220 1600
221 770
222 537
223 2354
224 2139
225 1111
226 1981
227 417
228 1328
229 1377
230 595
231 1740
232 2629
233 1072
234 911
235 1027
236 1795
237 1032
238 84
239 751
240 282
241 1854
242 1729
243 1034
244 221
245 1295
246 2786
247 1530
248 2492
249 1242
250 2637
251 2102
252 2310
253 904
254 886
255 2149
256 940
257 1058
258 565
259 2418
260 231
261 2378
262 129
263 1658
264 1351
265 1972
266 833
267 2656
268 215
269 672
270 451
271 1031
272 1494
273 644
274 1995
275 1498
276 1486
277 1949
278 926
279 1378
280 2004
281 1106
282 1237
283 205
284 2010
285 1583
286 1695
287 459
288 551
289 1942
290 1708
291 2679
292 2917
293 895
294 321
295 2887
296 159
297 156
298 1382
299 215
300 2920
301 664
302 1854
303 1786
304 488
305 2805
306 2068
307 2268
308 1991
309 1474
310 819
311 778
312 1893
313 1089
314 103
315 1905
316 205
317 2892
318 2816
319 2798
320 365
321 1966
322 2083
323 1347
324 521
325 1521
326 2085
327 1920
328 739
329 2034
330 2587
331 2788
332 2448
333 2822
334 1604
335 349
336 1508
337 2313
338 2715
339 1665
340 1882
341 2321
342 1220
343 559
344 2416
345 1950
346 2174
347 5
348 201
349 1476
350 2876
351 1704
352 2048
353 837
354 2321
355 1303
356 1990
357 17
358 144
359 896
360 2512
361 1223
362 2602
363 712
364 1098
365 2582
366 2501
367 2851
368 161
369 1718
370 408
371 1906
372 517
373 2678
374 666
375 1413
376 880
377 675
378 232
379 848
380 2971
381 471
382 449
383 172
384 1080
385 2437
386 2958
387 1174
388 1358
389 1501
390 403
391 1445
392 1386
393 2707
394 1597
395 459
396 356
397 545
398 412
399 2629
400 1563
401 1533
402 2298
403 826

