803 69
0 1654
1 2472
2 2626
3 2472
4 2254
5 310
6 1052
7 2199
8 955
9 651
10 2377
11 1673
12 1542
13 832
14 2096
15 321
16 240
17 835
18 1348
19 2497
20 2999
21 1213
22 934
23 99
24 595
25 101
26 451
27 167
28 1606
29 411
30 65
31 2892
32 69
33 305
34 396
35 413
36 2026
37 2221
38 1783
39 2338
40 848
41 1072
42 1086
43 1468
44 34
45 2570
46 2793
47 1239
48 2878
49 2507
50 536
51 869
52 2179
53 62
54 2019
55 2093
56 1995
57 2555
58 2378
59 1033
60 1495
61 1729
62 2570
63 2878
64 1058
65 182
66 143
67 1550
68 1866
69 1286
70 1124
71 2731
72 2700
73 1465
74 1905
75 2263
76 265
77 2929
78 2439
79 334
80 1970
81 846
82 1298
83 331
84 167
85 2067
86 69
87 2121
88 2646
89 1233
90 1326
91 414
92 483
93 2928
94 2585
95 460
96 202
97 996
98 512
99 973
100 1598
101 2035
102 694
103 1283
104 475
105 2175
106 2398
107 1392
108 2980
109 226
110 1206
111 1252
112 2555
113 2953
114 1047
115 1687
116 2
117 179
118 516
119 363
120 2465
121 2656
122 1764
123 1589
124 2820
125 984
126 2883
127 2885
128 2396
129 660
130 1248
131 366
132 704
133 162
134 217
135 1347
136 1230
137 280
138 2803
139 2547
140 2377
141 2333
142 1860
143 2215
144 1597
145 958
146 362
147 651
148 146
149 342
150 2824
151 2958
152 1547
153 2063
154 1323
155 2756
156 1913
157 1880
158 1526
159 492
160 2076
161 1910
162 830
163 339
164 2199
165 1412
166 1561
167 1730
168 1222
169 2124
170 2433
171 142
172 833
173 2571
174 2915
175 2443
176 1986
177 891
178 1289
179 440
180 2340
181 2226
182 1007
183 1356
184 1931
185 581
186 2194
187 414
188 1886
189 1768
190 2089
191 364
192 2292
193 2587
194 205
195 1445
196 1892
197 382
198 2900
199 378
200 1629
201 2535
202 1481
203 1887
204 1919
205 1780
206 1487
207 1133
208 1150
209 1390
210 2897
211 2299
212 667
213 1293
214 2667
215 2519
216 837
217 2077
218 1488
219 1779
220 1287
221 1502
222 2799
223 1895
224 2663
225 2373
226 478
227 1448
228 1449
229 934
230 2258
231 882
232 2026
233 2965
234 2738
235 1619
236 1306
237 1561
238 2142
239 1680
240 2179
241 1267
242 405
243 204
244 667
245 554
246 2557
247 1720
248 2582
249 1655
250 2663
251 1609
252 187
253 1322
254 21
255 1596
256 337
257 1371
258 808
259 2974
260 1766
261 925
262 14
263 2798
264 1840
265 2001
266 1586
267 640
268 1778
269 2416
270 2425
271 452
272 174
273 2194
274 1151
275 2778
276 1388
277 595
278 1444
279 1570
280 1915
281 2391
282 298
283 1485
284 592
285 2034
286 2184
287 370
288 1190
289 2729
290 897
291 913
292 1611
293 2930
294 2227
295 707
296 2449
297 2350
298 2108
299 1333
300 1941
301 2512
302 2762
303 1882
304 2020
305 2484
306 168
307 2617
308 3
309 2105
310 1195
311 375
312 2613
313 1321
314 1970
315 340
316 1127
317 1509
318 80
319 2002
320 1100
321 1111
322 78
323 1528
324 1605
325 1520
326 1994
327 2154
328 1645
329 2357
330 2223
331 1090
332 2144
333 331
334 1431
335 1162
336 1300
337 458
338 2794
339 605
340 1434
341 1699
342 75
343 1777
344 1176
345 1923
346 2925
347 2800
348 76
349 143
350 2764
351 1813
352 2114
353 2447
354 315
355 2140
356 562
357 984
358 102
359 1296
360 2703
361 892
362 1836
363 1419
364 396
365 2509
366 2833
367 357
368 521
369 2167
370 1203
371 2505
372 2402
373 2220
374 996
375 45
376 2816
377 2447
378 2187
379 965
380 75
381 2618
382 2593
383 2771
384 128
385 2604
386 2258
387 377
388 2555
389 1324
390 2809
391 926
392 491
393 2417
394 2738
395 2291
396 2326
397 2994
398 2986
399 2533
400 2898
401 2224
402 1120
403 1412
404 1165
405 1651
406 2566
407 2993
408 1877
409 930
410 2175
411 903
412 2702
413 1994
414 2871
415 2097
416 2410
417 1597
418 1013
419 964
420 2797
421 2357
422 811
423 212
424 2727
425 1851
426 2614
427 469
428 2241
429 1068
430 1487
431 1263
432 1074
433 2016
434 1073
435 2415
436 1177
437 33
438 1023
439 2033
440 1570
441 1689
442 2
443 1589
444 1360
445 780
446 2457
447 1243
448 563
449 218
450 791
451 1927
452 1095
453 389
454 680
455 581
456 272
457 757
458 162
459 2619
460 2586
461 2196
462 1631
463 260
464 999
465 490
466 1625
467 978
468 850
469 37
470 2883
471 197
472 1237
473 2690
474 2156
475 2015
476 1649
477 1097
478 935
479 2180
480 1846
481 2417
482 2473
483 1835
484 2029
485 847
486 2741
487 546
488 768
489 2422
490 227
491 1304
492 1745
493 1269
494 749
495 2734
496 1301
497 2371
498 787
499 1387
500 84
501 2277
502 1474
503 1239
504 1124
505 930
506 242
507 2497
508 1289
509 1579
510 1677
511 2551
512 2725
513 437
514 2715
515 943
516 1281
517 1578
518 749
519 2267
520 645
521 1865
522 2108
523 46
524 749
525 323
526 255
527 885
528 2843
529 610
530 1993
531 2714
532 2
533 100
534 2391
535 843
536 2578
537 2272
538 245
539 2227
540 2612
541 1703
542 1153
543 1515
544 664
545 343
546 1587
547 2753
548 1486
549 2306
550 889
551 2297
552 141
553 872
554 387
555 1855
556 0
557 595
558 2358
559 622
560 511
561 1179
562 2141
563 2685
564 1941
565 1452
566 1292
567 1872
568 2726
569 700
570 2573
571 2408
572 2708
573 130
574 272
575 135
576 2582
577 2524
578 2707
579 2878
580 2645
581 2041
582 514
583 2008
584 1640
585 1765
586 837
587 215
588 1911
589 1369
590 212
591 1695
592 2826
593 2944
594 442
595 377
596 1733
597 2546
598 2413
599 2562
600 1500
601 392
602 1583
603 1314
604 1932
605 1533
606 2131
607 1581
608 1938
609 2549
610 1774
611 956
612 228
613 158
614 23
615 2434
616 1737
617 112
618 2746
619 2329
620 2258
621 1773
622 2675
623 2463
624 439
625 440
626 831
627 1689
628 1328
629 126
630 2924
631 258
632 2511
633 11
634 1534
635 113
636 2600
637 730
638 2782
639 2813
640 683
641 1721
642 2127
643 1578
644 2713
645 2723
646 1694
647 2787
648 1772
649 818
650 1474
651 429
652 457
653 2131
654 970
655 2485
656 615
657 2779
658 923
659 2253
660 181
661 1825
662 1967
663 528
664 2859
665 529
666 2806
667 2625
668 1640
669 1838
670 1798
671 193
672 2794
673 2736
674 2256
675 103
676 2692
677 2210
678 1142
679 197
680 1480
681 2264
682 2408
683 264
684 405
685 1718
686 2009
687 2351
688 2957
689 233
690 2221
691 1238
692 1780
693 2660
694 2274
695 135
696 572
697 2031
698 36
699 2788
700 1130
701 1377
702 2297
703 1834
704 150
705 1100
706 1831
707 632
708 2320
709 1165
710 155
711 1212
712 1324
713 115
714 2223
715 419
716 1047
717 624
718 2201
719 83
720 1921
721 1421
722 1454
723 362
724 160
725 1384
726 2323
727 2376
728 2805
729 795
730 1977
731 719
732 1965
733 1416
734 22
735 1238
736 510
737 599
738 807
739 2983
740 367
741 1270
742 2796
743 2047
744 2953
745 2433
746 1576
747 2473
748 454
749 1819
750 1640
751 680
752 1110
753 1245
754 2125
755 2286
756 1659
757 2824
758 1322
759 1546
760 1608
761 140
762 626
763 946
764 1926
765 572
766 2420
767 1472
768 560
769 542
770 2682
771 779
772 1109
773 2223
774 929
775 995
776 390
777 2151
778 2492
779 1307
780 2074
781 2629
782 2335
783 1056
784 2385
785 1591
786 704
787 765
788 1335
789 1435
790 559
791 1898
792 2470
793 1997
794 2148
795 2976
796 321
797 708
798 2849
799 2510
800 2314
801 1905
802 2666

