556 56
0 7
1 342
2 410
3 2883
4 2922
5 2489
6 2711
7 355
8 1367
9 725
10 2837
11 498
12 1964
13 185
14 2146
15 2517
16 451
17 2004
18 495
19 251
20 2648
21 2199
22 1530
23 726
24 414
25 2974
26 2064
27 404
28 1360
29 1467
30 2083
31 731
32 2664
33 2007
34 449
35 419
36 2799
37 2821
38 1238
39 22
40 61
41 1251
42 1731
43 1734
44 2858
45 2312
46 869
47 175
48 826
49 1673
50 1894
51 1171
52 2881
53 47
54 2678
55 1513
56 2048
57 629
58 2637
59 254
60 2834
61 614
62 877
63 2638
64 368
65 1125
66 2132
67 2478
68 2122
69 2317
70 1010
71 1280
72 1873
73 2904
74 811
75 1267
76 2261
77 2635
78 119
79 2186
80 305
81 970
82 1885
83 2088
84 116
85 2536
86 2509
87 1964
88 1477
89 1712
90 1847
91 1757
92 2975
93 1056
94 1123
95 241
96 1139
97 2717
98 2005
99 389
100 2800
101 1669
102 2701
103 40
104 1564
105 1873
106 2027
107 1657
108 1543
109 797
110 1651
111 2943
112 1735
113 547
114 373
115 68
116 399
117 2205
118 559
119 1631
120 1090
121 1412
122 885
123 426
124 365
125 2150
126 1276
127 2283
128 2316
129 1664
130 1571
131 1725
132 1064
133 435
134 2580
135 246
136 971
137 2050
138 1436
139 793
140 2326
141 1267
142 798
143 531
144 2387
145 2625
146 2160
147 1522
148 1268
149 2017
150 1374
151 1026
152 1148
153 1360
154 1370
155 2194
156 2676
157 2927
158 1704
159 1308
160 473
161 2413
162 1610
163 2492
164 1627
165 150
166 601
167 2786
168 1941
169 1735
170 2966
171 932
172 2760
173 2560
174 206
175 91
176 2114
177 2514
178 1420
179 2569
180 1789
181 1525
182 1679
183 2936
184 360
185 2290
186 52
187 1305
188 686
189 1080
190 1564
191 2924
192 886
193 1679
194 966
195 1566
196 302
197 1491
198 142
199 825
200 2793
201 1377
202 153
203 2408
204 2673
205 1181
206 687
207 2757
208 1994
209 165
210 2416
211 1569
212 1951
213 1028
214 2871
215 1272
216 819
217 2808
218 858
219 385
220 2525
221 909
222 1413
223 1441
224 836
225 726
226 2694
227 167
228 502
229 1654
230 92
231 2982
232 861
233 2777
234 2707
235 801
236 2984
237 1564
238 1582
239 2629
240 1094
241 138
242 1998
243 1198
244 12
245 1237
246 725
247 53
248 1897
249 1632
250 2889
251 1396
252 797
253 1798
254 1684
255 1750
256 844
257 2523
258 2676
259 971
260 2033
261 2732
262 1434
263 242
264 1954
265 2074
266 678
267 2783
268 276
269 2311
270 998
271 68
272 1547
273 1957
274 2932
275 1595
276 2080
277 1764
278 756
279 149
280 1695
281 2645
282 2167
283 1313
284 1301
285 2004
286 1496
287 515
288 1161
289 1090
290 1973
291 2682
292 2454
293 2061
294 676
295 2945
296 1574
297 1523
298 1110
299 334
300 2768
301 1398
302 1743
303 667
304 930
305 848
306 977
307 1109
308 1281
309 604
310 223
311 1635
312 673
313 173
314 344
315 495
316 269
317 2704
318 1776
319 2313
320 2530
321 1996
322 2651
323 127
324 1279
325 1000
326 101
327 2671
328 2928
329 2893
330 2687
331 143
332 2621
333 2639
334 2617
335 2302
336 1966
337 2336
338 306
339 1919
340 1634
341 2579
342 2938
343 1481
344 2022
345 110
346 2881
347 2834
348 1418
349 511
350 263
351 1716
352 1892
353 641
354 1043
355 2096
356 1277
357 310
358 2689
359 710
360 2025
361 2904
362 1925
363 1617
364 1616
365 2804
366 989
367 779
368 911
369 2054
370 1283
371 2455
372 2021
373 2953
374 102
375 2602
376 1657
377 2660
378 2761
379 716
380 771
381 2403
382 2156
383 2504
384 2937
385 1309
386 2881
387 2982
388 625
389 2717
390 462
391 1016
392 759
393 1879
394 2419
395 1763
396 930
397 1549
398 982
399 1022
400 2892
401 1905
402 1991
403 1274
404 503
405 1762
406 1898
407 2490
408 1440
409 857
410 2632
411 2971
412 627
413 2356
414 44
415 290
416 315
417 220
418 2720
419 2959
420 231
421 805
422 2785
423 2971
424 2120
425 2763
426 2979
427 134
428 1864
429 402
430 556
431 2548
432 1223
433 974
434 360
435 1402
436 697
437 2440
438 2433
439 1017
440 1950
441 1299
442 1579
443 188
444 708
445 1791
446 2631
447 2173
448 686
449 1365
450 867
451 2876
452 1978
453 2256
454 1654
455 2990
456 1115
457 2285
458 1121
459 1913
460 1465
461 1014
462 1422
463 372
464 2086
465 1919
466 237
467 355
468 410
469 1332
470 247
471 174
472 2154
473 196
474 2499
475 817
476 732
477 51
478 1973
479 1926
480 2285
481 2895
482 657
483 1582
484 704
485 2898
486 1347
487 1727
488 2022
489 1288
490 977
491 1359
492 1747
493 1029
494 1975
495 184
496 1835
497 1786
498 426
499 2721
500 956
501 672
502 2041
503 2068
504 900
505 1560
506 2212
507 1717
508 1416
509 475
510 1318
511 592
512 1202
513 2488
514 344
515 1838
516 2184
517 173
518 2326
519 1979
520 1010
521 2341
522 1224
523 1380
524 1777
525 2605
526 1414
527 313
528 87
529 2102
530 251
531 1653
532 651
533 1778
534 2252
535 1453
536 1280
537 2701
538 2955
539 452
540 2144
541 2362
542 397
543 2598
544 668
545 2177
546 1741
547 743
548 2898
549 2404
550 2983
551 2213
552 2554
553 1750
554 2663
555 1700

