787 67
0 625
1 2462
2 2212
3 2481
4 1616
5 1894
6 2449
7 2329
8 1390
9 2722
10 2647
11 1489
12 2130
13 1622
14 128
15 1513
16 266
17 1874
18 2552
19 612
20 1952
21 91
22 1777
23 2759
24 1021
25 2302
26 2819
27 2359
28 136
29 1899
30 957
31 40
32 416
33 1661
34 1317
35 598
36 144
37 2489
38 127
39 696
40 122
41 1220
42 2557
43 1666
44 1121
45 1259
46 302
47 695
48 627
49 91
50 1116
51 582
52 1392
53 44
54 397
55 2172
56 768
57 2476
58 2269
59 1592
60 212
61 1536
62 2847
63 129
64 1216
65 51
66 2182
67 2734
68 1869
69 2414
70 266
71 2126
72 589
73 2373
74 2547
75 2016
76 2819
77 2217
78 1498
79 1616
80 2936
81 160
82 1081
83 2462
84 2063
85 2833
86 591
87 2752
88 328
89 1505
90 2042
91 528
92 2577
93 2142
94 2616
95 1901
96 1142
97 2608
98 901
99 1353
100 1501
101 1349
102 2965
103 19
104 1111
105 641
106 2317
107 2706
108 2409
109 47
110 127
111 2922
112 2845
113 1443
114 2176
115 2357
116 191
117 374
118 325
119 2275
120 2724
121 414
122 2649
123 1079
124 722
125 20
126 1665
127 2709
128 2833
129 2666
130 1659
131 1728
132 1136
133 361
134 879
135 2161
136 639
137 374
138 2179
139 2250
140 163
141 301
142 2510
143 752
144 1978
145 449
146 2306
147 2696
148 2041
149 1782
150 872
151 552
152 2470
153 1087
154 1539
155 478
156 140
157 1049
158 1039
159 1084
160 150
161 1949
162 1865
163 1699
164 1174
165 1634
166 706
167 1374
168 680
169 2977
170 78
171 477
172 2230
173 1894
174 687
175 2524
176 834
177 2845
178 1666
179 1290
180 2432
181 1189
182 640
183 2170
184 437
185 1247
186 386
187 2055
188 2207
189 1219
190 1393
191 1746
192 1075
193 953
194 488
195 875
196 2004
197 1299
198 49
199 434
200 856
201 1576
202 488
203 2054
204 1527
205 433
206 2267
207 267
208 983
209 774
210 1962
211 957
212 2368
213 2617
214 726
215 1521
216 1459
217 1622
218 190
219 2918
220 2248
221 1942
222 760
223 1776
224 1409
225 1710
226 674
227 139
228 197
229 1821
230 2909
231 2717
232 308
233 166
234 2964
235 465
236 2486
237 1109
238 171
239 2834
240 2250
241 1542
242 2568
243 1859
244 1977
245 1369
246 1349
247 2923
248 2028
249 644
250 2147
251 353
252 394
253 2445
254 220
255 1304
256 2195
257 438
258 833
259 2480
260 940
261 1473
262 2730
263 1350
264 2466
265 152
266 729
267 1790
268 2035
269 1000
270 744
271 2057
272 284
273 947
274 610
275 1652
276 1440
277 2954
278 291
279 2794
280 621
281 894
282 501
283 169
284 859
285 1740
286 1151
287 2974
288 2271
289 520
290 2070
291 2506
292 2989
293 2240
294 415
295 139
296 2089
297 1477
298 2035
299 1458
300 2985
301 1524
302 2874
303 1273
304 425
305 748
306 1604
307 1797
308 1666
309 199
310 2025
311 822
312 2240
313 2531
314 2500
315 37
316 714
317 2165
318 2771
319 608
320 2568
321 2933
322 785
323 1444
324 949
325 2404
326 2679
327 2114
328 2600
329 2556
330 1727
331 1541
332 1386
333 743
334 961
335 2026
336 936
337 2598
338 301
339 898
340 977
341 37
342 1425
343 2117
344 2198
345 2572
346 1787
347 1282
348 2286
349 1655
350 1938
351 588
352 1859
353 1534
354 1539
355 2528
356 1508
357 2455
358 2179
359 177
360 2651
361 2459
362 1809
363 784
364 2100
365 1042
366 2607
367 1763
368 2764
369 2228
370 907
371 1359
372 544
373 673
374 509
375 2577
376 2896
377 1596
378 2052
379 2879
380 859
381 1105
382 406
383 1924
384 342
385 1883
386 2472
387 2464
388 765
389 2765
390 709
391 880
392 2635
393 2614
394 173
395 96
396 1766
397 1594
398 573
399 1041
400 1165
401 1558
402 1351
403 2412
404 1634
405 2356
406 2359
407 1972
408 464
409 1450
410 1781
411 1588
412 926
413 2030
414 194
415 2340
416 968
417 2583
418 364
419 1799
420 1896
421 1169
422 2724
423 648
424 840
425 2519
426 731
427 2090
428 1484
429 1657
430 685
431 2760
432 1932
433 625
434 1983
435 914
436 969
437 1214
438 520
439 2780
440 46
441 330
442 707
443 1199
444 1422
445 483
446 972
447 640
448 1315
449 2393
450 2552
451 1715
452 365
453 1357
454 1936
455 2765
456 840
457 432
458 1266
459 755
460 1634
461 2211
462 2225
463 370
464 2698
465 2786
466 736
467 2016
468 1596
469 2427
470 191
471 601
472 2889
473 1401
474 781
475 1172
476 1073
477 2279
478 615
479 102
480 568
481 2591
482 758
483 396
484 2643
485 877
486 1725
487 967
488 13
489 2161
490 1084
491 2803
492 1227
493 77
494 1678
495 751
496 915
497 796
498 954
499 1431
500 1170
501 671
502 2912
503 233
504 590
505 454
506 2162
507 956
508 2946
509 613
510 515
511 2390
512 2466
513 2202
514 1427
515 1026
516 1685
517 713
518 2905
519 1672
520 2413
521 1237
522 2085
523 2375
524 533
525 2758
526 837
527 2743
528 1555
529 576
530 2372
531 2650
532 1788
533 164
534 2868
535 1711
536 56
537 1319
538 548
539 398
540 2036
541 1909
542 2684
543 1045
544 1030
545 932
546 2405
547 1207
548 2107
549 784
550 1304
551 204
552 1419
553 1096
554 1242
555 1138
556 1538
557 174
558 1259
559 1598
560 1816
561 522
562 407
563 796
564 2204
565 1439
566 1811
567 1024
568 1229
569 1885
570 337
571 2891
572 1294
573 1106
574 2591
575 2206
576 464
577 806
578 214
579 57
580 2034
581 502
582 2753
583 1868
584 2740
585 192
586 1618
587 2087
588 1058
589 2808
590 151
591 1187
592 691
593 1088
594 1445
595 941
596 2068
597 54
598 867
599 1783
600 28
601 1524
602 167
603 2688
604 1109
605 2493
606 2156
607 1655
608 2527
609 1110
610 1261
611 704
612 1238
613 2259
614 1691
615 695
616 1788
617 2109
618 1951
619 705
620 490
621 1279
622 479
623 770
624 2817
625 139
626 1899
627 2061
628 2065
629 1097
630 783
631 288
632 2290
633 2544
634 444
635 2309
636 1264
637 2791
638 1039
639 1744
640 7
641 2170
642 793
643 784
644 2831
645 908
646 102
647 460
648 967
649 2207
650 1185
651 2859
652 1278
653 2331
654 2414
655 951
656 1512
657 2736
658 1232
659 2192
660 2489
661 1566
662 1220
663 2132
664 1569
665 413
666 834
667 2838
668 2851
669 2568
670 534
671 2619
672 1627
673 2465
674 2740
675 516
676 1912
677 2784
678 1089
679 2898
680 803
681 927
682 1980
683 373
684 1724
685 2740
686 2805
687 42
688 728
689 2983
690 1975
691 2947
692 1751
693 1130
694 1682
695 2611
696 1826
697 1397
698 785
699 2438
700 1976
701 2291
702 2505
703 1414
704 123
705 1746
706 1551
707 2536
708 2122
709 1281
710 264
711 1641
712 3000
713 598
714 1306
715 303
716 271
717 327
718 1480
719 198
720 2179
721 2017
722 1484
723 2611
724 1598
725 1415
726 2504
727 2629
728 1405
729 2380
730 1831
731 314
732 1458
733 226
734 1297
735 2892
736 2381
737 454
738 304
739 2609
740 2540
741 92
742 554
743 1832
744 604
745 2673
746 740
747 566
748 791
749 120
750 43
751 1009
752 2418
753 1735
754 1218
755 2592
756 1259
757 1457
758 1491
759 1844
760 945
761 830
762 1467
763 2758
764 1172
765 2759
766 224
767 1457
768 1502
769 1670
770 2544
771 115
772 5
773 1466
774 2663
775 1438
776 2147
777 1761
778 1207
779 2650
780 695
781 1729
782 943
783 983
784 529
785 1621
786 1038

