542 77
0 117
1 1394
2 1959
3 767
4 2945
5 855
6 2148
7 2252
8 1382
9 2958
10 1899
11 168
12 782
13 960
14 203
15 863
16 293
17 1714
18 2088
19 975
20 197
21 2177
22 2201
23 641
24 226
25 2345
26 280
27 1636
28 1436
29 843
30 426
31 341
32 1583
33 1911
34 1786
35 1343
36 2364
37 2384
38 12
39 382
40 2879
41 2888
42 1033
43 1936
44 962
45 50
46 1955
47 2678
48 352
49 2126
50 1878
51 1827
52 800
53 1254
54 2912
55 817
56 2620
57 980
58 1592
59 31
60 762
61 1304
62 273
63 370
64 1220
65 1325
66 69
67 1443
68 2766
69 369
70 788
71 2639
72 519
73 1485
74 195
75 2634
76 371
77 323
78 1890
79 305
80 702
81 1021
82 1242
83 1293
84 935
85 2442
86 1244
87 2395
88 642
89 2217
90 160
91 2148
92 791
93 1273
94 1506
95 2617
96 2637
97 1387
98 1977
99 2151
100 1663
101 2876
102 1617
103 601
104 274
105 461
106 641
107 1494
108 1425
109 1265
110 1543
111 754
112 492
113 939
114 1028
115 12
116 2787
117 2298
118 1341
119 730
120 2118
121 1126
122 2237
123 509
124 2783
125 408
126 209
127 1297
128 2112
129 2986
130 537
131 179
132 2042
133 2962
134 1823
135 2702
136 671
137 207
138 1948
139 547
140 1270
141 2469
142 1588
143 1139
144 502
145 1177
146 1832
147 575
148 1732
149 1486
150 2579
151 1332
152 442
153 2092
154 2918
155 445
156 2043
157 1703
158 644
159 2321
160 2278
161 1460
162 2416
163 1071
164 822
165 2047
166 2161
167 51
168 350
169 0
170 2076
171 913
172 1756
173 206
174 2227
175 1729
176 1231
177 1493
178 1294
179 2978
180 2414
181 800
182 1219
183 1761
184 1619
185 814
186 300
187 1426
188 1877
189 705
190 1469
191 762
192 729
193 346
194 152
195 890
196 1901
197 1162
198 1901
199 2356
200 146
201 2936
202 1449
203 565
204 1620
205 149
206 327
207 747
208 1105
209 2585
210 2091
211 2364
212 1041
213 1985
214 1485
215 1780
216 2199
217 2991
218 675
219 658
220 1004
221 1712
222 1961
223 2554
224 1250
225 1574
226 877
227 404
228 2438
229 2074
230 1163
231 27
232 2759
233 2205
234 1981
235 1508
236 1424
237 273
238 807
239 675
240 2893
241 955
242 1898
243 1334
244 772
245 2921
246 492
247 2137
248 750
249 687
250 862
251 2927
252 1291
253 2122
254 1249
255 1239
256 1985
257 229
258 289
259 1433
260 2115
261 1823
262 1885
263 2142
264 1803
265 1109
266 446
267 1452
268 490
269 109
270 1067
271 958
272 1506
273 1880
274 1046
275 854
276 504
277 2162
278 1627
279 2895
280 2421
281 917
282 2716
283 2596
284 2593
285 242
286 2863
287 1393
288 2847
289 52
290 136
291 2694
292 1424
293 266
294 2485
295 2155
296 933
297 643
298 1730
299 1818
300 1876
301 92
302 2923
303 914
304 1026
305 2886
306 1838
307 211
308 1591
309 2561
310 1327
311 69
312 2904
313 2018
314 613
315 2587
316 663
317 2097
318 60
319 1807
320 641
321 1594
322 1390
323 2862
324 1179
325 2209
326 2028
327 2211
328 2647
329 16
330 1672
331 2688
332 562
333 2658
334 1959
335 1829
336 11
337 2917
338 598
339 2477
340 176
341 731
342 946
343 2955
344 2441
345 309
346 717
347 63
348 1926
349 2635
350 2996
351 835
352 1043
353 1257
354 2471
355 907
356 970
357 2669
358 2068
359 2018
360 136
361 1653
362 290
363 2574
364 203
365 1481
366 1985
367 2031
368 527
369 16
370 246
371 2351
372 2961
373 836
374 2170
375 2469
376 964
377 886
378 2459
379 816
380 1698
381 1131
382 2760
383 1422
384 1980
385 2133
386 1595
387 1625
388 2452
389 1160
390 69
391 402
392 1023
393 2253
394 305
395 831
396 2797
397 1340
398 126
399 237
400 1268
401 2419
402 94
403 881
404 1055
405 1890
406 1385
407 2472
408 1068
409 2818
410 1050
411 2492
412 1783
413 749
414 237
415 2523
416 1160
417 2046
418 1978
419 2122
420 1364
421 1280
422 2536
423 524
424 330
425 1597
426 1181
427 930
428 2658
429 2478
430 2820
431 1718
432 1
433 765
434 2349
435 2446
436 2955
437 1208
438 562
439 1877
440 1688
441 241
442 1884
443 2282
444 2389
445 1727
446 251
447 383
448 2754
449 62
450 1378
451 413
452 937
453 1849
454 140
455 146
456 150
457 1641
458 2649
459 511
460 1278
461 2174
462 1871
463 1276
464 542
465 1400
466 2641
467 2423
468 1567
469 1095
470 573
471 2297
472 158
473 1162
474 1625
475 2085
476 417
477 529
478 1242
479 1124
480 36
481 1966
482 537
483 2331
484 377
485 1865
486 2319
487 488
488 2885
489 1710
490 2559
491 1130
492 2282
493 2578
494 2749
495 827
496 33
497 1484
498 1266
499 2339
500 2054
501 84
502 2818
503 2616
504 384
505 2155
506 1520
507 2473
508 104
509 33
510 2299
511 1393
512 1281
513 843
514 1802
515 746
516 106
517 2046
518 1346
519 856
520 2136
521 2453
522 130
523 85
524 2898
525 1718
526 2304
527 1582
528 2058
529 238
530 628
531 1011
532 2707
533 2169
534 538
535 989
536 2224
537 2475
538 2746
539 152
540 637
541 1487

