994 48
0 2139
1 2418
2 1108
3 1643
4 2186
5 400
6 787
7 1491
8 47
9 2731
10 456
11 278
12 546
13 2830
14 1796
15 1122
16 627
17 1054
18 2067
19 1730
20 2863
21 2609
22 592
23 1235
24 303
25 1208
26 2705
27 2068
28 564
29 148
30 2318
31 2120
32 2329
33 2350
34 945
35 154
36 505
37 2480
38 2390
39 1567
40 1765
41 2022
42 1720
43 571
44 365
45 296
46 819
47 963
48 911
49 256
50 2731
51 197
52 688
53 1014
54 1565
55 2126
56 2580
57 2444
58 1678
59 1191
60 1959
61 72
62 2200
63 1757
64 1354
65 1777
66 2426
67 2932
68 2839
69 1550
70 2948
71 2276
72 117
73 2509
74 2687
75 826
76 1837
77 3
78 2902
79 1399
80 913
81 2462
82 435
83 1939
84 2113
85 100
86 2074
87 410
88 1367
89 2384
90 812
91 1454
92 1439
93 1321
94 2774
95 428
96 1989
97 740
98 2784
99 1810
100 2448
101 2901
102 2993
103 1995
104 1535
105 1107
106 1916
107 438
108 1057
109 673
110 2719
111 921
112 1963
113 1030
114 1805
115 1152
116 728
117 1492
118 2375
119 1708
120 30
121 1227
122 2918
123 2740
124 2622
125 1775
126 2565
127 1861
128 369
129 591
130 2645
131 2414
132 322
133 2144
134 2613
135 1061
136 789
137 973
138 2669
139 778
140 1631
141 2517
142 2365
143 2375
144 1805
145 2917
146 1967
147 1710
148 2859
149 2642
150 2004
151 860
152 1275
153 1945
154 1906
155 1932
156 2648
157 963
158 2258
159 1539
160 773
161 2309
162 1595
163 2321
164 2317
165 2061
166 107
167 2823
168 2059
169 1525
170 811
171 1178
172 1147
173 716
174 2805
175 1181
176 2679
177 1046
178 2480
179 2137
180 1279
181 476
182 2391
183 1025
184 2573
185 1034
186 2597
187 1511
188 1384
189 1710
190 990
191 789
192 2288
193 1469
194 58
195 704
196 482
197 2479
198 1320
199 1568
200 875
201 15
202 1140
203 2951
204 2873
205 836
206 1816
207 637
208 2358
209 1319
210 2159
211 1453
212 844
213 1551
214 2929
215 2612
216 2494
217 1613
218 1040
219 1054
220 367
221 2419
222 2809
223 1397
224 2801
225 2295
226 1293
227 1313
228 1669
229 2970
230 463
231 179
232 2996
233 1757
234 2367
235 866
236 1939
237 807
238 499
239 2629
240 1435
241 1639
242 2366
243 2484
244 421
245 571
246 1164
247 1856
248 2508
249 2253
250 2339
251 2562
252 1532
253 705
254 1036
255 2690
256 27
257 2666
258 2559
259 2231
260 854
261 1354
262 1777
263 2760
264 1562
265 1793
266 2599
267 697
268 2955
269 1992
270 2041
271 814
272 326
273 881
274 2159
275 2480
276 1930
277 559
278 1432
279 2579
280 1757
281 812
282 1796
283 295
284 440
285 933
286 953
287 342
288 1511
289 891
290 880
291 346
292 2541
293 1722
294 1562
295 2171
296 2736
297 1897
298 1136
299 325
300 1079
301 264
302 60
303 2382
304 2027
305 1786
306 1085
307 767
308 1984
309 1596
310 2420
311 1378
312 1961
313 895
314 1870
315 972
316 1024
317 251
318 2494
319 2737
320 1514
321 1001
322 222
323 2937
324 2206
325 163
326 2503
327 410
328 2831
329 1744
330 325
331 1893
332 2726
333 2802
334 2866
335 2876
336 219
337 770
338 535
339 759
340 973
341 2189
342 2885
343 571
344 18
345 316
346 2561
347 1898
348 2757
349 34
350 417
351 1375
352 2682
353 97
354 1374
355 1616
356 2927
357 530
358 2265
359 168
360 2533
361 427
362 1464
363 2625
364 322
365 2827
366 1184
367 1985
368 2457
369 15
370 2446
371 1885
372 1723
373 2543
374 2824
375 2742
376 651
377 2458
378 1714
379 2291
380 1012
381 2971
382 620
383 237
384 2834
385 574
386 1791
387 784
388 517
389 987
390 2323
391 47
392 2712
393 1924
394 1209
395 1803
396 878
397 1976
398 780
399 1119
400 433
401 745
402 1664
403 890
404 1643
405 717
406 1340
407 1238
408 398
409 1214
410 1315
411 2395
412 143
413 1539
414 949
415 1651
416 2326
417 2187
418 362
419 892
420 1573
421 559
422 1668
423 2013
424 1451
425 1463
426 1992
427 58
428 2206
429 946
430 1721
431 1857
432 273
433 811
434 1104
435 1762
436 2798
437 454
438 1196
439 2365
440 39
441 1561
442 1675
443 1830
444 2480
445 1681
446 381
447 1916
448 233
449 1880
450 1518
451 1675
452 1675
453 2177
454 2398
455 2174
456 1651
457 1088
458 367
459 1223
460 820
461 2609
462 1298
463 495
464 871
465 2553
466 279
467 192
468 618
469 2344
470 1449
471 2810
472 2717
473 1055
474 1516
475 1073
476 2935
477 646
478 485
479 1122
480 2543
481 1533
482 1406
483 1686
484 1726
485 912
486 2344
487 289
488 1327
489 1711
490 2012
491 2641
492 466
493 1186
494 2741
495 2912
496 72
497 1670
498 876
499 1126
500 2842
501 2538
502 2323
503 584
504 962
505 1958
506 1994
507 1154
508 2647
509 386
510 228
511 2050
512 1087
513 376
514 760
515 32
516 2678
517 2772
518 359
519 2812
520 1853
521 230
522 2098
523 1022
524 2906
525 2080
526 2322
527 1
528 2985
529 2207
530 288
531 2766
532 939
533 1265
534 2795
535 1229
536 263
537 857
538 1300
539 1839
540 2004
541 2303
542 242
543 2609
544 2884
545 1470
546 464
547 504
548 2142
549 411
550 559
551 2911
552 1124
553 2041
554 1910
555 2821
556 2788
557 371
558 2371
559 2348
560 2906
561 2957
562 1325
563 1234
564 24
565 98
566 2645
567 1987
568 351
569 2771
570 480
571 2543
572 355
573 2843
574 242
575 1261
576 1903
577 508
578 1048
579 28
580 2619
581 1422
582 105
583 1253
584 2701
585 2078
586 735
587 244
588 471
589 1625
590 2653
591 2076
592 1680
593 721
594 2009
595 1425
596 439
597 1971
598 1901
599 1419
600 1790
601 251
602 2821
603 2332
604 835
605 1334
606 2754
607 1670
608 2481
609 1711
610 1028
611 1466
612 1911
613 2344
614 589
615 1359
616 2406
617 1485
618 2701
619 98
620 1598
621 1674
622 2481
623 182
624 33
625 2528
626 2678
627 1094
628 2936
629 2404
630 1703
631 1922
632 652
633 2334
634 2816
635 429
636 1847
637 472
638 1432
639 1974
640 1976
641 433
642 1953
643 627
644 641
645 901
646 2396
647 1213
648 709
649 614
650 928
651 2166
652 1618
653 2443
654 2455
655 2376
656 1177
657 1201
658 687
659 448
660 478
661 2640
662 1603
663 629
664 509
665 2983
666 1977
667 2733
668 1166
669 2366
670 691
671 1196
672 2388
673 1911
674 450
675 2067
676 471
677 1074
678 894
679 2943
680 1023
681 648
682 2311
683 347
684 1045
685 741
686 2701
687 642
688 136
689 2207
690 1763
691 793
692 663
693 2564
694 2368
695 2348
696 741
697 2399
698 2926
699 2969
700 2495
701 2718
702 851
703 1174
704 144
705 1166
706 2552
707 1350
708 2722
709 2543
710 224
711 351
712 2428
713 2488
714 1518
715 469
716 1317
717 484
718 1740
719 126
720 2231
721 471
722 2306
723 2425
724 1160
725 1738
726 929
727 2585
728 1032
729 1728
730 1113
731 2770
732 2099
733 144
734 1588
735 1256
736 1637
737 300
738 1606
739 1922
740 904
741 1069
742 2536
743 2098
744 682
745 1135
746 2
747 324
748 1985
749 719
750 889
751 1096
752 2881
753 125
754 1967
755 2403
756 31
757 1315
758 1251
759 814
760 896
761 1313
762 381
763 381
764 2154
765 198
766 2677
767 2416
768 210
769 1539
770 2864
771 2892
772 1213
773 852
774 1364
775 2805
776 1543
777 226
778 2007
779 2249
780 2807
781 150
782 2111
783 1804
784 2691
785 1876
786 1771
787 729
788 928
789 2208
790 2386
791 109
792 1573
793 1076
794 1162
795 684
796 2999
797 2846
798 2809
799 1798
800 2093
801 39
802 1046
803 1004
804 2165
805 772
806 603
807 839
808 2120
809 1436
810 2272
811 817
812 2343
813 2696
814 638
815 1176
816 775
817 1686
818 2291
819 1972
820 533
821 1112
822 2410
823 1590
824 1124
825 37
826 2854
827 754
828 2973
829 1160
830 107
831 1607
832 1830
833 2052
834 1856
835 2209
836 219
837 2146
838 2963
839 2755
840 1123
841 273
842 858
843 1528
844 521
845 1951
846 1098
847 1293
848 1459
849 204
850 2566
851 1450
852 1953
853 2396
854 2770
855 2660
856 302
857 2172
858 2924
859 2519
860 2062
861 2412
862 533
863 1498
864 393
865 806
866 2683
867 114
868 1347
869 1209
870 1746
871 1114
872 2262
873 1544
874 1566
875 1455
876 1413
877 1749
878 2904
879 1394
880 1159
881 2539
882 2923
883 29
884 1260
885 599
886 549
887 454
888 1065
889 2783
890 2159
891 19
892 2809
893 220
894 1746
895 1333
896 224
897 654
898 744
899 1033
900 1751
901 2263
902 2950
903 2068
904 1365
905 1632
906 2598
907 593
908 1191
909 2839
910 2739
911 787
912 2672
913 2479
914 290
915 545
916 2608
917 460
918 2538
919 2762
920 2426
921 1813
922 2949
923 950
924 1914
925 1435
926 1199
927 2381
928 313
929 535
930 1106
931 1490
932 2495
933 1228
934 1923
935 1971
936 1044
937 1037
938 378
939 2212
940 1237
941 67
942 1199
943 117
944 405
945 2018
946 2627
947 411
948 244
949 2198
950 2089
951 1165
952 2181
953 2738
954 2939
955 2281
956 876
957 2852
958 1391
959 1158
960 1158
961 791
962 2582
963 852
964 2334
965 1283
966 2937
967 1833
968 460
969 1689
970 1224
971 452
972 206
973 2058
974 979
975 11
976 1732
977 1861
978 1831
979 1029
980 1018
981 2016
982 2450
983 2511
984 1389
985 2978
986 467
987 1326
988 2402
989 1105
990 1451
991 1622
992 122
993 1125

