641 4
0 610
1 1128
2 2790
3 1693
4 1209
5 1500
6 2164
7 2358
8 2278
9 1001
10 1777
11 885
12 2515
13 1614
14 398
15 1781
16 2961
17 188
18 911
19 2268
20 761
21 1352
22 2996
23 2297
24 80
25 1995
26 95
27 342
28 793
29 2614
30 1462
31 2401
32 485
33 2406
34 293
35 1920
36 2281
37 975
38 2591
39 1583
40 2150
41 2132
42 183
43 1768
44 354
45 2157
46 917
47 1557
48 2800
49 1955
50 400
51 2875
52 1479
53 2364
54 866
55 1752
56 1065
57 2047
58 1569
59 699
60 2021
61 891
62 940
63 28
64 279
65 1592
66 2282
67 2920
68 1132
69 158
70 1703
71 2343
72 1762
73 1266
74 2840
75 536
76 2171
77 240
78 2148
79 866
80 1710
81 1684
82 2261
83 20
84 1421
85 2383
86 1038
87 885
88 2304
89 1572
90 2119
91 709
92 2553
93 1393
94 990
95 1385
96 1255
97 498
98 1875
99 2334
100 1108
101 169
102 2003
103 1772
104 1434
105 2071
106 1042
107 1955
108 2220
109 799
110 2092
111 1277
112 2595
113 1936
114 1084
115 2745
116 398
117 86
118 1332
119 2046
120 2324
121 1393
122 1493
123 2670
124 2147
125 374
126 2583
127 58
128 167
129 2820
130 501
131 2242
132 2985
133 2564
134 2233
135 292
136 361
137 2318
138 237
139 467
140 271
141 1594
142 2249
143 189
144 720
145 2509
146 2045
147 51
148 2067
149 2827
150 511
151 2614
152 1218
153 2445
154 527
155 2235
156 637
157 1813
158 2052
159 875
160 2575
161 646
162 1621
163 964
164 2883
165 2351
166 949
167 2393
168 1246
169 2336
170 2073
171 2966
172 2914
173 50
174 2137
175 1031
176 1007
177 388
178 2508
179 1028
180 1138
181 1589
182 2275
183 2636
184 926
185 2503
186 752
187 440
188 1161
189 1966
190 126
191 1896
192 144
193 1572
194 2256
195 1081
196 646
197 2871
198 1096
199 1168
200 1466
201 2475
202 342
203 2614
204 1006
205 105
206 924
207 2645
208 1067
209 1437
210 1734
211 754
212 2273
213 1326
214 14
215 189
216 2369
217 2183
218 364
219 2923
220 2082
221 1923
222 2551
223 707
224 2324
225 2561
226 2944
227 1897
228 1974
229 1862
230 1490
231 1563
232 797
233 860
234 2682
235 1355
236 2228
237 1728
238 2820
239 295
240 2252
241 824
242 1834
243 2865
244 2642
245 1633
246 2001
247 1688
248 1979
249 2794
250 2288
251 2515
252 2335
253 1564
254 2768
255 2335
256 665
257 2521
258 199
259 1550
260 2481
261 1924
262 1687
263 1647
264 799
265 1948
266 2722
267 299
268 2361
269 2664
270 2823
271 1187
272 84
273 2090
274 2108
275 616
276 91
277 2665
278 556
279 1942
280 2810
281 219
282 403
283 193
284 1750
285 901
286 113
287 2699
288 515
289 845
290 330
291 1359
292 607
293 2190
294 786
295 1365
296 1964
297 1702
298 751
299 2252
300 2164
301 1302
302 1674
303 2906
304 1246
305 1770
306 1858
307 1001
308 11
309 1275
310 2474
311 2680
312 1620
313 2728
314 796
315 355
316 1392
317 712
318 1849
319 1917
320 1088
321 2676
322 407
323 235
324 1068
325 2057
326 1844
327 212
328 2078
329 2750
330 642
331 429
332 2068
333 2110
334 2134
335 2393
336 2622
337 68
338 276
339 171
340 1288
341 97
342 1020
343 2445
344 1011
345 1499
346 768
347 680
348 2613
349 2075
350 408
351 677
352 26
353 1258
354 191
355 681
356 2707
357 923
358 1766
359 2632
360 184
361 1576
362 1131
363 2573
364 1347
365 1559
366 601
367 1385
368 442
369 396
370 234
371 1565
372 665
373 1043
374 1877
375 1310
376 695
377 364
378 151
379 1770
380 297
381 47
382 1983
383 679
384 223
385 188
386 397
387 2967
388 601
389 1623
390 281
391 2136
392 429
393 1674
394 2765
395 1273
396 525
397 1644
398 1682
399 1673
400 306
401 1785
402 527
403 938
404 494
405 2999
406 1926
407 495
408 589
409 1596
410 28
411 2314
412 1449
413 1767
414 176
415 1586
416 954
417 1147
418 1082
419 2274
420 1643
421 1773
422 2137
423 2296
424 1537
425 2824
426 1804
427 1547
428 1161
429 1643
430 597
431 1817
432 1022
433 968
434 91
435 2562
436 2779
437 251
438 1000
439 167
440 530
441 1692
442 1365
443 125
444 2094
445 2889
446 949
447 2204
448 2667
449 1922
450 990
451 2562
452 2941
453 1434
454 596
455 950
456 398
457 2238
458 1570
459 1821
460 2469
461 1018
462 2428
463 615
464 1134
465 509
466 3000
467 152
468 1427
469 2201
470 360
471 776
472 2767
473 1795
474 2237
475 1864
476 1139
477 1867
478 1909
479 282
480 1578
481 409
482 940
483 2336
484 76
485 217
486 72
487 159
488 1663
489 1641
490 1714
491 1179
492 1930
493 668
494 803
495 964
496 1828
497 2754
498 2721
499 546
500 1624
501 356
502 727
503 2
504 2622
505 1649
506 2176
507 2225
508 758
509 247
510 1046
511 1882
512 64
513 1974
514 1421
515 2606
516 217
517 1065
518 2159
519 1378
520 2670
521 577
522 390
523 79
524 820
525 183
526 2482
527 1105
528 1318
529 15
530 755
531 1373
532 2237
533 1598
534 126
535 189
536 1082
537 2517
538 838
539 426
540 2443
541 158
542 977
543 1206
544 2510
545 1134
546 1399
547 26
548 2426
549 354
550 882
551 1875
552 92
553 2899
554 2720
555 1024
556 2017
557 1229
558 2105
559 2449
560 1989
561 2303
562 2888
563 434
564 2248
565 225
566 1375
567 1132
568 2203
569 1537
570 1346
571 2633
572 127
573 960
574 10
575 551
576 132
577 2018
578 237
579 2101
580 1319
581 2629
582 1163
583 2930
584 2588
585 1955
586 352
587 2738
588 1498
589 2340
590 907
591 1799
592 2528
593 1870
594 2018
595 1437
596 2154
597 672
598 2840
599 792
600 626
601 2320
602 140
603 576
604 1602
605 2424
606 2801
607 1685
608 1136
609 238
610 2085
611 2282
612 2829
613 1053
614 1638
615 906
616 2538
617 633
618 657
619 497
620 1433
621 1691
622 1381
623 1287
624 1146
625 1922
626 2651
627 1547
628 885
629 2225
630 2823
631 2315
632 2011
633 1827
634 1777
635 500
636 2888
637 1589
638 492
639 812
640 1616

