107 60
0 2200
1 1278
2 587
3 1088
4 2540
5 1001
6 572
7 1427
8 1101
9 330
10 2064
11 2327
12 1084
13 229
14 1927
15 382
16 1292
17 710
18 824
19 2781
20 1422
21 278
22 645
23 1957
24 204
25 2561
26 145
27 2194
28 155
29 307
30 2661
31 734
32 225
33 886
34 2326
35 2184
36 1607
37 600
38 2810
39 2420
40 1396
41 503
42 1692
43 1217
44 1862
45 150
46 1761
47 1856
48 1238
49 1510
50 281
51 755
52 2592
53 38
54 849
55 298
56 2570
57 1238
58 31
59 1228
60 2229
61 1153
62 2091
63 2046
64 2638
65 2858
66 1193
67 1840
68 2897
69 2968
70 1063
71 901
72 1784
73 397
74 355
75 265
76 2044
77 374
78 1328
79 2251
80 215
81 2609
82 1972
83 1588
84 294
85 1684
86 1751
87 266
88 2499
89 963
90 2028
91 2454
92 2704
93 2947
94 428
95 1985
96 1835
97 1310
98 2949
99 706
100 2309
101 1513
102 507
103 2403
104 1776
105 1227
106 629

