147 5
0 2268
1 2697
2 2264
3 2443
4 648
5 2554
6 528
7 2974
8 919
9 2929
10 1995
11 2957
12 606
13 1864
14 2865
15 1692
16 2488
17 2263
18 2670
19 2173
20 2318
21 849
22 543
23 811
24 1297
25 1545
26 1763
27 1197
28 2699
29 184
30 2484
31 167
32 1162
33 143
34 2433
35 1482
36 2766
37 1901
38 809
39 1785
40 2502
41 1110
42 1056
43 644
44 2613
45 553
46 179
47 113
48 958
49 210
50 2842
51 1124
52 1691
53 530
54 2187
55 1161
56 2684
57 728
58 1312
59 469
60 23
61 764
62 1326
63 706
64 1528
65 43
66 1285
67 926
68 2444
69 403
70 592
71 1864
72 281
73 1328
74 1750
75 1867
76 55
77 2750
78 650
79 1101
80 2355
81 2444
82 2349
83 1668
84 228
85 2087
86 1356
87 478
88 715
89 577
90 1277
91 1373
92 1804
93 730
94 1886
95 1395
96 577
97 340
98 464
99 1368
100 2726
101 1962
102 1684
103 1791
104 370
105 1158
106 480
107 1629
108 1762
109 2005
110 225
111 605
112 378
113 1173
114 70
115 2956
116 2505
117 1916
118 1092
119 691
120 88
121 478
122 1154
123 1782
124 67
125 2051
126 1106
127 2906
128 2398
129 1624
130 664
131 2141
132 20
133 2578
134 571
135 1518
136 1241
137 2620
138 2570
139 1113
140 236
141 1225
142 2315
143 1996
144 1919
145 210
146 207

