901 98
0 1957
1 758
2 2456
3 1390
4 2802
5 2617
6 843
7 1758
8 2454
9 1542
10 1941
11 1940
12 1759
13 722
14 0
15 1604
16 2024
17 1406
18 2287
19 721
20 64
21 2575
22 474
23 1941
24 1676
25 1525
26 2108
27 2433
28 361
29 899
30 2789
31 1786
32 2957
33 1428
34 1465
35 2775
36 1834
37 1424
38 629
39 511
40 1131
41 2347
42 1508
43 2292
44 1854
45 101
46 151
47 2227
48 1594
49 1439
50 1604
51 2050
52 1797
53 1608
54 299
55 459
56 1025
57 1851
58 1935
59 2370
60 1710
61 64
62 1892
63 2622
64 1242
65 1818
66 795
67 2361
68 722
69 2015
70 2751
71 1807
72 176
73 777
74 1656
75 1475
76 679
77 1135
78 97
79 752
80 665
81 2031
82 1028
83 124
84 1976
85 733
86 1777
87 1215
88 2915
89 605
90 1863
91 1885
92 2391
93 1864
94 2568
95 306
96 1261
97 2545
98 247
99 1277
100 1136
101 2401
102 2644
103 417
104 769
105 2125
106 352
107 940
108 615
109 536
110 937
111 1593
112 1232
113 2172
114 1154
115 15
116 1661
117 1571
118 1352
119 1868
120 359
121 407
122 2678
123 2067
124 1357
125 985
126 2900
127 1639
128 241
129 649
130 2382
131 1315
132 2288
133 266
134 394
135 1187
136 1996
137 36
138 2617
139 1731
140 489
141 674
142 66
143 682
144 894
145 1354
146 440
147 1251
148 2204
149 2871
150 182
151 2502
152 140
153 899
154 423
155 998
156 2323
157 2438
158 1671
159 828
160 2779
161 42
162 1404
163 2837
164 326
165 1642
166 1692
167 261
168 1728
169 692
170 808
171 535
172 100
173 1015
174 2044
175 1154
176 2378
177 507
178 2282
179 1312
180 114
181 2839
182 2087
183 50
184 538
185 1269
186 443
187 139
188 1370
189 2527
190 1982
191 391
192 954
193 2867
194 2516
195 2573
196 2400
197 98
198 2121
199 1946
200 1474
201 2514
202 845
203 2203
204 2670
205 2526
206 751
207 1451
208 831
209 985
210 1375
211 895
212 2532
213 96
214 966
215 612
216 2420
217 1827
218 897
219 225
220 2934
221 1138
222 559
223 925
224 2668
225 1466
226 1323
227 2233
228 2984
229 2995
230 2986
231 359
232 124
233 528
234 215
235 2178
236 912
237 342
238 126
239 906
240 2236
241 287
242 2113
243 76
244 1400
245 1018
246 6
247 47
248 2525
249 1812
250 187
251 2718
252 2120
253 2783
254 1737
255 998
256 2508
257 541
258 654
259 2693
260 2124
261 1143
262 768
263 2870
264 2830
265 2058
266 27
267 2844
268 939
269 991
270 2375
271 2912
272 2872
273 644
274 1065
275 2059
276 1309
277 2490
278 2885
279 2251
280 276
281 2649
282 1894
283 607
284 2651
285 356
286 847
287 2159
288 2324
289 1643
290 1514
291 350
292 1767
293 1802
294 996
295 471
296 2125
297 1850
298 1202
299 1222
300 458
301 81
302 750
303 1225
304 1801
305 1609
306 1983
307 2514
308 2659
309 2967
310 1545
311 1962
312 271
313 1559
314 2004
315 2782
316 556
317 1049
318 595
319 914
320 1672
321 2215
322 348
323 1434
324 2490
325 519
326 193
327 990
328 825
329 2932
330 2025
331 730
332 656
333 775
334 1380
335 1858
336 604
337 2825
338 808
339 2309
340 1194
341 19
342 2867
343 790
344 2757
345 1226
346 2582
347 1667
348 250
349 1493
350 2147
351 293
352 266
353 2843
354 2601
355 1178
356 1160
357 503
358 1801
359 2369
360 2251
361 451
362 1083
363 874
364 1248
365 920
366 2452
367 2566
368 191
369 996
370 2757
371 987
372 1412
373 2601
374 896
375 948
376 2879
377 2505
378 348
379 1083
380 2992
381 1010
382 1337
383 1077
384 900
385 83
386 2440
387 277
388 31
389 747
390 2148
391 1755
392 1489
393 1887
394 337
395 65
396 2104
397 2473
398 727
399 1420
400 2625
401 472
402 2770
403 2112
404 2531
405 2099
406 1472
407 2129
408 95
409 111
410 30
411 1456
412 2713
413 1316
414 557
415 2313
416 640
417 1193
418 495
419 1634
420 1168
421 2700
422 1681
423 494
424 599
425 48
426 1254
427 2030
428 2320
429 1550
430 82
431 1494
432 1141
433 126
434 1764
435 2211
436 1327
437 1914
438 650
439 213
440 1681
441 1146
442 2286
443 534
444 294
445 2690
446 1970
447 2288
448 2400
449 228
450 35
451 1063
452 942
453 508
454 1687
455 476
456 42
457 1399
458 2325
459 725
460 2027
461 2416
462 2660
463 1310
464 2139
465 1859
466 2541
467 1755
468 1203
469 366
470 1384
471 1963
472 1909
473 2176
474 1346
475 1675
476 1071
477 450
478 226
479 2717
480 1292
481 2715
482 873
483 334
484 512
485 1101
486 1036
487 1995
488 1543
489 2909
490 786
491 2455
492 2239
493 307
494 2340
495 2214
496 1754
497 1544
498 1713
499 1639
500 2139
501 2624
502 814
503 2865
504 2206
505 1968
506 2706
507 1178
508 541
509 1715
510 1685
511 2495
512 2613
513 32
514 580
515 2768
516 2983
517 871
518 461
519 2068
520 1574
521 779
522 273
523 632
524 1969
525 677
526 1800
527 1283
528 1541
529 1476
530 1781
531 1415
532 486
533 1499
534 1637
535 497
536 870
537 1269
538 2843
539 661
540 2992
541 1296
542 2027
543 2130
544 427
545 952
546 2377
547 2206
548 1960
549 1470
550 2456
551 1036
552 1267
553 2930
554 1775
555 1270
556 510
557 1038
558 2097
559 2758
560 1111
561 2692
562 2675
563 2949
564 737
565 502
566 1969
567 1924
568 1251
569 2618
570 1846
571 1999
572 2666
573 337
574 663
575 1184
576 1275
577 1679
578 1914
579 824
580 1814
581 854
582 991
583 970
584 1373
585 1603
586 2594
587 2301
588 2897
589 2739
590 2178
591 2567
592 491
593 1068
594 2042
595 2231
596 1241
597 1684
598 456
599 2078
600 1573
601 2749
602 1672
603 2446
604 2994
605 1797
606 815
607 49
608 2454
609 2449
610 2523
611 1487
612 1000
613 274
614 1742
615 459
616 2701
617 2005
618 927
619 1205
620 1677
621 916
622 2273
623 802
624 1512
625 1099
626 2217
627 1661
628 1060
629 2662
630 2649
631 542
632 1139
633 1539
634 1407
635 440
636 1077
637 919
638 1314
639 1263
640 2322
641 1086
642 2991
643 136
644 904
645 2609
646 2356
647 2267
648 432
649 1820
650 2247
651 2355
652 1276
653 395
654 2767
655 2494
656 1762
657 1001
658 1955
659 1527
660 2319
661 766
662 60
663 2705
664 2150
665 1800
666 2503
667 279
668 1348
669 1213
670 2681
671 2958
672 2072
673 2669
674 1421
675 744
676 1376
677 1552
678 1074
679 1222
680 1023
681 681
682 388
683 612
684 2088
685 1091
686 1655
687 1715
688 2028
689 367
690 1805
691 545
692 2815
693 82
694 2826
695 589
696 1141
697 2192
698 2885
699 2891
700 327
701 1706
702 2457
703 227
704 1819
705 2912
706 2697
707 1168
708 1950
709 1964
710 1670
711 2484
712 2105
713 1296
714 2499
715 1426
716 1082
717 256
718 2906
719 1050
720 349
721 422
722 1401
723 1522
724 474
725 2653
726 2822
727 2112
728 2978
729 741
730 2282
731 24
732 1665
733 353
734 1081
735 300
736 1858
737 286
738 2449
739 409
740 1360
741 649
742 264
743 1562
744 744
745 1277
746 2354
747 1786
748 1779
749 2435
750 2664
751 76
752 155
753 1850
754 1398
755 669
756 279
757 2890
758 764
759 2215
760 557
761 2809
762 1745
763 2828
764 2763
765 109
766 867
767 1980
768 586
769 768
770 2123
771 505
772 2528
773 2615
774 2360
775 2503
776 1020
777 639
778 2210
779 1680
780 1087
781 2731
782 806
783 1877
784 2922
785 2850
786 2294
787 1824
788 1252
789 65
790 242
791 2033
792 2213
793 2634
794 2764
795 702
796 2844
797 1418
798 1805
799 2548
800 909
801 2463
802 1013
803 2051
804 902
805 2532
806 2027
807 1615
808 2205
809 2607
810 1979
811 548
812 1431
813 2996
814 1995
815 1424
816 2919
817 656
818 366
819 2308
820 2145
821 2641
822 2037
823 823
824 1710
825 1118
826 669
827 2685
828 859
829 2671
830 2505
831 391
832 2144
833 2243
834 2749
835 632
836 1724
837 500
838 173
839 2021
840 1462
841 372
842 1952
843 1540
844 58
845 1563
846 72
847 1268
848 913
849 1714
850 394
851 884
852 2100
853 893
854 1333
855 2644
856 1686
857 1614
858 2973
859 714
860 188
861 2879
862 1356
863 557
864 556
865 1698
866 2396
867 1129
868 1538
869 2774
870 1559
871 442
872 1378
873 918
874 2745
875 253
876 1731
877 2403
878 468
879 1305
880 2687
881 1027
882 1136
883 710
884 1558
885 2790
886 260
887 975
888 1423
889 2527
890 2717
891 2685
892 1799
893 618
894 884
895 2788
896 1980
897 1516
898 1018
899 2498
900 1449

