99 77
0 1306
1 2554
2 1705
3 2054
4 186
5 2166
6 2824
7 1145
8 94
9 1472
10 1455
11 286
12 615
13 393
14 1857
15 2877
16 2886
17 343
18 1766
19 838
20 1476
21 2269
22 238
23 116
24 2576
25 1710
26 1045
27 548
28 1832
29 1290
30 817
31 1217
32 186
33 885
34 1066
35 1352
36 452
37 463
38 628
39 1609
40 389
41 2220
42 899
43 1078
44 32
45 2625
46 2336
47 1624
48 2590
49 2648
50 995
51 266
52 79
53 2379
54 2088
55 178
56 2847
57 1626
58 2107
59 923
60 2596
61 2549
62 506
63 296
64 572
65 2408
66 2418
67 1712
68 2839
69 379
70 1982
71 587
72 2437
73 2517
74 2171
75 2274
76 2958
77 2454
78 2221
79 2104
80 2655
81 1423
82 1350
83 2603
84 1201
85 160
86 1399
87 1320
88 2318
89 2764
90 1349
91 1558
92 506
93 2682
94 2419
95 2264
96 938
97 1529
98 2070

