253 72
0 2485
1 2802
2 2135
3 705
4 944
5 75
6 2516
7 1820
8 507
9 2019
10 2997
11 2240
12 1462
13 11
14 1677
15 2024
16 2291
17 456
18 746
19 2043
20 2933
21 1051
22 1433
23 2442
24 398
25 1635
26 592
27 967
28 1351
29 922
30 398
31 1085
32 1098
33 2514
34 2043
35 1722
36 69
37 2620
38 2884
39 1499
40 2082
41 632
42 2372
43 530
44 2522
45 1669
46 1158
47 823
48 543
49 2916
50 475
51 1222
52 1105
53 1619
54 2212
55 1428
56 1491
57 283
58 1690
59 1134
60 730
61 2753
62 1538
63 804
64 331
65 2052
66 2678
67 1172
68 408
69 363
70 422
71 2480
72 578
73 2200
74 2408
75 2695
76 1143
77 130
78 2067
79 1701
80 2455
81 757
82 872
83 585
84 1791
85 1978
86 1428
87 116
88 2407
89 1092
90 2642
91 955
92 583
93 1376
94 2491
95 867
96 1631
97 2848
98 1350
99 402
100 2737
101 1743
102 2476
103 2464
104 2697
105 2217
106 816
107 867
108 312
109 1222
110 2524
111 1334
112 1620
113 2753
114 475
115 1991
116 2082
117 2727
118 1251
119 586
120 922
121 876
122 404
123 1182
124 2975
125 2347
126 481
127 1459
128 621
129 256
130 1481
131 1860
132 154
133 1609
134 2882
135 986
136 202
137 1849
138 1978
139 318
140 2702
141 2615
142 2758
143 2083
144 1592
145 2434
146 1901
147 119
148 1252
149 1168
150 840
151 2656
152 1059
153 1132
154 1018
155 1052
156 1315
157 584
158 360
159 1324
160 2324
161 1565
162 2821
163 248
164 700
165 2362
166 2748
167 2421
168 2337
169 266
170 2126
171 2045
172 2278
173 2267
174 1445
175 1694
176 2984
177 2625
178 1520
179 590
180 2110
181 2235
182 2272
183 124
184 1544
185 1178
186 652
187 135
188 433
189 1587
190 1955
191 726
192 1332
193 2172
194 2992
195 2215
196 1078
197 117
198 1338
199 1186
200 881
201 2139
202 2022
203 458
204 1642
205 1363
206 2533
207 189
208 1793
209 2715
210 1207
211 1261
212 428
213 1455
214 339
215 1849
216 1606
217 1213
218 233
219 2356
220 2494
221 1248
222 433
223 1696
224 2576
225 1892
226 898
227 1283
228 2590
229 2770
230 2149
231 1479
232 2032
233 728
234 816
235 989
236 2429
237 1439
238 1187
239 2244
240 2212
241 1837
242 320
243 1874
244 2533
245 1000
246 760
247 763
248 1150
249 821
250 765
251 658
252 654

