616 62
0 1366
1 1624
2 1432
3 68
4 2096
5 2435
6 735
7 2713
8 369
9 2578
10 738
11 2931
12 836
13 2510
14 559
15 2629
16 803
17 1503
18 2239
19 2460
20 1568
21 925
22 1885
23 22
24 292
25 2869
26 107
27 2968
28 2155
29 1883
30 969
31 897
32 2810
33 2942
34 1644
35 527
36 883
37 435
38 865
39 1492
40 2553
41 2445
42 1583
43 1555
44 1029
45 2268
46 2359
47 680
48 2498
49 2336
50 193
51 51
52 2053
53 2971
54 2157
55 374
56 2252
57 609
58 1099
59 2717
60 1084
61 377
62 1265
63 303
64 2950
65 2594
66 2527
67 1962
68 1781
69 1915
70 1933
71 2197
72 1761
73 1764
74 1702
75 1898
76 1078
77 2174
78 2563
79 956
80 1850
81 409
82 436
83 419
84 2927
85 878
86 662
87 1733
88 233
89 1640
90 2263
91 927
92 1545
93 987
94 450
95 1762
96 834
97 2
98 2376
99 444
100 1454
101 1416
102 453
103 138
104 2905
105 2772
106 1346
107 1107
108 799
109 2542
110 197
111 1238
112 1788
113 495
114 1625
115 2863
116 2002
117 2160
118 457
119 2874
120 75
121 2267
122 1308
123 2265
124 2426
125 2425
126 535
127 1636
128 454
129 2982
130 1005
131 1765
132 283
133 996
134 2389
135 2224
136 963
137 203
138 140
139 855
140 1786
141 2253
142 1376
143 1052
144 1377
145 2588
146 259
147 352
148 2631
149 1131
150 1207
151 469
152 282
153 404
154 1009
155 1286
156 2899
157 580
158 2360
159 642
160 246
161 1565
162 2578
163 1864
164 2952
165 790
166 12
167 1189
168 2378
169 1944
170 193
171 2145
172 2573
173 1871
174 967
175 946
176 1219
177 1209
178 805
179 939
180 722
181 1280
182 2804
183 392
184 2991
185 1598
186 109
187 1184
188 100
189 596
190 2293
191 1749
192 834
193 1183
194 1017
195 1014
196 1419
197 111
198 1164
199 2027
200 2528
201 2392
202 2188
203 1918
204 228
205 1418
206 710
207 1633
208 71
209 923
210 1701
211 2363
212 1581
213 2670
214 760
215 2577
216 118
217 1502
218 371
219 93
220 2365
221 1678
222 2771
223 928
224 2493
225 435
226 1467
227 2984
228 1030
229 2809
230 2338
231 1971
232 2751
233 2232
234 2556
235 2882
236 232
237 2271
238 479
239 2843
240 1854
241 2741
242 1251
243 746
244 2894
245 2601
246 692
247 1108
248 141
249 2242
250 1412
251 1210
252 2847
253 2626
254 2852
255 591
256 1847
257 1237
258 2020
259 2690
260 1582
261 208
262 2281
263 464
264 2103
265 371
266 1937
267 490
268 260
269 539
270 277
271 2225
272 2320
273 352
274 2795
275 1960
276 2675
277 529
278 699
279 2926
280 1369
281 1483
282 2116
283 3
284 1220
285 799
286 1694
287 1362
288 30
289 632
290 735
291 573
292 2586
293 2198
294 2910
295 845
296 2878
297 611
298 848
299 2192
300 831
301 955
302 2212
303 2079
304 784
305 1063
306 2790
307 2824
308 40
309 1835
310 190
311 590
312 1511
313 2614
314 1301
315 1249
316 1065
317 1761
318 593
319 2115
320 643
321 2659
322 1767
323 1544
324 2624
325 211
326 617
327 2580
328 1155
329 2738
330 627
331 1160
332 1943
333 2888
334 2875
335 1365
336 2280
337 483
338 2845
339 1278
340 1204
341 318
342 2204
343 792
344 84
345 1413
346 2961
347 1401
348 266
349 1762
350 2540
351 512
352 2045
353 2924
354 1322
355 1471
356 2146
357 86
358 2210
359 148
360 1370
361 1464
362 152
363 1430
364 2088
365 1680
366 863
367 2243
368 1776
369 1763
370 1543
371 17
372 967
373 680
374 1157
375 809
376 871
377 1311
378 233
379 1782
380 369
381 1312
382 2792
383 1195
384 2978
385 865
386 1219
387 260
388 42
389 31
390 2511
391 2106
392 1258
393 2772
394 2810
395 1790
396 1741
397 2980
398 1902
399 771
400 609
401 1858
402 2152
403 1674
404 122
405 2895
406 407
407 2332
408 1866
409 976
410 2726
411 480
412 644
413 385
414 523
415 778
416 45
417 417
418 1843
419 838
420 2327
421 2237
422 2746
423 2437
424 1876
425 499
426 1015
427 1594
428 1476
429 949
430 1891
431 2168
432 714
433 2498
434 2071
435 2064
436 634
437 1953
438 1614
439 1401
440 1686
441 1854
442 1646
443 1659
444 2526
445 1898
446 1553
447 2552
448 2265
449 707
450 2035
451 2211
452 2824
453 2438
454 2743
455 1572
456 2591
457 341
458 2961
459 860
460 631
461 2236
462 131
463 1648
464 2727
465 248
466 2671
467 1609
468 1931
469 281
470 593
471 1377
472 323
473 1656
474 1175
475 467
476 942
477 1151
478 691
479 1100
480 1048
481 1143
482 1597
483 2796
484 1043
485 2484
486 2915
487 1795
488 1961
489 2729
490 845
491 2298
492 2361
493 635
494 2421
495 1857
496 1897
497 2233
498 1161
499 1029
500 2126
501 1793
502 1645
503 1405
504 1597
505 2987
506 1546
507 2829
508 1673
509 1370
510 785
511 2130
512 2143
513 845
514 1306
515 178
516 2186
517 184
518 1120
519 408
520 1797
521 675
522 621
523 2755
524 571
525 278
526 2164
527 899
528 1382
529 1054
530 550
531 83
532 1504
533 1812
534 2181
535 612
536 1691
537 298
538 497
539 1136
540 1009
541 2717
542 2652
543 179
544 2652
545 2795
546 2333
547 1996
548 1069
549 1632
550 1160
551 67
552 1941
553 2460
554 16
555 2926
556 587
557 2870
558 1793
559 2903
560 1371
561 2388
562 451
563 1131
564 2468
565 798
566 58
567 2562
568 2720
569 620
570 2862
571 2879
572 862
573 2077
574 2145
575 2690
576 1573
577 1578
578 2786
579 2990
580 1646
581 840
582 1483
583 1102
584 1397
585 244
586 1861
587 2596
588 971
589 807
590 190
591 2137
592 1861
593 52
594 2336
595 2979
596 134
597 2759
598 1414
599 2101
600 1201
601 1350
602 2079
603 711
604 363
605 1633
606 308
607 1125
608 104
609 434
610 729
611 13
612 1879
613 2504
614 2039
615 2086

