537 26
0 430
1 1155
2 1286
3 998
4 1922
5 2791
6 495
7 1482
8 559
9 2735
10 1250
11 1947
12 272
13 1967
14 1735
15 2069
16 1337
17 1304
18 1852
19 2194
20 1402
21 2684
22 89
23 1462
24 1343
25 1141
26 2912
27 31
28 14
29 1669
30 2149
31 1621
32 2615
33 2679
34 119
35 2587
36 79
37 1300
38 648
39 359
40 1341
41 939
42 1786
43 2569
44 1611
45 935
46 2018
47 689
48 1092
49 2572
50 928
51 596
52 2286
53 1791
54 264
55 2786
56 2681
57 2454
58 1325
59 761
60 2292
61 1926
62 637
63 34
64 2071
65 527
66 2811
67 1861
68 2868
69 1164
70 52
71 2234
72 2536
73 2957
74 1246
75 2567
76 2453
77 1141
78 2457
79 1676
80 1739
81 2111
82 1499
83 2479
84 853
85 2599
86 363
87 1387
88 860
89 736
90 766
91 76
92 1159
93 1655
94 2537
95 2808
96 2711
97 2287
98 441
99 452
100 1725
101 1978
102 931
103 2962
104 2706
105 354
106 1163
107 1278
108 195
109 391
110 746
111 500
112 791
113 2285
114 1967
115 974
116 2766
117 588
118 1177
119 670
120 384
121 549
122 939
123 1028
124 2549
125 1924
126 304
127 1272
128 1138
129 1764
130 1476
131 2990
132 2682
133 2863
134 798
135 2158
136 905
137 1821
138 2782
139 1765
140 778
141 2744
142 1090
143 34
144 859
145 534
146 1382
147 1170
148 1035
149 1854
150 2798
151 261
152 2517
153 1298
154 915
155 1235
156 2959
157 2553
158 106
159 1210
160 764
161 1413
162 387
163 2976
164 1305
165 1219
166 2763
167 2965
168 2196
169 530
170 1682
171 2467
172 2095
173 1824
174 2608
175 410
176 2183
177 186
178 2401
179 973
180 650
181 268
182 2776
183 1065
184 2243
185 1384
186 2113
187 942
188 2466
189 2446
190 1600
191 2762
192 58
193 2480
194 2902
195 720
196 260
197 190
198 251
199 488
200 2940
201 2858
202 667
203 123
204 2564
205 1744
206 412
207 2358
208 574
209 742
210 2072
211 1496
212 742
213 2927
214 788
215 2601
216 1506
217 2066
218 170
219 1731
220 1444
221 1598
222 1114
223 2267
224 263
225 528
226 327
227 311
228 1849
229 1221
230 2464
231 1281
232 919
233 1089
234 379
235 2993
236 584
237 534
238 2837
239 2556
240 2566
241 836
242 690
243 1279
244 1301
245 349
246 198
247 592
248 2559
249 1328
250 2914
251 1250
252 752
253 1179
254 964
255 1787
256 117
257 344
258 50
259 1085
260 2990
261 2156
262 2959
263 1407
264 622
265 382
266 1916
267 1665
268 286
269 696
270 1459
271 1242
272 796
273 567
274 1326
275 1958
276 1952
277 2891
278 2426
279 431
280 1372
281 1584
282 1867
283 2991
284 2848
285 1027
286 1653
287 1458
288 1976
289 2863
290 596
291 1469
292 1592
293 1486
294 1352
295 479
296 155
297 649
298 463
299 1483
300 2568
301 910
302 1925
303 1432
304 1518
305 731
306 1329
307 1279
308 1876
309 1633
310 2354
311 540
312 644
313 1284
314 1156
315 683
316 1187
317 1274
318 2785
319 1626
320 2466
321 66
322 1693
323 1833
324 2493
325 1836
326 2179
327 2692
328 1234
329 1563
330 2780
331 1499
332 2580
333 152
334 279
335 1624
336 740
337 455
338 1773
339 1155
340 2058
341 305
342 728
343 1337
344 1095
345 1790
346 1506
347 2797
348 1887
349 535
350 1702
351 333
352 1073
353 1327
354 1473
355 504
356 2234
357 2297
358 1188
359 2287
360 726
361 961
362 298
363 890
364 145
365 2511
366 2159
367 2451
368 2938
369 2197
370 189
371 872
372 1557
373 1816
374 149
375 1071
376 1260
377 2626
378 805
379 632
380 2593
381 39
382 1676
383 957
384 1604
385 2170
386 1627
387 2663
388 322
389 1434
390 1974
391 2955
392 2098
393 1824
394 2086
395 1127
396 248
397 2434
398 1821
399 1734
400 2425
401 2964
402 151
403 2481
404 1165
405 642
406 1176
407 2797
408 2931
409 2649
410 595
411 2343
412 1824
413 1104
414 2234
415 1564
416 1161
417 801
418 1801
419 2760
420 2731
421 2875
422 1827
423 1563
424 2235
425 64
426 254
427 2451
428 681
429 329
430 1065
431 2313
432 777
433 1080
434 2230
435 2120
436 2353
437 1108
438 1720
439 565
440 285
441 2580
442 2143
443 688
444 2631
445 1789
446 2423
447 1382
448 2719
449 1144
450 2747
451 963
452 561
453 735
454 931
455 2444
456 2266
457 1811
458 1244
459 1942
460 827
461 921
462 1050
463 1728
464 2222
465 1944
466 273
467 2059
468 2496
469 2659
470 1270
471 1839
472 2511
473 497
474 2764
475 122
476 1535
477 652
478 177
479 2322
480 693
481 1705
482 1320
483 2541
484 693
485 2449
486 271
487 2428
488 2155
489 1825
490 984
491 2655
492 1495
493 2300
494 70
495 1412
496 2851
497 1359
498 1779
499 2458
500 2368
501 2318
502 397
503 2024
504 467
505 310
506 14
507 1009
508 143
509 2216
510 2622
511 2931
512 2306
513 2961
514 2371
515 2516
516 1014
517 2179
518 2799
519 422
520 2413
521 2358
522 207
523 2512
524 487
525 332
526 877
527 2089
528 1488
529 559
530 650
531 1935
532 917
533 450
534 2747
535 2413
536 29

