609 96
0 1462
1 2789
2 2253
3 2836
4 1863
5 2451
6 965
7 800
8 1067
9 1308
10 190
11 1806
12 357
13 2505
14 39
15 2437
16 1156
17 1892
18 2506
19 2802
20 1803
21 310
22 2506
23 1210
24 200
25 1056
26 161
27 1733
28 1563
29 925
30 2044
31 844
32 2822
33 1578
34 2605
35 1851
36 765
37 2290
38 609
39 2336
40 408
41 1271
42 1114
43 2802
44 1832
45 2421
46 2734
47 1367
48 444
49 1023
50 1473
51 1730
52 2945
53 1988
54 2566
55 2241
56 1886
57 2783
58 914
59 1731
60 1681
61 1692
62 1079
63 317
64 2149
65 1973
66 1466
67 2127
68 1149
69 364
70 1241
71 544
72 2465
73 2357
74 2117
75 665
76 686
77 352
78 260
79 1023
80 2549
81 2845
82 1544
83 301
84 1938
85 168
86 142
87 1774
88 1221
89 2245
90 358
91 391
92 1892
93 2562
94 1119
95 1
96 352
97 368
98 2195
99 1326
100 2193
101 423
102 1019
103 1312
104 819
105 455
106 486
107 2624
108 829
109 134
110 523
111 2839
112 1829
113 870
114 930
115 736
116 305
117 2447
118 1577
119 2500
120 725
121 1480
122 2874
123 2634
124 1882
125 2745
126 1928
127 1294
128 960
129 558
130 2810
131 2409
132 2823
133 1983
134 52
135 2914
136 2451
137 2731
138 295
139 1500
140 490
141 2113
142 2885
143 1972
144 2254
145 273
146 2822
147 329
148 983
149 2004
150 1462
151 1164
152 2745
153 1144
154 2258
155 665
156 153
157 1268
158 2575
159 658
160 561
161 1425
162 1246
163 153
164 2621
165 1223
166 2263
167 2894
168 1754
169 742
170 1083
171 1905
172 1929
173 621
174 172
175 1426
176 2169
177 1947
178 764
179 1138
180 1503
181 1550
182 2453
183 2123
184 2905
185 1975
186 708
187 2309
188 2394
189 843
190 707
191 98
192 2015
193 577
194 2604
195 2455
196 2373
197 397
198 2662
199 1010
200 224
201 548
202 1340
203 633
204 2213
205 2609
206 1457
207 337
208 2677
209 2186
210 219
211 1054
212 1080
213 776
214 2383
215 86
216 881
217 105
218 1398
219 1073
220 401
221 190
222 2925
223 360
224 2352
225 2125
226 1928
227 1581
228 2503
229 2641
230 248
231 255
232 333
233 2930
234 2894
235 206
236 1207
237 1967
238 501
239 1731
240 2348
241 100
242 2825
243 741
244 2621
245 436
246 855
247 1021
248 2882
249 915
250 1889
251 624
252 979
253 2854
254 1530
255 1868
256 155
257 321
258 87
259 1109
260 13
261 2660
262 1610
263 771
264 2312
265 1746
266 2158
267 2684
268 1048
269 27
270 2185
271 1973
272 281
273 357
274 1891
275 2008
276 2989
277 789
278 413
279 1038
280 256
281 2159
282 1262
283 2704
284 2029
285 2502
286 101
287 525
288 2107
289 2750
290 2618
291 897
292 2091
293 1447
294 1743
295 1750
296 2333
297 944
298 914
299 1345
300 2495
301 2727
302 290
303 1212
304 2452
305 1910
306 1306
307 2872
308 777
309 1127
310 2529
311 2268
312 185
313 2017
314 307
315 1211
316 2861
317 286
318 1865
319 2236
320 1728
321 2112
322 2806
323 981
324 716
325 2845
326 96
327 1538
328 1347
329 2927
330 1463
331 1862
332 2039
333 2390
334 2211
335 2991
336 2140
337 2372
338 2350
339 110
340 2060
341 749
342 2200
343 251
344 1327
345 1509
346 2615
347 974
348 1425
349 1022
350 1402
351 947
352 1629
353 917
354 723
355 553
356 1435
357 683
358 2128
359 2803
360 982
361 1880
362 1016
363 1970
364 2898
365 1547
366 101
367 2130
368 793
369 1325
370 32
371 1239
372 2684
373 2007
374 528
375 1974
376 1749
377 924
378 1974
379 315
380 1311
381 1651
382 684
383 2793
384 1809
385 2232
386 2586
387 1453
388 923
389 2413
390 580
391 1617
392 1057
393 242
394 2715
395 190
396 807
397 2459
398 2706
399 2627
400 1517
401 473
402 664
403 109
404 23
405 995
406 2015
407 1146
408 2454
409 2791
410 2949
411 1161
412 1347
413 2953
414 2175
415 977
416 2539
417 114
418 2872
419 2111
420 1542
421 1008
422 1003
423 257
424 2035
425 739
426 602
427 233
428 1137
429 1688
430 572
431 2096
432 399
433 2036
434 419
435 493
436 2641
437 105
438 678
439 1984
440 1470
441 1953
442 158
443 2592
444 2098
445 1980
446 2431
447 2401
448 1690
449 478
450 283
451 403
452 1818
453 2232
454 2174
455 1819
456 1923
457 249
458 2983
459 342
460 742
461 2293
462 512
463 1868
464 1274
465 134
466 1587
467 767
468 335
469 2674
470 2287
471 2851
472 537
473 1069
474 2713
475 398
476 203
477 862
478 1478
479 2037
480 2631
481 1485
482 2811
483 1999
484 2934
485 2433
486 20
487 1191
488 28
489 2426
490 2685
491 1683
492 1173
493 1320
494 2401
495 2721
496 857
497 2171
498 2628
499 1427
500 337
501 1399
502 2786
503 897
504 2949
505 374
506 1822
507 2770
508 2056
509 2251
510 1467
511 1581
512 1859
513 1904
514 137
515 2856
516 1780
517 1713
518 2040
519 2568
520 1885
521 1067
522 1866
523 224
524 2242
525 997
526 2026
527 407
528 2816
529 1076
530 1512
531 1690
532 2956
533 2992
534 897
535 344
536 1241
537 2584
538 1984
539 909
540 2959
541 406
542 301
543 2800
544 1314
545 1369
546 1977
547 2067
548 2529
549 1852
550 1071
551 2377
552 207
553 1156
554 871
555 2909
556 2595
557 1530
558 1582
559 1636
560 2656
561 964
562 2794
563 131
564 1470
565 1515
566 2822
567 1383
568 1659
569 1030
570 2204
571 6
572 888
573 1434
574 2223
575 2476
576 709
577 2589
578 2057
579 26
580 2676
581 1942
582 1289
583 1920
584 550
585 349
586 1314
587 2534
588 2921
589 1899
590 2060
591 376
592 1456
593 2540
594 980
595 42
596 2987
597 1229
598 344
599 2947
600 1237
601 722
602 2803
603 1628
604 1328
605 2001
606 688
607 1257
608 715

