882 37
0 2490
1 46
2 1463
3 1447
4 2285
5 404
6 1911
7 91
8 2034
9 2672
10 1001
11 2418
12 2478
13 1765
14 237
15 596
16 1634
17 892
18 1287
19 1419
20 2332
21 2539
22 1981
23 2010
24 176
25 643
26 2700
27 2600
28 984
29 708
30 2432
31 1739
32 2774
33 2043
34 2083
35 1098
36 2117
37 325
38 1816
39 2382
40 1838
41 320
42 530
43 2376
44 1733
45 396
46 2275
47 1133
48 781
49 764
50 2803
51 1680
52 2295
53 2420
54 1806
55 859
56 1015
57 640
58 852
59 592
60 1321
61 653
62 2477
63 1584
64 2588
65 1492
66 1622
67 1940
68 1156
69 1751
70 230
71 806
72 2592
73 2779
74 348
75 2667
76 1535
77 1226
78 1709
79 1550
80 2889
81 1818
82 1671
83 1085
84 2038
85 2242
86 402
87 1012
88 1653
89 277
90 442
91 2903
92 1806
93 361
94 653
95 246
96 203
97 907
98 1726
99 387
100 1199
101 1777
102 2348
103 2658
104 1436
105 188
106 1442
107 688
108 424
109 1926
110 116
111 2672
112 475
113 1076
114 2528
115 576
116 62
117 181
118 1816
119 65
120 356
121 776
122 101
123 240
124 1548
125 1314
126 1020
127 1289
128 736
129 2032
130 1553
131 2000
132 2194
133 1472
134 2241
135 2973
136 1208
137 2728
138 2977
139 334
140 1491
141 1147
142 2665
143 2067
144 937
145 2081
146 1125
147 2785
148 2620
149 1661
150 1973
151 889
152 1896
153 1059
154 1385
155 292
156 1017
157 674
158 1608
159 695
160 1857
161 1825
162 156
163 365
164 653
165 2022
166 1072
167 1347
168 562
169 789
170 934
171 135
172 269
173 601
174 2988
175 1797
176 2854
177 2915
178 2289
179 0
180 2197
181 2193
182 1706
183 978
184 1707
185 1525
186 397
187 1521
188 2008
189 1530
190 2701
191 515
192 1434
193 1477
194 949
195 1959
196 215
197 2028
198 561
199 1779
200 1140
201 8
202 1560
203 2713
204 1522
205 1753
206 1640
207 1872
208 2339
209 2326
210 2898
211 2139
212 59
213 362
214 2487
215 961
216 1516
217 131
218 2534
219 1334
220 1231
221 1256
222 2871
223 1320
224 2273
225 1502
226 305
227 58
228 1799
229 731
230 465
231 1014
232 1578
233 2979
234 923
235 1677
236 2614
237 2270
238 2335
239 2195
240 2342
241 2662
242 1499
243 2886
244 747
245 676
246 2624
247 222
248 1616
249 70
250 1396
251 554
252 1887
253 2671
254 2340
255 2354
256 2445
257 2435
258 1915
259 1289
260 2536
261 449
262 323
263 1230
264 507
265 2464
266 2593
267 346
268 1238
269 2024
270 2879
271 268
272 553
273 2107
274 563
275 1716
276 1649
277 965
278 2416
279 2332
280 118
281 1180
282 1243
283 1754
284 860
285 1116
286 1564
287 1409
288 2743
289 2038
290 1886
291 532
292 2002
293 2715
294 497
295 960
296 1627
297 2343
298 2712
299 697
300 133
301 2543
302 1975
303 2275
304 1579
305 328
306 1756
307 1595
308 1738
309 1391
310 626
311 1225
312 2373
313 1496
314 628
315 1380
316 2235
317 2630
318 1247
319 324
320 673
321 2202
322 1684
323 1922
324 2421
325 48
326 2997
327 2851
328 425
329 1123
330 2390
331 813
332 213
333 2471
334 988
335 1256
336 2995
337 2942
338 1833
339 677
340 2757
341 2180
342 1064
343 385
344 279
345 1519
346 712
347 1873
348 964
349 268
350 2482
351 2713
352 51
353 1483
354 933
355 974
356 1538
357 1789
358 449
359 1371
360 2991
361 2659
362 921
363 374
364 2901
365 658
366 2450
367 2769
368 645
369 162
370 698
371 36
372 789
373 151
374 1971
375 2148
376 2726
377 268
378 1710
379 652
380 2288
381 1099
382 740
383 2028
384 1661
385 2378
386 2902
387 2010
388 2700
389 588
390 1001
391 2947
392 916
393 2487
394 2757
395 1746
396 318
397 2040
398 1510
399 329
400 2164
401 1023
402 2359
403 2772
404 166
405 1517
406 1521
407 762
408 1225
409 1218
410 424
411 2679
412 2930
413 1226
414 1514
415 1954
416 47
417 236
418 2249
419 1367
420 535
421 1755
422 86
423 1727
424 1882
425 1631
426 358
427 632
428 484
429 508
430 1262
431 2316
432 716
433 629
434 484
435 4
436 45
437 2614
438 1262
439 2259
440 2245
441 1237
442 219
443 2294
444 2900
445 680
446 2848
447 523
448 705
449 1123
450 2410
451 2331
452 1215
453 1393
454 1188
455 1969
456 62
457 2126
458 266
459 930
460 2055
461 187
462 1539
463 834
464 2409
465 2223
466 1883
467 313
468 249
469 1243
470 644
471 2256
472 1409
473 369
474 47
475 1038
476 691
477 959
478 1630
479 2190
480 258
481 1574
482 506
483 560
484 2352
485 1710
486 2010
487 1135
488 695
489 2696
490 944
491 2294
492 74
493 298
494 1880
495 1277
496 1076
497 1833
498 2603
499 2006
500 2169
501 1989
502 2659
503 541
504 1141
505 1052
506 1536
507 1715
508 599
509 2208
510 2484
511 169
512 509
513 2912
514 2037
515 1919
516 1333
517 1295
518 393
519 2090
520 451
521 298
522 240
523 2072
524 2491
525 2666
526 349
527 2834
528 1128
529 441
530 2200
531 2094
532 287
533 1383
534 2100
535 210
536 2094
537 49
538 1635
539 258
540 1989
541 2351
542 2825
543 2815
544 2222
545 1473
546 1629
547 24
548 683
549 403
550 1323
551 591
552 2331
553 772
554 570
555 514
556 2594
557 2725
558 465
559 2830
560 2489
561 361
562 649
563 2208
564 1603
565 1960
566 95
567 110
568 1197
569 2777
570 2363
571 822
572 2317
573 2271
574 1382
575 565
576 1156
577 1122
578 79
579 1180
580 2772
581 2823
582 2402
583 2302
584 1543
585 2935
586 877
587 981
588 608
589 1032
590 2463
591 2811
592 2635
593 1248
594 2367
595 751
596 1455
597 1182
598 2356
599 1750
600 2686
601 1889
602 157
603 188
604 2836
605 2571
606 1661
607 1906
608 124
609 736
610 2025
611 256
612 1991
613 294
614 2849
615 2898
616 1127
617 2563
618 2572
619 2970
620 1761
621 918
622 934
623 1190
624 2646
625 1411
626 917
627 1724
628 1526
629 1661
630 1705
631 2516
632 2867
633 1134
634 609
635 28
636 2392
637 2173
638 560
639 2967
640 321
641 628
642 1974
643 1158
644 2432
645 1005
646 169
647 1319
648 570
649 2817
650 2575
651 2884
652 164
653 1865
654 998
655 637
656 689
657 942
658 1046
659 1026
660 2460
661 1998
662 2481
663 2004
664 1292
665 942
666 2237
667 457
668 2665
669 2621
670 1091
671 2729
672 598
673 320
674 613
675 733
676 735
677 1559
678 480
679 1211
680 2089
681 745
682 1020
683 1233
684 1749
685 792
686 561
687 2536
688 2812
689 630
690 2104
691 1594
692 490
693 652
694 1208
695 1890
696 2232
697 1050
698 2893
699 1791
700 1257
701 1783
702 92
703 789
704 2506
705 1644
706 2520
707 1896
708 759
709 1371
710 1682
711 2862
712 2228
713 151
714 2053
715 2350
716 2103
717 148
718 819
719 2908
720 2260
721 2989
722 398
723 1358
724 2177
725 2357
726 1529
727 1906
728 2361
729 515
730 2130
731 2960
732 2488
733 1260
734 1269
735 2179
736 138
737 1109
738 399
739 12
740 441
741 298
742 492
743 1463
744 2631
745 2342
746 288
747 2655
748 1735
749 2141
750 2943
751 2643
752 128
753 606
754 2120
755 2465
756 435
757 2241
758 550
759 1516
760 501
761 1184
762 739
763 1585
764 517
765 338
766 1634
767 1777
768 2209
769 1282
770 2778
771 2632
772 2844
773 426
774 416
775 2008
776 2765
777 1632
778 2983
779 449
780 1569
781 1992
782 2502
783 1267
784 2660
785 2972
786 1530
787 341
788 1178
789 12
790 1822
791 893
792 2751
793 2138
794 1473
795 1539
796 2419
797 2508
798 1295
799 2341
800 54
801 783
802 2798
803 1140
804 1197
805 2359
806 1541
807 1310
808 2928
809 343
810 1151
811 447
812 1045
813 359
814 2224
815 2660
816 2112
817 1047
818 1475
819 2940
820 578
821 1083
822 2787
823 835
824 698
825 1767
826 2916
827 631
828 253
829 1664
830 2496
831 2650
832 2004
833 1479
834 151
835 2856
836 2741
837 1254
838 944
839 894
840 1568
841 708
842 136
843 979
844 729
845 890
846 820
847 792
848 1585
849 368
850 651
851 1329
852 1008
853 2283
854 933
855 1839
856 1643
857 2213
858 2914
859 1258
860 2080
861 908
862 1335
863 2014
864 1348
865 922
866 2317
867 156
868 136
869 1004
870 1510
871 1462
872 1316
873 1555
874 238
875 681
876 1514
877 2386
878 52
879 903
880 1169
881 2942

