581 5
0 2515
1 1191
2 2742
3 168
4 370
5 2359
6 1283
7 888
8 76
9 309
10 1130
11 2598
12 196
13 2852
14 2039
15 1055
16 1978
17 986
18 1713
19 1753
20 759
21 344
22 1221
23 1602
24 127
25 2945
26 1654
27 256
28 2989
29 1743
30 1026
31 1805
32 184
33 1078
34 1608
35 2321
36 909
37 989
38 2007
39 1884
40 2591
41 2452
42 632
43 766
44 1962
45 1266
46 1369
47 1824
48 1949
49 1678
50 199
51 1028
52 1494
53 2210
54 1162
55 574
56 357
57 2326
58 1237
59 804
60 2525
61 9
62 1141
63 1013
64 1563
65 14
66 632
67 1685
68 493
69 53
70 1653
71 358
72 1712
73 1496
74 317
75 2418
76 1536
77 2186
78 1122
79 472
80 411
81 2973
82 1727
83 594
84 2388
85 978
86 2944
87 2080
88 1818
89 2542
90 306
91 2264
92 1647
93 1419
94 676
95 1978
96 256
97 2681
98 1958
99 2090
100 544
101 655
102 1205
103 966
104 1231
105 113
106 2783
107 970
108 1722
109 572
110 389
111 871
112 2946
113 756
114 1197
115 521
116 880
117 537
118 1647
119 2097
120 1389
121 1629
122 19
123 404
124 2496
125 1015
126 1355
127 666
128 210
129 2319
130 2037
131 1306
132 817
133 1409
134 381
135 2710
136 977
137 2703
138 2994
139 1367
140 804
141 1284
142 1935
143 2533
144 642
145 2802
146 575
147 2890
148 2098
149 1456
150 176
151 1445
152 1043
153 1524
154 745
155 2285
156 2073
157 1937
158 224
159 2747
160 2795
161 1205
162 1492
163 489
164 2176
165 53
166 531
167 1987
168 2328
169 737
170 2343
171 757
172 2798
173 1246
174 1432
175 2252
176 865
177 2221
178 1652
179 1206
180 2180
181 1622
182 2350
183 351
184 858
185 2147
186 835
187 1319
188 1392
189 1630
190 1539
191 2413
192 168
193 2990
194 761
195 976
196 888
197 309
198 2558
199 1447
200 1222
201 495
202 587
203 603
204 1582
205 1077
206 1374
207 1635
208 1569
209 1729
210 2267
211 2109
212 1558
213 55
214 2236
215 2030
216 730
217 2085
218 1427
219 2975
220 41
221 2058
222 2578
223 1840
224 2168
225 2318
226 1218
227 1424
228 928
229 1382
230 896
231 1619
232 378
233 524
234 2778
235 2355
236 2133
237 2257
238 1146
239 2004
240 1737
241 2063
242 347
243 946
244 2291
245 2554
246 2809
247 1999
248 455
249 1009
250 1804
251 1267
252 1282
253 2214
254 2735
255 2361
256 2500
257 1380
258 1528
259 623
260 2192
261 507
262 479
263 893
264 2147
265 1388
266 2259
267 1844
268 2688
269 2535
270 47
271 2949
272 2760
273 213
274 1134
275 1500
276 1106
277 1683
278 1056
279 1580
280 2257
281 1989
282 371
283 1740
284 58
285 1198
286 1146
287 42
288 2061
289 2124
290 978
291 2762
292 1174
293 2763
294 601
295 1355
296 1941
297 1399
298 578
299 500
300 2893
301 2768
302 2203
303 2470
304 1253
305 229
306 1748
307 307
308 418
309 2546
310 1147
311 896
312 607
313 400
314 2189
315 1000
316 1917
317 1903
318 2039
319 363
320 1187
321 16
322 1572
323 171
324 2872
325 556
326 734
327 1573
328 2897
329 2616
330 2297
331 780
332 2018
333 2532
334 1914
335 259
336 2243
337 166
338 2439
339 2641
340 2062
341 1929
342 114
343 140
344 2014
345 951
346 2601
347 2020
348 74
349 998
350 813
351 1048
352 308
353 176
354 458
355 556
356 321
357 1551
358 502
359 1203
360 523
361 2995
362 1886
363 2768
364 2500
365 2092
366 2678
367 1924
368 664
369 2024
370 984
371 1393
372 1214
373 2245
374 970
375 2353
376 906
377 7
378 2079
379 846
380 2820
381 2685
382 858
383 1456
384 512
385 180
386 2901
387 48
388 2068
389 2415
390 578
391 2270
392 2067
393 2524
394 1282
395 367
396 1336
397 1653
398 482
399 1882
400 428
401 540
402 2450
403 64
404 640
405 2466
406 865
407 597
408 2754
409 1136
410 1904
411 2506
412 2314
413 2739
414 2563
415 1380
416 2973
417 1035
418 1968
419 1104
420 1972
421 1800
422 781
423 2287
424 1161
425 2801
426 557
427 2311
428 2232
429 926
430 661
431 1801
432 1961
433 195
434 2624
435 2445
436 264
437 1604
438 1862
439 1495
440 2564
441 459
442 1361
443 2780
444 2263
445 2474
446 849
447 1375
448 2180
449 2782
450 443
451 1121
452 381
453 307
454 619
455 2657
456 1382
457 2073
458 1999
459 2817
460 1712
461 2236
462 1549
463 175
464 2038
465 2640
466 2274
467 426
468 2948
469 1752
470 24
471 2919
472 2951
473 902
474 265
475 2695
476 2819
477 2342
478 1993
479 2532
480 1177
481 2883
482 674
483 1039
484 2188
485 600
486 925
487 875
488 77
489 45
490 2334
491 2941
492 2332
493 1692
494 1072
495 2897
496 301
497 373
498 1231
499 2139
500 2405
501 2406
502 402
503 1000
504 618
505 1429
506 1212
507 2055
508 437
509 54
510 1258
511 556
512 2102
513 2311
514 1068
515 244
516 1355
517 2
518 750
519 2431
520 1984
521 438
522 1723
523 2937
524 1517
525 2591
526 859
527 2856
528 2140
529 2200
530 1782
531 1435
532 2346
533 947
534 2586
535 2329
536 1590
537 2281
538 2223
539 701
540 1799
541 2673
542 1650
543 1562
544 2663
545 1063
546 651
547 817
548 1004
549 2710
550 2132
551 2175
552 1417
553 2696
554 1800
555 328
556 497
557 445
558 1939
559 1651
560 1966
561 308
562 26
563 112
564 2123
565 1717
566 839
567 958
568 629
569 1030
570 2275
571 1293
572 1224
573 1135
574 2453
575 1613
576 2464
577 296
578 632
579 93
580 148

