593 78
0 1045
1 1208
2 1346
3 2015
4 335
5 1122
6 2950
7 2612
8 252
9 1209
10 694
11 1222
12 252
13 1938
14 85
15 2239
16 2526
17 2527
18 1529
19 2123
20 390
21 486
22 1918
23 2337
24 367
25 1802
26 2164
27 2693
28 506
29 2746
30 1945
31 925
32 2852
33 1850
34 2889
35 1250
36 2392
37 2754
38 796
39 364
40 1509
41 997
42 1225
43 2645
44 1406
45 2856
46 487
47 1999
48 2395
49 2862
50 1135
51 236
52 415
53 287
54 1087
55 2645
56 82
57 965
58 1253
59 611
60 1903
61 2008
62 310
63 1616
64 2811
65 1754
66 26
67 2354
68 2508
69 1200
70 899
71 963
72 155
73 406
74 1831
75 2362
76 1301
77 308
78 1628
79 1979
80 369
81 300
82 37
83 1975
84 2075
85 1703
86 775
87 2109
88 1672
89 1152
90 2778
91 2334
92 229
93 96
94 120
95 31
96 2403
97 22
98 1210
99 2400
100 2398
101 106
102 2898
103 288
104 1039
105 2781
106 1400
107 1619
108 1368
109 2436
110 536
111 2405
112 1102
113 1114
114 1891
115 1093
116 1091
117 2682
118 2457
119 1229
120 2550
121 988
122 2800
123 2451
124 2168
125 149
126 1629
127 2546
128 1603
129 528
130 2066
131 2401
132 1204
133 709
134 1652
135 873
136 2437
137 2176
138 2639
139 1317
140 1856
141 12
142 498
143 987
144 368
145 1811
146 2352
147 1837
148 2743
149 2480
150 2332
151 108
152 1901
153 2805
154 2309
155 454
156 1454
157 881
158 1460
159 1984
160 1890
161 1245
162 2204
163 1471
164 2617
165 2155
166 2317
167 708
168 1193
169 2310
170 2015
171 2117
172 2022
173 184
174 1533
175 167
176 837
177 1350
178 2556
179 204
180 2814
181 2402
182 829
183 1952
184 1640
185 2816
186 2547
187 611
188 470
189 676
190 1197
191 2030
192 769
193 158
194 2316
195 2547
196 2849
197 1269
198 1328
199 202
200 372
201 2357
202 1337
203 1371
204 2176
205 1054
206 2035
207 1987
208 2860
209 592
210 1143
211 310
212 77
213 1702
214 1477
215 1063
216 399
217 853
218 2051
219 496
220 1882
221 20
222 1689
223 81
224 2331
225 391
226 1716
227 178
228 2316
229 2222
230 2059
231 2210
232 1930
233 1610
234 958
235 2179
236 1517
237 185
238 1064
239 1081
240 721
241 1603
242 2614
243 937
244 40
245 210
246 2789
247 204
248 2217
249 2561
250 1427
251 1342
252 493
253 1640
254 1284
255 1866
256 2872
257 269
258 1064
259 1865
260 1870
261 1458
262 1975
263 2123
264 2807
265 1494
266 1099
267 1906
268 2588
269 321
270 2845
271 2525
272 1016
273 620
274 1221
275 2301
276 918
277 1824
278 1710
279 1864
280 1188
281 400
282 2261
283 454
284 771
285 2991
286 1062
287 2042
288 780
289 2160
290 2646
291 1003
292 2496
293 2017
294 2982
295 1944
296 1511
297 806
298 1381
299 2582
300 2625
301 2680
302 2685
303 386
304 769
305 666
306 1304
307 1267
308 441
309 2776
310 894
311 1364
312 1438
313 673
314 620
315 119
316 478
317 915
318 1071
319 969
320 532
321 2623
322 1939
323 1637
324 1238
325 2642
326 2867
327 393
328 2348
329 1017
330 1177
331 470
332 267
333 1475
334 800
335 22
336 1531
337 210
338 1236
339 2814
340 536
341 2371
342 226
343 1179
344 834
345 2122
346 2277
347 2633
348 1622
349 217
350 279
351 972
352 248
353 1974
354 1845
355 712
356 1876
357 2768
358 1212
359 2447
360 1948
361 1571
362 2186
363 1222
364 2911
365 992
366 330
367 2548
368 2657
369 2475
370 196
371 2401
372 126
373 2138
374 184
375 2503
376 745
377 218
378 1216
379 755
380 2153
381 865
382 1074
383 177
384 450
385 92
386 54
387 1762
388 599
389 1908
390 1460
391 2626
392 346
393 950
394 2999
395 956
396 1851
397 1288
398 55
399 1237
400 51
401 1124
402 2329
403 581
404 862
405 357
406 1477
407 128
408 1504
409 445
410 1810
411 2812
412 88
413 2297
414 1664
415 2503
416 1431
417 892
418 2629
419 2624
420 1897
421 1166
422 783
423 2479
424 1933
425 2803
426 755
427 2598
428 2664
429 511
430 1257
431 1182
432 2178
433 42
434 1281
435 2129
436 2869
437 2370
438 2991
439 2615
440 77
441 32
442 1301
443 1301
444 1952
445 1905
446 1709
447 256
448 586
449 2673
450 2010
451 2695
452 4
453 967
454 1231
455 1608
456 942
457 603
458 390
459 1431
460 964
461 1915
462 1087
463 564
464 182
465 2363
466 1480
467 1086
468 2606
469 2880
470 215
471 162
472 2808
473 84
474 2762
475 2628
476 497
477 1697
478 1140
479 2086
480 2384
481 1005
482 2124
483 2877
484 2147
485 1170
486 2466
487 434
488 2718
489 2101
490 1317
491 1393
492 2802
493 2087
494 2938
495 187
496 1924
497 2152
498 439
499 871
500 1658
501 2199
502 374
503 399
504 1440
505 1740
506 1737
507 2382
508 958
509 2925
510 466
511 2113
512 591
513 1435
514 2053
515 2310
516 2250
517 738
518 983
519 2511
520 1244
521 2196
522 1508
523 2723
524 2609
525 927
526 1462
527 1422
528 955
529 689
530 2513
531 2194
532 217
533 1574
534 835
535 430
536 1944
537 2973
538 752
539 1505
540 468
541 104
542 1044
543 531
544 2304
545 1796
546 273
547 1681
548 2923
549 116
550 741
551 2490
552 15
553 1739
554 2799
555 326
556 46
557 899
558 2563
559 1128
560 1444
561 2766
562 201
563 335
564 1411
565 974
566 2276
567 2076
568 175
569 1784
570 690
571 2829
572 1025
573 2989
574 1247
575 103
576 319
577 1770
578 2916
579 1651
580 1259
581 1858
582 1525
583 848
584 1279
585 310
586 698
587 57
588 2500
589 2948
590 2040
591 917
592 2130

