408 92
0 924
1 200
2 1350
3 455
4 2540
5 2154
6 472
7 1860
8 1849
9 1045
10 2603
11 2744
12 2050
13 1201
14 2040
15 414
16 1312
17 2993
18 1672
19 181
20 1007
21 1775
22 1166
23 2581
24 574
25 1194
26 1801
27 1504
28 370
29 1652
30 2773
31 1033
32 856
33 422
34 1359
35 1584
36 1469
37 2493
38 2567
39 190
40 959
41 290
42 1824
43 93
44 813
45 1065
46 2471
47 2953
48 1151
49 1789
50 904
51 2313
52 878
53 2000
54 2069
55 1189
56 1603
57 1120
58 311
59 2333
60 2399
61 41
62 2157
63 1461
64 2396
65 1621
66 2627
67 689
68 1496
69 1650
70 2481
71 316
72 2795
73 469
74 1069
75 852
76 773
77 1287
78 1781
79 2672
80 2752
81 2871
82 46
83 917
84 634
85 1674
86 1037
87 536
88 1861
89 1671
90 1981
91 1807
92 1638
93 409
94 973
95 2038
96 95
97 1092
98 132
99 52
100 1530
101 1758
102 1546
103 2973
104 2032
105 345
106 1069
107 2442
108 1935
109 2019
110 2354
111 2377
112 603
113 2300
114 1360
115 599
116 2616
117 1948
118 2344
119 57
120 914
121 457
122 705
123 2969
124 1535
125 489
126 231
127 2521
128 2696
129 255
130 714
131 1931
132 1517
133 1048
134 1803
135 2586
136 867
137 1217
138 1186
139 850
140 932
141 2410
142 1268
143 2095
144 555
145 2758
146 403
147 1996
148 1667
149 760
150 480
151 1773
152 2758
153 1363
154 2338
155 2453
156 1233
157 293
158 358
159 1720
160 1640
161 2695
162 1694
163 507
164 2810
165 413
166 627
167 1782
168 36
169 160
170 1192
171 1804
172 2211
173 146
174 1284
175 99
176 1499
177 1299
178 1214
179 2276
180 1309
181 457
182 2879
183 2757
184 2404
185 1486
186 1432
187 695
188 1756
189 2850
190 2979
191 1934
192 583
193 2130
194 352
195 1723
196 1216
197 2
198 19
199 578
200 498
201 1649
202 884
203 2026
204 1376
205 359
206 1492
207 216
208 180
209 1271
210 2050
211 1458
212 2170
213 790
214 1409
215 1141
216 1231
217 2661
218 1344
219 1554
220 2148
221 1311
222 1756
223 377
224 1942
225 1182
226 1235
227 2802
228 154
229 2323
230 2211
231 2865
232 1762
233 2518
234 1588
235 1816
236 699
237 2117
238 946
239 2735
240 2369
241 2743
242 2808
243 965
244 1683
245 2847
246 2738
247 1021
248 193
249 2993
250 2626
251 189
252 1964
253 1063
254 687
255 821
256 1763
257 1344
258 2670
259 419
260 2583
261 2611
262 471
263 609
264 31
265 359
266 1541
267 2154
268 1585
269 957
270 1006
271 1550
272 2692
273 2742
274 1093
275 2796
276 1294
277 1657
278 2196
279 283
280 2610
281 2075
282 1258
283 428
284 1982
285 2580
286 1725
287 428
288 66
289 650
290 1992
291 69
292 2586
293 1896
294 1019
295 2905
296 791
297 2027
298 2951
299 584
300 2173
301 2506
302 1231
303 2899
304 1426
305 1990
306 1358
307 1382
308 955
309 1649
310 115
311 2296
312 408
313 969
314 586
315 149
316 2263
317 2953
318 1960
319 2286
320 783
321 2295
322 2683
323 471
324 1023
325 288
326 2253
327 2746
328 785
329 1721
330 2278
331 2513
332 1300
333 1063
334 2726
335 1339
336 2756
337 1500
338 1456
339 891
340 2384
341 891
342 701
343 108
344 2028
345 825
346 342
347 1837
348 279
349 2217
350 2181
351 485
352 1073
353 2591
354 288
355 1330
356 785
357 2149
358 583
359 2228
360 2514
361 1880
362 429
363 335
364 813
365 2997
366 1760
367 2353
368 2657
369 1882
370 573
371 2464
372 2796
373 332
374 1089
375 1113
376 1888
377 2529
378 2621
379 2371
380 1782
381 872
382 1977
383 739
384 1923
385 2284
386 1834
387 132
388 2806
389 2239
390 1335
391 188
392 1458
393 292
394 1653
395 119
396 2132
397 2547
398 527
399 1184
400 1294
401 1182
402 2898
403 2669
404 1648
405 101
406 997
407 1043

