259 8
0 1616
1 777
2 1508
3 670
4 769
5 2803
6 1329
7 2425
8 569
9 928
10 1829
11 2530
12 1550
13 406
14 1799
15 1800
16 584
17 1142
18 2251
19 1303
20 11
21 444
22 759
23 1368
24 2628
25 2171
26 778
27 2657
28 836
29 2928
30 2161
31 532
32 1523
33 1340
34 1141
35 2800
36 2591
37 2347
38 2377
39 744
40 2918
41 733
42 1900
43 579
44 2361
45 2882
46 1051
47 527
48 1416
49 2122
50 26
51 370
52 1774
53 2097
54 2069
55 1527
56 1808
57 1334
58 1879
59 970
60 1026
61 1841
62 110
63 94
64 2697
65 2375
66 0
67 2863
68 2232
69 379
70 907
71 621
72 997
73 2447
74 2951
75 2565
76 2303
77 431
78 2550
79 1297
80 485
81 581
82 1057
83 1708
84 845
85 225
86 2507
87 1125
88 277
89 864
90 518
91 2296
92 178
93 1630
94 1948
95 25
96 168
97 1542
98 2541
99 337
100 1667
101 691
102 1467
103 1128
104 2446
105 2988
106 2229
107 1680
108 933
109 1432
110 1274
111 1461
112 2636
113 1638
114 1874
115 2721
116 2649
117 1490
118 76
119 2763
120 2425
121 1378
122 2845
123 289
124 1195
125 2053
126 1604
127 2452
128 2503
129 1632
130 1827
131 2080
132 1395
133 658
134 2158
135 566
136 2950
137 2413
138 2537
139 2561
140 620
141 2678
142 779
143 2352
144 1768
145 1624
146 1258
147 1714
148 636
149 1742
150 1793
151 1813
152 1881
153 471
154 1771
155 389
156 1873
157 763
158 2270
159 597
160 2034
161 2303
162 2098
163 1717
164 1628
165 1734
166 2206
167 2366
168 114
169 2623
170 1079
171 2010
172 1428
173 360
174 369
175 194
176 1308
177 2965
178 628
179 573
180 414
181 1368
182 1875
183 2442
184 2212
185 2789
186 1562
187 307
188 2502
189 1669
190 1305
191 1402
192 1724
193 2062
194 1871
195 1508
196 1643
197 910
198 257
199 680
200 1661
201 2454
202 636
203 2717
204 789
205 2503
206 2934
207 528
208 1997
209 1988
210 2947
211 1253
212 688
213 414
214 2979
215 1535
216 2045
217 1913
218 2658
219 1841
220 2860
221 2182
222 973
223 1596
224 2185
225 1067
226 141
227 959
228 1836
229 866
230 1619
231 347
232 1139
233 2293
234 2919
235 1215
236 1263
237 163
238 2850
239 106
240 2628
241 1071
242 375
243 570
244 327
245 2456
246 2669
247 1662
248 2005
249 207
250 1433
251 2681
252 1204
253 2882
254 563
255 723
256 1213
257 2389
258 1490

