606 46
0 1444
1 905
2 1944
3 2107
4 1644
5 939
6 1299
7 2297
8 1111
9 660
10 444
11 1521
12 881
13 2712
14 1039
15 1152
16 1630
17 1679
18 317
19 2665
20 784
21 2857
22 1010
23 2405
24 1530
25 1988
26 260
27 2836
28 2204
29 1040
30 961
31 374
32 1446
33 2046
34 88
35 2012
36 1312
37 566
38 2755
39 2395
40 1756
41 2151
42 1194
43 1680
44 589
45 2095
46 723
47 2124
48 466
49 177
50 145
51 2361
52 1375
53 1369
54 2761
55 2722
56 2353
57 2071
58 1913
59 2030
60 5
61 1128
62 497
63 200
64 1437
65 1930
66 1565
67 2932
68 1483
69 503
70 2732
71 684
72 802
73 265
74 45
75 2865
76 1604
77 2108
78 495
79 2908
80 1120
81 1906
82 201
83 747
84 453
85 2243
86 1076
87 2195
88 2400
89 169
90 267
91 579
92 1900
93 189
94 2000
95 2449
96 95
97 2868
98 1103
99 2103
100 2981
101 1703
102 2152
103 2011
104 2071
105 1616
106 2014
107 2110
108 2078
109 1277
110 1919
111 118
112 2281
113 2365
114 2752
115 1897
116 2893
117 2112
118 1143
119 1185
120 1428
121 299
122 1804
123 282
124 1979
125 922
126 297
127 1262
128 2225
129 309
130 1258
131 2757
132 715
133 2637
134 478
135 2155
136 2920
137 516
138 2263
139 359
140 2145
141 1907
142 2575
143 2088
144 211
145 1974
146 1071
147 534
148 2729
149 1579
150 1792
151 2517
152 1889
153 413
154 295
155 1912
156 1268
157 2299
158 318
159 1043
160 658
161 2707
162 250
163 1533
164 1792
165 1604
166 1887
167 1157
168 714
169 812
170 35
171 689
172 2489
173 1401
174 2933
175 2080
176 1731
177 1727
178 854
179 1337
180 1732
181 564
182 281
183 2196
184 2733
185 1487
186 2765
187 947
188 2889
189 1930
190 236
191 2785
192 1557
193 1823
194 1227
195 1166
196 1478
197 2252
198 1184
199 906
200 1190
201 2875
202 2832
203 362
204 1674
205 636
206 186
207 2964
208 41
209 1738
210 1563
211 804
212 1562
213 101
214 1061
215 498
216 1908
217 1413
218 2486
219 1901
220 924
221 2468
222 852
223 1100
224 2866
225 134
226 7
227 2107
228 143
229 2106
230 2567
231 547
232 432
233 1826
234 338
235 897
236 126
237 1649
238 2778
239 1103
240 1459
241 472
242 2429
243 783
244 2444
245 2097
246 970
247 976
248 2446
249 2894
250 2410
251 2287
252 636
253 1947
254 1823
255 1696
256 826
257 800
258 51
259 855
260 2042
261 1894
262 2885
263 2517
264 1469
265 1330
266 1506
267 2893
268 1201
269 1182
270 346
271 2379
272 1966
273 1007
274 1941
275 365
276 2994
277 2476
278 2523
279 989
280 1649
281 12
282 458
283 972
284 2327
285 1546
286 2619
287 2472
288 534
289 2556
290 779
291 786
292 1993
293 2286
294 1628
295 2585
296 1689
297 2628
298 1402
299 361
300 1105
301 146
302 1893
303 966
304 2322
305 2398
306 1912
307 978
308 1773
309 2587
310 982
311 726
312 300
313 2463
314 2045
315 966
316 69
317 2283
318 2164
319 2736
320 1139
321 687
322 2677
323 2085
324 2606
325 594
326 479
327 2676
328 2047
329 2379
330 313
331 1771
332 2565
333 2896
334 2645
335 1541
336 923
337 677
338 1194
339 1198
340 1877
341 195
342 2767
343 2444
344 2388
345 2001
346 778
347 737
348 808
349 691
350 2615
351 203
352 344
353 1771
354 2121
355 1026
356 2443
357 66
358 1996
359 1480
360 840
361 2707
362 2774
363 1400
364 2562
365 1171
366 1416
367 2694
368 1015
369 1098
370 502
371 2527
372 2415
373 2874
374 2180
375 164
376 1693
377 2628
378 1020
379 508
380 2793
381 2755
382 1892
383 2422
384 2435
385 92
386 1622
387 894
388 432
389 267
390 702
391 2489
392 1779
393 783
394 520
395 2515
396 655
397 1068
398 1706
399 1828
400 1972
401 2731
402 2677
403 1467
404 1580
405 1581
406 2144
407 1781
408 2358
409 2997
410 1243
411 988
412 1482
413 1758
414 70
415 1782
416 797
417 346
418 2719
419 938
420 2012
421 267
422 2410
423 2135
424 354
425 101
426 1832
427 334
428 617
429 929
430 917
431 1479
432 2788
433 955
434 568
435 762
436 1631
437 1281
438 2719
439 2416
440 2645
441 2494
442 956
443 2663
444 2107
445 316
446 2025
447 1985
448 385
449 346
450 1626
451 193
452 2379
453 2384
454 291
455 2613
456 540
457 1218
458 1316
459 1670
460 2817
461 2749
462 1383
463 480
464 1239
465 2820
466 2091
467 354
468 583
469 2647
470 1025
471 1817
472 897
473 1401
474 2267
475 2293
476 2553
477 647
478 2354
479 1829
480 2476
481 2416
482 1343
483 557
484 578
485 2325
486 2277
487 1506
488 1771
489 1560
490 2450
491 1232
492 994
493 2896
494 567
495 2895
496 1666
497 1707
498 2348
499 167
500 1614
501 1344
502 251
503 804
504 1813
505 2741
506 2762
507 2167
508 897
509 2976
510 1329
511 2060
512 1170
513 61
514 1926
515 803
516 1675
517 1429
518 2675
519 2980
520 516
521 451
522 2881
523 291
524 2633
525 1592
526 1428
527 990
528 1115
529 2619
530 278
531 279
532 2859
533 1090
534 899
535 1774
536 2839
537 1795
538 617
539 2229
540 109
541 2795
542 806
543 615
544 1047
545 2373
546 44
547 2547
548 865
549 604
550 548
551 860
552 685
553 1090
554 2703
555 542
556 1335
557 724
558 2864
559 1941
560 287
561 847
562 1845
563 2548
564 2825
565 1362
566 573
567 431
568 332
569 1413
570 1153
571 1387
572 2355
573 1223
574 2140
575 2369
576 1037
577 1457
578 329
579 1775
580 2279
581 1293
582 1514
583 2416
584 741
585 382
586 97
587 138
588 2545
589 800
590 72
591 173
592 584
593 1206
594 2354
595 1349
596 780
597 2897
598 1101
599 448
600 2164
601 201
602 2738
603 1111
604 1607
605 2444

