888 39
0 2108
1 1959
2 1537
3 1456
4 2112
5 1479
6 2742
7 2589
8 1060
9 2240
10 448
11 2345
12 1220
13 1077
14 1102
15 196
16 384
17 2900
18 345
19 979
20 1086
21 840
22 1449
23 2709
24 1078
25 2560
26 2664
27 2842
28 247
29 1912
30 1584
31 748
32 2828
33 336
34 2290
35 2780
36 483
37 2234
38 1237
39 2720
40 687
41 1284
42 935
43 1220
44 449
45 1209
46 1561
47 576
48 1710
49 2147
50 1640
51 721
52 1390
53 1427
54 1313
55 2977
56 1630
57 212
58 2015
59 906
60 482
61 2062
62 2105
63 730
64 859
65 2423
66 2518
67 825
68 1417
69 770
70 2598
71 2278
72 1755
73 1052
74 2764
75 2452
76 2021
77 1764
78 2937
79 1771
80 1253
81 664
82 2620
83 2727
84 424
85 2209
86 130
87 1803
88 2400
89 549
90 1123
91 1412
92 2924
93 520
94 314
95 1430
96 325
97 266
98 635
99 2494
100 547
101 1036
102 2363
103 1435
104 2761
105 2716
106 756
107 1205
108 1895
109 1088
110 2692
111 2971
112 2167
113 2255
114 2793
115 369
116 873
117 698
118 1384
119 2224
120 2131
121 2177
122 1356
123 1575
124 2577
125 2270
126 2252
127 1503
128 451
129 1711
130 1441
131 1888
132 2009
133 188
134 2361
135 480
136 504
137 2792
138 647
139 2667
140 2679
141 2171
142 2480
143 2824
144 2309
145 2330
146 2450
147 276
148 950
149 2188
150 524
151 963
152 2228
153 1737
154 245
155 168
156 2300
157 2602
158 1467
159 2323
160 371
161 751
162 782
163 1842
164 2220
165 571
166 2948
167 2477
168 821
169 1829
170 2175
171 130
172 714
173 649
174 429
175 622
176 1909
177 1617
178 989
179 1021
180 1394
181 611
182 2837
183 1759
184 2078
185 2246
186 2847
187 705
188 1542
189 479
190 2886
191 1700
192 2544
193 1473
194 19
195 865
196 378
197 344
198 2619
199 723
200 1738
201 2678
202 89
203 656
204 587
205 2640
206 586
207 1807
208 2445
209 2271
210 1080
211 2464
212 1532
213 1637
214 402
215 2422
216 2372
217 787
218 966
219 869
220 2327
221 932
222 992
223 2898
224 1614
225 1317
226 1220
227 2358
228 2983
229 1649
230 79
231 1866
232 2019
233 1202
234 554
235 2256
236 2080
237 2654
238 2882
239 39
240 1570
241 1782
242 2938
243 2848
244 129
245 154
246 365
247 1936
248 2268
249 242
250 2306
251 929
252 2540
253 991
254 821
255 2481
256 943
257 1889
258 1465
259 1454
260 2869
261 2881
262 1851
263 27
264 1055
265 2892
266 1097
267 1261
268 737
269 2705
270 2137
271 453
272 631
273 1221
274 1321
275 2614
276 2698
277 1892
278 397
279 639
280 2102
281 2441
282 2447
283 2080
284 696
285 1823
286 1868
287 2669
288 20
289 2558
290 521
291 287
292 799
293 2396
294 2665
295 2618
296 1150
297 2951
298 2023
299 2216
300 672
301 1378
302 2183
303 2486
304 2729
305 409
306 2534
307 2213
308 170
309 929
310 190
311 2828
312 2247
313 2270
314 1771
315 1796
316 1309
317 2902
318 1358
319 1072
320 1580
321 2694
322 1504
323 1736
324 2773
325 145
326 93
327 1115
328 1885
329 690
330 2504
331 1296
332 1558
333 1619
334 2208
335 1786
336 1004
337 750
338 59
339 702
340 869
341 15
342 1728
343 1137
344 2054
345 2198
346 2303
347 2459
348 97
349 2312
350 2568
351 1681
352 2360
353 2344
354 812
355 581
356 1191
357 1660
358 2741
359 2856
360 2045
361 2313
362 1027
363 2674
364 791
365 1622
366 1136
367 1618
368 623
369 1742
370 397
371 982
372 1539
373 254
374 1119
375 2151
376 302
377 2413
378 2236
379 1867
380 2362
381 1343
382 1505
383 1428
384 1502
385 467
386 742
387 2435
388 458
389 2198
390 2528
391 1570
392 928
393 1381
394 2065
395 2636
396 2996
397 819
398 1593
399 2359
400 99
401 2672
402 241
403 2436
404 2604
405 1114
406 1119
407 2345
408 1690
409 2980
410 864
411 1634
412 576
413 127
414 22
415 358
416 2212
417 1550
418 2536
419 67
420 2095
421 1481
422 2098
423 2724
424 2166
425 2424
426 124
427 366
428 705
429 1132
430 1730
431 1667
432 2200
433 932
434 724
435 1196
436 966
437 461
438 866
439 387
440 2961
441 1916
442 1556
443 1480
444 2199
445 770
446 1802
447 1744
448 1800
449 1634
450 1830
451 1052
452 1218
453 160
454 1046
455 1700
456 803
457 1354
458 2158
459 2293
460 1744
461 1644
462 1798
463 784
464 1293
465 281
466 1169
467 2118
468 1260
469 595
470 1173
471 2603
472 1954
473 2869
474 579
475 1188
476 1276
477 1020
478 247
479 2489
480 2931
481 1918
482 341
483 1926
484 2046
485 2237
486 1770
487 1290
488 2617
489 193
490 1084
491 2939
492 886
493 1204
494 1601
495 2614
496 1583
497 291
498 2315
499 2269
500 1910
501 1638
502 871
503 1108
504 1342
505 1512
506 255
507 2634
508 2963
509 1063
510 2906
511 24
512 1261
513 2766
514 1191
515 1700
516 634
517 2172
518 1715
519 1786
520 2110
521 1178
522 2904
523 2158
524 2326
525 2165
526 380
527 1590
528 1823
529 2135
530 1734
531 576
532 194
533 177
534 641
535 626
536 1113
537 2755
538 1892
539 931
540 2022
541 2191
542 1675
543 2938
544 721
545 983
546 596
547 2684
548 2206
549 582
550 89
551 482
552 1717
553 1623
554 2145
555 244
556 524
557 615
558 1518
559 2822
560 1124
561 1479
562 2806
563 2762
564 2868
565 1020
566 2730
567 1440
568 2495
569 126
570 2843
571 990
572 498
573 293
574 2335
575 935
576 229
577 796
578 443
579 758
580 1160
581 1647
582 568
583 1472
584 2892
585 677
586 2798
587 2262
588 2519
589 2521
590 1068
591 1928
592 337
593 1052
594 1422
595 1840
596 1957
597 2368
598 562
599 1233
600 598
601 615
602 2307
603 2953
604 537
605 127
606 2638
607 2701
608 2751
609 1088
610 146
611 148
612 2777
613 2174
614 1303
615 596
616 142
617 2563
618 2008
619 704
620 310
621 1315
622 2740
623 1439
624 579
625 33
626 1407
627 1585
628 1343
629 691
630 1227
631 2966
632 2880
633 2955
634 257
635 1642
636 82
637 1361
638 1042
639 2943
640 2764
641 1864
642 2611
643 1841
644 895
645 1243
646 2696
647 1805
648 2642
649 48
650 2262
651 370
652 1873
653 703
654 276
655 2101
656 367
657 2065
658 2961
659 1767
660 824
661 1275
662 1385
663 2739
664 691
665 2595
666 142
667 1657
668 2448
669 2550
670 2270
671 2888
672 2275
673 2352
674 107
675 2052
676 809
677 453
678 847
679 655
680 1301
681 726
682 2187
683 2985
684 2303
685 822
686 217
687 2503
688 2365
689 1272
690 2663
691 1674
692 358
693 1488
694 1972
695 1876
696 292
697 951
698 2828
699 1893
700 1831
701 494
702 1181
703 84
704 1020
705 1748
706 2838
707 1702
708 1586
709 471
710 1403
711 2120
712 2232
713 2263
714 785
715 2995
716 2138
717 2340
718 1538
719 1925
720 2228
721 2492
722 862
723 566
724 2523
725 1916
726 912
727 348
728 1137
729 1388
730 164
731 423
732 1159
733 1129
734 499
735 2655
736 1698
737 2745
738 35
739 330
740 349
741 696
742 369
743 17
744 1101
745 1055
746 2986
747 360
748 2780
749 2019
750 337
751 2136
752 225
753 2075
754 786
755 2464
756 1795
757 1718
758 561
759 309
760 407
761 1741
762 2789
763 1222
764 364
765 1219
766 1356
767 2017
768 1820
769 921
770 2055
771 846
772 1324
773 48
774 2467
775 1364
776 2253
777 1598
778 1193
779 1091
780 2919
781 1322
782 1016
783 1358
784 2668
785 2906
786 1853
787 1617
788 2847
789 2915
790 537
791 531
792 1630
793 2283
794 1708
795 1526
796 1126
797 1780
798 2673
799 2559
800 1762
801 2990
802 1298
803 2356
804 811
805 2778
806 2502
807 2120
808 1634
809 2592
810 961
811 2553
812 558
813 199
814 1871
815 1529
816 2182
817 2739
818 241
819 2160
820 711
821 1895
822 113
823 609
824 1945
825 970
826 427
827 2465
828 67
829 1305
830 1275
831 2951
832 1730
833 821
834 1379
835 2792
836 2809
837 942
838 1029
839 551
840 1148
841 1133
842 2890
843 1846
844 1223
845 1092
846 1559
847 1462
848 466
849 149
850 793
851 2938
852 1562
853 1768
854 1747
855 1249
856 1101
857 2683
858 670
859 2951
860 1970
861 861
862 979
863 1547
864 1357
865 1947
866 2828
867 2842
868 1377
869 1189
870 1151
871 2557
872 1290
873 1488
874 1175
875 561
876 2065
877 2743
878 1700
879 2473
880 1442
881 1841
882 2558
883 626
884 2510
885 1678
886 1518
887 107

