541 20
0 1500
1 986
2 305
3 2493
4 537
5 2665
6 1796
7 469
8 2509
9 2329
10 451
11 2923
12 1594
13 2794
14 244
15 894
16 1238
17 717
18 2362
19 193
20 1765
21 2608
22 2423
23 667
24 828
25 1237
26 166
27 2020
28 2627
29 575
30 2022
31 145
32 1149
33 1552
34 2432
35 477
36 123
37 371
38 2441
39 1035
40 579
41 2951
42 2570
43 218
44 1710
45 655
46 1113
47 1633
48 330
49 497
50 2935
51 1957
52 2395
53 1199
54 803
55 619
56 2774
57 2356
58 624
59 1049
60 280
61 2303
62 1748
63 1560
64 763
65 1990
66 1064
67 1386
68 1329
69 1533
70 2790
71 2298
72 1348
73 899
74 339
75 2839
76 487
77 618
78 2833
79 1800
80 2358
81 1186
82 2722
83 2091
84 1772
85 2682
86 196
87 1083
88 1857
89 1520
90 2827
91 194
92 241
93 2908
94 1753
95 2887
96 435
97 439
98 1798
99 2448
100 1896
101 1937
102 2559
103 272
104 1691
105 2417
106 2611
107 2578
108 1475
109 2809
110 2191
111 2828
112 756
113 1660
114 2547
115 2611
116 1957
117 2409
118 2476
119 206
120 2603
121 2706
122 585
123 1613
124 1550
125 1648
126 1399
127 1269
128 1018
129 124
130 636
131 2471
132 2480
133 2180
134 1810
135 2065
136 462
137 1541
138 320
139 887
140 1525
141 981
142 1127
143 1238
144 999
145 973
146 56
147 2248
148 2043
149 1254
150 2415
151 2441
152 1753
153 2417
154 2857
155 2796
156 2804
157 265
158 1708
159 2707
160 2020
161 1262
162 754
163 1521
164 895
165 2284
166 1505
167 490
168 734
169 2046
170 2583
171 2569
172 2166
173 1257
174 1151
175 1542
176 333
177 1223
178 786
179 2515
180 987
181 2169
182 380
183 2445
184 1041
185 2382
186 877
187 581
188 1106
189 2431
190 331
191 1178
192 207
193 1719
194 1526
195 2257
196 1746
197 2968
198 2547
199 1407
200 2265
201 1659
202 1038
203 1274
204 2133
205 2586
206 1783
207 1012
208 2570
209 1544
210 1442
211 2788
212 393
213 2761
214 838
215 2481
216 1986
217 142
218 1786
219 762
220 2839
221 610
222 640
223 2704
224 598
225 451
226 492
227 2977
228 25
229 1877
230 252
231 259
232 1888
233 889
234 541
235 2277
236 2593
237 2826
238 1523
239 2118
240 815
241 610
242 1347
243 2183
244 1049
245 1318
246 2092
247 1683
248 945
249 1709
250 1215
251 2184
252 2494
253 1163
254 26
255 732
256 2717
257 1448
258 2066
259 1010
260 2568
261 1213
262 2094
263 1096
264 574
265 1066
266 1772
267 1158
268 409
269 1409
270 2314
271 898
272 1633
273 342
274 2948
275 1183
276 1338
277 2137
278 2253
279 1742
280 169
281 2129
282 1068
283 2630
284 653
285 732
286 2268
287 19
288 755
289 1776
290 1263
291 926
292 624
293 1734
294 1090
295 1887
296 1110
297 1128
298 922
299 2214
300 543
301 2998
302 1188
303 315
304 393
305 1630
306 1861
307 132
308 1809
309 1885
310 453
311 715
312 2642
313 524
314 2590
315 1809
316 1886
317 1304
318 1311
319 624
320 1929
321 2346
322 2077
323 2916
324 20
325 231
326 564
327 2715
328 1027
329 1831
330 1037
331 1842
332 2552
333 2626
334 2805
335 2374
336 586
337 1398
338 267
339 2677
340 1035
341 2600
342 922
343 2295
344 1966
345 846
346 119
347 60
348 1416
349 2891
350 1694
351 363
352 1132
353 332
354 2138
355 1018
356 1659
357 2350
358 2937
359 6
360 2791
361 798
362 811
363 441
364 957
365 868
366 2609
367 1502
368 359
369 2463
370 2891
371 1872
372 1174
373 1387
374 1018
375 887
376 2968
377 141
378 1622
379 2814
380 730
381 1374
382 641
383 1694
384 1437
385 285
386 538
387 2619
388 2821
389 2280
390 497
391 1593
392 498
393 873
394 2354
395 2171
396 830
397 1204
398 2566
399 2011
400 2174
401 353
402 172
403 417
404 784
405 823
406 1327
407 1275
408 492
409 2718
410 1609
411 332
412 2357
413 144
414 2345
415 259
416 488
417 2034
418 987
419 1689
420 272
421 458
422 2834
423 584
424 1370
425 1007
426 310
427 487
428 2340
429 1334
430 60
431 2184
432 1426
433 350
434 351
435 1608
436 2577
437 1499
438 753
439 1340
440 633
441 279
442 1650
443 2345
444 2600
445 625
446 2384
447 2641
448 1092
449 1181
450 1652
451 263
452 97
453 1245
454 1098
455 2238
456 2090
457 2860
458 16
459 2173
460 687
461 2566
462 2321
463 2960
464 2499
465 2727
466 1605
467 2140
468 2893
469 2917
470 1196
471 172
472 1526
473 624
474 2294
475 1693
476 936
477 592
478 2745
479 330
480 2063
481 1747
482 530
483 2071
484 2039
485 2611
486 757
487 1668
488 2076
489 2638
490 112
491 449
492 550
493 396
494 2368
495 2507
496 1303
497 249
498 326
499 910
500 238
501 624
502 1310
503 2977
504 848
505 1345
506 372
507 1201
508 2053
509 2842
510 517
511 935
512 876
513 1503
514 624
515 1596
516 2489
517 2773
518 2050
519 2629
520 658
521 1714
522 2763
523 1471
524 2433
525 2142
526 1965
527 1975
528 347
529 1439
530 707
531 2028
532 1914
533 1324
534 1838
535 1979
536 2054
537 2640
538 2295
539 2435
540 1054

