645 59
0 668
1 1974
2 350
3 1294
4 2118
5 2760
6 2559
7 1910
8 2597
9 2539
10 1609
11 2326
12 905
13 2138
14 1763
15 1586
16 2576
17 2891
18 2030
19 414
20 1677
21 2596
22 1775
23 2809
24 2010
25 1513
26 745
27 2271
28 2809
29 2887
30 2668
31 1790
32 1136
33 2819
34 774
35 2709
36 1629
37 2900
38 984
39 2051
40 1267
41 301
42 1044
43 1514
44 2958
45 550
46 1522
47 2406
48 1805
49 57
50 1394
51 2407
52 1291
53 112
54 455
55 1178
56 2684
57 717
58 1802
59 1659
60 760
61 2975
62 1299
63 2489
64 2869
65 2736
66 1512
67 2330
68 1520
69 136
70 2783
71 1198
72 669
73 2747
74 934
75 1491
76 795
77 1374
78 1490
79 468
80 425
81 792
82 1115
83 718
84 193
85 2426
86 1451
87 1090
88 2169
89 1420
90 2453
91 1301
92 2170
93 2447
94 1461
95 1252
96 2187
97 2147
98 1688
99 1037
100 719
101 2411
102 1354
103 1711
104 110
105 2356
106 1370
107 2330
108 1994
109 2072
110 2814
111 422
112 436
113 1268
114 227
115 2271
116 2875
117 1911
118 2371
119 2162
120 2170
121 1136
122 1235
123 2336
124 2768
125 1607
126 2641
127 2509
128 332
129 2411
130 2031
131 1886
132 1289
133 1418
134 438
135 947
136 2804
137 1387
138 2893
139 1459
140 1372
141 2821
142 367
143 1532
144 1145
145 1740
146 854
147 2682
148 756
149 582
150 1672
151 1142
152 623
153 915
154 1723
155 394
156 517
157 2455
158 181
159 1131
160 915
161 2795
162 2223
163 543
164 1706
165 2223
166 1004
167 2545
168 1098
169 1802
170 800
171 153
172 1563
173 2132
174 602
175 654
176 826
177 2356
178 2374
179 830
180 1364
181 2235
182 577
183 2250
184 2468
185 1041
186 474
187 111
188 1612
189 1527
190 2866
191 2290
192 1823
193 2520
194 655
195 212
196 2235
197 2492
198 1193
199 1353
200 1662
201 1184
202 1675
203 2487
204 2051
205 615
206 2054
207 1898
208 1633
209 1448
210 2847
211 1596
212 314
213 503
214 1434
215 2201
216 1323
217 2358
218 1087
219 273
220 838
221 2089
222 1899
223 2312
224 1849
225 1961
226 1196
227 1330
228 2741
229 2337
230 559
231 855
232 2090
233 1385
234 2446
235 632
236 2519
237 434
238 1465
239 2817
240 1463
241 374
242 2664
243 2269
244 1491
245 1288
246 95
247 1158
248 350
249 1129
250 2854
251 2275
252 1807
253 44
254 1043
255 546
256 926
257 2638
258 673
259 389
260 2947
261 1919
262 223
263 157
264 1385
265 1223
266 1545
267 196
268 2192
269 1632
270 1280
271 672
272 866
273 2036
274 1044
275 692
276 2596
277 2276
278 752
279 2376
280 2444
281 293
282 1297
283 855
284 2694
285 2867
286 746
287 1423
288 1448
289 1291
290 2033
291 2471
292 1760
293 1504
294 342
295 530
296 2751
297 440
298 1676
299 2506
300 1617
301 725
302 572
303 11
304 1691
305 1664
306 1212
307 1316
308 704
309 2629
310 2618
311 1359
312 2985
313 1289
314 1719
315 2857
316 1935
317 1011
318 2702
319 2159
320 276
321 1097
322 345
323 780
324 206
325 1059
326 1782
327 732
328 482
329 1615
330 546
331 1128
332 1263
333 184
334 1780
335 2262
336 952
337 2932
338 2562
339 1950
340 417
341 1222
342 817
343 46
344 1830
345 869
346 170
347 478
348 888
349 1045
350 1325
351 2374
352 2943
353 1753
354 1707
355 1071
356 2276
357 736
358 2441
359 1241
360 2098
361 772
362 728
363 191
364 2135
365 1440
366 957
367 2625
368 2044
369 1412
370 2243
371 6
372 2137
373 2716
374 751
375 1716
376 2303
377 1188
378 31
379 1371
380 548
381 2910
382 187
383 1957
384 1358
385 560
386 2741
387 1172
388 2452
389 1882
390 908
391 1251
392 960
393 1611
394 3
395 1117
396 2555
397 1091
398 813
399 2989
400 1347
401 1920
402 455
403 1229
404 2675
405 467
406 1247
407 2777
408 482
409 1973
410 286
411 1174
412 908
413 1255
414 1226
415 1062
416 1976
417 2263
418 1726
419 892
420 513
421 345
422 1681
423 1627
424 772
425 2479
426 2688
427 175
428 1290
429 2058
430 886
431 553
432 936
433 2182
434 1490
435 1091
436 1775
437 1707
438 338
439 1595
440 2227
441 267
442 909
443 1094
444 2765
445 797
446 1925
447 1625
448 70
449 1509
450 21
451 241
452 1180
453 430
454 2147
455 1568
456 856
457 2024
458 1085
459 2663
460 247
461 1456
462 1294
463 379
464 1786
465 2937
466 1788
467 1293
468 617
469 451
470 1779
471 777
472 1407
473 1128
474 2681
475 603
476 1440
477 863
478 638
479 2282
480 2131
481 2956
482 1007
483 2040
484 443
485 1899
486 2726
487 558
488 1401
489 419
490 652
491 2713
492 34
493 971
494 2319
495 2202
496 628
497 1518
498 2177
499 1622
500 1302
501 1740
502 755
503 382
504 561
505 1753
506 760
507 2666
508 493
509 1190
510 2295
511 138
512 2682
513 355
514 2765
515 303
516 215
517 1105
518 1396
519 349
520 2406
521 1832
522 2972
523 526
524 1536
525 1398
526 2520
527 2750
528 1909
529 1123
530 1302
531 1760
532 2745
533 27
534 2235
535 61
536 1957
537 1753
538 562
539 1020
540 356
541 747
542 1598
543 511
544 1567
545 1231
546 2376
547 337
548 1951
549 545
550 1335
551 2087
552 1572
553 452
554 398
555 1904
556 1261
557 87
558 1190
559 1541
560 2407
561 1291
562 2706
563 2469
564 1066
565 1628
566 2144
567 2830
568 1173
569 1207
570 1795
571 210
572 2873
573 1607
574 277
575 2533
576 637
577 2920
578 1760
579 880
580 2799
581 2106
582 2289
583 1486
584 149
585 588
586 569
587 1938
588 961
589 306
590 2488
591 1135
592 2851
593 2578
594 2120
595 2117
596 1324
597 2315
598 2829
599 992
600 833
601 170
602 1772
603 1419
604 1780
605 854
606 974
607 1130
608 608
609 1305
610 1360
611 2367
612 211
613 2930
614 39
615 2247
616 491
617 2095
618 2882
619 2841
620 219
621 1229
622 2596
623 707
624 1054
625 1400
626 1788
627 236
628 2593
629 2484
630 2992
631 1800
632 510
633 1681
634 1434
635 195
636 247
637 41
638 921
639 1613
640 2751
641 2653
642 744
643 1647
644 2353

