558 40
0 1989
1 887
2 634
3 2669
4 1787
5 392
6 2672
7 1057
8 75
9 2758
10 2108
11 259
12 2517
13 2705
14 2235
15 942
16 1149
17 320
18 608
19 2233
20 2951
21 191
22 2675
23 1239
24 119
25 1789
26 2088
27 2736
28 899
29 2603
30 573
31 385
32 340
33 1962
34 527
35 2702
36 2549
37 2823
38 1344
39 1758
40 294
41 1639
42 1309
43 2984
44 2413
45 2795
46 1218
47 1684
48 2203
49 699
50 65
51 1660
52 356
53 1633
54 603
55 496
56 1642
57 2123
58 2844
59 1543
60 1710
61 375
62 2945
63 401
64 2685
65 1609
66 1180
67 217
68 1231
69 2619
70 776
71 891
72 1385
73 84
74 1938
75 2381
76 1553
77 2981
78 105
79 2280
80 881
81 13
82 1877
83 862
84 183
85 2642
86 966
87 1957
88 2648
89 1286
90 1370
91 2633
92 1651
93 1454
94 1055
95 381
96 651
97 2936
98 2710
99 2121
100 2611
101 335
102 2121
103 1399
104 963
105 1468
106 1554
107 1658
108 2030
109 217
110 627
111 2241
112 1309
113 2846
114 1449
115 2658
116 784
117 580
118 2257
119 1795
120 2359
121 254
122 461
123 89
124 1186
125 657
126 457
127 1248
128 350
129 316
130 1949
131 794
132 204
133 2302
134 386
135 1426
136 361
137 879
138 1544
139 2236
140 2191
141 609
142 2138
143 1457
144 2361
145 2590
146 846
147 81
148 569
149 2618
150 1360
151 1117
152 319
153 1983
154 1621
155 978
156 276
157 1373
158 489
159 270
160 1641
161 1308
162 1213
163 2674
164 2750
165 2217
166 668
167 363
168 2236
169 1623
170 1100
171 140
172 75
173 884
174 2826
175 447
176 460
177 530
178 1618
179 1682
180 2810
181 2176
182 736
183 1848
184 1703
185 923
186 2229
187 2662
188 2204
189 1410
190 882
191 2154
192 1996
193 2392
194 457
195 2483
196 2812
197 1995
198 2148
199 1272
200 226
201 598
202 1763
203 1962
204 334
205 31
206 2899
207 956
208 809
209 321
210 202
211 1084
212 109
213 654
214 902
215 596
216 2371
217 2584
218 1935
219 486
220 1674
221 477
222 1586
223 845
224 685
225 189
226 947
227 22
228 1938
229 853
230 2109
231 1504
232 816
233 1341
234 1558
235 214
236 2541
237 1293
238 753
239 942
240 2901
241 1993
242 2999
243 1292
244 775
245 98
246 2613
247 1102
248 2021
249 2836
250 1511
251 148
252 1662
253 2405
254 234
255 1204
256 1865
257 1236
258 1518
259 1765
260 2172
261 375
262 1498
263 2694
264 57
265 1027
266 1022
267 1779
268 143
269 2082
270 2552
271 2701
272 2196
273 2501
274 141
275 2647
276 2653
277 264
278 2824
279 1146
280 1142
281 961
282 219
283 2979
284 1738
285 1074
286 861
287 1398
288 2182
289 1509
290 2167
291 1344
292 1410
293 422
294 1965
295 765
296 1007
297 297
298 1473
299 2135
300 347
301 1718
302 388
303 1973
304 900
305 1800
306 986
307 1689
308 103
309 1429
310 1512
311 48
312 762
313 2000
314 2753
315 1337
316 1455
317 2948
318 2841
319 168
320 1703
321 2958
322 2245
323 918
324 2440
325 176
326 996
327 2633
328 2641
329 2082
330 931
331 1165
332 981
333 906
334 735
335 1850
336 975
337 2712
338 449
339 353
340 433
341 2698
342 2775
343 2138
344 2493
345 2181
346 2394
347 1646
348 341
349 886
350 110
351 2860
352 249
353 1166
354 1477
355 981
356 1102
357 1387
358 2857
359 1545
360 926
361 1949
362 1304
363 744
364 2846
365 1073
366 2528
367 1791
368 1654
369 2455
370 2308
371 1984
372 1791
373 2284
374 1489
375 1384
376 2429
377 439
378 427
379 1000
380 136
381 1312
382 947
383 449
384 2487
385 2129
386 919
387 702
388 284
389 1876
390 1208
391 1323
392 2955
393 1838
394 233
395 290
396 1093
397 641
398 2083
399 710
400 215
401 1693
402 907
403 103
404 2225
405 2779
406 2261
407 366
408 249
409 2325
410 2512
411 2713
412 2775
413 2654
414 1364
415 2483
416 2385
417 2480
418 162
419 2049
420 566
421 1777
422 1321
423 1979
424 2574
425 1588
426 633
427 1908
428 1955
429 2362
430 1576
431 1914
432 1330
433 138
434 2416
435 634
436 1342
437 2853
438 2436
439 2684
440 2255
441 530
442 2953
443 1594
444 2209
445 767
446 2263
447 1731
448 274
449 2492
450 222
451 2653
452 2955
453 790
454 1427
455 2056
456 163
457 1268
458 2867
459 1372
460 2215
461 25
462 626
463 410
464 2632
465 1950
466 2885
467 1729
468 408
469 2801
470 1800
471 1372
472 1846
473 2615
474 872
475 1252
476 101
477 264
478 959
479 1235
480 2532
481 729
482 850
483 2431
484 1381
485 2490
486 2826
487 523
488 19
489 2265
490 2962
491 390
492 1495
493 2117
494 250
495 2300
496 797
497 2410
498 2304
499 248
500 2783
501 1296
502 1593
503 35
504 1649
505 951
506 1383
507 2473
508 1131
509 493
510 1092
511 934
512 475
513 2972
514 1411
515 986
516 2321
517 2076
518 1880
519 1081
520 196
521 1604
522 2875
523 2243
524 1759
525 720
526 2256
527 1911
528 2575
529 1077
530 1875
531 93
532 171
533 2620
534 2673
535 1712
536 1694
537 1989
538 1242
539 2600
540 561
541 2951
542 1433
543 2403
544 569
545 2096
546 1511
547 1124
548 1047
549 72
550 2257
551 2510
552 1288
553 564
554 2629
555 2476
556 2140
557 873

