447 49
0 1808
1 2253
2 2726
3 2209
4 854
5 1048
6 984
7 384
8 1245
9 2969
10 2819
11 1988
12 2863
13 2613
14 1914
15 1439
16 930
17 1525
18 2151
19 2198
20 458
21 649
22 2638
23 1111
24 2287
25 2652
26 1876
27 2680
28 237
29 1226
30 1868
31 2911
32 1690
33 2191
34 1557
35 1006
36 328
37 811
38 1596
39 69
40 1731
41 531
42 1886
43 1626
44 359
45 2538
46 1166
47 433
48 2400
49 2031
50 2977
51 73
52 362
53 1172
54 214
55 2316
56 637
57 2318
58 2418
59 620
60 576
61 1889
62 2415
63 1810
64 748
65 779
66 697
67 1026
68 169
69 314
70 1542
71 596
72 218
73 593
74 2495
75 0
76 1704
77 1728
78 1152
79 484
80 2859
81 2341
82 1060
83 941
84 2799
85 2121
86 1451
87 315
88 2000
89 434
90 2878
91 1628
92 1263
93 1868
94 302
95 246
96 2754
97 2094
98 2058
99 210
100 584
101 2532
102 2357
103 2929
104 919
105 1080
106 1322
107 1384
108 427
109 2546
110 2281
111 378
112 1436
113 2604
114 1860
115 2298
116 934
117 2631
118 43
119 1851
120 2641
121 13
122 2790
123 2022
124 743
125 1895
126 1763
127 55
128 2116
129 2473
130 773
131 369
132 1758
133 541
134 611
135 14
136 952
137 1365
138 2378
139 1280
140 2369
141 1187
142 2400
143 2568
144 1691
145 706
146 342
147 2010
148 2330
149 2564
150 1301
151 1257
152 247
153 1557
154 2971
155 2623
156 2554
157 1772
158 718
159 20
160 2643
161 1836
162 1097
163 2291
164 748
165 2082
166 553
167 86
168 1373
169 2788
170 44
171 1990
172 346
173 931
174 1972
175 2964
176 950
177 2139
178 1699
179 1368
180 418
181 1406
182 2073
183 536
184 751
185 2380
186 2758
187 235
188 393
189 2978
190 1884
191 1358
192 1598
193 2316
194 458
195 1557
196 2642
197 2123
198 1199
199 2704
200 1876
201 1893
202 1455
203 385
204 1825
205 2011
206 2214
207 1905
208 1686
209 563
210 986
211 1765
212 2750
213 979
214 1895
215 1142
216 2884
217 941
218 2739
219 1169
220 960
221 2600
222 1151
223 2794
224 2999
225 2541
226 1148
227 879
228 723
229 2729
230 1471
231 52
232 2839
233 492
234 2883
235 1200
236 2076
237 1075
238 2137
239 247
240 9
241 297
242 921
243 2181
244 2780
245 2956
246 1794
247 1634
248 2384
249 116
250 2241
251 1154
252 2464
253 1088
254 1039
255 106
256 1886
257 1756
258 1695
259 152
260 1720
261 1376
262 301
263 93
264 2336
265 634
266 166
267 1320
268 2405
269 2127
270 2146
271 850
272 69
273 1882
274 1624
275 2398
276 1917
277 2828
278 2451
279 1679
280 2723
281 1803
282 979
283 1008
284 1638
285 2472
286 316
287 2737
288 2805
289 2609
290 1029
291 1865
292 747
293 2733
294 1803
295 941
296 951
297 2733
298 1840
299 1558
300 1261
301 2521
302 67
303 1870
304 1067
305 2694
306 1714
307 1233
308 1710
309 406
310 2808
311 2377
312 330
313 512
314 73
315 2392
316 1941
317 2469
318 2051
319 1988
320 1049
321 146
322 2535
323 1284
324 2339
325 710
326 1224
327 47
328 697
329 1282
330 257
331 2676
332 2724
333 986
334 234
335 987
336 1616
337 2797
338 325
339 2316
340 796
341 12
342 2720
343 735
344 2005
345 1642
346 705
347 1974
348 1154
349 1975
350 2560
351 133
352 1707
353 1384
354 1374
355 439
356 915
357 448
358 1658
359 1726
360 983
361 817
362 1163
363 1222
364 44
365 1127
366 1658
367 702
368 1606
369 1548
370 2560
371 673
372 1243
373 2277
374 1689
375 846
376 2150
377 2473
378 44
379 835
380 1799
381 191
382 2444
383 983
384 768
385 913
386 148
387 523
388 234
389 2507
390 2130
391 2179
392 378
393 900
394 2145
395 2618
396 167
397 2494
398 2142
399 175
400 1839
401 1766
402 2873
403 2770
404 707
405 2644
406 2725
407 981
408 1814
409 110
410 1111
411 466
412 2192
413 2938
414 256
415 2247
416 2585
417 2772
418 2146
419 1122
420 1977
421 22
422 1053
423 2871
424 2994
425 33
426 1542
427 1953
428 810
429 2026
430 1321
431 487
432 52
433 2641
434 2060
435 2410
436 225
437 2661
438 1354
439 1119
440 1924
441 1417
442 406
443 1752
444 2114
445 2286
446 1296

