620 59
0 1728
1 628
2 2651
3 2733
4 1772
5 1375
6 896
7 2249
8 2405
9 2185
10 1885
11 2897
12 2237
13 2862
14 920
15 1263
16 288
17 1650
18 2485
19 2746
20 1718
21 2793
22 2612
23 1581
24 2132
25 660
26 2790
27 1208
28 2166
29 172
30 2156
31 2286
32 1001
33 2940
34 683
35 2926
36 1096
37 1654
38 2422
39 2176
40 1832
41 1322
42 740
43 459
44 353
45 1152
46 1831
47 421
48 925
49 85
50 2873
51 1544
52 2523
53 1097
54 2533
55 2341
56 1718
57 1286
58 1407
59 1294
60 1614
61 830
62 1529
63 1676
64 2995
65 1455
66 1820
67 422
68 990
69 1799
70 256
71 2854
72 2510
73 1177
74 856
75 490
76 2597
77 2404
78 1640
79 1645
80 2997
81 1985
82 561
83 1490
84 1832
85 1583
86 1802
87 1648
88 226
89 25
90 1232
91 1429
92 1714
93 2946
94 2459
95 1676
96 2746
97 2767
98 1905
99 991
100 2214
101 2807
102 1483
103 907
104 1101
105 505
106 1051
107 1891
108 2862
109 2419
110 622
111 2199
112 1319
113 2010
114 1869
115 1595
116 1683
117 528
118 490
119 2357
120 2126
121 217
122 1039
123 1093
124 1840
125 1297
126 388
127 768
128 2237
129 703
130 1485
131 113
132 2437
133 2025
134 28
135 1022
136 414
137 1256
138 1481
139 2240
140 2319
141 1558
142 2893
143 274
144 683
145 2204
146 59
147 785
148 880
149 2218
150 849
151 854
152 730
153 770
154 557
155 287
156 1651
157 1687
158 1619
159 1330
160 2716
161 2526
162 1621
163 1069
164 1421
165 2326
166 2947
167 2415
168 2285
169 2649
170 516
171 104
172 614
173 2257
174 1874
175 1038
176 1606
177 96
178 1463
179 1805
180 1811
181 1804
182 2613
183 2907
184 1837
185 2585
186 2009
187 1776
188 2683
189 1077
190 2192
191 2958
192 219
193 2847
194 785
195 361
196 2553
197 432
198 2858
199 932
200 2316
201 1046
202 2414
203 649
204 2599
205 2423
206 2156
207 1606
208 1150
209 144
210 477
211 974
212 1490
213 2539
214 2560
215 2271
216 1177
217 2238
218 1145
219 633
220 1672
221 2078
222 2535
223 1121
224 2591
225 1191
226 614
227 1467
228 2498
229 2130
230 2143
231 1995
232 2407
233 2371
234 2225
235 2859
236 616
237 2609
238 179
239 1186
240 1514
241 242
242 1683
243 1869
244 695
245 319
246 2261
247 1723
248 967
249 2057
250 1599
251 556
252 764
253 154
254 752
255 2345
256 2651
257 958
258 1999
259 520
260 2729
261 889
262 2992
263 1398
264 260
265 2973
266 193
267 987
268 1168
269 2622
270 665
271 2172
272 2328
273 742
274 86
275 1786
276 427
277 1700
278 231
279 2557
280 1241
281 2596
282 1144
283 2550
284 2282
285 1407
286 1544
287 577
288 2898
289 2809
290 638
291 2135
292 2564
293 1106
294 708
295 835
296 339
297 1582
298 819
299 2853
300 1146
301 2715
302 2663
303 1445
304 1649
305 2037
306 2181
307 2529
308 2292
309 2705
310 421
311 325
312 1330
313 1231
314 2844
315 2033
316 435
317 2050
318 972
319 284
320 2857
321 1045
322 1415
323 1307
324 2420
325 895
326 782
327 51
328 1595
329 368
330 1436
331 2982
332 2721
333 786
334 21
335 147
336 288
337 1563
338 2002
339 2915
340 1436
341 1252
342 898
343 1944
344 701
345 2829
346 941
347 1696
348 2714
349 2337
350 388
351 1195
352 996
353 510
354 27
355 2083
356 620
357 899
358 2433
359 2105
360 1310
361 864
362 493
363 1275
364 611
365 604
366 54
367 1697
368 947
369 955
370 208
371 1492
372 154
373 905
374 2999
375 1133
376 1899
377 2463
378 1568
379 863
380 1843
381 831
382 2645
383 255
384 594
385 2568
386 2001
387 2926
388 460
389 640
390 1254
391 1968
392 882
393 640
394 1709
395 246
396 1261
397 2808
398 285
399 602
400 1706
401 1308
402 2935
403 88
404 2197
405 246
406 166
407 2529
408 2067
409 1149
410 2951
411 443
412 2172
413 2429
414 2842
415 665
416 359
417 430
418 464
419 1968
420 2665
421 930
422 2044
423 1806
424 759
425 1680
426 1090
427 2429
428 2754
429 2384
430 1930
431 2031
432 1783
433 1701
434 558
435 1483
436 616
437 360
438 1759
439 1515
440 2848
441 1355
442 5
443 1354
444 855
445 147
446 2355
447 2944
448 2228
449 2449
450 2464
451 1646
452 1631
453 1552
454 1506
455 870
456 256
457 2230
458 1228
459 2507
460 1393
461 2945
462 270
463 236
464 1031
465 1485
466 1819
467 2875
468 1000
469 1360
470 529
471 2236
472 149
473 1240
474 1784
475 1660
476 2301
477 952
478 1869
479 2211
480 1631
481 192
482 808
483 552
484 2143
485 1782
486 2348
487 1538
488 502
489 1492
490 2787
491 2564
492 1364
493 1186
494 1108
495 872
496 1544
497 2908
498 2694
499 834
500 2709
501 684
502 1027
503 221
504 1699
505 954
506 477
507 274
508 2245
509 1107
510 843
511 2522
512 1432
513 70
514 2713
515 2497
516 1933
517 1530
518 1340
519 1844
520 1016
521 365
522 2306
523 905
524 1894
525 1817
526 534
527 2866
528 2798
529 1178
530 1974
531 2299
532 1066
533 286
534 2371
535 1640
536 1665
537 818
538 1229
539 952
540 2391
541 1368
542 2277
543 2293
544 2654
545 2691
546 2937
547 2900
548 1522
549 1048
550 576
551 933
552 1403
553 576
554 751
555 1057
556 1200
557 2832
558 1635
559 2961
560 2733
561 365
562 37
563 1238
564 2431
565 2710
566 2978
567 2950
568 1725
569 2158
570 1813
571 2840
572 2244
573 788
574 1864
575 313
576 341
577 2601
578 1155
579 2312
580 1076
581 1724
582 2304
583 2460
584 2550
585 2509
586 1557
587 2103
588 1629
589 33
590 1493
591 1126
592 1791
593 2021
594 2467
595 2218
596 2789
597 1967
598 2702
599 2622
600 1234
601 2183
602 496
603 987
604 480
605 697
606 1815
607 13
608 2987
609 1289
610 1583
611 1231
612 1329
613 648
614 1244
615 854
616 52
617 670
618 1743
619 57

