977 8
0 545
1 2740
2 1149
3 2769
4 2063
5 141
6 2327
7 1433
8 1260
9 535
10 543
11 15
12 1074
13 392
14 1989
15 815
16 175
17 2880
18 2497
19 1438
20 2506
21 768
22 85
23 1576
24 2047
25 588
26 1341
27 1108
28 523
29 1919
30 1435
31 1997
32 2398
33 732
34 2912
35 2496
36 1850
37 143
38 1911
39 1799
40 1832
41 2109
42 2194
43 1065
44 2086
45 1217
46 1972
47 85
48 2148
49 22
50 2449
51 219
52 2774
53 860
54 927
55 6
56 2134
57 2699
58 2550
59 1793
60 617
61 2811
62 396
63 1494
64 863
65 2698
66 2209
67 2001
68 2136
69 1297
70 647
71 2354
72 1313
73 2755
74 709
75 1457
76 787
77 2353
78 2259
79 1051
80 289
81 2113
82 1624
83 214
84 1432
85 1030
86 2826
87 2373
88 2888
89 1044
90 26
91 2225
92 1932
93 1909
94 145
95 210
96 2156
97 2733
98 790
99 2680
100 1743
101 2097
102 22
103 2527
104 2536
105 2314
106 1298
107 2634
108 2351
109 2046
110 568
111 2936
112 575
113 681
114 446
115 1561
116 2569
117 1327
118 902
119 2800
120 640
121 2962
122 581
123 1653
124 69
125 2635
126 2277
127 659
128 959
129 845
130 816
131 1905
132 624
133 1716
134 948
135 2736
136 301
137 2576
138 1448
139 2476
140 801
141 2958
142 624
143 1735
144 1257
145 385
146 570
147 338
148 2686
149 1857
150 1499
151 145
152 2510
153 2879
154 1313
155 1708
156 850
157 517
158 1870
159 2579
160 313
161 2811
162 1620
163 1108
164 1915
165 800
166 306
167 766
168 411
169 2800
170 759
171 1356
172 2714
173 194
174 2930
175 2410
176 2800
177 1929
178 658
179 2942
180 2915
181 768
182 411
183 2355
184 1200
185 2299
186 647
187 2421
188 1126
189 2904
190 511
191 2933
192 2585
193 809
194 2539
195 2607
196 944
197 2589
198 1417
199 2507
200 2017
201 267
202 437
203 2807
204 1946
205 1370
206 896
207 421
208 728
209 920
210 351
211 14
212 137
213 140
214 1508
215 1730
216 1791
217 1922
218 214
219 2552
220 6
221 2113
222 2111
223 890
224 1192
225 2115
226 2698
227 1017
228 2718
229 980
230 2925
231 2153
232 1547
233 1740
234 2796
235 2543
236 110
237 2806
238 741
239 607
240 2304
241 250
242 731
243 2010
244 1206
245 1480
246 2489
247 1982
248 208
249 580
250 1270
251 1644
252 2911
253 1643
254 2785
255 2419
256 372
257 1834
258 705
259 796
260 2677
261 810
262 885
263 1914
264 1303
265 1952
266 1897
267 1527
268 2824
269 2314
270 2508
271 2584
272 1655
273 2711
274 1519
275 882
276 307
277 691
278 1201
279 2094
280 1202
281 391
282 768
283 1565
284 1790
285 2939
286 1163
287 2240
288 2631
289 744
290 1494
291 783
292 2534
293 2497
294 2881
295 2748
296 740
297 337
298 731
299 2494
300 2105
301 2172
302 992
303 528
304 35
305 322
306 181
307 281
308 1197
309 681
310 302
311 1032
312 640
313 576
314 1886
315 1358
316 2091
317 2299
318 736
319 2489
320 2871
321 540
322 1219
323 1694
324 254
325 2160
326 567
327 823
328 2012
329 538
330 1126
331 1187
332 455
333 311
334 1812
335 1759
336 2505
337 1142
338 1929
339 1475
340 2651
341 872
342 2285
343 2798
344 1493
345 876
346 1291
347 1256
348 1150
349 355
350 2260
351 2115
352 1158
353 2182
354 2877
355 1148
356 918
357 2749
358 1890
359 2166
360 2012
361 2994
362 547
363 931
364 1401
365 258
366 2863
367 2119
368 297
369 1187
370 2889
371 1982
372 1480
373 1166
374 799
375 1311
376 280
377 986
378 1505
379 397
380 2538
381 437
382 183
383 1977
384 193
385 1931
386 1830
387 2825
388 1890
389 766
390 2212
391 2584
392 893
393 113
394 213
395 858
396 2162
397 249
398 1105
399 1468
400 2330
401 75
402 2338
403 549
404 2497
405 2172
406 1965
407 853
408 1984
409 2968
410 2399
411 2374
412 1916
413 2128
414 319
415 1866
416 100
417 1066
418 2188
419 2865
420 821
421 395
422 2420
423 1828
424 2523
425 1756
426 5
427 2224
428 2377
429 1868
430 2439
431 1267
432 1990
433 534
434 212
435 334
436 2832
437 2845
438 1756
439 2567
440 796
441 1552
442 1491
443 1738
444 1769
445 74
446 2467
447 1435
448 2908
449 923
450 2160
451 41
452 2262
453 1758
454 2128
455 334
456 2217
457 2254
458 2422
459 2956
460 2033
461 1799
462 1103
463 882
464 148
465 2883
466 307
467 2295
468 849
469 330
470 771
471 1705
472 1287
473 1871
474 1085
475 2519
476 1231
477 1201
478 1332
479 1330
480 98
481 2732
482 845
483 2669
484 505
485 1101
486 1023
487 2610
488 2891
489 2593
490 2323
491 1795
492 785
493 2335
494 2574
495 1600
496 2198
497 1433
498 1672
499 2687
500 2932
501 748
502 1896
503 2620
504 2096
505 1927
506 912
507 991
508 1302
509 1990
510 2016
511 2232
512 2467
513 2487
514 237
515 1502
516 2965
517 31
518 1396
519 2091
520 280
521 1453
522 2699
523 945
524 1244
525 1662
526 849
527 66
528 2999
529 1954
530 2088
531 1610
532 638
533 822
534 878
535 811
536 2314
537 313
538 1883
539 1715
540 1619
541 934
542 1013
543 1896
544 199
545 2513
546 1448
547 1645
548 835
549 1667
550 2624
551 1999
552 1516
553 239
554 2486
555 2166
556 2553
557 2501
558 1284
559 79
560 2959
561 2959
562 2233
563 135
564 685
565 1342
566 2584
567 833
568 226
569 1917
570 1509
571 2743
572 647
573 1674
574 742
575 467
576 632
577 1648
578 1451
579 1621
580 1963
581 2112
582 421
583 2346
584 656
585 2711
586 136
587 2937
588 2741
589 307
590 1407
591 2775
592 1142
593 1162
594 2368
595 746
596 1163
597 414
598 2788
599 1490
600 1026
601 2706
602 1444
603 2349
604 1212
605 2778
606 1740
607 1662
608 2786
609 1640
610 721
611 910
612 341
613 1938
614 2741
615 1599
616 1146
617 2113
618 613
619 1940
620 287
621 1222
622 2895
623 359
624 2537
625 2752
626 2489
627 893
628 2088
629 903
630 1348
631 1406
632 1048
633 2353
634 1234
635 2247
636 1503
637 593
638 2921
639 1169
640 1818
641 1028
642 1191
643 2953
644 710
645 833
646 2374
647 563
648 1459
649 1956
650 565
651 2647
652 1573
653 1786
654 1861
655 2235
656 74
657 2994
658 1173
659 1392
660 2011
661 165
662 1399
663 2288
664 902
665 886
666 228
667 202
668 526
669 1265
670 1806
671 2976
672 852
673 1863
674 2279
675 2955
676 275
677 2689
678 2365
679 966
680 1505
681 621
682 148
683 1738
684 2880
685 640
686 2184
687 521
688 2914
689 1251
690 718
691 2576
692 343
693 967
694 1867
695 1532
696 1345
697 2559
698 791
699 186
700 2671
701 44
702 299
703 1019
704 724
705 1576
706 1034
707 1557
708 240
709 1321
710 1471
711 1537
712 1576
713 2852
714 914
715 96
716 1284
717 236
718 838
719 1420
720 2173
721 855
722 1801
723 754
724 203
725 2026
726 87
727 2540
728 803
729 196
730 2584
731 2896
732 1044
733 1933
734 2177
735 2286
736 232
737 99
738 1639
739 1749
740 2893
741 2374
742 1802
743 1274
744 1461
745 2016
746 1100
747 2607
748 844
749 2809
750 2254
751 538
752 918
753 2624
754 549
755 1054
756 2591
757 2537
758 1583
759 1110
760 2014
761 310
762 1951
763 2779
764 1856
765 1359
766 2619
767 814
768 1746
769 2374
770 1623
771 2532
772 2169
773 1200
774 1244
775 2751
776 1480
777 2624
778 493
779 2979
780 1110
781 1750
782 858
783 2813
784 2463
785 2017
786 2752
787 1370
788 1449
789 1257
790 2045
791 1154
792 1975
793 2755
794 1714
795 366
796 112
797 328
798 213
799 2897
800 2627
801 604
802 2178
803 1754
804 1611
805 2057
806 1056
807 2384
808 2517
809 2983
810 1500
811 117
812 550
813 936
814 1066
815 1777
816 2854
817 2806
818 1112
819 499
820 664
821 891
822 836
823 2211
824 2186
825 2341
826 2805
827 619
828 746
829 2085
830 2077
831 2361
832 39
833 2967
834 1837
835 2469
836 1102
837 2735
838 504
839 692
840 1617
841 1885
842 1175
843 879
844 1087
845 128
846 605
847 76
848 2621
849 682
850 2123
851 2934
852 2501
853 993
854 1343
855 893
856 1731
857 2066
858 1717
859 284
860 2312
861 2844
862 2154
863 366
864 1761
865 1115
866 842
867 2006
868 2554
869 2526
870 2634
871 1208
872 1564
873 1966
874 822
875 1653
876 2488
877 1572
878 339
879 2
880 2210
881 780
882 1877
883 340
884 2233
885 2042
886 1180
887 882
888 98
889 882
890 759
891 2231
892 756
893 2153
894 477
895 2500
896 307
897 48
898 642
899 2640
900 111
901 2443
902 993
903 1387
904 1660
905 2653
906 1182
907 1171
908 2587
909 2468
910 1554
911 1050
912 2196
913 2812
914 111
915 2855
916 1218
917 2249
918 1915
919 2506
920 2572
921 2215
922 1273
923 2620
924 2727
925 1709
926 410
927 2901
928 2482
929 1838
930 2900
931 2192
932 1659
933 1389
934 1494
935 241
936 2572
937 1750
938 1894
939 294
940 1739
941 2303
942 1742
943 1516
944 775
945 1984
946 1425
947 588
948 557
949 2671
950 2522
951 2012
952 2236
953 2456
954 2403
955 738
956 134
957 1996
958 1202
959 373
960 2525
961 1988
962 2232
963 1761
964 1442
965 1463
966 785
967 2379
968 493
969 2100
970 2097
971 937
972 1140
973 2064
974 2051
975 1899
976 1537

