759 6
0 1154
1 2284
2 1276
3 2798
4 1942
5 194
6 1143
7 1947
8 664
9 233
10 1009
11 2862
12 1923
13 1154
14 820
15 2728
16 2996
17 1002
18 2174
19 2671
20 71
21 97
22 1211
23 1424
24 2826
25 2744
26 273
27 2870
28 2740
29 2443
30 1994
31 2028
32 785
33 217
34 2332
35 1892
36 2153
37 91
38 786
39 143
40 72
41 1634
42 2414
43 523
44 965
45 2699
46 1101
47 1413
48 1483
49 909
50 621
51 977
52 2255
53 1359
54 1009
55 2314
56 539
57 462
58 644
59 266
60 545
61 220
62 1403
63 2877
64 233
65 2934
66 460
67 298
68 1295
69 660
70 291
71 2315
72 1408
73 22
74 2828
75 1111
76 22
77 2320
78 2923
79 2994
80 281
81 1825
82 928
83 942
84 2808
85 463
86 1002
87 704
88 1230
89 2506
90 272
91 965
92 2808
93 1189
94 2050
95 2651
96 2919
97 1305
98 2935
99 1396
100 204
101 1160
102 478
103 2012
104 838
105 2050
106 81
107 2991
108 154
109 2239
110 185
111 1853
112 2142
113 1027
114 1685
115 1377
116 2955
117 1707
118 1160
119 1677
120 1240
121 2296
122 2854
123 1793
124 2484
125 406
126 2530
127 2101
128 1267
129 2195
130 2013
131 2984
132 1772
133 1645
134 327
135 2005
136 2346
137 1484
138 718
139 117
140 1207
141 2812
142 768
143 1034
144 458
145 455
146 266
147 2250
148 986
149 1212
150 839
151 1498
152 2973
153 2565
154 986
155 643
156 1209
157 2274
158 1007
159 800
160 2766
161 926
162 1627
163 1571
164 462
165 2843
166 33
167 2986
168 2091
169 79
170 205
171 1806
172 1215
173 336
174 446
175 1820
176 2039
177 2467
178 2350
179 135
180 1672
181 447
182 2417
183 1031
184 2436
185 533
186 2971
187 1644
188 2586
189 1356
190 1883
191 127
192 262
193 213
194 1853
195 542
196 1613
197 1669
198 1539
199 2181
200 1413
201 154
202 2166
203 1134
204 1175
205 1322
206 339
207 405
208 2964
209 2064
210 1291
211 638
212 1526
213 648
214 922
215 888
216 2398
217 1986
218 1912
219 2185
220 916
221 2396
222 1922
223 694
224 2001
225 2557
226 637
227 2927
228 2446
229 2183
230 2328
231 166
232 726
233 2222
234 40
235 2730
236 2038
237 2808
238 2332
239 2553
240 414
241 2510
242 591
243 1267
244 1968
245 65
246 2186
247 852
248 2701
249 2478
250 1919
251 2920
252 2639
253 1778
254 767
255 2662
256 966
257 159
258 2394
259 2990
260 552
261 900
262 290
263 1096
264 1004
265 2078
266 2146
267 377
268 2333
269 291
270 125
271 671
272 2482
273 1075
274 1417
275 2476
276 1179
277 2939
278 852
279 1254
280 1525
281 2289
282 54
283 847
284 2464
285 1878
286 2776
287 1325
288 2652
289 2491
290 2020
291 2119
292 2953
293 2517
294 2094
295 582
296 1487
297 979
298 724
299 105
300 256
301 1000
302 1706
303 360
304 2812
305 386
306 660
307 783
308 1824
309 1056
310 852
311 2189
312 2484
313 2024
314 636
315 102
316 1461
317 2520
318 1661
319 0
320 854
321 2473
322 1041
323 388
324 1525
325 415
326 603
327 35
328 1554
329 1456
330 678
331 2553
332 2913
333 2476
334 2843
335 2436
336 1619
337 812
338 762
339 254
340 279
341 433
342 681
343 2711
344 2603
345 974
346 793
347 2559
348 80
349 2694
350 1795
351 1837
352 374
353 1727
354 1846
355 1435
356 1855
357 1809
358 1168
359 2447
360 1020
361 2455
362 969
363 2408
364 664
365 692
366 1562
367 156
368 1688
369 543
370 1734
371 2567
372 1178
373 566
374 2987
375 2451
376 1958
377 1038
378 647
379 2279
380 1147
381 526
382 2152
383 2050
384 441
385 1633
386 437
387 1423
388 1300
389 2112
390 2677
391 2144
392 2221
393 1782
394 628
395 2051
396 1564
397 1561
398 2398
399 1567
400 2331
401 2248
402 1206
403 2132
404 2813
405 2690
406 854
407 1750
408 1731
409 248
410 1917
411 177
412 235
413 1388
414 1925
415 1714
416 710
417 45
418 280
419 2864
420 2455
421 1895
422 1933
423 1229
424 2133
425 261
426 76
427 918
428 1063
429 2937
430 129
431 2726
432 1770
433 1841
434 1455
435 262
436 2728
437 2881
438 2605
439 160
440 467
441 2306
442 2751
443 907
444 517
445 446
446 1694
447 1757
448 2909
449 1645
450 1265
451 893
452 928
453 286
454 1747
455 2458
456 1652
457 359
458 859
459 2833
460 2803
461 689
462 2475
463 2170
464 2479
465 198
466 625
467 756
468 1109
469 621
470 65
471 402
472 579
473 977
474 1866
475 393
476 1279
477 1712
478 2139
479 602
480 17
481 1656
482 1902
483 2986
484 284
485 244
486 2803
487 1562
488 678
489 2267
490 2359
491 481
492 683
493 2767
494 1826
495 1641
496 1945
497 707
498 2043
499 757
500 2616
501 1443
502 1837
503 1993
504 444
505 753
506 2653
507 395
508 2819
509 329
510 1197
511 856
512 1534
513 434
514 2267
515 790
516 1958
517 1382
518 2015
519 613
520 1457
521 2854
522 1539
523 1623
524 1813
525 2521
526 1728
527 2613
528 795
529 2059
530 573
531 828
532 12
533 1895
534 1748
535 1786
536 1326
537 2912
538 494
539 1080
540 2253
541 1256
542 2515
543 2771
544 891
545 1722
546 1350
547 2027
548 2420
549 1358
550 1757
551 1684
552 1751
553 1186
554 1567
555 2808
556 2244
557 1591
558 2039
559 1597
560 162
561 813
562 2554
563 697
564 1722
565 1791
566 2330
567 2131
568 2319
569 804
570 2421
571 2595
572 2417
573 1622
574 406
575 618
576 2522
577 592
578 1791
579 2902
580 2759
581 186
582 2902
583 2238
584 302
585 2596
586 1848
587 2644
588 962
589 1632
590 2278
591 1433
592 2093
593 1038
594 1620
595 2784
596 2505
597 1856
598 1886
599 484
600 264
601 1436
602 2439
603 810
604 105
605 2086
606 1092
607 1006
608 608
609 1198
610 1642
611 2276
612 185
613 996
614 2814
615 1794
616 2496
617 980
618 141
619 1446
620 1420
621 2691
622 1721
623 2470
624 2994
625 89
626 2844
627 940
628 1855
629 664
630 488
631 1136
632 2635
633 53
634 884
635 2466
636 728
637 1157
638 1177
639 201
640 525
641 238
642 2711
643 924
644 2423
645 1101
646 2222
647 1258
648 1347
649 1484
650 1103
651 1118
652 115
653 2223
654 105
655 837
656 759
657 199
658 1152
659 1807
660 338
661 1116
662 894
663 2081
664 1702
665 434
666 1968
667 446
668 1865
669 1029
670 2917
671 2802
672 1082
673 1716
674 1258
675 2167
676 748
677 1538
678 2816
679 1841
680 1787
681 1889
682 2832
683 1726
684 2464
685 1107
686 490
687 599
688 806
689 2396
690 2078
691 1029
692 500
693 1323
694 2586
695 920
696 1488
697 1128
698 1341
699 1188
700 1125
701 1928
702 114
703 2719
704 1437
705 5
706 217
707 1960
708 505
709 454
710 2898
711 298
712 1421
713 821
714 597
715 2151
716 485
717 265
718 2050
719 2148
720 2609
721 859
722 2674
723 2543
724 2253
725 1682
726 1470
727 1904
728 1251
729 489
730 2007
731 1145
732 347
733 1548
734 506
735 2468
736 2178
737 2155
738 881
739 2109
740 2110
741 2289
742 1969
743 2675
744 721
745 81
746 424
747 426
748 2191
749 1075
750 1
751 188
752 228
753 861
754 435
755 1192
756 2774
757 464
758 1589

