993 87
0 667
1 434
2 2683
3 1343
4 2640
5 1774
6 936
7 1840
8 776
9 223
10 429
11 2712
12 621
13 862
14 2317
15 152
16 2449
17 1114
18 994
19 1722
20 2661
21 1962
22 1966
23 2079
24 1795
25 2346
26 1579
27 2991
28 2205
29 1519
30 2767
31 2064
32 1247
33 997
34 1102
35 1545
36 907
37 2138
38 2308
39 410
40 2349
41 1171
42 1470
43 2371
44 1853
45 2293
46 1513
47 1961
48 1856
49 62
50 1352
51 2016
52 2339
53 1146
54 361
55 1412
56 2476
57 1993
58 747
59 741
60 2090
61 1686
62 2098
63 1677
64 182
65 615
66 62
67 2141
68 1818
69 1611
70 1836
71 136
72 2772
73 2079
74 425
75 2639
76 59
77 39
78 1725
79 1291
80 1179
81 1768
82 511
83 2483
84 375
85 2896
86 2730
87 2514
88 2404
89 2508
90 2924
91 2570
92 2447
93 2359
94 2325
95 448
96 708
97 1780
98 1768
99 2815
100 640
101 2646
102 963
103 1436
104 2604
105 1004
106 2686
107 925
108 505
109 1019
110 2928
111 1978
112 1715
113 2764
114 1081
115 2666
116 753
117 2492
118 1852
119 1085
120 939
121 145
122 1517
123 1323
124 1419
125 1212
126 1525
127 2099
128 2641
129 1130
130 822
131 320
132 2993
133 531
134 2696
135 868
136 2776
137 2742
138 857
139 1768
140 2371
141 2770
142 1786
143 2710
144 964
145 812
146 1859
147 1185
148 47
149 463
150 2118
151 655
152 1928
153 1980
154 2359
155 1991
156 80
157 1766
158 1287
159 1134
160 1588
161 1384
162 345
163 2123
164 941
165 226
166 2140
167 257
168 1439
169 1090
170 812
171 504
172 1161
173 2032
174 2780
175 2371
176 2418
177 2141
178 1168
179 1195
180 952
181 2579
182 983
183 1174
184 1114
185 987
186 2554
187 1946
188 2224
189 603
190 269
191 783
192 2006
193 1827
194 1851
195 240
196 1727
197 2498
198 338
199 2101
200 1071
201 228
202 2288
203 1630
204 2309
205 2977
206 2783
207 2865
208 1019
209 2493
210 904
211 422
212 767
213 1211
214 95
215 1099
216 1252
217 910
218 828
219 165
220 632
221 1416
222 870
223 969
224 1000
225 1337
226 368
227 1727
228 2906
229 1532
230 1900
231 2277
232 528
233 2908
234 989
235 1974
236 2450
237 1271
238 1513
239 1023
240 2973
241 2357
242 1215
243 2485
244 3000
245 2433
246 649
247 381
248 2668
249 2146
250 2704
251 257
252 72
253 430
254 1699
255 1061
256 2893
257 1575
258 107
259 1262
260 1426
261 753
262 1378
263 1795
264 254
265 2795
266 1929
267 2090
268 2055
269 2969
270 2143
271 1197
272 2794
273 2650
274 346
275 1136
276 2330
277 89
278 2706
279 1647
280 2494
281 89
282 541
283 960
284 854
285 1529
286 1876
287 2378
288 1652
289 2409
290 1366
291 1621
292 1997
293 2968
294 1134
295 281
296 2763
297 1605
298 1308
299 948
300 1768
301 522
302 684
303 2761
304 662
305 2645
306 1143
307 2235
308 1481
309 398
310 446
311 383
312 1749
313 380
314 1821
315 1199
316 476
317 1837
318 1197
319 2498
320 1307
321 126
322 345
323 116
324 2193
325 1281
326 1451
327 2616
328 166
329 597
330 2075
331 882
332 1495
333 2785
334 2073
335 180
336 2996
337 2394
338 2305
339 1366
340 2630
341 1990
342 578
343 1084
344 790
345 1353
346 2515
347 1327
348 1165
349 2431
350 1340
351 2642
352 2585
353 1234
354 98
355 1714
356 1574
357 2952
358 2020
359 774
360 661
361 2121
362 2791
363 457
364 2271
365 1069
366 2276
367 688
368 2311
369 2483
370 1989
371 922
372 799
373 1819
374 953
375 899
376 433
377 585
378 1960
379 739
380 1904
381 747
382 816
383 974
384 144
385 2056
386 2338
387 523
388 1045
389 1232
390 2390
391 868
392 1746
393 1367
394 676
395 2692
396 1570
397 250
398 608
399 1973
400 1400
401 1808
402 1334
403 1780
404 1852
405 2689
406 136
407 2395
408 772
409 751
410 252
411 2935
412 69
413 2935
414 1484
415 677
416 842
417 1293
418 1446
419 2486
420 269
421 2824
422 2481
423 1823
424 2442
425 411
426 2122
427 1647
428 1323
429 1511
430 763
431 683
432 875
433 1383
434 1915
435 1884
436 531
437 2531
438 1507
439 210
440 2108
441 2055
442 2697
443 209
444 969
445 1674
446 1709
447 345
448 2780
449 2067
450 1177
451 2533
452 1403
453 810
454 2740
455 351
456 1147
457 1183
458 2693
459 1849
460 467
461 1965
462 1002
463 2429
464 28
465 1899
466 0
467 1321
468 408
469 925
470 1806
471 1797
472 1269
473 2877
474 2065
475 2680
476 281
477 680
478 2519
479 2843
480 101
481 2642
482 2217
483 2217
484 2855
485 1027
486 1429
487 1161
488 1511
489 2347
490 2640
491 608
492 1083
493 775
494 673
495 2725
496 2303
497 1585
498 355
499 1804
500 2775
501 2761
502 2261
503 611
504 959
505 1518
506 2466
507 1422
508 1808
509 370
510 877
511 1861
512 2338
513 1014
514 1309
515 1357
516 2488
517 2531
518 2997
519 1962
520 85
521 14
522 1328
523 1146
524 995
525 2085
526 2625
527 1761
528 1007
529 1047
530 152
531 2582
532 1010
533 258
534 127
535 615
536 1139
537 2920
538 1935
539 1628
540 660
541 1846
542 2409
543 2289
544 29
545 2290
546 2270
547 2722
548 1801
549 2244
550 2954
551 1085
552 1285
553 1689
554 2102
555 517
556 2442
557 1434
558 978
559 1319
560 2280
561 2744
562 2482
563 2446
564 186
565 795
566 2628
567 1658
568 1741
569 870
570 771
571 1133
572 1622
573 1207
574 2977
575 40
576 1140
577 229
578 804
579 1526
580 2014
581 220
582 2706
583 165
584 1056
585 2823
586 2322
587 819
588 1871
589 1980
590 79
591 1554
592 1942
593 2165
594 13
595 891
596 146
597 1603
598 1802
599 2880
600 2981
601 2640
602 294
603 458
604 762
605 1046
606 977
607 1975
608 1636
609 2889
610 50
611 2618
612 1265
613 1530
614 653
615 1687
616 2507
617 404
618 929
619 124
620 220
621 1447
622 1842
623 2895
624 949
625 1422
626 2513
627 468
628 264
629 1163
630 2540
631 1181
632 1686
633 2663
634 1224
635 1814
636 889
637 1974
638 1372
639 2656
640 2680
641 1643
642 1118
643 2532
644 770
645 2538
646 2713
647 208
648 2740
649 292
650 1209
651 1827
652 1670
653 2819
654 787
655 1656
656 750
657 1226
658 2551
659 2256
660 438
661 503
662 1601
663 1649
664 2022
665 649
666 1556
667 853
668 1266
669 2001
670 1007
671 2880
672 434
673 2037
674 790
675 741
676 2754
677 593
678 1039
679 2723
680 1581
681 1075
682 2885
683 1669
684 482
685 770
686 1357
687 444
688 479
689 2102
690 818
691 449
692 2434
693 627
694 1030
695 1245
696 1636
697 2040
698 1490
699 121
700 2038
701 1307
702 2225
703 953
704 2871
705 1481
706 2293
707 86
708 1305
709 1070
710 799
711 2788
712 2335
713 1647
714 2860
715 1052
716 1640
717 503
718 810
719 21
720 2925
721 2384
722 2996
723 344
724 2873
725 2215
726 804
727 1136
728 2425
729 2458
730 1719
731 400
732 820
733 972
734 2839
735 1145
736 652
737 1198
738 2301
739 1296
740 1601
741 257
742 364
743 1840
744 2548
745 1448
746 2386
747 1944
748 2977
749 462
750 602
751 1992
752 1887
753 2284
754 2657
755 2044
756 1529
757 42
758 886
759 2192
760 409
761 682
762 2481
763 1413
764 1468
765 2634
766 2400
767 2724
768 40
769 2543
770 1537
771 2243
772 1558
773 1152
774 2499
775 1990
776 1440
777 333
778 2998
779 2167
780 1378
781 297
782 440
783 1146
784 780
785 1897
786 2166
787 2012
788 1044
789 795
790 524
791 658
792 1696
793 57
794 436
795 1316
796 2178
797 2016
798 1110
799 696
800 989
801 535
802 112
803 221
804 2304
805 2523
806 1642
807 521
808 2954
809 1476
810 2541
811 201
812 598
813 2414
814 10
815 877
816 485
817 163
818 2066
819 2947
820 649
821 2655
822 1210
823 2597
824 1689
825 2749
826 1113
827 1055
828 1948
829 2395
830 2646
831 1699
832 2979
833 2095
834 1549
835 1542
836 2262
837 1313
838 2964
839 693
840 621
841 1845
842 1068
843 2937
844 2346
845 1015
846 539
847 1299
848 2879
849 2900
850 2391
851 1149
852 1274
853 2691
854 976
855 152
856 300
857 2217
858 2059
859 320
860 2561
861 2959
862 1744
863 1372
864 726
865 2479
866 2501
867 1859
868 2823
869 1835
870 262
871 517
872 742
873 2769
874 1556
875 477
876 2631
877 1612
878 1073
879 373
880 426
881 1257
882 1225
883 2147
884 887
885 1855
886 591
887 1865
888 560
889 597
890 166
891 2474
892 2644
893 2248
894 2200
895 2509
896 433
897 1816
898 1881
899 32
900 953
901 473
902 2787
903 837
904 74
905 727
906 474
907 2854
908 692
909 2000
910 1262
911 106
912 1430
913 265
914 1840
915 2672
916 912
917 1991
918 2229
919 2160
920 1118
921 2141
922 1733
923 892
924 2899
925 142
926 1529
927 1339
928 1369
929 891
930 2579
931 2373
932 1020
933 2072
934 226
935 2398
936 856
937 2267
938 2779
939 235
940 2959
941 1539
942 1939
943 2174
944 208
945 1562
946 1413
947 2024
948 1312
949 1885
950 1777
951 2499
952 587
953 40
954 1149
955 1089
956 1615
957 1553
958 1055
959 2928
960 685
961 1531
962 2867
963 469
964 130
965 2879
966 2274
967 2208
968 2798
969 1434
970 2776
971 400
972 296
973 1469
974 1565
975 2763
976 986
977 323
978 1363
979 391
980 507
981 2870
982 1961
983 438
984 87
985 1493
986 273
987 2133
988 2127
989 499
990 844
991 187
992 1237

