640 34
0 2031
1 1994
2 1690
3 294
4 1870
5 1889
6 2091
7 597
8 1354
9 120
10 1719
11 2092
12 608
13 94
14 754
15 1049
16 662
17 101
18 1573
19 1661
20 1276
21 620
22 1359
23 98
24 1873
25 835
26 1283
27 2279
28 2413
29 2042
30 747
31 1875
32 1970
33 2591
34 2866
35 2139
36 2100
37 1793
38 1915
39 2596
40 1551
41 1713
42 105
43 1017
44 1569
45 1159
46 2497
47 1798
48 2728
49 1073
50 1188
51 1450
52 1128
53 115
54 2641
55 1118
56 2406
57 2679
58 2448
59 153
60 2830
61 2571
62 1601
63 2042
64 2741
65 2446
66 1304
67 1895
68 2887
69 2504
70 894
71 2425
72 747
73 1628
74 2025
75 187
76 1259
77 2253
78 2169
79 1791
80 2241
81 426
82 1259
83 1747
84 795
85 1010
86 2978
87 1815
88 1683
89 2521
90 2146
91 1412
92 1676
93 471
94 1592
95 474
96 2865
97 480
98 2977
99 502
100 1265
101 2979
102 2203
103 1662
104 130
105 1765
106 1945
107 2210
108 1420
109 2395
110 546
111 47
112 2849
113 1020
114 809
115 2256
116 497
117 743
118 953
119 2395
120 2632
121 263
122 1669
123 227
124 2953
125 2348
126 2237
127 26
128 2622
129 1884
130 2878
131 2804
132 726
133 100
134 888
135 2779
136 1037
137 2495
138 2511
139 2767
140 280
141 2282
142 652
143 2824
144 2117
145 1345
146 2746
147 625
148 373
149 2337
150 2780
151 460
152 2247
153 845
154 2374
155 2440
156 1667
157 2693
158 530
159 1380
160 56
161 1026
162 723
163 439
164 723
165 1951
166 2398
167 1710
168 183
169 1854
170 588
171 2962
172 178
173 1942
174 1484
175 2805
176 2968
177 210
178 449
179 806
180 885
181 1911
182 6
183 2216
184 2906
185 684
186 1720
187 1058
188 686
189 2467
190 1358
191 2101
192 1837
193 355
194 2479
195 1305
196 2583
197 1828
198 1396
199 1190
200 2936
201 2346
202 22
203 2960
204 1630
205 1564
206 926
207 1979
208 50
209 1203
210 1054
211 2072
212 1456
213 829
214 2834
215 2729
216 2051
217 1186
218 2788
219 970
220 2302
221 1609
222 1125
223 2431
224 3
225 1840
226 315
227 1511
228 1630
229 2430
230 180
231 1352
232 2594
233 109
234 2932
235 1872
236 2829
237 1071
238 513
239 274
240 670
241 1
242 902
243 1638
244 909
245 1824
246 1116
247 2941
248 517
249 2116
250 2587
251 972
252 1769
253 316
254 408
255 2415
256 2775
257 959
258 2673
259 2511
260 391
261 2740
262 210
263 2627
264 2757
265 2799
266 2255
267 2568
268 1011
269 1615
270 2606
271 1286
272 2996
273 2482
274 1777
275 1395
276 2730
277 2569
278 2253
279 21
280 2376
281 1967
282 1048
283 768
284 1518
285 2315
286 2134
287 461
288 2950
289 870
290 586
291 1013
292 1844
293 1416
294 279
295 2800
296 1104
297 58
298 1771
299 2862
300 275
301 1777
302 2532
303 2182
304 741
305 335
306 656
307 1363
308 2680
309 1209
310 301
311 1452
312 1654
313 1716
314 2522
315 2051
316 2096
317 1637
318 2354
319 2822
320 705
321 212
322 2433
323 2154
324 2208
325 2209
326 1433
327 2438
328 790
329 2221
330 2622
331 748
332 2471
333 1650
334 2358
335 1487
336 1797
337 2049
338 1849
339 2880
340 2935
341 370
342 241
343 2523
344 2666
345 1184
346 2580
347 2268
348 2565
349 2691
350 2594
351 2637
352 903
353 2794
354 2814
355 255
356 1434
357 145
358 2975
359 1464
360 2825
361 2451
362 2578
363 953
364 1097
365 2191
366 1629
367 1664
368 160
369 1766
370 1312
371 2858
372 1880
373 1476
374 113
375 2972
376 2884
377 761
378 318
379 2953
380 1757
381 1797
382 836
383 1730
384 2069
385 1739
386 2193
387 150
388 2403
389 472
390 1542
391 619
392 1463
393 1474
394 170
395 1124
396 1714
397 1171
398 2504
399 1135
400 181
401 1861
402 1574
403 1477
404 2446
405 2353
406 2729
407 2881
408 1146
409 1792
410 1209
411 2718
412 1207
413 2777
414 1131
415 1376
416 1341
417 1971
418 2754
419 1120
420 30
421 1094
422 1588
423 2961
424 2963
425 2547
426 2914
427 2947
428 1764
429 525
430 2073
431 1960
432 1450
433 1991
434 448
435 335
436 2159
437 2945
438 60
439 845
440 2892
441 939
442 2547
443 460
444 506
445 2965
446 2426
447 2994
448 314
449 454
450 872
451 2476
452 896
453 1520
454 1303
455 2033
456 813
457 2278
458 40
459 119
460 2572
461 2818
462 997
463 1547
464 1539
465 848
466 926
467 181
468 1258
469 1133
470 2631
471 441
472 1682
473 2623
474 251
475 1276
476 1009
477 401
478 804
479 1814
480 1846
481 1016
482 617
483 2546
484 2944
485 2864
486 1817
487 384
488 2631
489 1008
490 2327
491 1992
492 827
493 2590
494 2135
495 2704
496 1277
497 2684
498 2959
499 2861
500 2809
501 1378
502 1981
503 2451
504 2365
505 2509
506 1938
507 2320
508 2291
509 427
510 1321
511 1728
512 1000
513 1701
514 1091
515 428
516 1436
517 199
518 1829
519 1370
520 1584
521 2973
522 1046
523 2379
524 1669
525 929
526 684
527 64
528 1437
529 1786
530 2739
531 1555
532 2413
533 1906
534 2078
535 1500
536 2974
537 1454
538 1018
539 2983
540 482
541 2734
542 1280
543 1012
544 186
545 2831
546 555
547 758
548 1923
549 2525
550 1975
551 455
552 2351
553 856
554 416
555 441
556 2960
557 1428
558 2229
559 120
560 1031
561 2241
562 2239
563 2660
564 1193
565 1795
566 2726
567 1581
568 2432
569 2409
570 2530
571 694
572 986
573 619
574 1503
575 2551
576 1094
577 1813
578 1557
579 2317
580 2898
581 2948
582 172
583 150
584 1797
585 1482
586 654
587 1473
588 1086
589 1417
590 1419
591 333
592 1814
593 2671
594 627
595 277
596 2647
597 2596
598 2400
599 1245
600 56
601 777
602 2273
603 2960
604 1543
605 1773
606 2104
607 784
608 2560
609 912
610 2980
611 988
612 864
613 2690
614 1886
615 2079
616 2170
617 618
618 306
619 1368
620 2648
621 255
622 1183
623 136
624 33
625 2197
626 2492
627 1808
628 657
629 1166
630 2088
631 902
632 1930
633 2195
634 1692
635 716
636 1201
637 633
638 631
639 1602

