126 4
0 2668
1 2577
2 72
3 551
4 2607
5 1874
6 2757
7 2860
8 863
9 1455
10 402
11 968
12 2483
13 291
14 649
15 23
16 2454
17 345
18 1568
19 2659
20 2094
21 1669
22 2614
23 2764
24 139
25 989
26 2641
27 891
28 2248
29 1399
30 1070
31 1123
32 2193
33 2320
34 1993
35 2869
36 1269
37 2233
38 2401
39 1207
40 1170
41 262
42 840
43 712
44 2641
45 2146
46 364
47 143
48 616
49 825
50 2805
51 2581
52 2772
53 988
54 2997
55 2828
56 2293
57 35
58 731
59 1058
60 400
61 949
62 1275
63 1199
64 713
65 348
66 387
67 2959
68 2817
69 1087
70 1446
71 2677
72 2771
73 911
74 1531
75 2225
76 1510
77 851
78 2145
79 2953
80 2148
81 1999
82 717
83 1917
84 2486
85 477
86 1823
87 2249
88 2169
89 2451
90 2555
91 2861
92 2199
93 2044
94 1450
95 1665
96 1657
97 1645
98 2319
99 2600
100 1143
101 2908
102 2912
103 626
104 2161
105 2967
106 528
107 188
108 2461
109 1601
110 1563
111 588
112 2689
113 2460
114 2336
115 1134
116 269
117 907
118 542
119 2746
120 2351
121 2401
122 867
123 1912
124 1876
125 854

