261 12
0 1335
1 2998
2 1693
3 1683
4 2769
5 1067
6 1095
7 1868
8 2828
9 2520
10 1371
11 728
12 2000
13 1235
14 1916
15 2861
16 1106
17 94
18 1687
19 561
20 1985
21 2773
22 1372
23 2951
24 2167
25 1899
26 1580
27 1010
28 1859
29 2085
30 223
31 2487
32 2723
33 1378
34 1138
35 2562
36 27
37 1650
38 563
39 988
40 1774
41 1574
42 1781
43 1445
44 2581
45 1130
46 1214
47 2204
48 1898
49 607
50 1413
51 2705
52 145
53 1915
54 1028
55 1859
56 540
57 2936
58 464
59 755
60 2014
61 1862
62 2036
63 2084
64 1516
65 2832
66 53
67 1683
68 135
69 1567
70 1748
71 1698
72 2442
73 2626
74 2860
75 2301
76 2491
77 2525
78 2696
79 112
80 2392
81 1109
82 1435
83 2481
84 1522
85 1970
86 1602
87 222
88 1973
89 917
90 741
91 2927
92 1779
93 1306
94 2132
95 1631
96 2926
97 1199
98 33
99 266
100 1858
101 1857
102 41
103 1339
104 1610
105 1369
106 2076
107 1344
108 424
109 289
110 326
111 522
112 1825
113 748
114 94
115 2641
116 2359
117 2045
118 133
119 1023
120 1567
121 2196
122 1413
123 262
124 1075
125 1806
126 2287
127 21
128 1606
129 748
130 2179
131 2070
132 489
133 208
134 1743
135 2946
136 1836
137 1875
138 1290
139 409
140 20
141 150
142 2105
143 2962
144 1063
145 2348
146 2637
147 450
148 2209
149 355
150 1972
151 589
152 2584
153 1224
154 1555
155 2778
156 1467
157 2805
158 215
159 1041
160 2632
161 2527
162 1618
163 1404
164 2119
165 2684
166 2624
167 1186
168 2304
169 1620
170 303
171 449
172 485
173 1741
174 151
175 396
176 1970
177 2263
178 764
179 216
180 2307
181 2301
182 1132
183 1340
184 2217
185 2350
186 618
187 761
188 1158
189 2333
190 483
191 1938
192 504
193 1064
194 414
195 794
196 54
197 1088
198 2740
199 491
200 518
201 2514
202 2133
203 2373
204 2269
205 1998
206 811
207 2875
208 2091
209 60
210 2254
211 755
212 1843
213 318
214 1806
215 807
216 2662
217 1513
218 171
219 2774
220 2068
221 2543
222 562
223 768
224 36
225 1275
226 1561
227 484
228 780
229 2455
230 173
231 262
232 2329
233 2033
234 1566
235 2392
236 2044
237 2891
238 2375
239 1711
240 2829
241 1986
242 2614
243 1115
244 1736
245 2039
246 983
247 1258
248 180
249 326
250 2013
251 1956
252 2219
253 1789
254 1276
255 2816
256 2719
257 2070
258 404
259 2399
260 986

