327 36
0 1678
1 2644
2 419
3 820
4 2621
5 1390
6 2149
7 272
8 2951
9 2571
10 767
11 470
12 1701
13 1794
14 950
15 2580
16 2664
17 1920
18 2516
19 2743
20 2919
21 1898
22 892
23 2577
24 1762
25 2498
26 1465
27 2482
28 1182
29 581
30 1581
31 814
32 2700
33 1227
34 1554
35 572
36 196
37 2630
38 2378
39 2984
40 913
41 2139
42 1642
43 588
44 639
45 1248
46 1406
47 843
48 2926
49 1260
50 2490
51 2942
52 80
53 2447
54 1867
55 1893
56 933
57 1250
58 2112
59 55
60 227
61 66
62 935
63 2131
64 2882
65 2698
66 21
67 2244
68 357
69 629
70 282
71 758
72 108
73 53
74 2495
75 2021
76 2892
77 315
78 2481
79 2857
80 2039
81 2334
82 2911
83 1925
84 1394
85 2049
86 2030
87 536
88 1941
89 1412
90 1090
91 1909
92 432
93 1794
94 1975
95 1242
96 1993
97 522
98 1220
99 2146
100 1359
101 1387
102 2954
103 457
104 786
105 2693
106 2074
107 2922
108 2881
109 911
110 1085
111 585
112 2561
113 1608
114 2173
115 1809
116 1387
117 2827
118 1791
119 496
120 1081
121 1616
122 570
123 1456
124 2038
125 2910
126 193
127 126
128 688
129 582
130 214
131 195
132 375
133 978
134 172
135 1201
136 647
137 1021
138 2064
139 2709
140 2321
141 156
142 2799
143 779
144 1632
145 199
146 80
147 489
148 2476
149 1682
150 619
151 2139
152 1557
153 2981
154 2672
155 2017
156 1522
157 1281
158 2929
159 2424
160 2616
161 1126
162 2915
163 866
164 1871
165 2603
166 1722
167 1454
168 1571
169 861
170 1250
171 614
172 121
173 1727
174 1387
175 1222
176 2164
177 604
178 1452
179 1284
180 2201
181 1338
182 1335
183 2937
184 1215
185 706
186 1061
187 2036
188 2839
189 660
190 2313
191 663
192 388
193 1620
194 287
195 1107
196 2507
197 1247
198 1315
199 2721
200 2368
201 2656
202 251
203 2733
204 502
205 860
206 564
207 2457
208 1917
209 1407
210 355
211 2572
212 1038
213 1476
214 2306
215 2033
216 2607
217 2898
218 1642
219 213
220 1810
221 2889
222 608
223 662
224 36
225 594
226 521
227 2918
228 221
229 1247
230 2297
231 2954
232 1770
233 2434
234 1554
235 2550
236 1023
237 2297
238 1242
239 648
240 1222
241 707
242 1177
243 386
244 607
245 20
246 2247
247 128
248 2583
249 1841
250 180
251 308
252 1311
253 1883
254 2696
255 2412
256 1875
257 2673
258 20
259 1090
260 1275
261 2464
262 789
263 1423
264 1953
265 2318
266 1410
267 1803
268 914
269 2605
270 1740
271 1353
272 2446
273 1151
274 651
275 722
276 1555
277 2037
278 779
279 2629
280 2619
281 2536
282 461
283 2345
284 978
285 2423
286 2928
287 766
288 673
289 1689
290 1594
291 1850
292 1752
293 948
294 1063
295 2024
296 1218
297 224
298 438
299 1637
300 687
301 1404
302 1783
303 1507
304 485
305 104
306 746
307 426
308 2273
309 1064
310 1819
311 1721
312 1975
313 1494
314 266
315 1716
316 2707
317 367
318 1006
319 494
320 118
321 1893
322 23
323 322
324 391
325 961
326 2653

