946 90
0 728
1 1787
2 1125
3 1895
4 1493
5 1592
6 1741
7 1898
8 573
9 2564
10 2421
11 592
12 1630
13 346
14 2247
15 1893
16 971
17 596
18 2569
19 1364
20 88
21 2728
22 1864
23 2367
24 2068
25 540
26 1376
27 789
28 2605
29 2326
30 130
31 1175
32 1703
33 1221
34 1395
35 1986
36 2790
37 1396
38 568
39 344
40 2738
41 822
42 2617
43 1998
44 1187
45 2220
46 768
47 752
48 165
49 261
50 530
51 1800
52 2235
53 2692
54 1400
55 1136
56 2079
57 886
58 569
59 2743
60 1301
61 2798
62 1074
63 129
64 2458
65 1934
66 2544
67 1171
68 1738
69 366
70 2954
71 1476
72 2756
73 409
74 2049
75 2355
76 1058
77 661
78 2048
79 150
80 2199
81 2677
82 1355
83 658
84 2164
85 1173
86 622
87 1076
88 2150
89 1706
90 2484
91 2469
92 2291
93 1190
94 1034
95 2028
96 857
97 2095
98 164
99 1236
100 1097
101 2957
102 471
103 614
104 860
105 2484
106 842
107 1075
108 2136
109 1242
110 139
111 1199
112 1572
113 2486
114 2699
115 2274
116 1278
117 339
118 88
119 1244
120 1027
121 2831
122 2267
123 43
124 2912
125 796
126 1839
127 532
128 202
129 2277
130 2126
131 2777
132 2051
133 972
134 1049
135 2486
136 2446
137 601
138 1494
139 2030
140 1631
141 1268
142 2318
143 909
144 932
145 26
146 1740
147 2691
148 1666
149 1825
150 1496
151 1621
152 2197
153 1876
154 2555
155 1866
156 878
157 1477
158 2755
159 1930
160 2836
161 2287
162 2116
163 2842
164 1066
165 2154
166 1937
167 766
168 1252
169 2318
170 1284
171 920
172 2724
173 1389
174 2709
175 2883
176 1555
177 1989
178 87
179 529
180 1513
181 1078
182 2102
183 519
184 2988
185 1796
186 442
187 2689
188 1800
189 773
190 1678
191 1497
192 2711
193 1172
194 43
195 661
196 1210
197 2676
198 1872
199 935
200 330
201 1532
202 2678
203 367
204 1328
205 1689
206 435
207 1519
208 1423
209 633
210 210
211 1291
212 1109
213 1986
214 1351
215 900
216 2132
217 2898
218 2424
219 1741
220 757
221 2344
222 2492
223 90
224 2693
225 612
226 2995
227 2639
228 2000
229 541
230 899
231 421
232 2449
233 2378
234 905
235 1205
236 2212
237 2979
238 2438
239 2478
240 1693
241 819
242 2089
243 1596
244 2299
245 1875
246 134
247 568
248 2029
249 2985
250 1440
251 730
252 2115
253 515
254 484
255 2777
256 34
257 2169
258 832
259 634
260 1350
261 2711
262 722
263 2960
264 421
265 706
266 1222
267 2337
268 1943
269 1102
270 2544
271 2828
272 760
273 1023
274 2468
275 1461
276 220
277 2275
278 2675
279 1193
280 729
281 1250
282 389
283 206
284 1728
285 2697
286 628
287 2736
288 222
289 2882
290 2272
291 587
292 1260
293 1371
294 819
295 1948
296 1782
297 1469
298 1860
299 2954
300 1391
301 1654
302 1968
303 1861
304 1349
305 1060
306 387
307 1565
308 1943
309 816
310 925
311 505
312 2999
313 1862
314 236
315 997
316 2009
317 2754
318 2993
319 2741
320 1777
321 1016
322 2999
323 747
324 1482
325 2915
326 2992
327 489
328 2813
329 1893
330 1746
331 2583
332 2221
333 13
334 2384
335 1686
336 2889
337 1773
338 2762
339 976
340 763
341 2594
342 2713
343 1607
344 1482
345 2450
346 1397
347 2882
348 2673
349 1828
350 911
351 1665
352 2724
353 2699
354 723
355 965
356 2129
357 2923
358 653
359 1773
360 2543
361 319
362 423
363 1188
364 1261
365 560
366 2908
367 2273
368 2898
369 2751
370 1236
371 431
372 1381
373 1002
374 2805
375 394
376 188
377 2890
378 953
379 1074
380 2187
381 558
382 291
383 1036
384 1996
385 2165
386 743
387 14
388 2841
389 962
390 2917
391 1912
392 2573
393 2287
394 1166
395 840
396 803
397 1171
398 564
399 552
400 586
401 2217
402 1887
403 1368
404 1348
405 2231
406 131
407 2621
408 1746
409 220
410 2895
411 2872
412 1425
413 2654
414 1253
415 2828
416 2504
417 1936
418 484
419 1123
420 341
421 2559
422 174
423 2015
424 2807
425 340
426 2105
427 954
428 605
429 1711
430 2561
431 1231
432 2948
433 2496
434 1160
435 1399
436 406
437 562
438 1784
439 2055
440 1096
441 2749
442 1977
443 684
444 1424
445 935
446 195
447 1929
448 2096
449 753
450 1310
451 2108
452 2293
453 1543
454 2984
455 1474
456 942
457 488
458 1086
459 1153
460 1109
461 2903
462 862
463 1348
464 88
465 2620
466 2906
467 1958
468 2816
469 2735
470 1713
471 2534
472 233
473 494
474 1507
475 1319
476 1036
477 675
478 2050
479 1109
480 425
481 2258
482 2883
483 2427
484 2229
485 2703
486 1729
487 2848
488 130
489 2845
490 2739
491 1072
492 430
493 559
494 2538
495 120
496 2044
497 2141
498 555
499 859
500 2501
501 486
502 609
503 1205
504 268
505 809
506 2745
507 462
508 1399
509 1318
510 279
511 351
512 1708
513 17
514 1159
515 1840
516 2865
517 98
518 2437
519 974
520 2990
521 1676
522 398
523 2469
524 2652
525 1898
526 2218
527 2823
528 1496
529 1516
530 1621
531 625
532 2960
533 2817
534 2529
535 211
536 2121
537 964
538 755
539 2168
540 2025
541 758
542 2855
543 1273
544 1421
545 17
546 1939
547 554
548 1110
549 1616
550 1436
551 421
552 2345
553 2432
554 1290
555 89
556 175
557 2137
558 1473
559 1748
560 2713
561 2368
562 1477
563 1685
564 52
565 2523
566 1863
567 907
568 317
569 1926
570 2749
571 1155
572 1282
573 1658
574 2641
575 768
576 2580
577 308
578 2716
579 1639
580 2520
581 1964
582 2882
583 1202
584 526
585 256
586 2023
587 2739
588 1472
589 475
590 2187
591 2489
592 768
593 1902
594 104
595 2470
596 177
597 326
598 327
599 420
600 1586
601 2464
602 1636
603 336
604 807
605 1807
606 35
607 1984
608 2314
609 464
610 345
611 1552
612 263
613 373
614 1651
615 1946
616 2970
617 2976
618 627
619 381
620 2395
621 1082
622 2141
623 1080
624 667
625 2008
626 1766
627 765
628 1743
629 2508
630 2581
631 1654
632 2681
633 2429
634 259
635 1651
636 485
637 244
638 1207
639 2695
640 1221
641 1865
642 101
643 2225
644 955
645 836
646 2806
647 2737
648 395
649 574
650 780
651 1009
652 1297
653 1669
654 390
655 833
656 687
657 200
658 2061
659 86
660 568
661 1273
662 1657
663 1396
664 2941
665 683
666 1755
667 2989
668 2767
669 309
670 2588
671 1493
672 69
673 2698
674 1866
675 694
676 1076
677 966
678 2167
679 989
680 451
681 2256
682 622
683 1843
684 142
685 2884
686 1234
687 441
688 1545
689 1629
690 668
691 17
692 2383
693 2534
694 2524
695 2271
696 1455
697 1975
698 763
699 1089
700 2169
701 999
702 1800
703 1489
704 963
705 1979
706 568
707 1080
708 754
709 2173
710 0
711 418
712 1832
713 186
714 1208
715 904
716 1550
717 2380
718 636
719 2155
720 602
721 1380
722 1627
723 1397
724 2714
725 439
726 911
727 6
728 732
729 254
730 1158
731 1187
732 2754
733 845
734 1210
735 1011
736 69
737 439
738 917
739 753
740 2188
741 2010
742 1325
743 1332
744 562
745 1247
746 1533
747 1123
748 2892
749 1221
750 146
751 585
752 1299
753 1297
754 2368
755 2292
756 2520
757 1497
758 2906
759 2512
760 1534
761 2392
762 1950
763 233
764 953
765 2322
766 1812
767 2068
768 694
769 806
770 885
771 2239
772 2488
773 2545
774 2718
775 475
776 1445
777 2429
778 80
779 857
780 1979
781 2839
782 664
783 2272
784 1385
785 2977
786 2087
787 343
788 2782
789 510
790 2143
791 896
792 2793
793 2717
794 2207
795 2794
796 2250
797 2453
798 1101
799 2427
800 144
801 250
802 2684
803 1321
804 2123
805 2712
806 1766
807 2441
808 1200
809 332
810 891
811 409
812 438
813 2091
814 218
815 2592
816 108
817 2272
818 956
819 2000
820 1480
821 726
822 2693
823 652
824 1190
825 2260
826 2842
827 2278
828 2991
829 2759
830 1399
831 2820
832 1089
833 2999
834 975
835 2140
836 383
837 2674
838 1783
839 499
840 2739
841 2512
842 76
843 954
844 1830
845 221
846 66
847 2631
848 2498
849 667
850 539
851 1775
852 2456
853 1310
854 2004
855 2983
856 432
857 828
858 928
859 2832
860 1788
861 2604
862 890
863 1243
864 1768
865 2810
866 950
867 2638
868 2841
869 361
870 2840
871 824
872 916
873 2153
874 719
875 1702
876 1037
877 1929
878 2749
879 2082
880 2389
881 361
882 1887
883 2960
884 2037
885 2489
886 829
887 1643
888 1719
889 1941
890 2387
891 583
892 482
893 496
894 1282
895 2212
896 2389
897 740
898 2482
899 2319
900 200
901 2811
902 1702
903 1209
904 2133
905 211
906 1066
907 2327
908 2349
909 945
910 934
911 727
912 119
913 2952
914 475
915 370
916 1488
917 2910
918 994
919 234
920 1529
921 271
922 1215
923 1862
924 1195
925 1238
926 2213
927 1035
928 2951
929 970
930 2091
931 2916
932 332
933 159
934 721
935 1803
936 567
937 480
938 1283
939 2005
940 658
941 619
942 1682
943 461
944 1294
945 1422

