741 33
0 1064
1 2288
2 2656
3 2484
4 729
5 198
6 552
7 2009
8 1391
9 688
10 186
11 2039
12 2747
13 2510
14 661
15 1290
16 2728
17 315
18 45
19 1525
20 1647
21 1097
22 440
23 1045
24 1592
25 1986
26 1422
27 113
28 0
29 587
30 132
31 1602
32 2113
33 2681
34 2867
35 1008
36 874
37 2538
38 1996
39 1345
40 1333
41 2097
42 935
43 2547
44 1948
45 2780
46 874
47 1537
48 147
49 2354
50 611
51 832
52 2556
53 38
54 92
55 936
56 2799
57 2241
58 307
59 1413
60 2504
61 2539
62 652
63 2951
64 1097
65 1696
66 1339
67 1566
68 2980
69 2283
70 470
71 2038
72 89
73 1912
74 1175
75 465
76 108
77 35
78 248
79 1002
80 473
81 1965
82 1338
83 2656
84 326
85 327
86 783
87 540
88 2181
89 1151
90 515
91 2385
92 539
93 19
94 1215
95 2066
96 1812
97 2822
98 2688
99 761
100 1812
101 2957
102 285
103 1480
104 2488
105 1485
106 1054
107 2628
108 773
109 2244
110 1368
111 2862
112 1520
113 1311
114 1185
115 2801
116 848
117 2209
118 1989
119 1513
120 119
121 2168
122 854
123 1141
124 651
125 2817
126 27
127 1021
128 796
129 2528
130 2029
131 1199
132 2302
133 1098
134 2171
135 880
136 1463
137 2750
138 2394
139 430
140 1770
141 2277
142 1533
143 244
144 1645
145 241
146 1703
147 2115
148 1212
149 1354
150 1672
151 1096
152 2736
153 2474
154 2744
155 1514
156 1308
157 2336
158 2713
159 2742
160 1758
161 2903
162 2866
163 2817
164 1057
165 2640
166 144
167 1982
168 1469
169 1410
170 52
171 2714
172 381
173 670
174 2647
175 1213
176 996
177 1385
178 1491
179 1148
180 1870
181 2203
182 2092
183 2083
184 2700
185 2838
186 1735
187 2986
188 53
189 746
190 540
191 1843
192 364
193 153
194 2334
195 788
196 627
197 1692
198 398
199 1908
200 2078
201 1645
202 2931
203 2521
204 2787
205 1572
206 1006
207 26
208 247
209 69
210 607
211 1610
212 2111
213 722
214 2315
215 979
216 1638
217 2564
218 1676
219 637
220 1228
221 1003
222 1841
223 2838
224 535
225 1885
226 217
227 2573
228 2468
229 900
230 1532
231 2129
232 1662
233 2431
234 1979
235 433
236 2126
237 2898
238 2898
239 610
240 2520
241 1784
242 2959
243 2215
244 2241
245 489
246 616
247 2829
248 1007
249 1207
250 784
251 2246
252 1681
253 2230
254 423
255 899
256 2852
257 1902
258 1795
259 189
260 1208
261 234
262 2708
263 2579
264 1439
265 1505
266 2641
267 2268
268 1737
269 2097
270 1823
271 2060
272 2812
273 2477
274 2267
275 186
276 135
277 1134
278 170
279 1827
280 334
281 2353
282 593
283 555
284 1868
285 684
286 743
287 451
288 726
289 2203
290 88
291 1946
292 571
293 1549
294 2622
295 2557
296 2261
297 636
298 1721
299 2705
300 2225
301 2780
302 480
303 1747
304 1205
305 1636
306 2629
307 646
308 1017
309 309
310 1288
311 2840
312 1610
313 483
314 1604
315 1903
316 587
317 98
318 1754
319 1572
320 2686
321 2571
322 212
323 220
324 1381
325 598
326 318
327 402
328 128
329 406
330 829
331 2710
332 781
333 2884
334 1646
335 1255
336 506
337 473
338 2721
339 1733
340 1274
341 464
342 839
343 619
344 342
345 1079
346 67
347 236
348 1059
349 284
350 2918
351 2091
352 429
353 2795
354 531
355 1806
356 2509
357 1844
358 1491
359 2605
360 1452
361 1391
362 2292
363 2645
364 972
365 2884
366 936
367 1982
368 489
369 2438
370 445
371 318
372 1774
373 1299
374 1013
375 2467
376 643
377 1034
378 1148
379 2392
380 1268
381 1648
382 1003
383 1688
384 2706
385 2660
386 1295
387 592
388 1844
389 2417
390 2890
391 1383
392 84
393 2340
394 450
395 2505
396 2408
397 2840
398 2987
399 2730
400 564
401 2779
402 2879
403 2956
404 1041
405 518
406 680
407 955
408 641
409 942
410 1172
411 874
412 2012
413 524
414 1318
415 1149
416 1127
417 2342
418 999
419 699
420 2780
421 928
422 190
423 2277
424 2329
425 2294
426 741
427 2978
428 2047
429 623
430 1110
431 518
432 291
433 131
434 1952
435 1457
436 1447
437 273
438 2563
439 1540
440 777
441 185
442 2947
443 2890
444 125
445 1533
446 2147
447 2026
448 1602
449 135
450 1523
451 101
452 796
453 2555
454 692
455 1758
456 2788
457 220
458 2812
459 2775
460 2012
461 2433
462 2105
463 1338
464 2543
465 2271
466 1638
467 381
468 2709
469 2488
470 2656
471 2087
472 1765
473 2137
474 2191
475 1737
476 1364
477 2430
478 2992
479 2076
480 1250
481 289
482 2926
483 487
484 2095
485 1885
486 46
487 2104
488 510
489 1139
490 541
491 1126
492 406
493 2667
494 1117
495 2027
496 1583
497 1892
498 423
499 2464
500 2519
501 724
502 2520
503 2596
504 1617
505 145
506 1438
507 1297
508 2661
509 442
510 1805
511 566
512 2502
513 2592
514 2433
515 673
516 2769
517 2576
518 2722
519 2774
520 39
521 1766
522 1353
523 676
524 2238
525 2401
526 2320
527 1460
528 2277
529 2028
530 1713
531 1719
532 117
533 118
534 1931
535 702
536 392
537 86
538 1650
539 1598
540 2084
541 601
542 2343
543 909
544 1016
545 1804
546 2037
547 2083
548 38
549 1760
550 567
551 2023
552 640
553 2873
554 2003
555 2801
556 491
557 907
558 621
559 1520
560 2841
561 2447
562 902
563 1324
564 440
565 1286
566 805
567 2730
568 1675
569 755
570 405
571 2670
572 1798
573 2931
574 1203
575 349
576 130
577 1312
578 2112
579 2280
580 853
581 1101
582 95
583 1826
584 2681
585 194
586 2381
587 1814
588 1447
589 128
590 1773
591 2070
592 2572
593 206
594 1178
595 1
596 999
597 2645
598 2263
599 963
600 1445
601 2350
602 2524
603 679
604 546
605 1968
606 547
607 2656
608 2153
609 1628
610 379
611 605
612 2456
613 1215
614 402
615 465
616 1786
617 1001
618 2139
619 917
620 2580
621 556
622 62
623 1738
624 12
625 2689
626 2523
627 2281
628 428
629 2751
630 456
631 1608
632 317
633 567
634 373
635 560
636 2735
637 539
638 1313
639 1060
640 231
641 1946
642 648
643 402
644 2023
645 674
646 2793
647 346
648 2138
649 72
650 2539
651 787
652 608
653 1137
654 1527
655 1865
656 782
657 2945
658 2587
659 1173
660 29
661 2144
662 204
663 2178
664 976
665 2601
666 1921
667 2167
668 959
669 2647
670 2341
671 2403
672 1169
673 2217
674 1180
675 1643
676 2473
677 923
678 847
679 1942
680 2404
681 1039
682 971
683 2899
684 463
685 1182
686 1576
687 2606
688 1663
689 759
690 1662
691 12
692 1558
693 669
694 964
695 339
696 2915
697 559
698 449
699 2158
700 163
701 679
702 946
703 0
704 1212
705 1890
706 1950
707 2660
708 2656
709 2577
710 773
711 1510
712 785
713 257
714 2971
715 1809
716 2975
717 2753
718 259
719 922
720 999
721 2254
722 2307
723 2135
724 1960
725 453
726 230
727 633
728 2135
729 414
730 2808
731 268
732 2240
733 976
734 1463
735 944
736 1588
737 2498
738 2556
739 1615
740 1207

