737 46
0 2450
1 2895
2 961
3 1684
4 437
5 2464
6 1911
7 484
8 597
9 1914
10 1744
11 86
12 731
13 1169
14 841
15 244
16 537
17 2342
18 2833
19 1504
20 2787
21 1064
22 2209
23 1662
24 1814
25 1718
26 2231
27 1473
28 761
29 2721
30 845
31 2998
32 807
33 516
34 573
35 2531
36 2079
37 2014
38 1715
39 251
40 580
41 1103
42 2913
43 462
44 2698
45 1472
46 2323
47 2157
48 703
49 1623
50 2655
51 504
52 1009
53 2037
54 398
55 2109
56 2168
57 971
58 2203
59 1984
60 1149
61 2979
62 1046
63 579
64 990
65 1326
66 1287
67 2456
68 1017
69 2130
70 2843
71 2956
72 2197
73 1970
74 2939
75 552
76 1883
77 401
78 2977
79 1671
80 915
81 991
82 2481
83 360
84 779
85 2859
86 1918
87 1859
88 15
89 2867
90 2756
91 2630
92 2187
93 866
94 232
95 1867
96 2762
97 1094
98 640
99 292
100 1903
101 2260
102 1223
103 2247
104 1540
105 2838
106 1741
107 350
108 2344
109 816
110 364
111 2493
112 834
113 1599
114 305
115 2590
116 2705
117 692
118 137
119 2803
120 2520
121 193
122 1770
123 2748
124 1774
125 28
126 2536
127 2008
128 2963
129 1496
130 1709
131 2523
132 1264
133 1784
134 2884
135 328
136 214
137 24
138 1143
139 41
140 2460
141 2785
142 431
143 2615
144 466
145 533
146 619
147 736
148 1238
149 1593
150 180
151 1353
152 1031
153 485
154 714
155 2640
156 1021
157 1607
158 245
159 8
160 1322
161 2184
162 367
163 371
164 928
165 1960
166 1607
167 939
168 1756
169 1878
170 351
171 1757
172 891
173 2271
174 174
175 1840
176 819
177 1702
178 1790
179 98
180 99
181 2325
182 682
183 2555
184 2485
185 2874
186 250
187 2848
188 1507
189 1963
190 354
191 470
192 1507
193 2942
194 1686
195 2432
196 1644
197 380
198 386
199 1774
200 0
201 1689
202 49
203 1611
204 1961
205 1055
206 1147
207 1533
208 1711
209 763
210 1215
211 1162
212 981
213 2223
214 2694
215 2915
216 2220
217 723
218 2432
219 1370
220 1714
221 2500
222 224
223 15
224 2152
225 2326
226 982
227 1904
228 1448
229 658
230 2992
231 1345
232 2467
233 1019
234 2537
235 2088
236 663
237 1959
238 809
239 2169
240 2509
241 3
242 1065
243 2477
244 2814
245 960
246 560
247 1465
248 2018
249 571
250 2128
251 2257
252 2819
253 1544
254 1012
255 2746
256 1600
257 1319
258 1291
259 1261
260 2697
261 1992
262 947
263 1208
264 111
265 1861
266 734
267 1988
268 2177
269 480
270 1958
271 185
272 640
273 479
274 2146
275 1179
276 1116
277 2392
278 1335
279 623
280 252
281 2306
282 91
283 692
284 226
285 434
286 34
287 2806
288 495
289 2084
290 328
291 1185
292 1523
293 1991
294 163
295 536
296 1642
297 2604
298 2974
299 2113
300 1891
301 1757
302 1199
303 2231
304 2165
305 1147
306 919
307 510
308 2902
309 2309
310 967
311 2922
312 281
313 1191
314 2603
315 2255
316 256
317 1725
318 649
319 644
320 1605
321 2492
322 2860
323 1983
324 1400
325 2161
326 1743
327 2286
328 2655
329 989
330 399
331 332
332 1569
333 2582
334 1712
335 2831
336 1427
337 344
338 826
339 1223
340 1058
341 188
342 842
343 1375
344 224
345 2345
346 2360
347 1998
348 1537
349 1958
350 555
351 599
352 490
353 1815
354 2249
355 1231
356 171
357 2910
358 1102
359 2838
360 335
361 942
362 1887
363 976
364 2832
365 2100
366 2909
367 1029
368 783
369 2246
370 830
371 511
372 2235
373 333
374 1584
375 1380
376 1678
377 1311
378 753
379 1025
380 2083
381 284
382 2290
383 1340
384 2373
385 2985
386 2189
387 2176
388 2324
389 1846
390 174
391 188
392 2553
393 362
394 830
395 80
396 2349
397 159
398 2322
399 2802
400 348
401 480
402 2035
403 1282
404 207
405 2083
406 603
407 1415
408 203
409 1142
410 2003
411 1859
412 576
413 1308
414 89
415 2802
416 2347
417 1065
418 1058
419 889
420 2709
421 1766
422 1872
423 1086
424 2868
425 1455
426 1630
427 329
428 2240
429 1546
430 61
431 2114
432 702
433 2190
434 1168
435 1228
436 57
437 1438
438 235
439 1281
440 989
441 712
442 2755
443 2256
444 754
445 2477
446 2906
447 353
448 1728
449 491
450 1220
451 1202
452 464
453 1380
454 1961
455 2057
456 650
457 1917
458 558
459 1777
460 1100
461 585
462 2346
463 728
464 1781
465 729
466 554
467 2353
468 2167
469 3
470 1824
471 1604
472 1877
473 2674
474 1629
475 1302
476 2516
477 2657
478 2551
479 582
480 1699
481 2373
482 2636
483 189
484 585
485 452
486 1740
487 2459
488 36
489 833
490 1431
491 1456
492 1590
493 2649
494 2238
495 1150
496 1725
497 289
498 1972
499 1582
500 4
501 1406
502 1766
503 1471
504 1603
505 2045
506 1381
507 159
508 2652
509 797
510 2908
511 2212
512 640
513 1110
514 948
515 1879
516 947
517 2730
518 2093
519 2436
520 2582
521 2794
522 1037
523 1028
524 1584
525 1499
526 604
527 491
528 893
529 2155
530 1039
531 565
532 401
533 314
534 214
535 2705
536 2809
537 889
538 2798
539 1113
540 2529
541 384
542 2641
543 1507
544 2135
545 190
546 2781
547 2795
548 1686
549 2545
550 1997
551 347
552 2642
553 2122
554 1989
555 2459
556 2862
557 620
558 2463
559 2879
560 1706
561 832
562 1671
563 704
564 1160
565 1607
566 1136
567 1098
568 2696
569 1684
570 635
571 321
572 489
573 378
574 2387
575 930
576 598
577 1698
578 55
579 2575
580 839
581 2472
582 2709
583 2780
584 796
585 1370
586 1276
587 206
588 1634
589 2841
590 1246
591 2466
592 1688
593 2368
594 2394
595 1308
596 553
597 630
598 2167
599 1975
600 2026
601 2478
602 204
603 2363
604 1836
605 2775
606 2084
607 214
608 2678
609 2518
610 2510
611 2711
612 149
613 850
614 99
615 2970
616 1911
617 1496
618 846
619 2461
620 1710
621 2496
622 2255
623 1879
624 2696
625 683
626 2280
627 866
628 232
629 1680
630 583
631 1445
632 477
633 865
634 454
635 737
636 1915
637 68
638 711
639 2062
640 752
641 2191
642 2824
643 64
644 2421
645 2996
646 1647
647 1135
648 1922
649 1897
650 1220
651 1240
652 1034
653 2722
654 2590
655 302
656 2615
657 182
658 760
659 236
660 924
661 1596
662 1615
663 2041
664 1615
665 280
666 2130
667 534
668 2650
669 838
670 485
671 49
672 1972
673 1377
674 1366
675 999
676 808
677 1964
678 55
679 481
680 1195
681 1154
682 1718
683 43
684 1714
685 2892
686 822
687 39
688 2224
689 119
690 2038
691 596
692 2778
693 1012
694 1297
695 1665
696 440
697 884
698 1292
699 373
700 1191
701 850
702 2393
703 2158
704 1665
705 290
706 22
707 2005
708 2890
709 113
710 478
711 1188
712 1206
713 899
714 704
715 10
716 1209
717 1212
718 53
719 976
720 234
721 1248
722 2510
723 2043
724 2182
725 227
726 2750
727 2654
728 2703
729 1115
730 594
731 1186
732 1575
733 1896
734 733
735 95
736 2830

