496 9
0 1066
1 2757
2 445
3 2971
4 1976
5 2704
6 2803
7 2331
8 2839
9 2155
10 463
11 1167
12 2837
13 1512
14 611
15 303
16 1182
17 88
18 2587
19 167
20 960
21 1858
22 446
23 2705
24 2346
25 711
26 72
27 1274
28 104
29 1173
30 57
31 2428
32 2781
33 2319
34 2645
35 1437
36 968
37 2624
38 2853
39 2
40 1722
41 943
42 2145
43 2430
44 2622
45 1903
46 1023
47 1208
48 921
49 2032
50 2685
51 2758
52 2696
53 1391
54 1780
55 19
56 382
57 2346
58 941
59 2219
60 1156
61 1210
62 2036
63 559
64 1776
65 2933
66 2736
67 463
68 830
69 1501
70 783
71 1197
72 1762
73 628
74 2180
75 2728
76 2147
77 2753
78 2944
79 1697
80 13
81 1401
82 221
83 2177
84 298
85 2852
86 2123
87 246
88 2867
89 523
90 1674
91 1179
92 1045
93 779
94 151
95 2907
96 1772
97 1554
98 2638
99 1488
100 1605
101 2026
102 1599
103 58
104 2488
105 1592
106 1684
107 2598
108 2547
109 2558
110 2145
111 2492
112 933
113 2440
114 1496
115 2853
116 2739
117 2095
118 1406
119 1980
120 2438
121 1167
122 1613
123 2894
124 2191
125 187
126 87
127 1881
128 2229
129 1078
130 2029
131 1400
132 1513
133 2368
134 243
135 359
136 1868
137 2463
138 2860
139 1836
140 241
141 2549
142 2222
143 1815
144 1108
145 189
146 1789
147 997
148 2785
149 1382
150 2957
151 168
152 173
153 1879
154 400
155 614
156 1490
157 1658
158 2
159 2022
160 941
161 2240
162 2526
163 2802
164 634
165 1796
166 1090
167 984
168 2528
169 1700
170 546
171 1447
172 241
173 2300
174 202
175 2893
176 2214
177 2167
178 2951
179 1953
180 421
181 2572
182 2658
183 1898
184 132
185 310
186 2918
187 694
188 678
189 770
190 1477
191 54
192 229
193 966
194 1122
195 2955
196 561
197 1407
198 458
199 1928
200 2136
201 1724
202 2010
203 170
204 1851
205 692
206 964
207 811
208 1281
209 1883
210 1089
211 2015
212 2473
213 200
214 2162
215 2462
216 2090
217 572
218 2940
219 2957
220 2927
221 388
222 360
223 21
224 1172
225 2752
226 1748
227 2746
228 158
229 1654
230 1449
231 1572
232 1344
233 1925
234 2348
235 1725
236 1805
237 480
238 874
239 2114
240 947
241 2783
242 778
243 911
244 2109
245 147
246 531
247 351
248 1634
249 1265
250 2235
251 23
252 1867
253 2452
254 2514
255 1065
256 2126
257 901
258 2964
259 2601
260 107
261 2575
262 1644
263 2694
264 264
265 1141
266 1497
267 590
268 2781
269 346
270 76
271 470
272 1172
273 1106
274 2924
275 182
276 2308
277 137
278 972
279 2064
280 694
281 136
282 1938
283 59
284 28
285 2707
286 329
287 2331
288 2322
289 738
290 620
291 1523
292 2848
293 285
294 2285
295 255
296 1497
297 2542
298 1430
299 1566
300 2397
301 2987
302 1191
303 135
304 2701
305 778
306 2042
307 1053
308 1550
309 2351
310 2243
311 2777
312 1665
313 1556
314 1357
315 2663
316 1213
317 2881
318 744
319 2932
320 832
321 1558
322 1555
323 2944
324 1703
325 1511
326 2388
327 175
328 562
329 2223
330 1655
331 1406
332 2655
333 1738
334 1716
335 2778
336 2209
337 1937
338 27
339 22
340 70
341 1550
342 310
343 82
344 834
345 1199
346 1237
347 1563
348 771
349 1160
350 639
351 290
352 1751
353 254
354 636
355 1207
356 1440
357 2386
358 2289
359 2693
360 2881
361 2423
362 1696
363 402
364 1309
365 230
366 2308
367 1515
368 872
369 1233
370 2960
371 2919
372 232
373 1724
374 1196
375 2425
376 439
377 917
378 2289
379 1427
380 1116
381 333
382 1280
383 1942
384 380
385 2499
386 2169
387 1068
388 27
389 2510
390 31
391 2728
392 1297
393 770
394 1952
395 71
396 2545
397 2261
398 2703
399 2265
400 1486
401 1518
402 1263
403 1811
404 1316
405 2880
406 2547
407 446
408 2781
409 2378
410 2867
411 360
412 2163
413 533
414 2934
415 900
416 2385
417 1126
418 1531
419 72
420 2998
421 648
422 1157
423 686
424 341
425 1148
426 272
427 1059
428 1835
429 97
430 72
431 2402
432 826
433 2641
434 744
435 2847
436 1004
437 2282
438 1456
439 133
440 2172
441 2406
442 2124
443 2351
444 563
445 1654
446 1709
447 910
448 60
449 1824
450 739
451 697
452 2256
453 1418
454 1439
455 42
456 2001
457 470
458 1782
459 1887
460 2793
461 2801
462 1271
463 2921
464 808
465 525
466 1219
467 749
468 868
469 503
470 2224
471 2121
472 2289
473 1578
474 1900
475 1443
476 1649
477 817
478 2760
479 2322
480 807
481 466
482 2023
483 1128
484 374
485 1311
486 162
487 2128
488 875
489 2265
490 1672
491 2240
492 1990
493 1351
494 797
495 1367

