472 50
0 180
1 1893
2 1080
3 1013
4 2017
5 303
6 1159
7 1094
8 751
9 1380
10 2884
11 60
12 2345
13 2131
14 2410
15 1045
16 1190
17 1555
18 694
19 2002
20 649
21 1100
22 1305
23 2155
24 1197
25 1678
26 1149
27 581
28 587
29 1664
30 229
31 1271
32 1466
33 2584
34 2524
35 280
36 1822
37 1572
38 263
39 264
40 262
41 768
42 422
43 2108
44 2520
45 1260
46 1891
47 486
48 2879
49 136
50 0
51 2633
52 1925
53 1673
54 2162
55 766
56 1980
57 884
58 509
59 1625
60 2177
61 143
62 1466
63 1487
64 2411
65 2563
66 2900
67 1396
68 116
69 2965
70 2098
71 2963
72 42
73 727
74 321
75 2686
76 1910
77 68
78 2897
79 1779
80 1251
81 982
82 2343
83 1873
84 200
85 2949
86 553
87 2188
88 3000
89 493
90 1503
91 918
92 1985
93 1103
94 1239
95 2953
96 1585
97 953
98 2339
99 922
100 73
101 2419
102 1805
103 2703
104 578
105 1383
106 1151
107 986
108 957
109 2921
110 361
111 1945
112 551
113 1847
114 589
115 591
116 118
117 2775
118 1976
119 937
120 456
121 777
122 161
123 1693
124 432
125 1558
126 1781
127 676
128 1388
129 796
130 1257
131 2917
132 2068
133 217
134 2333
135 1372
136 813
137 236
138 1119
139 1556
140 2169
141 2559
142 320
143 777
144 528
145 2859
146 2030
147 2245
148 672
149 182
150 2061
151 2316
152 2842
153 2057
154 1415
155 2859
156 1283
157 942
158 1108
159 641
160 1225
161 2140
162 1149
163 2915
164 2903
165 1641
166 2079
167 1419
168 2336
169 330
170 2340
171 2398
172 229
173 701
174 551
175 1581
176 946
177 2220
178 366
179 1018
180 952
181 2567
182 2510
183 621
184 1707
185 215
186 2639
187 1783
188 794
189 1319
190 1349
191 368
192 696
193 2212
194 688
195 1624
196 211
197 1716
198 371
199 2128
200 677
201 2744
202 2484
203 621
204 1505
205 2031
206 376
207 1766
208 1119
209 1232
210 2848
211 1338
212 1837
213 2614
214 24
215 1278
216 2604
217 397
218 1212
219 187
220 2617
221 2579
222 263
223 2433
224 2799
225 2902
226 1112
227 1935
228 2226
229 884
230 1264
231 2428
232 2237
233 1961
234 1177
235 287
236 970
237 206
238 2767
239 1118
240 1462
241 1153
242 455
243 2025
244 1075
245 2952
246 1091
247 501
248 785
249 104
250 2436
251 2043
252 1159
253 1586
254 303
255 225
256 1816
257 891
258 2148
259 1155
260 1428
261 822
262 2981
263 980
264 1699
265 187
266 1188
267 887
268 1393
269 1567
270 2137
271 1854
272 1796
273 281
274 738
275 654
276 2164
277 1461
278 2867
279 1826
280 1183
281 2233
282 767
283 732
284 689
285 2600
286 2470
287 1549
288 667
289 2540
290 1888
291 1816
292 472
293 980
294 1063
295 802
296 1078
297 2464
298 2994
299 1348
300 2019
301 1889
302 755
303 846
304 941
305 241
306 2225
307 675
308 2580
309 2559
310 512
311 156
312 147
313 301
314 2706
315 2420
316 1192
317 2520
318 1326
319 450
320 443
321 1623
322 573
323 928
324 1319
325 584
326 59
327 2280
328 2287
329 1899
330 1510
331 2472
332 2268
333 866
334 1197
335 1678
336 1288
337 82
338 1831
339 1556
340 663
341 995
342 1723
343 2791
344 1193
345 1752
346 261
347 2946
348 421
349 614
350 2940
351 2880
352 2236
353 2801
354 574
355 1446
356 1751
357 2976
358 2008
359 1349
360 1512
361 1236
362 1652
363 1527
364 2033
365 2627
366 33
367 1498
368 344
369 2448
370 1577
371 527
372 2374
373 925
374 1056
375 980
376 2146
377 2762
378 331
379 1314
380 565
381 411
382 946
383 2544
384 892
385 482
386 1664
387 242
388 937
389 1733
390 1562
391 2332
392 2162
393 2440
394 1642
395 2141
396 1811
397 2952
398 816
399 1848
400 214
401 715
402 1638
403 2008
404 2561
405 2809
406 831
407 2524
408 169
409 786
410 2647
411 307
412 2629
413 1607
414 2309
415 2620
416 313
417 1802
418 1951
419 57
420 2627
421 2366
422 390
423 2194
424 2395
425 1070
426 1502
427 2911
428 2689
429 2063
430 230
431 2407
432 2844
433 2412
434 885
435 461
436 2776
437 1186
438 903
439 2627
440 1876
441 815
442 1921
443 1650
444 1184
445 2161
446 257
447 48
448 2449
449 1480
450 1522
451 2442
452 874
453 1650
454 314
455 2668
456 256
457 1861
458 2481
459 1127
460 179
461 147
462 2502
463 2102
464 156
465 2823
466 1406
467 2331
468 2445
469 2093
470 2144
471 2998

