917 42
0 1292
1 2576
2 507
3 702
4 2079
5 1428
6 219
7 590
8 2109
9 1843
10 2871
11 1805
12 596
13 593
14 857
15 641
16 1487
17 2636
18 609
19 272
20 454
21 2548
22 2581
23 2863
24 2546
25 360
26 727
27 265
28 517
29 55
30 2098
31 2500
32 2906
33 2198
34 2879
35 1005
36 764
37 2792
38 653
39 1189
40 2362
41 2355
42 1342
43 1200
44 2490
45 774
46 1086
47 1579
48 2726
49 1669
50 71
51 1323
52 1195
53 1302
54 2397
55 730
56 526
57 1523
58 99
59 2848
60 877
61 2663
62 78
63 175
64 1924
65 1684
66 2549
67 1253
68 2417
69 1796
70 2976
71 1469
72 1865
73 1317
74 2380
75 426
76 2590
77 574
78 2280
79 454
80 2926
81 2886
82 430
83 2584
84 2065
85 770
86 1040
87 612
88 2378
89 2945
90 866
91 1573
92 2904
93 2079
94 1575
95 675
96 2864
97 2620
98 681
99 2039
100 1659
101 1464
102 1886
103 434
104 420
105 2005
106 1350
107 752
108 491
109 1608
110 2206
111 2379
112 1003
113 1866
114 1800
115 2969
116 2200
117 143
118 1905
119 2951
120 2241
121 706
122 2087
123 1475
124 1889
125 8
126 920
127 2351
128 2200
129 1880
130 2707
131 1057
132 172
133 1380
134 2022
135 469
136 133
137 2683
138 456
139 610
140 2477
141 2417
142 1729
143 682
144 2703
145 827
146 1772
147 2836
148 2392
149 885
150 84
151 2431
152 1494
153 934
154 2272
155 393
156 1104
157 1421
158 2570
159 1487
160 2272
161 200
162 1179
163 882
164 2784
165 799
166 1396
167 1230
168 1167
169 2464
170 1725
171 2033
172 2189
173 358
174 2114
175 1597
176 2561
177 330
178 759
179 223
180 1396
181 539
182 1048
183 223
184 523
185 2039
186 2081
187 1449
188 397
189 1169
190 771
191 1648
192 1627
193 1902
194 2496
195 1196
196 1766
197 2769
198 636
199 67
200 2164
201 448
202 2020
203 1106
204 1171
205 178
206 2134
207 1090
208 2839
209 2028
210 2791
211 715
212 1819
213 2914
214 1460
215 2825
216 724
217 472
218 2883
219 1982
220 2978
221 1754
222 921
223 2123
224 1963
225 1893
226 1845
227 1452
228 867
229 1344
230 511
231 1579
232 266
233 1936
234 1906
235 2381
236 1134
237 1596
238 1200
239 1113
240 2655
241 1393
242 2403
243 2513
244 2625
245 1568
246 1012
247 747
248 49
249 2023
250 1155
251 2839
252 1800
253 1922
254 1680
255 2680
256 1083
257 1488
258 1125
259 2634
260 814
261 1662
262 2091
263 631
264 822
265 1775
266 2207
267 632
268 346
269 1154
270 295
271 2024
272 2356
273 9
274 220
275 1645
276 2207
277 2880
278 1317
279 2640
280 935
281 339
282 1553
283 1810
284 422
285 1298
286 630
287 2880
288 2617
289 92
290 1237
291 2779
292 1509
293 969
294 1380
295 665
296 1579
297 1380
298 2818
299 2774
300 2527
301 2155
302 615
303 300
304 1674
305 544
306 1391
307 2499
308 2828
309 2791
310 1806
311 2639
312 1285
313 1736
314 2561
315 2539
316 956
317 1154
318 2012
319 1018
320 1586
321 776
322 2990
323 482
324 445
325 1707
326 2383
327 1664
328 1113
329 711
330 1115
331 804
332 2297
333 803
334 989
335 1572
336 160
337 2881
338 489
339 1388
340 65
341 2689
342 1443
343 2475
344 564
345 1887
346 1813
347 94
348 2929
349 2644
350 997
351 1103
352 628
353 1800
354 1986
355 2773
356 1244
357 1554
358 1645
359 2177
360 305
361 1197
362 398
363 2448
364 515
365 2586
366 791
367 1926
368 339
369 2286
370 194
371 2026
372 1701
373 932
374 617
375 2961
376 549
377 2881
378 1058
379 1821
380 2558
381 193
382 2441
383 1846
384 320
385 2146
386 256
387 629
388 2374
389 602
390 1597
391 345
392 1276
393 1670
394 2112
395 615
396 938
397 950
398 2797
399 385
400 442
401 1403
402 1050
403 2644
404 2005
405 1940
406 478
407 2853
408 1767
409 1299
410 534
411 1177
412 334
413 1567
414 1887
415 1198
416 146
417 2479
418 1179
419 1227
420 2670
421 105
422 1125
423 1388
424 910
425 1122
426 322
427 1973
428 1907
429 2104
430 1415
431 2722
432 912
433 1057
434 557
435 2295
436 1344
437 2571
438 1415
439 764
440 2426
441 1829
442 1337
443 2995
444 1924
445 2854
446 2008
447 925
448 2787
449 1317
450 1537
451 2131
452 2476
453 1977
454 2819
455 1048
456 809
457 2895
458 2777
459 655
460 1659
461 455
462 1402
463 1755
464 333
465 1301
466 398
467 2143
468 837
469 2205
470 1703
471 1367
472 528
473 2644
474 747
475 344
476 2220
477 1827
478 121
479 1014
480 460
481 1593
482 877
483 708
484 1132
485 1285
486 1678
487 2805
488 2929
489 477
490 2272
491 1130
492 2188
493 193
494 488
495 305
496 2258
497 2733
498 2158
499 2320
500 1799
501 2839
502 1831
503 2110
504 106
505 1471
506 35
507 2055
508 1791
509 922
510 2301
511 594
512 1394
513 402
514 278
515 1613
516 645
517 1441
518 2780
519 2763
520 2498
521 139
522 898
523 932
524 2119
525 1460
526 1184
527 469
528 2838
529 2170
530 1172
531 2632
532 2346
533 2829
534 2094
535 391
536 1438
537 1436
538 579
539 2880
540 1622
541 720
542 989
543 1059
544 1679
545 1575
546 578
547 1657
548 468
549 2421
550 2122
551 1588
552 1607
553 2400
554 1356
555 2263
556 2040
557 1
558 1593
559 1376
560 417
561 2160
562 384
563 268
564 1918
565 578
566 2992
567 2746
568 1886
569 547
570 2092
571 442
572 2898
573 2476
574 458
575 1967
576 2633
577 1714
578 534
579 2422
580 711
581 157
582 987
583 152
584 1588
585 2596
586 1791
587 1153
588 970
589 66
590 2802
591 1612
592 1770
593 1050
594 305
595 1481
596 1312
597 2239
598 1057
599 1600
600 813
601 374
602 1447
603 1127
604 2084
605 863
606 2574
607 2344
608 52
609 2036
610 467
611 1256
612 2249
613 807
614 2016
615 1814
616 773
617 847
618 1066
619 1949
620 235
621 706
622 494
623 1213
624 362
625 382
626 488
627 2368
628 2104
629 466
630 2173
631 71
632 2016
633 1280
634 1366
635 1994
636 2387
637 2411
638 2398
639 567
640 2951
641 2237
642 2874
643 2238
644 2350
645 1963
646 2631
647 2862
648 346
649 1655
650 2289
651 2368
652 724
653 2773
654 2176
655 981
656 1232
657 750
658 2298
659 1204
660 2025
661 1592
662 454
663 53
664 539
665 2889
666 347
667 873
668 321
669 138
670 2457
671 142
672 466
673 141
674 883
675 1278
676 1179
677 567
678 2780
679 1469
680 2944
681 1454
682 1841
683 2576
684 1421
685 1385
686 1080
687 571
688 2107
689 360
690 1893
691 765
692 1022
693 995
694 2740
695 331
696 1716
697 56
698 2451
699 604
700 550
701 2989
702 491
703 1035
704 2120
705 1504
706 1149
707 3
708 99
709 2115
710 2007
711 1614
712 759
713 2676
714 639
715 919
716 1901
717 1576
718 1056
719 699
720 2388
721 41
722 1515
723 1113
724 1563
725 1581
726 627
727 2100
728 447
729 90
730 172
731 1901
732 978
733 358
734 1145
735 1783
736 2615
737 1933
738 2028
739 2607
740 861
741 2692
742 2714
743 158
744 1421
745 982
746 314
747 1009
748 1990
749 1608
750 1723
751 2905
752 1380
753 1883
754 201
755 2733
756 1039
757 2509
758 1461
759 2265
760 312
761 1885
762 585
763 2173
764 375
765 1800
766 2298
767 543
768 1814
769 457
770 1196
771 2389
772 1846
773 344
774 2574
775 351
776 1709
777 880
778 2725
779 541
780 1736
781 1245
782 829
783 2614
784 1040
785 411
786 1786
787 2010
788 2721
789 790
790 526
791 1469
792 1531
793 2182
794 1525
795 2938
796 1267
797 2778
798 712
799 745
800 1575
801 2020
802 345
803 1401
804 2641
805 2348
806 454
807 2973
808 1627
809 738
810 728
811 1860
812 1962
813 2668
814 2417
815 801
816 2799
817 1151
818 1968
819 158
820 676
821 1771
822 295
823 258
824 141
825 2561
826 2245
827 2390
828 1953
829 1730
830 1915
831 2201
832 2601
833 1379
834 1727
835 898
836 2745
837 2998
838 1620
839 317
840 1572
841 2308
842 646
843 1375
844 2674
845 1620
846 1080
847 2776
848 1476
849 1637
850 1671
851 879
852 1433
853 353
854 2689
855 1265
856 1679
857 1517
858 2798
859 1380
860 1829
861 1200
862 1012
863 1892
864 298
865 2574
866 1289
867 1396
868 1666
869 2345
870 1930
871 1088
872 1884
873 2657
874 1880
875 1644
876 1204
877 2994
878 849
879 2722
880 1192
881 2388
882 1628
883 507
884 188
885 2050
886 782
887 1208
888 2347
889 105
890 912
891 2407
892 765
893 211
894 2188
895 1582
896 147
897 2362
898 2924
899 947
900 1144
901 2978
902 781
903 2865
904 2277
905 1957
906 2554
907 838
908 414
909 1492
910 397
911 185
912 1916
913 847
914 2914
915 1703
916 101

