736 51
0 296
1 2931
2 2670
3 1561
4 2120
5 417
6 1664
7 1514
8 2823
9 1012
10 1109
11 1114
12 1134
13 1596
14 455
15 1741
16 1031
17 1570
18 1602
19 2318
20 1109
21 999
22 328
23 1917
24 2152
25 859
26 427
27 1574
28 637
29 114
30 487
31 2846
32 2808
33 691
34 2136
35 2930
36 1802
37 1473
38 2562
39 2358
40 2107
41 1222
42 1976
43 573
44 2168
45 2281
46 1535
47 2922
48 2554
49 1526
50 1045
51 2983
52 2529
53 2817
54 1163
55 1418
56 2875
57 1698
58 1595
59 1321
60 362
61 186
62 2147
63 625
64 555
65 1322
66 2404
67 2538
68 2139
69 2124
70 1519
71 1424
72 2116
73 1639
74 2723
75 2701
76 2741
77 360
78 1969
79 682
80 287
81 2458
82 12
83 2624
84 1449
85 2352
86 2868
87 1487
88 777
89 1148
90 903
91 2018
92 485
93 502
94 1056
95 2214
96 1854
97 1122
98 2909
99 785
100 768
101 37
102 985
103 1683
104 1873
105 801
106 1277
107 440
108 2623
109 1792
110 2084
111 1363
112 218
113 1517
114 1994
115 506
116 1048
117 2653
118 1269
119 2126
120 975
121 2881
122 2668
123 2918
124 1013
125 2612
126 284
127 1035
128 2074
129 2566
130 2056
131 1131
132 2274
133 917
134 1694
135 2786
136 1549
137 263
138 505
139 2597
140 2152
141 1566
142 1110
143 205
144 2424
145 698
146 1739
147 1324
148 2406
149 1116
150 2943
151 2543
152 1314
153 644
154 1086
155 671
156 3000
157 2239
158 2214
159 2471
160 779
161 499
162 1656
163 1733
164 1642
165 1557
166 1668
167 2018
168 1511
169 1540
170 1616
171 117
172 180
173 1328
174 2298
175 2810
176 1393
177 2061
178 840
179 2227
180 934
181 1655
182 204
183 1417
184 235
185 759
186 888
187 1873
188 164
189 1297
190 1947
191 1724
192 1217
193 2620
194 852
195 2136
196 2447
197 856
198 1239
199 889
200 1205
201 1897
202 2189
203 31
204 664
205 852
206 88
207 2382
208 337
209 2436
210 365
211 2145
212 2248
213 101
214 33
215 702
216 1250
217 680
218 8
219 275
220 2163
221 2245
222 719
223 666
224 263
225 605
226 217
227 2334
228 889
229 1815
230 153
231 2939
232 827
233 2210
234 2280
235 832
236 1397
237 2802
238 198
239 2694
240 2084
241 161
242 1316
243 2831
244 2118
245 1460
246 1173
247 2611
248 2035
249 2359
250 2611
251 1124
252 474
253 1940
254 452
255 2226
256 2236
257 1252
258 1802
259 1862
260 892
261 331
262 382
263 2229
264 1870
265 1376
266 2117
267 1787
268 2509
269 701
270 2712
271 864
272 2787
273 1771
274 2218
275 2012
276 403
277 2486
278 2966
279 2689
280 109
281 2403
282 1451
283 1891
284 1109
285 273
286 2109
287 403
288 2431
289 1418
290 1155
291 1844
292 2100
293 1814
294 1902
295 1225
296 938
297 1360
298 1143
299 1938
300 2229
301 2697
302 1442
303 823
304 2761
305 693
306 557
307 2421
308 1291
309 2367
310 2263
311 178
312 2135
313 408
314 794
315 2230
316 2711
317 276
318 2156
319 2938
320 2811
321 947
322 2839
323 132
324 1779
325 154
326 2068
327 1639
328 1792
329 1706
330 1604
331 2709
332 1725
333 2347
334 2313
335 1218
336 2161
337 20
338 2181
339 2949
340 1955
341 105
342 1973
343 2551
344 805
345 2774
346 159
347 1792
348 865
349 2631
350 2325
351 1529
352 900
353 1633
354 1185
355 400
356 1088
357 2807
358 1179
359 2158
360 832
361 44
362 2873
363 1131
364 2172
365 2611
366 553
367 839
368 840
369 861
370 2431
371 418
372 2108
373 2302
374 338
375 1743
376 1963
377 997
378 1414
379 698
380 930
381 439
382 389
383 41
384 1367
385 2801
386 1900
387 2499
388 2543
389 170
390 1881
391 2125
392 2539
393 2048
394 2422
395 439
396 572
397 2881
398 1058
399 2553
400 2285
401 1684
402 753
403 1743
404 735
405 712
406 363
407 672
408 665
409 429
410 937
411 2494
412 278
413 1706
414 2683
415 2132
416 59
417 130
418 42
419 1014
420 2153
421 2602
422 844
423 2197
424 216
425 723
426 1379
427 2735
428 1555
429 2904
430 807
431 621
432 2122
433 1500
434 484
435 118
436 1754
437 1779
438 2565
439 2529
440 414
441 605
442 29
443 730
444 2617
445 2454
446 868
447 1811
448 603
449 318
450 830
451 2299
452 1720
453 101
454 719
455 2145
456 2701
457 1611
458 1120
459 2144
460 405
461 1140
462 1794
463 649
464 2286
465 1533
466 495
467 969
468 1169
469 2838
470 124
471 2837
472 2990
473 1303
474 464
475 609
476 682
477 105
478 2531
479 872
480 1398
481 750
482 803
483 889
484 696
485 51
486 225
487 1669
488 729
489 1026
490 2756
491 78
492 2245
493 1162
494 561
495 510
496 788
497 2434
498 2857
499 1138
500 76
501 1131
502 2467
503 1647
504 751
505 1395
506 447
507 1576
508 559
509 1678
510 2562
511 2323
512 1820
513 2250
514 314
515 2353
516 1861
517 1945
518 1792
519 2715
520 172
521 1572
522 325
523 744
524 1770
525 2532
526 1076
527 1527
528 1167
529 92
530 1857
531 1768
532 1276
533 1073
534 1612
535 1104
536 505
537 2600
538 221
539 661
540 1560
541 1522
542 2467
543 2402
544 1259
545 1366
546 909
547 661
548 583
549 749
550 1333
551 1098
552 2463
553 151
554 1675
555 1135
556 662
557 1707
558 916
559 414
560 2760
561 2788
562 2753
563 1686
564 15
565 1681
566 1992
567 2446
568 2699
569 989
570 224
571 2935
572 1564
573 2064
574 2994
575 1582
576 472
577 1728
578 2268
579 1074
580 2302
581 1420
582 1872
583 2179
584 2082
585 1713
586 615
587 2900
588 2056
589 364
590 1980
591 2347
592 197
593 831
594 1544
595 457
596 1042
597 213
598 2873
599 950
600 1654
601 2509
602 1885
603 646
604 319
605 2760
606 115
607 1202
608 1650
609 2439
610 599
611 1795
612 1508
613 2007
614 576
615 2128
616 627
617 229
618 2935
619 1376
620 1566
621 909
622 2309
623 1240
624 1766
625 196
626 2861
627 613
628 1012
629 895
630 2082
631 1125
632 624
633 205
634 1907
635 814
636 2181
637 140
638 320
639 1256
640 1959
641 58
642 456
643 1892
644 698
645 2474
646 1808
647 962
648 1122
649 2045
650 166
651 2811
652 1032
653 511
654 1710
655 336
656 256
657 1445
658 442
659 2470
660 2285
661 1675
662 2252
663 1741
664 2347
665 929
666 455
667 1669
668 826
669 11
670 2317
671 1268
672 2485
673 420
674 1038
675 2793
676 520
677 1766
678 1599
679 677
680 92
681 2515
682 2839
683 2680
684 1768
685 521
686 823
687 2801
688 2197
689 2516
690 1876
691 2310
692 2496
693 2669
694 25
695 592
696 1145
697 1293
698 379
699 542
700 1403
701 2799
702 1798
703 671
704 2428
705 2050
706 585
707 1214
708 399
709 1184
710 941
711 17
712 1495
713 501
714 2969
715 2504
716 1245
717 2048
718 1279
719 2151
720 1931
721 1172
722 1986
723 2383
724 103
725 755
726 82
727 336
728 582
729 965
730 29
731 2298
732 1508
733 160
734 803
735 1276

