474 80
0 929
1 2669
2 2695
3 171
4 867
5 1023
6 2689
7 1647
8 416
9 1689
10 1732
11 1002
12 75
13 2812
14 2249
15 2820
16 310
17 2080
18 2636
19 147
20 2600
21 2825
22 2449
23 523
24 714
25 698
26 1559
27 2351
28 2669
29 1131
30 11
31 2120
32 26
33 439
34 1392
35 1134
36 1791
37 2819
38 1535
39 2536
40 239
41 2112
42 2885
43 723
44 730
45 348
46 1427
47 1391
48 667
49 155
50 262
51 738
52 2158
53 2989
54 2364
55 2131
56 42
57 2030
58 2061
59 462
60 1846
61 2695
62 1175
63 2666
64 2611
65 399
66 705
67 1181
68 1566
69 845
70 2370
71 2926
72 1087
73 1796
74 1987
75 2917
76 1609
77 473
78 2054
79 1495
80 2831
81 1821
82 708
83 1573
84 515
85 921
86 68
87 2176
88 1329
89 2799
90 945
91 1155
92 1274
93 2482
94 2232
95 2988
96 2936
97 2817
98 1936
99 1639
100 2110
101 146
102 488
103 1289
104 332
105 2284
106 2795
107 2463
108 1969
109 1214
110 2048
111 291
112 266
113 2497
114 1158
115 2891
116 1656
117 1567
118 2410
119 1745
120 1660
121 1013
122 513
123 767
124 507
125 2423
126 1745
127 1858
128 1197
129 602
130 2839
131 150
132 1521
133 24
134 2406
135 1521
136 1442
137 1743
138 2476
139 1462
140 1437
141 1317
142 66
143 213
144 1251
145 2524
146 1993
147 1296
148 855
149 769
150 2815
151 47
152 375
153 664
154 2973
155 1457
156 2738
157 2937
158 2601
159 2031
160 1826
161 800
162 2359
163 927
164 1545
165 1488
166 1873
167 1123
168 1903
169 1989
170 49
171 1507
172 1654
173 1194
174 1329
175 1015
176 2404
177 1691
178 789
179 1473
180 1929
181 2221
182 747
183 1441
184 1842
185 2075
186 2345
187 1724
188 1016
189 1189
190 1230
191 844
192 2771
193 1649
194 1555
195 1174
196 1038
197 454
198 966
199 1925
200 583
201 2404
202 1650
203 656
204 990
205 2077
206 2242
207 767
208 2652
209 2207
210 1784
211 1634
212 2424
213 1361
214 2333
215 117
216 1054
217 1887
218 2984
219 368
220 325
221 1317
222 1044
223 442
224 1338
225 1469
226 2025
227 2952
228 1503
229 2603
230 34
231 825
232 551
233 2381
234 2493
235 2108
236 726
237 184
238 2611
239 706
240 1556
241 2849
242 1074
243 2863
244 2984
245 492
246 2549
247 2236
248 1892
249 1214
250 1267
251 1792
252 2956
253 2757
254 2636
255 2121
256 1410
257 2047
258 2941
259 1891
260 1849
261 2448
262 1707
263 2488
264 2510
265 2182
266 561
267 448
268 541
269 2613
270 906
271 648
272 2438
273 1968
274 2321
275 1279
276 123
277 2537
278 1808
279 380
280 653
281 1216
282 1389
283 16
284 2362
285 1696
286 1257
287 1286
288 834
289 390
290 1516
291 2016
292 827
293 2390
294 1181
295 1773
296 1806
297 2616
298 1338
299 484
300 966
301 638
302 1612
303 2689
304 1842
305 2254
306 1223
307 2840
308 324
309 1187
310 2001
311 2492
312 2854
313 683
314 136
315 1061
316 1657
317 64
318 707
319 2577
320 2292
321 436
322 2576
323 609
324 1691
325 1416
326 640
327 2419
328 2372
329 723
330 1755
331 265
332 715
333 1347
334 1305
335 1297
336 2268
337 107
338 1488
339 2316
340 1279
341 1050
342 737
343 2788
344 1235
345 1355
346 2002
347 1180
348 1170
349 2547
350 19
351 1385
352 1726
353 2923
354 1116
355 311
356 1707
357 703
358 1363
359 397
360 570
361 1521
362 1657
363 773
364 2666
365 2973
366 549
367 2273
368 1529
369 2380
370 1109
371 1632
372 2267
373 2921
374 35
375 2523
376 2208
377 2743
378 1263
379 1439
380 2993
381 2653
382 506
383 2452
384 2316
385 847
386 361
387 293
388 1915
389 931
390 1268
391 1783
392 1813
393 2651
394 16
395 2273
396 238
397 2055
398 2287
399 708
400 145
401 335
402 2487
403 1541
404 2374
405 2076
406 278
407 279
408 399
409 1198
410 1821
411 142
412 754
413 2594
414 341
415 84
416 915
417 597
418 1620
419 958
420 1829
421 628
422 1379
423 30
424 2083
425 357
426 676
427 1990
428 2246
429 1720
430 8
431 2411
432 1821
433 181
434 2533
435 888
436 1850
437 2269
438 2193
439 872
440 1568
441 1578
442 1457
443 1545
444 2960
445 1111
446 553
447 1326
448 450
449 912
450 2225
451 1583
452 284
453 139
454 887
455 374
456 1171
457 699
458 1127
459 1072
460 1621
461 1295
462 732
463 81
464 1303
465 2218
466 3
467 537
468 1924
469 396
470 2097
471 2457
472 252
473 348

