789 53
0 1656
1 2530
2 2761
3 2698
4 2306
5 493
6 1521
7 2562
8 2810
9 1583
10 346
11 2941
12 2125
13 419
14 431
15 1025
16 2907
17 1119
18 990
19 1459
20 1833
21 1796
22 2898
23 437
24 2113
25 908
26 773
27 1152
28 909
29 1088
30 2672
31 1517
32 2759
33 1044
34 1730
35 2976
36 364
37 841
38 173
39 1282
40 562
41 1146
42 38
43 1145
44 1107
45 607
46 2376
47 2506
48 1681
49 607
50 1020
51 419
52 1153
53 2300
54 1758
55 2703
56 629
57 2564
58 1912
59 2501
60 2008
61 572
62 494
63 2352
64 517
65 2550
66 1745
67 1663
68 2189
69 1989
70 2957
71 253
72 2219
73 2375
74 967
75 1553
76 2082
77 2402
78 2394
79 1665
80 42
81 2430
82 1221
83 1520
84 2066
85 2934
86 74
87 102
88 1347
89 2368
90 512
91 2053
92 2855
93 92
94 2641
95 761
96 2096
97 1850
98 1400
99 47
100 845
101 940
102 2667
103 132
104 2997
105 2778
106 1797
107 826
108 1201
109 1280
110 1877
111 2848
112 2414
113 2487
114 2392
115 250
116 400
117 628
118 2431
119 424
120 124
121 1630
122 2615
123 221
124 2642
125 1745
126 1776
127 1926
128 2373
129 98
130 2008
131 2397
132 671
133 1358
134 185
135 1647
136 2906
137 253
138 1325
139 2172
140 2105
141 2908
142 2353
143 2585
144 1470
145 775
146 1081
147 2961
148 2140
149 2824
150 599
151 2272
152 2386
153 88
154 891
155 579
156 535
157 2680
158 934
159 1266
160 765
161 2049
162 2373
163 61
164 89
165 2651
166 714
167 2914
168 2970
169 1583
170 1816
171 1778
172 1800
173 160
174 2242
175 2182
176 1593
177 1218
178 1112
179 1042
180 1985
181 869
182 909
183 147
184 1825
185 395
186 2256
187 1040
188 587
189 86
190 1178
191 1656
192 1429
193 1136
194 593
195 814
196 2843
197 2798
198 1944
199 99
200 173
201 2086
202 2402
203 2509
204 2283
205 2300
206 2403
207 444
208 1396
209 2718
210 843
211 2108
212 799
213 1740
214 2690
215 2365
216 1573
217 407
218 1216
219 1764
220 1033
221 563
222 1347
223 1852
224 609
225 313
226 2646
227 2932
228 23
229 2341
230 2571
231 142
232 2467
233 1895
234 1716
235 594
236 669
237 2924
238 368
239 2533
240 2585
241 362
242 2459
243 233
244 2257
245 2427
246 1495
247 2972
248 1744
249 2220
250 2552
251 856
252 2587
253 8
254 2948
255 1746
256 2194
257 1735
258 1644
259 2590
260 2282
261 2508
262 895
263 816
264 1218
265 1732
266 1516
267 843
268 1674
269 2327
270 367
271 2369
272 1898
273 2333
274 464
275 2771
276 876
277 2885
278 2048
279 2592
280 2708
281 1665
282 2367
283 0
284 473
285 846
286 1801
287 391
288 2406
289 2065
290 1197
291 1649
292 2480
293 774
294 2834
295 2815
296 2963
297 1492
298 542
299 1086
300 318
301 385
302 2544
303 1029
304 1785
305 1095
306 1010
307 2492
308 2043
309 1457
310 372
311 2853
312 2857
313 1369
314 2052
315 2780
316 2844
317 2847
318 1491
319 525
320 1804
321 2527
322 1931
323 909
324 2567
325 618
326 501
327 687
328 865
329 2729
330 370
331 963
332 2110
333 2012
334 2655
335 464
336 1973
337 821
338 1881
339 2345
340 1921
341 2806
342 1112
343 490
344 2989
345 181
346 136
347 2613
348 1972
349 1551
350 2591
351 614
352 2887
353 2705
354 2129
355 2389
356 2396
357 2663
358 81
359 1327
360 2224
361 441
362 1716
363 2742
364 503
365 287
366 1278
367 437
368 63
369 1924
370 2141
371 2421
372 2400
373 1211
374 1234
375 854
376 1103
377 731
378 1590
379 721
380 1957
381 1432
382 2316
383 738
384 1045
385 609
386 2210
387 2460
388 2350
389 299
390 1108
391 2741
392 368
393 2949
394 654
395 2265
396 565
397 489
398 208
399 2813
400 1577
401 1629
402 2317
403 2675
404 954
405 416
406 523
407 1280
408 1133
409 1588
410 2697
411 1417
412 1510
413 888
414 1073
415 2880
416 1003
417 899
418 712
419 590
420 2225
421 435
422 1833
423 1503
424 493
425 200
426 1548
427 1915
428 2830
429 2094
430 1743
431 2723
432 1416
433 1682
434 2531
435 830
436 512
437 1348
438 2952
439 2550
440 1658
441 2575
442 1289
443 877
444 683
445 2973
446 2521
447 2312
448 539
449 1512
450 868
451 1441
452 2478
453 2074
454 1576
455 1783
456 2435
457 1534
458 2144
459 82
460 184
461 2151
462 2447
463 1139
464 2642
465 1551
466 2190
467 2315
468 1476
469 313
470 2476
471 1934
472 1155
473 1155
474 415
475 866
476 1131
477 1237
478 295
479 2516
480 1693
481 479
482 688
483 830
484 992
485 1310
486 1908
487 911
488 1723
489 1236
490 2008
491 2213
492 1187
493 1067
494 1459
495 2594
496 648
497 1392
498 1611
499 2851
500 1048
501 1050
502 885
503 1888
504 2109
505 431
506 2071
507 405
508 1187
509 2077
510 1709
511 988
512 2590
513 2659
514 1047
515 977
516 1152
517 2065
518 1064
519 322
520 564
521 2152
522 2436
523 2591
524 2047
525 2733
526 1258
527 1590
528 438
529 1173
530 1643
531 2848
532 1291
533 746
534 860
535 720
536 2818
537 2891
538 603
539 2855
540 1938
541 2360
542 577
543 53
544 149
545 362
546 370
547 1163
548 2927
549 1926
550 845
551 1645
552 185
553 2270
554 2504
555 345
556 722
557 673
558 2944
559 1190
560 485
561 1596
562 194
563 1492
564 1746
565 1768
566 2995
567 482
568 1261
569 1761
570 2470
571 2065
572 119
573 589
574 1126
575 2678
576 2255
577 862
578 1948
579 709
580 2564
581 514
582 2828
583 933
584 2718
585 1800
586 2076
587 2435
588 1737
589 2977
590 624
591 1800
592 1727
593 812
594 1454
595 320
596 515
597 2902
598 2089
599 189
600 1726
601 1330
602 2479
603 499
604 2703
605 2614
606 1820
607 1397
608 780
609 2081
610 1065
611 1754
612 1762
613 1251
614 1300
615 153
616 985
617 134
618 1632
619 931
620 743
621 2563
622 1470
623 1070
624 2754
625 2504
626 1861
627 1226
628 1172
629 497
630 491
631 2629
632 1518
633 1051
634 1368
635 2455
636 353
637 274
638 2732
639 632
640 301
641 288
642 1652
643 1169
644 718
645 554
646 2918
647 508
648 374
649 896
650 2468
651 98
652 1454
653 2496
654 1488
655 24
656 55
657 1208
658 1579
659 1087
660 29
661 40
662 1521
663 2632
664 2740
665 2881
666 107
667 1774
668 1234
669 1262
670 804
671 2892
672 421
673 2569
674 1068
675 2400
676 2949
677 2740
678 1750
679 1843
680 1930
681 2876
682 359
683 1287
684 927
685 1487
686 797
687 13
688 1597
689 1305
690 2419
691 691
692 2296
693 125
694 1230
695 78
696 1627
697 634
698 2447
699 469
700 100
701 2324
702 2201
703 597
704 1514
705 846
706 2353
707 1541
708 2779
709 2088
710 2895
711 2848
712 2044
713 1441
714 722
715 1442
716 36
717 1108
718 1057
719 2883
720 2519
721 2277
722 2619
723 1181
724 1680
725 468
726 2420
727 2049
728 1115
729 2493
730 2324
731 378
732 2567
733 1772
734 1534
735 172
736 1090
737 2106
738 1698
739 234
740 1056
741 1643
742 1042
743 1100
744 246
745 1068
746 2489
747 2415
748 1159
749 1366
750 820
751 2046
752 2912
753 904
754 1895
755 1498
756 535
757 113
758 2048
759 705
760 1178
761 2645
762 1921
763 1746
764 1109
765 587
766 1930
767 2883
768 163
769 2540
770 130
771 2401
772 2198
773 2422
774 493
775 1951
776 2426
777 1505
778 462
779 1365
780 1968
781 1528
782 1244
783 728
784 1309
785 316
786 2602
787 1919
788 852

