121 60
0 2947
1 755
2 336
3 1469
4 1708
5 1310
6 584
7 1357
8 2213
9 538
10 226
11 2409
12 494
13 51
14 2008
15 977
16 2649
17 2478
18 1259
19 2419
20 2335
21 291
22 1960
23 1397
24 1320
25 1434
26 843
27 2738
28 695
29 812
30 1722
31 862
32 342
33 2883
34 2052
35 764
36 1493
37 2345
38 2963
39 2480
40 1955
41 2064
42 552
43 1459
44 160
45 536
46 995
47 335
48 1314
49 1952
50 2470
51 895
52 2326
53 2957
54 1104
55 2574
56 1249
57 365
58 2133
59 501
60 15
61 386
62 2281
63 781
64 1883
65 167
66 2488
67 1481
68 643
69 891
70 917
71 1578
72 500
73 2185
74 2184
75 1874
76 2387
77 2860
78 1140
79 1867
80 595
81 2313
82 1046
83 593
84 810
85 1129
86 2919
87 1191
88 792
89 2938
90 2915
91 10
92 676
93 2399
94 2460
95 2978
96 2991
97 1672
98 2271
99 186
100 1741
101 1127
102 1532
103 1704
104 2646
105 2198
106 1059
107 337
108 2089
109 1166
110 494
111 312
112 856
113 1359
114 1674
115 1473
116 2275
117 2816
118 1297
119 803
120 132

