388 23
0 1228
1 721
2 1241
3 1892
4 887
5 2545
6 2003
7 2142
8 1316
9 2389
10 2531
11 867
12 2490
13 808
14 2716
15 2491
16 2206
17 496
18 2055
19 1832
20 1089
21 1600
22 1364
23 2690
24 1955
25 495
26 1626
27 307
28 2221
29 564
30 1558
31 1246
32 2809
33 2843
34 961
35 1533
36 439
37 396
38 169
39 1362
40 801
41 1637
42 1380
43 2307
44 2848
45 987
46 2968
47 335
48 2560
49 2356
50 2389
51 1588
52 383
53 1252
54 176
55 2125
56 688
57 1008
58 2422
59 2312
60 2921
61 56
62 2850
63 2991
64 1972
65 1762
66 1287
67 723
68 346
69 252
70 2567
71 1822
72 2197
73 210
74 2191
75 2459
76 1324
77 1135
78 363
79 2882
80 355
81 53
82 818
83 1248
84 1408
85 209
86 242
87 1612
88 2040
89 2366
90 307
91 267
92 1955
93 331
94 1656
95 448
96 260
97 1076
98 1510
99 2605
100 2752
101 678
102 1458
103 1577
104 2336
105 1728
106 2164
107 528
108 62
109 1280
110 416
111 1517
112 2116
113 543
114 2595
115 87
116 1638
117 321
118 2152
119 1186
120 1950
121 1611
122 1058
123 282
124 1485
125 1822
126 1188
127 389
128 832
129 520
130 2284
131 2631
132 803
133 2316
134 1119
135 2119
136 2065
137 539
138 712
139 186
140 206
141 417
142 2992
143 14
144 2951
145 1363
146 2255
147 384
148 1748
149 1443
150 2506
151 1999
152 2188
153 373
154 1274
155 489
156 614
157 797
158 1912
159 1085
160 4
161 1085
162 2722
163 721
164 1487
165 1526
166 1525
167 2077
168 1685
169 2180
170 1611
171 118
172 256
173 296
174 105
175 243
176 1475
177 502
178 2465
179 1822
180 2017
181 995
182 628
183 1050
184 1673
185 1740
186 907
187 2693
188 1186
189 2463
190 2922
191 1104
192 948
193 2072
194 1102
195 141
196 2663
197 1766
198 1644
199 2679
200 2177
201 2446
202 1915
203 1363
204 1380
205 1032
206 418
207 385
208 2560
209 970
210 1200
211 2747
212 896
213 2714
214 706
215 1522
216 1458
217 1339
218 1039
219 1863
220 353
221 104
222 297
223 977
224 1281
225 2495
226 326
227 1062
228 1119
229 2034
230 1113
231 926
232 2672
233 1560
234 2204
235 1202
236 1933
237 2535
238 2026
239 2675
240 2806
241 1657
242 2972
243 149
244 2335
245 251
246 894
247 1130
248 1977
249 367
250 2990
251 1905
252 2619
253 1294
254 2872
255 2647
256 1309
257 519
258 433
259 774
260 2879
261 976
262 1965
263 150
264 2946
265 2382
266 12
267 2015
268 381
269 1505
270 2960
271 2572
272 13
273 2901
274 847
275 1394
276 1329
277 2283
278 2395
279 2742
280 1638
281 1686
282 2862
283 1175
284 2068
285 1969
286 2201
287 386
288 13
289 212
290 1424
291 219
292 1094
293 2617
294 1468
295 1163
296 585
297 1895
298 2718
299 1748
300 1290
301 1710
302 1239
303 1280
304 1992
305 985
306 2261
307 2473
308 1759
309 2968
310 27
311 1919
312 1691
313 2919
314 175
315 461
316 1114
317 2871
318 235
319 23
320 1944
321 978
322 1436
323 63
324 2463
325 2675
326 1312
327 741
328 179
329 704
330 1791
331 670
332 2633
333 2645
334 2221
335 603
336 1352
337 1945
338 2183
339 510
340 1450
341 1409
342 2786
343 2028
344 2695
345 959
346 54
347 546
348 1025
349 324
350 2317
351 353
352 2464
353 1950
354 443
355 2454
356 1644
357 516
358 2067
359 1577
360 222
361 2295
362 2962
363 2979
364 99
365 943
366 144
367 68
368 739
369 954
370 2092
371 2500
372 652
373 1870
374 380
375 481
376 1795
377 203
378 2520
379 100
380 890
381 1048
382 2477
383 553
384 44
385 1653
386 357
387 261

