628 99
0 2940
1 972
2 1417
3 629
4 347
5 47
6 1625
7 2656
8 521
9 2146
10 336
11 2507
12 2555
13 2105
14 1596
15 1992
16 1041
17 341
18 248
19 1023
20 387
21 2714
22 1031
23 2893
24 1078
25 2148
26 2842
27 1540
28 526
29 26
30 1993
31 2128
32 1881
33 609
34 2351
35 2320
36 1195
37 1059
38 323
39 2989
40 34
41 1026
42 2189
43 1848
44 2853
45 816
46 2288
47 2321
48 2924
49 2850
50 1313
51 1208
52 2631
53 2210
54 2221
55 1655
56 34
57 314
58 2882
59 1060
60 1355
61 2874
62 1864
63 523
64 387
65 2189
66 1289
67 1061
68 1012
69 759
70 917
71 488
72 2524
73 2553
74 1602
75 1978
76 725
77 1192
78 2583
79 326
80 1884
81 1061
82 438
83 1829
84 189
85 599
86 1747
87 1872
88 592
89 1416
90 1269
91 1985
92 1825
93 1969
94 875
95 2998
96 2263
97 1799
98 935
99 2604
100 430
101 2406
102 909
103 898
104 318
105 1846
106 1221
107 2167
108 1871
109 2713
110 210
111 1855
112 2643
113 1871
114 1078
115 2292
116 2459
117 2149
118 1210
119 2856
120 1560
121 2742
122 587
123 2029
124 2065
125 2050
126 2693
127 646
128 1812
129 2329
130 2909
131 677
132 181
133 1544
134 2311
135 1997
136 2719
137 2303
138 1420
139 2693
140 2314
141 2153
142 925
143 1570
144 139
145 756
146 2470
147 414
148 993
149 617
150 2181
151 2341
152 2599
153 2198
154 137
155 1201
156 2866
157 66
158 2930
159 1572
160 1098
161 649
162 2107
163 1446
164 2271
165 279
166 1465
167 1683
168 786
169 1459
170 857
171 797
172 939
173 31
174 1126
175 584
176 191
177 237
178 1603
179 1413
180 1410
181 2904
182 1470
183 2580
184 1660
185 2296
186 1693
187 2323
188 818
189 931
190 2475
191 1559
192 1254
193 2758
194 2169
195 1356
196 478
197 1263
198 2620
199 2845
200 1987
201 968
202 2415
203 1668
204 2939
205 1668
206 2123
207 1910
208 2321
209 2969
210 1170
211 573
212 423
213 53
214 2524
215 1145
216 885
217 2727
218 2043
219 449
220 324
221 2261
222 171
223 2430
224 2975
225 917
226 657
227 2102
228 1097
229 1426
230 293
231 1734
232 1537
233 1176
234 492
235 201
236 27
237 110
238 2856
239 382
240 775
241 2243
242 1571
243 2141
244 276
245 2021
246 1094
247 1201
248 1382
249 1040
250 1127
251 114
252 395
253 1965
254 1161
255 1847
256 1879
257 2207
258 637
259 2168
260 2490
261 2906
262 2314
263 732
264 1173
265 2922
266 2350
267 2241
268 1137
269 2247
270 275
271 2921
272 705
273 2760
274 1177
275 2955
276 2128
277 2745
278 608
279 274
280 1720
281 1722
282 231
283 609
284 2552
285 2177
286 1170
287 1322
288 2456
289 915
290 64
291 1361
292 1342
293 896
294 2051
295 149
296 2950
297 1727
298 2575
299 2740
300 58
301 2404
302 2347
303 1117
304 2143
305 2107
306 2120
307 783
308 1753
309 1893
310 995
311 258
312 2842
313 1733
314 229
315 1389
316 2349
317 2137
318 315
319 1758
320 2415
321 139
322 1823
323 2780
324 1180
325 1718
326 1745
327 1566
328 2188
329 2461
330 2358
331 1880
332 388
333 1016
334 501
335 754
336 2738
337 1213
338 1382
339 1873
340 2899
341 406
342 2292
343 196
344 1842
345 491
346 1949
347 1941
348 1742
349 396
350 42
351 2412
352 2165
353 1245
354 1485
355 1132
356 938
357 2871
358 2166
359 2905
360 1418
361 1025
362 923
363 497
364 1690
365 1945
366 254
367 1370
368 2388
369 2144
370 827
371 1302
372 2065
373 2215
374 857
375 1235
376 2169
377 2110
378 317
379 2849
380 2143
381 935
382 2592
383 791
384 831
385 326
386 801
387 1289
388 2019
389 2327
390 1826
391 1009
392 2137
393 2476
394 1060
395 344
396 921
397 1880
398 2374
399 2203
400 2161
401 2485
402 1289
403 1652
404 969
405 1011
406 192
407 1950
408 2958
409 529
410 1161
411 1535
412 1274
413 146
414 1256
415 1508
416 2625
417 1464
418 2889
419 967
420 2780
421 1011
422 340
423 232
424 1902
425 933
426 722
427 2754
428 2111
429 2036
430 1774
431 2131
432 1896
433 503
434 1555
435 1681
436 43
437 2221
438 2385
439 1502
440 705
441 1007
442 1253
443 864
444 1077
445 49
446 609
447 558
448 756
449 1061
450 693
451 614
452 2846
453 2739
454 145
455 1880
456 480
457 2425
458 526
459 2757
460 220
461 2270
462 717
463 2399
464 1805
465 364
466 2061
467 668
468 1846
469 318
470 2162
471 2781
472 2336
473 1012
474 2831
475 2113
476 2231
477 2625
478 2402
479 189
480 2615
481 123
482 880
483 2945
484 991
485 732
486 1431
487 1451
488 2903
489 1264
490 525
491 2021
492 2662
493 2280
494 2170
495 511
496 2174
497 2449
498 1638
499 1216
500 647
501 113
502 37
503 371
504 1659
505 822
506 764
507 1168
508 1043
509 1046
510 569
511 2189
512 1918
513 1139
514 722
515 2183
516 2350
517 1999
518 1893
519 199
520 1129
521 1699
522 1869
523 2469
524 391
525 686
526 2017
527 220
528 336
529 1543
530 136
531 366
532 2089
533 2766
534 429
535 642
536 1293
537 614
538 1198
539 1915
540 706
541 2362
542 1557
543 1024
544 82
545 1555
546 2289
547 2069
548 352
549 1143
550 1819
551 1120
552 708
553 1409
554 416
555 2696
556 2127
557 812
558 366
559 1981
560 739
561 2436
562 247
563 1974
564 2510
565 457
566 2206
567 2826
568 701
569 1273
570 404
571 1371
572 2700
573 449
574 2536
575 1625
576 1626
577 2644
578 1324
579 2735
580 657
581 1521
582 944
583 2975
584 2920
585 2004
586 2689
587 552
588 1227
589 1105
590 2931
591 851
592 1027
593 620
594 863
595 1444
596 2598
597 2711
598 1770
599 2862
600 1266
601 2002
602 1696
603 555
604 586
605 1339
606 1170
607 1618
608 2506
609 1535
610 2361
611 2845
612 1430
613 823
614 833
615 2223
616 1795
617 311
618 1432
619 2761
620 2038
621 1642
622 1682
623 1717
624 575
625 2497
626 1341
627 91

