79 2
0 1785
1 820
2 2558
3 23
4 117
5 1033
6 2599
7 1158
8 622
9 2654
10 2289
11 2604
12 736
13 538
14 904
15 2379
16 2306
17 975
18 2212
19 2421
20 1758
21 729
22 2332
23 418
24 2636
25 1532
26 2417
27 247
28 2387
29 37
30 996
31 532
32 1928
33 2932
34 1964
35 842
36 2373
37 932
38 1134
39 2704
40 1935
41 2127
42 882
43 1294
44 763
45 670
46 2478
47 772
48 1798
49 274
50 969
51 2098
52 1167
53 1456
54 321
55 1829
56 1640
57 2188
58 2339
59 2320
60 2607
61 885
62 1767
63 2466
64 646
65 717
66 2951
67 1627
68 2586
69 2265
70 1040
71 810
72 2333
73 1466
74 1506
75 396
76 1312
77 2504
78 1831

