300 31
0 1586
1 778
2 1391
3 2502
4 1905
5 512
6 108
7 2648
8 471
9 2442
10 585
11 408
12 2731
13 2702
14 1719
15 1968
16 1225
17 717
18 44
19 374
20 1074
21 2895
22 1685
23 1279
24 1642
25 1540
26 749
27 963
28 1935
29 2698
30 1623
31 1962
32 2574
33 2914
34 1236
35 1939
36 1969
37 129
38 933
39 577
40 1473
41 1995
42 1603
43 2256
44 1605
45 1498
46 2765
47 2219
48 728
49 148
50 2952
51 2084
52 926
53 868
54 2078
55 1184
56 1976
57 828
58 17
59 2025
60 420
61 1183
62 2667
63 1465
64 39
65 786
66 1655
67 2656
68 2805
69 35
70 718
71 2346
72 1403
73 1260
74 1416
75 1780
76 2055
77 660
78 2210
79 1486
80 1103
81 1926
82 55
83 1933
84 925
85 439
86 1779
87 1557
88 2893
89 2253
90 880
91 1815
92 1678
93 91
94 2211
95 1576
96 555
97 2516
98 2463
99 1025
100 2597
101 458
102 961
103 885
104 2585
105 916
106 2148
107 520
108 2649
109 467
110 2146
111 1037
112 1382
113 567
114 198
115 549
116 2385
117 221
118 303
119 1631
120 2903
121 381
122 1830
123 804
124 957
125 269
126 1654
127 167
128 1026
129 2075
130 2149
131 2271
132 455
133 85
134 1394
135 914
136 181
137 2549
138 1251
139 2345
140 2574
141 1606
142 1361
143 1350
144 1721
145 1022
146 163
147 2449
148 1899
149 1564
150 872
151 540
152 1488
153 2485
154 890
155 2600
156 1355
157 1734
158 1214
159 349
160 2872
161 2346
162 1479
163 980
164 881
165 2794
166 1035
167 2054
168 1173
169 2173
170 1339
171 2962
172 2065
173 980
174 238
175 1020
176 158
177 1719
178 1463
179 2844
180 2696
181 526
182 1435
183 2328
184 2299
185 2608
186 2370
187 2330
188 1637
189 2804
190 1873
191 2198
192 2989
193 74
194 1416
195 1988
196 1268
197 396
198 1206
199 209
200 2349
201 1897
202 1876
203 1334
204 1224
205 2638
206 2833
207 2152
208 1964
209 1159
210 219
211 2168
212 281
213 1356
214 782
215 861
216 581
217 2501
218 2999
219 1896
220 1681
221 254
222 2856
223 866
224 2658
225 171
226 1333
227 2724
228 570
229 363
230 1634
231 2319
232 1896
233 2749
234 2562
235 2238
236 1267
237 2631
238 2107
239 1930
240 521
241 2042
242 615
243 2409
244 2027
245 1242
246 412
247 1591
248 2170
249 679
250 1620
251 1096
252 880
253 761
254 656
255 2889
256 87
257 706
258 809
259 2810
260 2800
261 1015
262 1620
263 63
264 892
265 1509
266 780
267 731
268 2269
269 1522
270 2021
271 215
272 1102
273 547
274 491
275 580
276 609
277 2638
278 74
279 57
280 2676
281 2560
282 906
283 679
284 1351
285 767
286 1538
287 943
288 1711
289 763
290 1573
291 1936
292 354
293 144
294 458
295 906
296 133
297 504
298 2195
299 2053

