843 68
0 2738
1 2686
2 362
3 198
4 1417
5 376
6 2688
7 2410
8 2991
9 69
10 2571
11 216
12 2101
13 1303
14 321
15 1473
16 2715
17 2685
18 1192
19 2912
20 653
21 494
22 2649
23 519
24 2013
25 2989
26 1250
27 1596
28 776
29 371
30 2832
31 1061
32 1138
33 2512
34 2139
35 2391
36 1743
37 226
38 2600
39 1349
40 2215
41 1308
42 2744
43 2136
44 2431
45 41
46 2553
47 2808
48 656
49 924
50 1153
51 2832
52 2049
53 977
54 1845
55 929
56 2874
57 346
58 1852
59 2068
60 1304
61 762
62 2447
63 2539
64 1402
65 1224
66 70
67 606
68 180
69 1190
70 2932
71 293
72 2646
73 1733
74 80
75 825
76 1378
77 580
78 2997
79 1641
80 1917
81 1226
82 31
83 1329
84 897
85 2855
86 2276
87 505
88 1762
89 2831
90 2198
91 533
92 611
93 414
94 2629
95 1339
96 1344
97 262
98 2202
99 1256
100 1833
101 1042
102 429
103 1256
104 1280
105 1598
106 465
107 340
108 1051
109 2004
110 19
111 2107
112 2938
113 1073
114 1717
115 1693
116 145
117 2458
118 547
119 1790
120 2429
121 1102
122 2783
123 2760
124 620
125 353
126 911
127 2480
128 457
129 530
130 2120
131 1304
132 821
133 1529
134 2250
135 625
136 29
137 391
138 1959
139 2810
140 1092
141 617
142 2361
143 2543
144 954
145 2140
146 1313
147 2922
148 1798
149 943
150 1414
151 426
152 1356
153 2904
154 1082
155 106
156 904
157 5
158 1570
159 2630
160 908
161 1300
162 279
163 1628
164 1282
165 2638
166 1675
167 127
168 2152
169 349
170 2360
171 370
172 2439
173 2357
174 2914
175 1068
176 942
177 734
178 2819
179 2435
180 2203
181 1108
182 2033
183 2764
184 1947
185 488
186 1290
187 218
188 2152
189 2150
190 2133
191 2429
192 773
193 1436
194 2205
195 743
196 811
197 1882
198 1026
199 1514
200 1838
201 990
202 2341
203 1046
204 1748
205 2157
206 1339
207 342
208 379
209 1896
210 548
211 2096
212 18
213 322
214 1531
215 1642
216 963
217 829
218 349
219 1728
220 1304
221 1679
222 2925
223 460
224 1657
225 1335
226 617
227 2703
228 1093
229 1386
230 1517
231 2347
232 851
233 1899
234 2277
235 2212
236 91
237 2831
238 825
239 362
240 2324
241 1954
242 2578
243 1556
244 429
245 2599
246 455
247 2835
248 1342
249 1658
250 534
251 2162
252 2489
253 676
254 1984
255 1124
256 2553
257 627
258 2504
259 2936
260 2395
261 2843
262 1335
263 674
264 81
265 2957
266 1786
267 2822
268 883
269 2322
270 373
271 2009
272 1395
273 2384
274 839
275 940
276 69
277 2599
278 1656
279 1950
280 991
281 1587
282 402
283 1486
284 21
285 679
286 871
287 192
288 809
289 809
290 696
291 2912
292 128
293 2334
294 241
295 2624
296 335
297 2823
298 1960
299 2756
300 1516
301 2967
302 607
303 1507
304 869
305 1948
306 776
307 2960
308 2191
309 2382
310 800
311 2646
312 553
313 2735
314 232
315 63
316 1401
317 2135
318 2062
319 575
320 1225
321 2289
322 1562
323 1690
324 647
325 1264
326 1380
327 2057
328 994
329 1514
330 2384
331 1369
332 799
333 2129
334 1376
335 1360
336 1529
337 1275
338 2863
339 2935
340 1414
341 966
342 722
343 88
344 9
345 157
346 1548
347 1893
348 1061
349 1847
350 661
351 695
352 1219
353 492
354 2269
355 647
356 2088
357 29
358 558
359 1926
360 2353
361 2414
362 2303
363 2485
364 535
365 716
366 579
367 2220
368 2483
369 1194
370 133
371 1797
372 2986
373 256
374 2215
375 1098
376 2619
377 486
378 2284
379 890
380 1244
381 848
382 297
383 1740
384 2016
385 1888
386 1475
387 239
388 542
389 470
390 264
391 936
392 1002
393 325
394 300
395 801
396 1468
397 1697
398 312
399 610
400 0
401 2306
402 2918
403 168
404 2401
405 60
406 1427
407 1654
408 1128
409 2358
410 1012
411 1283
412 63
413 1946
414 1695
415 2717
416 2275
417 2278
418 1741
419 2419
420 536
421 2902
422 1416
423 1669
424 1892
425 693
426 2726
427 1393
428 1075
429 2374
430 78
431 2351
432 1911
433 1580
434 931
435 2869
436 842
437 2363
438 1417
439 196
440 2239
441 2499
442 1107
443 2368
444 1946
445 1517
446 596
447 1578
448 2783
449 633
450 1116
451 373
452 2956
453 1541
454 2503
455 1069
456 400
457 2719
458 341
459 438
460 2951
461 1705
462 794
463 571
464 2026
465 1268
466 2493
467 1471
468 1573
469 1117
470 2659
471 342
472 1508
473 1272
474 712
475 2558
476 1031
477 2021
478 1530
479 2621
480 1331
481 2047
482 762
483 711
484 2924
485 2518
486 2729
487 2303
488 2859
489 2756
490 136
491 2698
492 551
493 999
494 2923
495 732
496 1842
497 2583
498 2045
499 91
500 1780
501 2523
502 2421
503 1813
504 615
505 7
506 2317
507 1657
508 1395
509 2401
510 2934
511 1616
512 2870
513 2967
514 2359
515 992
516 1653
517 409
518 2615
519 38
520 1017
521 2567
522 2209
523 1616
524 555
525 892
526 1698
527 432
528 2556
529 1523
530 1977
531 2601
532 848
533 1197
534 2324
535 1567
536 2737
537 2671
538 276
539 2500
540 2872
541 48
542 2114
543 861
544 2935
545 1904
546 2466
547 2593
548 1767
549 2958
550 1440
551 1562
552 457
553 20
554 764
555 1975
556 267
557 543
558 565
559 818
560 439
561 57
562 1289
563 2096
564 2738
565 1666
566 839
567 855
568 2027
569 1600
570 1002
571 2497
572 645
573 2822
574 928
575 1153
576 1880
577 1136
578 2008
579 689
580 1516
581 2178
582 1500
583 899
584 618
585 1481
586 218
587 1471
588 1543
589 408
590 2568
591 2113
592 2708
593 927
594 2807
595 1929
596 2946
597 1281
598 251
599 2975
600 1428
601 2987
602 235
603 2586
604 1237
605 1071
606 2204
607 36
608 530
609 506
610 800
611 1321
612 1287
613 483
614 1788
615 1966
616 2851
617 889
618 2088
619 915
620 2758
621 1629
622 1017
623 2780
624 2650
625 822
626 924
627 1609
628 2360
629 2994
630 1076
631 1094
632 2335
633 750
634 1172
635 645
636 2798
637 2798
638 1062
639 734
640 1090
641 2229
642 430
643 1471
644 2847
645 2464
646 34
647 2103
648 338
649 2361
650 2897
651 2125
652 1732
653 1381
654 1722
655 2084
656 192
657 151
658 298
659 2633
660 2197
661 1512
662 2988
663 823
664 2073
665 1624
666 254
667 2665
668 1090
669 1370
670 2616
671 1602
672 680
673 2187
674 1958
675 120
676 2293
677 2897
678 1278
679 2218
680 950
681 2628
682 1098
683 2713
684 634
685 1318
686 1485
687 2578
688 2216
689 2830
690 2068
691 541
692 2939
693 890
694 2515
695 141
696 432
697 827
698 562
699 2048
700 1157
701 2085
702 1300
703 537
704 924
705 909
706 1026
707 2276
708 417
709 2706
710 2632
711 165
712 1122
713 2885
714 656
715 252
716 2851
717 1887
718 2780
719 2417
720 2134
721 1179
722 1394
723 2801
724 2708
725 1479
726 1517
727 2015
728 2203
729 1455
730 2006
731 181
732 2285
733 1988
734 1579
735 247
736 2638
737 573
738 867
739 1717
740 1878
741 395
742 1216
743 2462
744 2472
745 919
746 2273
747 2107
748 2717
749 1550
750 1172
751 978
752 2137
753 2050
754 1344
755 448
756 315
757 1198
758 2987
759 754
760 2987
761 2802
762 2486
763 1594
764 2851
765 2278
766 2171
767 403
768 511
769 1534
770 2118
771 792
772 1030
773 2199
774 944
775 1775
776 1981
777 1281
778 2207
779 2393
780 1254
781 1812
782 2838
783 1658
784 1208
785 689
786 229
787 1766
788 1439
789 1337
790 1134
791 491
792 1115
793 2430
794 2528
795 171
796 791
797 552
798 1942
799 278
800 2680
801 2792
802 1923
803 1237
804 538
805 542
806 390
807 2858
808 2488
809 282
810 1660
811 2657
812 2370
813 2426
814 1660
815 809
816 2834
817 1947
818 2903
819 1538
820 370
821 128
822 2539
823 2699
824 2646
825 1465
826 658
827 664
828 2988
829 2083
830 1262
831 290
832 730
833 2595
834 466
835 2091
836 1632
837 2921
838 1789
839 1676
840 2064
841 369
842 1027

