168 22
0 2016
1 2923
2 20
3 1526
4 404
5 758
6 1116
7 2122
8 1845
9 1509
10 106
11 2580
12 2750
13 559
14 1415
15 1596
16 1793
17 2498
18 1272
19 2585
20 2784
21 997
22 2744
23 769
24 264
25 211
26 1796
27 2602
28 2696
29 145
30 341
31 499
32 2472
33 1936
34 780
35 2078
36 1927
37 532
38 2983
39 2445
40 2793
41 2384
42 2296
43 454
44 2303
45 2590
46 1797
47 2678
48 1682
49 48
50 1319
51 2838
52 647
53 2165
54 1096
55 2338
56 802
57 799
58 378
59 273
60 2220
61 2814
62 2702
63 2278
64 1335
65 176
66 2943
67 1915
68 1804
69 647
70 1251
71 761
72 391
73 1101
74 1540
75 1532
76 2722
77 2667
78 1847
79 2788
80 1625
81 684
82 808
83 2041
84 1715
85 692
86 979
87 2987
88 375
89 990
90 2255
91 808
92 1801
93 2772
94 1560
95 619
96 1729
97 1991
98 1275
99 819
100 2250
101 2729
102 1233
103 899
104 821
105 1064
106 2971
107 1734
108 734
109 461
110 2177
111 1633
112 1231
113 2329
114 1609
115 2812
116 1619
117 296
118 532
119 368
120 796
121 2914
122 554
123 2768
124 2850
125 1002
126 1428
127 2794
128 466
129 178
130 2807
131 1343
132 1932
133 2139
134 2242
135 2614
136 1621
137 1428
138 947
139 1765
140 298
141 1347
142 1449
143 1233
144 1583
145 1420
146 897
147 1406
148 2697
149 922
150 984
151 474
152 129
153 394
154 878
155 387
156 1149
157 296
158 1271
159 1980
160 825
161 1349
162 176
163 2737
164 2291
165 463
166 2387
167 1883

