911 55
0 1162
1 2792
2 2472
3 2974
4 1998
5 2564
6 764
7 1947
8 1832
9 2115
10 691
11 2481
12 1094
13 276
14 1883
15 2293
16 1717
17 2354
18 2962
19 1143
20 945
21 256
22 2067
23 2165
24 505
25 2311
26 538
27 1477
28 534
29 461
30 1933
31 1472
32 2243
33 568
34 2478
35 2024
36 2148
37 574
38 761
39 1011
40 1921
41 447
42 2855
43 2757
44 233
45 2747
46 327
47 2627
48 2438
49 608
50 2664
51 1678
52 1490
53 1246
54 1471
55 2113
56 171
57 2054
58 646
59 2099
60 253
61 2982
62 1676
63 1257
64 941
65 583
66 2079
67 2324
68 130
69 995
70 442
71 1305
72 153
73 1826
74 972
75 1432
76 2308
77 486
78 1805
79 2509
80 799
81 1113
82 519
83 823
84 1819
85 694
86 469
87 288
88 2931
89 1284
90 1075
91 1818
92 2459
93 2137
94 348
95 131
96 701
97 2535
98 515
99 2992
100 456
101 1170
102 1329
103 140
104 1312
105 936
106 287
107 1557
108 2763
109 2417
110 1316
111 2467
112 1791
113 1303
114 2577
115 1952
116 223
117 915
118 10
119 2209
120 1043
121 2876
122 751
123 264
124 2142
125 1502
126 2115
127 2558
128 539
129 907
130 2884
131 1346
132 691
133 1573
134 2750
135 993
136 2001
137 2568
138 293
139 2507
140 1982
141 1651
142 838
143 2466
144 490
145 508
146 2748
147 1240
148 172
149 109
150 1207
151 2367
152 326
153 2001
154 1383
155 2938
156 843
157 1713
158 2724
159 1270
160 1483
161 1473
162 774
163 1871
164 2449
165 761
166 914
167 1848
168 2780
169 1466
170 2522
171 1726
172 428
173 1175
174 2913
175 1621
176 2387
177 352
178 1454
179 1482
180 2812
181 2615
182 495
183 1993
184 2332
185 263
186 885
187 1014
188 1869
189 2440
190 2877
191 1194
192 2644
193 1086
194 2945
195 2887
196 1183
197 2895
198 27
199 1678
200 401
201 2421
202 2087
203 1451
204 1880
205 1457
206 886
207 2933
208 2728
209 1523
210 1464
211 913
212 2113
213 1318
214 1786
215 2939
216 2111
217 944
218 1266
219 607
220 794
221 310
222 1798
223 1269
224 372
225 156
226 2817
227 2256
228 2710
229 1191
230 102
231 898
232 196
233 740
234 1270
235 2766
236 1006
237 1180
238 2057
239 2384
240 2823
241 388
242 1789
243 2474
244 1987
245 429
246 1319
247 51
248 1359
249 2610
250 1417
251 109
252 377
253 1064
254 821
255 1330
256 1571
257 2850
258 1917
259 721
260 2996
261 2434
262 1321
263 652
264 1373
265 721
266 489
267 2322
268 2910
269 2594
270 1230
271 2552
272 315
273 1578
274 927
275 2546
276 162
277 2327
278 2389
279 866
280 1800
281 1217
282 1086
283 1585
284 1299
285 2618
286 2803
287 1985
288 926
289 898
290 693
291 571
292 236
293 1530
294 1008
295 2708
296 2466
297 2441
298 1711
299 2222
300 1262
301 522
302 132
303 1989
304 2432
305 1199
306 2855
307 2616
308 302
309 1858
310 1700
311 15
312 2417
313 1785
314 12
315 1872
316 262
317 35
318 708
319 378
320 1454
321 1667
322 531
323 2339
324 2734
325 281
326 209
327 1848
328 456
329 150
330 703
331 1715
332 1409
333 757
334 2401
335 1785
336 358
337 363
338 145
339 467
340 2804
341 1420
342 2979
343 2332
344 1798
345 1025
346 307
347 1285
348 476
349 2590
350 2615
351 292
352 1946
353 2338
354 2779
355 1214
356 2543
357 2031
358 1767
359 2742
360 2013
361 29
362 1653
363 980
364 2204
365 2919
366 1659
367 2044
368 320
369 1355
370 1830
371 2290
372 2354
373 2946
374 1766
375 1618
376 1315
377 1475
378 2100
379 163
380 2515
381 1685
382 639
383 715
384 534
385 900
386 2796
387 2744
388 196
389 1179
390 901
391 53
392 157
393 1764
394 624
395 530
396 999
397 2219
398 2782
399 1896
400 2465
401 444
402 1576
403 2185
404 2985
405 924
406 710
407 930
408 502
409 2766
410 424
411 524
412 1208
413 2567
414 2922
415 2441
416 775
417 2143
418 391
419 2045
420 2945
421 496
422 2806
423 451
424 2031
425 2927
426 2512
427 1423
428 584
429 974
430 2849
431 1277
432 2212
433 2326
434 904
435 2191
436 720
437 84
438 719
439 2163
440 1500
441 586
442 2062
443 1050
444 2369
445 803
446 851
447 680
448 521
449 1663
450 1396
451 424
452 889
453 632
454 602
455 2670
456 1873
457 1032
458 1801
459 2256
460 2417
461 2207
462 540
463 1268
464 841
465 510
466 963
467 665
468 582
469 2166
470 1253
471 315
472 242
473 1171
474 1202
475 2467
476 1253
477 871
478 250
479 2265
480 16
481 134
482 808
483 1140
484 214
485 329
486 1552
487 1076
488 1443
489 2922
490 2770
491 2852
492 227
493 797
494 1178
495 2703
496 136
497 1981
498 531
499 2542
500 2380
501 899
502 1626
503 1463
504 2502
505 381
506 2474
507 147
508 1657
509 936
510 381
511 1910
512 2339
513 1533
514 1942
515 1728
516 579
517 2080
518 988
519 2424
520 178
521 748
522 142
523 525
524 1816
525 2402
526 45
527 1800
528 597
529 2994
530 1202
531 177
532 1230
533 2790
534 2286
535 2077
536 1239
537 759
538 1833
539 2298
540 2023
541 2230
542 1445
543 1440
544 1439
545 2754
546 233
547 2723
548 866
549 2251
550 130
551 1450
552 1070
553 1892
554 1230
555 2821
556 1194
557 828
558 907
559 1348
560 315
561 1069
562 329
563 2482
564 1207
565 1989
566 69
567 845
568 2342
569 1527
570 2317
571 29
572 1306
573 832
574 2479
575 2073
576 2708
577 228
578 1248
579 598
580 2103
581 1825
582 233
583 1237
584 2127
585 168
586 1598
587 2715
588 684
589 1341
590 2963
591 1997
592 166
593 104
594 167
595 1517
596 1781
597 1258
598 2006
599 2178
600 2176
601 1890
602 1564
603 1003
604 1517
605 1935
606 2156
607 1809
608 2679
609 1923
610 862
611 351
612 212
613 1261
614 2819
615 2167
616 2798
617 2356
618 1750
619 357
620 1986
621 293
622 745
623 2935
624 2442
625 59
626 601
627 2815
628 878
629 42
630 963
631 1494
632 390
633 2932
634 1709
635 2894
636 2244
637 372
638 1430
639 1031
640 1143
641 2175
642 2895
643 1604
644 2791
645 858
646 1205
647 441
648 2967
649 2458
650 241
651 2495
652 2354
653 2478
654 1577
655 216
656 888
657 2699
658 1265
659 2836
660 1373
661 2741
662 238
663 1663
664 361
665 2531
666 2445
667 1543
668 2329
669 1489
670 2513
671 962
672 1356
673 2640
674 244
675 244
676 1801
677 763
678 968
679 951
680 604
681 1125
682 1391
683 1000
684 2001
685 2434
686 828
687 2270
688 678
689 1222
690 13
691 910
692 2327
693 2413
694 1566
695 1795
696 2787
697 1230
698 2050
699 1899
700 2597
701 1623
702 2068
703 2387
704 2272
705 942
706 2106
707 2285
708 2554
709 1361
710 332
711 2133
712 88
713 2187
714 1909
715 1404
716 355
717 525
718 1819
719 1228
720 711
721 405
722 2768
723 2928
724 164
725 1386
726 1036
727 1219
728 135
729 2610
730 2050
731 845
732 2630
733 598
734 1043
735 2629
736 349
737 385
738 2950
739 2081
740 51
741 1470
742 234
743 1889
744 153
745 2753
746 2063
747 67
748 820
749 1116
750 1583
751 138
752 43
753 2122
754 330
755 906
756 1497
757 637
758 2336
759 753
760 1480
761 2106
762 1390
763 2617
764 713
765 1065
766 1000
767 341
768 949
769 2
770 2585
771 36
772 16
773 776
774 574
775 2662
776 361
777 268
778 2129
779 825
780 2819
781 2471
782 492
783 557
784 552
785 2519
786 1249
787 762
788 631
789 2238
790 22
791 1971
792 2889
793 2424
794 1095
795 1834
796 1816
797 655
798 1799
799 2010
800 1803
801 1246
802 1176
803 526
804 2012
805 1300
806 366
807 2481
808 2387
809 1829
810 1049
811 1325
812 358
813 1168
814 2277
815 7
816 2661
817 2510
818 2983
819 2710
820 1678
821 926
822 2475
823 302
824 2165
825 255
826 992
827 1076
828 1860
829 555
830 732
831 1014
832 1781
833 2761
834 2869
835 1885
836 385
837 2632
838 2534
839 2569
840 2171
841 1792
842 1352
843 1977
844 2780
845 2918
846 664
847 1126
848 721
849 2894
850 2848
851 1722
852 159
853 2021
854 445
855 443
856 16
857 665
858 770
859 1291
860 1317
861 767
862 479
863 25
864 494
865 371
866 2434
867 2017
868 312
869 2139
870 1143
871 1763
872 626
873 775
874 2781
875 2901
876 1877
877 2595
878 2788
879 2053
880 670
881 2564
882 1393
883 1485
884 495
885 2106
886 812
887 839
888 561
889 2963
890 2063
891 2523
892 183
893 788
894 939
895 1861
896 227
897 2062
898 2049
899 1510
900 1692
901 591
902 2199
903 2575
904 579
905 1998
906 936
907 1079
908 1602
909 2837
910 2732

