583 49
0 2367
1 1632
2 1565
3 1501
4 359
5 2169
6 1247
7 2736
8 972
9 560
10 2076
11 361
12 1107
13 2608
14 1238
15 627
16 2986
17 181
18 2889
19 709
20 1298
21 1944
22 77
23 995
24 2827
25 2882
26 2331
27 1216
28 1319
29 1568
30 2892
31 615
32 2126
33 1383
34 134
35 2458
36 1141
37 1179
38 688
39 1453
40 2454
41 983
42 890
43 2667
44 120
45 160
46 1512
47 169
48 520
49 2614
50 2042
51 1569
52 131
53 2317
54 2852
55 1866
56 2226
57 1670
58 2703
59 178
60 353
61 1126
62 483
63 1091
64 2193
65 2880
66 2135
67 1887
68 1670
69 1849
70 242
71 480
72 397
73 614
74 1379
75 2033
76 104
77 2033
78 2960
79 947
80 1456
81 2767
82 317
83 2207
84 2575
85 1790
86 2819
87 1354
88 2912
89 1103
90 71
91 293
92 2562
93 2848
94 1369
95 1218
96 2650
97 1795
98 2760
99 2304
100 2605
101 1508
102 2983
103 1734
104 2332
105 946
106 2938
107 154
108 1334
109 1045
110 1378
111 2737
112 2103
113 277
114 2701
115 1029
116 761
117 201
118 1984
119 336
120 509
121 2268
122 1090
123 111
124 1873
125 499
126 1731
127 2950
128 1920
129 1628
130 1415
131 1377
132 202
133 457
134 2781
135 238
136 184
137 237
138 974
139 1265
140 2910
141 461
142 667
143 2634
144 2637
145 1107
146 2370
147 2376
148 2977
149 2807
150 2983
151 2196
152 55
153 2270
154 72
155 1842
156 1769
157 952
158 205
159 1187
160 2502
161 562
162 680
163 2279
164 737
165 2851
166 305
167 864
168 2101
169 2072
170 1260
171 1081
172 2231
173 2486
174 711
175 1413
176 1748
177 1556
178 2020
179 2611
180 2918
181 1613
182 2749
183 2695
184 1284
185 1149
186 2406
187 2726
188 1293
189 1715
190 1166
191 2161
192 2302
193 104
194 1885
195 1482
196 2926
197 1119
198 2894
199 2971
200 2971
201 2896
202 2795
203 392
204 444
205 2558
206 2863
207 2808
208 1477
209 2636
210 904
211 1911
212 292
213 2472
214 1354
215 2069
216 1784
217 772
218 304
219 1055
220 597
221 2526
222 492
223 201
224 1543
225 2096
226 25
227 55
228 1526
229 498
230 648
231 1859
232 407
233 2629
234 2632
235 1990
236 354
237 2838
238 2156
239 1638
240 773
241 2953
242 941
243 2108
244 493
245 432
246 1196
247 1297
248 438
249 2070
250 872
251 757
252 2180
253 929
254 1754
255 1273
256 434
257 2546
258 1419
259 850
260 2717
261 582
262 980
263 2542
264 2544
265 1377
266 2295
267 2538
268 2936
269 2631
270 196
271 2064
272 1994
273 1028
274 2931
275 1092
276 2320
277 2331
278 1658
279 1229
280 1233
281 2526
282 374
283 954
284 1291
285 647
286 1415
287 964
288 220
289 1486
290 438
291 1909
292 1694
293 895
294 89
295 2246
296 737
297 1287
298 1168
299 2267
300 2971
301 2000
302 1179
303 570
304 1974
305 1751
306 2982
307 1520
308 2912
309 1208
310 2141
311 256
312 1176
313 2151
314 2513
315 1851
316 2066
317 2126
318 1267
319 2433
320 2038
321 1556
322 2834
323 117
324 216
325 528
326 1402
327 2423
328 946
329 2362
330 309
331 2029
332 422
333 1508
334 2931
335 650
336 1555
337 687
338 636
339 2352
340 2802
341 1703
342 2676
343 1583
344 354
345 2086
346 2003
347 541
348 2316
349 765
350 1433
351 2233
352 2392
353 2367
354 892
355 1770
356 1936
357 2123
358 2590
359 2612
360 424
361 386
362 2525
363 2565
364 523
365 1308
366 332
367 1546
368 2002
369 53
370 588
371 161
372 1776
373 1106
374 754
375 107
376 2074
377 830
378 1784
379 1951
380 1639
381 142
382 2337
383 118
384 666
385 1017
386 2691
387 2572
388 636
389 2077
390 2824
391 1716
392 415
393 2377
394 1181
395 1430
396 1233
397 2949
398 1093
399 2662
400 1181
401 1797
402 771
403 2606
404 1313
405 2331
406 36
407 2677
408 1036
409 580
410 70
411 2461
412 625
413 871
414 1543
415 123
416 634
417 2390
418 555
419 307
420 589
421 681
422 720
423 1646
424 629
425 1315
426 2395
427 2369
428 1392
429 551
430 709
431 2263
432 194
433 1863
434 2611
435 604
436 55
437 884
438 1278
439 2364
440 1325
441 337
442 2222
443 1470
444 616
445 1247
446 1473
447 1380
448 631
449 2268
450 1197
451 377
452 401
453 1316
454 2995
455 2420
456 2422
457 1902
458 2264
459 294
460 1829
461 2763
462 426
463 2409
464 1716
465 504
466 2024
467 1549
468 2867
469 77
470 2820
471 158
472 2471
473 1278
474 2702
475 2323
476 1738
477 1266
478 1921
479 1110
480 490
481 1893
482 287
483 2695
484 1910
485 1258
486 1106
487 729
488 1171
489 2465
490 373
491 1100
492 176
493 473
494 1123
495 2222
496 1632
497 2375
498 967
499 493
500 737
501 912
502 1664
503 2061
504 1998
505 1395
506 2344
507 2821
508 238
509 1427
510 1532
511 641
512 2957
513 2221
514 2298
515 2058
516 409
517 1255
518 2414
519 2802
520 2790
521 2085
522 2468
523 2295
524 2771
525 2187
526 690
527 648
528 2895
529 2073
530 994
531 413
532 1653
533 1690
534 2601
535 1506
536 2453
537 1161
538 2716
539 2204
540 1589
541 2441
542 737
543 505
544 381
545 1302
546 1603
547 2053
548 2768
549 426
550 1481
551 769
552 2055
553 157
554 2950
555 755
556 2580
557 2275
558 2491
559 1082
560 1446
561 406
562 1110
563 306
564 413
565 1336
566 2909
567 423
568 1428
569 2978
570 2213
571 2852
572 380
573 2918
574 899
575 139
576 1890
577 1578
578 25
579 2147
580 1696
581 1390
582 2162

