711 60
0 2086
1 1403
2 1900
3 2260
4 677
5 1343
6 1141
7 2133
8 2577
9 2074
10 2774
11 523
12 69
13 768
14 144
15 2621
16 2396
17 442
18 51
19 1389
20 2483
21 1101
22 2177
23 674
24 326
25 1113
26 979
27 1443
28 167
29 1039
30 792
31 989
32 2744
33 2704
34 2741
35 2165
36 1392
37 231
38 1649
39 2597
40 1805
41 2478
42 2279
43 413
44 2112
45 2087
46 1365
47 1528
48 1871
49 1080
50 1567
51 1288
52 2057
53 2540
54 2409
55 720
56 87
57 569
58 424
59 502
60 1379
61 2927
62 872
63 2218
64 153
65 2566
66 1729
67 496
68 956
69 779
70 1705
71 2848
72 1421
73 2267
74 2106
75 1654
76 185
77 2419
78 931
79 2207
80 2748
81 131
82 2351
83 1971
84 1254
85 405
86 1110
87 2125
88 2152
89 2730
90 2408
91 2705
92 2977
93 1845
94 2154
95 2095
96 889
97 2019
98 170
99 2615
100 1577
101 323
102 280
103 186
104 1913
105 1653
106 2202
107 2745
108 2766
109 959
110 1667
111 841
112 1813
113 1847
114 2086
115 2168
116 152
117 2476
118 821
119 1262
120 2453
121 1640
122 370
123 476
124 994
125 2791
126 1575
127 1957
128 617
129 2812
130 2823
131 1247
132 2674
133 95
134 2320
135 1937
136 2128
137 525
138 593
139 2428
140 2613
141 1239
142 1344
143 2158
144 1844
145 978
146 91
147 2527
148 2386
149 1834
150 2194
151 2808
152 2695
153 1678
154 2785
155 2621
156 1281
157 2081
158 1395
159 482
160 2781
161 1347
162 715
163 781
164 2277
165 398
166 2711
167 506
168 2286
169 2663
170 2453
171 1506
172 78
173 2330
174 2722
175 862
176 1835
177 2481
178 2467
179 2689
180 883
181 2508
182 1431
183 2279
184 413
185 2638
186 2491
187 562
188 2735
189 816
190 993
191 234
192 2637
193 224
194 1557
195 940
196 329
197 1151
198 206
199 2947
200 287
201 2946
202 1172
203 887
204 2857
205 1731
206 1207
207 1923
208 2004
209 2048
210 1835
211 1018
212 1033
213 1501
214 2744
215 119
216 532
217 983
218 820
219 2446
220 2430
221 18
222 2081
223 158
224 1043
225 2419
226 1765
227 321
228 465
229 2382
230 298
231 2427
232 853
233 1497
234 244
235 2316
236 1426
237 362
238 2051
239 2371
240 2296
241 124
242 626
243 1451
244 1720
245 682
246 1224
247 2971
248 2741
249 680
250 1604
251 2141
252 1739
253 1904
254 1850
255 2477
256 32
257 1982
258 1110
259 697
260 2981
261 1948
262 468
263 1783
264 2508
265 2313
266 296
267 2792
268 1425
269 1938
270 2492
271 414
272 1293
273 719
274 2489
275 2953
276 809
277 2349
278 1020
279 922
280 1040
281 2684
282 1067
283 1502
284 1283
285 2517
286 1767
287 2275
288 2988
289 1411
290 857
291 502
292 2525
293 1330
294 1444
295 2149
296 382
297 2112
298 2353
299 1621
300 831
301 2848
302 1226
303 1396
304 2803
305 2714
306 1676
307 373
308 357
309 2855
310 1554
311 1484
312 2450
313 2240
314 2171
315 2302
316 309
317 865
318 2822
319 2792
320 1189
321 2800
322 202
323 293
324 2314
325 224
326 2017
327 925
328 1535
329 965
330 1738
331 1619
332 325
333 2376
334 2366
335 284
336 2079
337 1687
338 193
339 2263
340 2351
341 2614
342 515
343 1951
344 886
345 862
346 2438
347 1345
348 2137
349 41
350 1721
351 174
352 1766
353 681
354 346
355 1322
356 621
357 148
358 706
359 1529
360 2325
361 242
362 501
363 1555
364 1971
365 2646
366 2181
367 631
368 1545
369 2204
370 456
371 2255
372 2069
373 407
374 118
375 2320
376 290
377 2371
378 1504
379 1756
380 2623
381 2705
382 1010
383 2371
384 2319
385 1550
386 1
387 1166
388 2836
389 2422
390 150
391 433
392 2907
393 2099
394 540
395 835
396 978
397 584
398 369
399 1151
400 148
401 75
402 2400
403 2696
404 1636
405 2109
406 37
407 574
408 980
409 318
410 1235
411 72
412 1313
413 2421
414 1880
415 1671
416 1638
417 1326
418 1642
419 2556
420 2984
421 661
422 2407
423 1298
424 2846
425 2214
426 1075
427 1864
428 1297
429 2450
430 2947
431 945
432 133
433 2472
434 235
435 1383
436 2467
437 1956
438 1085
439 1047
440 2679
441 473
442 2836
443 526
444 215
445 863
446 2636
447 886
448 851
449 269
450 1915
451 509
452 2232
453 1577
454 1840
455 2954
456 2129
457 1841
458 2702
459 930
460 1057
461 243
462 1455
463 149
464 1535
465 2528
466 547
467 75
468 464
469 1402
470 2365
471 2607
472 1303
473 2752
474 1347
475 1255
476 2452
477 1651
478 1441
479 1566
480 2441
481 640
482 2345
483 457
484 701
485 1357
486 2352
487 53
488 1275
489 1805
490 2582
491 2842
492 2988
493 1218
494 562
495 1718
496 482
497 32
498 2645
499 1190
500 1564
501 1996
502 2157
503 2282
504 759
505 2021
506 1320
507 275
508 632
509 2631
510 264
511 2089
512 337
513 2332
514 577
515 642
516 1783
517 2124
518 1216
519 1391
520 2288
521 517
522 53
523 584
524 1004
525 2462
526 1787
527 2490
528 2377
529 1088
530 2438
531 596
532 1567
533 1200
534 2093
535 2652
536 2052
537 2941
538 369
539 2278
540 2532
541 1962
542 1225
543 2244
544 693
545 83
546 1444
547 1207
548 1599
549 2849
550 1401
551 1766
552 1051
553 1764
554 1780
555 284
556 1760
557 2082
558 2407
559 1243
560 651
561 111
562 1041
563 874
564 2146
565 356
566 1672
567 794
568 919
569 1919
570 2651
571 840
572 1913
573 644
574 2192
575 983
576 912
577 2404
578 2409
579 969
580 1235
581 1830
582 1450
583 200
584 1888
585 987
586 2815
587 455
588 2075
589 2472
590 387
591 309
592 24
593 382
594 1408
595 1015
596 108
597 354
598 679
599 2914
600 2075
601 2334
602 757
603 1720
604 143
605 440
606 1441
607 360
608 1411
609 2209
610 2513
611 563
612 189
613 696
614 1454
615 1435
616 66
617 1586
618 1109
619 2899
620 2015
621 2029
622 1733
623 2829
624 90
625 1301
626 2632
627 2775
628 1224
629 1925
630 2221
631 2520
632 723
633 2737
634 2818
635 558
636 2359
637 973
638 2214
639 2289
640 1679
641 37
642 2281
643 1469
644 2893
645 743
646 2138
647 2440
648 2634
649 1934
650 296
651 996
652 872
653 2097
654 2119
655 2249
656 578
657 660
658 2709
659 2952
660 2632
661 1057
662 960
663 17
664 2341
665 2224
666 419
667 2591
668 789
669 2411
670 2547
671 1172
672 804
673 1310
674 2001
675 2599
676 236
677 2821
678 2956
679 2831
680 1762
681 2507
682 1128
683 2153
684 2716
685 1691
686 1885
687 1912
688 402
689 1791
690 226
691 976
692 1408
693 1967
694 631
695 2330
696 1104
697 1487
698 2822
699 2235
700 1423
701 2779
702 1886
703 924
704 166
705 1451
706 1862
707 2524
708 321
709 2583
710 2275

