67 98
0 2889
1 1177
2 2743
3 300
4 1334
5 1084
6 1637
7 1260
8 1125
9 2263
10 2326
11 1802
12 2639
13 1125
14 1737
15 1059
16 255
17 179
18 2485
19 49
20 2889
21 711
22 2945
23 1881
24 1278
25 786
26 961
27 1329
28 989
29 1188
30 1264
31 504
32 489
33 1691
34 1346
35 678
36 2056
37 1471
38 2465
39 904
40 1623
41 674
42 34
43 2509
44 268
45 665
46 474
47 2723
48 1665
49 2269
50 2612
51 1511
52 2219
53 2148
54 48
55 1959
56 2551
57 887
58 158
59 796
60 55
61 2863
62 1393
63 733
64 2583
65 1122
66 684

