685 17
0 1098
1 2520
2 712
3 2622
4 2501
5 3
6 1763
7 1367
8 342
9 2705
10 940
11 2244
12 1418
13 760
14 2445
15 2873
16 1119
17 2318
18 1672
19 2118
20 2116
21 5
22 2269
23 832
24 2691
25 872
26 339
27 1660
28 979
29 2351
30 169
31 1816
32 2988
33 2007
34 2207
35 1718
36 801
37 2574
38 2456
39 1298
40 811
41 398
42 924
43 454
44 838
45 1850
46 714
47 992
48 723
49 1551
50 1234
51 2157
52 2019
53 332
54 648
55 74
56 2846
57 428
58 894
59 549
60 2690
61 2859
62 2853
63 2647
64 772
65 1364
66 1508
67 2683
68 987
69 301
70 1315
71 2280
72 974
73 1134
74 2738
75 2894
76 2803
77 637
78 2311
79 1844
80 2430
81 2588
82 682
83 22
84 2648
85 85
86 2580
87 1145
88 843
89 602
90 871
91 2206
92 975
93 2455
94 912
95 163
96 2946
97 2684
98 810
99 279
100 2530
101 1751
102 800
103 1501
104 1088
105 832
106 928
107 1492
108 617
109 2274
110 2976
111 953
112 1317
113 2668
114 610
115 1698
116 360
117 1285
118 2494
119 1207
120 1306
121 2132
122 165
123 2915
124 2087
125 2959
126 875
127 458
128 1869
129 2121
130 2319
131 2941
132 2554
133 2229
134 1079
135 868
136 2863
137 576
138 1490
139 2853
140 2809
141 1699
142 1361
143 2218
144 831
145 2280
146 559
147 1648
148 1496
149 1433
150 2605
151 1546
152 37
153 801
154 1382
155 321
156 534
157 2079
158 2965
159 2121
160 970
161 411
162 1952
163 729
164 1925
165 429
166 672
167 2408
168 742
169 1474
170 1873
171 1904
172 367
173 1375
174 2264
175 1918
176 1666
177 38
178 1692
179 2146
180 1661
181 709
182 299
183 1208
184 656
185 702
186 1919
187 2775
188 133
189 641
190 1823
191 1919
192 2140
193 2681
194 641
195 1230
196 2200
197 1255
198 2677
199 2404
200 1438
201 1251
202 1417
203 2307
204 270
205 2310
206 2266
207 2142
208 2776
209 907
210 822
211 1606
212 2764
213 2946
214 1011
215 2383
216 339
217 457
218 2202
219 525
220 1395
221 16
222 1570
223 286
224 2442
225 2425
226 1352
227 2070
228 972
229 2768
230 2193
231 1508
232 2238
233 584
234 1030
235 309
236 2229
237 35
238 1577
239 988
240 2450
241 2266
242 2781
243 2147
244 2479
245 1285
246 2037
247 2988
248 2795
249 1571
250 576
251 556
252 1224
253 81
254 214
255 676
256 872
257 1386
258 458
259 53
260 2400
261 1426
262 840
263 2332
264 1679
265 1761
266 340
267 471
268 2385
269 92
270 2999
271 1988
272 1237
273 1254
274 1533
275 469
276 508
277 86
278 2310
279 2763
280 43
281 284
282 497
283 478
284 494
285 2342
286 1404
287 1481
288 95
289 491
290 2913
291 1350
292 917
293 1250
294 1647
295 2063
296 2857
297 21
298 4
299 650
300 2296
301 2352
302 1193
303 2050
304 868
305 239
306 2552
307 1794
308 457
309 2470
310 3
311 986
312 1359
313 1326
314 2814
315 1102
316 1114
317 376
318 60
319 924
320 534
321 2740
322 2029
323 346
324 442
325 1650
326 706
327 2718
328 1080
329 2931
330 2009
331 2474
332 2298
333 2515
334 612
335 607
336 104
337 2916
338 1092
339 149
340 1920
341 1276
342 208
343 937
344 2
345 1752
346 669
347 1003
348 1654
349 2696
350 7
351 2020
352 2263
353 1233
354 1715
355 1374
356 471
357 1117
358 2434
359 1865
360 137
361 156
362 2839
363 1957
364 1191
365 884
366 670
367 504
368 246
369 181
370 328
371 1244
372 2809
373 941
374 2185
375 1269
376 1439
377 1038
378 943
379 267
380 1788
381 1104
382 2821
383 1845
384 976
385 638
386 2822
387 450
388 876
389 50
390 2611
391 2954
392 18
393 2709
394 1820
395 1108
396 554
397 2042
398 1819
399 1314
400 1179
401 1850
402 353
403 578
404 2085
405 1812
406 502
407 939
408 17
409 2785
410 2860
411 1134
412 2105
413 307
414 1049
415 2552
416 1970
417 2369
418 1114
419 1203
420 1857
421 1670
422 2165
423 1452
424 2331
425 2606
426 2977
427 1605
428 572
429 360
430 2040
431 2478
432 2116
433 613
434 2025
435 24
436 1674
437 1920
438 1149
439 1382
440 730
441 55
442 1124
443 1785
444 2947
445 121
446 914
447 2553
448 318
449 443
450 2984
451 2862
452 2926
453 2007
454 1076
455 2860
456 999
457 2336
458 2278
459 2370
460 920
461 934
462 1740
463 2067
464 1262
465 2105
466 1424
467 2338
468 88
469 856
470 2131
471 1136
472 685
473 1705
474 1969
475 2445
476 2229
477 423
478 968
479 2017
480 164
481 1226
482 960
483 1732
484 2570
485 389
486 502
487 2032
488 2680
489 2616
490 557
491 680
492 468
493 2676
494 1677
495 462
496 1067
497 305
498 1740
499 2404
500 850
501 1711
502 1184
503 1960
504 2506
505 233
506 2218
507 340
508 743
509 848
510 1479
511 1571
512 1481
513 421
514 571
515 665
516 2798
517 2026
518 333
519 2960
520 1218
521 1848
522 379
523 2497
524 318
525 2555
526 698
527 1630
528 609
529 2549
530 2502
531 2990
532 392
533 1833
534 2966
535 1520
536 514
537 2932
538 1540
539 1304
540 2761
541 269
542 2656
543 2249
544 715
545 172
546 2430
547 39
548 1114
549 2145
550 2579
551 653
552 2222
553 1133
554 1050
555 1412
556 1780
557 93
558 1231
559 2534
560 2207
561 2436
562 2281
563 916
564 1574
565 725
566 1495
567 144
568 1846
569 2487
570 812
571 566
572 2747
573 1988
574 1490
575 2879
576 2139
577 2502
578 2843
579 705
580 2003
581 2618
582 2721
583 178
584 472
585 687
586 1601
587 1114
588 1425
589 1305
590 2034
591 2351
592 2356
593 1178
594 2443
595 1168
596 642
597 1638
598 1690
599 2073
600 312
601 1000
602 251
603 524
604 918
605 2624
606 376
607 565
608 2905
609 684
610 1879
611 31
612 179
613 2491
614 2322
615 1144
616 729
617 1127
618 1282
619 2481
620 1587
621 1649
622 2078
623 2075
624 1047
625 733
626 506
627 633
628 510
629 420
630 2376
631 2511
632 2284
633 2034
634 738
635 1851
636 2462
637 120
638 2302
639 1928
640 2802
641 1395
642 1334
643 2090
644 2750
645 1174
646 2641
647 1724
648 1586
649 1974
650 1954
651 699
652 503
653 579
654 770
655 609
656 2477
657 2648
658 1128
659 2282
660 535
661 2466
662 2428
663 2446
664 768
665 907
666 1844
667 1601
668 1948
669 2122
670 504
671 298
672 1648
673 1723
674 2485
675 2456
676 1172
677 589
678 137
679 751
680 1610
681 1765
682 864
683 1824
684 1138

