774 95
0 488
1 882
2 2728
3 2829
4 1672
5 1815
6 1308
7 675
8 734
9 1864
10 447
11 16
12 810
13 2625
14 1167
15 201
16 1119
17 225
18 1131
19 1016
20 2725
21 1513
22 1322
23 216
24 372
25 1859
26 2838
27 2824
28 965
29 2119
30 1471
31 1920
32 711
33 2485
34 1832
35 250
36 2043
37 2392
38 1123
39 1301
40 159
41 92
42 2430
43 425
44 2382
45 1335
46 1559
47 1702
48 546
49 1324
50 1202
51 2736
52 2098
53 572
54 360
55 1327
56 197
57 345
58 2080
59 2928
60 418
61 1968
62 134
63 487
64 1141
65 1869
66 931
67 2227
68 9
69 2272
70 2880
71 716
72 1385
73 179
74 192
75 941
76 1859
77 2024
78 193
79 212
80 952
81 2447
82 940
83 1000
84 2973
85 1303
86 579
87 1033
88 744
89 1748
90 861
91 2511
92 1761
93 2780
94 1981
95 2904
96 719
97 2033
98 532
99 1668
100 590
101 2859
102 88
103 2890
104 1832
105 2576
106 2914
107 1352
108 389
109 2739
110 1564
111 603
112 1564
113 1634
114 1446
115 2153
116 1905
117 246
118 300
119 2421
120 210
121 2111
122 556
123 342
124 1869
125 2100
126 2357
127 806
128 819
129 2708
130 1684
131 1746
132 427
133 2098
134 756
135 2229
136 556
137 577
138 2941
139 627
140 2469
141 2343
142 2787
143 2224
144 1962
145 290
146 747
147 1009
148 68
149 931
150 1563
151 2332
152 1852
153 43
154 231
155 2822
156 2540
157 2488
158 2565
159 841
160 746
161 826
162 2134
163 2256
164 1712
165 388
166 2944
167 1047
168 1010
169 850
170 701
171 1578
172 706
173 1810
174 2584
175 2953
176 1784
177 173
178 440
179 722
180 547
181 2228
182 133
183 1074
184 1381
185 2785
186 2162
187 2039
188 1015
189 2706
190 140
191 448
192 644
193 766
194 640
195 1289
196 1577
197 926
198 2030
199 524
200 439
201 572
202 974
203 1306
204 1650
205 1729
206 1782
207 1415
208 212
209 1866
210 2631
211 2014
212 392
213 65
214 1556
215 2870
216 1739
217 2409
218 1473
219 2633
220 2700
221 2018
222 492
223 1435
224 833
225 369
226 918
227 319
228 420
229 1007
230 1999
231 2644
232 2785
233 2820
234 2863
235 637
236 997
237 1342
238 800
239 1594
240 2909
241 2419
242 2827
243 431
244 1440
245 734
246 2071
247 1866
248 1441
249 1559
250 2063
251 2679
252 1860
253 2373
254 825
255 2404
256 2826
257 1032
258 804
259 8
260 1008
261 1081
262 2247
263 930
264 1776
265 2492
266 2025
267 347
268 1526
269 890
270 2012
271 1869
272 603
273 280
274 218
275 2967
276 723
277 827
278 363
279 2001
280 514
281 1999
282 1911
283 367
284 2182
285 2797
286 51
287 581
288 171
289 194
290 246
291 1120
292 2330
293 2614
294 2340
295 2941
296 2540
297 2150
298 2521
299 2984
300 1399
301 356
302 7
303 938
304 2577
305 2979
306 2710
307 1544
308 573
309 1797
310 825
311 1826
312 693
313 1517
314 2288
315 283
316 244
317 1208
318 747
319 1115
320 114
321 1419
322 2959
323 997
324 1633
325 1364
326 156
327 2194
328 279
329 576
330 999
331 652
332 1594
333 856
334 2678
335 53
336 259
337 2950
338 1617
339 1985
340 661
341 2920
342 135
343 1649
344 2143
345 990
346 2793
347 1962
348 2578
349 1883
350 662
351 1516
352 2176
353 1004
354 2775
355 2004
356 5
357 1920
358 2414
359 2783
360 546
361 2301
362 2367
363 1853
364 1313
365 822
366 1747
367 1417
368 600
369 568
370 2807
371 760
372 1091
373 887
374 1573
375 318
376 1025
377 2695
378 1573
379 2176
380 2183
381 2659
382 2743
383 1491
384 991
385 878
386 686
387 1667
388 1683
389 1446
390 1619
391 2728
392 2722
393 1495
394 2195
395 2074
396 2678
397 189
398 1251
399 1483
400 2502
401 602
402 2130
403 666
404 1049
405 1526
406 567
407 570
408 455
409 503
410 2830
411 30
412 991
413 2338
414 69
415 86
416 1707
417 926
418 2124
419 172
420 2997
421 2932
422 1048
423 566
424 937
425 1402
426 866
427 125
428 1938
429 1270
430 242
431 176
432 300
433 244
434 1312
435 1259
436 2670
437 1436
438 1680
439 1284
440 478
441 2070
442 872
443 40
444 2222
445 184
446 480
447 406
448 1484
449 2144
450 72
451 524
452 874
453 1243
454 1890
455 1406
456 2522
457 2477
458 1870
459 194
460 2229
461 218
462 1928
463 663
464 1200
465 354
466 2356
467 1552
468 1837
469 758
470 1056
471 1805
472 2334
473 378
474 727
475 1053
476 2899
477 2816
478 1673
479 2868
480 2634
481 1123
482 1879
483 6
484 1424
485 1194
486 2646
487 2053
488 2975
489 2224
490 860
491 2933
492 1192
493 14
494 34
495 1526
496 657
497 16
498 89
499 1380
500 2083
501 1601
502 1638
503 1335
504 396
505 424
506 102
507 2265
508 1821
509 2572
510 2010
511 1836
512 1224
513 2447
514 901
515 2272
516 2843
517 2610
518 380
519 2848
520 1058
521 1385
522 58
523 2148
524 513
525 2052
526 0
527 1733
528 642
529 2287
530 1631
531 1335
532 2014
533 250
534 968
535 2001
536 1556
537 2060
538 442
539 336
540 250
541 28
542 712
543 2620
544 2017
545 981
546 2886
547 2396
548 1465
549 2331
550 2731
551 129
552 1475
553 2498
554 864
555 1272
556 1245
557 2568
558 1329
559 388
560 1410
561 761
562 1481
563 2678
564 360
565 1230
566 1974
567 207
568 1921
569 2766
570 2745
571 2364
572 761
573 266
574 2482
575 189
576 695
577 547
578 174
579 1281
580 313
581 1784
582 1521
583 1334
584 1566
585 672
586 2231
587 1912
588 2158
589 2791
590 2229
591 131
592 1495
593 714
594 1959
595 1295
596 1179
597 1088
598 2415
599 2984
600 1191
601 807
602 613
603 367
604 2250
605 1414
606 1544
607 682
608 1263
609 1703
610 360
611 935
612 1274
613 1009
614 2977
615 59
616 1115
617 2694
618 2603
619 1070
620 579
621 2907
622 1351
623 688
624 1558
625 1277
626 782
627 2244
628 841
629 914
630 2510
631 559
632 1659
633 2690
634 1124
635 2999
636 2657
637 1598
638 1783
639 2549
640 1767
641 1145
642 378
643 1420
644 2701
645 1961
646 2453
647 2710
648 2752
649 264
650 2851
651 2399
652 303
653 1834
654 2196
655 286
656 1437
657 2468
658 2778
659 1999
660 478
661 2558
662 2133
663 1875
664 2301
665 524
666 332
667 1345
668 2736
669 1306
670 1150
671 2536
672 2276
673 238
674 2779
675 1690
676 683
677 1259
678 1046
679 1196
680 2988
681 2292
682 622
683 1978
684 1967
685 568
686 657
687 1400
688 1679
689 1016
690 2565
691 1348
692 1090
693 1024
694 2193
695 875
696 1062
697 186
698 2094
699 1320
700 2142
701 2879
702 2522
703 2002
704 2550
705 1103
706 55
707 1395
708 920
709 1847
710 1208
711 1233
712 2040
713 556
714 1429
715 555
716 807
717 648
718 1458
719 2969
720 2177
721 1526
722 132
723 2733
724 2169
725 901
726 1013
727 1292
728 245
729 2038
730 279
731 1744
732 2983
733 1630
734 698
735 1450
736 2200
737 644
738 1530
739 2860
740 277
741 2102
742 1520
743 2191
744 1267
745 2580
746 2457
747 938
748 2963
749 12
750 446
751 536
752 2635
753 1904
754 2300
755 1773
756 2080
757 397
758 744
759 2789
760 444
761 306
762 1108
763 1907
764 2858
765 1418
766 1831
767 160
768 419
769 2382
770 1418
771 157
772 780
773 818

