304 54
0 2167
1 1640
2 18
3 2930
4 1763
5 878
6 1964
7 1014
8 988
9 441
10 1893
11 497
12 1408
13 1378
14 2278
15 2336
16 180
17 2597
18 1505
19 2588
20 2057
21 2175
22 547
23 170
24 107
25 1512
26 2032
27 1579
28 485
29 1895
30 2406
31 2286
32 145
33 432
34 674
35 2027
36 1019
37 2153
38 1910
39 2284
40 970
41 2041
42 367
43 1859
44 1876
45 1755
46 1614
47 2167
48 308
49 2913
50 2823
51 626
52 107
53 275
54 2440
55 2048
56 2367
57 2738
58 381
59 715
60 1402
61 2389
62 1554
63 128
64 2966
65 2229
66 1655
67 2223
68 1143
69 1480
70 2363
71 1281
72 1686
73 288
74 2637
75 233
76 361
77 2054
78 1914
79 1125
80 2748
81 843
82 807
83 537
84 1987
85 216
86 1035
87 2110
88 2079
89 784
90 1804
91 2569
92 188
93 1497
94 2056
95 24
96 29
97 2942
98 2497
99 587
100 1896
101 2651
102 557
103 1299
104 1976
105 2533
106 1265
107 1968
108 1880
109 1742
110 2992
111 2441
112 1673
113 1926
114 1422
115 2937
116 81
117 2796
118 2602
119 1356
120 1467
121 1565
122 2707
123 1688
124 126
125 2718
126 308
127 1241
128 1549
129 617
130 1842
131 219
132 1441
133 2388
134 2052
135 1691
136 1711
137 862
138 2388
139 1042
140 94
141 2888
142 1017
143 28
144 864
145 33
146 1590
147 2704
148 1908
149 2559
150 2989
151 2193
152 897
153 1244
154 2976
155 1257
156 1767
157 2390
158 1768
159 786
160 602
161 709
162 1725
163 2601
164 1714
165 2527
166 822
167 488
168 2568
169 1153
170 1019
171 1984
172 967
173 2370
174 270
175 1029
176 2448
177 1050
178 2845
179 961
180 277
181 1570
182 2395
183 1131
184 2976
185 1921
186 321
187 2991
188 2149
189 1654
190 341
191 1779
192 1110
193 44
194 1941
195 936
196 1743
197 2039
198 844
199 2309
200 2201
201 1690
202 648
203 2989
204 1987
205 417
206 1686
207 2041
208 2461
209 850
210 1035
211 2878
212 1324
213 1235
214 642
215 1934
216 2982
217 107
218 839
219 2981
220 2815
221 2505
222 155
223 2251
224 2332
225 1192
226 2849
227 1243
228 1173
229 1588
230 2010
231 825
232 2672
233 2896
234 2670
235 2702
236 2387
237 1356
238 550
239 614
240 2864
241 2236
242 850
243 660
244 1517
245 1644
246 131
247 2045
248 1612
249 59
250 2309
251 1451
252 1379
253 1837
254 2831
255 1444
256 1711
257 974
258 1902
259 1963
260 1411
261 1276
262 139
263 1120
264 545
265 2176
266 632
267 1004
268 1376
269 1957
270 1708
271 2181
272 2676
273 2841
274 1320
275 488
276 1934
277 1800
278 2589
279 1241
280 1979
281 1793
282 2868
283 1605
284 2438
285 669
286 2683
287 701
288 118
289 1205
290 1196
291 818
292 554
293 785
294 2797
295 27
296 1216
297 2426
298 2996
299 2202
300 2333
301 1965
302 1560
303 626

