840 100
0 142
1 2262
2 108
3 249
4 2584
5 331
6 814
7 1971
8 532
9 2858
10 2076
11 779
12 2098
13 465
14 2032
15 1546
16 442
17 833
18 2699
19 363
20 2117
21 984
22 1371
23 1954
24 1040
25 1191
26 1020
27 1666
28 2394
29 2870
30 1108
31 555
32 905
33 462
34 136
35 990
36 57
37 1035
38 477
39 481
40 887
41 546
42 1413
43 1194
44 2549
45 2227
46 537
47 583
48 1361
49 1406
50 2861
51 561
52 2627
53 2927
54 224
55 526
56 2272
57 306
58 2228
59 854
60 2121
61 1274
62 1153
63 1483
64 2299
65 920
66 1098
67 1892
68 1142
69 1873
70 1545
71 1138
72 1657
73 2155
74 655
75 555
76 596
77 117
78 877
79 2005
80 1412
81 2209
82 2293
83 1753
84 1652
85 2829
86 1480
87 1859
88 1958
89 1135
90 2787
91 428
92 534
93 2972
94 2324
95 1688
96 1242
97 535
98 610
99 2976
100 2270
101 236
102 680
103 1810
104 854
105 1763
106 1625
107 1664
108 1276
109 810
110 2398
111 1430
112 168
113 1615
114 2576
115 1188
116 12
117 360
118 2662
119 2491
120 387
121 849
122 1814
123 210
124 2889
125 406
126 2415
127 192
128 1481
129 15
130 1563
131 1586
132 326
133 401
134 610
135 767
136 669
137 209
138 2476
139 1853
140 2461
141 635
142 338
143 46
144 2752
145 529
146 2991
147 2024
148 2876
149 81
150 1379
151 1146
152 214
153 1074
154 2623
155 2056
156 2479
157 658
158 2758
159 2047
160 1418
161 347
162 625
163 1284
164 2651
165 2107
166 25
167 2832
168 1383
169 834
170 558
171 603
172 910
173 182
174 2925
175 2708
176 43
177 666
178 1799
179 1382
180 2774
181 1212
182 2504
183 299
184 76
185 2114
186 544
187 975
188 248
189 2789
190 2478
191 925
192 2099
193 2460
194 1983
195 512
196 706
197 651
198 580
199 52
200 1249
201 2985
202 2579
203 1914
204 586
205 486
206 1185
207 13
208 1299
209 2464
210 298
211 393
212 485
213 481
214 1020
215 773
216 139
217 348
218 2078
219 511
220 1485
221 2923
222 297
223 149
224 2701
225 235
226 2597
227 1473
228 611
229 1385
230 2070
231 2150
232 1773
233 244
234 678
235 2366
236 1444
237 1835
238 819
239 2615
240 192
241 200
242 1342
243 2768
244 183
245 2616
246 2658
247 1840
248 931
249 2135
250 2088
251 885
252 649
253 2503
254 2290
255 470
256 873
257 1507
258 1303
259 886
260 2261
261 327
262 2118
263 768
264 1599
265 90
266 170
267 2154
268 174
269 5
270 2481
271 2572
272 1786
273 2099
274 393
275 1801
276 2559
277 2699
278 1024
279 697
280 2197
281 758
282 2177
283 99
284 2668
285 453
286 2824
287 819
288 2066
289 824
290 1971
291 406
292 33
293 1255
294 1461
295 2819
296 532
297 510
298 1544
299 1626
300 2312
301 461
302 1442
303 1890
304 2421
305 2281
306 2052
307 1646
308 1329
309 526
310 513
311 1316
312 2142
313 380
314 1399
315 1269
316 2320
317 2951
318 1892
319 1075
320 451
321 2192
322 1555
323 791
324 1889
325 871
326 2070
327 813
328 876
329 378
330 2507
331 1553
332 708
333 1921
334 1655
335 2713
336 2958
337 1697
338 2872
339 2115
340 566
341 2455
342 531
343 628
344 1735
345 403
346 2194
347 574
348 945
349 165
350 2069
351 1172
352 2837
353 1176
354 317
355 2451
356 619
357 2973
358 2418
359 122
360 1567
361 178
362 468
363 1225
364 1611
365 1178
366 388
367 1306
368 335
369 2205
370 334
371 1489
372 482
373 2346
374 1674
375 2350
376 2732
377 1311
378 2712
379 2689
380 615
381 1646
382 2768
383 198
384 636
385 616
386 349
387 2457
388 1497
389 1381
390 434
391 1304
392 1967
393 170
394 1740
395 1624
396 2655
397 2033
398 1490
399 2547
400 2734
401 1090
402 1891
403 820
404 322
405 2752
406 349
407 462
408 657
409 421
410 2795
411 946
412 1058
413 164
414 1975
415 2175
416 309
417 557
418 2878
419 1778
420 898
421 2264
422 1251
423 1011
424 2486
425 1944
426 527
427 1916
428 1771
429 1347
430 272
431 2590
432 644
433 2932
434 2217
435 1368
436 1512
437 239
438 1510
439 1805
440 2783
441 581
442 506
443 2380
444 1838
445 1980
446 2458
447 768
448 58
449 721
450 1118
451 1263
452 1702
453 1151
454 271
455 1791
456 2391
457 1539
458 2524
459 307
460 993
461 301
462 336
463 1733
464 2422
465 1139
466 1238
467 2980
468 1421
469 2643
470 866
471 2886
472 2921
473 2896
474 1703
475 885
476 481
477 2699
478 103
479 1975
480 1045
481 337
482 672
483 905
484 1088
485 2523
486 612
487 1835
488 490
489 1898
490 1669
491 2777
492 2107
493 86
494 2765
495 2312
496 2028
497 2279
498 2386
499 978
500 2171
501 1483
502 1206
503 316
504 1306
505 587
506 2925
507 2094
508 2302
509 666
510 2640
511 2905
512 486
513 1995
514 1546
515 112
516 570
517 306
518 2297
519 1348
520 2647
521 2210
522 2089
523 2025
524 189
525 1942
526 2102
527 2449
528 643
529 1324
530 1319
531 1182
532 50
533 2385
534 2873
535 557
536 2232
537 1361
538 1309
539 1291
540 883
541 381
542 864
543 1539
544 2602
545 2313
546 1428
547 1277
548 2981
549 2841
550 2372
551 1054
552 1649
553 1975
554 1101
555 1700
556 1889
557 891
558 179
559 1989
560 144
561 1521
562 268
563 1577
564 2281
565 1255
566 2307
567 1787
568 301
569 198
570 94
571 2217
572 1183
573 1882
574 221
575 1092
576 2202
577 2837
578 2215
579 704
580 750
581 2358
582 1577
583 42
584 284
585 1514
586 1918
587 1935
588 1632
589 180
590 2074
591 638
592 112
593 1835
594 2034
595 1125
596 2236
597 2524
598 2102
599 2166
600 2042
601 586
602 2989
603 1184
604 568
605 1482
606 2708
607 1537
608 185
609 2126
610 2161
611 210
612 1994
613 959
614 2745
615 300
616 679
617 270
618 2953
619 8
620 174
621 2293
622 326
623 859
624 802
625 1152
626 334
627 1949
628 528
629 1704
630 863
631 1437
632 795
633 1761
634 2531
635 183
636 1578
637 825
638 1866
639 1405
640 126
641 387
642 1920
643 1860
644 1822
645 1386
646 1094
647 1867
648 104
649 2199
650 499
651 1022
652 1899
653 2290
654 507
655 1318
656 1123
657 2690
658 2168
659 1245
660 328
661 1498
662 2495
663 783
664 1450
665 197
666 753
667 1617
668 2580
669 1325
670 314
671 1661
672 1608
673 2666
674 2951
675 172
676 312
677 819
678 91
679 2952
680 2950
681 2113
682 2207
683 261
684 2094
685 2977
686 866
687 14
688 2648
689 790
690 528
691 826
692 2626
693 1206
694 697
695 1050
696 2912
697 2155
698 2750
699 2466
700 1019
701 325
702 635
703 2240
704 1885
705 1138
706 1406
707 422
708 2569
709 1273
710 2246
711 1897
712 40
713 2758
714 91
715 2678
716 381
717 2453
718 1932
719 1972
720 1731
721 1316
722 1512
723 52
724 1385
725 1349
726 349
727 334
728 1281
729 672
730 2331
731 1402
732 1559
733 1041
734 2436
735 39
736 2709
737 292
738 1009
739 1675
740 929
741 278
742 1131
743 1396
744 2497
745 432
746 1966
747 846
748 2480
749 1241
750 2807
751 422
752 412
753 386
754 1229
755 354
756 247
757 485
758 2948
759 334
760 2871
761 2654
762 1094
763 113
764 533
765 828
766 2358
767 2794
768 1940
769 2536
770 2939
771 2081
772 748
773 798
774 2896
775 2982
776 2234
777 1797
778 358
779 1088
780 1993
781 2476
782 1059
783 687
784 1537
785 888
786 2544
787 2227
788 1960
789 1962
790 1159
791 1751
792 1917
793 1162
794 2878
795 2828
796 2076
797 413
798 176
799 1943
800 946
801 189
802 1076
803 336
804 2814
805 718
806 893
807 1048
808 293
809 1689
810 256
811 2816
812 886
813 878
814 232
815 2762
816 2030
817 2808
818 1835
819 1422
820 1579
821 2488
822 2281
823 796
824 1085
825 1044
826 2666
827 387
828 783
829 1558
830 1609
831 433
832 1231
833 901
834 1464
835 2210
836 1741
837 1051
838 460
839 1477

