564 48
0 1199
1 2581
2 95
3 2531
4 2295
5 917
6 2655
7 1690
8 220
9 1538
10 2272
11 1054
12 872
13 572
14 1166
15 1643
16 1057
17 1184
18 2735
19 2079
20 2171
21 2778
22 1609
23 1816
24 2370
25 1577
26 1311
27 2276
28 1667
29 2473
30 367
31 1142
32 2459
33 246
34 1749
35 1095
36 143
37 1142
38 2167
39 1893
40 1450
41 277
42 2513
43 547
44 603
45 1808
46 3
47 2603
48 752
49 2091
50 2389
51 853
52 1061
53 2087
54 2575
55 2819
56 1436
57 2102
58 174
59 2309
60 416
61 1517
62 518
63 1784
64 271
65 1203
66 1808
67 2221
68 302
69 2070
70 2378
71 2743
72 2063
73 59
74 1419
75 2973
76 1764
77 1057
78 2048
79 2500
80 804
81 1486
82 907
83 748
84 860
85 1033
86 1670
87 153
88 915
89 2828
90 1331
91 1234
92 2568
93 2123
94 1194
95 1909
96 1559
97 710
98 129
99 442
100 2348
101 716
102 2532
103 241
104 91
105 1188
106 2302
107 591
108 2358
109 670
110 1645
111 2592
112 1190
113 2045
114 2411
115 1658
116 50
117 2978
118 955
119 2334
120 148
121 550
122 2738
123 1294
124 429
125 2200
126 587
127 108
128 1663
129 108
130 560
131 638
132 875
133 644
134 648
135 1761
136 2662
137 810
138 626
139 123
140 2578
141 787
142 2582
143 892
144 1185
145 2760
146 1330
147 2188
148 1156
149 510
150 152
151 684
152 2011
153 857
154 316
155 2488
156 569
157 2360
158 2038
159 2059
160 1133
161 2141
162 1095
163 279
164 1010
165 2260
166 941
167 1276
168 897
169 799
170 93
171 155
172 2788
173 2530
174 2993
175 674
176 2704
177 2515
178 97
179 256
180 2268
181 1258
182 2728
183 2924
184 1970
185 2986
186 1694
187 1895
188 265
189 912
190 1403
191 2526
192 1225
193 1701
194 2024
195 1084
196 181
197 1464
198 1119
199 2020
200 848
201 2950
202 1499
203 916
204 22
205 1452
206 985
207 1611
208 2592
209 1688
210 1352
211 739
212 2482
213 68
214 2477
215 2373
216 2134
217 9
218 559
219 150
220 1929
221 2151
222 2510
223 1939
224 2578
225 2050
226 1247
227 2372
228 968
229 2029
230 1645
231 1141
232 293
233 1623
234 1457
235 1517
236 2083
237 1404
238 209
239 2795
240 2692
241 2244
242 2636
243 517
244 1450
245 2475
246 1832
247 1550
248 1482
249 1072
250 2447
251 2951
252 2945
253 1154
254 2477
255 1794
256 2534
257 1402
258 1917
259 810
260 377
261 1650
262 2191
263 252
264 377
265 1660
266 980
267 2858
268 2270
269 1851
270 1697
271 1819
272 365
273 1451
274 798
275 1780
276 703
277 1785
278 2125
279 470
280 2136
281 147
282 2231
283 2752
284 2719
285 788
286 1415
287 2142
288 2033
289 50
290 2930
291 1749
292 2715
293 2682
294 330
295 984
296 1544
297 2582
298 2242
299 1130
300 686
301 1088
302 735
303 2283
304 2505
305 2900
306 1702
307 306
308 1015
309 385
310 1377
311 982
312 1382
313 2856
314 1351
315 1845
316 1826
317 65
318 928
319 500
320 1682
321 1652
322 1989
323 169
324 2203
325 2763
326 1166
327 2969
328 912
329 2329
330 62
331 2550
332 1929
333 2109
334 2894
335 1204
336 144
337 2614
338 247
339 181
340 736
341 429
342 766
343 480
344 2664
345 443
346 1242
347 2591
348 2967
349 1668
350 127
351 2435
352 1138
353 2990
354 2938
355 2559
356 2588
357 2012
358 14
359 215
360 923
361 1222
362 1089
363 2488
364 2818
365 1447
366 320
367 887
368 1397
369 788
370 2318
371 202
372 1198
373 1914
374 90
375 942
376 2295
377 467
378 1227
379 2588
380 91
381 1527
382 975
383 408
384 1090
385 1596
386 7
387 1126
388 2097
389 2911
390 1962
391 2629
392 1791
393 1449
394 1208
395 2574
396 1107
397 1776
398 1137
399 869
400 19
401 1306
402 997
403 2208
404 2682
405 2245
406 996
407 2718
408 876
409 2393
410 402
411 1125
412 1931
413 661
414 1752
415 803
416 2665
417 2425
418 2776
419 2846
420 2017
421 286
422 688
423 884
424 1682
425 1805
426 1989
427 1721
428 1783
429 2078
430 1456
431 2718
432 902
433 1000
434 490
435 981
436 1010
437 2295
438 1364
439 1372
440 412
441 2390
442 1204
443 2192
444 2673
445 1871
446 554
447 74
448 1986
449 2200
450 136
451 459
452 755
453 184
454 2845
455 1490
456 1007
457 1696
458 2019
459 1245
460 2951
461 797
462 1017
463 2167
464 1508
465 611
466 1286
467 2314
468 1961
469 753
470 2989
471 1174
472 2684
473 47
474 767
475 2671
476 838
477 352
478 780
479 2713
480 640
481 2420
482 112
483 1287
484 2726
485 2454
486 621
487 2431
488 770
489 1552
490 1141
491 522
492 2680
493 922
494 1083
495 62
496 138
497 971
498 1022
499 191
500 2942
501 2717
502 1929
503 397
504 659
505 2980
506 2497
507 383
508 846
509 418
510 1131
511 1476
512 697
513 300
514 1440
515 2648
516 1656
517 947
518 2271
519 1639
520 824
521 1677
522 943
523 707
524 1104
525 252
526 576
527 866
528 1579
529 1053
530 115
531 934
532 2033
533 2978
534 2264
535 2232
536 2097
537 1965
538 1189
539 979
540 468
541 195
542 2731
543 222
544 389
545 172
546 2494
547 607
548 2159
549 1086
550 1011
551 1181
552 2194
553 1399
554 862
555 996
556 2831
557 1191
558 1659
559 1315
560 2086
561 1635
562 1755
563 1683

