931 40
0 2657
1 78
2 1087
3 2260
4 2185
5 213
6 1228
7 1465
8 2911
9 1856
10 2038
11 1290
12 1246
13 189
14 629
15 850
16 2028
17 2000
18 1584
19 612
20 849
21 923
22 1604
23 745
24 655
25 572
26 2723
27 1092
28 396
29 2486
30 125
31 1983
32 525
33 208
34 2852
35 517
36 1943
37 1527
38 1951
39 664
40 119
41 2496
42 1683
43 527
44 2996
45 253
46 2178
47 1320
48 2367
49 674
50 1
51 1638
52 2966
53 923
54 34
55 1713
56 722
57 2330
58 92
59 1604
60 1415
61 1171
62 1768
63 1016
64 853
65 2947
66 1091
67 93
68 1519
69 2928
70 2187
71 496
72 2205
73 1273
74 2651
75 605
76 125
77 2092
78 479
79 217
80 2196
81 2005
82 278
83 857
84 1631
85 102
86 442
87 1151
88 1624
89 2798
90 2353
91 2669
92 2444
93 2840
94 2195
95 511
96 1853
97 2486
98 563
99 10
100 2626
101 603
102 2248
103 1386
104 860
105 657
106 466
107 1807
108 1484
109 1758
110 1648
111 1784
112 2194
113 634
114 2319
115 470
116 1082
117 1096
118 1601
119 2468
120 532
121 983
122 1340
123 863
124 2270
125 304
126 2429
127 2298
128 3
129 1851
130 1850
131 2208
132 2331
133 2262
134 782
135 2441
136 1451
137 1196
138 323
139 673
140 2110
141 2112
142 2980
143 35
144 2274
145 2206
146 1830
147 1002
148 2735
149 1830
150 2829
151 256
152 1048
153 2125
154 99
155 775
156 103
157 2613
158 2682
159 1926
160 2492
161 1962
162 389
163 1242
164 2290
165 837
166 2424
167 2802
168 2110
169 122
170 146
171 863
172 2232
173 1740
174 804
175 2449
176 2984
177 2664
178 969
179 368
180 2716
181 2381
182 646
183 2497
184 1287
185 2880
186 2736
187 343
188 1279
189 1898
190 2168
191 2151
192 538
193 2999
194 2607
195 2344
196 1045
197 1026
198 11
199 2562
200 1960
201 2507
202 2888
203 2318
204 2568
205 359
206 2764
207 838
208 392
209 151
210 2220
211 1676
212 1198
213 2208
214 547
215 1239
216 1659
217 927
218 2460
219 178
220 999
221 49
222 2630
223 276
224 2909
225 337
226 1913
227 1603
228 2063
229 152
230 2855
231 1877
232 807
233 2856
234 580
235 1635
236 2623
237 2624
238 1837
239 222
240 2468
241 981
242 518
243 1226
244 1689
245 651
246 198
247 214
248 84
249 256
250 2751
251 2037
252 886
253 1093
254 263
255 1874
256 2525
257 1310
258 1224
259 2210
260 1873
261 307
262 2959
263 1896
264 2178
265 1515
266 675
267 413
268 1014
269 579
270 2451
271 2714
272 2543
273 2290
274 2157
275 2759
276 1217
277 1834
278 2414
279 1569
280 1337
281 1543
282 508
283 1589
284 2324
285 1452
286 2261
287 1391
288 1015
289 397
290 1834
291 2190
292 1548
293 2241
294 1670
295 731
296 2664
297 847
298 153
299 608
300 1361
301 2116
302 1791
303 1068
304 2980
305 2901
306 1201
307 985
308 2503
309 2969
310 1260
311 31
312 17
313 1702
314 659
315 1567
316 578
317 2532
318 2779
319 699
320 958
321 1362
322 856
323 1611
324 2904
325 373
326 703
327 1600
328 82
329 831
330 2918
331 2371
332 849
333 334
334 371
335 42
336 853
337 2735
338 1451
339 1140
340 1804
341 215
342 2970
343 2021
344 483
345 1464
346 171
347 2026
348 2332
349 482
350 2705
351 1688
352 67
353 834
354 27
355 1541
356 197
357 2926
358 5
359 2898
360 1948
361 1926
362 1243
363 212
364 2129
365 206
366 1437
367 1327
368 1009
369 629
370 2832
371 1445
372 1808
373 1867
374 1273
375 1908
376 1118
377 2917
378 787
379 2724
380 357
381 2971
382 45
383 288
384 1683
385 1875
386 718
387 2022
388 194
389 1757
390 969
391 2561
392 569
393 1111
394 2122
395 2659
396 477
397 1990
398 860
399 1111
400 1209
401 111
402 2248
403 2741
404 2625
405 654
406 2961
407 2505
408 1523
409 2978
410 2118
411 481
412 1686
413 1601
414 1761
415 1775
416 543
417 739
418 45
419 2219
420 43
421 2369
422 904
423 1068
424 1782
425 1704
426 1933
427 1310
428 1634
429 607
430 2849
431 634
432 2737
433 1587
434 1986
435 813
436 2442
437 356
438 164
439 1007
440 959
441 946
442 1403
443 1249
444 545
445 560
446 134
447 1965
448 1385
449 606
450 1461
451 462
452 1641
453 2441
454 2228
455 36
456 1887
457 1726
458 2171
459 2788
460 2472
461 744
462 2745
463 1793
464 1196
465 1711
466 2488
467 784
468 1246
469 311
470 2785
471 543
472 1440
473 2599
474 2535
475 418
476 729
477 1446
478 1799
479 2977
480 2321
481 833
482 2339
483 1840
484 1562
485 1331
486 2028
487 965
488 2818
489 35
490 335
491 912
492 1057
493 1062
494 1351
495 1753
496 1341
497 2315
498 926
499 2380
500 1135
501 242
502 1075
503 479
504 1417
505 2656
506 1975
507 2632
508 2134
509 1177
510 1090
511 562
512 2507
513 894
514 744
515 2694
516 2421
517 928
518 2399
519 2788
520 2526
521 1643
522 394
523 1208
524 2007
525 1662
526 2548
527 1213
528 604
529 2616
530 444
531 2765
532 242
533 491
534 2116
535 2447
536 707
537 2906
538 2508
539 1341
540 2552
541 2546
542 762
543 154
544 1763
545 2847
546 350
547 124
548 1721
549 1679
550 2629
551 559
552 581
553 1764
554 2718
555 1969
556 3000
557 1481
558 2556
559 1841
560 713
561 1499
562 62
563 777
564 1501
565 447
566 1732
567 2146
568 1635
569 2299
570 1822
571 2685
572 1786
573 39
574 325
575 840
576 32
577 2414
578 1499
579 2435
580 2303
581 2546
582 470
583 668
584 108
585 1979
586 548
587 611
588 75
589 325
590 1224
591 1587
592 1001
593 471
594 223
595 1406
596 553
597 515
598 2328
599 1163
600 1903
601 2201
602 1401
603 2439
604 2359
605 1112
606 1935
607 127
608 551
609 2038
610 1530
611 1126
612 913
613 2754
614 2065
615 502
616 2686
617 382
618 1106
619 2425
620 1330
621 741
622 2553
623 1961
624 1596
625 1747
626 2819
627 99
628 2637
629 421
630 1873
631 2167
632 1236
633 1891
634 1661
635 257
636 2425
637 2965
638 1991
639 1315
640 570
641 222
642 280
643 1377
644 142
645 1770
646 798
647 2336
648 744
649 1126
650 2455
651 1952
652 351
653 1355
654 662
655 2417
656 164
657 1058
658 1576
659 301
660 1522
661 1865
662 509
663 2206
664 2196
665 952
666 1858
667 248
668 1196
669 1362
670 983
671 1296
672 981
673 437
674 793
675 2300
676 1497
677 2844
678 2361
679 818
680 1121
681 867
682 2471
683 697
684 709
685 8
686 1835
687 1070
688 552
689 2994
690 820
691 1509
692 581
693 905
694 1137
695 2945
696 2655
697 1468
698 2012
699 1602
700 992
701 471
702 2494
703 1328
704 1565
705 974
706 512
707 483
708 2270
709 2255
710 2470
711 2641
712 2020
713 113
714 2866
715 1055
716 2362
717 2775
718 2321
719 211
720 2729
721 315
722 1740
723 2990
724 895
725 1936
726 2181
727 711
728 2185
729 1784
730 331
731 1501
732 816
733 2195
734 1205
735 1366
736 1428
737 680
738 1014
739 2279
740 561
741 1653
742 1373
743 364
744 1353
745 2096
746 1072
747 323
748 136
749 2587
750 2603
751 2307
752 2046
753 510
754 2158
755 1123
756 1119
757 2650
758 2923
759 1742
760 1720
761 2516
762 831
763 1189
764 1264
765 1782
766 352
767 467
768 858
769 2975
770 2901
771 2670
772 159
773 1883
774 380
775 2176
776 200
777 1841
778 1518
779 2145
780 2444
781 66
782 1053
783 1803
784 1995
785 1349
786 424
787 1395
788 1987
789 1091
790 2422
791 2429
792 1247
793 2349
794 1857
795 251
796 45
797 1673
798 694
799 2068
800 1629
801 451
802 1516
803 451
804 2961
805 2731
806 670
807 2045
808 1199
809 2681
810 2207
811 2617
812 536
813 2161
814 415
815 2518
816 126
817 2971
818 357
819 2398
820 1951
821 2304
822 2791
823 2637
824 683
825 844
826 2023
827 2996
828 1395
829 1453
830 2911
831 1634
832 2246
833 804
834 984
835 646
836 1144
837 2000
838 2986
839 1014
840 2057
841 43
842 1565
843 1440
844 1915
845 945
846 1196
847 2847
848 2288
849 2470
850 1001
851 223
852 1206
853 2980
854 1934
855 1890
856 2568
857 1545
858 2264
859 1046
860 1284
861 23
862 2999
863 2357
864 647
865 156
866 339
867 1651
868 2698
869 2429
870 560
871 1240
872 2401
873 2110
874 292
875 2139
876 1791
877 1689
878 1001
879 367
880 168
881 332
882 2666
883 229
884 1147
885 1755
886 2602
887 1465
888 833
889 2343
890 1473
891 2113
892 1658
893 2664
894 200
895 199
896 286
897 1189
898 110
899 856
900 1196
901 591
902 1675
903 2413
904 77
905 311
906 1817
907 147
908 1276
909 2818
910 1880
911 1711
912 2951
913 2219
914 2495
915 452
916 2334
917 1110
918 1698
919 52
920 1402
921 162
922 1487
923 155
924 2808
925 707
926 2921
927 563
928 1303
929 341
930 2951

