635 20
0 1685
1 2706
2 1587
3 604
4 2801
5 1338
6 873
7 2736
8 2975
9 2650
10 2239
11 1887
12 1834
13 55
14 2244
15 2518
16 1194
17 149
18 2365
19 2348
20 270
21 213
22 1008
23 2886
24 2165
25 326
26 2378
27 285
28 2375
29 936
30 2861
31 2169
32 2836
33 347
34 2524
35 23
36 1188
37 1863
38 2759
39 374
40 557
41 632
42 1928
43 1003
44 2941
45 1789
46 195
47 2584
48 1257
49 1904
50 1310
51 2753
52 721
53 907
54 610
55 2641
56 2805
57 2334
58 23
59 2812
60 2086
61 687
62 492
63 307
64 29
65 485
66 2068
67 852
68 2091
69 119
70 1985
71 2595
72 1383
73 1845
74 362
75 1399
76 1057
77 630
78 1808
79 2800
80 256
81 2021
82 30
83 372
84 2309
85 1522
86 1178
87 2226
88 2123
89 2480
90 1198
91 2496
92 1494
93 2445
94 1077
95 2674
96 918
97 971
98 2158
99 1873
100 2388
101 260
102 719
103 2498
104 58
105 1409
106 2588
107 353
108 2982
109 2502
110 1398
111 226
112 2387
113 1316
114 1334
115 1525
116 1573
117 2458
118 2058
119 1820
120 2160
121 1209
122 2506
123 549
124 48
125 147
126 924
127 2741
128 354
129 1743
130 2232
131 2263
132 1159
133 2810
134 2129
135 1423
136 1091
137 812
138 1151
139 2740
140 1324
141 2614
142 1279
143 1198
144 185
145 2405
146 910
147 605
148 701
149 2434
150 2976
151 2024
152 2519
153 1171
154 1777
155 2185
156 1924
157 1055
158 1142
159 427
160 2134
161 2871
162 642
163 824
164 2489
165 1695
166 1495
167 2848
168 2929
169 2126
170 1397
171 2017
172 882
173 1052
174 1079
175 55
176 496
177 2269
178 87
179 179
180 509
181 1947
182 755
183 305
184 2011
185 2157
186 1895
187 1723
188 2993
189 2426
190 1713
191 1724
192 1503
193 2003
194 412
195 2049
196 338
197 2657
198 503
199 1543
200 1190
201 1079
202 1974
203 1875
204 313
205 991
206 128
207 2337
208 567
209 185
210 752
211 1320
212 200
213 1643
214 2986
215 1339
216 1655
217 1573
218 1992
219 1348
220 298
221 783
222 1435
223 1643
224 2709
225 2143
226 2775
227 758
228 2601
229 2745
230 2225
231 615
232 2078
233 345
234 2837
235 2401
236 2884
237 1138
238 852
239 1042
240 2097
241 603
242 1197
243 2413
244 1592
245 1541
246 2748
247 559
248 1165
249 1231
250 2226
251 2906
252 2089
253 420
254 1676
255 250
256 16
257 2098
258 2742
259 2291
260 2441
261 1028
262 1907
263 1451
264 2927
265 1050
266 2132
267 1091
268 1733
269 519
270 347
271 534
272 2119
273 1244
274 810
275 2548
276 251
277 1048
278 2314
279 2422
280 2210
281 2436
282 1749
283 480
284 2769
285 2371
286 2699
287 1216
288 874
289 153
290 1799
291 1994
292 1910
293 1835
294 2248
295 2665
296 427
297 2410
298 803
299 60
300 1850
301 1242
302 967
303 2459
304 1025
305 312
306 2
307 2799
308 389
309 2921
310 685
311 668
312 1895
313 794
314 1603
315 2855
316 2385
317 1580
318 1109
319 2057
320 2482
321 1264
322 842
323 2703
324 504
325 1674
326 453
327 611
328 2441
329 2839
330 2908
331 2453
332 204
333 1626
334 1445
335 365
336 1571
337 2336
338 2795
339 1323
340 2014
341 2105
342 2800
343 1881
344 1102
345 2904
346 113
347 691
348 2337
349 960
350 153
351 2315
352 603
353 351
354 2502
355 595
356 1093
357 2078
358 2532
359 2994
360 2238
361 284
362 2327
363 165
364 2118
365 316
366 450
367 1060
368 1832
369 536
370 1988
371 2974
372 600
373 238
374 2278
375 2455
376 2012
377 1829
378 984
379 2779
380 562
381 1234
382 2899
383 446
384 1472
385 1634
386 2310
387 519
388 2747
389 2722
390 671
391 480
392 1837
393 874
394 2973
395 625
396 600
397 1321
398 2757
399 1192
400 1064
401 2954
402 983
403 2369
404 2094
405 2823
406 2013
407 119
408 1939
409 951
410 2330
411 1148
412 1965
413 1969
414 638
415 1639
416 420
417 85
418 2381
419 151
420 1984
421 2785
422 1293
423 2582
424 1688
425 992
426 1815
427 2075
428 2144
429 1903
430 489
431 953
432 1998
433 1545
434 2564
435 1279
436 1467
437 760
438 2890
439 1294
440 2230
441 2062
442 689
443 977
444 2033
445 126
446 1370
447 239
448 1086
449 1128
450 1865
451 234
452 2011
453 1238
454 1408
455 2736
456 1535
457 1395
458 427
459 2775
460 2033
461 1746
462 599
463 2457
464 671
465 123
466 109
467 2124
468 2260
469 2237
470 2633
471 12
472 1516
473 2086
474 1240
475 2672
476 700
477 2653
478 2757
479 165
480 468
481 1990
482 1602
483 1158
484 1243
485 1456
486 233
487 2103
488 475
489 2833
490 934
491 1453
492 773
493 1941
494 2459
495 118
496 1926
497 1046
498 2404
499 312
500 2677
501 2754
502 296
503 2349
504 578
505 816
506 2838
507 1123
508 2538
509 2117
510 1597
511 1378
512 2295
513 620
514 448
515 2748
516 983
517 1958
518 403
519 2273
520 736
521 2400
522 2069
523 2911
524 638
525 244
526 1898
527 2905
528 212
529 635
530 2264
531 29
532 2107
533 919
534 1543
535 1351
536 485
537 859
538 983
539 946
540 1104
541 408
542 2009
543 2902
544 2360
545 1495
546 2336
547 804
548 615
549 1231
550 2613
551 1279
552 811
553 1881
554 53
555 1691
556 2959
557 2140
558 777
559 2641
560 192
561 2826
562 1933
563 1380
564 1784
565 2616
566 2959
567 2342
568 1909
569 2059
570 129
571 2303
572 21
573 950
574 1751
575 2395
576 105
577 1268
578 2874
579 2098
580 185
581 2188
582 2794
583 2791
584 2588
585 353
586 2033
587 2339
588 1072
589 1144
590 1402
591 843
592 1462
593 2284
594 1353
595 1919
596 1656
597 22
598 2686
599 1717
600 983
601 195
602 2727
603 1120
604 1437
605 352
606 2447
607 774
608 557
609 2151
610 928
611 35
612 2254
613 504
614 585
615 1090
616 2925
617 474
618 278
619 586
620 234
621 16
622 1262
623 1206
624 188
625 1754
626 332
627 1686
628 578
629 388
630 1531
631 1480
632 2040
633 763
634 279

