471 53
0 2150
1 1001
2 354
3 2816
4 1021
5 33
6 1250
7 2290
8 807
9 1976
10 237
11 488
12 2115
13 2290
14 1706
15 958
16 845
17 268
18 2205
19 1080
20 796
21 339
22 2592
23 2955
24 2041
25 620
26 2802
27 764
28 2520
29 649
30 1982
31 2494
32 515
33 2272
34 194
35 634
36 1094
37 213
38 1095
39 503
40 1079
41 928
42 747
43 150
44 1125
45 1186
46 2174
47 2333
48 2711
49 1247
50 1685
51 2887
52 1303
53 1322
54 1886
55 365
56 1383
57 1183
58 2901
59 2812
60 2148
61 126
62 2983
63 1376
64 547
65 1238
66 348
67 2297
68 1202
69 2423
70 1012
71 2022
72 1045
73 994
74 1780
75 2293
76 2084
77 1143
78 806
79 1336
80 1645
81 285
82 346
83 1585
84 2683
85 1712
86 766
87 693
88 1236
89 2029
90 1506
91 894
92 1200
93 1497
94 3
95 1086
96 2637
97 2247
98 2046
99 1873
100 1478
101 1963
102 2761
103 951
104 152
105 1032
106 1142
107 930
108 865
109 2388
110 1367
111 774
112 1212
113 40
114 218
115 915
116 2808
117 272
118 8
119 2225
120 1656
121 1812
122 1627
123 1531
124 1399
125 2637
126 1710
127 744
128 2765
129 1548
130 322
131 1082
132 1414
133 1598
134 1288
135 2868
136 1916
137 787
138 905
139 378
140 963
141 935
142 1359
143 2872
144 2437
145 2667
146 1702
147 1715
148 452
149 2482
150 1884
151 2454
152 1777
153 2856
154 2076
155 2571
156 1671
157 566
158 1508
159 941
160 2294
161 2809
162 1233
163 2090
164 1357
165 1815
166 1794
167 1466
168 2433
169 754
170 1232
171 885
172 718
173 1033
174 1332
175 79
176 653
177 1809
178 2417
179 1737
180 555
181 2224
182 2117
183 2407
184 2127
185 2434
186 2439
187 159
188 1745
189 71
190 798
191 104
192 2542
193 2832
194 2022
195 2072
196 887
197 2005
198 2343
199 821
200 193
201 2688
202 2643
203 2006
204 2645
205 2438
206 2347
207 2919
208 1042
209 2969
210 2663
211 1487
212 1665
213 85
214 2237
215 2494
216 321
217 204
218 1392
219 1487
220 1615
221 2148
222 1122
223 616
224 2971
225 2568
226 357
227 2768
228 1103
229 2818
230 1324
231 1710
232 258
233 2966
234 1107
235 2953
236 1533
237 842
238 1070
239 2180
240 1255
241 262
242 2437
243 146
244 1933
245 1696
246 2900
247 2957
248 2752
249 2015
250 2023
251 2529
252 715
253 544
254 25
255 1675
256 2637
257 2631
258 48
259 1370
260 1982
261 1691
262 1989
263 2398
264 2853
265 876
266 1003
267 56
268 2161
269 1839
270 2963
271 1290
272 1630
273 2417
274 1743
275 1108
276 2535
277 823
278 2698
279 2105
280 2446
281 587
282 2600
283 2662
284 2905
285 1362
286 266
287 1198
288 991
289 2822
290 1615
291 1873
292 2060
293 2958
294 661
295 952
296 2083
297 981
298 290
299 500
300 2458
301 419
302 1408
303 488
304 639
305 1294
306 467
307 149
308 2999
309 1700
310 426
311 1288
312 2093
313 1390
314 189
315 1229
316 1177
317 2324
318 650
319 2416
320 679
321 991
322 2058
323 179
324 663
325 61
326 1919
327 1859
328 377
329 1793
330 692
331 1253
332 2389
333 2957
334 2472
335 1120
336 1130
337 2325
338 1762
339 950
340 2397
341 1543
342 1249
343 1221
344 2593
345 1957
346 1420
347 186
348 2442
349 2246
350 2992
351 63
352 353
353 2908
354 2656
355 2251
356 484
357 2428
358 934
359 810
360 704
361 2118
362 1728
363 2132
364 1668
365 2781
366 958
367 2090
368 409
369 2493
370 1822
371 1708
372 2487
373 1920
374 577
375 2472
376 510
377 2281
378 2073
379 373
380 243
381 1142
382 885
383 1202
384 2483
385 1790
386 2737
387 963
388 2622
389 244
390 737
391 1895
392 1531
393 1316
394 530
395 1020
396 886
397 2174
398 1286
399 2256
400 1724
401 2762
402 197
403 1794
404 1083
405 2140
406 2987
407 462
408 1589
409 1649
410 1986
411 592
412 0
413 2219
414 1381
415 306
416 1978
417 132
418 199
419 2889
420 1660
421 1091
422 2497
423 76
424 353
425 1672
426 428
427 1589
428 184
429 1342
430 1479
431 965
432 781
433 891
434 194
435 2847
436 146
437 459
438 2685
439 1385
440 507
441 1142
442 124
443 1744
444 2100
445 743
446 693
447 681
448 1943
449 2233
450 1120
451 1093
452 2321
453 2141
454 83
455 65
456 1969
457 955
458 2612
459 1417
460 2873
461 620
462 498
463 1716
464 390
465 2474
466 439
467 1355
468 435
469 219
470 1239

