729 29
0 1825
1 1188
2 2641
3 1431
4 396
5 445
6 2387
7 1420
8 1814
9 1514
10 2175
11 70
12 1061
13 2557
14 2458
15 1581
16 351
17 2412
18 27
19 427
20 1905
21 1614
22 261
23 0
24 750
25 1430
26 2795
27 2448
28 2411
29 2758
30 2876
31 2234
32 169
33 1788
34 2837
35 948
36 598
37 733
38 1182
39 2639
40 908
41 1913
42 622
43 1284
44 2865
45 2830
46 2262
47 2452
48 516
49 2868
50 1099
51 2707
52 1812
53 2883
54 861
55 2660
56 125
57 2803
58 2292
59 360
60 1778
61 2428
62 262
63 2212
64 2359
65 1272
66 2584
67 1912
68 684
69 414
70 49
71 784
72 1284
73 2283
74 2403
75 463
76 470
77 2901
78 215
79 1742
80 524
81 417
82 2602
83 565
84 1627
85 1672
86 2673
87 175
88 2663
89 84
90 2996
91 1329
92 1778
93 371
94 1504
95 2169
96 715
97 713
98 1151
99 1827
100 5
101 1193
102 1546
103 2629
104 610
105 410
106 392
107 1098
108 513
109 904
110 2549
111 231
112 741
113 2865
114 2349
115 1882
116 35
117 1680
118 1013
119 26
120 1864
121 2435
122 489
123 1587
124 2451
125 923
126 2253
127 912
128 2713
129 1842
130 2559
131 2886
132 466
133 2734
134 275
135 416
136 1431
137 2629
138 796
139 2072
140 777
141 2474
142 1341
143 2909
144 1729
145 2983
146 95
147 356
148 2966
149 1071
150 923
151 1151
152 330
153 283
154 2508
155 1612
156 929
157 236
158 2740
159 2437
160 1131
161 756
162 2815
163 1177
164 647
165 2050
166 1946
167 110
168 143
169 445
170 1096
171 250
172 714
173 1166
174 1017
175 1786
176 74
177 923
178 1616
179 255
180 1148
181 135
182 2171
183 1035
184 2232
185 2213
186 2526
187 872
188 704
189 58
190 106
191 97
192 1996
193 1377
194 1545
195 563
196 2200
197 1002
198 303
199 774
200 2244
201 777
202 1904
203 1274
204 1360
205 965
206 1875
207 544
208 2792
209 2940
210 1300
211 2360
212 377
213 599
214 2421
215 980
216 1980
217 2447
218 365
219 1295
220 340
221 1369
222 291
223 2937
224 487
225 1735
226 837
227 2054
228 2233
229 2222
230 901
231 119
232 2296
233 2253
234 2792
235 1587
236 1333
237 1564
238 897
239 1306
240 1418
241 529
242 1708
243 2350
244 1974
245 1458
246 1477
247 1140
248 1614
249 987
250 889
251 1124
252 2234
253 963
254 1961
255 1346
256 642
257 2142
258 673
259 1172
260 305
261 1737
262 65
263 992
264 259
265 2080
266 965
267 766
268 1173
269 1872
270 1171
271 1726
272 291
273 1804
274 2579
275 630
276 2127
277 2446
278 2044
279 984
280 1204
281 458
282 2623
283 2764
284 1131
285 1251
286 1192
287 782
288 1001
289 1226
290 1328
291 2547
292 763
293 1330
294 237
295 226
296 1450
297 524
298 2716
299 2464
300 323
301 1612
302 1541
303 2307
304 1563
305 2293
306 2229
307 1025
308 598
309 2970
310 269
311 1448
312 1852
313 2988
314 2995
315 599
316 2453
317 2208
318 2670
319 474
320 1969
321 2933
322 1953
323 1564
324 2273
325 231
326 1975
327 2771
328 1395
329 625
330 2705
331 2293
332 2507
333 1270
334 246
335 569
336 586
337 1101
338 185
339 840
340 2590
341 1720
342 2013
343 1195
344 809
345 2063
346 1243
347 781
348 2275
349 726
350 1398
351 947
352 1759
353 654
354 2591
355 1844
356 1687
357 1354
358 2493
359 1956
360 2760
361 2749
362 2621
363 580
364 1579
365 2619
366 2163
367 2157
368 340
369 2587
370 1263
371 1910
372 50
373 926
374 2624
375 356
376 1548
377 2500
378 2420
379 288
380 2905
381 1024
382 793
383 764
384 1348
385 214
386 1662
387 1739
388 1574
389 1036
390 2057
391 2425
392 2188
393 2353
394 2957
395 2936
396 49
397 938
398 5
399 1279
400 811
401 1108
402 2162
403 130
404 2773
405 2373
406 2127
407 2324
408 816
409 1987
410 1298
411 1123
412 2647
413 243
414 572
415 341
416 2190
417 1893
418 687
419 1277
420 2551
421 2312
422 455
423 2194
424 2915
425 2416
426 644
427 341
428 2668
429 1390
430 1757
431 2066
432 2382
433 2863
434 1797
435 1611
436 1072
437 1600
438 2445
439 1016
440 2597
441 1307
442 2829
443 2586
444 2121
445 156
446 2182
447 2275
448 1449
449 344
450 2427
451 1546
452 1096
453 1159
454 1197
455 884
456 247
457 1183
458 163
459 2096
460 492
461 2330
462 2228
463 2067
464 1478
465 1983
466 1426
467 263
468 2804
469 101
470 1758
471 112
472 2354
473 2835
474 2591
475 2548
476 40
477 506
478 1120
479 2699
480 1810
481 1202
482 545
483 148
484 56
485 2334
486 1697
487 2476
488 339
489 2166
490 1258
491 2588
492 189
493 973
494 2065
495 732
496 934
497 2976
498 1417
499 1493
500 1211
501 801
502 2176
503 94
504 2722
505 963
506 2125
507 872
508 94
509 817
510 1780
511 2433
512 2994
513 1211
514 1739
515 2058
516 567
517 486
518 473
519 354
520 1616
521 618
522 1413
523 2001
524 1066
525 762
526 1753
527 26
528 1836
529 1360
530 1444
531 2289
532 322
533 2365
534 188
535 869
536 558
537 81
538 2109
539 1156
540 823
541 2793
542 1290
543 1829
544 1531
545 1488
546 2682
547 1670
548 1482
549 651
550 2615
551 2331
552 448
553 2389
554 340
555 1688
556 2234
557 1607
558 1500
559 710
560 2377
561 2292
562 500
563 2575
564 2753
565 237
566 1777
567 516
568 466
569 1330
570 741
571 488
572 1841
573 1019
574 2713
575 376
576 627
577 223
578 1425
579 1154
580 2015
581 1363
582 1855
583 935
584 1358
585 2090
586 1650
587 174
588 2015
589 2660
590 2156
591 1823
592 904
593 2206
594 2678
595 603
596 969
597 2738
598 1959
599 1733
600 2410
601 2034
602 2998
603 536
604 993
605 1088
606 2845
607 1497
608 370
609 1033
610 2514
611 1870
612 47
613 1817
614 660
615 208
616 1738
617 1046
618 811
619 2483
620 1374
621 239
622 37
623 2159
624 550
625 2315
626 230
627 2011
628 621
629 2998
630 1463
631 145
632 1356
633 2050
634 216
635 629
636 1699
637 2265
638 1001
639 1422
640 1358
641 2843
642 2777
643 873
644 992
645 787
646 1822
647 546
648 1044
649 2399
650 455
651 1191
652 1219
653 276
654 52
655 1160
656 418
657 195
658 900
659 669
660 447
661 2328
662 1687
663 2245
664 1771
665 2324
666 1492
667 1061
668 1902
669 50
670 2268
671 792
672 2476
673 495
674 790
675 967
676 2358
677 2729
678 1402
679 571
680 1200
681 66
682 1100
683 144
684 1417
685 382
686 2555
687 624
688 615
689 836
690 2932
691 1203
692 21
693 2974
694 989
695 2402
696 164
697 2272
698 2474
699 690
700 2025
701 2614
702 590
703 2558
704 1078
705 321
706 2501
707 2354
708 210
709 3
710 2377
711 2275
712 83
713 2977
714 1340
715 2100
716 2066
717 2514
718 2939
719 730
720 992
721 1552
722 27
723 233
724 1126
725 2941
726 952
727 2731
728 1849

