671 16
0 2993
1 2870
2 2398
3 1607
4 250
5 772
6 216
7 2561
8 1038
9 187
10 2509
11 2104
12 100
13 876
14 623
15 2588
16 381
17 1218
18 2025
19 1416
20 2479
21 1174
22 948
23 282
24 1509
25 1768
26 2671
27 2565
28 1739
29 1943
30 2369
31 1566
32 1182
33 708
34 2840
35 2285
36 2194
37 2685
38 956
39 745
40 1291
41 995
42 2652
43 1048
44 1235
45 366
46 2141
47 1801
48 1877
49 454
50 888
51 1523
52 1473
53 2369
54 2051
55 1843
56 513
57 1
58 2483
59 170
60 1453
61 267
62 1630
63 847
64 2470
65 2762
66 745
67 2057
68 1450
69 454
70 750
71 915
72 1873
73 542
74 1524
75 21
76 371
77 219
78 1476
79 703
80 2711
81 728
82 2671
83 1709
84 1387
85 210
86 474
87 1254
88 1256
89 1748
90 176
91 1520
92 452
93 597
94 1985
95 926
96 2198
97 1846
98 1858
99 2606
100 1492
101 1718
102 1023
103 2325
104 32
105 750
106 242
107 2718
108 2718
109 609
110 2785
111 2139
112 2853
113 779
114 1786
115 1091
116 817
117 1226
118 2298
119 1409
120 1317
121 660
122 1534
123 1163
124 2689
125 1963
126 1432
127 389
128 388
129 1475
130 1052
131 988
132 456
133 604
134 1628
135 1126
136 889
137 2047
138 983
139 636
140 441
141 1639
142 2559
143 2977
144 1640
145 778
146 1534
147 1161
148 389
149 1071
150 2792
151 2530
152 399
153 1714
154 207
155 641
156 1546
157 646
158 894
159 1920
160 250
161 2150
162 1643
163 1263
164 6
165 1963
166 1607
167 891
168 1567
169 2897
170 1582
171 2648
172 419
173 2605
174 2187
175 1571
176 2596
177 1789
178 772
179 695
180 2461
181 2957
182 663
183 986
184 2234
185 2893
186 703
187 2300
188 1111
189 590
190 2297
191 430
192 303
193 1349
194 1161
195 2581
196 1505
197 852
198 1458
199 1458
200 2232
201 1065
202 388
203 2980
204 795
205 527
206 2909
207 1940
208 291
209 1136
210 513
211 1620
212 2447
213 2292
214 1244
215 1196
216 324
217 2788
218 1079
219 779
220 1696
221 572
222 188
223 1215
224 140
225 2052
226 2274
227 1834
228 2499
229 1014
230 561
231 968
232 328
233 2148
234 1379
235 283
236 284
237 2385
238 85
239 1282
240 2984
241 2998
242 1979
243 753
244 177
245 175
246 1513
247 576
248 2843
249 2925
250 881
251 121
252 2382
253 92
254 888
255 152
256 2354
257 2235
258 2069
259 1921
260 2738
261 964
262 2574
263 1288
264 967
265 2594
266 675
267 2062
268 1552
269 1300
270 2567
271 1928
272 1
273 1292
274 1980
275 1884
276 1629
277 1154
278 46
279 1065
280 394
281 2901
282 372
283 1329
284 864
285 1190
286 1348
287 2967
288 761
289 1913
290 92
291 1824
292 33
293 2346
294 537
295 152
296 2764
297 1152
298 2049
299 2805
300 998
301 2070
302 2710
303 1988
304 1798
305 2789
306 2744
307 2000
308 1017
309 2602
310 2835
311 2718
312 2642
313 2703
314 2170
315 1172
316 2281
317 2928
318 664
319 1841
320 824
321 2313
322 1993
323 1498
324 1396
325 2383
326 2508
327 299
328 1655
329 2106
330 1484
331 309
332 1326
333 551
334 795
335 895
336 2199
337 750
338 1524
339 758
340 1476
341 306
342 2712
343 1713
344 1692
345 1293
346 625
347 1546
348 1266
349 1225
350 630
351 2859
352 2501
353 2474
354 1239
355 2890
356 388
357 436
358 2432
359 2645
360 2971
361 2428
362 693
363 1717
364 1805
365 2727
366 1221
367 2949
368 974
369 1272
370 639
371 2985
372 1700
373 2664
374 983
375 774
376 1735
377 1858
378 2103
379 164
380 2879
381 2896
382 2593
383 1392
384 78
385 272
386 1637
387 1081
388 392
389 136
390 1194
391 2676
392 1867
393 1834
394 2122
395 800
396 2418
397 993
398 1798
399 1086
400 1962
401 1754
402 458
403 1653
404 2114
405 2022
406 2314
407 977
408 1070
409 1795
410 2156
411 1576
412 2789
413 360
414 547
415 1543
416 1730
417 2680
418 2378
419 265
420 1952
421 2055
422 2357
423 2092
424 2458
425 101
426 2026
427 2065
428 2571
429 2859
430 1928
431 1687
432 1809
433 238
434 608
435 1791
436 497
437 342
438 159
439 1959
440 330
441 2238
442 1921
443 653
444 126
445 962
446 2252
447 2821
448 429
449 296
450 2109
451 2516
452 1849
453 1190
454 2072
455 2974
456 1119
457 2792
458 33
459 2392
460 2198
461 1808
462 1880
463 1798
464 1229
465 1393
466 711
467 608
468 776
469 1674
470 723
471 1942
472 586
473 1089
474 372
475 380
476 1447
477 2641
478 342
479 2569
480 1624
481 131
482 830
483 166
484 1733
485 1581
486 1974
487 2302
488 2740
489 1295
490 2502
491 777
492 1875
493 692
494 2404
495 2397
496 131
497 243
498 991
499 1259
500 1560
501 1304
502 164
503 2660
504 2782
505 1724
506 1281
507 1783
508 2217
509 740
510 1611
511 2069
512 887
513 893
514 543
515 250
516 1723
517 1485
518 380
519 2772
520 98
521 2971
522 991
523 152
524 1170
525 2046
526 1515
527 653
528 15
529 807
530 861
531 1600
532 539
533 1113
534 1972
535 1453
536 77
537 1611
538 809
539 1078
540 1972
541 2408
542 2358
543 2561
544 79
545 2859
546 160
547 1431
548 2102
549 1907
550 2579
551 898
552 369
553 19
554 279
555 2219
556 2119
557 325
558 421
559 1409
560 1771
561 897
562 959
563 1738
564 2433
565 774
566 1660
567 640
568 1121
569 2050
570 832
571 2910
572 1749
573 220
574 2757
575 1053
576 1579
577 172
578 1053
579 495
580 816
581 847
582 2445
583 981
584 2226
585 2037
586 1978
587 1017
588 207
589 1543
590 441
591 432
592 933
593 2930
594 489
595 1080
596 2031
597 1365
598 2407
599 242
600 859
601 548
602 2102
603 2483
604 2966
605 1282
606 2682
607 2382
608 149
609 1304
610 2859
611 1163
612 2553
613 953
614 1450
615 321
616 2289
617 618
618 1086
619 2496
620 2054
621 1838
622 2011
623 1666
624 2432
625 209
626 203
627 1227
628 1081
629 224
630 2790
631 2577
632 1906
633 2087
634 2616
635 2046
636 1752
637 461
638 2406
639 821
640 197
641 857
642 675
643 2665
644 1530
645 2331
646 1879
647 2074
648 2270
649 514
650 2274
651 2957
652 358
653 790
654 498
655 1788
656 1683
657 755
658 763
659 1021
660 1547
661 1596
662 1242
663 1146
664 1328
665 34
666 245
667 453
668 1816
669 478
670 2651

