231 97
0 632
1 1195
2 2900
3 10
4 894
5 638
6 2019
7 1082
8 2425
9 349
10 1302
11 1182
12 2125
13 934
14 1231
15 99
16 922
17 2998
18 566
19 1028
20 1279
21 2230
22 1235
23 959
24 2980
25 2905
26 981
27 2729
28 2165
29 2693
30 2204
31 2830
32 219
33 255
34 2509
35 2628
36 878
37 1224
38 1415
39 278
40 1344
41 619
42 2946
43 1697
44 1776
45 382
46 2376
47 1249
48 985
49 2702
50 1243
51 2296
52 746
53 1952
54 1278
55 190
56 936
57 2547
58 30
59 2440
60 1600
61 2344
62 1333
63 1815
64 1047
65 2866
66 513
67 2501
68 383
69 460
70 1808
71 1082
72 2639
73 2051
74 2088
75 1471
76 2615
77 349
78 817
79 519
80 1791
81 2838
82 1382
83 2970
84 1251
85 2978
86 2899
87 2429
88 2042
89 2471
90 2418
91 944
92 2235
93 969
94 271
95 1893
96 2956
97 2919
98 1284
99 1050
100 1770
101 347
102 1626
103 2360
104 1751
105 2157
106 1418
107 1716
108 2572
109 918
110 575
111 605
112 2445
113 2717
114 1488
115 1662
116 693
117 2447
118 515
119 2828
120 2648
121 337
122 1747
123 1805
124 167
125 2309
126 1118
127 476
128 2385
129 2046
130 2158
131 615
132 2029
133 1452
134 1539
135 626
136 1565
137 2753
138 2947
139 872
140 448
141 1148
142 973
143 288
144 731
145 409
146 910
147 2621
148 885
149 1243
150 1780
151 343
152 1195
153 2358
154 2870
155 2465
156 2102
157 710
158 1791
159 2858
160 1735
161 2015
162 1508
163 266
164 994
165 1846
166 878
167 253
168 1921
169 2229
170 1863
171 1175
172 840
173 497
174 32
175 696
176 2064
177 1243
178 2753
179 289
180 2439
181 394
182 1812
183 2705
184 1928
185 2943
186 84
187 1384
188 2317
189 242
190 359
191 2857
192 2841
193 1704
194 2744
195 552
196 2576
197 994
198 1654
199 1355
200 759
201 2473
202 1543
203 1976
204 619
205 2378
206 1973
207 1673
208 544
209 2849
210 971
211 1422
212 301
213 2008
214 2224
215 1094
216 1029
217 127
218 2444
219 2213
220 1078
221 1992
222 2646
223 1367
224 2664
225 2053
226 2740
227 2025
228 2263
229 2273
230 2067

