260 85
0 2711
1 1009
2 499
3 2078
4 654
5 1199
6 714
7 374
8 343
9 583
10 1710
11 2384
12 2992
13 479
14 942
15 167
16 1898
17 407
18 1853
19 1484
20 2369
21 241
22 804
23 1715
24 2821
25 1912
26 1766
27 881
28 2101
29 432
30 1823
31 1119
32 767
33 1853
34 1387
35 1307
36 1041
37 2740
38 396
39 1831
40 2399
41 2744
42 664
43 1749
44 629
45 2367
46 1121
47 2971
48 2800
49 603
50 1033
51 2799
52 1610
53 2311
54 2770
55 739
56 963
57 1274
58 2449
59 2763
60 2022
61 1880
62 2021
63 2274
64 2060
65 521
66 1650
67 2782
68 2729
69 1360
70 51
71 2721
72 988
73 2155
74 81
75 2160
76 1894
77 2081
78 104
79 202
80 232
81 1267
82 2402
83 2808
84 1251
85 1830
86 1990
87 2738
88 247
89 1030
90 1506
91 436
92 1108
93 1996
94 709
95 528
96 90
97 797
98 2332
99 1366
100 401
101 2586
102 1984
103 127
104 2538
105 1888
106 2908
107 2491
108 352
109 2626
110 123
111 2510
112 2542
113 405
114 1073
115 429
116 510
117 1476
118 147
119 1183
120 430
121 1126
122 2442
123 1844
124 1248
125 127
126 1187
127 1727
128 1921
129 1792
130 914
131 668
132 744
133 670
134 2342
135 1413
136 821
137 724
138 551
139 941
140 397
141 1006
142 1588
143 463
144 384
145 1894
146 2727
147 1392
148 2545
149 2499
150 1123
151 1396
152 760
153 2867
154 2761
155 621
156 1052
157 959
158 1489
159 2566
160 1416
161 220
162 600
163 2184
164 2216
165 177
166 294
167 2094
168 1644
169 959
170 1286
171 2779
172 1378
173 2663
174 1010
175 2458
176 274
177 728
178 1123
179 2799
180 2235
181 709
182 2634
183 1578
184 631
185 434
186 1976
187 1461
188 285
189 1083
190 2953
191 2607
192 2907
193 1476
194 1355
195 2390
196 2119
197 2756
198 680
199 2874
200 1163
201 2287
202 226
203 1437
204 994
205 1930
206 2087
207 2198
208 618
209 2775
210 1854
211 2390
212 2831
213 1092
214 1775
215 455
216 481
217 2454
218 1979
219 2689
220 2075
221 1619
222 1871
223 1674
224 161
225 2353
226 1437
227 1380
228 1147
229 534
230 724
231 2026
232 1717
233 2446
234 48
235 2660
236 1700
237 1953
238 886
239 915
240 1598
241 613
242 2015
243 2463
244 1890
245 2624
246 188
247 1887
248 2558
249 2007
250 2340
251 2082
252 2046
253 1431
254 762
255 2973
256 2749
257 1805
258 1371
259 1446

