518 23
0 2308
1 1807
2 564
3 2792
4 918
5 1165
6 1451
7 621
8 709
9 2123
10 2876
11 2013
12 518
13 2601
14 406
15 1341
16 1770
17 2979
18 2653
19 966
20 2150
21 176
22 897
23 708
24 1293
25 2986
26 2482
27 2182
28 544
29 601
30 1939
31 2556
32 350
33 728
34 862
35 1217
36 1180
37 46
38 2418
39 1003
40 1332
41 1289
42 2468
43 22
44 2341
45 2313
46 1919
47 436
48 1910
49 1353
50 1281
51 340
52 2901
53 2068
54 2123
55 1632
56 1623
57 589
58 1338
59 1726
60 603
61 2033
62 798
63 921
64 1301
65 873
66 55
67 1151
68 1346
69 1618
70 264
71 2827
72 1442
73 438
74 125
75 1585
76 1281
77 1567
78 2552
79 2417
80 367
81 2993
82 2483
83 2905
84 899
85 2504
86 1554
87 772
88 1667
89 540
90 2362
91 2888
92 186
93 773
94 153
95 2872
96 1400
97 2248
98 2333
99 1192
100 1869
101 514
102 1395
103 2065
104 647
105 171
106 1520
107 2022
108 476
109 1065
110 1435
111 1390
112 1980
113 74
114 840
115 2119
116 1051
117 2809
118 869
119 1553
120 1024
121 872
122 684
123 59
124 1399
125 1766
126 1009
127 2649
128 2638
129 522
130 2293
131 1931
132 1252
133 870
134 1799
135 1898
136 163
137 1711
138 97
139 629
140 1095
141 1637
142 658
143 528
144 2911
145 2692
146 1830
147 2940
148 1142
149 1016
150 1387
151 1008
152 846
153 1873
154 817
155 1772
156 1958
157 1597
158 2716
159 613
160 1556
161 1134
162 1815
163 1626
164 1723
165 1069
166 1422
167 710
168 1418
169 2697
170 90
171 1445
172 1595
173 2034
174 2451
175 766
176 2672
177 2597
178 406
179 1377
180 1071
181 987
182 1797
183 2035
184 2532
185 549
186 2757
187 1802
188 2031
189 1391
190 1546
191 2498
192 996
193 764
194 214
195 2879
196 2984
197 95
198 2717
199 1204
200 615
201 2380
202 2218
203 2990
204 653
205 2542
206 1486
207 676
208 1565
209 1016
210 609
211 2664
212 2350
213 946
214 1668
215 1650
216 2276
217 1482
218 2930
219 2643
220 1684
221 1635
222 1502
223 1989
224 806
225 409
226 867
227 204
228 96
229 1267
230 1887
231 2746
232 2636
233 1918
234 2924
235 1244
236 2472
237 2785
238 443
239 1486
240 406
241 712
242 1322
243 2623
244 2392
245 2989
246 2391
247 375
248 2846
249 2185
250 1737
251 616
252 945
253 721
254 24
255 564
256 2968
257 243
258 2798
259 808
260 1121
261 1655
262 444
263 530
264 1611
265 2959
266 1922
267 2712
268 1315
269 2478
270 2236
271 731
272 1174
273 1283
274 2518
275 678
276 2562
277 609
278 56
279 2216
280 2362
281 1105
282 2717
283 1379
284 277
285 1434
286 2674
287 846
288 1006
289 1894
290 945
291 2372
292 275
293 2883
294 1856
295 2659
296 1902
297 58
298 2235
299 1845
300 2034
301 1716
302 1256
303 170
304 2046
305 717
306 1377
307 1583
308 977
309 2137
310 1064
311 500
312 1706
313 2933
314 2592
315 1339
316 824
317 1274
318 294
319 1207
320 2407
321 1385
322 1891
323 2314
324 2396
325 1054
326 2982
327 15
328 2140
329 2801
330 1564
331 2877
332 487
333 1918
334 1838
335 1081
336 1868
337 2979
338 383
339 1168
340 2741
341 1684
342 1370
343 741
344 1647
345 2559
346 2946
347 1902
348 102
349 155
350 2978
351 1919
352 2636
353 2422
354 2431
355 1064
356 756
357 2286
358 1912
359 2049
360 999
361 1806
362 2622
363 2180
364 2695
365 1642
366 2879
367 1534
368 1038
369 1247
370 682
371 2798
372 2749
373 896
374 978
375 1184
376 2367
377 377
378 1192
379 406
380 2287
381 791
382 1615
383 1950
384 2749
385 2839
386 1915
387 2959
388 1069
389 802
390 2278
391 1699
392 2920
393 1302
394 754
395 2132
396 1920
397 1711
398 1791
399 2185
400 1949
401 557
402 1120
403 2641
404 2316
405 2005
406 2761
407 1702
408 1713
409 379
410 639
411 1781
412 581
413 2613
414 575
415 1207
416 1610
417 1270
418 730
419 2877
420 2615
421 2738
422 86
423 1519
424 1291
425 1958
426 962
427 622
428 2522
429 1391
430 384
431 455
432 2154
433 2461
434 2230
435 2479
436 1681
437 155
438 401
439 82
440 851
441 933
442 468
443 1289
444 989
445 1296
446 2662
447 2702
448 488
449 2599
450 1994
451 2853
452 500
453 2653
454 10
455 1572
456 2663
457 1108
458 2987
459 379
460 797
461 502
462 1196
463 208
464 2401
465 1865
466 1135
467 46
468 2421
469 2132
470 1509
471 279
472 2911
473 1509
474 2110
475 78
476 1995
477 2140
478 2471
479 2542
480 2539
481 520
482 2628
483 578
484 1536
485 1534
486 16
487 2868
488 705
489 1165
490 2539
491 1130
492 2475
493 1586
494 1614
495 553
496 2745
497 2434
498 331
499 383
500 584
501 1445
502 1609
503 2931
504 2910
505 696
506 1226
507 1801
508 94
509 365
510 2638
511 1429
512 1442
513 2880
514 1136
515 768
516 282
517 986

