334 50
0 2632
1 519
2 1115
3 271
4 188
5 1821
6 799
7 1649
8 2241
9 1838
10 1848
11 353
12 1602
13 499
14 2706
15 1959
16 513
17 1801
18 2434
19 1891
20 2601
21 2834
22 2541
23 2454
24 2277
25 1289
26 1708
27 2589
28 2337
29 2047
30 125
31 665
32 1615
33 2390
34 2544
35 686
36 1491
37 1525
38 983
39 1687
40 626
41 1845
42 2792
43 307
44 2189
45 2414
46 1775
47 1286
48 2277
49 1608
50 701
51 1212
52 933
53 2377
54 950
55 887
56 1212
57 2479
58 1374
59 416
60 1195
61 1594
62 2644
63 2126
64 2777
65 2171
66 974
67 84
68 892
69 1252
70 2614
71 2639
72 1905
73 2439
74 1769
75 909
76 1048
77 143
78 2094
79 2813
80 2826
81 2330
82 1865
83 356
84 147
85 2436
86 718
87 93
88 1115
89 1490
90 1699
91 1190
92 1308
93 2956
94 543
95 1530
96 1622
97 2048
98 2446
99 2410
100 953
101 135
102 46
103 2876
104 940
105 2473
106 677
107 1856
108 1813
109 116
110 1387
111 2890
112 1514
113 1133
114 2541
115 1345
116 471
117 2526
118 1088
119 1189
120 1777
121 1305
122 2961
123 2737
124 2056
125 270
126 223
127 1611
128 2766
129 2078
130 2555
131 1941
132 2319
133 904
134 2703
135 1943
136 1984
137 798
138 2735
139 123
140 913
141 1293
142 1141
143 193
144 2167
145 1628
146 2644
147 1493
148 1557
149 2359
150 2168
151 1940
152 989
153 2924
154 1848
155 1541
156 85
157 2630
158 2512
159 2598
160 156
161 2199
162 1313
163 1273
164 629
165 1365
166 422
167 1937
168 1756
169 137
170 2788
171 118
172 2291
173 2082
174 2635
175 1905
176 2365
177 515
178 675
179 1304
180 2921
181 1157
182 486
183 727
184 2948
185 2394
186 1709
187 1639
188 1274
189 2293
190 2899
191 2536
192 2418
193 2987
194 1671
195 46
196 2952
197 1597
198 1945
199 2339
200 1048
201 707
202 2465
203 601
204 1181
205 530
206 199
207 2356
208 2213
209 832
210 267
211 1308
212 410
213 221
214 1848
215 1681
216 194
217 922
218 1730
219 1735
220 1986
221 740
222 783
223 162
224 1549
225 395
226 1
227 1157
228 217
229 2833
230 2438
231 1777
232 329
233 583
234 2276
235 2181
236 1253
237 2325
238 2132
239 508
240 1201
241 18
242 2032
243 370
244 2192
245 1690
246 1006
247 2819
248 1238
249 401
250 2907
251 628
252 2568
253 1186
254 1138
255 2895
256 1728
257 467
258 1600
259 2808
260 1703
261 2762
262 716
263 1567
264 1009
265 1019
266 1350
267 2849
268 1068
269 2616
270 852
271 2936
272 541
273 2873
274 21
275 1538
276 1060
277 2571
278 2691
279 2574
280 1336
281 2079
282 1865
283 567
284 2528
285 1538
286 2503
287 2544
288 2583
289 1936
290 2345
291 1191
292 2987
293 1796
294 1057
295 1181
296 1033
297 632
298 940
299 440
300 2448
301 1164
302 1290
303 1806
304 698
305 818
306 176
307 1611
308 2628
309 1800
310 301
311 1684
312 1925
313 2283
314 1969
315 2496
316 492
317 1335
318 2728
319 2451
320 1419
321 2669
322 1947
323 1969
324 271
325 101
326 1870
327 149
328 852
329 2847
330 2760
331 1574
332 499
333 186

