469 47
0 882
1 1545
2 2630
3 2826
4 2310
5 2240
6 1250
7 1426
8 1648
9 1299
10 1521
11 1619
12 1620
13 972
14 2527
15 1539
16 1900
17 682
18 2402
19 2358
20 2121
21 782
22 182
23 614
24 641
25 2499
26 2062
27 502
28 2144
29 796
30 1638
31 1067
32 1196
33 1518
34 1185
35 127
36 1360
37 2570
38 649
39 2673
40 2526
41 2131
42 1113
43 1293
44 453
45 1726
46 2186
47 601
48 1800
49 1883
50 718
51 2055
52 2295
53 2848
54 98
55 2914
56 593
57 1754
58 398
59 998
60 72
61 1253
62 709
63 91
64 255
65 2174
66 2114
67 2932
68 2241
69 1676
70 2087
71 1554
72 2031
73 495
74 1869
75 2569
76 1535
77 1623
78 2222
79 276
80 1485
81 575
82 302
83 199
84 1312
85 2672
86 1831
87 2896
88 2199
89 1480
90 2208
91 588
92 2179
93 2653
94 2034
95 241
96 2904
97 2558
98 2821
99 1050
100 72
101 1725
102 270
103 86
104 1122
105 1900
106 1148
107 283
108 2050
109 1620
110 314
111 631
112 2567
113 1273
114 2326
115 82
116 474
117 1364
118 1277
119 200
120 953
121 1217
122 2750
123 656
124 777
125 607
126 2834
127 864
128 1412
129 2471
130 1552
131 2193
132 2734
133 1074
134 274
135 918
136 2504
137 2683
138 2928
139 2804
140 2040
141 905
142 901
143 1741
144 2886
145 217
146 104
147 1828
148 295
149 2322
150 1961
151 356
152 735
153 148
154 2863
155 2235
156 748
157 1814
158 1239
159 1635
160 2819
161 1132
162 434
163 708
164 2149
165 481
166 1814
167 2284
168 845
169 2114
170 698
171 2312
172 193
173 633
174 1108
175 2782
176 372
177 6
178 1752
179 1445
180 2178
181 841
182 2584
183 265
184 2668
185 1166
186 1402
187 2472
188 792
189 3000
190 288
191 1763
192 2766
193 694
194 2982
195 2561
196 2813
197 877
198 795
199 1042
200 2912
201 283
202 2874
203 350
204 1447
205 2636
206 1049
207 367
208 1828
209 1173
210 1434
211 2389
212 1914
213 2921
214 630
215 496
216 643
217 2201
218 691
219 236
220 1177
221 2686
222 926
223 2964
224 1139
225 2602
226 2211
227 1592
228 2245
229 2592
230 1691
231 1845
232 1761
233 1758
234 2439
235 2081
236 2705
237 2802
238 274
239 1371
240 720
241 1714
242 1410
243 1267
244 414
245 2804
246 1676
247 1362
248 1005
249 1937
250 1389
251 2977
252 2524
253 2109
254 1414
255 2856
256 1281
257 1153
258 2829
259 88
260 1037
261 52
262 836
263 1899
264 1623
265 1594
266 2061
267 1409
268 562
269 560
270 2395
271 2932
272 2511
273 1282
274 23
275 2999
276 2940
277 2393
278 1154
279 2356
280 1309
281 1719
282 2157
283 1518
284 955
285 997
286 2045
287 2915
288 2767
289 2
290 1934
291 893
292 2565
293 912
294 1699
295 1398
296 1589
297 715
298 49
299 1677
300 1585
301 1566
302 2595
303 2005
304 2542
305 416
306 1087
307 1478
308 2111
309 1760
310 857
311 862
312 2704
313 2526
314 1531
315 2409
316 1251
317 1231
318 2915
319 1047
320 1559
321 1611
322 2589
323 1652
324 1045
325 19
326 1711
327 2011
328 2053
329 431
330 2125
331 201
332 1256
333 811
334 2113
335 1645
336 898
337 1584
338 1162
339 80
340 2941
341 136
342 524
343 2968
344 2338
345 1959
346 1842
347 2107
348 452
349 1501
350 778
351 363
352 2419
353 1641
354 1944
355 956
356 2608
357 816
358 2606
359 1873
360 495
361 1230
362 2295
363 843
364 1796
365 2621
366 1895
367 1852
368 299
369 1881
370 2860
371 1123
372 2072
373 2270
374 1889
375 1616
376 1772
377 1775
378 1832
379 224
380 1166
381 47
382 1379
383 1643
384 264
385 2364
386 1699
387 1130
388 2479
389 1360
390 662
391 491
392 1945
393 147
394 2595
395 656
396 410
397 2954
398 2742
399 1591
400 726
401 1455
402 545
403 2971
404 2401
405 1702
406 526
407 2978
408 1119
409 1404
410 475
411 1597
412 566
413 2025
414 2354
415 694
416 504
417 2962
418 868
419 2871
420 791
421 57
422 1259
423 1980
424 1150
425 1264
426 905
427 927
428 742
429 2530
430 672
431 2040
432 40
433 2844
434 296
435 1314
436 1565
437 1458
438 2775
439 1194
440 2827
441 1053
442 2042
443 1824
444 2294
445 527
446 480
447 2571
448 804
449 1846
450 739
451 1625
452 2521
453 1282
454 1688
455 1792
456 6
457 2146
458 364
459 1562
460 2474
461 679
462 736
463 102
464 419
465 144
466 1151
467 2190
468 1704

