884 91
0 43
1 2458
2 2216
3 2913
4 1331
5 2384
6 624
7 982
8 1871
9 1415
10 625
11 1581
12 979
13 128
14 2201
15 2110
16 1979
17 232
18 2580
19 442
20 1302
21 2872
22 1658
23 1426
24 1859
25 2613
26 1295
27 1091
28 356
29 879
30 790
31 2965
32 1363
33 2334
34 727
35 1988
36 613
37 1447
38 1459
39 144
40 2424
41 735
42 2574
43 2413
44 824
45 1052
46 94
47 1328
48 2067
49 485
50 2933
51 56
52 2883
53 1769
54 2084
55 977
56 127
57 1485
58 2956
59 1744
60 2586
61 212
62 2460
63 1269
64 2235
65 1467
66 1718
67 1513
68 1612
69 622
70 2627
71 769
72 874
73 2253
74 1461
75 1984
76 471
77 2966
78 1471
79 1311
80 2025
81 1833
82 1272
83 1265
84 462
85 1101
86 461
87 2915
88 1076
89 2690
90 240
91 970
92 302
93 1386
94 127
95 1108
96 2480
97 2255
98 2724
99 2468
100 1282
101 1067
102 2922
103 168
104 325
105 2731
106 2732
107 1648
108 1130
109 1205
110 2187
111 916
112 2553
113 2930
114 468
115 1409
116 653
117 399
118 1977
119 1231
120 119
121 1317
122 2241
123 25
124 2984
125 1939
126 2511
127 2022
128 1493
129 1241
130 2076
131 2135
132 420
133 2953
134 1622
135 2602
136 1625
137 2014
138 2627
139 1094
140 852
141 701
142 618
143 2196
144 1830
145 2792
146 1415
147 1660
148 2050
149 1995
150 1926
151 2365
152 1253
153 1611
154 1861
155 831
156 1598
157 1203
158 1207
159 725
160 97
161 2949
162 2886
163 1356
164 190
165 2858
166 837
167 2382
168 237
169 2707
170 713
171 138
172 2104
173 1300
174 2526
175 2731
176 522
177 1791
178 2775
179 806
180 2419
181 3000
182 1236
183 2238
184 1906
185 601
186 2341
187 23
188 341
189 2300
190 2313
191 959
192 2612
193 903
194 931
195 2460
196 1312
197 2544
198 1324
199 2776
200 283
201 2845
202 1663
203 391
204 713
205 783
206 2998
207 224
208 1830
209 1587
210 2105
211 2311
212 2014
213 2901
214 1685
215 2524
216 967
217 1597
218 1564
219 130
220 2792
221 174
222 2837
223 1112
224 2016
225 2623
226 1967
227 2666
228 1601
229 100
230 2423
231 2264
232 1234
233 1031
234 1844
235 2335
236 97
237 1275
238 2962
239 1
240 1717
241 2184
242 2405
243 1317
244 382
245 2388
246 2702
247 1051
248 103
249 1040
250 727
251 497
252 1332
253 1643
254 2395
255 2680
256 416
257 1102
258 1846
259 935
260 300
261 335
262 2109
263 1707
264 236
265 2267
266 789
267 2671
268 2308
269 345
270 622
271 549
272 1583
273 1020
274 1198
275 2513
276 2521
277 517
278 1040
279 1841
280 151
281 217
282 324
283 1889
284 859
285 369
286 992
287 975
288 1951
289 1716
290 2454
291 628
292 2994
293 1902
294 1034
295 1226
296 2067
297 2606
298 1879
299 959
300 1846
301 1873
302 2034
303 2637
304 197
305 6
306 2451
307 1553
308 117
309 346
310 2108
311 1594
312 1792
313 1523
314 2217
315 601
316 2617
317 2872
318 1989
319 1955
320 1396
321 2199
322 1182
323 739
324 2579
325 3
326 1766
327 352
328 2701
329 2227
330 2564
331 2935
332 702
333 1568
334 1831
335 698
336 1608
337 1323
338 421
339 2321
340 2512
341 2180
342 2861
343 246
344 1670
345 239
346 1939
347 83
348 965
349 2320
350 678
351 706
352 847
353 2203
354 1106
355 819
356 767
357 2588
358 1554
359 1042
360 2656
361 2753
362 1991
363 2063
364 2176
365 200
366 2716
367 828
368 840
369 1912
370 1658
371 2162
372 57
373 637
374 1126
375 1659
376 629
377 2670
378 1119
379 127
380 1430
381 1104
382 179
383 1561
384 1345
385 537
386 2399
387 1440
388 602
389 2274
390 1569
391 2174
392 1463
393 931
394 212
395 2707
396 1885
397 1316
398 143
399 1095
400 700
401 837
402 1934
403 1
404 646
405 115
406 2763
407 2698
408 1072
409 2530
410 591
411 2587
412 2285
413 1027
414 2035
415 295
416 253
417 2488
418 1440
419 1987
420 1059
421 2479
422 1067
423 1812
424 533
425 1397
426 689
427 1098
428 358
429 642
430 2331
431 1996
432 2254
433 2691
434 1980
435 1726
436 343
437 2782
438 777
439 2126
440 2257
441 1918
442 612
443 222
444 322
445 174
446 471
447 848
448 313
449 1841
450 166
451 1550
452 254
453 2924
454 665
455 1788
456 1328
457 1425
458 2708
459 2918
460 1787
461 1171
462 1982
463 2215
464 310
465 616
466 1079
467 1148
468 65
469 1317
470 1250
471 1974
472 620
473 1531
474 2328
475 2272
476 1326
477 2854
478 561
479 103
480 1694
481 2507
482 1220
483 2423
484 34
485 105
486 1047
487 2884
488 963
489 1918
490 2939
491 2764
492 1633
493 1161
494 194
495 2164
496 2103
497 715
498 1139
499 1502
500 499
501 359
502 1228
503 754
504 2372
505 2280
506 221
507 1272
508 1530
509 300
510 892
511 1305
512 2879
513 971
514 2884
515 2169
516 809
517 1335
518 772
519 1095
520 11
521 2758
522 649
523 1003
524 26
525 996
526 470
527 7
528 2451
529 1780
530 2782
531 1829
532 934
533 759
534 18
535 1858
536 1917
537 1512
538 1991
539 2234
540 1386
541 1298
542 349
543 1604
544 109
545 802
546 2511
547 2105
548 2578
549 1625
550 372
551 1172
552 1677
553 759
554 65
555 2614
556 2566
557 2823
558 1793
559 2333
560 1127
561 1446
562 583
563 1663
564 2718
565 735
566 2997
567 77
568 1643
569 1403
570 2754
571 2443
572 902
573 2668
574 1806
575 2516
576 2402
577 2012
578 2123
579 242
580 2273
581 2780
582 805
583 417
584 1796
585 2277
586 1571
587 391
588 1703
589 658
590 2304
591 2129
592 2793
593 935
594 2876
595 2335
596 1539
597 1584
598 1585
599 386
600 1266
601 15
602 2607
603 708
604 401
605 313
606 2985
607 228
608 2530
609 1101
610 932
611 124
612 1667
613 1472
614 1924
615 1021
616 68
617 2985
618 2896
619 2720
620 1503
621 2447
622 2101
623 2739
624 1030
625 746
626 913
627 2088
628 401
629 2335
630 119
631 2871
632 2919
633 750
634 727
635 317
636 1762
637 1700
638 2894
639 2494
640 1487
641 469
642 496
643 2230
644 2200
645 870
646 26
647 1453
648 1479
649 1252
650 922
651 663
652 752
653 1353
654 2965
655 1901
656 1218
657 262
658 2603
659 1531
660 428
661 618
662 604
663 1764
664 2417
665 531
666 1616
667 1701
668 1851
669 490
670 737
671 407
672 983
673 1582
674 1990
675 1687
676 353
677 1374
678 910
679 1409
680 2210
681 973
682 2233
683 2242
684 2466
685 2434
686 1076
687 1945
688 571
689 2696
690 851
691 1579
692 1531
693 471
694 1013
695 1960
696 2272
697 630
698 1040
699 1719
700 1532
701 2003
702 2515
703 1996
704 382
705 1842
706 1397
707 1922
708 487
709 216
710 910
711 1327
712 2022
713 1271
714 663
715 478
716 333
717 1467
718 391
719 2853
720 1146
721 471
722 2530
723 2249
724 2823
725 1795
726 1371
727 496
728 435
729 2916
730 760
731 2664
732 2803
733 1384
734 2256
735 463
736 2957
737 2766
738 2804
739 735
740 1816
741 2007
742 1798
743 2914
744 1757
745 275
746 2888
747 2523
748 1950
749 278
750 1800
751 878
752 1263
753 330
754 272
755 2297
756 1978
757 1846
758 2523
759 2014
760 2011
761 1505
762 1807
763 1769
764 2253
765 1726
766 2100
767 857
768 831
769 984
770 1449
771 1297
772 901
773 2917
774 1078
775 2154
776 2373
777 1738
778 2827
779 1458
780 741
781 828
782 233
783 1556
784 86
785 1927
786 648
787 2909
788 2946
789 2867
790 2297
791 2625
792 1729
793 394
794 2518
795 166
796 475
797 174
798 582
799 1429
800 1888
801 697
802 1850
803 1438
804 178
805 2500
806 282
807 382
808 1714
809 1581
810 1528
811 2009
812 347
813 682
814 859
815 1155
816 2908
817 1524
818 1247
819 2989
820 1522
821 268
822 1767
823 1308
824 2634
825 1851
826 147
827 2945
828 759
829 2979
830 1567
831 1886
832 1679
833 2873
834 2934
835 2147
836 435
837 42
838 1379
839 1161
840 1414
841 2846
842 1692
843 710
844 900
845 2222
846 2127
847 2597
848 673
849 470
850 352
851 817
852 30
853 686
854 1008
855 2352
856 718
857 2342
858 827
859 390
860 2904
861 354
862 1297
863 119
864 1398
865 2911
866 574
867 738
868 1097
869 757
870 1087
871 908
872 2381
873 905
874 2701
875 2391
876 366
877 543
878 2543
879 2443
880 305
881 2918
882 2838
883 2746

