918 85
0 130
1 901
2 709
3 2845
4 2054
5 802
6 883
7 2398
8 1291
9 2506
10 1093
11 1352
12 556
13 284
14 383
15 2468
16 2191
17 2621
18 2778
19 333
20 2959
21 1854
22 2596
23 1785
24 20
25 2894
26 853
27 445
28 1654
29 1483
30 13
31 2159
32 128
33 1713
34 1469
35 1799
36 23
37 2292
38 1192
39 2672
40 290
41 2670
42 2099
43 640
44 501
45 1396
46 2351
47 1181
48 838
49 2500
50 986
51 1161
52 2400
53 2545
54 618
55 2380
56 2405
57 301
58 588
59 876
60 1288
61 2371
62 1232
63 485
64 113
65 622
66 2931
67 194
68 1225
69 539
70 254
71 1754
72 943
73 414
74 627
75 1522
76 2970
77 1977
78 3000
79 597
80 2087
81 1129
82 2659
83 1951
84 87
85 1104
86 2209
87 1584
88 2834
89 2371
90 2338
91 724
92 1448
93 809
94 1172
95 95
96 2344
97 1201
98 700
99 2005
100 2312
101 1471
102 2992
103 825
104 238
105 273
106 2579
107 1887
108 378
109 589
110 872
111 1705
112 2000
113 1607
114 1808
115 832
116 57
117 57
118 2660
119 2791
120 2467
121 2319
122 2646
123 782
124 1422
125 1576
126 2425
127 1539
128 1445
129 2670
130 2205
131 2438
132 2291
133 1266
134 746
135 314
136 719
137 39
138 2284
139 2911
140 2072
141 386
142 2335
143 1363
144 1740
145 1730
146 1915
147 2343
148 2303
149 1668
150 1605
151 1651
152 1837
153 2865
154 1649
155 1648
156 1530
157 584
158 2879
159 1807
160 2916
161 2979
162 1856
163 2787
164 2689
165 2477
166 2479
167 2836
168 267
169 1876
170 1243
171 2609
172 1553
173 1826
174 1631
175 1422
176 2930
177 2674
178 757
179 1968
180 1453
181 2084
182 485
183 1466
184 924
185 1271
186 2309
187 2448
188 1767
189 1276
190 473
191 2556
192 438
193 807
194 2292
195 2294
196 1998
197 988
198 752
199 2433
200 1009
201 2762
202 918
203 126
204 1125
205 2350
206 238
207 54
208 2429
209 1104
210 1014
211 644
212 2949
213 1306
214 1655
215 309
216 2827
217 1353
218 1904
219 601
220 2387
221 1264
222 688
223 1788
224 2825
225 2513
226 2802
227 1023
228 835
229 1944
230 1956
231 1219
232 2825
233 2229
234 2218
235 1511
236 180
237 2549
238 2141
239 385
240 2855
241 288
242 2419
243 159
244 2153
245 1022
246 1406
247 1211
248 2382
249 2858
250 1753
251 1354
252 2373
253 2584
254 2113
255 2717
256 2172
257 925
258 417
259 2120
260 2284
261 1290
262 2121
263 1264
264 497
265 1258
266 1913
267 2975
268 459
269 956
270 410
271 1114
272 672
273 2152
274 1393
275 1756
276 2720
277 2546
278 1448
279 2838
280 1734
281 859
282 332
283 1752
284 2003
285 1644
286 2704
287 2169
288 1794
289 1633
290 1632
291 1370
292 810
293 110
294 1188
295 399
296 1611
297 1427
298 909
299 195
300 2895
301 2584
302 574
303 1970
304 2338
305 1103
306 1511
307 1059
308 2505
309 2507
310 1590
311 2883
312 2551
313 415
314 1137
315 333
316 601
317 297
318 1296
319 471
320 1155
321 304
322 2386
323 2592
324 1143
325 2334
326 353
327 572
328 2439
329 2145
330 2505
331 2405
332 681
333 1668
334 2392
335 2576
336 198
337 1774
338 406
339 1914
340 2099
341 1564
342 2024
343 1083
344 1207
345 899
346 1040
347 1233
348 2477
349 785
350 2066
351 970
352 1175
353 1219
354 1856
355 2693
356 308
357 444
358 704
359 2615
360 1404
361 928
362 488
363 354
364 2615
365 994
366 2479
367 2319
368 1147
369 2172
370 16
371 2921
372 1624
373 2624
374 1932
375 33
376 946
377 2085
378 2784
379 530
380 1527
381 2960
382 2825
383 946
384 129
385 1354
386 2682
387 2451
388 1970
389 863
390 903
391 1410
392 1081
393 2082
394 1136
395 1659
396 2633
397 222
398 1958
399 232
400 390
401 1503
402 1710
403 753
404 2020
405 572
406 776
407 2726
408 1130
409 2374
410 2829
411 1560
412 388
413 358
414 2408
415 2122
416 1575
417 2489
418 1602
419 2361
420 2480
421 2890
422 2194
423 1512
424 2418
425 2412
426 402
427 461
428 236
429 2080
430 2032
431 2706
432 1366
433 964
434 1366
435 1379
436 2013
437 510
438 1421
439 2756
440 115
441 2563
442 2252
443 1387
444 285
445 1510
446 2073
447 2560
448 1364
449 2804
450 1827
451 77
452 2910
453 45
454 2880
455 1927
456 2321
457 2580
458 770
459 492
460 1025
461 321
462 54
463 1414
464 1952
465 2097
466 2282
467 2845
468 543
469 2976
470 1319
471 2821
472 2830
473 1219
474 874
475 1900
476 380
477 2198
478 1244
479 2096
480 1011
481 813
482 2779
483 1288
484 1152
485 639
486 938
487 865
488 1354
489 1152
490 2708
491 893
492 2762
493 1663
494 627
495 1524
496 2510
497 375
498 2190
499 99
500 402
501 1424
502 2958
503 1038
504 2139
505 1468
506 2970
507 2839
508 1237
509 2462
510 1645
511 1376
512 2924
513 2422
514 276
515 301
516 303
517 2686
518 2771
519 984
520 2646
521 375
522 903
523 2713
524 329
525 1052
526 1702
527 613
528 735
529 2598
530 2247
531 2551
532 2264
533 1847
534 707
535 1417
536 176
537 2576
538 2699
539 2094
540 1522
541 2351
542 914
543 1806
544 2984
545 1923
546 2367
547 24
548 560
549 259
550 1791
551 989
552 2107
553 2374
554 27
555 1435
556 2978
557 501
558 2956
559 924
560 1792
561 2574
562 2341
563 2747
564 2364
565 233
566 315
567 2450
568 2634
569 2254
570 509
571 335
572 1318
573 1816
574 2652
575 1312
576 827
577 1036
578 848
579 92
580 151
581 779
582 1239
583 2752
584 1666
585 2831
586 1535
587 1574
588 1776
589 2549
590 2752
591 1372
592 290
593 1470
594 1764
595 1766
596 2009
597 359
598 2522
599 878
600 2016
601 2573
602 1829
603 983
604 2274
605 1722
606 1159
607 2728
608 2481
609 1209
610 1983
611 2299
612 2511
613 1434
614 1958
615 720
616 203
617 1494
618 1974
619 1736
620 710
621 2151
622 1913
623 1432
624 1385
625 2387
626 1349
627 774
628 2
629 332
630 877
631 2350
632 828
633 791
634 2311
635 1987
636 345
637 2567
638 313
639 862
640 2141
641 2337
642 2672
643 2239
644 1713
645 2157
646 1928
647 1877
648 1845
649 2321
650 2445
651 40
652 2573
653 2934
654 1716
655 2006
656 770
657 887
658 1105
659 2750
660 991
661 2696
662 2768
663 1475
664 1028
665 2407
666 956
667 590
668 1665
669 2225
670 2676
671 2958
672 1894
673 2608
674 2560
675 1937
676 1204
677 2311
678 1549
679 1892
680 1249
681 2775
682 286
683 196
684 1679
685 632
686 361
687 2409
688 2171
689 6
690 2627
691 1487
692 947
693 2323
694 2737
695 1182
696 1537
697 1790
698 1492
699 2671
700 1672
701 2028
702 1481
703 2251
704 1297
705 1781
706 2276
707 294
708 1086
709 504
710 2414
711 2467
712 2188
713 115
714 1782
715 1153
716 618
717 2309
718 1199
719 2913
720 1234
721 1468
722 2923
723 795
724 1599
725 2183
726 393
727 11
728 297
729 2211
730 241
731 2127
732 2150
733 108
734 2027
735 669
736 102
737 2897
738 1007
739 1906
740 245
741 2439
742 2035
743 417
744 1552
745 330
746 1109
747 2614
748 1267
749 469
750 1897
751 1497
752 28
753 2390
754 1335
755 2429
756 2168
757 1302
758 1978
759 964
760 798
761 442
762 1470
763 944
764 2627
765 2416
766 1654
767 307
768 2159
769 2279
770 1486
771 2028
772 1984
773 1219
774 2862
775 1777
776 2051
777 2550
778 1110
779 2268
780 246
781 2003
782 2707
783 508
784 2354
785 2665
786 354
787 2478
788 2701
789 704
790 2400
791 41
792 2310
793 2105
794 104
795 289
796 2638
797 2136
798 2667
799 1298
800 564
801 2161
802 2401
803 1934
804 2837
805 1997
806 2685
807 1533
808 2631
809 693
810 1275
811 263
812 2205
813 2943
814 2456
815 129
816 1732
817 2036
818 2437
819 2217
820 2647
821 581
822 2329
823 2832
824 2388
825 1223
826 2631
827 368
828 558
829 2394
830 2684
831 2010
832 1334
833 1148
834 2613
835 2206
836 2744
837 2476
838 2762
839 2854
840 1127
841 1795
842 1191
843 1618
844 1397
845 1741
846 795
847 88
848 1490
849 2776
850 1059
851 154
852 451
853 497
854 2502
855 388
856 244
857 1354
858 2363
859 2411
860 1672
861 2077
862 1521
863 73
864 933
865 160
866 1007
867 1289
868 2688
869 437
870 1172
871 2187
872 2995
873 2422
874 1423
875 1293
876 2303
877 2464
878 1175
879 2137
880 2407
881 1323
882 2461
883 1634
884 2655
885 1671
886 1372
887 1286
888 2919
889 1488
890 1287
891 1510
892 2165
893 784
894 1269
895 2337
896 1125
897 931
898 950
899 821
900 699
901 1362
902 10
903 1952
904 2344
905 1817
906 1838
907 633
908 2466
909 469
910 2195
911 285
912 1652
913 2930
914 2348
915 2911
916 2590
917 2219

