185 75
0 587
1 34
2 637
3 2262
4 970
5 2803
6 930
7 1764
8 276
9 1262
10 553
11 758
12 1132
13 843
14 2347
15 1444
16 429
17 1475
18 1345
19 1216
20 258
21 2665
22 2391
23 1958
24 2475
25 1888
26 482
27 49
28 1999
29 2152
30 1903
31 1394
32 572
33 2488
34 2516
35 1065
36 1884
37 11
38 1218
39 1557
40 2980
41 1678
42 399
43 2845
44 2133
45 812
46 2444
47 1492
48 455
49 2928
50 2668
51 926
52 130
53 2919
54 256
55 1381
56 2891
57 716
58 2550
59 986
60 338
61 1476
62 2525
63 446
64 784
65 317
66 1779
67 1150
68 2452
69 2596
70 1026
71 1053
72 174
73 1253
74 2305
75 1054
76 2063
77 1116
78 2535
79 1347
80 2973
81 767
82 1455
83 745
84 1593
85 1228
86 155
87 1574
88 448
89 2369
90 939
91 2550
92 661
93 860
94 2376
95 1463
96 1354
97 1071
98 934
99 1050
100 2349
101 689
102 2341
103 654
104 506
105 958
106 1887
107 2684
108 2444
109 1826
110 1051
111 2447
112 1796
113 1488
114 2502
115 2013
116 2695
117 2523
118 213
119 215
120 2128
121 2685
122 2682
123 55
124 492
125 2022
126 190
127 912
128 1023
129 2196
130 1782
131 428
132 2872
133 1816
134 1470
135 2063
136 1295
137 333
138 1041
139 1450
140 1247
141 2063
142 1360
143 1356
144 454
145 1785
146 1553
147 2474
148 1977
149 1199
150 1223
151 418
152 699
153 1500
154 259
155 309
156 815
157 2935
158 771
159 2148
160 1917
161 1098
162 2765
163 2689
164 680
165 362
166 2713
167 2944
168 2007
169 2270
170 42
171 1433
172 312
173 767
174 1537
175 728
176 2081
177 643
178 2520
179 960
180 2896
181 887
182 656
183 1804
184 2746

