551 72
0 1320
1 22
2 1158
3 888
4 2275
5 2919
6 212
7 1512
8 2416
9 1380
10 262
11 1236
12 1931
13 970
14 1801
15 351
16 106
17 708
18 1796
19 583
20 2536
21 2256
22 1208
23 2630
24 2636
25 2660
26 1218
27 1864
28 629
29 2415
30 190
31 1566
32 2491
33 1746
34 535
35 1157
36 2999
37 1559
38 2235
39 1745
40 186
41 903
42 1114
43 487
44 1363
45 1738
46 2060
47 2595
48 2975
49 2502
50 1569
51 799
52 1906
53 2222
54 579
55 162
56 2591
57 1190
58 972
59 380
60 1059
61 1166
62 2973
63 641
64 2458
65 1528
66 1506
67 2031
68 911
69 2659
70 1586
71 1966
72 2899
73 2465
74 81
75 1189
76 2502
77 2587
78 770
79 136
80 1508
81 2566
82 1685
83 1534
84 2685
85 816
86 2014
87 1723
88 2495
89 1172
90 951
91 410
92 2498
93 1592
94 1243
95 929
96 1182
97 1196
98 1900
99 256
100 1292
101 2802
102 878
103 1415
104 2710
105 886
106 2668
107 96
108 1707
109 975
110 2041
111 1523
112 419
113 2568
114 2262
115 698
116 2284
117 2795
118 1870
119 1949
120 1169
121 576
122 1973
123 522
124 1375
125 569
126 864
127 2350
128 2678
129 1214
130 257
131 1742
132 1839
133 1010
134 701
135 2860
136 2768
137 2022
138 713
139 2889
140 2845
141 868
142 2703
143 1495
144 2473
145 2890
146 1273
147 2341
148 1047
149 712
150 0
151 1066
152 198
153 1897
154 827
155 1355
156 2468
157 954
158 2574
159 456
160 1351
161 913
162 1991
163 33
164 2471
165 1275
166 1755
167 1478
168 1478
169 2553
170 198
171 280
172 1044
173 713
174 1621
175 2391
176 2324
177 146
178 715
179 610
180 402
181 309
182 2479
183 2074
184 2740
185 681
186 2746
187 1354
188 1998
189 401
190 1848
191 832
192 2028
193 2841
194 459
195 1764
196 2055
197 750
198 239
199 2326
200 2394
201 684
202 2487
203 2525
204 2323
205 590
206 1731
207 196
208 542
209 559
210 1620
211 1974
212 2508
213 2757
214 2893
215 2403
216 447
217 1644
218 803
219 316
220 12
221 2237
222 1882
223 1933
224 10
225 274
226 746
227 2859
228 2209
229 1308
230 1713
231 2475
232 2839
233 1583
234 2834
235 1045
236 2089
237 2064
238 497
239 1847
240 2264
241 2607
242 751
243 1143
244 1347
245 2382
246 1539
247 2240
248 1019
249 1616
250 1876
251 289
252 800
253 2055
254 1852
255 2298
256 1267
257 75
258 2017
259 2352
260 728
261 1718
262 1613
263 1186
264 474
265 2793
266 2124
267 854
268 2552
269 911
270 1290
271 2302
272 1836
273 19
274 2720
275 2974
276 2512
277 606
278 497
279 2313
280 835
281 2801
282 2377
283 2782
284 726
285 243
286 1531
287 948
288 2243
289 1733
290 1605
291 2359
292 2122
293 2154
294 378
295 2666
296 2692
297 2324
298 2274
299 1011
300 789
301 2212
302 1257
303 761
304 1950
305 1
306 1254
307 1692
308 1871
309 903
310 2820
311 2388
312 795
313 1018
314 2960
315 2180
316 1675
317 2000
318 1813
319 1340
320 1499
321 645
322 1568
323 735
324 524
325 2299
326 1580
327 1361
328 1934
329 2967
330 719
331 385
332 176
333 2928
334 2435
335 2585
336 1686
337 769
338 292
339 2405
340 1965
341 1665
342 705
343 1125
344 2364
345 758
346 2163
347 1615
348 880
349 2327
350 2799
351 803
352 1558
353 440
354 2423
355 2718
356 22
357 526
358 2957
359 1169
360 2392
361 1274
362 1033
363 382
364 577
365 2072
366 866
367 204
368 1033
369 2530
370 1175
371 2653
372 983
373 273
374 2243
375 2034
376 2634
377 1525
378 564
379 1029
380 768
381 2383
382 2434
383 1863
384 2305
385 2213
386 162
387 2550
388 2385
389 668
390 847
391 589
392 1456
393 591
394 1316
395 2941
396 1181
397 529
398 271
399 2027
400 1358
401 330
402 1448
403 2048
404 76
405 1969
406 2663
407 1309
408 2279
409 1718
410 252
411 463
412 2631
413 858
414 2969
415 1451
416 1778
417 2014
418 1598
419 808
420 2798
421 213
422 779
423 1074
424 2456
425 556
426 1674
427 150
428 162
429 124
430 1354
431 1243
432 1282
433 2222
434 812
435 1536
436 2009
437 1904
438 2998
439 2495
440 2638
441 2658
442 2856
443 793
444 1735
445 435
446 311
447 1478
448 1960
449 707
450 994
451 2365
452 271
453 338
454 2496
455 1666
456 442
457 997
458 1752
459 1648
460 1818
461 1127
462 2010
463 821
464 1714
465 1945
466 438
467 341
468 2748
469 915
470 332
471 273
472 1831
473 850
474 1565
475 654
476 2585
477 2481
478 2028
479 419
480 604
481 695
482 553
483 759
484 977
485 2546
486 2464
487 2407
488 747
489 688
490 1895
491 656
492 333
493 2455
494 803
495 1934
496 33
497 1078
498 1089
499 2188
500 2175
501 2699
502 1577
503 1443
504 1279
505 2093
506 585
507 532
508 96
509 1793
510 2
511 1584
512 1923
513 1967
514 1582
515 2154
516 1737
517 245
518 589
519 1607
520 2245
521 2170
522 1774
523 330
524 1215
525 2784
526 2725
527 1274
528 2471
529 558
530 1644
531 1663
532 2306
533 47
534 2147
535 1275
536 224
537 2866
538 1258
539 2911
540 2326
541 2564
542 2853
543 2878
544 262
545 1346
546 1479
547 768
548 247
549 636
550 2944

