506 0
0 1389
1 1370
2 440
3 0
4 2672
5 300
6 2966
7 2844
8 2186
9 1765
10 2477
11 1388
12 2508
13 668
14 77
15 1117
16 262
17 2679
18 1674
19 2133
20 2884
21 1233
22 1895
23 2013
24 1107
25 1132
26 1840
27 24
28 1606
29 2420
30 2098
31 1904
32 2374
33 2164
34 868
35 2186
36 697
37 2460
38 1054
39 2134
40 2356
41 211
42 1103
43 2305
44 434
45 1958
46 2284
47 813
48 2821
49 1772
50 289
51 1161
52 344
53 2623
54 987
55 464
56 1365
57 2777
58 2883
59 1609
60 160
61 1816
62 1611
63 2976
64 636
65 139
66 2805
67 895
68 2307
69 1375
70 1969
71 1093
72 2024
73 2692
74 2899
75 677
76 2862
77 2016
78 229
79 1284
80 1304
81 2988
82 948
83 2181
84 2323
85 2542
86 893
87 981
88 2750
89 382
90 2524
91 1575
92 2798
93 848
94 2276
95 1953
96 828
97 1014
98 1435
99 269
100 876
101 960
102 2248
103 1928
104 322
105 2514
106 2409
107 314
108 168
109 468
110 844
111 1212
112 2474
113 2287
114 556
115 1666
116 2019
117 1324
118 149
119 1372
120 2420
121 1622
122 2107
123 1383
124 2576
125 2537
126 628
127 1537
128 2297
129 2854
130 2380
131 2798
132 859
133 2827
134 268
135 1225
136 131
137 1646
138 1157
139 1488
140 2633
141 2294
142 1432
143 994
144 1503
145 2636
146 1760
147 804
148 1429
149 2529
150 380
151 1384
152 899
153 1073
154 1417
155 468
156 97
157 1799
158 1967
159 1158
160 2991
161 1527
162 1800
163 1999
164 2233
165 676
166 1741
167 432
168 2782
169 1878
170 330
171 1623
172 967
173 96
174 517
175 1714
176 932
177 2368
178 30
179 290
180 2312
181 672
182 2478
183 301
184 94
185 1460
186 2827
187 2337
188 427
189 2118
190 716
191 479
192 460
193 787
194 382
195 2682
196 2275
197 1896
198 2643
199 1640
200 2612
201 564
202 65
203 659
204 2388
205 1734
206 2141
207 934
208 329
209 1214
210 859
211 1490
212 1684
213 2347
214 696
215 795
216 2030
217 1744
218 1345
219 2785
220 555
221 2715
222 197
223 1464
224 786
225 2451
226 916
227 2608
228 1114
229 633
230 1173
231 395
232 362
233 1401
234 1332
235 148
236 896
237 1842
238 1970
239 1328
240 829
241 971
242 1449
243 1498
244 840
245 707
246 180
247 123
248 451
249 1208
250 267
251 2946
252 1674
253 340
254 1700
255 1958
256 2974
257 2296
258 2858
259 987
260 639
261 1177
262 1051
263 1669
264 760
265 655
266 2325
267 2017
268 1011
269 2182
270 1216
271 2881
272 1255
273 178
274 749
275 2779
276 2804
277 2707
278 1164
279 1929
280 2161
281 697
282 1637
283 171
284 299
285 504
286 895
287 1758
288 2638
289 1959
290 2093
291 445
292 2714
293 1590
294 2793
295 574
296 1379
297 460
298 1190
299 1743
300 2556
301 2269
302 1898
303 2984
304 1153
305 1792
306 2711
307 2514
308 1257
309 1429
310 2949
311 2352
312 728
313 564
314 2468
315 1889
316 591
317 2607
318 173
319 83
320 2493
321 1455
322 1738
323 1654
324 8
325 940
326 2146
327 467
328 2267
329 1991
330 908
331 2158
332 960
333 1387
334 2303
335 2998
336 912
337 1679
338 1975
339 2418
340 1332
341 579
342 8
343 601
344 1307
345 1682
346 19
347 756
348 381
349 2135
350 2646
351 1261
352 990
353 2725
354 676
355 2764
356 2045
357 96
358 2744
359 2660
360 746
361 651
362 1836
363 2173
364 2019
365 595
366 304
367 1948
368 650
369 1305
370 2071
371 2703
372 1368
373 2660
374 353
375 2093
376 452
377 1572
378 706
379 1733
380 505
381 1019
382 2406
383 435
384 2915
385 1408
386 801
387 2819
388 2548
389 829
390 2424
391 1550
392 2082
393 2551
394 268
395 513
396 1772
397 583
398 1330
399 915
400 1825
401 2151
402 2009
403 64
404 910
405 938
406 1848
407 541
408 2459
409 1865
410 429
411 1878
412 2118
413 2036
414 248
415 2500
416 1387
417 526
418 1856
419 53
420 1910
421 836
422 2156
423 2598
424 534
425 2372
426 1731
427 2746
428 1788
429 645
430 788
431 716
432 122
433 2525
434 2038
435 539
436 2139
437 1248
438 1776
439 512
440 2003
441 1941
442 935
443 1965
444 1558
445 231
446 2740
447 2266
448 1949
449 2393
450 2870
451 2707
452 1031
453 1793
454 1120
455 2859
456 2914
457 42
458 565
459 2933
460 893
461 2624
462 199
463 1893
464 1951
465 1885
466 1667
467 553
468 2844
469 2139
470 2609
471 165
472 2599
473 249
474 1365
475 2332
476 2322
477 1240
478 2743
479 2578
480 564
481 1974
482 2608
483 524
484 1549
485 2793
486 2016
487 609
488 1688
489 2526
490 2101
491 1615
492 1490
493 17
494 2690
495 1973
496 1014
497 1615
498 1249
499 1845
500 2389
501 991
502 34
503 1309
504 1313
505 2928

