218 70
0 2170
1 212
2 510
3 2083
4 1214
5 2206
6 214
7 1984
8 1779
9 2260
10 87
11 1131
12 269
13 1583
14 1032
15 1441
16 2150
17 1609
18 761
19 726
20 124
21 1693
22 2958
23 1200
24 1847
25 1737
26 935
27 2721
28 2120
29 1967
30 2803
31 2522
32 2644
33 1515
34 2412
35 641
36 2974
37 2940
38 2424
39 2922
40 2258
41 2717
42 50
43 2290
44 925
45 591
46 1047
47 195
48 729
49 2116
50 830
51 2035
52 1706
53 1671
54 2458
55 1059
56 597
57 1401
58 572
59 214
60 1746
61 593
62 186
63 1409
64 1515
65 2661
66 2956
67 80
68 1432
69 2973
70 782
71 1466
72 233
73 161
74 2974
75 2075
76 2092
77 1585
78 2460
79 1026
80 2843
81 1368
82 1510
83 2675
84 1306
85 3
86 2978
87 344
88 2800
89 1779
90 2778
91 2302
92 2979
93 1720
94 165
95 1614
96 917
97 147
98 1169
99 1591
100 925
101 1137
102 1107
103 1195
104 2456
105 46
106 2435
107 558
108 460
109 2963
110 620
111 1098
112 2562
113 2143
114 2950
115 1330
116 1803
117 2491
118 1747
119 2997
120 2125
121 1891
122 1466
123 1773
124 871
125 1893
126 1251
127 2078
128 2178
129 614
130 443
131 1308
132 735
133 781
134 2860
135 2810
136 762
137 685
138 1160
139 1466
140 183
141 583
142 352
143 2321
144 1087
145 1733
146 2099
147 1548
148 841
149 1954
150 2037
151 1872
152 2449
153 1016
154 241
155 700
156 1235
157 789
158 417
159 1634
160 1705
161 129
162 1413
163 1581
164 2813
165 1245
166 1642
167 881
168 2071
169 493
170 489
171 1607
172 1533
173 1683
174 976
175 2576
176 2517
177 617
178 2033
179 722
180 165
181 186
182 1992
183 2500
184 2967
185 1629
186 2140
187 104
188 2179
189 2054
190 1504
191 24
192 253
193 310
194 2023
195 536
196 1412
197 1002
198 2432
199 2318
200 624
201 1158
202 2133
203 1577
204 9
205 2368
206 2828
207 1115
208 1878
209 1744
210 2279
211 757
212 2087
213 2043
214 1657
215 2590
216 1092
217 2232

