835 2
0 1655
1 42
2 557
3 2941
4 131
5 700
6 1534
7 401
8 2632
9 1526
10 355
11 448
12 1203
13 2828
14 2074
15 337
16 76
17 2621
18 1080
19 29
20 1355
21 1428
22 1877
23 2027
24 1431
25 98
26 1525
27 1655
28 718
29 149
30 575
31 671
32 1226
33 2923
34 1240
35 1559
36 1867
37 174
38 934
39 2555
40 1331
41 2086
42 2402
43 1525
44 2235
45 952
46 1499
47 1492
48 1613
49 723
50 1273
51 2625
52 2779
53 2619
54 1025
55 1425
56 2114
57 2290
58 2039
59 2498
60 1100
61 1089
62 2712
63 366
64 2582
65 2566
66 1693
67 1320
68 1650
69 1991
70 694
71 680
72 927
73 1262
74 2401
75 1925
76 39
77 525
78 218
79 3
80 1915
81 729
82 1021
83 2564
84 581
85 2601
86 1592
87 446
88 1074
89 1213
90 1963
91 31
92 2433
93 957
94 997
95 2336
96 1191
97 1643
98 1884
99 893
100 1900
101 1888
102 1803
103 865
104 1989
105 1237
106 2874
107 733
108 2443
109 1634
110 524
111 1839
112 2849
113 2890
114 2959
115 2497
116 1045
117 351
118 1119
119 1311
120 2097
121 988
122 1987
123 696
124 2883
125 2125
126 1356
127 2976
128 2070
129 863
130 2216
131 2951
132 289
133 1403
134 451
135 177
136 254
137 2802
138 1143
139 694
140 590
141 1803
142 2631
143 2653
144 1594
145 2400
146 377
147 2712
148 372
149 72
150 139
151 2755
152 1863
153 2718
154 1586
155 2457
156 872
157 1116
158 604
159 1765
160 234
161 524
162 1330
163 2579
164 1978
165 1833
166 2626
167 1105
168 472
169 1938
170 1408
171 2535
172 1417
173 2837
174 2506
175 2853
176 2296
177 818
178 3
179 661
180 703
181 686
182 90
183 87
184 1373
185 2634
186 968
187 1366
188 1050
189 2483
190 836
191 842
192 644
193 2237
194 1477
195 1359
196 2273
197 2137
198 720
199 1156
200 2676
201 1584
202 1491
203 2737
204 696
205 2226
206 629
207 524
208 2551
209 1294
210 2363
211 1283
212 761
213 795
214 1970
215 2120
216 2023
217 1159
218 1757
219 1041
220 2127
221 400
222 1290
223 2357
224 2227
225 1390
226 1789
227 2515
228 2865
229 2542
230 310
231 342
232 834
233 710
234 2480
235 2143
236 2982
237 309
238 1268
239 1795
240 1994
241 1141
242 634
243 1155
244 1
245 732
246 351
247 2711
248 1234
249 1323
250 1682
251 1682
252 1772
253 747
254 2990
255 1074
256 2986
257 1845
258 1286
259 644
260 902
261 1753
262 370
263 1291
264 151
265 2339
266 578
267 1109
268 1373
269 1611
270 2648
271 980
272 770
273 2281
274 1182
275 2364
276 940
277 2568
278 1265
279 1657
280 901
281 113
282 1848
283 1470
284 468
285 74
286 187
287 2214
288 381
289 525
290 1277
291 917
292 2669
293 1452
294 2226
295 2558
296 892
297 18
298 2874
299 2697
300 665
301 1017
302 535
303 995
304 1145
305 963
306 1511
307 2225
308 137
309 1501
310 225
311 1971
312 100
313 1376
314 2645
315 1516
316 1441
317 501
318 1407
319 2075
320 68
321 1486
322 2384
323 1078
324 2701
325 1072
326 1669
327 2035
328 1957
329 430
330 2890
331 2039
332 1095
333 2221
334 1550
335 2217
336 2199
337 1505
338 579
339 1176
340 1728
341 2811
342 151
343 2025
344 1496
345 510
346 1296
347 976
348 1455
349 1309
350 2303
351 156
352 898
353 1219
354 1700
355 733
356 2411
357 2913
358 1729
359 2175
360 2050
361 1743
362 1769
363 840
364 2011
365 2986
366 2749
367 15
368 344
369 1820
370 2840
371 1469
372 2612
373 585
374 828
375 1519
376 2462
377 650
378 1143
379 2932
380 2007
381 2247
382 2212
383 1191
384 1500
385 1975
386 95
387 866
388 975
389 621
390 972
391 2986
392 397
393 2028
394 1848
395 2216
396 2192
397 818
398 1712
399 1787
400 738
401 2432
402 2403
403 2385
404 89
405 896
406 2656
407 823
408 2401
409 110
410 1850
411 1810
412 2123
413 982
414 1612
415 2009
416 262
417 1861
418 2948
419 1742
420 2134
421 566
422 685
423 612
424 633
425 2641
426 95
427 2809
428 830
429 2427
430 332
431 1904
432 995
433 65
434 1768
435 446
436 1893
437 880
438 151
439 1554
440 748
441 856
442 2441
443 27
444 173
445 2116
446 2246
447 2102
448 303
449 2652
450 907
451 2950
452 1831
453 1569
454 305
455 1158
456 2870
457 153
458 1180
459 1558
460 2360
461 1517
462 644
463 920
464 1515
465 2427
466 475
467 487
468 2830
469 956
470 451
471 2926
472 371
473 1871
474 2611
475 1606
476 589
477 556
478 1940
479 191
480 2425
481 1798
482 1737
483 2937
484 2112
485 1549
486 2217
487 1282
488 856
489 501
490 2352
491 707
492 313
493 803
494 2314
495 869
496 2432
497 2245
498 1676
499 3
500 1452
501 2840
502 2072
503 2367
504 168
505 1922
506 2840
507 1345
508 1750
509 2327
510 2735
511 720
512 2902
513 197
514 546
515 952
516 1272
517 543
518 1932
519 2028
520 2937
521 1469
522 2520
523 753
524 1626
525 944
526 2331
527 2601
528 2938
529 156
530 2221
531 1687
532 521
533 2432
534 1484
535 797
536 1434
537 114
538 740
539 2860
540 93
541 577
542 1109
543 24
544 1597
545 2185
546 878
547 283
548 2520
549 1197
550 2993
551 2024
552 1894
553 550
554 2307
555 1639
556 1419
557 1613
558 2521
559 1464
560 1034
561 2542
562 668
563 2921
564 2785
565 1746
566 1262
567 1439
568 516
569 1507
570 1742
571 917
572 477
573 1642
574 1799
575 1425
576 1457
577 235
578 739
579 2945
580 1436
581 2421
582 720
583 51
584 1509
585 2276
586 2283
587 132
588 1168
589 1415
590 345
591 854
592 2770
593 1222
594 1202
595 434
596 448
597 54
598 554
599 2695
600 646
601 2367
602 1365
603 1937
604 1202
605 967
606 693
607 606
608 1631
609 1250
610 2811
611 1240
612 201
613 668
614 454
615 2988
616 2870
617 2473
618 2838
619 253
620 590
621 266
622 597
623 780
624 724
625 2676
626 2084
627 311
628 1968
629 2759
630 1700
631 2991
632 2614
633 374
634 403
635 2903
636 1345
637 805
638 641
639 2924
640 1796
641 783
642 2005
643 1858
644 2809
645 2829
646 195
647 2258
648 2247
649 1084
650 2457
651 646
652 18
653 2999
654 1153
655 337
656 2039
657 1469
658 629
659 391
660 278
661 274
662 168
663 1441
664 2048
665 185
666 2735
667 1779
668 1168
669 2146
670 2484
671 2068
672 2755
673 1897
674 616
675 1153
676 798
677 2299
678 2090
679 1360
680 1307
681 185
682 1480
683 156
684 249
685 1442
686 731
687 2068
688 2767
689 319
690 2213
691 2883
692 1503
693 1998
694 2707
695 2045
696 2776
697 1227
698 1023
699 2022
700 22
701 716
702 445
703 1535
704 1826
705 2227
706 1689
707 1959
708 631
709 2607
710 1943
711 886
712 770
713 2718
714 2111
715 2078
716 25
717 2490
718 1127
719 1956
720 2992
721 432
722 502
723 979
724 1131
725 2529
726 2134
727 1663
728 2676
729 1946
730 683
731 645
732 839
733 759
734 2059
735 2496
736 1152
737 2032
738 309
739 2022
740 1970
741 916
742 435
743 858
744 131
745 1
746 2769
747 1150
748 1365
749 1846
750 1135
751 2512
752 1392
753 1259
754 878
755 475
756 2693
757 2204
758 1295
759 2421
760 2858
761 645
762 2069
763 790
764 196
765 1676
766 1480
767 492
768 2370
769 2023
770 118
771 2083
772 1089
773 1947
774 2911
775 1407
776 123
777 2565
778 2419
779 1363
780 1139
781 1301
782 388
783 2455
784 2988
785 684
786 2421
787 941
788 1540
789 1519
790 158
791 2097
792 294
793 2224
794 1983
795 1410
796 2171
797 2175
798 1379
799 1623
800 2951
801 663
802 1054
803 1405
804 1743
805 694
806 159
807 2703
808 2998
809 1220
810 811
811 2892
812 2035
813 2904
814 436
815 1641
816 2913
817 1047
818 113
819 2322
820 1790
821 614
822 143
823 81
824 2956
825 1815
826 1319
827 585
828 1603
829 771
830 1288
831 1867
832 56
833 2950
834 1598

