658 58
0 2382
1 127
2 199
3 523
4 1428
5 2590
6 1163
7 1599
8 173
9 1495
10 112
11 2273
12 585
13 477
14 512
15 2983
16 177
17 1715
18 2570
19 2260
20 1262
21 2500
22 2495
23 825
24 1661
25 1051
26 955
27 1832
28 2399
29 2915
30 1406
31 184
32 15
33 1202
34 2677
35 1941
36 1612
37 1699
38 1787
39 992
40 2689
41 30
42 2756
43 1088
44 2095
45 1485
46 2389
47 2420
48 1346
49 1608
50 728
51 1578
52 2675
53 666
54 1925
55 324
56 1840
57 1590
58 1958
59 2751
60 988
61 1095
62 2381
63 2980
64 1508
65 2089
66 1053
67 1465
68 324
69 907
70 284
71 1039
72 99
73 1867
74 1145
75 281
76 2466
77 617
78 944
79 80
80 307
81 2420
82 2185
83 2434
84 1723
85 1411
86 1041
87 989
88 1444
89 1909
90 2771
91 2886
92 652
93 1816
94 2559
95 2599
96 1998
97 734
98 2370
99 249
100 501
101 957
102 1078
103 1234
104 1185
105 1484
106 1156
107 2087
108 1981
109 1088
110 1744
111 2073
112 488
113 2193
114 665
115 2803
116 1178
117 489
118 536
119 4
120 2752
121 1070
122 1650
123 2843
124 1180
125 2751
126 1349
127 99
128 2545
129 2730
130 2951
131 150
132 1120
133 1249
134 1955
135 1069
136 704
137 2581
138 2451
139 1953
140 1918
141 385
142 163
143 2908
144 1187
145 2813
146 591
147 1942
148 2503
149 2075
150 1533
151 1443
152 79
153 2407
154 2719
155 1419
156 353
157 2110
158 2062
159 963
160 2300
161 2595
162 941
163 471
164 922
165 1554
166 349
167 801
168 2481
169 2842
170 274
171 2480
172 1017
173 1644
174 1474
175 2000
176 1361
177 2305
178 338
179 582
180 1895
181 1957
182 483
183 823
184 1712
185 2857
186 1894
187 895
188 1614
189 1659
190 1597
191 984
192 272
193 2565
194 2673
195 233
196 357
197 1232
198 1358
199 1503
200 1023
201 2030
202 20
203 2779
204 1754
205 2143
206 2607
207 1231
208 1442
209 648
210 2792
211 699
212 2980
213 2387
214 73
215 506
216 797
217 1879
218 1784
219 2037
220 2176
221 87
222 2921
223 2504
224 131
225 2335
226 717
227 40
228 2335
229 1112
230 1414
231 1326
232 1229
233 2700
234 112
235 636
236 2351
237 2731
238 1061
239 2476
240 1829
241 1881
242 1718
243 1536
244 1791
245 1393
246 2834
247 2851
248 2127
249 264
250 1355
251 1513
252 1743
253 470
254 1761
255 1866
256 2878
257 2535
258 1207
259 1547
260 2071
261 451
262 1477
263 801
264 2742
265 2864
266 1745
267 783
268 2939
269 1200
270 1777
271 1850
272 1199
273 1826
274 2390
275 2482
276 1792
277 2537
278 2839
279 1337
280 2591
281 2747
282 1458
283 1575
284 1065
285 1940
286 2796
287 2741
288 260
289 1326
290 1728
291 903
292 481
293 2046
294 1115
295 1564
296 1859
297 905
298 2049
299 2908
300 901
301 1162
302 658
303 1192
304 2822
305 300
306 2272
307 40
308 1654
309 887
310 2444
311 2672
312 1426
313 1690
314 1570
315 1396
316 2167
317 656
318 2009
319 303
320 1918
321 1993
322 841
323 1580
324 773
325 2014
326 2781
327 873
328 2471
329 2463
330 1121
331 390
332 1308
333 1144
334 1865
335 996
336 56
337 1997
338 1223
339 159
340 2131
341 163
342 1158
343 1032
344 190
345 1922
346 2949
347 8
348 1480
349 174
350 1338
351 456
352 1594
353 1578
354 2736
355 444
356 797
357 818
358 1050
359 548
360 2015
361 539
362 2310
363 2709
364 802
365 762
366 1303
367 1447
368 1841
369 404
370 381
371 1615
372 2879
373 2322
374 1279
375 2898
376 1650
377 1941
378 14
379 154
380 1649
381 2239
382 2512
383 1502
384 1996
385 771
386 2441
387 476
388 1106
389 814
390 65
391 875
392 237
393 231
394 2305
395 1582
396 258
397 776
398 2781
399 1267
400 2412
401 2973
402 747
403 512
404 1377
405 2025
406 879
407 2109
408 2283
409 1788
410 435
411 1071
412 2360
413 1625
414 16
415 1201
416 1830
417 69
418 1120
419 1024
420 1586
421 3000
422 2018
423 2952
424 814
425 481
426 411
427 1288
428 1362
429 1687
430 2257
431 2788
432 144
433 2099
434 1306
435 2656
436 1023
437 1907
438 2487
439 2180
440 178
441 2860
442 1171
443 2301
444 2194
445 1953
446 1503
447 1527
448 1025
449 56
450 1644
451 414
452 2352
453 1154
454 442
455 1628
456 796
457 2449
458 1127
459 1229
460 1028
461 2375
462 756
463 1215
464 2434
465 1268
466 2465
467 2216
468 164
469 367
470 2957
471 1159
472 2959
473 1274
474 2693
475 1698
476 1990
477 2882
478 2163
479 128
480 1750
481 711
482 421
483 1214
484 799
485 1070
486 488
487 804
488 2450
489 1110
490 2347
491 1
492 2609
493 889
494 148
495 1449
496 2291
497 578
498 2361
499 288
500 188
501 2790
502 191
503 291
504 2746
505 1505
506 901
507 2537
508 2046
509 2331
510 338
511 1899
512 2055
513 2430
514 2313
515 639
516 811
517 1811
518 721
519 1874
520 1817
521 2976
522 1088
523 2835
524 153
525 2818
526 2025
527 1562
528 438
529 106
530 1038
531 2992
532 2086
533 1915
534 2725
535 2636
536 2593
537 968
538 14
539 2741
540 853
541 556
542 2489
543 1850
544 1920
545 2484
546 2673
547 2824
548 2278
549 2095
550 1254
551 1686
552 2726
553 2075
554 684
555 1882
556 61
557 2549
558 354
559 1603
560 2243
561 874
562 106
563 2239
564 731
565 1439
566 366
567 2177
568 2965
569 1493
570 1131
571 2380
572 2052
573 2702
574 1775
575 2268
576 2740
577 955
578 1779
579 2762
580 2821
581 364
582 1944
583 132
584 1247
585 1005
586 1898
587 1281
588 1253
589 2829
590 1065
591 1809
592 866
593 2902
594 2937
595 2487
596 20
597 1133
598 1111
599 1338
600 443
601 2086
602 2886
603 1064
604 2964
605 1333
606 1379
607 579
608 693
609 1433
610 2362
611 2488
612 2514
613 1553
614 646
615 2120
616 2713
617 205
618 853
619 2931
620 2615
621 1873
622 1646
623 2131
624 1027
625 2771
626 965
627 156
628 2816
629 2848
630 1295
631 1670
632 2428
633 835
634 573
635 274
636 2413
637 606
638 2278
639 301
640 1153
641 477
642 2010
643 798
644 44
645 1378
646 1560
647 2064
648 2916
649 2755
650 1699
651 949
652 2524
653 578
654 724
655 2826
656 1076
657 2704

